172 154 116 63 98 55 118 0 150 167 141 174 84 151 5 132 93 10 147 115 175 12 66 128 134 82 178 62 100 1 156 18 47 107 26 54 24 97 71 169 188 160 168 6 126 185 42 112 153 127 130 170 53 95 148 161 13 165 187 192 4 91 135 57 119 59 45 15 29 179 89 77 31 122 23 142 61 90 46 99 48 11 176 166 125 190 43 37 3 25 114 131 58 110 133 27 68 173 28 38
193 5 36 156 22 182 8 99 73 39 162 9 121 20 58 11 71 46 152 179 81 38 15 194 52 54 10 123 21 113 98 68 65 85 40 184 129 163 70 127 96 26 166 97 183 178 3 77 120 105 23 142 87 158 14 35 37 108 134 185 154 146 188 32 82 109 25 132 175 104 114 169 75 177 63 186 64 92 102 28 17 0 112 135 27 171 33 42 50 100 110 147 93 145 101 94 72 31 66 153
66 151 180 101 35 93 123 188 72 171 45 117 192 31 176 54 5 37 46 85 177 167 160 108 132 84 73 136 38 144 152 26 11 68 153 148 134 17 169 114 149 150 100 60 116 107 71 34 109 9 47 2 113 158 133 102 69 65 7 186 142 165 42 157 125 99 115 6 53 141 90 138 147 18 92 172 23 105 83 19 166 86 70 8 128 74 191 164 33 121 159 97 52 30 131 181 82 0 49 173
109 152 116 21 22 190 9 23 134 17 126 141 12 120 33 96 102 62 153 87 42 185 29 110 138 85 157 3 44 75 50 112 55 159 147 170 161 124 70 36 169 20 164 63 155 108 35 119 168 84 30 92 174 144 71 45 163 39 19 57 188 74 101 136 48 53 11 88 156 0 79 2 123 107 93 65 139 135 132 4 15 167 13 67 77 91 54 25 59 41 165 82 86 131 191 154 103 97 34 14
66 100 129 90 157 135 86 99 37 191 40 95 149 188 184 152 45 101 181 178 84 34 136 79 21 141 115 170 174 36 42 180 28 19 25 46 102 146 134 48 144 172 156 14 105 127 185 68 161 74 162 140 58 97 69 108 81 112 4 41 61 111 160 67 44 116 142 20 177 30 75 104 82 132 118 78 62 159 10 158 64 18 60 9 80 38 182 120 13 57 92 51 89 91 52 167 168 145 12 73
64 192 67 54 74 77 174 22 14 60 167 73 71 173 122 50 90 55 123 194 163 186 11 100 106 17 78 152 72 84 95 176 183 150 143 148 170 126 172 59 165 177 114 44 79 38 94 85 108 166 120 36 160 45 104 119 185 113 5 23 70 188 57 144 34 32 81 112 105 4 87 156 10 75 88 30 110 40 125 124 180 103 130 37 8 52 96 20 117 39 182 155 80 18 135 21 193 131 178 107
110 82 11 174 36 162 18 112 143 131 175 122 184 188 148 5 133 123 137 167 183 99 134 173 115 159 4 46 107 58 27 1 78 101 172 83 190 144 93 103 32 129 171 38 37 16 140 81 6 35 106 61 69 185 8 73 65 23 21 154 87 119 128 169 39 152 66 117 163 75 195 186 56 15 22 142 55 189 170 104 84 108 60 179 24 130 145 51 20 48 25 141 168 91 138 44 26 95 45 3
143 29 127 180 56 144 35 76 170 131 55 118 48 173 82 142 84 26 37 160 190 151 99 189 86 5 92 80 24 174 130 157 193 162 8 150 145 134 114 175 40 28 9 2 107 71 46 16 120 183 136 87 81 111 62 184 168 61 166 13 70 141 140 105 73 104 135 153 85 41 121 194 20 54 88 4 159 31 102 98 64 10 57 172 3 117 6 171 129 192 15 119 74 186 191 50 12 125 33 27
145 189 152 174 137 17 180 24 16 70 102 26 98 44 126 173 66 129 0 33 112 104 84 63 7 18 100 178 27 30 116 95 154 115 76 142 57 163 3 164 22 117 31 4 179 48 150 78 81 60 28 45 187 75 156 29 109 82 87 158 5 183 139 73 170 160 182 181 108 188 35 110 153 148 36 15 101 106 120 2 21 141 175 51 42 147 168 39 151 184 23 193 194 124 128 52 59 136 132 161
43 45 16 104 14 77 171 13 82 48 142 188 194 162 158 184 135 62 55 189 186 21 41 46 75 15 76 39 7 114 31 59 64 115 80 63 88 140 110 182 38 37 102 93 193 53 183 78 18 178 144 20 100 50 5 145 9 153 22 4 113 25 172 151 120 27 168 6 35 156 24 51 154 126 96 159 106 87 166 57 98 155 185 103 117 169 116 149 190 157 122 177 170 191 127 65 108 81 61 133
163 187 143 116 15 91 40 101 115 45 71 18 102 59 51 124 27 9 57 104 169 153 126 38 62 60 61 86 168 3 95 125 32 133 112 134 100 166 70 92 5 76 151 137 8 36 37 129 93 67 190 99 142 65 184 155 13 79 175 107 128 150 114 97 30 172 96 185 118 173 63 122 81 69 109 119 68 192 10 94 39 17 171 50 131 146 52 84 105 130 186 21 194 28 147 189 156 49 77 14
167 73 67 174 107 3 92 39 18 140 164 172 40 89 50 171 156 187 157 47 120 185 99 20 8 10 163 87 81 17 21 104 83 151 32 74 128 123 28 94 149 153 136 15 192 13 85 115 93 133 68 180 11 132 38 26 112 79 25 160 56 76 78 44 105 1 162 96 188 42 127 77 101 111 146 45 33 137 175 134 71 6 110 58 30 129 27 178 117 173 169 70 109 98 37 23 97 138 181 170
110 169 184 76 177 18 178 53 45 57 137 4 77 185 143 126 58 179 38 6 68 5 17 186 0 158 150 30 27 183 135 156 91 114 107 160 164 103 113 108 187 69 85 82 14 48 80 123 180 34 23 131 173 22 74 2 36 194 167 25 71 124 56 141 61 109 152 89 174 95 188 37 147 142 138 10 119 125 52 165 99 72 67 153 64 171 145 90 66 191 193 70 46 41 100 50 144 101 122 83
142 149 67 140 81 130 161 124 59 69 178 172 98 112 22 87 38 102 173 148 166 147 129 107 64 153 168 144 101 95 50 66 1 41 157 175 65 3 57 154 106 7 16 51 143 97 4 94 83 118 19 8 126 21 127 159 60 151 131 185 117 115 104 23 46 113 169 90 187 188 170 86 37 96 103 152 12 100 26 77 11 52 85 58 139 0 63 56 177 78 162 121 2 179 181 189 84 30 145 27
65 184 77 57 125 167 122 70 17 118 96 148 103 28 64 134 79 108 170 161 51 35 1 87 149 114 181 2 10 27 140 190 84 112 178 29 150 33 34 176 142 124 132 13 88 99 135 113 48 165 143 115 158 194 19 189 164 166 83 78 157 4 137 111 93 71 98 117 20 55 26 11 188 47 73 80 91 58 82 40 52 69 85 129 104 50 192 56 6 72 36 168 163 86 95 53 186 66 31 138
5 182 160 187 159 62 14 179 128 64 26 151 143 49 50 110 9 164 90 98 19 132 28 138 61 36 27 76 57 139 188 157 172 155 91 109 147 42 92 23 84 141 75 121 168 156 118 166 48 153 18 15 10 68 125 171 190 71 111 150 58 152 193 1 149 69 192 53 183 137 2 22 79 189 63 131 185 154 77 60 114 170 41 145 184 31 82 124 130 119 99 142 81 17 33 6 174 107 65 129
185 64 71 155 100 38 14 107 45 72 22 183 144 125 48 80 181 26 110 53 91 21 126 76 138 85 28 167 178 154 87 195 77 90 41 32 83 66 130 101 60 59 73 170 78 63 8 44 168 162 189 182 188 99 124 9 158 190 98 108 159 46 136 164 148 118 97 120 0 132 166 184 142 135 174 129 56 94 160 52 47 157 19 40 156 93 7 89 194 114 123 186 95 141 2 39 33 152 111 119
128 191 69 89 53 84 52 70 138 173 172 38 75 122 4 58 110 132 181 10 57 20 105 152 22 32 42 87 175 5 118 188 121 71 142 108 0 83 163 43 189 146 30 91 169 195 55 187 111 11 56 54 36 151 148 50 80 192 67 158 86 17 92 79 37 117 59 94 127 46 153 51 186 9 18 63 106 73 95 99 184 7 35 14 139 64 170 119 97 123 160 143 47 2 3 182 165 49 109 107
154 85 166 7 26 40 150 90 108 146 31 103 89 190 99 86 175 185 6 25 156 73 95 101 50 59 13 62 145 169 179 36 136 19 42 92 187 114 133 102 126 81 27 83 151 113 75 153 61 129 160 66 69 24 132 91 109 5 88 159 115 116 123 193 96 117 134 12 191 157 183 118 57 181 142 35 17 37 8 63 29 139 64 39 137 147 161 93 119 158 163 188 65 46 87 176 140 32 70 54
180 82 90 76 98 47 81 158 122 36 193 175 20 34 78 12 120 140 129 30 17 60 74 88 24 155 2 156 135 132 137 103 173 152 37 1 92 142 177 176 48 107 21 112 113 102 157 91 65 33 119 6 19 146 97 123 188 83 167 160 15 114 58 186 25 41 86 124 57 9 40 189 70 18 4 87 111 59 5 22 38 131 166 46 85 162 31 118 115 16 35 110 56 75 143 3 28 84 0 153
12 189 87 35 55 103 73 132 192 52 74 174 50 140 117 37 191 8 45 159 79 46 5 77 116 25 69 160 111 54 119 41 121 4 190 143 6 34 7 162 153 112 177 62 151 97 115 186 68 188 169 92 42 53 128 31 129 24 156 133 9 58 194 15 182 40 148 183 81 152 83 38 127 60 170 167 89 0 131 172 2 180 163 101 134 107 26 139 82 56 184 123 65 158 43 85 59 149 29 157
160 140 46 120 106 116 11 138 93 92 48 12 97 56 79 10 89 53 43 167 71 134 110 30 70 5 121 192 137 169 193 123 34 22 2 182 104 154 66 63 125 190 7 19 143 158 130 170 67 187 136 178 18 74 24 4 77 57 72 148 139 83 103 159 142 17 186 107 146 0 15 102 39 191 181 80 3 94 64 27 141 173 161 52 33 99 60 176 16 127 31 194 122 75 96 119 26 1 144 177
49 164 76 124 2 136 175 19 141 159 22 53 92 179 104 17 1 162 28 112 4 58 63 133 161 29 46 99 111 166 171 189 36 173 67 83 69 47 154 117 140 59 122 84 51 9 115 103 30 158 151 118 143 168 144 97 85 52 93 149 80 153 135 177 160 33 109 68 184 127 146 21 39 138 31 148 188 71 72 102 26 8 125 54 56 7 6 139 186 42 16 120 35 190 0 142 15 12 192 37
123 171 34 176 141 66 166 86 150 143 121 30 88 27 164 15 122 21 156 111 28 129 170 13 100 52 51 95 0 163 74 104 4 195 193 96 79 2 110 87 172 64 136 18 179 75 40 58 162 57 140 65 12 45 139 89 83 36 149 182 3 174 5 67 16 22 76 77 108 35 11 124 126 190 69 43 133 130 63 134 55 128 31 39 20 192 125 10 119 73 14 48 187 113 132 98 188 24 109 137
159 151 136 19 125 127 114 93 130 94 67 70 16 51 53 17 44 139 3 95 36 164 8 118 23 123 144 82 135 6 185 89 24 101 124 165 193 119 162 21 57 117 80 141 79 91 163 30 48 187 168 137 149 131 78 194 60 173 83 160 126 14 100 179 170 96 191 52 39 66 29 61 92 65 88 62 121 98 189 2 116 27 110 12 86 120 142 157 146 33 111 90 71 156 35 85 148 174 68 56
22 0 87 120 66 50 15 60 4 166 151 39 27 113 38 147 43 48 49 172 157 58 174 104 32 115 183 59 100 110 28 192 165 138 85 116 91 53 37 71 193 146 12 96 26 129 154 92 184 135 9 119 105 8 171 47 156 79 160 99 42 122 6 3 190 148 40 89 109 155 177 75 83 159 44 69 51 17 101 76 2 102 139 132 11 150 137 64 152 170 81 62 195 55 57 78 168 20 124 34
141 99 93 185 113 62 83 3 116 112 26 46 31 105 41 164 182 80 120 169 194 60 161 150 107 4 179 75 135 171 86 119 65 130 78 173 16 123 90 156 22 101 147 177 174 103 45 58 64 43 91 7 15 110 2 0 155 163 25 131 129 89 44 108 6 12 109 32 33 67 136 10 74 8 168 61 20 127 84 138 172 142 68 94 187 122 21 154 111 59 63 144 193 27 82 96 158 166 128 176
48 180 96 105 94 6 70 145 51 120 115 79 57 62 1 37 182 179 160 92 185 90 64 159 18 29 157 143 83 40 56 194 187 103 75 174 154 134 118 166 27 104 121 175 136 113 20 66 138 125 49 100 88 102 114 39 155 38 127 169 42 188 14 147 190 86 3 85 183 151 153 108 165 19 172 23 61 72 78 130 82 192 68 84 129 34 4 2 156 140 44 12 161 124 149 97 164 54 111 144
86 137 193 133 63 119 121 53 44 132 92 42 34 39 49 62 182 26 82 157 126 118 185 37 184 105 58 149 25 21 59 71 183 148 136 3 186 61 70 108 195 80 17 64 125 29 76 46 30 106 89 171 101 91 2 102 6 169 167 147 158 165 51 27 130 11 129 177 20 141 155 56 104 135 13 43 72 154 159 103 178 74 40 96 28 95 172 5 87 161 144 111 68 85 50 124 107 93 16 191
63 70 74 121 50 73 45 163 23 79 112 138 26 52 119 19 103 64 106 157 155 53 49 95 76 54 127 142 180 191 192 51 82 169 10 171 177 195 153 173 6 25 189 158 179 136 109 38 84 81 22 129 164 149 147 89 29 115 7 165 34 33 12 0 27 37 87 130 80 176 9 148 3 137 86 68 161 120 17 71 24 85 190 185 141 69 43 56 40 183 8 174 90 21 118 168 135 72 186 39
25 31 16 154 115 15 47 165 27 23 174 113 29 50 14 49 153 35 121 169 69 160 20 22 88 168 158 135 56 2 55 123 30 124 53 176 98 110 12 166 195 140 42 66 112 51 90 136 143 180 108 109 122 126 139 127 52 36 107 8 159 191 170 39 183 129 62 103 133 148 163 38 162 76 19 80 182 9 185 34 73 54 75 0 67 4 1 17 137 192 101 77 43 131 32 178 189 184 45 46
171 178 89 74 91 165 46 189 160 152 36 55 126 11 122 30 1 62 21 113 72 86 162 180 120 142 130 92 115 135 133 94 105 159 114 64 80 176 83 39 101 110 111 2 191 188 155 127 13 85 185 96 8 41 151 71 17 140 190 192 34 131 37 193 70 181 147 148 129 139 63 20 145 66 161 187 134 153 173 121 28 52 23 59 144 43 103 19 170 67 4 61 50 77 87 58 84 31 25 146
4 43 110 133 115 56 54 23 79 71 111 58 137 125 154 20 14 3 165 93 85 124 60 139 19 69 0 52 170 76 57 91 104 68 89 1 145 70 117 187 185 62 48 169 61 39 75 12 147 144 64 113 140 109 94 192 155 34 129 30 50 101 150 6 188 120 21 138 66 24 135 77 143 7 102 157 182 122 73 78 67 172 27 156 162 2 72 175 179 132 183 51 32 159 88 35 18 42 130 168
108 31 38 64 141 86 166 92 58 143 62 56 20 179 79 74 151 193 138 21 13 45 66 18 125 103 96 153 73 94 1 169 194 101 87 51 75 131 118 120 154 88 175 80 127 171 71 54 85 104 48 41 114 146 195 22 97 102 184 148 63 37 49 16 43 187 167 2 190 35 4 159 84 178 26 106 59 186 8 76 147 145 3 142 173 29 170 93 156 7 70 188 124 46 55 134 191 23 113 183
195 8 23 154 123 181 119 45 15 147 126 113 140 69 10 77 35 121 13 138 187 136 164 102 134 83 120 61 125 103 11 141 38 54 109 47 87 188 163 97 173 88 52 85 100 37 104 89 5 151 2 133 33 28 30 148 34 155 115 26 44 162 16 6 167 82 55 178 67 128 31 84 146 144 91 49 194 19 131 14 132 60 75 17 105 95 177 66 193 165 94 3 183 152 137 0 39 7 36 24
192 127 154 55 131 189 2 84 144 87 53 122 3 96 147 59 76 37 27 72 130 171 159 70 68 19 106 188 123 177 194 18 139 170 1 143 26 129 133 111 54 95 128 81 46 136 40 195 140 151 174 158 114 101 33 107 69 6 115 39 99 110 9 162 89 102 64 90 121 50 30 24 42 183 178 124 103 23 155 88 38 120 57 92 25 91 71 105 160 10 165 12 193 34 119 150 67 77 29 100
188 144 67 10 91 1 179 82 56 121 129 156 177 8 186 162 74 116 70 160 159 154 103 119 72 4 112 26 173 47 83 20 174 130 27 77 125 31 110 52 40 189 42 153 65 24 15 28 66 170 48 115 113 7 123 59 44 69 126 132 127 90 16 62 171 111 45 75 167 13 86 147 6 18 87 17 133 0 35 182 23 137 46 158 25 149 88 80 76 142 107 140 166 61 41 109 57 163 124 96
76 5 31 146 84 94 22 44 92 106 46 175 73 127 141 111 132 104 112 163 67 192 188 50 81 152 144 32 14 19 90 12 13 100 102 1 64 93 176 165 160 27 154 187 155 55 83 69 9 47 145 166 108 133 149 38 171 18 15 28 96 103 116 77 115 169 126 172 135 72 194 43 35 16 70 170 7 65 98 117 39 109 124 147 60 125 17 136 49 71 131 140 30 68 178 159 183 129 23 181
25 27 184 2 43 46 195 68 181 170 29 16 60 134 101 121 162 110 39 137 90 26 66 117 70 22 99 45 18 144 37 14 123 44 125 20 124 84 122 165 92 164 17 139 55 50 182 15 69 104 61 6 23 168 1 171 105 42 13 146 57 72 111 116 91 154 86 62 36 191 73 113 100 96 41 88 8 128 150 81 95 83 7 28 114 40 156 185 58 112 151 149 85 80 31 4 190 187 52 5
163 92 59 62 123 112 56 144 69 171 34 9 31 41 164 37 192 128 127 70 170 160 178 60 35 166 101 13 90 1 73 55 193 131 191 24 25 165 195 172 154 29 93 32 19 82 139 137 183 61 124 104 102 15 7 57 76 0 109 4 118 8 47 135 122 106 132 120 115 67 72 11 110 33 65 103 64 150 148 2 186 130 174 182 108 45 21 3 94 50 79 180 96 169 157 181 116 81 78 91
34 109 129 26 189 165 49 79 154 36 47 101 138 141 76 21 147 139 120 55 156 135 19 53 119 137 125 164 114 148 171 122 174 83 9 185 130 52 163 77 37 61 27 43 32 123 51 155 167 41 166 8 151 136 117 50 68 103 175 12 195 64 116 180 126 56 72 157 33 71 128 146 81 190 118 188 170 183 104 177 70 74 102 63 31 134 178 98 42 2 78 111 65 176 107 20 112 23 172 105
42 43 128 132 82 102 114 121 85 127 87 166 187 49 58 50 21 84 47 105 16 74 126 183 170 57 56 3 61 142 194 30 135 91 44 46 141 26 107 97 162 110 89 35 75 90 154 148 172 122 179 158 134 9 76 38 136 147 55 0 133 119 150 139 24 65 79 100 80 59 32 40 111 45 12 176 60 39 195 129 19 182 149 118 96 41 67 103 171 28 95 174 53 15 2 190 169 93 8 54
84 98 113 118 147 91 13 156 12 10 58 153 17 159 6 32 104 170 92 117 87 78 101 86 33 69 180 186 152 133 126 94 15 181 42 107 34 61 134 106 187 35 131 88 128 155 158 89 136 66 27 39 194 37 56 99 70 163 112 166 52 9 36 55 132 137 57 145 174 22 72 167 143 50 123 59 177 51 105 111 14 121 3 122 148 179 164 135 1 151 109 184 150 171 71 28 45 25 141 108
118 137 139 14 46 177 148 105 55 74 70 81 20 190 94 112 116 164 178 89 40 31 141 106 50 77 18 68 159 176 19 123 10 86 168 29 61 195 130 107 88 126 102 63 113 80 39 169 173 0 53 24 41 76 125 49 179 143 56 156 142 194 154 187 191 36 100 172 4 72 47 166 84 129 157 181 110 133 149 59 185 184 182 60 12 92 188 91 132 135 121 180 71 42 119 167 192 66 128 21
48 39 132 159 162 71 129 164 154 44 101 25 47 153 88 102 163 169 119 32 93 3 190 5 43 195 111 142 170 70 108 141 19 85 56 35 46 177 12 180 117 27 134 20 50 9 155 100 143 59 114 4 72 21 0 81 86 82 2 183 91 95 147 92 172 80 144 165 97 49 38 128 122 17 29 22 182 123 73 7 185 137 77 94 26 139 66 192 90 83 156 84 113 133 124 58 107 18 36 178
66 18 107 113 12 186 153 2 136 17 59 111 36 46 15 33 97 41 155 30 64 100 179 61 168 134 167 11 171 1 86 115 53 131 48 38 23 146 63 26 104 19 55 92 24 6 126 35 28 145 87 51 103 132 25 71 27 10 69 60 193 158 142 178 112 95 70 165 151 56 101 67 9 137 161 162 98 34 75 188 170 154 4 50 129 148 175 78 173 77 108 164 185 166 157 176 73 3 144 118
42 13 11 51 53 75 32 21 58 14 188 70 83 60 160 4 130 183 173 167 118 36 71 18 135 67 132 80 40 138 93 194 172 62 64 121 180 78 151 95 193 57 98 146 142 73 89 158 111 55 140 52 24 7 94 43 46 168 128 137 27 164 99 155 23 190 39 106 134 97 28 141 115 144 157 131 109 166 191 112 104 133 174 161 179 107 108 116 143 176 129 63 1 77 185 31 38 192 81 88
8 110 144 7 67 151 114 51 131 19 133 157 29 41 48 168 143 128 86 65 78 10 60 93 125 99 64 120 96 25 52 100 83 147 70 80 112 22 193 161 175 101 13 59 34 192 122 6 4 165 123 26 49 105 176 172 162 106 134 104 152 54 56 50 44 117 82 171 0 55 113 129 32 139 126 154 159 177 76 185 135 156 87 163 184 47 84 136 169 173 18 188 121 116 130 11 183 12 150 57
128 69 168 79 99 7 166 117 105 39 33 184 111 15 119 50 22 114 193 85 133 38 143 142 139 75 110 10 80 146 124 180 129 154 116 71 138 107 179 76 192 155 182 169 34 93 121 120 47 24 177 90 176 53 29 81 175 160 137 95 118 134 161 43 54 157 84 187 37 5 82 19 57 92 60 12 35 181 112 51 165 26 86 59 159 6 0 140 28 65 100 147 191 72 148 152 89 108 49 156
14 139 83 30 136 78 162 165 186 3 195 108 41 53 50 109 156 180 114 19 40 153 23 130 163 49 192 150 68 111 82 17 174 31 132 88 146 80 116 154 145 144 38 34 126 93 188 94 37 57 179 143 89 191 0 55 128 12 112 106 9 51 100 155 67 32 63 189 2 166 62 98 90 84 29 21 187 5 184 120 28 20 13 27 193 73 70 75 56 22 164 122 11 121 104 119 71 124 167 125
67 40 26 160 89 80 144 103 174 8 130 110 149 25 14 187 113 45 155 41 94 61 57 178 116 118 79 194 104 87 49 154 58 171 193 72 181 32 13 59 15 16 71 153 98 156 69 139 190 176 111 128 142 131 146 96 38 185 141 179 65 81 140 105 150 97 134 27 183 125 120 112 28 108 17 162 1 56 107 6 47 77 106 115 102 123 82 3 74 126 109 188 147 117 148 165 99 121 124 151
163 156 90 187 164 98 70 129 177 48 36 154 0 92 171 160 54 179 43 66 142 153 162 38 158 50 34 3 183 132 76 28 157 45 141 67 147 84 152 134 175 47 24 8 148 82 69 64 89 86 21 150 96 190 63 16 165 167 195 93 77 127 115 41 31 80 130 44 42 110 106 11 159 56 78 27 58 191 30 81 136 17 186 113 173 125 193 169 91 161 140 55 101 1 139 88 60 119 83 170
54 47 90 116 191 158 42 20 138 84 152 180 179 122 59 185 102 108 10 129 73 165 74 143 195 144 3 166 110 68 23 113 55 4 176 61 168 87 137 17 187 147 9 163 194 106 182 40 19 175 140 161 130 170 37 103 0 101 117 120 154 67 128 150 107 146 125 80 109 133 89 167 178 118 134 131 183 1 127 21 34 45 48 91 41 177 160 155 63 192 149 148 2 57 6 96 7 97 86 69
21 83 80 0 190 126 55 86 166 27 6 61 19 17 174 103 92 157 178 65 5 9 173 4 137 82 165 66 180 15 64 109 124 76 127 147 70 151 32 84 191 59 139 74 122 156 187 141 146 79 1 189 131 25 149 160 43 26 152 142 175 167 95 38 14 63 188 168 16 154 185 140 44 171 7 100 52 87 120 31 136 53 58 48 12 125 13 169 22 176 181 10 138 75 177 18 117 29 111 88
75 32 127 51 70 146 135 125 160 7 57 68 73 19 65 117 165 47 97 25 0 103 153 5 172 14 145 192 119 134 120 15 64 167 143 179 168 187 157 183 53 92 78 123 34 37 74 113 48 106 41 112 61 121 33 80 122 76 4 28 67 20 29 111 188 40 150 105 3 18 35 114 118 43 130 21 22 91 95 6 36 50 9 90 182 102 136 12 71 13 155 88 42 58 31 27 85 116 175 63
85 73 49 69 118 91 98 95 83 105 184 82 62 5 44 153 1 166 180 43 135 59 157 68 61 188 74 173 50 162 20 154 112 152 113 193 137 36 169 75 179 195 84 155 189 46 11 70 103 8 127 182 12 35 134 192 120 26 89 34 174 149 194 161 128 115 22 97 42 76 66 17 171 48 165 164 39 117 58 114 55 63 81 167 40 116 124 178 10 45 159 99 54 147 13 23 96 72 123 104
44 177 45 159 195 66 171 112 46 141 42 192 193 172 31 6 19 100 102 80 82 174 147 48 41 10 40 164 184 194 24 139 96 13 22 109 175 58 105 97 9 113 178 37 51 15 182 88 115 151 191 144 92 2 87 116 21 106 85 165 47 158 29 68 55 39 137 33 53 131 62 133 166 163 119 149 4 81 176 110 12 57 98 128 1 179 121 129 5 162 91 126 114 117 118 60 78 17 187 185
128 22 143 171 72 78 49 96 88 175 117 59 155 100 79 84 74 144 190 156 110 153 184 57 18 35 31 107 87 19 99 178 102 94 65 105 12 62 11 56 10 42 60 66 32 136 71 161 194 1 164 46 93 61 185 73 63 38 181 3 187 120 27 123 25 51 50 139 33 80 137 193 8 23 168 182 55 70 179 14 135 157 132 122 29 58 142 0 145 172 39 104 133 126 146 192 52 129 170 95
88 34 41 140 61 82 75 60 139 183 57 0 108 50 80 142 43 157 102 58 135 153 25 168 42 188 33 147 133 131 152 46 91 141 165 174 181 44 37 49 136 1 66 184 4 30 194 121 171 45 149 117 128 107 169 116 164 144 170 92 178 53 150 2 47 159 56 130 86 111 51 176 160 76 9 191 77 96 192 65 185 158 101 87 162 95 115 120 167 182 17 11 3 27 112 132 72 10 7 21
46 67 102 60 190 141 88 151 27 182 36 179 63 131 171 192 110 76 66 6 49 53 167 75 162 92 43 12 96 123 18 55 181 22 81 170 40 89 86 140 155 126 64 105 19 90 137 72 4 10 139 93 48 154 103 45 120 37 97 8 13 30 16 24 47 57 175 178 125 51 87 35 32 129 79 112 142 147 127 33 184 61 150 153 59 168 135 28 160 15 117 69 54 83 115 9 0 152 99 180
171 154 107 45 12 165 96 101 0 7 58 79 73 113 10 59 1 97 102 63 94 81 36 122 43 99 161 27 164 39 127 191 131 28 184 130 143 132 69 160 150 55 56 144 179 146 174 52 14 155 93 177 157 13 163 57 37 26 88 86 31 5 80 42 104 140 78 106 185 19 30 91 118 109 170 48 98 90 44 128 123 70 65 74 108 173 50 32 84 46 18 8 61 51 66 175 176 111 83 158
181 101 52 177 166 72 129 70 102 8 86 68 23 11 133 170 45 59 7 54 31 117 95 19 39 85 182 82 184 115 149 154 147 140 158 4 67 57 80 3 122 144 91 106 165 186 94 76 61 173 13 14 99 20 141 112 169 56 44 178 179 74 12 188 125 145 163 193 79 161 87 5 153 180 108 167 78 111 73 138 114 88 136 155 168 36 41 17 6 65 126 131 84 143 120 183 105 119 189 21
159 122 43 62 134 18 151 68 54 95 126 20 91 143 144 110 146 192 7 23 10 148 133 66 38 41 121 123 71 153 74 88 142 101 150 164 19 182 96 103 191 125 37 108 69 98 13 104 45 186 15 14 35 52 147 167 188 48 170 118 175 85 102 65 5 128 162 42 114 44 72 174 129 184 107 80 163 156 160 64 36 181 158 3 67 161 112 87 127 100 58 59 30 178 140 79 6 194 31 34
36 16 60 191 69 170 24 102 130 185 101 31 175 7 73 25 180 121 186 100 83 39 46 23 190 110 195 135 18 95 143 27 15 160 171 20 67 177 162 90 91 167 179 174 109 1 62 123 141 29 111 41 127 165 49 56 182 42 120 194 183 128 80 61 17 32 103 48 150 63 33 81 75 85 30 77 172 107 19 146 79 35 193 59 168 139 136 37 188 131 44 53 161 152 22 4 122 34 113 132
34 165 89 5 71 100 10 183 184 55 52 120 173 168 111 76 13 189 105 161 57 69 26 101 170 37 32 31 106 11 172 75 186 118 167 109 24 95 46 192 35 132 174 194 117 80 82 145 22 19 60 176 0 25 148 28 2 158 122 126 3 91 4 97 98 151 77 179 93 70 154 110 17 59 62 133 47 94 113 88 40 7 41 54 85 141 153 178 74 115 6 50 83 92 107 182 16 21 42 45
155 136 192 151 139 181 22 55 30 188 90 85 191 122 29 43 89 31 17 66 106 131 154 101 35 193 162 41 74 88 112 103 174 45 126 61 150 37 94 146 54 78 8 163 160 123 107 108 39 140 105 194 143 36 119 21 44 63 116 56 20 83 65 100 79 97 19 137 98 49 96 159 77 64 178 25 190 48 115 84 26 161 171 7 0 147 152 173 40 34 75 93 195 52 113 99 127 59 186 128
14 149 133 174 178 25 131 51 79 58 13 97 121 177 12 80 81 138 176 130 37 11 96 92 119 30 63 71 105 168 21 28 42 195 107 194 27 98 163 91 83 102 47 64 165 54 182 120 104 56 170 167 113 46 33 154 135 159 150 68 87 117 34 52 6 125 187 19 57 164 139 161 128 142 147 66 15 151 153 189 22 99 179 157 55 82 86 44 10 116 50 73 36 17 89 127 148 76 88 49
140 50 58 141 79 124 28 178 56 190 133 55 112 24 83 29 148 151 75 180 155 131 123 9 167 114 193 62 26 157 181 160 130 36 104 82 71 105 110 89 85 188 172 168 5 91 54 67 145 11 87 129 27 144 77 94 154 12 163 81 143 90 59 30 166 102 195 53 128 41 47 35 116 121 70 23 32 186 173 138 187 134 21 147 16 43 51 185 189 159 10 132 46 119 6 169 191 14 8 158
46 28 110 17 42 92 83 7 172 157 136 148 166 124 57 16 132 76 183 104 102 49 38 114 39 163 118 146 22 188 91 178 34 19 44 143 125 140 33 14 61 58 90 122 134 66 24 25 2 81 9 71 77 8 18 128 160 40 86 94 182 106 108 35 127 112 191 189 159 31 109 43 29 4 68 73 180 98 103 1 156 78 155 85 13 145 62 151 141 158 10 55 6 187 32 88 96 181 0 123
136 78 126 133 62 119 19 179 173 70 100 101 124 185 99 74 103 52 127 57 36 94 132 122 25 143 180 187 104 157 5 139 0 97 186 73 77 86 18 150 105 38 81 181 55 174 121 177 164 11 184 113 130 66 82 58 10 89 40 118 1 33 167 163 12 88 107 145 106 8 48 160 155 92 190 117 15 111 54 109 95 189 182 85 24 140 72 151 154 49 61 56 26 71 102 170 125 192 129 137
97 180 25 70 101 94 120 18 171 74 39 17 105 49 152 42 138 119 159 109 131 123 157 165 158 189 53 142 117 2 46 35 56 149 145 86 135 172 55 181 116 170 54 148 125 26 10 106 75 141 1 178 33 78 67 113 95 177 14 92 169 62 122 50 52 11 185 173 118 136 133 82 150 41 72 164 23 91 7 36 32 21 166 76 147 44 193 179 85 63 184 65 22 69 124 47 96 0 28 19
109 183 140 35 21 8 190 117 9 121 193 93 84 175 90 194 120 98 150 45 73 170 33 95 129 123 131 0 145 178 78 86 27 192 94 107 16 2 63 13 168 76 171 100 115 39 110 167 102 68 149 55 44 164 195 40 77 136 114 128 159 125 34 62 71 138 48 166 122 46 112 96 60 69 22 75 172 19 49 5 54 104 142 72 50 162 127 57 6 147 119 23 14 38 10 179 116 191 163 132
160 56 85 151 23 149 5 3 72 169 100 102 74 154 155 141 90 173 186 189 57 63 133 136 105 81 30 178 182 34 172 143 66 99 95 48 187 88 68 37 86 120 0 152 112 163 35 137 162 134 18 20 8 190 70 194 111 185 62 118 60 176 126 26 16 108 165 157 28 168 130 77 19 123 193 36 101 49 29 109 167 17 79 59 12 41 33 98 127 71 27 180 117 170 55 24 82 148 51 145
144 20 36 105 146 135 47 160 24 140 132 7 8 5 156 113 157 168 60 18 39 55 53 66 10 59 170 96 79 128 127 76 172 110 149 6 117 153 14 143 97 75 188 130 1 177 145 151 62 31 43 33 35 29 3 9 17 90 131 191 67 108 12 125 80 101 158 159 89 41 162 115 77 104 190 70 51 54 122 106 121 30 111 19 139 65 126 178 165 64 78 138 119 26 83 48 182 112 23 0
185 148 79 78 188 22 101 177 158 77 112 62 142 98 141 161 9 3 91 76 20 183 72 114 189 90 8 152 64 181 191 66 145 146 10 24 29 30 51 186 80 14 25 174 88 85 26 47 95 1 126 82 144 124 96 162 175 116 87 39 193 59 195 58 86 43 28 41 159 139 192 173 53 166 99 44 93 154 34 122 36 31 108 171 17 56 153 42 117 75 127 4 150 104 12 194 52 113 172 155
129 14 118 173 68 64 170 97 195 194 53 132 176 28 142 107 187 143 164 88 65 190 155 101 182 84 11 49 102 99 178 66 133 180 94 59 32 81 23 131 9 6 165 93 159 174 3 100 54 115 104 109 183 87 22 16 96 44 13 27 136 123 122 60 124 36 67 77 38 147 151 137 160 55 163 113 114 72 0 152 171 186 91 175 192 69 39 106 179 112 70 34 56 168 150 167 181 111 25 26
41 115 99 40 77 81 94 195 46 187 133 22 13 117 88 19 122 12 102 141 190 26 23 188 98 75 129 82 61 121 193 174 148 160 87 76 84 155 27 30 132 21 42 89 165 106 32 91 7 50 145 189 192 111 179 183 137 92 25 86 45 37 156 64 38 125 146 127 149 154 172 35 29 107 34 24 131 43 126 71 175 69 6 108 68 44 159 112 181 96 80 118 53 170 147 114 184 161 73 54
93 173 19 46 88 185 133 155 44 37 138 38 148 5 184 92 128 98 134 57 42 12 174 158 0 81 136 105 21 164 27 108 194 72 188 70 40 73 142 75 78 151 25 146 45 14 2 96 107 103 180 131 28 90 161 58 95 89 168 3 10 35 141 120 169 4 160 8 102 119 179 100 85 17 32 23 153 76 68 80 182 187 79 67 114 149 61 165 84 49 162 65 139 183 66 166 41 111 126 113
18 116 88 48 150 68 138 9 52 131 80 41 192 133 164 178 187 176 111 195 94 114 158 78 137 147 82 127 117 115 29 11 47 121 105 36 73 135 16 37 43 7 119 89 159 177 0 20 141 194 25 85 28 46 38 103 162 6 51 64 92 154 163 174 4 156 1 79 104 140 124 165 53 189 10 113 66 170 191 146 69 172 149 57 99 106 143 183 87 182 76 193 125 13 132 107 97 100 185 108
65 78 153 36 44 194 145 99 8 16 159 195 185 127 181 116 77 183 191 92 190 193 81 61 24 102 94 52 15 60 58 173 95 156 33 100 68 79 171 87 138 70 48 73 161 124 62 151 21 69 130 49 135 91 139 14 37 29 97 187 13 96 166 26 108 129 71 54 180 59 35 165 50 4 51 170 11 137 117 178 111 121 143 131 123 164 31 18 184 12 152 128 104 80 76 189 19 64 112 172
76 57 30 5 144 184 41 117 189 11 37 78 182 192 104 23 155 92 172 62 154 130 0 191 116 54 159 153 90 70 25 21 112 52 131 63 71 7 88 143 79 158 1 168 151 160 17 163 40 138 132 83 101 20 150 108 80 128 129 183 81 123 162 13 44 4 109 61 181 148 14 72 39 35 73 27 174 28 53 87 169 121 77 146 164 96 58 12 195 9 16 114 26 137 176 42 46 6 171 180
133 54 25 134 128 154 79 172 15 32 97 10 135 28 26 70 185 102 189 47 146 175 163 56 35 123 180 73 159 45 38 168 94 127 62 186 182 132 66 80 37 119 1 169 177 110 157 137 40 144 23 147 187 58 16 34 129 170 95 179 136 92 36 96 118 162 131 87 160 14 164 46 44 61 33 63 171 53 7 86 21 68 174 67 6 190 100 18 140 51 91 138 72 84 142 150 88 59 105 89
123 93 96 128 3 69 145 176 68 148 159 19 185 116 70 92 66 39 108 72 133 118 71 107 111 54 5 27 98 32 136 12 56 42 178 169 86 88 84 67 90 114 58 87 147 193 29 187 177 113 7 104 115 165 129 33 24 23 63 172 134 37 97 189 154 59 162 130 112 20 188 52 22 170 144 179 48 64 11 160 163 150 137 182 149 161 122 61 8 47 28 192 125 76 100 9 45 62 65 127
135 38 123 86 99 94 31 156 129 114 183 113 53 193 37 165 144 63 7 6 82 164 64 195 4 30 174 96 90 95 146 73 181 167 75 50 119 160 67 157 9 10 187 49 60 161 93 57 91 72 20 45 5 170 121 105 178 145 70 36 87 158 61 148 46 22 106 41 109 51 190 185 177 14 17 92 192 136 143 139 128 29 153 149 43 47 108 171 97 104 98 101 179 62 59 169 186 162 1 18
53 9 89 168 73 169 34 106 48 68 63 144 78 139 152 133 175 141 104 27 82 85 11 86 16 164 134 100 162 151 147 22 42 129 145 109 47 170 43 0 131 126 70 195 98 181 154 142 1 39 12 87 81 97 102 146 178 110 10 61 21 58 59 38 128 132 180 172 137 6 174 96 101 116 64 83 182 62 127 183 193 79 121 167 65 19 28 37 103 26 156 60 99 52 185 31 46 155 165 138
35 157 77 106 98 51 84 159 72 1 33 186 182 173 55 148 117 132 158 147 192 10 48 15 105 89 138 58 189 99 108 9 31 87 86 70 190 143 22 175 19 171 64 194 161 131 133 85 141 177 152 8 96 179 165 50 167 46 144 127 90 57 191 74 21 187 2 79 149 188 107 153 100 93 24 91 67 76 94 0 185 114 155 111 137 11 120 49 78 97 59 118 38 82 103 41 166 66 68 172
42 134 168 123 160 74 113 153 84 59 18 142 79 146 127 161 47 172 173 81 64 114 65 4 96 45 76 17 156 35 122 118 32 121 75 165 131 70 97 141 109 140 100 63 144 139 181 43 78 125 145 87 105 174 101 28 182 115 171 107 186 14 177 7 67 27 52 44 187 148 132 167 152 41 25 179 31 143 166 190 53 20 83 135 73 155 56 80 194 39 3 48 133 192 57 85 128 94 60 130
75 128 82 183 3 101 112 133 46 123 144 67 57 130 132 4 170 83 141 30 152 63 53 6 55 174 48 69 54 181 184 32 138 51 165 9 145 16 119 14 17 163 31 190 153 118 68 78 176 187 121 149 81 164 1 102 126 96 7 139 137 114 191 115 110 40 28 26 127 58 100 2 160 108 29 173 99 171 80 89 151 135 193 71 109 5 188 62 103 159 155 34 66 113 195 172 36 98 90 116
122 66 61 154 27 114 36 138 13 108 137 113 86 76 83 96 54 49 29 90 107 2 119 50 52 55 121 136 147 177 47 157 174 104 128 143 150 173 74 70 20 123 152 11 155 77 135 183 56 95 188 180 139 5 194 156 30 145 35 26 129 175 103 64 31 37 178 6 159 140 79 184 82 112 1 142 80 191 81 32 109 57 141 106 48 187 12 134 68 14 4 40 165 146 45 163 38 131 24 171
36 19 172 110 70 31 50 177 61 53 179 142 16 106 107 130 144 180 49 169 137 8 165 118 131 39 22 134 150 171 117 85 152 68 157 23 185 0 18 4 67 78 184 186 113 139 80 140 87 56 42 168 126 149 135 37 191 116 195 12 183 62 45 158 2 88 114 188 15 143 147 136 128 125 41 138 91 146 69 105 99 96 194 129 71 79 187 182 9 65 104 40 109 84 57 124 20 100 46 1
13 85 110 115 48 144 62 176 155 28 33 150 113 100 137 94 68 125 75 190 102 79 37 44 59 34 132 112 194 98 172 111 54 88 142 71 126 18 42 160 139 53 157 182 50 170 23 30 93 141 97 109 167 159 105 55 184 6 171 117 40 49 72 81 15 78 52 151 61 58 63 169 156 128 124 38 177 168 101 29 36 192 8 87 25 73 174 161 24 47 21 122 80 166 175 140 127 77 51 9
100 41 98 102 76 34 188 191 140 78 61 143 79 57 186 147 90 86 127 44 47 3 59 36 136 154 48 89 178 128 151 94 146 5 83 51 194 184 139 28 130 45 135 142 165 50 172 80 109 37 167 174 31 87 144 54 15 157 105 40 133 193 180 125 129 117 145 176 26 95 119 32 110 97 162 20 62 124 123 152 169 14 39 108 42 171 29 6 118 177 55 9 21 4 104 1 0 189 173 153
185 37 193 83 89 144 166 86 75 9 173 191 152 24 104 98 72 92 8 80 50 133 36 53 4 141 55 124 125 85 123 38 178 11 121 69 101 108 78 84 63 171 153 68 10 102 195 130 188 88 143 142 97 77 35 120 61 192 45 27 6 87 163 156 28 1 126 91 160 39 95 136 29 165 7 2 148 146 116 187 58 168 107 149 129 150 93 99 57 65 158 181 81 34 169 41 23 20 145 182
61 19 92 95 127 1 111 44 186 59 15 153 0 73 72 24 40 147 58 131 150 16 76 110 102 160 53 64 10 158 56 159 86 137 114 155 49 183 182 20 161 176 177 62 190 81 128 172 188 13 26 3 126 91 140 191 124 132 112 189 162 47 129 103 151 178 36 167 187 27 118 79 152 2 141 136 99 116 96 35 101 34 28 138 7 25 98 9 6 42 179 18 181 90 38 41 67 120 14 125
130 185 102 95 146 42 29 36 109 182 58 26 83 115 138 189 30 37 21 77 151 18 128 147 121 168 152 124 69 45 20 28 172 139 15 175 135 169 41 125 44 55 133 174 24 89 62 105 93 162 183 13 176 51 192 127 143 68 72 150 16 75 116 84 131 80 188 186 0 101 10 170 160 4 64 97 194 1 193 66 163 85 96 82 132 48 32 155 181 180 167 106 195 12 119 19 27 159 107 61
83 50 13 16 26 190 138 18 80 173 81 84 158 132 186 28 149 128 151 122 193 77 24 47 32 89 136 120 108 165 1 127 46 134 86 133 30 155 63 70 31 3 57 153 25 101 7 49 48 103 59 76 121 119 90 74 60 75 130 114 172 166 115 179 163 9 71 131 37 177 40 143 8 118 82 137 92 156 139 17 66 35 44 182 93 51 175 100 88 11 112 94 185 181 38 160 85 194 111 124
45 11 57 16 137 109 63 48 19 39 99 194 145 158 1 53 150 162 178 108 34 175 147 126 173 96 77 153 21 66 78 33 177 132 35 103 24 70 167 62 3 29 73 18 192 185 9 104 7 94 106 135 122 169 168 172 83 74 130 139 157 160 6 180 107 50 14 41 181 30 71 118 133 187 144 95 32 37 148 72 190 84 38 90 0 17 100 64 195 56 46 161 105 110 151 179 111 102 15 43
159 80 51 9 6 69 165 167 67 38 50 168 44 158 97 31 129 142 183 25 27 66 11 64 26 155 10 36 136 128 161 107 105 125 181 171 185 151 13 135 174 106 146 126 104 132 2 49 61 75 92 1 100 102 34 20 118 154 68 193 76 52 5 180 109 30 110 115 178 164 53 22 48 153 116 85 65 87 119 21 19 12 91 194 63 58 179 141 189 54 176 7 147 33 81 93 24 89 29 121
112 4 98 29 94 123 166 180 79 181 143 80 171 174 72 34 193 120 134 68 106 77 54 28 145 6 126 129 16 59 53 150 103 33 96 194 173 42 66 141 131 153 113 189 63 40 116 188 121 89 147 46 149 39 164 135 101 76 156 61 90 41 144 172 176 118 43 36 13 17 177 93 190 168 30 81 108 114 95 92 115 37 32 51 8 26 191 58 107 160 27 69 35 18 183 133 1 195 104 31
51 47 112 115 16 12 19 82 167 133 125 75 23 81 66 10 102 120 181 107 83 132 94 169 139 148 92 27 14 143 44 28 190 65 138 18 30 55 171 97 159 29 99 136 122 188 152 193 165 52 180 137 50 77 189 183 164 156 142 86 62 109 151 179 145 68 116 24 42 182 178 76 45 84 160 48 63 57 166 41 26 54 11 17 126 118 150 177 31 124 141 13 173 71 174 153 186 101 38 36
104 145 31 191 125 150 84 189 187 38 2 4 190 100 120 93 108 105 89 164 85 21 87 138 53 127 17 72 180 5 107 25 66 23 24 132 177 128 78 111 70 159 152 71 181 32 116 54 188 0 139 67 106 46 117 41 163 37 27 121 40 165 10 52 30 64 137 113 28 102 90 126 140 62 18 35 73 13 92 153 50 179 96 142 57 160 136 157 63 68 133 79 34 171 193 98 184 141 148 178
94 85 134 21 86 59 46 114 166 128 80 164 137 74 159 72 50 122 67 3 181 190 151 79 130 165 112 161 18 84 81 42 52 172 162 95 102 133 123 66 115 145 91 83 187 29 168 4 9 15 116 35 176 12 96 125 11 1 126 54 156 45 99 93 30 2 7 70 188 43 173 65 189 37 191 26 55 56 68 97 118 141 28 39 136 25 105 75 98 143 6 124 62 13 149 177 195 140 48 58
36 121 24 7 101 152 137 77 151 120 19 91 69 187 110 95 40 154 44 182 123 125 46 192 21 35 71 74 28 15 61 41 168 114 16 184 147 94 176 141 55 57 58 186 10 183 108 52 136 75 106 11 169 13 88 173 33 70 8 62 149 51 135 128 76 29 53 42 181 87 140 148 161 158 45 171 130 93 127 27 98 80 99 117 18 65 172 100 170 34 107 79 96 64 30 68 39 17 97 146
182 35 64 166 53 190 173 184 124 101 110 174 146 68 67 23 79 102 164 145 22 170 157 61 1 11 15 71 46 178 114 84 57 63 18 172 72 195 123 161 121 43 192 153 24 80 104 134 42 185 26 39 91 177 58 128 154 88 108 14 69 9 132 175 55 40 47 117 107 38 105 171 136 188 37 27 169 95 116 0 118 115 98 2 51 45 54 131 191 5 70 36 135 100 32 60 103 158 193 90
17 94 29 164 83 140 13 23 151 36 7 182 97 80 166 152 191 77 42 67 160 91 62 28 38 9 143 130 89 76 149 194 126 15 158 153 154 16 104 3 11 106 111 32 18 112 190 141 53 90 99 33 123 2 96 176 161 25 172 79 30 51 84 45 115 85 73 107 6 82 54 26 21 142 19 105 31 100 20 132 88 61 129 98 60 150 41 165 58 193 14 69 135 187 63 175 177 44 183 10
136 52 39 90 146 15 78 184 25 20 43 36 4 9 143 119 110 132 113 153 82 168 142 73 10 166 35 95 76 56 7 126 157 171 67 50 165 173 116 86 151 114 160 141 5 112 150 186 96 139 83 13 68 46 108 88 22 18 182 16 70 17 172 155 58 23 42 191 81 33 188 140 92 102 72 32 79 131 169 29 181 2 60 27 162 30 19 1 180 154 14 69 159 31 106 77 89 145 0 161
174 165 128 76 37 68 119 109 154 150 194 55 28 23 11 12 120 190 50 105 113 34 83 106 167 139 24 191 79 161 123 90 160 101 94 118 93 21 8 153 195 145 99 39 184 157 169 97 151 168 171 74 73 121 44 158 185 45 172 52 22 183 116 152 175 141 42 189 176 36 143 91 49 69 137 188 16 98 177 104 62 19 17 103 181 133 110 81 56 60 2 0 127 114 13 66 149 115 41 164
133 26 18 105 14 92 51 36 66 146 138 113 97 167 118 86 123 139 84 147 174 99 27 185 38 155 129 176 30 41 24 98 74 87 29 121 5 15 182 193 6 73 117 93 150 23 21 20 166 71 42 100 137 157 63 56 8 188 45 3 60 169 59 68 149 115 77 52 159 160 22 148 31 90 2 0 46 110 128 119 39 127 178 190 171 49 102 88 13 35 11 134 4 151 89 186 57 94 75 80
33 183 26 136 12 19 59 85 1 116 57 95 132 158 22 71 81 148 17 190 123 35 147 151 30 92 4 163 141 140 118 37 51 64 185 16 150 52 62 0 111 142 80 114 5 191 38 175 145 60 155 122 105 29 41 66 113 101 178 170 54 138 195 193 27 90 126 2 106 42 99 28 18 160 112 100 67 91 159 171 149 174 86 115 48 165 93 124 78 84 103 55 121 169 87 76 172 43 88 72
147 17 60 5 140 30 25 153 129 120 164 94 167 155 145 45 1 43 92 36 123 96 32 93 171 112 172 49 136 138 39 47 50 103 10 67 168 41 6 37 57 144 183 191 188 108 152 133 125 189 38 110 58 104 173 151 11 68 139 102 3 182 7 81 87 83 158 23 169 132 195 174 62 95 109 34 88 9 187 79 76 156 64 111 150 12 135 194 134 101 16 130 56 2 160 179 113 181 159 89
101 62 20 68 161 126 139 114 0 67 163 151 21 124 140 39 69 16 192 76 118 84 125 1 71 24 175 41 158 8 26 167 105 45 86 127 113 116 193 166 53 19 168 91 83 102 90 108 38 165 66 2 63 81 77 7 190 195 89 159 61 145 153 48 100 121 23 174 169 35 49 187 92 30 115 55 33 157 137 27 185 176 82 29 72 120 46 130 28 36 51 141 99 22 110 173 128 5 85 132
172 25 183 38 114 33 138 188 189 104 59 144 99 180 50 147 73 84 11 154 142 86 135 97 105 168 1 174 32 28 61 39 143 41 68 66 163 19 165 46 166 75 184 193 4 178 12 139 37 194 123 54 69 107 164 60 121 36 8 6 14 149 40 21 137 119 108 20 35 96 176 30 53 156 132 34 182 113 64 130 151 134 78 112 162 100 15 126 145 150 18 62 101 58 71 170 74 47 120 85
42 169 21 142 160 92 108 52 1 173 176 9 61 139 8 36 187 130 107 49 65 24 28 147 161 170 77 75 54 82 83 41 116 25 106 184 168 37 159 5 105 188 129 71 175 80 157 56 145 149 38 136 81 94 88 64 127 138 109 30 133 132 189 120 126 15 35 89 69 73 16 60 43 84 53 62 50 121 153 167 11 59 31 95 57 12 13 181 171 47 114 27 113 148 19 128 90 150 66 124
12 13 179 156 136 31 123 50 44 142 190 157 167 23 41 78 122 14 117 17 52 57 101 27 160 53 65 189 6 64 124 26 106 129 175 5 32 134 28 48 87 95 97 46 96 54 141 180 0 155 193 11 115 83 89 10 105 86 104 191 29 92 135 63 131 116 161 125 18 119 16 126 183 21 162 173 114 149 33 102 74 59 68 146 90 22 9 113 187 100 60 138 147 84 192 176 80 49 70 88
32 187 67 157 152 7 24 49 175 195 134 16 93 23 54 171 27 149 92 28 4 50 159 188 121 62 9 46 160 130 190 107 112 182 142 136 59 74 109 21 76 8 85 170 55 104 139 22 117 65 132 36 57 178 105 183 146 52 125 82 20 68 11 135 58 177 33 151 129 111 69 106 87 184 83 176 128 31 84 63 138 180 35 126 118 110 91 148 38 13 122 153 185 101 174 108 155 72 75 150
18 14 11 73 5 37 83 93 151 91 22 115 36 102 126 167 172 45 81 186 70 54 138 80 193 49 161 112 0 189 51 34 30 77 144 16 132 59 39 171 50 175 92 104 156 41 147 48 150 166 107 84 139 79 47 182 173 1 170 179 184 141 67 42 134 178 53 153 176 122 3 6 165 140 10 46 195 75 146 87 56 119 110 127 98 185 76 43 158 69 12 89 97 82 118 137 133 101 191 85
95 69 59 182 74 171 52 156 130 188 172 18 24 89 93 116 68 1 31 101 183 20 22 192 147 23 142 169 53 56 186 128 12 129 173 164 73 190 167 21 174 50 176 193 109 113 47 70 107 124 150 105 187 180 94 100 119 37 63 91 71 102 152 153 135 46 44 123 14 108 132 67 33 85 185 115 34 82 3 61 38 149 134 133 78 103 106 120 32 62 54 4 17 97 19 42 140 65 160 77
90 171 139 172 78 89 28 97 23 168 52 64 12 6 111 108 127 38 60 43 174 84 143 154 73 176 74 152 18 129 104 65 14 133 121 5 29 132 81 164 136 67 159 59 93 3 7 153 161 175 151 61 56 110 37 85 82 117 156 94 80 32 102 112 192 76 183 173 91 160 70 2 21 17 115 167 166 193 34 44 27 186 26 148 69 42 58 77 187 24 188 68 149 92 33 20 40 103 57 120
55 93 47 96 91 143 82 154 100 41 27 73 60 178 145 15 135 126 66 114 167 81 31 115 22 19 5 182 36 161 137 190 94 71 1 147 183 46 110 30 138 86 174 149 2 35 65 119 116 169 177 20 92 193 163 111 89 175 121 14 141 40 52 38 97 125 179 28 39 21 104 155 0 130 9 11 102 140 50 188 51 3 59 83 13 146 123 56 186 23 113 87 44 10 131 29 70 68 108 99
184 180 124 106 79 97 165 136 8 58 189 26 83 195 141 190 89 91 65 157 177 158 67 90 96 172 39 1 174 142 150 156 82 12 7 108 6 2 121 130 161 113 41 31 114 171 155 20 110 181 35 175 34 3 188 129 86 100 22 132 186 37 153 173 21 194 68 92 123 94 56 74 71 9 191 29 109 168 14 46 101 70 61 5 126 160 77 143 85 117 45 63 73 76 15 147 69 146 144 187
12 4 60 117 150 128 19 57 148 156 173 86 52 61 94 137 186 21 48 105 184 183 29 195 62 124 59 25 121 145 64 170 63 125 10 83 93 177 18 163 152 185 55 118 68 115 134 38 135 175 75 30 181 107 100 91 97 167 8 23 143 92 34 161 41 73 116 193 72 102 111 9 89 85 112 90 16 0 144 188 47 192 39 84 37 5 159 109 153 31 36 6 27 119 50 58 15 103 1 194
35 79 113 130 105 119 151 126 34 53 165 122 194 108 148 136 26 169 18 10 9 143 86 87 67 104 77 167 120 11 176 37 42 129 184 66 135 149 75 49 157 73 159 183 38 162 29 57 152 27 83 8 69 100 187 21 156 110 186 124 150 153 106 189 65 164 145 45 103 71 132 54 63 68 121 28 154 116 142 178 161 50 190 58 48 163 97 6 52 147 43 125 51 91 78 128 2 144 89 140
59 164 42 0 170 27 50 165 83 163 147 25 93 185 16 7 188 192 68 154 78 175 173 128 23 176 187 133 29 168 61 41 119 160 63 87 12 115 5 35 149 100 156 67 186 180 113 57 152 88 102 103 79 106 2 9 191 17 11 96 136 174 14 161 157 193 6 58 3 31 122 84 111 52 158 124 142 74 66 49 28 123 127 153 60 95 44 47 181 65 99 51 169 89 190 139 107 137 37 48
76 187 178 84 106 56 80 48 77 21 5 3 166 105 37 113 14 94 97 145 128 149 18 28 142 171 58 119 155 55 85 36 51 130 103 59 46 154 159 192 122 72 123 29 139 152 175 86 79 189 92 179 75 114 161 68 27 118 148 126 121 160 184 34 78 42 40 35 165 17 66 45 156 169 99 193 111 117 120 132 127 191 61 168 63 124 110 172 88 93 50 182 13 167 11 54 52 180 41 2
163 164 139 10 51 26 112 28 13 154 113 83 0 47 31 135 80 177 72 165 144 90 195 20 42 176 189 85 59 128 99 65 134 7 84 75 169 69 130 92 68 89 152 60 138 157 183 104 77 74 63 156 145 37 179 192 78 29 160 52 174 23 105 118 61 1 36 58 2 64 171 24 178 148 129 87 45 161 73 153 127 119 93 22 162 71 88 117 56 132 126 146 115 100 50 3 62 32 54 194
137 157 131 62 41 7 75 168 69 158 134 54 172 177 110 133 112 87 151 107 23 115 30 48 161 150 73 97 47 36 42 188 90 178 191 192 154 98 10 118 17 95 165 27 102 138 88 40 56 100 14 83 19 105 195 143 101 63 33 71 164 113 79 25 180 86 119 45 148 99 144 179 153 186 0 52 135 34 109 28 38 44 16 82 4 141 35 163 120 106 152 146 103 84 171 72 174 80 50 108
45 41 102 65 80 24 35 173 52 192 179 116 176 15 185 146 54 96 46 183 47 97 49 85 23 34 177 118 20 81 68 43 27 69 92 50 51 107 156 101 111 33 84 21 16 30 181 127 5 154 8 153 70 122 138 10 93 99 189 188 22 42 57 150 136 0 132 78 180 18 167 72 6 157 114 73 152 193 135 117 121 39 76 168 159 161 100 87 106 151 63 120 14 61 95 105 75 55 166 77
138 108 154 15 110 179 126 123 187 117 9 2 17 16 67 4 186 149 114 146 183 95 181 103 184 40 38 58 130 18 160 91 25 56 59 150 75 5 48 122 20 125 7 21 45 104 54 78 109 43 113 93 97 6 33 132 46 141 28 50 8 153 171 177 195 3 85 100 180 19 175 14 165 82 23 121 159 151 22 190 172 0 99 86 12 152 194 84 136 167 88 174 71 191 164 102 168 139 128 96
157 179 12 137 112 23 67 178 143 71 133 7 109 118 127 131 68 50 60 108 174 70 91 64 84 86 121 162 72 113 104 9 26 165 155 105 123 2 96 153 0 160 161 62 163 134 30 145 158 58 16 195 41 4 34 185 182 139 172 110 14 81 103 44 19 140 152 11 175 13 76 176 74 119 151 183 188 128 187 141 83 1 78 97 51 32 167 63 177 80 88 124 15 116 168 17 47 184 126 149
169 56 94 158 140 121 53 74 172 106 127 90 103 68 150 58 134 182 131 71 171 167 36 6 157 189 99 125 61 177 18 41 195 57 35 0 111 22 77 86 10 23 136 43 44 117 28 100 81 21 60 47 101 155 93 42 142 98 114 72 95 52 33 15 92 7 166 119 193 84 143 118 11 152 49 96 147 39 110 191 164 91 73 54 115 105 130 174 176 2 34 102 109 180 51 187 97 9 48 148
171 48 182 70 158 17 157 155 152 159 22 163 75 135 142 109 79 81 39 40 50 60 57 112 32 63 8 98 46 174 1 52 73 51 44 122 160 111 127 173 188 178 176 156 169 195 31 175 15 113 193 105 76 14 116 84 120 130 126 43 125 108 27 64 77 87 181 16 11 121 88 180 117 96 3 56 137 54 132 12 23 186 28 114 104 134 100 192 78 49 4 162 2 55 65 0 66 187 118 24
16 97 20 104 29 111 164 138 109 179 82 118 50 145 187 41 33 27 178 175 80 49 63 140 0 101 177 65 34 124 162 159 127 117 21 35 40 161 15 136 32 173 184 96 102 141 121 186 59 89 165 105 149 157 181 75 99 69 23 143 158 71 107 9 28 110 98 55 85 66 180 155 24 22 81 44 182 163 176 125 95 185 6 194 152 169 64 93 60 119 54 61 68 74 84 2 7 156 195 106
73 74 97 162 23 127 88 62 155 114 95 7 111 113 57 56 32 29 106 77 135 182 71 183 6 133 43 67 184 105 123 79 85 145 134 52 144 80 142 78 116 58 1 138 160 86 179 136 47 102 2 91 177 195 122 16 59 125 10 41 22 119 98 158 169 27 151 28 31 30 185 51 175 0 83 38 132 143 167 44 39 146 193 13 153 159 147 26 129 70 65 104 149 137 154 157 117 5 194 54
22 8 170 100 59 70 113 45 186 78 82 159 191 57 31 118 62 112 190 58 10 120 80 164 134 54 152 73 115 36 149 71 178 33 133 132 66 160 141 23 175 102 30 154 7 2 5 81 24 171 139 147 107 176 18 131 84 110 29 172 146 167 74 6 174 137 47 179 96 124 119 162 69 135 43 51 63 17 153 42 1 101 195 169 185 67 114 108 128 26 104 60 15 14 97 93 150 158 44 53
36 192 179 87 136 153 1 133 55 16 130 170 122 85 40 83 180 39 189 178 67 76 78 101 42 140 152 97 110 167 106 160 143 9 176 47 129 108 150 38 49 32 82 168 111 10 3 5 112 80 155 94 103 33 195 50 98 183 193 115 66 20 121 88 86 184 84 53 75 163 107 185 172 139 190 113 119 52 158 174 177 93 124 95 54 35 134 105 64 61 59 46 156 123 43 116 141 57 128 102
125 111 43 35 149 181 130 133 38 102 10 183 71 46 52 57 134 96 119 55 182 61 99 41 131 40 72 191 163 73 26 173 169 48 176 22 157 108 126 112 159 60 110 69 103 94 141 85 4 145 15 7 86 115 67 62 156 166 75 174 178 121 32 95 90 128 53 19 184 76 3 34 147 167 63 64 107 93 83 21 123 6 194 74 104 148 92 146 137 0 44 185 142 1 42 77 168 65 20 50
119 113 132 89 54 158 135 175 3 70 31 71 155 11 88 81 133 24 103 73 4 128 61 150 188 94 28 72 177 117 66 41 67 30 166 179 35 184 0 122 83 17 6 48 98 142 75 115 1 68 46 77 181 143 87 10 14 172 157 8 191 57 147 106 20 183 121 37 60 154 123 92 118 21 101 180 86 173 18 124 139 186 194 96 174 97 65 178 100 33 159 125 126 36 189 95 163 185 182 15
19 186 151 28 91 180 42 134 48 30 51 24 5 50 142 100 110 52 195 164 83 81 101 78 31 139 120 23 68 147 172 146 11 175 104 60 54 2 58 70 160 26 182 3 9 116 95 132 12 92 191 148 84 74 62 158 55 189 163 17 14 181 73 1 173 89 179 185 128 188 29 192 143 187 10 57 99 65 37 56 94 141 124 47 166 113 122 112 171 102 98 85 126 105 96 168 136 150 184 88
23 53 149 130 51 34 147 45 89 35 180 142 190 90 96 170 171 7 141 43 22 173 98 12 107 189 118 162 13 174 138 119 8 63 97 112 182 78 15 154 105 36 40 77 134 108 70 11 103 9 84 139 122 48 80 4 59 28 158 32 73 14 62 131 126 109 64 115 58 68 163 21 2 143 44 88 114 116 113 18 94 55 19 153 50 140 106 99 129 66 60 164 20 136 82 181 155 145 188 72
6 127 64 153 89 134 31 95 22 169 28 178 136 176 72 111 88 113 49 117 166 57 54 149 60 119 125 87 2 38 142 162 91 106 133 167 15 71 17 102 116 7 94 27 173 168 19 175 137 129 48 77 126 131 186 163 25 62 145 139 171 194 124 32 41 67 115 140 99 158 152 164 20 160 177 45 40 47 39 183 63 4 69 121 68 185 90 101 118 97 34 70 165 104 0 14 83 33 51 85
187 143 70 146 131 139 155 46 100 124 8 92 28 147 136 51 162 76 156 120 166 62 30 20 73 195 121 99 101 130 40 102 74 58 185 93 90 63 176 50 138 19 177 17 65 165 86 123 75 159 163 6 181 111 175 82 43 37 22 25 49 193 169 26 129 13 67 88 56 152 188 57 112 184 71 9 125 180 47 59 2 84 98 194 38 1 16 115 150 61 31 18 126 103 3 168 161 68 148 116
91 78 26 172 18 125 163 93 158 171 157 116 68 100 175 12 66 144 15 147 121 13 59 85 47 164 148 87 160 3 188 34 23 19 174 195 54 179 183 99 190 20 86 53 71 140 83 4 42 6 22 111 61 31 153 36 112 136 41 2 149 37 33 65 176 182 119 52 108 146 156 168 178 113 92 106 0 49 10 173 73 187 70 67 63 11 5 28 27 132 60 82 150 50 38 88 62 120 1 21
80 73 12 20 135 157 84 131 113 92 143 82 166 38 63 94 19 162 128 105 74 23 43 186 2 108 191 40 26 125 53 60 9 126 153 114 4 33 190 45 106 187 194 161 101 71 192 76 112 16 79 138 117 27 56 0 102 52 28 69 134 65 64 85 116 72 61 188 13 8 111 150 121 129 67 14 50 97 172 136 103 169 89 32 154 66 22 171 44 124 183 179 24 37 98 193 180 158 57 189
15 186 170 89 83 92 160 73 5 36 7 162 13 118 0 84 76 148 80 132 133 176 17 42 116 71 153 138 124 144 101 72 137 127 50 125 182 30 155 106 175 34 51 140 90 69 168 53 149 26 45 139 87 100 102 48 98 78 23 119 112 123 172 113 164 18 57 191 81 150 131 47 59 141 46 166 104 120 41 165 61 156 3 44 27 29 107 136 35 174 40 77 105 145 130 64 180 157 154 108
95 91 157 114 10 143 55 175 64 21 42 179 187 106 100 5 29 19 158 87 35 171 79 128 96 144 9 132 71 62 165 33 60 163 156 126 133 172 81 151 180 111 2 170 70 112 192 138 166 186 34 113 15 6 88 102 176 36 39 3 72 119 41 185 65 12 161 134 30 191 32 40 141 0 69 149 110 129 27 164 189 17 127 56 7 184 67 74 11 85 107 22 146 125 83 120 108 122 105 1
167 146 56 46 154 135 126 60 186 128 192 41 34 127 156 18 54 171 102 174 83 52 193 133 137 73 50 15 40 66 194 181 170 155 26 9 120 70 138 76 183 32 79 110 8 117 131 71 134 147 103 61 53 185 129 44 189 148 157 123 109 182 143 150 164 17 13 158 163 108 84 140 190 161 3 31 64 57 14 43 153 39 49 91 80 165 160 152 122 101 115 27 77 92 145 130 98 4 33 47
72 128 167 40 16 117 9 107 153 126 66 22 184 121 52 173 95 183 32 2 86 180 79 105 144 71 138 193 82 106 12 96 38 125 55 49 189 36 154 35 41 114 109 30 57 78 98 161 28 139 67 159 87 39 25 0 1 186 84 63 175 69 149 162 170 118 108 171 135 3 103 129 45 29 119 158 174 50 178 101 54 61 181 24 150 75 179 137 62 7 132 89 141 116 148 190 156 102 130 37
7 96 45 28 83 56 49 32 27 125 81 47 157 166 120 50 14 165 164 110 171 64 111 12 15 92 185 5 87 23 101 61 140 85 104 52 112 66 106 187 42 181 11 48 134 146 147 178 44 145 72 60 100 152 150 102 154 0 129 128 177 59 122 82 132 138 2 6 80 46 182 18 163 71 26 158 21 107 36 65 192 70 8 121 167 38 139 51 168 183 162 119 99 54 89 143 188 189 37 17
65 180 129 7 173 39 83 77 111 2 12 61 68 6 148 102 133 90 36 50 110 100 120 29 167 17 130 184 126 1 194 3 156 195 21 106 11 72 135 95 99 117 62 151 69 87 170 137 89 193 19 114 118 34 188 190 113 128 108 20 158 164 187 60 93 51 25 121 172 142 144 43 82 78 35 46 186 16 112 42 41 15 116 183 57 127 171 9 0 154 161 109 152 85 177 18 105 59 104 58
0 94 86 84 136 34 71 9 82 161 170 114 39 132 184 90 179 162 2 180 79 105 168 120 128 76 48 96 17 32 30 28 156 100 141 130 195 65 183 111 145 46 23 153 192 113 49 6 171 35 134 169 62 97 25 123 194 50 52 125 188 63 78 175 47 73 66 33 174 135 11 40 122 159 182 116 18 157 187 129 143 107 22 181 142 185 81 164 55 163 98 118 69 149 29 173 38 106 80 43
145 36 94 193 75 195 164 115 66 109 40 87 158 5 157 54 45 93 130 152 95 98 23 85 77 135 124 146 97 53 177 62 104 185 86 44 169 137 105 35 72 1 65 21 41 46 171 69 2 120 34 91 78 25 0 20 3 154 99 64 89 24 128 28 27 82 139 111 170 175 8 143 74 48 179 176 134 60 43 189 61 14 126 140 16 131 56 11 38 19 183 6 178 192 188 84 125 160 116 33
63 93 74 132 113 141 51 136 6 8 123 62 105 178 102 184 78 69 166 80 160 38 152 76 90 177 64 195 30 180 127 97 157 44 95 20 192 36 114 16 156 34 172 48 167 75 140 145 92 13 96 46 59 29 121 124 89 86 151 144 45 116 149 107 143 174 129 100 138 67 21 43 50 190 23 9 159 82 168 53 52 139 17 37 176 83 150 0 66 187 162 134 193 26 112 19 4 179 146 60
159 62 118 20 136 71 188 168 27 13 122 8 175 55 173 82 145 131 154 30 134 3 31 187 181 84 141 65 116 34 114 183 161 143 126 17 138 94 7 81 39 98 25 70 63 1 151 111 167 86 2 106 125 148 189 146 117 109 49 166 153 163 78 102 44 135 0 77 113 107 110 162 123 76 37 88 100 26 90 130 152 22 128 80 14 43 132 144 137 155 191 139 112 28 171 41 165 61 103 194
164 159 26 28 93 142 87 130 81 36 74 181 176 14 106 13 122 51 95 4 15 119 187 100 186 112 156 135 33 91 125 148 97 107 54 162 101 178 8 98 72 113 136 173 182 163 143 69 47 144 171 165 78 192 57 102 184 41 137 152 53 114 25 123 31 29 71 177 64 120 66 12 23 110 34 117 150 11 128 139 153 129 80 24 96 50 35 185 195 180 20 32 158 30 99 168 49 10 48 169
132 58 9 62 68 83 36 191 19 178 120 26 17 107 187 184 185 180 104 106 168 41 156 82 111 76 35 163 23 145 3 46 159 5 138 108 195 30 176 96 65 22 33 102 131 170 141 140 77 154 186 94 122 135 13 183 39 49 25 56 45 117 146 116 31 97 87 1 171 153 43 136 7 80 144 37 54 194 75 16 84 55 42 158 192 167 11 174 38 129 24 79 118 64 10 40 57 128 161 95
137 17 140 92 72 36 53 152 145 170 26 177 38 95 55 27 135 70 99 97 18 147 77 43 195 109 191 15 90 171 96 185 138 120 19 174 91 6 108 87 21 184 86 155 189 41 37 51 117 22 9 144 153 192 62 129 158 131 167 58 150 193 33 7 164 34 45 12 32 116 123 172 122 180 1 190 24 89 168 165 133 56 44 134 10 78 69 61 83 11 146 35 179 125 50 124 169 127 85 161
29 162 148 100 53 57 13 71 140 150 79 176 137 125 142 64 36 33 194 104 72 87 27 192 62 178 93 43 45 80 114 126 46 9 112 85 161 18 5 75 68 98 129 14 131 50 96 41 8 152 163 16 25 22 92 44 117 184 181 0 190 70 83 121 168 191 195 109 144 158 97 116 179 102 69 166 118 21 187 77 157 132 10 151 106 51 177 61 136 4 86 47 115 94 119 128 24 146 20 78
182 68 151 79 176 166 74 40 26 39 28 159 64 59 126 154 129 145 7 9 8 118 47 76 185 41 14 164 45 130 162 18 105 156 89 132 106 32 99 114 46 113 61 187 35 141 108 60 142 1 157 97 189 117 57 170 120 50 6 103 85 66 112 191 33 109 188 153 80 62 98 87 15 167 171 54 193 20 168 82 138 31 12 190 155 144 0 73 116 23 152 51 124 56 125 178 94 93 29 179
86 143 138 80 24 173 109 14 111 5 36 122 17 101 91 31 72 56 20 40 152 51 39 116 178 7 94 160 77 89 57 13 163 29 139 82 190 100 193 151 157 34 12 180 73 79 78 106 90 30 37 130 119 117 155 38 28 169 150 131 83 68 25 125 135 43 41 22 6 52 84 103 42 35 134 96 136 58 53 33 19 66 133 145 75 187 164 16 11 191 108 153 60 69 4 188 189 9 128 65
191 125 138 62 134 154 193 79 157 143 16 111 98 10 30 115 3 139 168 5 32 35 20 155 44 170 96 112 185 11 14 7 31 51 39 131 0 18 27 124 169 38 40 64 80 119 17 71 54 132 163 165 97 55 84 88 175 77 75 85 133 106 56 122 61 121 15 12 178 150 192 2 141 107 28 136 47 161 95 151 6 53 149 113 76 156 194 135 187 129 148 74 144 1 65 180 118 19 159 49
160 84 166 175 31 6 152 67 120 115 119 60 183 17 29 135 173 193 146 48 18 54 122 0 91 87 148 130 162 93 23 21 9 109 100 33 165 30 24 192 103 126 43 74 45 133 144 61 75 111 170 147 156 189 168 56 113 191 187 108 182 181 185 179 78 22 58 150 154 15 26 104 42 139 63 35 46 145 82 121 27 118 10 8 55 184 159 195 32 37 59 127 85 25 124 49 90 190 142 62
159 157 109 18 46 174 44 173 84 147 133 111 130 23 12 43 22 110 96 195 11 129 163 21 24 86 25 192 63 123 77 14 80 100 59 144 168 17 72 61 158 95 68 148 152 13 136 70 69 165 93 65 67 137 141 37 0 121 92 78 2 122 189 171 83 188 45 183 187 5 112 178 42 91 6 106 134 154 172 1 39 118 10 50 108 185 40 161 64 135 99 162 38 101 73 19 27 74 114 28
52 135 191 123 88 185 75 157 48 97 63 139 60 13 54 125 44 71 194 43 0 49 32 149 37 102 169 100 92 79 23 141 11 66 16 171 86 195 111 153 30 34 29 59 26 147 90 173 126 132 143 174 99 116 72 53 124 36 130 134 5 177 137 14 127 152 158 144 184 78 164 167 15 161 192 35 2 190 108 105 138 67 131 8 109 103 151 114 162 68 168 27 38 187 128 74 93 150 98 179
111 87 55 136 93 167 148 59 162 172 67 132 3 183 90 73 125 31 189 171 21 27 19 135 29 16 98 122 68 184 165 106 8 173 46 194 5 56 51 26 2 32 66 50 123 142 13 192 158 101 120 74 159 42 163 105 41 65 124 116 143 193 57 181 63 112 99 97 113 168 161 110 94 25 133 155 187 33 14 18 70 77 78 175 7 157 39 37 150 40 76 138 35 11 108 96 12 79 47 58
130 59 192 79 173 125 147 63 176 142 166 40 98 41 6 73 80 11 129 47 21 155 37 116 57 183 1 96 160 149 185 27 193 110 194 86 136 174 195 81 103 144 56 52 132 78 82 89 19 169 34 97 102 143 141 43 128 45 35 42 118 133 94 119 105 121 189 85 182 33 26 69 12 179 170 54 92 122 124 36 17 148 138 30 16 104 158 53 4 114 177 139 151 7 95 162 100 22 5 93
136 44 124 150 107 63 35 176 170 175 158 64 147 166 41 174 159 122 54 132 32 121 188 160 139 25 151 109 80 179 117 40 100 59 85 57 118 123 6 101 90 146 69 134 119 1 184 106 19 135 9 110 47 36 105 189 169 5 140 30 186 72 168 112 177 138 38 0 89 24 21 93 53 142 81 2 20 23 26 143 115 120 190 182 51 195 96 45 163 95 48 83 12 11 17 37 65 62 49 33
104 160 89 123 1 84 167 39 127 81 115 109 93 140 108 183 10 13 185 149 170 175 131 102 179 56 54 63 95 193 24 100 2 116 55 136 26 52 99 181 34 5 59 44 117 22 130 150 180 31 187 33 119 46 9 60 173 188 21 142 139 80 94 195 168 124 157 155 159 134 61 73 65 75 145 20 29 135 103 16 37 27 58 48 105 51 68 64 98 120 7 166 85 67 74 92 28 87 88 128
110 12 162 75 33 181 21 184 55 34 137 114 13 48 11 67 161 131 63 163 85 95 32 41 66 42 155 142 59 19 156 79 100 61 99 54 138 144 171 187 166 154 30 81 195 183 23 47 64 4 132 103 174 73 113 72 15 60 104 93 134 127 135 53 7 143 116 52 39 51 117 14 185 10 88 86 94 170 91 173 108 180 2 139 172 146 125 29 123 9 115 188 82 58 98 45 189 152 5 148
182 17 68 159 70 154 191 137 63 194 90 179 74 107 121 45 132 111 176 79 173 141 183 57 22 99 34 185 164 122 36 186 95 189 192 152 149 161 46 93 140 6 16 61 82 120 181 177 5 66 115 139 144 96 195 94 187 43 54 166 0 134 25 51 163 9 153 113 129 21 24 86 158 171 127 162 168 13 172 15 73 188 88 44 155 106 72 38 109 160 108 136 7 75 41 117 92 124 37 33
49 7 180 183 103 71 12 97 101 24 149 148 9 187 173 89 195 6 86 170 185 73 126 191 140 172 10 145 30 77 190 179 125 18 74 3 156 51 26 8 141 167 79 60 121 92 155 28 36 161 157 150 93 102 44 153 29 69 62 98 21 81 178 11 168 186 146 188 45 144 90 177 131 31 119 14 147 91 67 113 33 41 16 133 95 174 58 87 61 35 166 13 123 158 32 135 39 128 115 43
57 183 14 145 58 113 90 184 37 168 12 17 104 144 13 3 161 46 163 140 85 22 71 123 135 8 49 32 45 109 130 175 88 190 177 92 25 40 147 110 103 7 52 86 138 29 119 31 165 6 66 5 146 76 127 36 33 159 167 155 70 115 188 69 91 170 107 54 124 134 9 68 137 16 181 195 126 172 35 149 84 132 96 26 44 191 192 11 27 50 74 18 43 53 173 79 121 64 55 47
131 103 117 68 1 96 94 147 7 11 183 176 119 153 55 3 9 171 40 26 154 99 25 166 190 4 12 102 110 43 14 124 180 112 66 164 85 46 89 159 132 136 158 138 173 106 10 127 49 27 189 126 77 32 172 165 179 18 76 134 63 185 72 104 17 74 155 168 86 175 91 100 62 83 121 109 143 45 24 75 13 52 50 48 30 151 29 120 36 23 90 150 20 140 59 169 71 82 84 31
19 160 139 164 151 73 145 136 137 187 71 163 112 168 6 157 41 54 135 93 87 28 56 64 155 165 174 126 72 51 85 39 22 179 154 177 134 95 191 153 195 193 49 110 118 161 144 32 124 86 172 158 17 159 184 133 53 111 117 61 66 3 59 42 60 12 125 15 16 105 96 9 119 62 10 167 129 84 189 140 123 47 190 186 122 132 156 24 25 113 89 138 36 92 104 37 1 176 127 143
34 175 173 154 47 50 134 42 15 124 59 119 55 20 49 86 150 62 153 63 106 141 60 125 29 14 166 97 58 45 130 120 104 85 189 54 156 68 6 76 79 148 30 13 110 144 182 77 160 25 155 48 44 179 131 96 171 172 84 178 9 91 22 53 176 39 73 113 3 163 41 82 51 108 66 139 67 194 111 193 174 83 78 65 99 112 123 116 143 126 158 190 19 101 61 169 38 4 0 33
181 124 135 74 72 137 92 160 128 107 155 151 8 157 191 60 190 94 111 32 99 1 6 153 21 104 109 136 77 38 173 67 88 30 105 64 154 117 56 54 184 78 18 168 130 113 24 34 165 46 143 0 23 134 163 26 50 179 73 79 126 145 80 156 116 96 37 108 170 58 127 42 59 69 172 53 17 40 158 169 41 81 49 166 3 85 148 71 141 131 95 122 7 119 161 5 193 90 25 57
55 21 80 50 149 91 59 62 113 35 179 32 44 68 156 129 132 81 56 38 120 96 178 161 101 72 127 61 49 63 36 3 110 24 79 33 15 16 180 47 54 136 140 78 177 90 124 30 46 111 169 23 185 86 173 57 138 48 58 190 103 27 73 186 130 82 67 83 165 167 135 145 139 89 25 183 74 150 34 11 70 2 53 158 39 148 20 100 134 51 126 175 84 189 184 125 41 115 71 133
16 77 43 168 130 4 195 121 188 69 162 1 27 42 36 99 152 139 126 100 46 109 108 179 72 34 122 146 192 140 47 60 194 141 172 51 49 134 25 85 55 78 171 142 157 151 127 104 143 103 23 182 59 68 105 84 106 173 131 94 21 187 180 92 2 111 44 159 138 53 24 107 145 144 29 161 90 97 96 117 15 54 170 41 64 169 40 129 26 39 115 116 101 5 112 83 193 17 177 67
131 177 98 91 6 144 122 4 111 62 47 96 137 76 74 8 168 140 35 40 165 115 18 167 79 179 105 45 80 155 187 103 9 157 189 27 145 156 139 69 164 68 93 90 28 134 99 112 142 63 183 46 127 106 38 88 48 102 132 182 128 185 149 60 17 77 119 117 11 53 43 104 171 1 184 114 116 15 135 86 195 123 21 172 31 124 23 158 30 175 82 136 70 95 54 194 121 37 92 143
123 142 25 10 88 5 186 40 124 152 51 96 195 114 30 28 150 93 91 42 26 191 76 41 48 59 0 194 160 173 73 119 169 172 72 187 177 50 22 109 183 70 47 164 94 110 27 97 182 190 137 49 105 18 174 143 67 192 171 33 55 107 80 95 193 175 161 166 149 144 2 184 146 185 170 153 154 179 106 104 85 13 132 16 23 7 145 12 64 180 98 75 77 62 112 147 168 90 135 156
99 145 149 82 103 161 87 7 168 24 70 37 147 65 131 143 9 164 83 69 158 174 86 175 93 61 173 3 129 188 48 184 96 176 111 118 6 26 152 142 57 117 133 43 64 40 35 34 108 76 146 27 137 136 51 123 23 11 114 1 156 121 50 28 179 126 128 89 125 183 84 68 190 5 94 130 90 73 105 46 19 100 113 60 115 41 54 79 81 157 107 140 85 97 159 31 110 42 56 47
123 181 174 171 36 6 172 143 131 90 24 121 5 144 195 87 41 55 85 142 150 159 158 2 132 125 166 91 115 124 82 51 126 97 104 161 93 37 149 60 7 88 28 92 57 103 13 66 151 78 47 77 49 192 168 29 167 69 114 180 68 186 38 94 44 179 111 84 4 116 138 136 26 101 106 50 17 112 81 40 100 46 65 20 18 182 96 32 154 145 58 128 48 185 22 139 108 31 45 72
28 99 148 71 52 61 1 46 18 107 69 117 146 192 138 7 4 59 167 114 57 97 21 142 128 161 184 157 179 113 45 35 23 68 62 129 63 170 181 5 158 49 133 124 136 34 84 137 166 40 24 64 156 187 131 109 174 76 102 100 0 43 44 108 145 111 127 78 47 6 72 118 115 132 92 20 169 25 194 171 188 193 27 93 151 153 94 75 119 26 143 139 65 50 141 135 191 105 190 54
46 100 7 76 18 90 47 159 127 43 96 31 106 0 123 151 30 26 186 112 133 40 105 12 142 64 68 57 95 65 158 48 75 195 134 8 121 149 117 24 150 129 191 67 168 101 22 17 138 91 165 71 182 29 60 87 110 145 140 85 169 139 36 98 66 84 74 189 172 77 16 181 5 190 37 156 120 174 136 9 148 122 97 147 56 115 184 103 135 42 21 161 45 70 176 171 144 102 107 6
10 134 4 179 102 2 49 26 9 121 13 65 72 142 133 5 117 115 71 181 165 124 1 46 37 106 87 116 104 64 157 41 185 43 125 141 14 139 163 15 172 152 47 70 118 7 57 92 99 28 112 19 16 151 36 169 122 60 80 160 23 33 94 48 18 175 32 177 150 120 76 158 27 39 22 154 58 107 0 129 145 183 53 144 111 59 159 97 191 167 45 143 100 171 174 12 188 178 108 166
92 23 82 166 182 188 31 98 191 3 158 93 69 178 44 183 161 100 83 112 4 156 95 79 53 151 173 56 164 187 108 59 143 128 43 195 55 75 46 8 99 144 132 121 17 149 50 22 130 2 76 131 102 175 185 19 21 133 109 155 47 91 72 73 160 124 150 118 48 176 106 170 190 165 42 13 14 181 67 39 37 84 179 123 180 192 66 177 153 126 34 174 94 138 154 186 16 168 163 162
23 132 34 153 182 22 76 57 119 98 179 46 130 63 26 187 146 142 69 42 39 85 3 10 6 18 160 71 144 155 56 80 70 158 12 171 116 19 168 27 156 53 55 109 108 49 150 157 127 176 148 9 74 174 97 35 128 105 28 166 83 67 5 149 40 101 169 30 189 21 131 193 4 11 181 20 126 113 183 73 140 75 167 96 180 29 81 145 106 133 13 165 118 184 95 48 139 178 0 103
190 72 57 16 78 55 154 42 175 125 174 187 169 56 191 102 121 150 179 19 83 66 67 127 110 34 145 151 63 52 89 47 7 159 38 126 21 90 148 33 134 146 139 73 13 88 51 30 95 138 15 84 8 119 173 5 123 152 107 94 68 156 60 11 106 140 49 81 65 176 75 135 170 149 54 109 189 71 100 158 120 177 129 111 153 31 103 24 132 108 117 48 144 122 58 27 182 10 26 44
85 55 72 193 149 178 38 154 45 59 190 69 173 9 83 118 65 57 73 81 70 10 189 33 19 141 183 21 147 35 169 2 142 144 48 136 25 174 47 124 138 27 79 51 95 175 67 34 96 93 89 37 180 50 97 102 106 76 195 43 167 52 6 14 194 115 88 0 5 49 101 87 158 116 20 155 18 64 188 143 110 171 153 105 8 122 92 32 107 22 170 117 168 17 186 86 187 46 134 163
45 182 131 81 37 9 167 143 21 105 195 149 94 53 171 178 157 71 41 3 78 177 117 50 192 8 2 73 156 154 97 176 137 98 18 186 120 52 158 87 67 12 57 136 65 118 127 7 80 1 27 79 84 161 43 165 168 35 152 86 144 146 160 141 59 13 164 100 187 163 166 113 5 39 11 92 4 77 125 111 139 0 107 96 75 104 47 91 175 63 83 88 74 40 28 33 191 70 135 185
105 160 110 51 94 91 119 79 128 177 190 41 124 93 45 15 134 174 142 36 27 170 3 6 129 77 159 109 98 76 194 188 136 73 147 145 39 154 43 25 131 64 8 193 71 172 112 102 28 153 118 163 107 14 20 61 53 114 34 181 184 4 57 97 152 67 9 49 191 16 144 26 115 70 55 78 185 87 31 146 30 113 100 183 46 12 143 68 40 192 156 10 158 133 85 103 29 182 171 186
123 11 162 161 37 188 62 9 30 112 44 18 65 174 182 185 118 56 100 66 152 110 180 22 173 31 6 117 132 13 101 80 148 19 166 172 158 95 179 111 163 28 176 51 8 2 184 88 54 33 155 39 167 70 142 46 5 89 138 151 16 194 175 136 156 178 20 147 159 10 17 49 55 189 195 157 38 146 50 192 164 160 116 119 29 165 128 137 122 40 83 63 193 114 36 42 84 97 48 107
148 189 98 56 165 137 116 146 99 175 26 8 68 159 173 92 93 2 62 125 87 16 13 114 101 109 9 33 174 95 123 14 4 32 107 36 88 144 27 52 89 84 24 39 20 191 77 83 138 122 57 53 82 86 167 72 66 115 59 113 153 31 78 106 143 10 38 111 48 40 49 0 129 162 193 121 141 61 54 127 155 139 6 126 184 142 161 76 135 194 145 131 55 150 47 45 44 110 108 11
192 175 167 154 195 15 36 64 58 34 123 194 46 168 99 142 189 108 91 5 97 31 191 110 18 9 41 147 90 20 59 125 69 161 190 75 32 121 109 159 151 73 52 66 106 135 113 3 82 101 153 62 104 63 180 116 94 68 35 87 1 146 95 133 149 44 172 13 12 10 84 85 37 33 124 49 57 128 163 169 170 25 83 188 86 181 51 136 182 186 22 138 61 72 150 177 79 127 76 23
70 147 8 164 76 60 40 173 87 98 7 103 148 191 39 65 23 53 96 162 78 172 49 158 92 29 86 18 64 46 10 61 90 58 120 56 136 55 153 30 13 170 177 163 100 159 48 189 31 156 33 133 138 88 119 66 2 139 3 95 140 74 24 154 35 145 93 180 179 72 168 107 124 122 135 108 16 149 71 187 125 79 114 190 1 176 43 109 11 41 141 165 51 81 15 121 69 110 14 25
147 35 129 54 165 112 86 130 30 162 135 44 136 125 0 178 110 173 22 191 157 81 56 31 140 139 95 174 59 113 122 138 163 12 161 88 65 75 42 120 126 77 181 39 137 189 32 107 67 142 150 5 172 111 24 43 177 76 152 61 158 45 144 41 16 155 98 34 131 134 169 186 156 133 51 106 48 151 170 184 149 89 7 53 21 47 188 168 10 33 103 128 55 68 185 50 11 29 73 60
143 41 129 115 95 127 6 74 12 128 46 76 0 31 117 73 147 167 97 177 168 77 166 84 1 146 135 169 171 44 113 56 100 161 180 69 186 192 187 110 45 124 34 126 71 33 106 159 29 21 47 109 125 87 14 58 144 153 63 183 79 80 51 154 68 156 160 20 40 150 98 112 50 123 86 10 120 158 90 142 193 116 114 11 132 151 52 28 133 43 190 188 67 27 178 62 26 55 81 108
