106 11 90 1 10 111 3 7 101 102 33 21 92 38 0 113 68 57 73 54 14 19 43 82 117 94 16 20 13 105 81 62 59 78 58 103 52 99 42 34 86 53 8 91 119 17 31 30 4 96 66 93 37 44 27 56 80 32 112 65 48 109 75 55 110 26 98 39 35 12 51 47 72 104 85 18 108 118 116 25 95 115 63 76 5 6 87 22 29 88 36 70 49 23 100 97 28 60 40 46
58 57 28 95 31 69 110 7 37 77 90 25 12 70 41 24 119 11 76 51 48 34 21 40 86 49 45 74 79 112 91 104 30 101 92 43 20 52 8 106 56 4 113 33 6 26 14 115 2 111 1 71 102 98 99 42 109 84 55 46 63 23 107 68 39 44 93 62 89 65 80 116 66 36 96 61 19 0 118 117 85 32 22 16 108 75 35 27 3 67 53 18 10 114 9 72 54 97 15 88
109 108 56 71 102 38 33 50 45 48 28 44 35 34 97 37 58 113 57 77 3 112 110 42 23 63 6 8 74 47 90 111 60 70 103 78 7 65 68 51 116 19 61 25 12 117 100 14 2 119 16 107 5 89 46 95 91 75 115 36 86 24 1 81 59 118 98 17 105 55 29 4 69 114 53 49 79 15 106 21 88 40 13 0 20 92 99 43 66 52 32 96 85 84 64 72 94 104 39 18
26 1 106 33 55 11 19 41 38 109 6 62 77 12 14 119 71 73 114 67 20 5 61 107 64 57 80 117 44 82 76 81 28 85 0 75 13 97 95 29 17 111 9 59 10 103 87 65 102 53 112 47 60 115 58 25 88 105 52 15 23 74 18 7 92 86 16 91 46 68 113 4 72 84 94 63 101 39 83 36 45 37 89 116 34 99 22 56 100 104 79 35 51 110 3 69 96 108 49 78
93 54 15 37 55 106 30 18 81 3 41 95 66 34 98 83 110 46 36 58 11 25 62 12 6 70 111 22 26 107 16 13 101 17 59 108 14 20 60 115 63 99 28 57 4 32 31 52 40 42 27 116 48 85 5 50 100 87 44 68 118 21 49 97 104 90 19 43 78 38 24 72 91 112 23 119 79 35 47 84 92 45 53 71 0 8 74 65 102 105 73 82 64 103 75 109 113 69 89 88
50 8 119 55 88 39 1 0 46 84 108 115 29 31 60 37 71 93 102 89 87 80 40 53 45 113 90 91 17 96 36 61 81 19 12 118 34 27 4 101 57 62 68 54 107 48 99 23 105 69 111 5 30 75 70 3 65 9 67 79 100 44 86 47 73 110 56 10 26 72 13 66 43 42 33 63 21 14 22 74 117 112 49 6 11 32 103 64 18 98 52 76 78 38 116 35 85 92 97 25
29 14 97 80 16 100 56 53 108 38 68 41 26 64 50 61 27 51 33 11 34 71 119 23 99 116 109 113 65 69 31 18 106 66 0 25 43 95 54 35 1 9 67 96 91 37 82 72 15 52 36 6 111 101 46 86 87 98 58 59 48 73 63 79 75 70 90 103 74 44 110 49 47 62 32 81 3 7 24 55 114 60 107 22 84 57 94 8 77 20 42 83 30 112 89 78 117 2 118 39
0 99 89 114 23 29 73 2 59 58 86 81 56 25 19 16 111 72 63 80 1 62 64 38 71 68 76 26 22 83 90 31 77 8 96 94 53 49 92 39 7 6 88 87 48 69 115 34 45 107 41 102 79 67 55 13 109 17 103 57 119 104 3 118 112 60 50 110 21 12 93 61 32 37 4 95 75 74 11 91 35 70 108 44 97 20 84 82 10 42 24 47 52 100 106 43 14 101 51 18
63 111 99 72 92 67 65 7 11 33 10 36 80 116 18 22 20 69 0 53 109 85 54 104 32 82 21 5 94 91 71 34 93 58 88 51 76 25 112 97 31 103 81 74 83 118 17 105 110 96 43 55 39 28 62 49 113 101 3 114 38 95 107 13 52 19 8 89 9 4 61 100 70 78 45 86 119 75 90 79 12 60 57 1 59 77 68 15 117 87 6 35 14 24 98 108 115 23 64 73
1 40 72 60 108 36 54 86 69 62 43 107 18 115 8 104 25 87 106 55 99 112 51 34 73 56 93 48 3 37 22 67 9 109 76 98 13 91 75 42 27 20 44 47 31 94 21 82 97 90 114 12 26 89 113 116 81 52 84 33 110 38 117 79 49 101 39 2 46 16 17 88 105 0 65 102 19 15 7 103 53 95 28 92 58 100 6 77 35 111 85 30 119 23 29 83 45 24 14 61
67 101 16 96 19 98 78 116 43 4 88 33 28 9 84 5 39 103 56 102 79 99 37 57 23 17 46 80 64 50 15 6 22 106 62 77 118 52 41 11 25 49 51 66 27 1 58 112 8 74 117 61 82 31 38 63 29 44 115 86 107 3 32 14 60 85 105 111 47 68 73 91 90 36 0 100 18 12 34 72 2 76 93 114 20 89 30 54 92 42 10 71 95 109 113 75 7 21 81 83
48 23 112 111 5 0 36 77 88 58 35 44 104 67 108 102 87 116 113 83 10 71 51 76 119 16 30 26 38 105 89 60 95 79 74 93 69 84 4 49 41 7 91 73 106 114 21 115 68 25 85 63 110 24 43 64 72 29 101 109 86 81 8 90 2 94 34 92 65 61 13 103 32 50 80 33 37 12 18 97 56 98 17 62 107 55 54 75 40 1 82 11 6 70 47 9 99 3 96 78
79 51 86 97 1 17 80 22 8 44 99 18 78 88 117 40 35 38 20 5 57 66 73 102 119 29 110 52 91 34 24 96 100 58 25 6 112 108 103 60 41 16 23 76 53 54 0 77 72 101 104 7 115 118 19 113 43 30 15 46 49 68 31 55 45 33 89 111 87 61 13 85 116 75 12 107 84 114 94 65 74 81 21 26 47 105 39 48 27 83 69 62 14 32 95 106 82 10 3 42
26 72 19 80 42 95 22 44 20 71 31 104 43 105 11 56 111 12 118 97 33 58 91 81 64 4 14 40 96 110 38 62 106 49 108 35 29 74 76 39 48 8 41 89 88 17 0 67 73 57 9 23 16 32 2 69 28 10 55 78 59 7 5 101 98 102 15 47 61 50 1 85 117 52 82 36 100 65 112 21 77 53 107 75 25 13 51 79 46 86 94 68 6 99 54 27 3 113 24 45
74 45 51 40 103 109 12 0 113 112 8 73 26 93 106 49 98 47 53 76 102 55 1 56 14 65 3 63 31 107 101 50 66 117 97 71 96 67 57 30 5 95 84 87 37 7 21 44 35 81 48 115 13 75 6 18 11 23 2 68 110 28 118 59 72 89 80 16 15 85 17 69 58 91 20 25 36 83 64 62 82 104 4 90 32 42 38 70 94 41 79 111 105 54 99 114 29 24 19 34
100 105 60 10 72 115 14 106 5 16 69 102 8 1 111 96 61 51 90 113 101 81 19 107 17 35 116 36 58 42 2 3 0 67 44 119 45 57 40 53 64 43 92 20 71 80 55 34 37 99 21 31 94 32 7 79 27 11 84 114 78 104 30 24 25 70 28 26 110 4 46 50 85 73 18 77 118 48 87 12 66 89 33 56 76 82 62 6 9 109 103 91 108 39 59 98 97 83 22 74
106 62 97 59 96 6 57 51 111 44 12 86 113 3 18 75 53 93 102 17 92 78 29 24 61 33 4 112 88 110 47 109 30 49 15 87 105 23 19 7 76 103 69 60 31 80 38 64 43 107 79 72 42 1 34 89 74 114 56 20 40 21 95 10 65 84 50 16 85 104 2 35 81 48 101 27 14 52 5 115 32 82 63 90 98 13 66 99 46 22 108 70 8 26 54 73 55 36 100 77
90 42 107 110 104 92 25 69 17 67 53 119 88 84 49 78 1 73 87 108 79 22 95 8 116 38 96 94 112 57 51 60 11 21 58 23 6 15 36 34 33 41 65 30 83 109 50 13 111 76 3 63 26 32 52 59 27 115 103 40 9 80 20 39 47 44 48 98 55 100 93 61 106 56 54 2 97 101 99 19 113 74 86 66 70 28 89 45 37 105 117 7 46 102 18 114 35 85 31 4
50 11 8 86 46 37 107 14 108 93 90 111 115 87 10 34 19 24 105 61 49 35 70 36 20 84 3 21 110 18 33 47 28 45 81 23 89 101 68 119 57 106 17 30 92 42 29 32 2 112 109 22 72 69 7 67 44 9 16 103 59 58 73 6 64 27 98 0 54 78 55 56 15 79 76 97 118 116 100 53 13 83 95 65 91 102 63 25 74 51 62 5 1 117 96 104 60 80 39 71
41 81 59 24 22 51 72 2 69 108 20 1 111 105 5 88 78 102 31 26 76 29 0 40 8 66 43 113 87 55 85 117 103 96 38 33 101 89 50 93 79 104 62 95 92 80 32 44 91 100 21 116 119 18 77 15 115 83 75 47 70 53 99 25 48 52 10 107 12 57 3 63 16 23 64 56 7 14 109 36 98 46 68 13 17 73 110 4 74 45 11 54 67 84 37 65 9 71 42 94
68 96 27 92 60 94 116 31 103 64 57 86 41 78 38 14 15 43 47 39 40 95 42 21 102 112 12 99 85 113 109 18 81 4 89 104 84 50 28 63 30 101 100 97 110 36 93 34 79 107 59 25 2 6 54 0 119 10 108 118 19 62 3 45 8 53 44 114 61 17 66 65 90 5 75 37 35 67 91 73 51 58 55 11 29 117 82 83 111 24 9 115 13 88 20 7 98 87 22 16
56 74 45 41 51 92 58 95 62 63 115 28 3 86 36 5 107 1 47 57 11 49 22 109 85 82 84 104 16 81 91 38 97 98 94 65 117 71 31 43 66 77 2 76 15 35 105 61 113 21 102 111 26 30 59 13 101 116 34 4 53 44 100 67 25 69 118 33 99 119 103 50 48 73 52 29 87 17 72 83 24 19 112 108 96 89 70 93 32 12 75 80 0 37 60 7 55 54 78 106
29 57 52 21 75 78 66 48 31 82 107 84 20 110 72 18 35 9 32 28 61 91 16 112 40 77 63 86 89 83 104 47 109 50 4 15 73 119 65 93 111 13 60 37 81 108 49 62 95 101 90 70 80 102 27 23 105 88 51 92 39 113 55 64 36 53 2 99 54 25 94 7 118 8 46 14 10 3 74 106 85 1 96 76 41 19 117 45 79 6 42 12 56 97 67 11 30 68 100 98
85 0 57 40 35 100 110 53 26 58 89 15 90 48 59 76 6 36 95 98 67 96 56 104 83 21 29 41 114 55 27 105 28 84 10 94 101 77 82 38 18 79 69 8 39 97 91 80 115 92 12 22 16 74 106 43 118 5 86 87 70 1 32 73 68 20 72 109 103 37 23 119 107 75 65 51 31 62 30 111 81 71 9 2 93 33 54 17 49 46 4 7 78 108 88 3 34 60 116 45
118 40 79 78 21 6 99 100 16 23 15 51 68 110 7 48 97 89 59 69 76 116 52 53 109 82 63 41 111 85 35 94 31 115 92 46 105 1 8 119 87 113 14 60 45 66 86 55 67 5 106 95 33 18 96 61 91 10 42 65 56 73 3 0 11 104 88 37 101 54 17 24 80 81 9 44 93 98 58 72 19 49 39 27 75 74 13 29 84 2 117 50 71 64 25 57 26 70 107 103
43 75 71 29 25 64 11 104 46 8 65 84 38 20 72 119 58 6 74 10 9 27 51 113 63 110 32 7 19 69 103 80 42 77 39 78 86 107 53 81 4 112 93 117 85 33 35 96 1 34 5 91 47 70 24 18 37 3 45 26 36 99 16 66 49 55 30 41 22 44 94 17 73 102 105 88 67 50 76 83 48 31 13 52 40 57 87 56 92 97 59 89 14 82 100 61 108 15 95 111
41 59 18 14 20 49 92 62 65 39 110 115 96 61 46 43 76 22 2 104 48 63 11 44 27 109 97 72 17 6 82 64 35 102 93 10 68 25 103 89 40 86 57 37 5 55 100 16 69 112 118 67 19 91 71 94 23 3 50 38 42 98 8 9 75 28 119 85 95 108 34 83 90 114 87 54 81 79 29 51 117 7 21 31 4 53 105 30 78 73 101 52 70 77 26 0 12 56 116 74
102 50 76 81 61 49 117 14 22 64 87 23 11 118 72 57 86 97 21 85 16 33 79 67 13 89 45 100 84 39 56 75 58 91 38 44 115 74 10 90 93 55 34 15 4 78 68 77 99 62 8 25 83 63 12 35 51 19 69 110 92 46 17 95 41 71 48 105 106 7 88 70 66 52 28 116 43 2 53 54 26 31 32 27 40 109 60 98 42 114 20 80 0 59 29 3 36 5 30 1
42 98 40 79 65 114 103 101 75 118 102 28 29 66 36 91 77 53 49 70 6 58 69 31 60 22 25 46 76 92 113 24 108 15 48 89 73 81 110 32 18 47 7 2 20 71 35 27 82 17 64 78 33 41 112 50 55 86 61 100 39 43 99 115 106 1 10 96 5 119 72 30 84 9 57 51 21 94 34 67 52 88 83 116 45 117 95 93 104 68 11 44 97 107 16 8 12 23 0 74
21 57 95 82 80 56 40 93 81 34 105 117 18 85 90 102 83 69 94 100 28 13 67 58 112 14 17 44 62 41 87 25 43 107 76 9 6 79 61 73 45 33 72 8 47 74 19 37 111 63 116 24 51 49 119 54 64 30 68 3 16 46 38 84 106 97 4 11 31 35 23 99 113 92 114 88 60 20 12 89 50 29 55 59 42 52 32 10 118 108 101 71 22 26 39 66 0 115 48 70
63 119 16 65 62 71 6 44 72 90 33 41 35 78 15 8 99 73 27 110 24 103 108 57 114 13 81 10 34 4 116 69 20 88 102 98 84 14 77 23 95 55 91 93 112 18 64 86 58 0 105 100 31 5 43 101 12 19 89 38 83 70 53 107 3 82 46 60 96 75 61 115 92 85 118 66 32 51 47 104 7 30 87 68 80 111 97 48 59 109 2 106 28 54 11 40 37 29 56 36
119 53 33 79 95 107 60 1 41 71 102 104 68 24 81 116 3 62 70 78 80 88 28 5 34 82 101 118 23 110 12 56 46 114 74 18 83 106 100 112 73 67 8 59 7 113 43 22 30 48 93 89 13 65 40 45 63 69 90 85 15 87 4 36 99 57 38 10 31 61 54 76 44 37 55 111 50 108 32 14 52 115 91 16 49 94 105 103 98 9 26 109 51 29 72 27 97 20 66 25
119 102 8 56 46 26 15 3 69 97 49 22 59 86 52 64 101 88 41 19 93 105 14 48 103 21 2 6 33 65 68 18 75 28 80 95 76 24 27 35 115 67 31 82 32 90 114 66 98 51 17 44 9 60 107 54 30 20 40 94 45 109 73 7 39 47 53 36 38 63 37 23 11 12 58 74 1 89 106 112 99 10 117 83 72 71 118 111 96 13 0 4 85 116 77 92 110 43 104 81
3 117 116 12 106 38 74 112 48 69 24 16 100 6 9 62 14 73 19 115 97 28 36 20 53 25 81 5 21 68 118 32 57 108 18 42 63 83 80 105 89 110 15 103 96 92 41 102 50 26 7 91 88 30 1 56 52 37 98 90 22 99 61 29 114 94 34 40 95 119 23 87 65 113 31 79 85 64 84 71 33 13 60 27 86 55 70 104 10 78 76 8 111 17 66 109 75 59 43 39
116 6 26 9 95 27 17 94 24 42 75 109 81 68 31 49 59 105 8 52 57 64 100 86 90 65 74 88 71 66 106 3 73 16 58 41 51 4 25 55 96 30 99 29 45 104 107 33 19 44 113 63 110 101 39 0 7 67 119 10 78 23 38 5 82 12 103 77 117 54 37 114 85 62 56 13 61 20 93 111 46 69 50 115 97 91 47 80 36 89 60 21 43 108 92 84 28 53 76 87
107 70 18 82 78 73 72 117 88 68 40 64 19 111 59 108 8 2 109 102 32 118 12 11 20 0 35 47 30 112 79 84 103 17 80 69 1 23 50 52 48 116 24 98 90 81 54 43 31 25 61 41 71 36 53 29 86 15 14 66 45 91 49 106 58 37 67 113 65 56 33 34 92 87 96 76 22 93 16 27 75 115 104 97 95 55 62 4 63 6 119 7 101 57 77 60 110 28 100 42
30 73 27 38 76 45 34 115 94 7 70 85 31 28 68 64 5 53 59 109 63 50 54 33 58 43 61 19 72 118 2 105 57 35 1 74 44 29 108 110 82 25 79 23 77 12 103 3 86 16 89 71 83 67 41 42 18 48 14 56 69 37 96 24 46 114 39 80 87 6 78 102 47 116 0 20 60 119 17 51 88 13 81 107 55 49 32 62 4 113 90 112 65 10 93 111 101 40 52 97
32 57 13 105 113 17 96 84 4 52 28 30 1 14 39 103 108 76 23 5 12 93 94 27 79 69 56 61 70 111 100 47 29 112 99 2 58 65 20 41 74 91 106 88 46 10 42 64 37 0 3 8 40 53 116 86 110 68 89 118 98 75 49 36 48 11 35 78 114 6 54 101 67 97 9 87 26 25 90 80 82 33 7 44 109 63 18 38 115 62 117 45 85 60 43 95 92 50 119 21
72 108 57 90 107 104 61 102 49 1 0 71 79 69 5 26 51 106 77 119 68 43 38 17 116 78 83 118 58 46 89 76 82 59 80 2 97 63 110 87 47 93 22 81 31 111 42 6 28 21 64 91 98 103 95 16 52 117 8 33 11 50 37 15 84 55 29 94 74 35 45 112 12 53 25 54 105 115 100 85 70 60 39 27 41 75 48 40 88 62 44 114 73 36 20 32 99 34 9 92
61 84 29 23 47 17 16 5 44 80 58 19 46 89 112 87 79 49 90 78 102 72 6 96 104 110 95 25 13 55 40 75 63 3 113 99 107 27 2 33 70 108 45 31 18 118 34 93 30 77 60 9 68 106 1 4 85 51 22 57 69 28 66 35 24 64 71 92 59 74 21 39 10 8 14 98 20 54 7 116 83 43 101 91 82 88 32 38 76 56 105 0 36 15 48 37 73 11 12 114
79 105 2 119 19 31 28 58 56 113 104 55 54 93 85 66 48 13 82 67 84 77 103 12 64 78 115 116 27 1 95 43 76 69 65 6 37 32 23 11 44 52 49 68 74 41 63 40 83 99 35 70 100 106 72 98 34 101 59 61 102 81 57 88 21 91 16 36 97 80 26 107 96 29 118 108 94 110 38 9 33 87 50 20 92 4 39 18 89 47 114 7 10 112 30 5 90 17 8 109
56 51 10 40 110 41 31 94 46 104 18 91 101 119 25 99 20 93 58 88 57 85 65 112 108 70 117 29 83 96 15 79 27 114 6 7 52 69 55 60 113 44 68 3 47 1 115 13 87 28 81 14 36 63 72 32 82 8 78 22 48 73 9 61 38 23 89 71 90 39 67 11 43 21 35 76 53 2 34 74 30 12 105 17 107 103 97 118 37 54 86 19 80 33 116 59 45 49 92 98
56 50 69 71 52 95 58 96 46 111 88 107 10 97 3 55 91 16 43 39 89 82 22 44 94 63 48 78 75 0 38 36 64 26 116 42 104 25 83 66 5 99 2 11 105 85 109 49 62 19 106 18 57 103 112 81 21 17 115 54 4 86 40 117 6 110 29 80 68 93 76 84 118 60 24 45 14 33 72 77 7 30 102 28 70 9 114 12 90 59 98 8 34 74 108 31 73 23 87 13
108 9 0 60 58 102 68 79 55 51 119 57 105 3 113 23 106 8 46 91 34 110 53 86 69 59 61 12 114 45 10 2 96 92 77 41 19 17 100 66 38 50 83 16 71 112 78 29 22 94 101 13 49 62 30 28 65 43 7 42 24 84 4 97 81 72 63 73 64 88 103 111 21 33 14 25 104 20 115 89 85 35 109 48 70 32 31 27 93 1 5 37 116 90 117 74 98 15 52 39
7 60 46 119 10 84 29 66 22 44 102 74 30 16 111 78 25 113 115 76 45 48 82 69 73 28 106 19 17 14 65 32 100 71 91 4 86 50 24 116 27 95 34 0 112 99 26 105 57 35 1 90 18 9 64 13 89 51 40 79 68 38 8 70 103 52 94 61 31 59 12 98 62 109 93 21 20 56 97 43 107 83 2 80 58 118 41 33 85 87 117 42 108 72 114 39 92 5 47 96
72 61 118 70 59 38 67 58 78 115 7 21 96 41 11 104 75 37 45 32 31 91 103 105 28 33 30 83 119 46 27 64 1 106 18 80 49 16 63 62 52 60 68 25 23 9 117 42 79 12 114 100 4 101 20 110 85 48 13 94 19 56 40 109 71 24 107 2 87 22 47 76 89 39 53 50 29 36 98 108 10 54 90 15 69 93 44 84 116 111 97 86 95 92 57 26 5 73 99 66
92 18 77 113 119 81 33 106 49 7 87 94 58 63 60 22 8 56 31 41 2 15 104 111 28 44 24 37 39 43 21 5 51 26 91 54 88 97 75 76 52 114 117 74 20 34 25 90 27 64 73 72 32 101 12 9 82 84 68 105 6 42 71 16 66 45 23 14 62 11 108 36 47 38 35 13 59 103 118 85 30 79 61 83 100 70 29 4 53 78 107 86 10 57 115 19 99 98 1 109
23 105 6 59 12 93 17 71 87 42 50 28 69 86 57 51 25 60 52 108 11 45 80 109 46 113 101 40 79 64 118 13 96 38 65 91 63 5 110 88 49 9 104 24 58 70 33 68 30 116 67 34 37 92 76 31 77 103 26 29 61 84 111 85 72 56 115 44 4 35 14 95 74 99 47 112 94 97 27 81 98 15 89 0 32 2 53 22 55 78 7 18 106 8 48 1 75 117 82 102
112 78 87 115 7 111 65 82 109 60 4 28 12 19 58 84 42 29 116 81 107 49 76 21 105 106 79 6 70 99 102 73 93 110 57 55 101 63 26 25 11 89 98 0 104 39 97 37 95 75 48 119 3 1 34 59 8 22 14 118 114 44 16 18 100 43 20 85 72 86 24 66 27 68 61 88 10 103 31 13 23 41 67 83 117 113 53 90 5 80 62 69 92 64 15 32 47 30 108 17
21 9 18 36 118 26 55 56 17 1 4 15 92 109 19 80 49 38 98 115 84 112 7 101 52 28 97 89 16 78 63 0 27 106 68 107 57 47 14 11 35 85 119 103 30 81 77 76 46 108 3 94 100 69 48 34 99 104 41 91 50 54 53 73 82 42 67 5 39 95 23 37 71 114 60 51 72 25 74 86 90 8 44 117 65 59 12 33 93 110 96 45 64 75 22 79 70 10 20 111
65 95 30 79 17 46 14 86 36 19 98 1 38 114 111 41 119 59 0 97 47 92 73 44 55 11 115 108 62 60 88 104 71 91 76 26 83 48 35 82 69 9 89 6 84 67 109 118 66 40 22 87 52 7 93 45 110 4 61 10 18 24 113 33 112 34 81 116 27 72 54 2 57 100 105 99 117 23 78 21 20 16 103 63 37 43 50 12 8 101 3 29 107 58 56 90 80 75 32 68
28 7 86 62 71 82 50 27 52 58 16 76 14 115 109 74 99 68 20 108 4 118 21 91 112 107 37 53 79 69 17 87 60 89 25 72 59 110 117 81 43 18 94 24 10 70 5 31 83 40 113 36 47 97 41 104 56 23 80 34 61 66 15 90 44 67 111 51 65 116 73 6 33 48 103 101 12 75 84 38 0 54 92 45 29 2 46 55 64 95 96 30 32 63 8 19 106 9 26 11
93 16 87 70 68 80 100 65 117 103 1 110 0 106 11 116 40 109 52 79 32 13 114 85 48 49 55 99 7 6 47 3 98 102 84 71 72 112 73 46 88 104 45 60 86 91 54 4 30 14 24 44 12 69 51 76 27 33 105 39 31 36 64 41 59 17 119 94 25 2 118 38 83 42 66 23 95 81 92 62 53 75 97 29 56 35 89 58 26 57 20 77 113 63 115 15 21 22 34 18
91 64 114 48 7 20 42 17 16 85 81 19 94 26 47 25 66 27 68 24 78 92 72 119 40 77 34 3 67 23 86 53 84 38 31 41 95 46 58 44 21 29 15 116 71 14 100 59 13 10 4 54 107 101 105 93 51 90 70 112 32 9 79 110 60 8 104 111 74 108 0 96 33 82 37 88 2 36 76 75 109 89 117 87 55 83 6 62 80 56 50 113 61 28 98 118 1 5 57 12
29 80 77 64 108 71 93 102 101 110 20 27 1 32 10 119 61 41 68 100 104 113 62 18 94 23 92 35 86 69 43 47 114 98 4 7 40 73 118 105 53 49 83 81 78 48 57 14 89 50 84 88 8 24 0 67 112 72 30 116 51 79 38 28 46 11 9 95 39 109 37 21 12 91 106 17 42 103 66 34 70 90 15 59 75 52 16 44 107 99 6 63 5 13 85 25 45 2 33 115
48 109 0 46 60 52 74 21 50 75 106 58 79 51 96 114 119 7 111 85 8 23 3 9 76 37 78 19 94 17 102 72 44 59 105 27 80 15 10 82 43 49 20 62 22 68 47 38 54 65 90 70 66 92 4 5 87 117 64 101 11 81 95 91 28 31 30 99 77 103 41 6 53 40 69 35 12 89 2 24 1 26 55 71 113 63 45 25 86 67 108 14 84 100 34 13 18 29 39 73
115 94 68 117 64 26 44 18 15 107 103 48 55 19 1 81 113 67 52 30 77 88 74 14 75 24 32 105 10 49 27 111 0 92 112 59 9 42 73 101 114 82 61 50 96 33 53 36 3 57 102 116 108 39 58 11 35 89 66 5 95 83 21 84 70 29 65 62 119 106 63 22 87 109 60 12 80 98 6 2 72 4 25 71 86 31 38 40 99 45 16 90 91 7 23 37 46 51 110 79
26 27 35 115 18 45 89 6 5 110 105 58 13 102 11 48 46 56 111 107 87 119 16 69 78 92 2 41 61 19 84 8 103 113 47 106 38 62 81 43 98 20 68 0 80 79 55 54 59 95 25 67 86 29 49 108 94 82 31 116 17 52 112 90 109 24 114 65 76 12 57 34 96 71 91 1 14 104 4 66 99 42 39 36 15 32 50 37 73 44 53 60 97 9 64 72 100 70 51 33
86 62 57 108 58 12 49 64 16 46 81 117 48 1 35 110 93 36 112 50 66 92 82 77 98 102 61 7 80 42 47 65 89 115 2 103 11 68 9 18 37 78 96 119 25 39 76 72 17 91 73 67 27 105 74 54 4 109 29 90 34 52 44 30 26 14 100 94 6 99 88 8 56 107 51 106 111 31 116 3 5 113 85 87 63 53 97 84 19 20 101 28 21 43 41 70 33 32 45 55
75 84 119 106 100 38 46 37 25 47 6 64 79 61 62 95 18 78 39 111 97 60 33 103 19 102 89 56 51 104 109 1 36 83 96 80 10 87 7 116 92 110 98 3 13 8 112 65 34 27 28 108 15 21 99 40 53 85 43 70 20 45 5 41 9 69 52 30 91 32 86 57 76 88 77 66 115 114 72 24 17 101 14 2 90 93 81 31 118 26 4 55 94 48 67 29 0 35 22 117
23 60 31 2 117 8 97 109 6 66 65 54 80 87 104 57 99 11 71 101 90 22 4 68 75 108 116 25 50 115 47 32 92 5 52 19 39 103 85 55 21 33 111 94 93 34 118 72 98 102 83 9 20 10 48 100 13 40 112 78 114 42 7 82 27 44 61 17 69 59 77 62 91 86 0 70 58 30 14 67 96 18 16 79 29 24 41 95 63 45 106 26 37 43 56 1 51 12 105 119
98 103 10 99 105 27 91 80 37 26 43 24 96 116 12 63 34 62 97 77 59 18 44 79 49 21 85 65 74 71 16 110 35 102 48 11 118 56 83 115 72 45 28 87 38 55 20 23 106 114 57 61 3 86 40 60 64 109 113 82 47 8 36 89 58 1 112 9 46 42 6 119 41 117 32 15 30 50 67 88 51 78 111 90 31 7 73 54 33 25 13 66 81 0 108 107 84 76 104 39
93 117 47 35 0 102 64 2 52 65 69 15 87 14 9 103 48 6 76 86 70 91 109 34 33 62 85 11 8 39 22 10 106 80 19 23 30 32 77 17 46 59 78 110 24 113 26 112 96 20 88 118 68 27 97 101 43 105 92 45 72 99 58 116 42 71 13 12 49 73 79 53 21 98 16 74 67 3 61 7 60 75 81 104 25 40 5 108 31 63 119 55 66 41 84 50 94 1 100 51
110 44 69 77 37 58 35 80 72 18 36 91 105 57 118 45 4 106 34 82 56 95 9 14 0 15 109 73 70 51 27 62 33 1 48 68 100 87 53 93 46 13 17 40 114 86 55 19 29 12 42 81 83 101 54 31 78 63 7 21 66 90 88 119 50 20 10 75 28 39 60 67 99 16 116 52 24 43 102 25 104 89 41 107 117 47 111 65 30 49 38 2 11 5 115 103 113 23 112 64
45 3 78 56 111 108 115 65 103 48 55 83 30 74 117 1 94 114 6 26 92 87 38 89 63 34 51 35 99 81 61 15 20 13 72 85 12 109 68 98 104 101 0 37 58 5 73 102 43 9 47 8 113 59 54 91 21 29 17 39 71 25 119 97 44 33 46 107 67 112 31 77 95 7 24 40 106 110 18 80 86 116 62 10 90 105 70 76 82 14 50 2 96 32 4 57 79 52 118 23
48 54 1 106 71 110 16 47 109 53 68 81 115 30 59 73 103 95 26 105 97 66 57 112 70 96 58 34 116 94 41 80 77 45 27 56 92 60 8 63 91 46 6 49 3 113 25 101 76 78 86 93 61 50 69 4 22 23 14 72 117 87 33 51 38 98 84 65 36 67 21 20 55 0 29 10 13 90 74 118 89 79 52 44 7 88 75 12 114 17 82 104 19 42 28 5 35 119 31 11
58 14 47 59 64 17 30 37 104 88 13 23 15 72 56 109 0 67 103 6 42 78 116 44 38 20 34 86 73 28 66 35 111 94 12 97 61 22 27 83 63 36 100 85 89 4 25 54 1 115 10 107 65 5 74 19 40 81 41 69 87 18 95 113 80 31 45 57 3 32 106 82 26 70 105 76 48 112 114 101 96 24 52 21 55 29 39 51 71 118 2 92 60 117 49 11 79 98 93 110
3 28 111 93 9 47 51 72 108 48 109 68 21 35 39 105 58 106 6 60 73 74 80 56 27 5 86 30 29 14 11 65 32 16 85 1 87 77 71 84 40 110 24 104 67 41 78 88 82 7 18 92 89 118 66 31 117 19 101 81 38 55 43 33 115 22 54 114 95 107 25 44 26 0 113 8 63 61 119 12 13 57 10 70 99 59 90 76 50 53 64 46 52 49 20 37 98 103 75 17
114 62 34 57 38 11 20 61 81 83 46 9 52 4 72 91 98 30 47 48 3 36 76 33 23 118 37 108 74 0 55 101 39 50 65 68 60 104 67 93 66 96 79 17 56 75 59 103 78 117 21 85 28 86 16 22 106 32 88 116 14 109 54 97 89 2 45 27 119 15 90 8 105 24 42 63 64 51 94 26 10 31 102 35 110 70 115 77 113 80 87 29 19 7 95 92 100 18 40 43
41 60 74 84 67 20 64 76 68 40 30 111 14 119 47 33 102 82 12 46 10 107 91 116 101 69 73 93 62 81 61 95 39 72 88 26 54 58 23 4 106 32 56 59 112 37 75 110 96 0 113 65 104 89 114 117 98 87 3 9 19 15 44 55 45 7 70 71 78 38 34 6 118 86 90 100 36 18 51 92 109 50 8 28 66 25 21 5 31 11 29 22 13 79 115 85 57 49 53 52
60 112 107 87 116 80 50 93 53 3 111 58 73 115 38 18 81 32 40 9 119 2 21 97 17 70 92 46 62 104 96 5 33 26 66 45 84 71 79 24 75 49 0 47 10 52 34 27 56 4 16 22 72 59 94 76 6 65 98 55 19 102 30 39 51 44 36 117 109 83 11 78 91 61 8 99 95 15 41 31 113 23 43 64 1 114 90 105 69 101 37 28 67 57 108 86 77 54 118 103
12 68 20 86 61 118 17 79 81 36 101 37 55 63 109 64 112 1 78 77 103 15 10 66 90 4 45 107 19 105 24 114 51 84 35 38 89 54 22 76 83 62 106 80 111 34 91 104 25 16 93 47 5 74 30 85 39 7 94 70 53 59 95 26 8 18 49 14 60 69 65 31 0 23 32 9 71 57 87 117 58 27 88 29 48 46 11 13 6 72 102 92 110 73 2 3 21 82 52 42
65 5 101 12 29 43 17 20 100 61 111 52 40 98 10 114 1 48 78 28 113 80 3 54 108 51 41 83 21 94 35 6 109 86 26 106 97 93 25 44 79 115 69 72 85 22 103 14 56 117 47 19 7 64 4 33 42 116 46 105 34 49 58 59 8 88 63 99 76 112 36 53 16 96 2 73 84 15 82 118 89 23 32 87 71 102 30 55 18 119 104 57 68 9 66 11 81 92 50 27
70 3 43 64 112 72 97 95 53 117 44 67 55 16 62 54 102 2 45 31 116 11 46 32 20 114 93 35 57 1 90 19 118 52 92 22 18 27 103 40 74 56 77 13 33 91 23 94 71 68 75 87 5 111 79 58 7 65 107 80 51 66 76 6 106 15 110 29 119 0 85 113 101 81 37 21 28 100 78 38 115 10 9 14 105 73 36 63 86 34 8 12 48 25 96 104 41 60 4 42
42 85 88 70 6 4 26 103 79 73 100 117 64 84 111 80 15 113 35 25 99 61 94 8 97 29 47 76 98 101 27 65 66 30 18 43 13 38 60 90 116 102 59 23 20 68 44 87 33 82 14 71 2 75 105 9 36 49 41 74 109 12 106 69 93 32 11 46 3 78 37 118 39 40 54 91 21 53 55 86 1 45 62 51 77 52 7 17 108 48 114 83 31 0 63 34 107 16 58 115
1 93 65 48 18 42 97 15 101 12 71 28 74 72 13 91 21 60 20 68 23 6 82 33 47 9 106 22 50 19 73 17 107 5 119 75 104 109 83 76 56 85 118 0 103 66 36 98 53 51 16 78 67 81 64 43 59 24 90 44 35 38 62 37 110 3 96 88 116 55 46 30 40 32 117 89 63 8 34 41 70 25 84 92 99 100 95 113 102 61 26 49 14 54 87 7 45 52 105 11
31 78 115 53 21 51 83 86 18 2 23 42 3 67 22 17 89 109 8 6 106 117 32 20 50 104 15 4 70 59 55 103 54 74 77 27 48 7 33 105 93 38 9 80 37 52 116 68 1 25 30 26 46 73 81 92 102 111 96 64 41 87 61 24 119 62 57 5 76 107 66 11 98 34 0 29 100 90 12 56 47 58 112 101 71 95 108 65 97 28 43 13 72 14 19 110 63 91 82 36
113 61 25 109 52 105 39 63 51 83 6 35 75 89 59 36 38 99 1 20 93 5 10 30 101 4 84 15 85 8 2 108 104 58 46 117 56 42 115 55 87 41 34 12 14 106 107 66 77 54 79 116 88 68 95 119 72 50 48 67 3 80 24 92 31 7 70 9 28 71 78 98 96 94 91 100 110 103 97 16 65 45 60 64 23 112 22 74 73 53 81 90 27 43 29 18 62 37 26 82
65 82 101 56 107 100 83 73 41 110 58 97 42 14 31 85 64 117 72 8 96 57 93 6 10 66 116 52 38 104 91 94 0 67 74 87 25 90 21 95 35 108 86 4 68 43 106 70 13 34 40 62 30 89 16 103 77 81 19 44 29 92 47 113 102 15 98 53 75 39 76 46 111 119 105 49 54 7 32 69 45 9 78 33 99 63 114 48 61 12 50 37 115 23 26 60 59 84 18 51
70 99 94 34 112 51 36 89 62 35 31 38 98 1 15 106 116 104 43 28 100 60 7 47 54 90 74 9 87 75 57 73 56 109 61 44 41 82 10 58 79 92 113 39 95 55 66 71 69 78 53 101 17 80 13 118 108 48 4 29 45 64 59 16 37 81 22 83 42 68 88 105 27 111 107 97 19 86 63 2 32 85 14 46 117 103 65 49 52 93 11 40 0 119 6 25 72 20 50 84
38 55 68 74 54 97 100 118 29 34 109 63 71 101 110 115 17 104 64 20 106 103 22 3 8 14 78 102 77 94 114 7 19 50 84 93 5 46 33 13 85 4 52 15 21 61 72 87 47 42 75 59 116 53 58 40 23 111 10 105 41 107 48 65 9 35 44 43 12 6 30 62 91 39 89 95 45 73 28 51 36 16 31 26 98 119 83 117 27 112 81 37 92 0 11 76 99 24 113 56
20 71 23 51 32 112 108 119 85 5 29 81 66 43 106 28 102 95 79 56 59 15 48 100 78 103 113 57 53 75 9 109 55 7 86 77 92 24 47 1 68 21 2 8 30 90 45 25 38 65 34 44 94 67 26 10 101 60 115 118 62 52 97 40 0 17 14 46 98 74 73 36 11 13 42 4 93 64 69 83 41 82 39 72 89 110 27 35 104 105 99 80 6 116 12 18 87 107 3 22
99 63 97 93 117 24 68 5 58 111 10 109 64 72 47 116 65 118 86 35 81 98 26 87 70 101 69 49 77 91 13 95 37 20 32 114 82 17 31 57 60 4 52 1 29 6 33 44 39 80 34 53 15 105 84 83 89 61 71 94 7 23 59 14 113 85 48 43 78 112 74 22 67 51 79 115 30 92 21 73 8 62 103 9 16 0 50 54 45 56 46 27 90 18 41 2 38 107 66 40
82 2 39 85 66 32 91 111 79 3 87 105 44 37 29 70 51 89 49 23 119 117 114 11 5 59 48 98 96 57 22 61 45 28 38 99 63 33 34 78 116 35 100 86 110 65 108 109 94 26 76 1 84 106 47 80 0 17 4 55 42 41 67 93 72 60 53 101 46 6 20 15 113 77 118 88 69 81 27 115 12 13 90 58 103 24 74 112 54 18 64 52 71 40 36 10 14 19 50 68
96 8 21 15 103 36 25 26 93 67 106 74 29 42 7 48 51 60 100 108 113 35 5 38 6 19 92 115 94 4 71 62 13 12 76 45 16 50 0 56 24 75 82 49 18 77 43 99 37 72 104 57 114 119 118 39 81 54 91 34 110 40 30 47 90 17 109 44 87 46 101 70 22 85 64 33 95 61 89 80 66 27 102 55 65 73 53 63 112 84 69 41 98 111 105 14 97 58 59 107
41 75 102 100 21 33 94 14 51 116 115 88 59 118 34 61 66 106 73 93 28 23 27 97 17 78 5 9 16 20 114 48 7 1 79 52 63 65 47 38 76 4 56 60 62 91 117 31 71 43 24 29 35 103 82 85 92 58 86 12 80 70 26 105 8 42 19 15 104 90 119 37 108 40 30 6 95 22 113 74 25 2 110 87 67 11 72 49 55 45 10 69 96 3 32 99 36 83 109 39
76 106 46 77 101 96 15 90 7 79 103 59 30 4 72 42 73 16 91 54 66 87 50 105 40 53 65 38 58 89 108 75 12 93 17 21 47 1 10 34 43 117 13 62 113 6 35 119 118 63 52 8 71 84 74 111 99 85 92 97 67 9 22 80 14 100 36 107 69 51 94 68 95 61 19 28 44 78 37 23 115 11 27 2 18 3 110 33 109 81 70 24 102 45 25 39 104 82 20 49
84 69 17 89 27 87 91 39 118 11 37 112 46 82 116 93 40 41 100 70 22 44 73 24 109 90 14 28 18 81 38 83 108 13 29 79 58 85 55 16 51 101 115 36 62 20 53 48 104 106 94 56 67 60 0 68 19 52 1 50 98 42 80 97 47 25 71 114 117 31 6 113 96 66 92 107 32 49 63 23 4 12 99 34 119 45 59 15 21 5 105 26 54 7 3 74 103 10 88 9
116 75 53 1 105 59 32 82 22 87 12 42 97 4 73 55 110 48 88 77 19 100 36 10 76 92 113 62 39 6 79 90 104 115 20 51 93 112 46 64 91 58 108 5 27 109 11 33 67 38 41 102 37 60 61 0 69 56 17 9 83 25 119 66 103 2 28 70 47 26 78 21 111 7 15 29 107 95 52 45 99 86 84 118 13 85 8 65 3 30 96 14 50 40 94 16 43 18 89 81
1 82 9 97 94 88 111 11 69 17 91 101 114 68 38 53 112 100 15 106 27 76 10 3 29 45 79 13 6 75 77 102 28 81 21 98 71 4 67 56 70 118 26 7 109 31 22 49 52 86 32 57 34 61 89 117 33 14 30 60 116 62 119 20 84 46 99 90 16 39 48 54 44 12 19 37 83 40 96 8 80 18 105 0 104 47 35 95 74 115 78 66 42 64 5 50 108 25 58 113
12 54 32 79 93 82 106 85 67 98 50 94 81 88 69 71 27 70 107 99 80 37 34 66 115 17 31 76 119 26 60 25 44 86 36 15 103 61 33 48 78 96 74 11 56 9 30 108 65 111 59 117 63 68 13 73 87 75 72 114 38 3 24 77 101 29 1 45 100 14 21 53 47 91 39 0 19 51 109 89 83 4 8 102 113 110 105 16 90 95 22 40 10 52 57 23 49 6 28 97
100 67 13 107 48 110 36 91 35 75 84 98 61 22 21 16 73 74 15 113 55 27 4 1 105 59 83 79 58 52 76 20 24 11 103 8 106 40 53 26 94 118 92 12 119 88 44 112 86 45 39 54 31 29 89 50 32 17 28 9 49 102 0 47 87 19 6 116 117 96 23 72 69 99 14 41 25 63 68 2 115 111 64 82 104 30 85 62 109 46 71 65 42 43 5 66 18 60 90 77
11 52 98 45 2 80 111 26 94 47 22 21 83 93 78 36 30 114 16 88 97 5 42 108 76 95 85 62 55 81 50 87 79 65 63 105 14 9 38 59 61 77 34 17 70 8 102 82 90 118 15 64 48 39 119 112 7 49 27 37 75 56 10 18 6 99 69 72 25 1 51 91 20 92 66 40 0 32 68 33 29 84 109 44 67 19 43 54 23 101 106 35 31 73 24 107 28 96 89 41
62 56 9 99 88 70 66 30 59 17 27 29 40 26 18 87 97 50 10 82 5 36 80 72 93 38 78 113 33 57 116 118 52 22 39 85 91 58 101 37 43 4 86 71 42 102 92 107 34 32 51 67 73 28 100 55 114 21 69 83 7 53 14 112 95 1 74 106 60 75 35 31 48 76 47 105 45 6 3 108 46 65 115 77 25 20 81 49 103 109 13 16 111 98 12 61 117 41 63 110
13 102 21 40 15 98 17 83 72 84 108 75 115 96 61 45 113 38 20 107 57 8 49 28 33 50 55 29 7 32 65 86 100 0 71 70 58 85 48 54 93 11 56 59 74 53 31 89 52 42 44 64 63 26 25 77 99 95 43 101 10 81 1 16 22 41 116 27 68 109 46 4 119 97 6 87 18 80 19 66 117 34 51 24 104 5 118 3 39 73 111 62 9 60 112 92 103 2 91 67
28 58 34 13 95 15 91 75 92 103 66 106 65 89 70 83 32 107 19 4 10 41 3 61 54 26 17 6 73 63 0 71 25 102 60 72 50 93 62 57 18 69 30 76 109 101 64 8 48 42 52 98 47 94 33 105 44 86 51 112 27 9 88 67 39 31 12 100 81 74 7 111 23 99 16 68 5 38 2 53 115 36 113 29 118 1 14 55 79 114 22 84 49 77 45 43 96 117 59 46
33 50 24 25 109 23 34 105 62 74 65 101 1 35 73 76 15 102 88 98 46 40 31 104 64 4 8 71 107 68 78 117 118 103 85 114 18 57 70 59 29 113 99 106 60 108 72 80 77 6 75 19 27 10 49 2 51 115 37 94 100 45 39 67 116 22 119 81 82 86 32 44 9 28 38 93 20 89 42 84 56 87 47 58 41 96 3 83 48 14 63 30 36 111 55 16 11 7 97 66
57 0 45 93 1 88 2 104 77 53 14 11 64 92 91 44 46 3 58 6 76 113 83 30 31 25 49 72 75 38 96 7 97 4 106 86 82 10 101 40 116 54 12 43 61 18 100 67 115 68 20 118 29 117 74 114 56 19 42 34 98 39 78 81 37 50 73 8 84 110 16 35 52 89 95 28 63 103 71 80 21 79 66 48 27 94 9 26 59 65 41 36 15 55 105 60 107 23 47 17
38 43 109 61 42 11 66 28 8 37 83 77 102 44 119 74 4 18 68 93 52 106 111 92 32 21 69 113 70 57 59 103 26 50 78 81 65 82 84 46 40 96 3 95 2 20 5 31 67 89 39 25 45 48 49 17 0 62 36 75 55 99 87 116 79 34 13 104 6 47 112 10 22 76 118 71 117 107 94 56 24 100 1 90 53 60 16 80 54 14 51 23 41 114 30 86 88 64 97 73
96 19 58 117 112 18 1 4 90 63 17 113 30 36 66 107 46 23 114 106 57 92 53 11 93 65 74 7 103 79 3 28 52 67 119 44 45 75 29 70 61 69 40 50 33 25 54 89 62 104 111 82 55 97 27 49 83 38 76 0 118 15 88 10 87 68 21 110 73 2 100 108 9 48 35 13 26 115 39 86 101 20 5 8 71 32 6 109 37 98 42 105 80 85 116 56 34 64 14 59
115 28 87 54 17 14 56 88 47 24 5 106 53 48 100 52 117 70 35 21 30 51 31 79 103 37 22 67 45 89 32 42 34 96 46 91 111 43 50 66 57 109 108 84 95 69 39 9 61 74 75 49 82 26 25 7 19 94 10 29 116 86 76 112 113 99 59 1 12 72 4 38 20 6 16 55 105 15 23 78 85 77 80 71 2 33 98 119 41 64 58 8 18 40 102 114 0 62 81 90
2 62 63 67 58 104 101 0 93 85 40 8 13 89 34 54 25 100 35 46 103 97 39 21 65 30 52 9 114 113 109 66 90 17 119 81 86 20 16 116 18 33 75 5 71 105 69 22 68 47 88 43 49 11 112 41 102 106 80 84 14 45 26 48 111 36 77 7 59 28 96 92 82 57 61 79 37 110 50 12 73 55 94 29 27 38 15 10 56 44 32 6 83 76 31 23 95 70 99 24
94 30 22 34 75 63 95 19 3 106 108 12 39 82 27 72 71 109 50 107 74 100 28 20 84 83 70 115 110 79 5 98 29 38 116 57 59 92 88 80 2 87 93 78 55 23 0 6 13 36 90 61 77 17 117 56 89 85 97 118 46 62 8 60 64 4 51 48 86 16 43 14 67 73 66 21 42 68 102 113 25 37 7 32 45 31 99 41 52 15 10 104 33 47 40 24 18 58 1 53
85 84 65 97 27 71 1 91 47 80 73 83 90 98 92 5 37 110 32 88 94 19 89 60 10 49 42 51 7 100 77 76 118 55 3 38 9 28 116 46 99 2 119 39 95 101 61 62 45 114 16 112 64 63 75 59 53 103 54 52 8 81 70 105 108 50 40 48 13 113 29 14 4 68 104 78 30 107 72 79 35 93 34 17 36 43 117 66 67 106 115 18 58 56 69 96 86 6 0 82
56 81 11 9 1 100 73 50 106 39 74 67 96 37 7 12 116 61 26 4 44 110 118 102 34 13 29 51 17 114 112 32 63 58 0 97 78 71 68 38 94 8 42 20 113 105 111 19 84 36 93 25 48 88 117 115 40 70 72 54 103 75 60 43 6 90 107 62 79 35 99 41 47 21 14 87 91 86 98 85 15 77 49 109 89 16 46 33 119 64 24 53 69 3 104 27 23 80 92 66
100 22 66 11 44 81 9 35 62 3 69 38 92 54 8 0 104 25 18 33 26 103 27 60 28 110 50 85 77 94 23 32 101 72 111 113 68 86 88 49 80 61 99 91 117 41 52 15 48 64 79 21 20 78 56 39 73 89 118 102 37 4 82 16 19 96 55 1 98 43 34 31 29 42 108 65 30 84 105 47 97 12 107 58 75 13 7 51 112 17 114 36 40 106 70 116 46 71 109 67
101 36 59 97 33 88 61 52 71 98 90 10 76 43 20 119 47 109 38 89 107 26 108 34 31 60 11 39 13 19 53 1 64 100 74 44 84 14 56 78 6 66 70 41 32 105 8 93 113 30 9 55 48 50 63 42 0 40 82 15 24 81 3 17 54 58 25 37 27 77 21 79 35 92 57 46 72 110 83 45 67 29 23 69 28 99 22 18 112 65 116 75 73 4 115 111 7 103 94 12
15 34 47 16 107 77 52 64 87 80 112 55 35 44 115 17 38 113 61 92 62 69 21 4 37 94 1 86 97 41 3 20 111 23 11 99 119 116 46 71 40 103 10 24 70 81 57 9 74 83 84 110 82 72 33 98 91 25 22 102 5 68 51 93 85 54 100 6 43 12 56 42 67 109 76 2 36 45 73 88 19 117 31 79 95 60 50 65 29 108 114 101 7 18 59 8 39 89 106 0
83 104 45 34 6 89 63 3 41 42 109 116 53 26 88 48 31 36 58 70 113 17 33 39 108 111 69 35 43 40 16 44 30 68 52 18 80 8 93 5 75 107 119 59 117 32 91 38 0 19 87 79 56 101 1 118 57 73 64 60 49 92 96 82 85 50 76 115 46 23 71 84 114 86 90 61 65 7 81 77 106 27 100 110 51 24 37 14 72 105 95 62 2 54 28 102 9 78 97 13
108 73 47 40 22 55 96 15 23 119 74 76 114 86 6 13 60 41 26 51 92 39 16 111 5 90 54 38 43 45 62 99 32 112 2 17 25 102 81 36 19 21 67 8 104 93 18 64 44 14 66 107 34 50 110 52 87 113 105 46 88 85 91 63 0 98 65 61 100 70 11 12 118 106 89 56 83 97 42 29 4 27 77 71 115 68 80 117 82 79 30 37 31 95 75 59 103 84 94 78
35 96 39 76 113 28 24 65 53 47 42 32 91 45 102 119 101 106 37 109 19 60 33 97 110 14 16 64 78 2 116 85 63 11 90 3 105 62 0 56 80 43 118 22 50 17 26 115 114 27 13 111 108 18 68 49 94 107 6 117 48 31 34 40 75 67 12 112 61 7 99 93 74 30 86 72 71 5 88 41 92 38 81 87 46 100 10 15 52 58 66 83 89 104 98 73 59 51 54 57
86 115 71 85 17 109 33 64 67 9 50 23 44 30 118 112 55 39 54 98 96 58 111 35 57 25 99 72 66 113 40 106 46 4 42 90 32 26 59 63 101 19 82 21 61 75 3 2 24 117 36 73 13 76 31 100 38 7 97 78 94 116 52 34 88 91 8 51 0 27 37 45 65 108 107 15 93 80 68 102 28 20 1 11 10 89 49 22 114 83 110 6 41 56 47 62 69 81 29 12
115 111 99 88 2 89 60 109 96 95 71 70 4 105 9 37 110 17 75 55 3 23 72 107 25 62 20 98 76 87 67 102 80 10 58 68 51 64 117 106 24 32 19 119 57 82 29 5 40 85 108 83 100 35 103 48 49 65 56 90 94 30 21 73 39 36 114 11 14 93 12 59 41 78 0 116 22 8 45 97 47 101 27 46 53 112 81 6 33 15 79 52 13 77 26 43 104 84 16 1
73 69 58 80 19 61 93 10 113 95 79 105 14 53 4 88 26 40 12 85 28 116 47 104 118 11 109 2 54 22 37 25 67 52 111 17 50 94 64 18 110 89 7 8 9 74 15 72 76 39 86 20 91 81 27 35 66 42 23 82 77 16 78 106 30 21 1 119 46 57 49 117 24 68 75 38 3 6 44 92 48 65 43 115 71 32 90 41 101 60 34 112 114 102 70 97 29 62 99 96
59 24 68 94 104 33 10 72 114 76 8 56 14 82 60 86 96 51 26 73 57 103 19 80 102 21 101 105 107 30 6 98 25 37 99 16 28 31 112 46 44 47 52 40 34 13 81 63 41 84 91 100 9 117 7 48 83 119 87 1 23 93 108 74 70 0 39 15 97 69 43 2 92 109 17 85 35 4 111 12 5 65 115 116 49 45 36 29 22 106 42 64 27 77 110 88 3 38 62 113
79 64 58 36 18 60 32 12 65 9 34 76 19 78 94 48 33 51 55 22 27 10 100 84 88 104 71 103 80 41 111 91 119 20 90 75 61 16 112 13 57 4 67 56 118 29 73 30 62 68 50 42 115 3 114 23 11 63 96 101 113 1 95 108 47 77 40 46 98 109 53 31 99 28 45 117 89 86 66 107 93 43 25 59 85 17 54 52 38 81 7 105 110 6 2 49 70 37 8 0
110 10 102 88 0 94 86 66 58 81 56 76 38 45 64 65 89 4 95 91 104 63 54 28 96 112 90 51 32 98 70 24 1 40 113 99 103 2 77 5 118 9 68 83 106 12 6 16 31 42 48 67 60 109 49 17 105 39 23 55 107 35 69 78 100 61 27 46 11 18 14 84 74 8 15 25 57 22 97 116 119 114 21 59 72 34 44 3 30 47 82 43 62 85 117 29 80 50 36 73
38 80 57 107 23 18 85 119 110 115 58 111 56 30 84 49 25 17 26 101 99 8 9 71 105 28 118 45 63 92 94 114 83 65 35 44 67 50 61 16 96 73 117 112 95 69 54 47 36 81 98 93 22 52 5 27 76 34 31 51 70 12 97 89 33 86 68 59 48 42 37 108 55 19 113 24 53 10 39 106 60 79 116 103 104 87 41 1 29 91 11 21 15 109 77 7 6 4 82 90
89 60 102 106 56 2 79 18 42 52 50 67 30 92 13 51 49 0 37 35 95 115 119 71 34 82 26 65 105 68 12 48 80 59 63 94 75 43 10 9 24 15 27 86 8 39 62 111 31 118 77 11 57 97 87 55 91 113 78 104 41 4 6 110 16 29 88 21 32 81 85 22 98 44 64 54 99 61 7 66 116 38 33 73 47 45 69 100 83 96 107 101 28 72 93 53 70 14 17 5
6 107 68 18 117 79 32 72 15 59 14 44 115 49 110 5 63 36 94 11 89 3 70 98 61 20 118 113 43 66 77 42 88 29 51 9 33 39 81 80 57 41 103 90 38 119 30 74 62 116 87 71 99 52 54 28 96 108 25 84 8 50 26 7 82 53 105 12 114 100 16 34 46 67 95 93 86 13 17 58 35 0 75 21 31 56 55 24 111 47 19 106 22 102 64 65 85 1 2 60
102 64 118 88 37 54 35 114 117 25 4 17 107 96 115 15 49 38 8 13 20 55 5 72 59 61 68 108 62 77 113 112 0 16 90 56 44 23 39 63 48 89 52 86 78 99 105 36 9 92 71 10 83 45 91 7 81 14 31 87 94 22 3 21 33 41 51 42 66 1 53 67 12 116 28 98 97 18 26 60 6 50 69 65 84 109 95 40 19 57 32 79 70 85 30 119 76 34 75 24
60 73 29 61 0 106 111 25 14 57 91 24 2 21 66 65 4 90 89 75 84 104 80 55 82 54 93 58 109 39 17 77 3 72 45 48 12 16 112 31 71 30 85 70 107 99 33 36 43 98 79 92 7 96 119 15 38 105 86 108 19 49 67 23 18 97 62 53 13 42 94 28 116 95 101 27 114 22 50 68 52 100 37 78 1 87 64 83 103 102 6 5 10 81 63 76 47 115 34 44
87 84 72 58 41 10 18 74 104 81 13 0 77 23 26 57 112 92 56 61 31 98 109 39 102 108 73 37 22 101 54 32 91 17 86 116 99 110 59 15 100 79 78 50 45 20 106 16 24 21 28 9 62 76 118 3 33 7 27 88 83 49 38 48 4 95 97 46 69 94 96 113 80 6 115 14 11 52 29 40 30 71 103 82 70 107 68 60 1 8 85 119 12 47 35 53 51 67 90 63
39 97 69 8 27 44 20 71 107 33 52 42 37 15 31 53 72 83 73 23 26 77 19 68 24 47 0 113 119 82 59 85 66 4 93 51 65 105 46 32 6 22 67 78 80 117 118 109 58 56 114 13 62 94 36 35 99 88 104 34 29 100 30 16 92 43 101 60 49 74 96 50 57 103 116 115 11 63 64 25 14 76 75 7 5 12 18 48 61 95 38 89 111 17 9 2 21 87 40 41
20 15 94 26 39 5 95 109 3 83 0 78 117 112 7 70 87 81 29 113 13 52 98 107 36 63 41 100 12 11 89 119 60 76 97 115 53 105 2 73 103 37 42 18 49 45 65 14 25 102 40 77 58 28 31 86 104 32 30 17 56 47 62 61 72 57 9 46 6 1 114 80 34 38 69 44 22 108 79 101 54 93 74 43 99 91 82 27 71 23 10 116 33 4 68 64 16 8 85 92
107 42 14 55 57 93 89 80 95 12 34 62 100 10 109 70 9 108 26 75 24 106 102 32 74 69 7 115 99 63 31 56 61 119 4 17 29 19 118 111 6 103 72 3 50 110 13 60 112 113 21 67 33 25 77 40 71 43 51 58 22 36 41 35 2 1 48 86 38 81 85 44 52 30 98 28 90 37 8 104 11 54 65 49 23 87 66 73 82 94 117 88 78 59 79 105 114 91 92 97
15 95 38 0 5 40 47 115 70 103 31 44 33 85 41 26 13 80 114 101 10 45 94 100 51 21 67 97 18 36 77 55 23 111 61 1 72 59 79 109 60 54 53 88 3 20 22 48 113 116 7 29 78 90 43 27 107 28 64 32 89 106 17 86 58 11 46 99 39 35 108 91 117 8 93 14 6 9 62 102 2 71 82 42 49 52 16 73 104 83 12 96 25 118 98 69 37 66 57 19
48 44 116 18 68 8 62 47 87 104 5 24 38 49 83 2 19 84 65 55 118 60 108 80 81 67 43 96 42 112 6 86 10 72 111 1 78 85 46 20 93 75 52 54 106 50 33 28 29 94 113 88 34 109 26 110 3 102 36 69 27 7 9 56 45 59 114 37 95 16 91 17 90 71 97 32 11 79 74 25 89 4 21 0 53 57 99 13 101 41 23 64 100 63 92 14 76 61 39 82
38 44 11 28 57 5 107 16 21 115 50 62 95 27 79 12 9 1 112 82 90 89 54 93 39 91 60 45 34 74 26 64 25 17 88 18 56 80 31 33 71 51 13 7 73 70 98 68 30 105 65 24 29 66 96 77 114 78 47 119 6 53 118 111 94 72 108 32 92 46 52 19 75 99 110 87 2 69 76 83 23 59 85 116 3 100 40 106 49 63 15 37 81 22 97 109 67 0 43 61
112 84 48 37 59 30 3 29 91 46 83 66 28 71 73 45 69 32 95 44 85 113 62 16 23 41 21 94 102 17 42 54 78 97 47 18 109 100 115 0 60 6 34 9 74 75 5 61 64 57 39 53 38 99 119 68 13 33 79 114 56 82 111 105 58 92 20 7 19 76 87 26 15 52 90 86 65 89 80 24 106 67 88 10 101 49 81 110 72 107 96 31 8 93 25 1 51 50 104 116
80 42 77 111 107 30 101 108 29 38 4 96 97 74 61 22 63 11 98 19 35 62 6 99 93 18 25 102 116 95 91 21 32 26 47 17 78 2 86 40 90 114 51 104 24 84 36 73 8 10 44 115 58 71 39 14 66 7 13 59 68 12 48 60 43 85 113 87 64 70 37 67 5 112 109 31 9 41 56 53 88 16 69 72 106 52 65 94 75 100 76 1 118 23 45 34 82 27 83 28
46 6 75 115 56 8 103 90 49 95 19 57 12 93 111 26 54 37 35 80 17 29 11 88 45 83 44 85 39 41 22 86 74 13 42 58 1 102 25 62 76 118 65 113 27 82 32 47 51 9 66 79 23 3 69 96 40 31 0 20 77 4 71 48 94 50 97 67 98 53 36 100 14 101 33 38 7 21 104 119 60 89 84 105 28 108 16 106 63 117 10 87 73 34 114 116 5 112 24 72
11 54 74 108 104 43 20 112 102 50 18 73 35 12 96 62 64 65 100 19 44 93 6 99 58 118 94 41 82 87 8 45 84 51 22 115 107 105 63 36 86 67 28 9 3 98 101 2 91 49 53 60 46 59 70 33 71 0 66 37 106 23 16 83 14 111 61 5 42 34 72 77 95 113 52 97 90 17 21 31 10 7 40 110 24 79 29 4 55 69 92 25 81 47 13 32 85 27 30 26
104 78 12 6 81 87 31 21 65 48 46 44 9 72 13 108 86 92 84 76 30 102 101 82 57 4 22 71 20 68 2 73 27 109 106 28 8 93 14 56 85 105 34 37 11 29 77 45 80 97 89 63 90 114 60 88 100 36 1 38 69 111 32 7 47 26 103 49 25 5 33 98 74 70 41 10 35 23 24 43 18 67 52 107 75 15 116 3 17 119 117 118 79 83 64 62 51 0 54 91
9 92 45 72 76 17 53 114 7 91 55 81 117 5 8 100 35 75 63 107 6 23 103 109 85 36 49 48 104 57 95 97 93 80 46 39 67 66 40 106 28 82 71 101 73 110 69 61 60 56 52 19 99 31 98 37 11 113 21 18 74 15 0 64 22 44 51 111 62 118 54 42 29 78 47 84 33 27 16 41 108 105 116 96 83 25 14 43 112 24 86 50 115 79 89 38 94 2 26 90
32 81 29 57 48 85 9 115 25 16 80 91 93 63 88 20 117 35 84 71 76 26 33 17 18 97 53 14 65 101 54 64 107 95 36 108 61 0 55 50 114 102 106 98 113 79 70 75 13 39 46 94 1 82 24 72 96 103 105 116 92 69 41 56 99 78 62 89 42 68 5 51 38 49 60 90 86 77 109 45 83 100 15 27 28 47 111 31 110 6 11 37 112 34 4 87 21 23 67 30
26 93 38 94 103 106 7 28 16 54 25 65 30 40 86 49 85 8 34 1 10 114 5 82 75 71 111 32 35 62 59 78 20 15 37 112 68 0 89 77 36 107 17 90 42 48 9 97 101 109 13 64 45 29 50 11 4 117 108 56 84 81 27 80 99 44 22 33 119 67 41 66 76 72 14 116 3 73 57 91 105 6 52 53 58 39 19 43 118 31 60 51 100 98 55 21 23 69 18 92
19 38 87 65 22 41 107 58 29 89 8 100 76 66 24 39 17 97 90 69 112 5 37 56 95 16 96 48 11 78 43 54 51 86 2 77 21 9 64 15 80 46 57 44 1 23 25 83 73 33 110 10 93 109 7 52 28 106 118 104 91 85 32 99 18 105 61 102 116 27 117 30 115 42 59 62 35 68 84 26 103 53 81 75 70 0 79 114 113 71 36 111 49 40 34 72 60 14 63 108
55 64 45 90 52 0 78 87 39 77 117 85 106 111 107 7 115 53 102 66 65 97 72 4 56 58 67 93 9 95 22 30 119 69 92 99 75 79 2 49 36 18 81 80 104 112 5 26 42 41 14 20 61 88 48 24 34 47 23 1 33 31 17 91 51 116 10 82 8 98 11 118 43 13 86 103 16 63 28 114 113 101 96 50 54 59 94 32 108 12 40 76 38 35 60 73 25 89 62 110
24 112 42 105 26 54 97 32 102 31 67 11 46 117 109 3 6 75 60 63 76 4 73 59 86 62 21 56 111 95 48 81 74 43 66 22 68 104 82 34 110 113 29 115 27 12 91 77 44 89 23 0 106 78 79 37 19 114 52 61 108 100 99 101 55 2 39 47 18 9 90 92 8 33 5 17 51 57 16 35 98 103 119 13 45 87 25 50 118 64 65 1 80 30 72 40 84 49 58 53
117 29 50 63 71 73 70 116 75 118 15 92 18 80 74 67 7 13 48 83 1 59 77 2 57 111 35 97 60 96 36 20 33 17 0 100 4 61 95 101 42 113 76 112 37 54 84 87 9 41 72 22 39 51 86 58 25 105 102 110 108 93 89 99 32 26 64 3 78 65 109 34 47 6 81 85 90 45 40 19 43 88 55 49 91 10 94 103 12 5 66 44 115 98 21 119 46 104 106 52
85 87 60 99 100 2 114 84 24 106 119 51 40 91 76 78 42 115 45 105 1 66 75 41 9 74 77 108 43 59 32 5 23 50 33 56 19 16 25 89 35 103 47 52 113 11 104 109 7 68 18 117 80 112 30 58 69 73 22 101 13 61 98 63 118 0 86 29 36 102 6 116 72 10 4 54 82 81 90 34 39 3 28 48 79 12 88 55 57 64 71 97 107 37 17 15 46 65 94 70
16 10 13 111 42 41 27 33 15 72 18 83 60 49 0 14 90 61 109 64 54 40 89 78 23 115 73 106 39 35 45 114 31 25 75 59 117 30 58 107 32 113 8 100 80 110 82 48 36 43 102 3 34 85 24 44 91 12 63 77 17 97 69 99 21 52 6 112 96 50 20 94 66 108 2 84 47 9 86 11 98 29 53 116 38 67 71 95 26 87 118 68 105 4 7 57 37 103 5 28
103 113 52 76 22 85 37 28 18 10 72 86 119 21 12 14 43 45 74 102 24 1 47 107 57 38 34 61 6 111 56 115 89 114 48 83 32 80 101 108 91 92 71 40 2 33 110 36 54 93 87 90 100 41 23 77 97 75 95 70 5 26 19 3 105 15 49 99 94 79 60 0 30 98 42 51 118 16 11 68 31 117 104 78 106 82 109 59 17 58 96 88 8 65 81 4 9 29 69 27
7 46 77 29 55 44 8 87 35 9 48 110 73 93 107 100 16 17 114 102 98 103 80 50 59 25 119 96 21 40 12 5 33 81 88 3 108 111 61 94 56 14 117 66 67 69 76 20 84 43 1 99 68 64 41 104 91 82 65 38 27 78 42 6 10 113 70 53 54 11 30 32 109 37 31 45 75 26 71 101 57 36 92 116 18 72 83 85 97 105 62 4 19 0 15 2 28 13 58 39
98 32 71 111 68 106 113 33 26 4 91 40 30 16 53 41 21 86 97 89 24 39 73 76 12 52 65 74 50 115 75 79 77 84 80 25 78 116 67 92 117 42 114 14 62 13 2 118 108 6 61 85 8 107 59 51 0 72 20 82 15 45 96 19 22 17 28 88 60 63 64 18 87 100 57 31 48 99 95 9 66 104 54 109 27 70 101 10 110 58 3 69 94 49 23 7 36 47 5 112
92 101 6 18 87 82 28 3 35 21 8 12 17 58 81 59 84 83 42 57 53 118 113 7 88 15 32 65 98 36 80 117 69 33 47 116 0 108 67 97 77 105 79 103 22 112 43 25 75 29 16 51 55 5 50 34 1 85 110 26 107 38 76 99 104 73 94 86 48 102 111 2 56 63 19 41 40 31 46 11 37 95 68 93 70 66 20 4 64 61 119 78 39 71 45 13 23 74 30 10
82 22 80 43 118 61 102 88 31 101 116 13 12 113 103 35 15 28 11 95 117 79 99 92 90 2 112 67 78 44 77 32 81 104 16 97 53 48 85 40 57 74 19 108 63 55 30 106 24 73 46 64 66 107 70 65 45 114 72 51 26 100 17 29 23 25 68 39 94 6 71 69 42 87 52 8 47 109 91 75 49 58 50 20 83 110 105 4 18 119 98 62 115 93 59 34 111 5 33 1
73 18 4 52 93 75 51 99 101 44 63 7 89 103 28 79 92 77 57 24 113 31 81 9 96 67 98 112 6 85 39 107 29 19 12 8 22 74 58 95 23 72 14 64 42 46 82 76 49 56 116 90 84 3 78 37 59 117 68 70 2 62 11 118 102 38 48 94 66 16 30 83 119 61 110 0 100 1 40 86 13 111 109 88 104 53 87 26 91 47 15 32 55 54 43 34 45 25 10 17
46 104 52 19 48 103 57 35 68 32 1 113 91 97 108 27 45 37 102 109 100 116 101 80 7 61 94 87 10 77 110 28 0 2 16 34 12 83 51 64 24 88 107 44 73 36 25 96 55 39 118 70 53 59 5 42 66 63 89 40 38 29 114 18 99 6 26 43 11 95 20 67 117 4 14 82 30 85 74 111 105 84 8 49 22 23 50 98 33 15 47 65 69 71 93 86 78 3 56 92
10 70 43 85 42 13 112 1 15 76 88 77 110 28 86 89 14 39 7 27 104 84 119 75 4 67 51 106 3 22 78 96 30 81 111 12 62 107 73 93 9 92 100 113 118 6 24 61 71 82 97 105 37 63 64 58 99 72 31 25 0 103 33 5 102 117 94 44 34 23 65 40 45 68 101 55 109 8 26 91 47 48 50 90 32 54 116 56 114 49 60 74 79 87 21 2 80 35 18 16
10 41 82 23 5 95 36 25 32 116 30 105 38 46 51 24 42 45 11 63 43 102 119 65 89 53 34 103 91 81 28 13 15 60 35 72 71 115 68 29 88 9 31 96 93 75 94 61 80 57 27 58 84 12 7 54 59 117 19 20 107 21 16 67 17 114 48 8 18 106 49 87 73 112 1 109 74 79 118 22 14 100 6 83 76 85 37 110 78 101 3 44 0 113 55 47 52 50 86 40
21 57 110 31 71 103 22 98 87 118 41 101 55 109 92 40 17 59 39 35 47 95 34 117 113 24 20 108 37 63 79 89 49 25 19 32 36 6 82 44 66 81 43 12 104 102 52 75 7 13 116 14 29 78 88 85 5 107 16 3 11 1 51 56 97 100 74 53 48 84 106 70 26 80 69 91 0 4 38 94 50 9 33 23 65 61 114 58 45 60 93 54 99 111 72 86 115 27 18 119
67 25 101 96 3 84 104 33 87 54 10 111 53 64 72 98 51 47 92 65 38 71 40 81 26 90 49 114 95 100 113 119 73 22 83 23 28 116 89 118 19 105 57 74 20 117 76 29 77 31 63 93 58 109 75 36 41 60 0 78 4 27 62 2 32 16 5 91 6 37 97 30 103 86 14 69 55 21 102 94 48 99 17 35 18 39 8 24 52 11 107 110 80 85 108 13 7 1 112 61
69 81 59 51 8 87 66 102 93 10 117 39 44 14 42 91 64 20 112 78 116 54 108 19 3 105 92 16 96 115 94 45 111 11 83 26 72 84 98 100 103 55 73 58 86 7 5 30 46 9 29 0 65 41 24 114 28 1 50 77 43 88 110 61 97 52 107 76 74 36 63 118 56 89 119 80 60 31 99 23 38 33 34 2 17 79 35 70 82 57 104 90 22 113 71 85 101 75 4 68
66 85 103 40 74 45 42 37 114 104 58 4 10 50 53 3 19 59 64 116 73 7 51 72 12 79 35 16 38 95 56 102 93 76 65 70 20 57 28 91 80 13 32 46 0 17 105 6 81 78 109 23 41 106 86 99 101 9 119 68 22 82 39 5 60 52 117 90 84 36 15 30 69 98 89 49 97 67 24 43 112 111 62 27 44 115 71 47 1 77 94 108 107 92 33 25 14 88 55 63
85 11 39 36 3 40 84 2 88 111 34 16 103 19 53 24 22 23 91 7 4 104 33 25 116 63 90 41 115 83 73 67 60 21 27 107 112 48 99 59 66 26 30 45 75 109 72 96 71 80 69 79 29 31 13 106 108 101 0 38 100 50 68 119 47 35 5 12 15 32 105 81 43 77 46 97 93 14 57 87 56 28 110 118 117 17 70 37 86 74 78 64 92 6 51 1 44 65 8 82
59 46 69 96 18 101 6 104 22 12 41 48 36 74 23 85 89 33 72 97 5 34 38 56 42 58 32 118 93 88 99 27 63 52 110 77 73 35 81 86 17 70 82 9 1 109 16 57 14 76 26 25 45 83 8 75 60 2 21 80 106 79 44 0 10 105 3 13 67 19 28 111 90 7 102 114 94 103 71 84 49 47 15 95 51 31 62 30 43 11 4 115 68 20 107 112 66 61 39 117
76 98 63 15 17 109 33 111 105 8 34 68 16 97 23 84 50 119 117 28 89 2 100 55 52 27 88 106 19 59 1 91 22 4 83 108 69 72 14 71 118 18 74 78 36 73 38 64 40 29 21 85 66 104 102 57 43 99 112 114 24 93 61 77 54 46 116 9 32 86 26 11 113 81 48 5 6 95 62 80 65 44 35 20 47 42 12 79 101 49 107 45 10 13 94 103 70 60 115 0
101 33 108 60 62 29 11 115 15 19 48 94 1 68 38 93 64 10 83 77 86 102 53 57 17 84 105 117 89 50 45 23 27 116 103 25 71 6 13 52 43 26 58 82 110 72 55 40 90 2 69 8 21 22 34 97 74 113 92 28 47 5 3 87 112 70 41 100 18 51 76 65 85 9 107 80 4 109 61 88 20 54 16 30 91 31 119 44 66 36 59 75 111 79 42 37 106 99 14 96
67 55 89 103 80 70 81 59 28 104 84 24 91 78 94 9 36 110 41 34 98 7 100 29 8 82 72 54 77 63 118 86 117 18 40 88 50 38 93 69 39 22 1 105 2 109 43 4 57 71 10 16 27 14 60 85 79 6 25 99 49 47 56 115 44 65 64 111 119 32 92 62 42 108 35 113 45 5 3 102 95 90 11 114 116 0 112 68 76 61 48 87 19 97 66 20 21 107 75 37
91 55 60 49 103 41 26 100 47 119 56 51 10 17 114 53 36 89 64 117 73 32 30 42 6 48 61 24 23 90 28 110 66 59 9 33 25 69 82 58 75 20 44 81 31 2 102 105 29 4 111 71 54 101 35 85 94 78 40 67 115 43 113 76 74 68 92 21 22 52 72 0 46 19 116 8 98 5 70 112 1 96 62 65 13 109 99 50 95 84 88 93 83 57 108 7 118 34 15 80
57 47 44 46 78 36 65 25 115 63 102 22 117 90 58 105 85 77 27 6 74 59 93 79 88 60 109 10 32 53 100 106 1 72 99 70 30 75 68 11 12 92 73 3 71 112 33 28 18 55 38 91 19 43 24 64 111 42 61 50 5 84 94 13 110 80 54 86 26 108 41 35 51 69 8 83 45 62 9 104 0 113 103 114 14 56 89 81 116 97 17 29 4 87 7 40 34 76 20 15
75 43 15 42 90 12 80 19 85 113 29 76 69 60 104 77 16 105 67 2 73 89 5 94 110 63 20 18 46 4 37 38 7 6 119 57 83 0 3 84 53 31 55 107 64 79 36 71 44 59 34 108 70 50 47 40 111 78 116 74 93 30 95 25 117 61 39 52 28 22 27 114 41 97 98 92 106 99 91 14 56 35 72 65 17 8 23 81 51 21 96 9 112 102 26 33 66 58 32 45
59 91 117 43 62 85 38 97 53 93 24 84 6 79 119 74 30 16 76 26 103 118 39 56 101 46 114 95 5 54 60 2 64 18 17 63 28 44 109 47 94 37 32 106 112 80 82 41 34 89 96 4 107 71 65 67 69 27 45 61 83 19 15 102 49 25 22 52 87 35 75 90 29 86 116 48 78 14 70 81 21 88 40 105 98 55 115 11 50 9 7 110 100 58 92 72 42 1 3 66
7 40 36 21 11 102 2 95 115 9 113 50 61 33 14 117 26 110 69 43 73 68 1 99 52 114 4 86 75 44 45 66 54 97 59 96 13 87 12 19 32 60 91 58 77 82 22 103 98 78 107 80 17 55 112 39 41 15 88 92 83 25 28 10 100 56 29 84 63 57 94 23 119 53 67 16 108 101 89 116 47 35 27 3 106 31 42 51 64 48 5 38 71 90 49 72 34 76 70 104
43 57 78 93 90 0 22 110 67 63 87 112 23 28 56 5 95 115 86 107 60 116 102 81 48 42 79 108 96 37 21 103 34 70 50 11 18 52 13 97 80 76 72 99 113 4 68 114 1 30 82 101 17 58 29 59 46 69 117 16 41 47 26 45 51 61 91 85 83 12 66 89 7 24 55 106 9 94 53 20 73 54 14 98 92 49 62 8 27 25 32 111 31 10 44 15 109 39 84 38
103 23 53 117 86 67 33 60 93 26 1 12 62 112 88 43 90 76 58 36 5 77 46 114 30 16 113 100 50 56 110 24 2 104 48 69 105 95 38 79 14 54 94 89 70 17 97 80 3 39 64 40 83 6 35 41 44 68 21 13 47 7 118 20 106 119 78 55 31 42 87 71 0 84 34 10 49 74 25 72 81 75 57 109 61 108 115 22 18 85 96 111 11 101 99 9 82 66 65 8
80 116 34 50 83 39 112 93 81 115 92 76 68 119 87 2 21 82 69 0 88 114 42 97 86 27 79 95 24 90 35 8 23 105 56 30 17 53 46 44 11 73 100 101 5 118 74 117 75 94 64 91 104 38 28 84 36 54 107 78 40 15 29 45 9 85 108 3 48 62 13 49 25 60 59 55 26 99 72 20 77 22 6 103 113 41 33 19 18 16 31 32 110 4 65 109 51 58 71 7
62 97 39 17 52 100 31 3 60 79 29 34 115 92 89 111 104 81 64 65 30 23 51 63 99 57 116 78 8 58 109 71 14 61 21 44 33 2 68 108 70 72 67 28 86 50 45 54 107 93 13 10 24 25 118 84 41 26 91 75 90 20 77 98 55 12 95 38 80 32 73 37 7 113 53 35 4 42 66 105 88 103 112 74 11 96 1 16 5 101 22 43 85 47 119 114 59 69 15 56
46 7 39 70 85 22 93 89 104 0 87 77 51 17 64 37 24 95 111 96 8 19 81 9 75 108 57 91 116 56 59 68 101 5 79 47 66 25 6 117 10 82 43 69 54 14 84 83 23 106 4 73 102 58 1 63 80 119 18 88 109 90 3 42 99 49 28 62 110 98 20 44 103 12 41 65 94 50 53 16 78 67 21 40 31 76 74 100 2 60 105 115 48 30 34 113 61 114 55 36
37 77 9 92 115 30 84 28 4 36 79 95 54 56 48 43 85 17 117 52 68 94 2 67 33 81 97 61 19 35 101 15 112 26 106 6 74 102 119 42 13 60 59 39 7 76 75 107 58 105 55 16 41 40 12 18 93 80 14 91 31 46 50 98 62 27 83 21 51 38 49 116 87 23 20 44 113 78 72 3 25 69 104 71 24 22 108 114 0 10 110 47 1 88 57 45 70 65 64 5
16 100 77 46 6 85 27 32 88 50 107 8 81 78 41 18 44 15 57 86 69 63 5 9 10 4 98 79 71 56 105 48 84 76 65 35 68 108 61 24 0 87 104 119 117 101 80 3 39 13 26 83 33 89 62 60 43 74 94 20 91 21 11 45 93 28 118 52 97 112 29 49 113 82 96 55 75 42 102 116 23 47 40 36 14 38 111 95 53 37 7 1 17 99 106 19 51 58 54 73
111 18 102 70 24 54 37 46 20 22 81 106 1 107 101 67 5 119 117 91 96 53 103 66 98 11 80 31 59 74 16 39 84 116 79 56 97 6 27 34 33 76 55 115 104 38 25 19 29 32 15 65 28 58 64 63 94 2 26 43 113 10 30 8 4 95 36 23 45 114 83 61 112 14 41 21 52 109 7 73 57 110 44 108 42 92 89 62 40 118 3 13 51 77 48 88 69 68 17 85
27 20 96 15 84 29 94 97 91 6 19 63 44 33 105 114 45 117 0 115 41 82 77 101 8 108 58 88 10 109 4 39 13 74 95 2 102 55 65 49 92 106 104 87 111 76 1 16 93 81 14 62 57 51 103 40 36 72 69 48 100 60 67 12 37 71 64 98 75 52 113 56 116 119 17 112 83 59 70 42 34 28 18 24 54 31 21 11 90 22 46 85 80 110 35 3 25 118 78 53
61 70 63 56 108 19 107 102 67 119 24 114 39 22 104 73 26 28 80 116 9 115 74 112 68 96 0 77 51 3 87 31 17 83 93 11 105 90 32 71 27 14 78 82 76 33 40 49 41 2 60 91 29 89 50 97 52 81 59 30 23 48 64 55 12 21 15 110 5 53 10 103 6 13 38 100 43 66 109 86 117 98 106 65 44 79 84 1 4 95 18 111 54 101 99 16 8 34 20 88
61 40 89 38 37 87 50 66 22 114 26 28 8 47 68 62 36 94 2 5 48 116 21 33 7 59 0 4 75 77 23 109 30 95 1 58 49 112 14 39 46 65 115 15 79 64 103 70 96 88 107 85 101 6 43 113 119 80 97 111 55 27 71 98 13 92 82 86 31 74 117 3 35 67 16 84 41 91 53 44 51 9 52 106 118 72 60 29 34 32 69 76 104 99 105 83 42 93 100 54
7 3 110 66 35 56 94 89 91 111 83 60 22 31 4 113 2 106 86 29 49 33 45 41 17 16 119 109 116 8 74 34 15 21 67 42 27 114 28 52 79 70 55 87 1 18 63 24 112 39 93 107 47 30 44 62 51 85 40 73 48 77 11 84 75 101 102 6 98 23 103 104 53 43 88 58 12 105 92 118 32 54 65 46 108 50 71 38 100 76 82 96 115 57 37 26 64 69 80 95
74 87 6 46 111 7 68 88 54 113 23 84 109 79 4 31 85 92 35 93 63 64 76 61 5 2 3 57 82 13 10 65 114 50 15 116 81 107 78 86 66 27 89 103 72 62 8 39 40 25 32 83 101 11 119 48 60 98 94 49 102 26 75 77 90 21 34 118 30 112 105 71 59 55 67 9 36 52 18 20 91 47 0 38 70 42 28 12 115 14 44 69 33 99 96 51 106 16 45 53
9 41 8 64 106 22 52 62 46 83 61 0 69 60 26 90 108 56 42 6 77 85 99 96 53 30 118 45 82 91 55 48 72 102 40 95 51 114 119 4 18 5 57 117 109 78 101 110 36 34 74 37 10 24 100 105 31 1 28 103 66 104 116 20 16 25 2 43 12 32 54 27 38 63 15 21 107 71 65 44 59 89 93 73 115 112 29 75 23 35 58 87 13 113 76 70 11 92 14 86
57 44 96 92 69 31 104 70 113 51 63 114 62 97 16 59 108 12 35 5 41 2 55 98 91 29 27 47 81 26 3 85 34 117 17 74 60 107 106 95 83 72 14 93 66 28 99 52 15 68 36 61 37 89 18 39 58 1 88 78 75 118 103 30 4 42 71 46 33 94 20 112 116 38 82 7 25 45 80 111 19 56 105 21 8 43 64 101 79 23 54 6 90 100 24 76 110 67 53 86
78 55 115 50 10 105 102 101 49 85 40 91 79 81 90 104 15 48 89 34 23 58 46 43 13 30 59 73 72 92 99 118 80 19 112 70 74 31 42 4 114 1 63 45 6 62 96 86 84 37 27 17 24 61 97 32 71 117 106 20 41 88 68 26 69 22 116 93 54 77 75 56 14 5 98 39 57 0 103 52 33 76 25 110 108 67 113 12 66 47 51 28 95 119 7 21 53 87 94 8
89 52 106 90 9 31 84 92 99 102 95 96 83 4 20 2 58 16 51 88 69 61 3 91 105 43 0 42 97 37 45 108 79 73 44 75 115 1 10 22 81 54 118 93 18 109 49 23 104 107 8 36 82 87 53 39 33 29 40 72 55 114 63 74 67 21 80 30 117 13 19 110 24 76 66 103 7 27 111 38 98 77 25 85 78 32 35 100 64 62 46 112 70 6 56 57 113 68 60 101
48 73 91 54 106 59 67 83 7 37 34 116 24 8 22 70 17 75 119 61 1 19 82 33 113 84 29 25 45 20 65 101 89 72 104 21 87 31 16 41 94 76 39 13 77 90 99 52 102 117 9 95 30 58 35 69 51 5 49 55 118 2 53 108 109 97 27 23 105 4 85 110 15 38 79 32 111 56 107 57 50 114 86 115 12 14 81 10 42 40 26 66 78 63 62 68 112 92 64 100
108 19 40 59 109 64 20 29 82 18 96 11 94 0 22 24 104 107 67 15 100 89 12 66 17 102 76 63 16 52 13 106 6 44 88 115 87 113 25 91 86 105 61 41 34 119 9 93 30 62 31 57 21 50 83 14 54 8 7 46 26 101 65 55 51 80 85 111 68 110 72 53 84 49 117 118 33 78 95 36 60 38 98 35 114 74 75 2 10 42 71 47 81 99 92 48 58 112 39 56
103 27 83 40 72 24 16 118 95 58 30 119 64 37 79 3 43 56 13 106 9 33 12 59 93 11 6 100 28 36 97 15 60 0 89 26 68 94 80 102 50 101 66 25 65 53 87 74 96 51 98 99 8 117 113 47 90 105 91 67 31 73 81 46 1 7 20 77 92 78 112 116 23 108 19 48 17 110 21 5 88 29 71 32 35 114 85 69 18 70 62 63 57 44 104 82 84 41 54 42
57 15 22 113 114 85 101 50 77 23 111 79 106 41 54 58 2 43 9 69 89 94 107 44 72 47 116 105 78 60 87 65 1 93 26 70 39 32 52 37 61 55 82 95 59 86 27 67 7 76 16 5 19 24 29 109 42 33 84 96 88 62 90 104 28 36 6 71 74 31 83 20 119 102 0 30 115 21 45 13 66 18 64 99 48 56 4 75 98 38 12 80 25 68 118 46 117 11 108 91
119 36 102 42 17 10 19 5 78 92 57 82 104 67 34 18 88 31 103 91 11 21 77 12 38 87 79 110 30 23 2 85 24 112 29 27 94 32 109 69 62 72 116 108 84 66 0 118 3 39 114 105 15 7 28 35 54 52 20 99 43 83 86 95 80 89 107 100 25 70 93 37 33 6 16 1 48 9 53 76 101 46 63 90 8 115 58 68 13 4 113 64 71 98 40 117 55 26 106 56
94 76 116 8 82 26 33 38 23 6 75 107 108 56 21 62 74 119 104 78 28 47 106 42 58 57 67 77 61 109 25 53 12 88 0 79 95 73 44 70 89 51 40 71 86 24 69 68 97 7 22 117 34 30 72 2 59 91 52 32 37 118 17 87 90 49 100 18 20 83 31 3 41 85 96 92 101 5 110 13 19 81 102 112 54 46 48 39 84 4 1 99 14 55 15 16 11 115 43 93
31 50 69 77 29 86 114 81 67 71 110 64 108 24 10 116 7 70 66 23 53 87 109 102 9 83 94 97 45 75 56 33 15 63 8 2 106 117 84 68 82 4 20 46 80 36 47 41 93 99 22 54 14 52 107 18 6 96 27 59 43 40 49 113 13 34 79 88 111 72 28 62 25 21 48 105 42 115 90 95 101 17 92 58 74 100 37 89 51 91 35 85 32 98 30 73 44 16 65 5
64 32 37 119 65 102 118 87 57 94 113 60 100 116 114 1 68 69 29 61 76 17 85 19 105 93 77 97 31 91 43 46 23 84 18 58 42 106 71 70 78 59 36 12 108 26 73 51 53 9 4 16 74 98 41 39 86 99 117 112 89 90 75 48 62 96 83 0 14 27 110 56 79 15 82 38 88 45 107 63 49 34 50 30 28 10 80 92 67 72 13 21 5 3 111 115 24 2 7 25
101 106 52 31 90 73 20 113 29 116 102 68 12 25 103 61 77 6 34 72 30 15 7 21 45 19 8 65 40 100 86 115 24 109 38 95 60 99 1 81 71 67 70 17 111 63 32 96 82 39 110 18 85 36 10 56 0 41 27 46 69 78 76 75 43 83 112 50 51 62 93 80 105 42 35 87 79 92 89 37 108 11 2 117 58 119 9 54 74 3 91 47 107 55 118 14 26 13 94 53
18 2 42 79 26 32 92 8 107 5 55 111 36 101 41 59 96 90 3 97 33 56 16 30 80 39 93 47 51 61 73 28 68 52 105 25 20 7 104 119 40 95 38 78 69 84 98 19 94 70 34 114 37 22 64 24 21 23 4 11 12 81 31 27 50 110 77 66 6 109 57 86 99 35 88 102 85 17 71 117 49 48 112 43 75 44 58 45 53 115 1 100 54 108 103 13 91 83 76 63
111 9 29 12 90 56 119 25 30 1 7 6 36 18 79 100 110 116 67 23 31 50 40 16 89 4 81 5 80 11 49 45 77 93 107 55 106 14 54 20 76 43 48 96 101 28 105 64 8 109 65 92 98 78 52 26 63 94 117 61 108 13 87 114 42 102 57 37 62 33 2 74 22 83 35 27 59 103 60 70 112 97 38 104 24 32 46 118 41 51 99 3 91 73 95 19 34 0 71 68
10 73 79 116 110 9 14 29 76 19 87 1 7 33 53 57 38 68 102 56 62 90 4 12 112 75 86 52 71 104 66 115 39 40 35 61 119 109 3 23 117 65 11 97 64 50 83 54 59 21 55 85 58 107 92 25 43 48 47 20 74 113 88 103 105 70 34 89 46 27 5 31 32 22 81 94 42 84 108 17 45 8 96 100 36 16 6 51 63 24 78 30 15 111 0 41 114 98 67 118
99 49 115 83 68 10 58 22 80 90 13 6 23 44 89 79 86 73 91 29 52 54 74 43 28 53 37 15 19 98 33 110 40 117 85 116 36 42 101 8 118 50 45 94 27 18 17 47 55 38 81 32 76 61 4 63 92 104 102 60 88 21 112 71 96 41 100 108 69 39 119 1 56 20 113 84 82 57 34 65 5 48 35 103 31 106 24 2 93 77 59 109 30 14 11 75 70 62 9 66
