76 77 29 89 32 12 38 108 1 91 106 40 13 90 31 24 116 107 117 58 100 47 56 87 80 21 3 119 115 72 88 93 68 7 112 6 67 57 96 8 62 59 45 60 0 102 51 17 118 78 95 5 52 103 20 11 85 42 63 44 94 66 64 104 19 97 34 4 84 99 114 75 43 105 10 22 35 2 30 70 111 74 86 48 46 27 26 71 28 92 61 14 39 101 98 16 33 53 36 113
106 33 3 37 95 25 2 87 22 58 83 24 60 61 104 7 52 116 115 5 67 97 119 6 103 36 84 28 89 50 44 17 13 108 47 86 109 72 40 16 117 100 35 31 4 73 71 39 15 118 91 74 78 96 54 107 80 105 9 94 79 10 57 0 81 111 82 113 34 63 68 101 55 19 110 90 42 76 51 49 102 1 93 77 64 66 29 98 23 18 65 56 14 70 20 45 48 12 41 30
8 33 109 58 37 98 67 46 97 20 117 90 73 101 4 1 39 56 69 24 42 22 93 14 102 18 11 9 30 52 94 26 68 79 10 86 92 19 5 57 21 32 116 41 47 35 91 104 60 110 49 2 43 107 0 112 25 76 88 31 84 65 16 71 13 119 96 95 45 36 55 64 7 82 70 83 44 115 62 103 75 12 85 118 59 3 66 80 29 89 6 51 108 61 38 78 74 40 72 48
12 115 72 52 87 57 77 8 6 111 19 30 80 24 34 112 10 26 35 1 97 101 84 50 39 90 4 93 105 68 110 40 102 106 18 96 47 100 7 94 58 48 98 103 60 73 3 62 81 82 79 65 49 109 31 27 29 108 117 32 42 54 67 0 16 75 28 15 113 22 17 37 2 114 5 95 78 71 86 64 76 11 116 25 44 33 104 118 70 119 45 61 88 66 13 46 41 23 43 89
26 89 76 72 8 63 74 44 52 0 66 67 34 54 53 88 24 18 14 81 40 86 6 17 95 119 112 92 65 114 108 23 57 50 100 110 117 71 30 97 2 4 69 68 109 38 62 104 99 113 33 31 118 22 94 37 79 115 84 83 93 59 107 20 32 106 21 39 111 98 102 60 82 96 25 42 55 9 48 103 80 27 105 85 56 3 45 51 7 19 49 5 64 16 61 75 77 116 78 41
70 85 90 67 24 84 71 73 78 29 95 50 18 99 105 23 6 82 47 89 119 12 19 87 48 8 118 92 107 112 75 100 113 60 102 40 21 22 101 54 64 37 77 7 59 3 72 42 1 86 111 68 30 44 14 32 62 81 9 16 117 2 88 55 94 25 11 96 33 51 74 43 103 45 53 41 58 39 80 34 69 106 98 28 83 66 93 26 110 108 49 104 61 65 0 57 10 31 35 76
42 111 29 33 78 13 101 60 30 23 73 24 95 27 52 49 112 70 12 43 56 20 11 36 61 54 79 80 57 68 118 34 81 67 85 72 1 102 75 38 100 35 90 64 115 45 0 106 47 98 96 119 14 55 108 22 97 46 103 91 18 83 63 4 32 25 105 2 117 7 94 110 40 9 16 28 87 107 5 76 82 113 31 74 8 62 89 84 19 93 104 39 99 50 92 10 88 6 116 37
4 45 87 107 20 38 69 18 101 48 80 111 42 85 23 83 16 21 34 50 58 1 99 9 29 35 24 89 97 11 67 72 109 44 40 37 41 39 76 70 94 54 25 105 74 8 110 27 71 86 47 65 77 104 59 82 28 116 112 22 91 55 84 49 61 66 73 7 106 30 56 60 63 75 5 43 46 98 31 33 17 108 3 115 113 2 114 78 119 12 100 93 81 19 32 118 103 6 117 57
3 6 37 64 89 2 62 4 82 74 65 29 12 86 109 113 96 101 19 88 23 76 91 119 90 18 8 97 117 80 68 45 70 61 33 95 14 59 25 21 26 77 47 85 30 71 67 31 69 39 36 115 72 73 28 5 32 63 110 51 27 58 9 112 94 49 53 108 17 79 20 106 93 15 7 50 10 66 22 13 118 105 42 103 111 41 78 40 43 100 44 52 116 87 55 1 102 98 16 54
108 110 0 114 33 45 48 69 23 63 21 25 102 29 76 100 36 106 40 5 83 66 11 39 79 55 9 80 42 116 47 57 60 43 74 38 19 94 68 113 50 117 27 67 98 73 92 58 13 4 15 97 107 115 59 65 81 82 75 89 22 95 1 37 8 99 16 78 34 84 72 52 26 61 112 28 93 32 24 62 30 90 44 109 14 54 12 41 17 87 118 51 70 71 101 7 56 35 85 20
36 55 56 79 51 12 101 61 20 30 3 37 50 81 52 115 5 108 65 92 67 43 73 71 72 6 77 17 80 33 102 63 8 70 29 76 96 4 58 23 22 110 7 31 39 64 49 24 59 116 82 117 9 21 19 40 47 46 74 99 14 62 68 60 10 95 109 11 107 53 113 1 119 34 13 112 84 32 87 86 15 48 25 85 26 83 114 28 89 104 100 18 90 0 38 94 75 78 44 118
99 107 119 117 36 28 61 75 88 118 47 44 111 48 94 45 106 80 67 83 91 23 60 37 7 32 65 81 49 97 72 84 18 16 9 96 12 66 8 85 98 0 115 26 19 35 50 27 4 40 11 51 20 114 59 108 43 79 24 53 58 64 41 101 55 15 42 103 38 34 3 63 14 21 5 30 71 89 68 74 93 73 22 86 1 70 95 54 76 104 39 82 105 6 25 116 62 57 13 33
45 78 67 65 108 14 102 109 20 57 118 64 99 87 5 110 104 113 31 117 119 93 43 40 97 12 116 98 28 114 82 35 16 9 37 69 112 22 62 11 61 36 73 15 100 107 6 94 80 56 74 47 8 49 41 63 44 4 72 3 52 105 90 76 60 95 13 30 46 23 71 59 85 25 55 42 89 21 101 26 10 83 66 50 2 88 77 81 33 32 84 48 39 27 34 106 1 29 54 91
20 37 115 68 84 25 111 14 107 114 44 19 62 15 93 11 86 80 73 103 36 32 7 43 105 96 67 64 48 87 91 26 71 40 1 13 27 102 76 55 51 29 110 56 108 38 65 30 61 109 99 0 90 88 58 116 42 112 81 10 74 97 118 28 52 78 54 57 46 100 50 72 117 47 45 92 24 119 5 21 69 60 18 49 89 39 113 83 77 4 66 34 94 53 35 79 75 16 106 104
51 41 2 7 80 16 113 14 58 94 103 5 49 8 47 35 77 95 48 67 109 22 108 36 6 91 85 100 32 97 50 1 17 21 44 69 26 104 88 54 55 89 115 12 87 117 61 107 101 0 119 59 78 19 83 23 57 66 74 60 70 39 24 96 84 63 9 75 112 118 18 34 52 53 62 65 93 20 64 40 10 99 11 37 42 79 114 90 106 56 92 25 46 110 30 45 72 4 15 31
65 35 114 29 56 15 57 39 24 55 45 100 30 12 87 60 22 97 70 106 69 99 40 5 47 31 33 66 2 94 52 80 95 86 110 84 53 61 117 42 105 108 112 85 37 73 20 98 23 59 21 48 62 64 19 41 0 44 68 78 50 103 91 118 71 38 28 113 54 76 10 63 16 11 26 25 116 7 92 49 3 34 109 79 1 67 8 111 83 36 51 27 81 88 58 102 74 9 13 115
41 73 75 110 95 88 19 57 117 9 10 3 67 68 43 8 99 63 25 78 33 61 92 28 32 119 102 6 30 42 31 84 59 39 103 86 101 4 64 40 34 56 44 72 97 79 53 58 114 94 77 22 17 45 14 104 54 76 51 70 111 74 100 50 105 55 113 18 5 118 38 115 13 91 21 65 60 52 109 49 29 27 37 98 87 0 23 108 35 93 112 46 47 107 48 24 81 69 116 36
64 56 47 71 2 83 90 16 43 81 74 119 85 27 34 3 84 100 13 7 70 26 22 87 79 36 49 88 33 23 30 35 109 110 6 21 92 98 31 91 113 5 28 45 18 46 55 111 41 117 60 95 51 66 72 86 114 48 20 93 0 1 32 106 38 69 50 97 102 105 10 8 11 76 12 107 108 65 68 54 99 94 63 61 24 42 116 82 77 19 53 96 112 80 37 14 104 75 73 78
67 0 37 32 86 12 94 20 18 21 44 3 34 63 76 23 65 55 14 15 33 106 72 26 113 62 38 98 79 110 46 45 90 29 109 61 75 102 93 17 97 80 77 83 7 95 22 4 78 10 118 47 31 40 87 48 28 81 107 51 2 66 84 53 64 27 104 91 5 43 36 6 108 100 85 82 103 71 88 41 60 52 101 56 68 57 24 8 58 117 74 13 39 112 116 11 54 30 99 25
82 118 52 12 32 94 4 46 63 16 23 106 14 76 85 5 29 73 68 49 119 81 39 17 36 109 80 24 42 96 3 84 11 101 55 33 112 6 22 27 110 74 83 108 62 19 34 71 20 57 90 10 111 75 50 67 35 102 93 95 117 113 43 59 104 107 7 21 45 99 116 15 54 64 86 56 30 53 1 72 47 0 13 25 41 9 58 92 37 69 70 77 89 51 61 91 2 65 66 48
68 33 57 110 42 4 102 99 27 56 52 103 101 107 61 11 37 7 67 14 24 94 69 106 63 111 92 8 26 15 59 104 41 35 112 40 2 64 88 65 10 9 28 118 70 18 87 81 22 47 36 13 75 1 72 16 12 43 100 55 96 0 58 90 108 73 109 97 31 71 39 3 77 38 74 17 20 48 5 80 114 54 85 60 46 62 6 119 34 98 30 113 49 86 32 83 66 19 76 82
73 13 27 83 87 39 116 10 96 40 47 45 106 20 35 60 81 11 114 99 2 4 67 91 31 63 44 79 58 109 119 72 53 59 88 8 84 33 52 77 50 76 89 41 5 22 3 46 107 1 78 28 65 25 117 23 26 71 38 68 9 21 80 12 112 85 6 115 94 51 101 75 37 70 93 95 61 90 36 102 82 15 97 32 92 17 7 14 48 56 57 24 62 86 108 29 118 113 100 104
49 117 35 27 38 91 48 85 86 87 25 106 44 71 5 93 81 45 23 36 67 61 84 2 103 57 116 105 111 0 69 108 43 118 32 78 119 11 53 55 79 31 54 109 3 40 112 102 8 107 33 60 29 63 7 115 95 101 94 76 46 74 47 28 100 68 97 19 59 9 39 88 50 4 30 56 24 66 72 80 98 73 37 65 58 51 113 64 12 104 16 21 6 92 18 52 70 15 34 90
11 35 97 40 57 102 31 85 37 33 58 65 86 117 34 66 5 42 48 98 112 106 54 15 107 43 51 52 56 0 18 71 118 8 59 36 115 69 26 17 89 95 104 6 88 84 47 53 92 111 103 108 45 68 29 79 81 7 94 96 77 55 72 110 50 73 80 22 21 28 74 64 109 99 75 116 113 114 105 2 87 3 4 82 91 20 93 119 83 60 70 61 13 90 16 46 10 76 44 24
76 19 66 42 106 79 85 101 117 103 54 39 86 92 44 52 93 20 61 32 27 57 5 1 100 87 88 83 58 75 95 112 15 63 3 71 80 8 84 60 25 26 114 46 6 68 89 48 50 116 37 28 2 62 94 34 53 64 73 109 110 21 104 65 119 4 16 118 96 47 11 24 56 12 29 72 40 77 45 70 105 35 38 0 33 30 10 115 14 23 99 98 69 13 55 9 90 81 36 7
107 64 39 79 78 19 92 48 25 5 34 15 87 115 106 12 36 51 42 96 83 14 22 88 76 93 53 40 8 33 41 84 118 16 113 68 37 97 26 31 2 80 3 6 109 44 63 103 62 101 99 119 0 60 85 59 47 58 21 86 7 23 82 98 17 69 27 65 70 75 111 11 71 56 67 81 30 73 20 1 38 35 95 114 54 104 112 102 77 72 57 94 18 10 43 9 29 61 91 100
75 12 61 49 54 32 94 14 81 56 24 5 16 35 29 82 86 63 25 101 45 66 7 80 87 119 70 46 88 104 55 95 98 108 36 37 85 111 51 118 57 17 41 13 27 115 34 53 112 50 21 100 22 110 38 71 47 19 91 96 30 44 42 65 59 74 117 107 106 60 109 26 77 93 6 3 0 52 64 67 1 18 62 90 39 89 10 48 73 23 28 4 58 8 72 2 76 97 9 78
48 116 23 106 72 90 59 3 76 24 85 25 61 5 91 10 112 83 70 54 78 27 6 100 44 64 52 101 22 107 74 113 81 111 108 87 75 43 32 60 79 69 1 88 57 16 86 45 109 18 55 115 31 80 65 58 46 36 93 53 13 42 94 97 35 104 15 118 103 37 29 71 19 8 0 89 77 98 96 26 117 62 40 67 105 28 20 2 95 33 102 51 110 47 11 73 41 50 56 99
102 119 90 79 15 36 104 45 53 72 29 107 114 60 108 11 92 10 50 67 48 55 2 47 17 97 71 74 51 112 27 82 73 84 62 68 44 12 56 9 78 88 34 21 33 109 22 65 94 93 23 63 64 25 19 105 26 83 16 87 31 32 8 86 70 117 59 103 37 95 0 96 77 85 100 43 98 89 20 5 115 118 57 35 80 91 7 14 13 28 38 101 24 75 116 40 66 110 69 49
26 118 113 54 47 50 58 33 22 65 44 51 36 117 88 14 75 25 87 82 108 112 52 7 64 92 27 6 84 11 115 60 4 28 70 67 24 111 93 2 16 48 95 38 81 1 59 37 90 39 3 102 114 34 94 19 61 21 0 12 45 13 103 15 91 98 89 72 76 29 80 119 18 53 86 71 43 9 55 66 42 79 69 56 10 78 31 57 35 85 83 62 100 23 63 110 68 20 116 46
80 75 65 53 52 92 0 63 43 116 87 117 89 2 93 84 18 45 72 78 9 12 55 97 30 106 82 68 113 102 95 35 109 108 21 104 110 105 23 29 46 14 38 101 32 49 114 37 28 69 99 24 60 42 56 3 34 47 88 19 13 94 81 11 115 40 44 7 112 118 57 22 1 26 86 73 20 61 76 103 71 90 67 98 5 91 31 36 16 119 10 77 27 6 64 85 50 33 25 39
53 24 28 102 64 33 2 12 117 31 105 100 0 37 39 4 83 86 6 112 77 54 97 50 92 16 18 93 21 32 66 90 59 118 51 17 38 34 22 101 81 75 48 113 119 30 8 3 42 98 62 35 60 110 58 95 23 52 94 65 13 15 89 63 108 106 29 91 116 103 44 111 87 27 9 99 109 19 49 43 61 85 55 76 1 56 82 79 26 69 14 5 115 20 73 25 41 36 107 70
45 34 72 12 60 107 2 111 105 20 108 32 99 17 42 65 98 9 57 16 44 29 119 50 15 66 39 76 58 30 62 87 82 21 24 106 4 63 48 89 41 104 115 56 1 109 0 53 85 90 74 23 55 70 83 94 59 43 18 77 95 80 3 69 67 96 36 93 38 100 10 28 86 84 19 71 114 31 78 73 112 14 103 118 117 47 101 113 49 110 54 75 97 25 92 8 68 79 13 6
115 35 5 17 38 78 48 75 109 15 112 110 59 22 20 24 39 26 67 12 100 76 71 58 62 66 13 69 70 43 23 41 16 83 8 65 97 53 74 4 64 118 94 63 51 50 25 104 6 95 81 2 55 1 99 61 72 111 89 101 73 47 84 105 114 117 108 98 116 93 34 9 57 29 40 96 14 102 0 54 33 86 44 7 113 103 36 28 3 82 79 107 77 42 92 52 46 60 68 21
35 59 24 99 107 112 89 81 42 66 65 41 26 55 15 97 14 100 29 106 103 90 36 110 71 61 69 102 109 12 53 54 21 39 6 73 119 23 114 60 34 37 16 30 91 57 38 84 8 93 63 56 72 77 33 11 70 48 3 45 17 104 4 86 20 31 46 80 118 7 19 76 18 115 74 52 32 98 88 50 67 0 92 87 5 27 101 22 62 47 96 105 116 10 40 82 75 108 43 13
43 11 14 108 27 5 105 59 52 63 55 90 4 48 71 42 86 7 77 89 112 92 101 115 88 106 60 46 109 103 67 62 84 53 19 111 15 66 25 23 0 22 97 61 91 80 114 26 64 39 98 33 78 41 8 70 69 24 72 35 119 100 58 13 36 96 110 51 3 99 9 2 37 82 93 118 49 21 32 20 31 65 113 76 104 95 74 94 83 85 107 54 50 28 18 29 117 75 116 56
101 25 69 105 46 58 119 20 95 100 93 92 56 75 61 111 35 114 103 38 44 66 45 115 41 63 1 15 67 31 99 112 6 71 33 104 11 49 29 23 65 82 30 96 52 54 72 88 84 48 36 107 68 60 74 62 21 13 24 17 51 34 3 57 79 7 113 12 32 109 39 42 89 106 16 19 97 28 10 70 94 108 18 81 9 0 5 98 90 110 50 55 76 22 14 26 37 8 53 91
87 23 4 20 71 42 26 102 27 75 19 8 66 107 21 16 80 93 104 67 83 47 3 62 64 55 10 6 88 52 12 94 73 96 82 110 90 74 61 22 117 29 17 49 44 51 84 9 2 86 65 72 28 50 0 11 31 79 103 33 100 78 43 114 68 101 13 45 57 37 60 38 109 48 39 115 59 76 81 108 111 30 63 119 112 40 53 69 34 56 116 15 105 113 36 106 46 7 70 24
36 104 65 75 109 29 103 52 111 77 69 68 48 49 116 73 117 37 33 64 115 0 62 89 13 80 53 108 7 60 79 118 70 119 85 94 87 38 2 15 61 35 41 95 98 6 16 113 20 83 39 12 3 17 24 19 97 66 112 27 8 82 91 78 1 76 50 18 34 107 5 14 21 88 92 23 10 9 105 106 100 72 57 67 55 28 71 54 59 47 56 90 96 40 22 46 63 44 26 4
38 72 52 10 98 34 32 3 86 37 109 84 70 43 89 105 112 95 117 36 53 100 71 20 102 63 19 12 7 61 106 67 18 45 5 49 107 101 57 66 76 11 50 94 79 8 2 42 30 111 74 55 65 44 64 118 87 47 58 40 46 26 51 27 21 68 39 97 96 22 92 73 54 35 24 6 4 13 108 83 103 77 116 91 78 82 14 31 115 99 62 33 59 48 88 110 104 17 75 114
25 47 30 87 107 13 6 5 102 105 98 114 18 99 63 23 111 118 117 109 70 38 66 32 21 16 108 56 69 27 75 42 84 54 48 62 3 10 39 29 59 85 78 94 76 119 2 37 57 41 46 67 11 17 36 100 43 79 52 61 9 110 24 116 97 49 71 22 44 115 33 60 80 31 74 92 64 51 81 1 68 77 40 89 20 15 72 50 8 95 101 86 88 112 58 19 12 55 28 96
21 22 105 91 14 119 92 110 68 77 104 70 11 98 32 94 100 97 86 62 101 38 117 59 75 49 5 106 33 111 36 41 40 6 83 56 0 23 28 42 87 10 61 103 4 99 58 50 9 24 17 113 81 34 30 102 37 54 47 116 72 88 16 43 15 35 26 90 48 12 67 7 74 84 63 27 115 95 51 118 29 20 65 64 13 112 55 79 73 93 107 2 108 44 19 45 60 80 89 53
84 1 107 88 104 6 94 85 63 21 110 20 59 34 27 90 74 51 23 39 38 52 101 99 71 18 92 82 17 97 105 61 109 24 3 81 55 10 49 46 40 44 29 102 60 31 111 95 22 89 66 80 91 106 67 57 13 83 4 69 36 28 33 64 2 12 42 86 16 73 19 108 112 114 68 41 56 93 53 30 7 47 118 100 98 26 45 15 117 76 78 48 5 37 54 79 50 8 9 35
77 0 39 61 68 76 16 90 8 91 50 106 117 115 109 2 11 108 112 45 15 67 65 5 37 21 87 86 110 54 116 14 71 3 105 73 92 57 40 98 28 118 41 51 97 75 113 36 32 30 111 88 84 13 19 4 78 34 25 38 44 33 102 83 59 52 23 63 10 80 89 26 20 100 22 96 9 74 49 72 48 6 56 69 29 12 7 1 64 55 85 43 99 70 24 31 93 119 60 27
32 33 74 84 25 91 59 14 10 27 64 61 8 69 82 90 83 111 66 6 3 2 96 117 87 12 29 86 110 49 78 109 11 56 102 41 35 55 106 76 4 107 44 65 47 46 53 38 36 77 104 99 34 60 118 72 54 31 62 39 81 101 13 58 40 105 50 119 70 9 115 114 63 71 30 23 26 52 43 100 79 19 0 92 17 16 108 21 57 98 103 93 73 85 88 24 51 116 28 5
76 86 115 1 34 10 70 9 63 60 104 119 65 40 72 96 109 82 45 3 38 13 98 118 66 36 35 11 5 105 87 94 113 27 112 46 42 43 52 78 97 83 57 8 59 88 30 6 108 50 74 73 100 111 81 84 102 79 32 16 55 18 99 21 107 15 85 110 0 31 14 54 69 92 28 89 68 101 39 7 117 93 29 53 4 22 71 75 67 58 77 90 80 103 64 56 23 106 24 2
93 53 78 66 86 23 32 26 92 59 101 2 7 15 6 114 95 100 117 102 31 12 61 118 109 34 20 88 51 8 68 57 113 46 104 116 103 80 83 14 74 97 24 52 62 9 19 89 0 105 107 87 96 82 43 21 16 41 76 77 79 10 69 4 33 73 112 11 115 22 5 3 37 110 64 90 72 56 18 44 36 40 84 54 99 106 13 67 25 70 65 60 75 71 85 17 119 35 50 98
41 52 27 112 58 20 113 117 80 33 82 96 102 23 85 1 101 116 59 45 107 84 87 105 19 25 109 68 40 66 47 60 24 21 43 22 95 56 49 76 104 67 78 79 17 12 92 72 64 57 62 31 42 44 55 9 14 15 91 30 61 16 106 119 99 36 50 34 4 94 73 29 38 8 18 90 103 37 39 11 114 46 54 89 48 70 53 13 5 110 51 81 86 71 83 63 32 93 26 10
72 102 24 44 100 101 60 115 48 116 46 59 105 45 27 91 95 75 36 90 107 32 55 66 70 68 80 67 0 74 83 109 71 8 35 99 85 4 97 9 14 110 111 26 87 38 96 31 20 106 103 114 13 22 21 76 2 118 30 62 17 37 18 81 6 16 113 61 10 25 117 3 7 40 98 73 42 5 1 69 28 79 34 39 64 53 92 52 65 93 15 104 63 29 11 58 50 12 51 47
114 13 65 118 40 75 67 28 66 41 20 11 70 115 59 52 47 29 101 8 48 91 31 33 74 107 42 111 16 21 25 17 81 6 12 87 76 83 72 54 62 53 50 78 43 30 68 10 69 97 112 32 61 14 56 44 110 57 24 34 113 79 5 4 93 73 103 86 36 119 22 94 49 98 27 45 109 3 46 58 55 9 0 95 116 89 39 18 90 117 106 51 64 15 35 2 102 85 104 96
79 17 89 106 93 19 52 14 94 39 23 0 90 101 65 69 38 45 74 95 55 64 21 104 114 42 26 1 50 102 12 67 32 111 46 11 71 82 35 113 54 3 49 117 98 30 24 9 80 57 48 25 8 109 2 107 31 70 44 62 91 73 81 36 18 7 58 43 75 100 83 4 34 112 61 5 68 119 10 53 97 87 27 51 29 103 41 86 63 118 37 78 40 77 16 22 20 85 28 13
70 9 37 102 58 68 116 29 8 38 97 87 75 98 57 90 36 101 103 25 11 71 89 80 119 100 109 17 81 20 74 46 7 86 16 111 3 66 104 106 96 54 30 67 107 10 32 55 4 79 108 117 12 82 15 40 115 78 85 73 65 39 31 43 76 47 0 49 51 53 77 94 18 26 112 93 95 118 1 14 110 72 59 41 48 99 19 60 2 62 52 5 56 105 24 34 21 33 6 45
67 54 42 61 10 36 4 56 41 1 100 70 109 94 32 27 78 14 98 95 11 110 17 112 91 5 83 117 107 50 37 96 45 90 21 43 80 48 64 35 71 58 101 49 115 60 106 40 81 44 39 99 84 93 77 111 3 18 47 26 25 87 33 89 8 19 24 116 118 63 76 97 69 29 6 105 79 52 55 108 86 16 74 85 34 13 46 12 59 2 68 103 57 23 92 62 114 88 53 28
74 33 68 12 58 30 51 48 16 14 0 24 15 25 103 27 36 20 60 29 90 4 72 107 39 65 102 70 79 1 114 11 76 104 80 92 5 18 95 59 38 13 89 21 118 85 94 61 57 8 43 100 75 7 67 69 87 28 52 81 108 63 32 116 23 98 44 88 86 83 97 42 40 46 3 17 45 113 111 26 41 35 19 77 78 84 93 49 64 9 101 96 50 106 66 110 117 6 73 2
80 57 39 11 71 20 47 100 56 87 36 115 8 58 35 0 92 116 26 44 24 22 110 34 114 67 108 98 72 29 65 76 10 45 42 89 25 9 75 61 96 64 1 7 27 19 94 81 68 77 85 38 46 113 60 112 104 111 99 101 82 4 43 23 78 74 17 83 18 117 84 109 91 106 21 62 54 90 48 14 102 41 95 31 59 119 86 12 118 32 79 52 107 40 37 73 2 49 13 28
92 98 87 113 4 64 100 31 61 5 46 41 88 104 53 36 16 34 78 84 101 69 102 76 79 80 85 89 27 93 59 73 65 63 21 6 23 83 111 2 114 10 24 52 103 42 81 9 38 95 28 43 1 17 77 72 119 108 71 105 11 3 115 57 12 32 67 55 106 82 44 35 19 99 7 117 96 51 56 14 37 20 0 75 68 39 54 94 50 22 62 107 18 110 116 91 90 58 26 45
5 28 44 104 103 65 116 73 4 54 114 0 117 6 60 102 36 49 78 80 25 18 32 22 31 14 56 100 87 77 75 93 112 57 62 23 21 113 47 30 59 67 88 45 34 83 95 58 40 85 41 74 46 72 79 76 66 53 16 27 38 63 70 24 99 33 82 2 92 119 43 101 68 89 37 115 107 42 29 71 105 7 48 1 109 61 20 26 98 13 108 90 97 55 94 11 106 35 64 69
49 68 43 112 101 30 102 5 36 17 18 26 73 2 51 93 27 105 72 96 69 81 109 48 1 29 24 13 46 9 117 34 116 85 111 103 92 107 6 113 32 80 79 86 114 64 59 89 54 25 71 90 104 108 19 20 65 47 3 75 42 50 7 8 83 40 23 67 78 91 28 115 77 16 74 38 22 58 62 119 44 37 95 55 66 97 88 31 87 94 76 45 10 70 106 12 41 0 99 84
35 84 73 63 113 115 14 52 48 79 105 20 3 23 104 49 83 22 33 56 27 97 18 29 94 7 77 43 96 110 109 9 69 24 61 31 34 101 44 1 57 8 11 66 45 13 108 54 72 102 26 15 80 70 62 99 75 38 93 30 36 100 87 58 67 41 25 28 81 40 65 91 119 16 98 47 103 64 5 60 68 21 39 10 74 82 92 59 51 86 55 46 95 85 71 107 89 17 78 32
45 3 64 72 27 104 16 55 116 13 20 26 90 52 77 94 33 113 62 117 85 73 59 65 24 86 53 68 61 80 38 88 0 17 70 119 60 48 8 15 9 78 69 102 25 56 14 108 29 49 114 35 44 93 31 75 81 22 66 54 5 112 36 110 79 87 76 37 51 98 21 67 39 23 58 95 107 89 47 43 42 105 109 2 6 115 74 106 84 96 4 41 83 100 92 32 57 10 1 40
119 70 87 7 16 61 86 71 109 30 98 81 43 47 35 79 118 73 93 29 58 68 25 1 52 48 92 91 116 32 41 60 6 104 40 9 31 100 27 65 111 75 78 117 33 4 63 110 15 11 113 82 50 99 45 46 95 55 85 89 106 90 94 105 115 51 10 22 53 54 84 88 57 103 8 14 59 36 107 77 67 49 112 38 0 24 114 74 96 19 72 42 64 102 101 97 13 20 3 18
112 94 101 107 4 13 64 20 26 23 10 119 100 17 28 5 91 118 3 84 79 88 11 54 24 68 59 38 15 80 70 44 65 71 72 87 45 115 14 95 89 41 117 76 22 90 27 109 81 116 40 85 78 33 12 39 63 42 47 82 52 83 92 53 50 37 57 51 16 73 69 1 106 93 30 56 0 49 55 25 19 32 108 66 46 58 36 18 61 62 6 34 31 113 102 97 96 8 35 9
49 116 16 1 50 77 94 19 102 43 20 58 114 53 106 55 45 119 40 23 95 103 70 28 109 110 99 100 34 105 98 96 88 22 79 108 14 18 60 91 54 27 59 74 8 38 32 29 31 17 36 5 118 39 2 30 24 10 80 11 33 76 112 61 56 63 69 81 12 42 113 67 46 85 41 65 92 57 47 101 93 115 73 64 48 44 89 90 107 26 51 9 66 0 86 52 72 82 104 84
56 117 112 95 41 27 10 116 107 85 35 118 53 24 4 36 93 59 109 84 92 9 73 55 86 22 97 0 19 76 5 15 74 44 38 104 114 26 31 13 67 21 91 25 68 62 71 14 28 61 119 34 30 70 17 39 113 65 48 108 3 110 69 7 29 99 66 49 115 83 94 100 23 103 88 51 75 90 82 87 81 33 96 80 37 72 42 47 58 12 1 57 18 46 54 106 79 32 2 20
101 93 87 56 14 100 65 66 71 28 42 76 43 115 48 107 110 22 80 45 46 8 117 103 72 92 112 23 98 3 30 73 118 105 34 18 55 60 5 25 84 77 102 12 26 111 47 39 57 67 69 58 38 40 52 82 119 88 91 0 78 1 81 68 96 37 51 79 97 62 19 4 94 10 104 6 16 9 83 13 44 114 116 17 50 75 86 63 31 106 113 108 36 90 15 11 41 32 29 54
13 97 12 30 85 52 50 36 102 6 110 58 65 116 0 87 109 83 59 112 108 10 104 80 67 46 115 21 100 111 54 57 53 79 105 55 113 22 48 103 24 20 1 64 90 107 18 51 27 7 9 95 19 72 45 56 71 106 33 77 15 66 60 25 91 11 35 74 16 82 62 63 86 78 118 81 89 17 94 76 42 114 26 40 29 69 49 38 47 44 43 96 61 39 14 23 5 88 73 3
108 99 84 36 103 98 81 26 77 69 62 3 32 107 47 110 27 86 54 66 83 105 2 0 114 119 68 63 18 113 88 22 79 115 49 67 102 43 70 17 117 23 16 24 61 109 44 15 33 34 25 106 96 35 38 52 19 80 59 97 20 104 21 65 87 92 48 82 14 116 12 112 31 46 41 30 64 72 85 7 4 29 53 50 100 93 1 111 71 56 6 89 10 90 95 51 58 9 118 78
20 41 67 47 97 76 116 101 55 15 110 45 73 10 26 35 5 33 60 30 65 3 83 7 104 18 84 51 56 48 119 58 44 115 8 105 78 2 108 95 99 22 54 4 50 9 36 72 91 12 49 31 46 100 87 59 90 118 21 28 71 98 106 19 79 61 52 94 85 1 6 117 69 75 82 77 43 102 113 39 38 37 114 64 88 63 17 96 34 25 92 66 107 103 89 111 29 68 86 53
92 66 29 26 82 79 112 36 22 114 100 35 65 59 80 15 3 75 83 94 69 31 46 50 52 39 103 93 98 17 27 111 14 73 105 37 24 71 4 10 87 84 48 55 72 21 115 49 90 0 9 11 110 61 54 63 95 104 78 44 86 89 28 51 85 101 96 108 91 109 5 19 12 68 116 62 7 32 43 41 74 81 106 119 16 118 113 56 20 107 47 57 64 60 102 8 1 34 23 2
1 22 49 70 101 112 5 26 11 80 83 12 96 62 39 34 29 55 79 14 93 42 99 81 38 103 109 87 71 95 72 25 17 7 77 68 119 56 59 89 107 92 18 64 73 9 31 30 48 58 32 90 91 67 78 44 47 57 23 37 118 113 6 98 100 84 16 116 94 65 88 41 21 35 60 102 114 36 15 85 69 24 51 50 13 66 82 3 0 52 45 8 63 117 74 33 75 28 110 76
43 2 44 103 90 79 68 55 71 16 35 10 22 106 113 42 108 85 14 69 36 87 39 6 109 19 75 29 58 93 37 24 33 110 56 13 117 30 101 111 114 96 112 97 57 5 38 60 50 21 59 84 107 62 54 25 48 74 15 34 4 116 115 61 102 28 1 83 65 8 67 18 105 70 49 32 88 41 40 52 92 89 76 77 64 80 95 63 100 31 94 86 45 20 23 46 118 53 11 9
107 16 71 61 93 0 11 32 25 4 67 92 119 13 118 9 106 77 57 17 46 76 8 99 39 87 117 27 74 70 12 35 55 108 64 26 50 68 29 28 84 21 112 5 58 40 20 114 91 100 56 83 113 109 98 116 38 65 45 80 97 14 82 36 31 79 81 94 60 101 85 2 47 24 86 37 44 72 33 53 3 95 42 34 6 51 66 89 78 73 19 75 41 104 110 59 54 43 30 105
22 53 17 67 72 58 7 59 25 101 49 42 112 55 93 44 84 88 113 9 32 40 95 1 20 73 94 46 36 56 82 91 43 23 54 2 98 80 119 79 15 45 13 48 0 107 87 68 97 90 105 96 116 104 103 114 18 3 47 92 24 60 16 69 106 14 30 64 117 63 10 8 102 33 35 99 31 6 28 86 109 110 57 66 70 71 5 34 38 77 27 41 78 21 11 50 76 85 61 51
43 106 107 36 33 90 65 93 28 118 94 83 78 16 75 67 17 34 79 76 95 37 97 47 72 45 82 55 18 22 81 109 46 80 86 70 6 8 54 117 49 15 69 77 73 4 32 96 24 58 57 99 38 50 103 25 0 29 48 35 63 88 92 60 14 53 111 21 30 9 87 12 13 71 5 44 101 26 100 39 113 19 66 114 52 11 1 102 110 20 108 112 105 116 56 85 7 42 98 23
74 5 38 2 81 87 62 79 13 76 85 84 99 59 49 113 47 8 11 78 109 3 15 22 7 92 101 71 83 106 65 31 1 97 56 67 50 14 82 39 9 17 104 35 27 40 28 75 44 80 116 107 21 114 23 70 118 88 58 16 57 115 100 10 26 111 86 30 51 95 24 19 32 53 105 112 72 52 68 12 66 98 89 96 55 41 54 77 90 6 45 69 110 108 34 25 94 4 29 46
85 16 74 100 106 27 5 83 17 59 33 20 8 88 93 67 57 72 51 50 10 116 73 55 69 58 102 71 87 37 103 109 29 114 41 44 26 105 39 63 62 104 42 98 48 99 89 38 54 31 107 77 78 92 66 81 14 117 1 2 18 25 0 110 45 15 111 23 68 6 84 119 75 34 30 12 11 94 113 28 52 91 76 82 61 115 97 53 3 108 80 32 65 70 96 56 21 46 90 49
1 74 29 68 114 52 94 71 54 63 33 105 97 55 32 113 17 35 60 11 45 19 81 118 22 4 30 90 92 8 76 13 116 119 6 70 93 64 43 78 47 95 58 36 75 41 110 57 77 50 84 85 117 49 66 91 69 80 21 42 89 67 73 103 115 25 61 18 14 106 31 10 34 24 96 2 88 27 5 39 109 56 108 12 48 28 112 9 59 83 3 86 46 104 15 98 7 99 102 62
52 54 61 107 78 99 14 71 62 8 111 58 100 41 10 36 105 103 115 72 90 53 75 106 13 82 33 102 119 79 35 43 51 94 80 25 67 109 22 23 47 4 97 77 88 12 87 81 84 70 34 55 0 42 104 32 45 117 59 37 48 49 63 114 31 57 112 92 108 17 39 65 74 9 95 86 30 2 6 46 89 40 83 15 28 16 26 76 116 101 118 69 68 21 20 110 5 50 3 18
43 95 92 91 24 30 15 4 77 63 50 19 100 85 16 21 8 52 73 51 55 25 59 106 10 114 1 116 41 86 37 6 11 112 12 44 26 28 90 66 48 97 27 69 40 111 101 70 74 57 3 96 23 35 115 62 61 5 93 64 67 14 46 94 108 103 18 81 31 20 53 22 88 49 83 36 119 72 17 2 54 45 7 105 104 0 39 60 68 99 98 102 71 58 9 80 38 47 75 113
20 0 63 98 37 93 108 30 28 96 109 95 119 52 31 113 61 41 21 14 38 76 86 102 79 29 81 75 27 83 10 65 53 6 51 84 74 82 77 58 24 59 26 12 60 85 56 94 97 78 73 47 34 62 33 35 23 92 18 72 111 101 80 39 68 107 114 54 22 103 67 87 50 48 90 36 17 49 99 69 117 55 1 46 32 91 8 89 25 71 110 15 7 19 16 3 118 45 2 116
72 51 77 56 88 91 27 117 118 19 70 23 58 86 35 16 6 83 24 94 32 97 115 87 100 110 50 76 57 68 1 112 29 14 9 101 96 64 17 73 4 11 71 65 31 5 103 78 114 109 55 106 46 44 40 82 66 7 18 39 2 45 3 119 41 67 42 111 21 36 12 89 33 10 60 62 28 93 25 54 22 49 80 34 99 26 116 37 8 84 53 13 85 79 113 102 92 59 38 15
118 109 57 93 103 28 30 67 96 90 63 3 91 82 34 94 55 106 50 0 1 83 77 102 71 9 72 98 80 8 61 119 37 113 95 78 11 4 12 40 54 7 81 58 31 2 5 48 36 49 25 23 75 53 10 45 24 105 110 21 15 111 19 44 14 52 60 62 35 104 65 42 17 101 70 99 116 79 16 69 22 85 20 87 59 64 108 89 97 43 13 32 88 41 86 33 92 114 29 76
112 101 2 109 92 94 114 82 22 25 115 93 8 107 10 43 77 76 84 106 79 3 110 91 88 24 19 118 99 78 49 7 58 5 20 56 51 117 1 0 60 13 62 102 4 95 74 52 89 116 100 69 68 46 17 108 96 103 44 45 36 119 57 39 50 23 61 105 73 66 98 87 111 83 85 15 30 28 37 38 16 12 48 11 75 63 33 72 6 42 55 32 59 47 54 104 27 9 21 40
103 62 25 74 28 109 31 65 63 14 69 34 16 99 71 8 115 48 24 55 86 18 30 82 85 83 95 1 32 41 11 84 17 100 77 29 61 44 90 106 57 70 26 5 91 27 40 45 87 114 12 33 102 6 4 36 117 38 92 78 15 58 10 108 89 20 72 46 66 13 47 107 22 75 81 112 50 59 93 88 79 9 49 64 110 104 23 67 73 56 60 80 116 96 68 76 19 21 39 101
109 71 111 115 12 68 64 29 102 51 75 90 4 16 7 59 40 28 78 15 17 67 93 43 80 0 107 20 49 97 70 113 36 42 108 96 25 6 83 103 30 13 91 89 55 73 54 19 76 44 39 24 82 23 100 79 45 95 34 118 14 10 57 86 98 99 50 2 60 35 1 77 47 33 41 37 105 69 58 92 31 53 3 38 18 11 84 27 26 9 117 114 5 72 88 46 87 74 8 94
42 109 117 28 75 43 21 119 36 115 106 57 71 49 72 2 6 110 60 74 13 111 18 41 11 81 54 20 76 34 3 0 73 67 14 31 39 1 35 96 104 32 4 78 99 65 15 29 47 89 107 63 26 93 45 7 91 92 50 10 112 113 97 12 5 94 79 17 33 24 82 118 102 114 105 64 27 103 69 48 22 8 59 86 95 16 68 88 23 51 77 90 44 46 37 38 40 58 83 70
35 88 82 18 42 1 77 60 75 49 108 76 116 40 11 83 71 105 102 26 12 104 110 114 106 34 81 54 8 67 32 64 39 22 46 111 113 62 86 24 98 72 95 101 107 52 41 36 23 50 92 29 94 27 21 45 69 70 4 80 68 47 38 43 65 59 103 14 99 87 20 73 9 119 84 31 7 48 79 56 3 112 51 63 16 5 118 19 58 53 109 89 91 30 61 96 55 10 100 44
13 27 98 82 16 4 111 11 88 116 91 71 42 77 35 43 45 94 54 2 69 99 18 0 28 1 49 26 19 33 81 110 8 53 23 87 79 112 37 61 3 67 119 58 103 47 41 95 5 86 39 36 73 59 46 105 52 74 102 9 66 104 55 57 30 115 80 109 83 107 100 63 38 90 6 106 60 72 24 40 25 70 44 12 97 75 17 118 85 108 15 14 84 50 68 114 117 7 113 92
104 96 83 46 103 58 93 87 5 106 95 60 110 12 119 113 16 42 82 86 90 101 63 32 54 34 26 99 92 94 112 11 118 37 59 98 91 67 71 105 8 36 30 44 74 29 100 38 15 62 97 70 6 109 27 18 81 85 2 115 73 24 89 66 20 7 107 19 1 9 108 41 33 48 84 45 47 22 75 50 72 13 43 102 3 64 114 17 69 88 31 80 65 78 14 51 117 77 116 52
55 4 76 14 3 5 115 97 56 101 119 15 95 71 62 100 24 39 75 65 48 16 0 26 78 70 9 72 63 42 23 32 45 64 2 10 19 105 33 108 77 38 60 22 59 25 29 7 92 113 34 54 93 66 117 85 104 96 17 58 13 52 74 83 73 53 40 103 6 11 49 47 89 61 116 109 112 110 99 87 82 94 36 102 107 21 69 20 84 8 44 106 68 114 90 50 30 81 41 1
64 113 97 52 77 43 58 54 88 83 99 107 70 112 115 55 87 1 26 41 101 98 27 34 21 50 35 2 118 85 69 109 19 105 36 74 116 92 89 86 68 25 15 39 114 46 119 18 42 30 17 93 57 32 84 4 67 47 60 53 117 63 38 14 6 78 48 103 61 59 31 71 94 29 0 73 3 66 62 8 22 106 90 104 11 51 108 13 37 79 45 7 76 82 81 16 56 110 65 33
60 4 91 24 79 96 44 3 61 21 10 15 43 99 50 57 14 28 81 9 69 46 51 7 83 89 35 31 112 67 93 45 107 75 106 97 84 33 41 27 17 26 102 6 18 98 53 19 105 5 117 110 92 34 72 73 94 54 38 0 82 95 30 29 115 101 87 114 86 76 100 90 109 108 62 65 47 2 59 66 25 40 52 118 56 78 16 13 70 64 49 80 113 42 85 55 116 88 20 32
67 6 28 26 43 109 34 61 53 37 88 101 78 107 113 54 64 74 114 27 42 90 75 47 50 87 80 99 46 59 33 111 40 86 56 60 79 85 24 93 39 23 5 110 62 84 108 76 94 48 14 66 83 95 105 9 58 36 15 106 22 31 68 103 2 97 20 44 96 18 118 10 100 102 71 72 30 119 82 104 63 25 16 116 57 55 89 70 69 11 21 117 19 65 3 38 0 91 73 52
62 28 77 87 25 78 5 17 109 94 24 22 36 114 33 86 117 63 43 59 11 83 39 71 56 68 64 106 75 42 48 38 107 105 81 3 55 74 44 69 7 113 89 73 85 47 103 95 54 49 118 1 58 34 90 41 0 97 45 40 91 21 98 70 93 31 99 119 37 100 8 57 14 35 61 10 16 96 52 15 23 79 26 116 82 50 92 104 111 32 51 53 102 29 72 4 18 2 20 30
4 9 41 31 90 45 105 19 95 112 67 75 100 102 39 82 77 103 106 73 17 1 118 29 85 117 23 74 79 62 28 88 3 94 66 104 56 48 40 20 52 76 24 84 108 51 93 78 16 86 113 116 119 8 36 38 6 11 12 91 87 55 50 61 44 99 49 71 107 14 47 35 22 42 115 53 30 110 63 101 10 58 13 5 18 89 114 26 81 111 92 54 46 98 109 60 83 7 27 2
28 69 13 83 18 118 58 68 89 48 5 53 77 79 54 52 98 0 19 73 99 15 87 32 26 102 56 21 7 100 14 49 75 81 94 67 101 114 88 27 38 24 104 116 92 44 113 119 3 34 4 46 108 72 112 35 10 76 57 33 9 22 8 29 20 6 11 43 66 80 47 117 103 39 12 30 37 86 96 61 74 31 1 78 2 71 115 65 105 82 111 90 59 85 64 51 97 41 93 63
82 69 0 83 78 113 118 27 41 32 24 52 75 68 44 1 8 96 23 12 25 37 65 108 14 79 43 17 50 73 9 85 112 59 6 53 10 88 106 42 92 102 66 101 105 109 15 114 48 20 45 19 21 93 35 87 40 115 70 111 72 54 46 49 55 84 100 56 74 28 95 13 51 57 47 61 36 2 64 107 81 60 16 99 97 63 90 77 30 71 91 119 5 116 98 26 7 38 58 3
70 8 39 40 109 65 22 82 29 5 100 10 28 63 9 20 68 75 103 117 81 48 57 38 18 112 56 87 4 60 58 36 106 26 51 61 46 44 77 49 79 17 102 21 108 74 93 67 2 89 78 34 85 73 50 62 76 95 53 0 55 37 7 97 86 115 92 110 72 116 12 113 52 114 64 118 33 105 27 16 30 69 59 15 23 25 99 3 1 31 91 83 96 94 35 101 42 104 84 11
15 33 7 62 80 30 24 36 35 52 96 104 86 66 79 38 17 113 93 101 9 42 1 43 41 6 55 90 13 103 97 44 69 58 119 59 95 46 25 18 117 102 89 34 40 118 21 83 54 107 94 110 88 39 2 16 64 50 92 29 108 53 51 105 112 82 8 84 116 109 22 10 20 99 111 11 73 70 115 100 0 23 75 78 47 76 26 81 87 12 77 85 68 72 48 32 4 106 31 14
36 111 47 39 18 72 19 21 45 32 81 96 30 110 41 14 68 13 118 61 46 115 95 114 16 88 105 63 82 7 84 91 48 108 107 43 106 56 78 0 44 102 27 34 2 112 69 55 8 85 70 116 10 80 97 60 25 29 65 99 20 58 79 22 75 76 109 42 74 33 54 71 90 101 3 52 49 9 23 11 38 100 35 15 64 66 103 59 17 62 37 5 6 93 86 92 26 12 1 77
7 57 91 52 1 102 75 64 2 76 49 74 56 18 58 66 27 67 70 15 114 20 12 50 115 30 95 96 104 36 16 108 19 99 71 93 38 101 79 110 94 88 0 39 83 5 34 72 47 35 98 107 17 8 29 43 13 4 62 118 33 112 80 85 106 63 90 60 77 68 22 31 117 14 105 82 119 51 45 6 111 84 87 61 3 97 40 48 65 10 25 116 28 81 55 41 78 109 23 113
16 53 108 86 4 59 70 90 78 68 66 31 69 110 65 12 72 105 101 80 113 106 24 107 39 48 117 96 8 100 5 77 41 38 52 23 32 82 56 75 15 0 18 95 50 1 9 63 62 51 99 94 102 46 55 6 47 45 11 118 116 30 119 36 10 73 76 33 35 81 64 20 109 29 67 43 27 37 28 22 79 97 87 112 3 98 89 104 44 7 61 93 25 34 2 26 111 60 91 74
9 55 99 27 101 46 5 42 11 67 56 41 91 74 118 62 79 111 26 104 32 53 40 64 107 30 16 7 52 81 36 114 75 59 61 54 94 23 88 108 92 117 86 44 13 102 34 87 78 14 35 65 45 4 20 96 17 48 95 98 21 82 70 83 90 28 1 103 69 115 110 12 8 106 19 39 43 116 33 24 105 71 29 51 113 97 47 57 72 68 112 85 66 18 60 15 50 22 84 73
102 54 13 45 85 53 9 49 14 71 10 44 35 29 96 46 17 2 59 118 38 82 86 87 62 24 31 115 12 105 25 22 48 112 76 74 58 113 88 69 77 73 83 103 111 97 110 72 109 26 89 6 119 23 1 68 41 5 92 20 90 19 16 66 28 0 27 3 60 78 51 7 67 30 95 37 104 50 106 117 79 42 84 32 99 40 33 116 61 64 70 81 107 8 21 94 65 36 55 75
6 96 30 108 72 77 93 100 24 101 54 102 87 22 63 49 13 53 119 80 36 89 118 11 40 71 76 109 32 66 45 35 12 14 39 1 34 0 50 110 117 48 19 10 67 56 37 74 68 113 20 42 7 104 64 55 114 51 2 38 17 86 16 23 5 115 59 81 91 46 58 29 57 95 98 112 73 9 84 65 92 79 27 26 62 25 111 103 90 47 21 70 15 43 105 33 99 94 44 69
106 23 64 118 65 30 33 59 41 113 104 11 83 103 100 96 75 46 88 74 81 67 20 45 82 84 27 89 29 47 105 117 90 26 53 7 55 39 19 3 12 9 18 102 119 58 1 78 21 76 54 94 99 109 28 62 5 49 15 51 17 10 38 112 95 107 79 72 97 48 24 92 80 69 4 0 93 32 6 111 56 77 114 87 101 35 25 110 14 2 91 66 36 85 71 34 52 61 115 40
73 116 80 61 85 48 2 91 15 83 42 33 38 93 65 30 44 32 26 59 22 47 57 27 7 58 68 99 74 101 69 118 17 53 24 86 50 98 108 102 111 90 119 117 8 11 60 72 64 77 39 105 71 81 31 20 36 100 114 106 34 96 62 12 4 84 16 21 78 82 25 94 75 1 70 67 6 35 10 51 40 107 14 0 23 112 19 56 3 52 66 46 55 63 41 13 103 113 5 115
7 71 79 52 75 22 39 41 119 24 53 12 4 90 14 63 107 93 84 13 50 116 98 64 26 35 94 0 62 83 8 57 37 49 66 111 43 10 69 47 58 103 108 73 21 29 105 36 30 54 118 65 82 19 85 9 115 97 55 11 68 51 77 100 44 42 70 32 60 56 109 27 78 91 46 88 16 117 99 23 106 25 18 40 80 48 89 74 114 76 110 87 81 33 38 92 112 17 5 34
83 28 87 113 105 85 23 79 119 106 48 68 27 88 66 22 10 100 45 31 13 67 75 60 35 77 89 56 78 33 69 55 14 70 117 17 39 80 71 84 46 51 73 6 24 40 43 29 59 38 3 20 0 99 57 5 19 91 1 21 72 54 11 81 36 94 96 62 92 16 74 86 116 102 7 44 37 107 93 101 115 58 8 112 114 4 82 41 12 103 15 108 64 34 30 53 61 95 2 76
76 40 50 28 86 95 6 31 26 75 23 46 36 30 44 48 11 38 100 42 119 33 67 73 37 79 109 104 64 68 24 82 98 17 74 107 116 89 10 63 8 59 78 9 61 72 77 35 43 47 90 18 69 1 15 14 110 114 0 81 99 102 96 3 97 60 16 111 58 118 25 21 4 91 29 49 51 7 94 85 39 2 84 88 20 27 5 106 53 13 45 112 52 56 34 92 105 101 32 57
77 66 13 1 68 11 91 71 39 43 74 90 73 100 69 101 28 16 23 84 99 116 96 8 55 33 44 114 0 17 112 46 29 37 85 106 89 47 88 4 113 20 3 54 108 5 7 32 14 42 93 115 31 82 59 105 57 81 76 110 22 94 103 83 98 119 9 63 36 58 18 92 25 111 40 45 41 15 109 12 75 24 60 49 35 27 64 34 2 52 97 87 72 118 78 26 10 19 67 79
58 67 46 27 50 32 70 31 5 45 21 63 0 85 81 89 102 119 108 1 37 8 15 106 7 18 65 78 2 33 96 28 23 16 54 115 35 113 114 110 17 90 92 118 62 6 11 47 87 84 82 79 117 22 71 52 105 41 68 40 53 12 94 74 103 51 9 13 66 95 59 60 19 48 112 76 20 104 43 61 99 10 73 36 88 39 109 97 24 38 75 93 42 64 29 26 44 55 86 69
90 11 22 99 108 89 79 76 58 102 75 72 114 64 91 96 119 15 12 44 16 50 80 39 25 52 0 106 57 26 6 103 18 41 1 49 10 107 3 13 100 71 30 112 20 34 73 5 42 7 84 93 54 67 104 63 83 97 55 47 70 31 4 113 87 66 77 86 105 8 59 94 9 85 62 61 65 92 43 110 95 33 40 29 37 19 56 116 60 2 14 28 101 78 115 111 74 51 17 88
45 38 28 69 79 73 17 94 71 58 20 92 104 39 112 118 93 91 95 26 60 106 6 42 61 32 108 78 5 57 62 96 33 72 59 25 3 97 46 2 90 54 1 85 35 113 115 51 12 101 14 67 48 64 52 88 107 87 41 84 15 49 98 81 34 105 56 18 21 119 70 16 86 22 76 80 114 13 99 47 50 109 66 10 82 111 19 75 110 27 8 29 68 7 55 102 65 23 103 37
5 64 100 41 98 51 106 67 8 95 37 33 78 12 36 99 68 108 52 90 23 82 26 111 2 65 6 87 113 105 97 1 13 84 59 20 35 15 94 114 104 63 30 116 102 47 48 14 27 49 93 45 53 57 9 83 0 39 21 118 34 10 112 43 40 101 17 74 71 75 85 91 24 76 103 56 46 109 19 28 73 107 29 81 32 58 16 110 70 11 88 25 44 62 80 72 77 31 4 18
17 91 30 1 41 99 87 80 69 44 29 33 58 109 108 95 57 5 61 36 92 93 2 88 103 21 97 71 7 85 112 50 24 38 34 78 25 105 106 77 96 118 16 31 79 89 72 22 48 9 14 19 68 62 51 116 113 115 12 23 94 42 26 107 59 100 27 11 6 74 13 4 46 102 119 64 40 86 53 3 35 28 90 83 18 55 104 63 45 65 47 66 20 49 82 75 32 10 70 98
93 41 80 94 32 91 5 107 16 0 72 14 97 44 38 108 54 3 87 62 65 22 83 20 90 103 17 106 48 98 26 67 6 111 36 118 31 46 102 30 24 19 40 66 8 37 86 13 79 78 45 116 15 53 105 27 113 95 61 39 69 12 21 34 42 117 33 96 109 4 64 51 112 2 47 75 43 55 1 11 100 73 82 76 58 57 99 104 18 101 88 63 85 7 84 49 60 29 68 110
10 107 117 54 99 17 18 60 91 15 38 102 69 25 63 77 85 47 110 80 53 59 82 71 100 20 55 45 24 65 111 64 73 115 16 94 32 23 27 87 34 101 3 2 92 74 11 89 22 56 57 103 88 37 6 86 4 72 26 49 43 52 40 67 48 29 61 76 14 50 66 97 36 95 81 106 113 62 39 44 51 0 1 46 104 68 118 7 41 93 75 70 30 35 28 108 79 98 13 42
85 72 75 110 78 36 87 103 54 7 57 69 42 18 25 24 14 28 1 32 109 73 63 81 61 37 38 107 21 84 6 47 83 82 46 26 30 29 68 112 108 35 65 113 117 19 8 3 34 23 13 115 90 67 119 12 15 51 100 71 76 118 48 114 53 17 95 116 60 102 74 27 96 89 33 10 91 40 11 20 106 50 80 70 9 31 111 4 97 79 101 45 39 92 59 86 98 52 58 64
22 11 60 63 39 30 53 18 24 50 59 15 9 31 105 4 104 119 118 54 56 86 112 106 66 114 73 102 96 97 90 111 113 34 64 49 71 10 88 29 42 67 70 75 110 40 0 99 36 103 16 84 13 80 115 89 14 78 45 21 57 68 76 58 41 6 117 61 77 91 8 79 93 19 82 44 3 65 26 98 100 107 37 28 27 51 69 23 12 2 109 20 81 92 25 83 116 35 62 55
66 93 101 16 32 2 51 8 88 63 7 9 80 111 112 115 1 12 97 23 15 0 114 78 85 34 69 14 36 92 94 3 20 103 27 99 113 37 91 81 84 35 83 5 45 55 87 56 54 19 58 41 44 68 65 52 107 13 28 70 89 73 74 39 79 105 18 75 60 40 109 62 72 53 64 25 22 117 61 104 119 82 116 49 57 118 96 21 90 59 71 6 106 10 86 11 102 100 48 17
116 86 23 21 20 105 58 67 75 70 16 50 87 107 15 96 44 27 101 18 14 28 7 100 2 54 89 66 111 115 36 52 48 84 117 83 11 32 81 51 35 61 106 9 17 79 69 98 103 76 63 6 43 59 4 82 91 110 33 12 47 113 92 102 119 1 13 109 24 62 85 57 88 112 77 45 65 8 5 95 90 118 64 73 93 10 55 56 38 37 74 104 3 99 68 78 29 72 31 97
39 78 17 81 61 110 88 33 40 97 114 64 7 92 98 101 66 54 94 42 30 89 68 48 3 25 58 21 83 55 117 71 41 57 52 15 113 102 63 27 72 104 35 82 46 22 11 9 14 70 5 107 37 12 86 85 111 105 53 50 87 67 19 32 23 51 100 76 29 75 26 73 95 108 10 45 13 80 119 62 20 106 96 18 65 38 74 103 84 43 6 2 34 115 24 47 60 56 0 93
94 82 77 85 86 118 69 16 79 3 50 119 63 48 83 107 72 60 13 71 9 8 92 61 7 66 112 27 59 17 35 108 75 62 23 102 87 80 96 105 106 101 64 4 29 25 68 5 30 110 21 26 46 93 103 52 104 28 11 117 115 90 42 37 65 0 74 91 36 73 44 70 76 32 39 12 18 57 1 10 97 24 95 20 116 53 99 84 51 78 56 98 55 33 67 41 6 22 111 14
81 0 58 49 115 100 73 97 33 50 114 61 1 109 15 32 5 2 86 67 89 77 24 98 88 18 72 55 35 117 57 101 28 85 48 12 102 41 79 76 80 104 106 65 21 25 64 10 56 82 71 63 46 17 83 94 40 99 87 36 51 78 91 70 112 4 75 96 43 68 30 8 105 62 66 16 38 39 42 110 47 108 13 69 95 9 26 22 90 19 52 60 20 34 107 3 92 11 27 54
18 95 78 62 87 112 15 114 84 75 64 56 59 110 41 102 79 109 67 89 51 69 60 28 90 4 22 115 100 111 10 37 3 31 29 106 39 12 9 32 49 46 77 57 6 30 14 82 7 38 103 74 2 118 68 0 27 98 34 61 58 42 105 104 94 44 55 53 45 93 70 63 1 26 97 96 107 92 113 52 83 21 50 40 36 16 25 65 24 108 23 101 13 19 20 48 72 85 73 11
54 86 106 101 66 105 99 73 52 47 9 69 57 1 13 48 3 33 14 109 34 91 55 89 15 30 63 92 93 5 20 22 24 50 17 76 107 46 4 44 102 77 6 16 67 112 39 98 45 27 78 96 12 35 115 25 71 28 7 119 74 37 11 103 97 114 61 85 70 117 81 113 43 29 62 80 19 100 60 23 75 38 104 8 56 10 88 110 21 18 31 118 84 0 95 65 49 64 2 90
23 95 22 67 38 14 26 82 115 93 58 81 3 99 75 1 76 56 91 52 49 78 62 45 111 65 57 102 12 116 74 35 114 40 24 48 73 37 97 0 41 13 29 20 119 4 54 107 85 83 44 50 32 21 27 92 112 103 110 106 60 89 17 42 101 84 70 80 113 33 31 61 51 7 15 96 47 87 64 94 104 16 66 2 90 69 100 5 109 10 39 18 88 6 53 8 36 117 63 28
26 29 61 54 93 108 0 104 33 43 7 105 87 74 2 63 110 94 49 113 21 75 70 50 114 38 97 36 72 103 4 68 11 99 77 66 23 44 34 3 25 78 8 18 81 48 9 19 59 73 40 5 86 6 42 118 85 91 80 31 55 39 14 30 17 82 106 47 45 58 92 67 65 116 46 56 107 12 62 119 95 109 10 101 32 28 88 52 27 41 35 83 111 96 69 13 79 22 20 112
75 35 68 4 80 74 77 101 40 12 2 112 66 49 115 19 92 8 45 105 86 46 97 117 30 3 100 88 106 108 104 107 61 37 54 14 47 26 36 82 90 52 65 102 95 5 81 59 98 21 18 57 25 73 72 32 113 9 84 94 33 55 16 56 76 24 51 116 83 109 27 78 15 60 7 103 93 41 13 114 39 85 91 67 96 22 64 38 62 34 31 43 53 111 6 20 10 110 99 0
73 92 7 109 20 77 70 12 62 23 105 117 65 80 61 40 85 98 15 8 86 50 38 10 2 52 41 58 11 107 34 101 89 119 90 111 19 91 51 79 1 106 116 87 66 59 46 96 71 88 82 95 84 74 28 22 114 81 29 35 26 78 76 24 97 30 102 49 118 112 37 31 75 14 69 56 39 54 100 47 67 6 48 17 57 103 42 18 68 108 27 9 13 43 53 104 5 21 16 3
9 64 0 56 1 78 108 48 104 89 47 57 83 45 70 39 28 110 30 116 115 8 35 59 84 92 94 43 58 40 6 65 17 23 24 71 42 18 107 53 93 112 87 52 5 105 11 66 75 37 49 80 21 12 81 117 44 101 77 22 19 34 73 4 68 79 54 20 62 7 109 13 50 41 114 15 25 102 38 97 29 98 100 33 16 32 103 61 99 10 119 96 26 82 88 55 31 76 91 72
36 102 5 96 74 21 44 93 90 101 25 86 112 37 103 55 57 8 88 33 100 84 54 16 77 99 72 19 83 12 109 11 27 117 13 38 106 108 75 78 39 79 52 1 111 24 40 76 87 91 31 15 80 65 113 70 62 50 48 53 63 115 94 68 10 105 30 73 29 22 89 32 0 92 104 81 69 3 67 59 23 116 119 82 7 42 58 49 107 17 35 41 47 66 51 45 61 9 34 46
91 36 46 79 60 106 44 69 40 37 17 4 116 51 95 1 101 94 26 25 63 8 93 52 75 43 59 58 47 84 102 92 83 45 7 30 72 2 98 10 115 105 11 54 0 31 85 108 107 88 62 100 41 74 5 39 55 9 87 96 6 42 65 61 48 68 49 18 90 38 110 15 28 23 21 80 20 24 33 109 50 104 34 114 82 16 73 57 3 86 97 67 113 66 111 77 118 117 53 119
49 28 73 55 101 39 1 14 13 2 41 106 85 18 37 26 21 90 88 32 25 79 65 47 5 22 114 83 100 103 59 89 12 70 98 7 11 68 117 52 95 118 97 56 16 44 102 82 43 27 31 50 38 61 93 105 29 112 92 96 66 94 46 81 48 20 4 10 78 36 3 75 34 64 62 111 42 71 69 57 9 58 84 67 99 108 51 115 91 23 60 15 107 63 40 24 87 6 33 72
90 40 48 81 87 85 38 94 21 73 10 30 12 54 15 63 113 23 82 67 18 42 77 33 27 39 114 35 11 66 65 64 79 89 118 91 32 111 88 47 59 110 75 41 49 28 71 99 112 78 109 7 84 16 102 117 52 34 55 43 97 3 50 2 116 105 45 107 24 101 20 106 37 4 68 57 83 25 51 69 61 5 60 56 0 93 74 76 31 58 26 13 1 119 96 29 80 17 100 62
14 115 3 63 110 32 70 116 15 4 79 66 44 34 80 75 104 58 11 13 25 103 99 19 9 20 88 36 29 10 95 18 84 108 42 76 74 117 112 64 100 72 107 2 35 26 24 7 94 102 114 30 87 12 17 113 49 86 97 82 65 46 60 83 41 6 61 81 23 51 52 38 27 90 62 50 105 40 22 89 101 109 93 39 28 55 0 33 91 54 68 85 21 118 78 106 98 53 8 31
103 56 62 105 45 11 112 81 43 52 84 8 40 36 10 76 49 5 70 94 33 115 39 68 65 48 29 34 96 53 66 79 119 13 44 71 61 85 37 60 87 93 91 109 113 22 20 35 78 73 118 80 89 117 15 27 19 18 17 75 1 0 67 92 102 16 77 31 64 83 116 110 50 86 100 95 38 63 46 7 82 23 107 3 24 98 21 25 47 26 42 4 88 41 99 97 57 101 54 59
39 111 67 79 72 25 94 81 36 103 1 63 14 115 45 89 113 53 69 15 73 100 86 37 44 57 51 117 8 17 0 65 34 71 68 18 77 88 4 118 19 96 3 6 93 85 24 21 91 82 99 101 70 97 95 7 55 75 78 60 32 106 40 5 108 80 116 29 2 59 47 84 56 23 50 46 12 74 54 48 20 30 62 10 114 26 109 28 22 52 42 107 119 27 112 43 35 11 92 66
84 78 56 61 47 40 82 35 36 60 94 11 109 113 73 9 99 77 55 87 29 45 53 90 62 37 42 70 18 3 58 57 8 20 91 71 51 88 103 41 34 12 4 75 39 119 50 38 17 96 92 48 89 104 24 98 97 7 76 19 68 110 43 59 49 10 72 111 54 6 102 93 44 85 30 66 67 117 95 112 31 81 2 105 86 83 1 33 22 65 32 0 52 69 64 108 14 74 63 5
94 8 10 49 29 47 60 74 15 100 90 61 87 32 27 73 38 109 75 115 59 81 41 102 96 91 42 72 40 93 11 12 4 108 22 53 98 88 89 52 18 56 16 23 44 79 101 43 106 20 57 34 99 114 2 66 17 78 25 5 9 33 62 77 103 118 63 45 26 36 28 0 86 46 84 112 76 30 119 13 104 55 39 65 116 14 37 24 69 117 48 95 6 67 54 92 1 97 110 68
85 41 26 119 76 91 59 98 62 97 22 88 118 51 95 106 57 71 6 27 50 94 24 107 34 82 69 45 75 7 100 30 32 101 33 40 114 2 44 99 86 70 84 46 79 68 96 56 31 78 112 21 60 116 108 48 80 105 90 53 64 17 5 110 36 9 113 10 11 43 23 15 14 19 63 58 87 0 13 92 12 109 72 47 55 117 16 4 49 115 8 93 81 42 28 54 66 83 1 3
76 34 45 8 56 30 111 90 117 46 55 24 98 28 75 118 18 31 54 3 6 89 115 2 81 101 37 80 108 19 99 73 65 33 77 92 96 49 11 48 87 9 84 105 16 26 21 70 5 53 83 94 17 106 95 116 72 100 112 114 88 38 62 109 60 41 35 69 1 39 32 50 27 67 85 79 4 22 43 12 103 93 47 57 110 113 0 97 61 63 107 7 119 15 13 64 14 25 51 74
119 18 8 59 56 96 89 42 20 104 78 66 92 72 5 71 94 106 90 41 29 68 118 81 79 87 99 84 80 85 109 116 55 58 73 82 95 31 112 35 27 48 15 14 44 7 105 43 83 2 61 108 11 47 22 1 86 54 9 110 46 33 117 75 88 114 115 6 98 77 50 26 103 60 17 0 25 4 38 97 57 63 3 91 24 101 69 10 28 23 70 76 21 53 67 102 107 37 62 12
49 104 74 61 96 46 36 28 11 84 64 41 71 116 81 32 97 2 7 39 91 77 15 62 86 5 18 12 54 82 21 13 50 103 45 14 107 69 38 56 106 113 78 111 52 53 20 22 98 1 30 92 109 115 27 34 42 17 79 29 25 35 4 83 68 119 70 48 118 40 87 114 33 93 24 44 47 16 100 0 99 90 110 73 26 76 88 95 58 112 57 75 6 3 105 65 8 72 102 117
17 91 53 102 85 97 100 24 31 88 56 43 49 55 94 15 71 48 83 8 14 45 86 90 54 89 114 36 38 5 76 16 40 92 27 12 98 1 34 57 20 111 109 75 58 80 118 19 2 96 101 6 7 52 11 70 62 68 105 112 81 47 64 61 77 13 44 42 60 82 110 116 30 51 84 22 32 87 106 10 74 113 39 67 33 79 59 65 63 37 25 93 99 23 3 78 41 103 26 0
108 109 88 37 50 18 80 98 39 29 36 104 32 85 52 41 26 6 99 7 93 86 49 96 3 94 83 72 66 25 119 22 51 91 54 67 76 102 47 110 116 24 107 16 53 84 13 34 77 31 103 0 89 79 4 59 70 57 64 97 87 21 1 10 106 58 2 73 30 43 17 20 90 65 11 62 100 15 56 8 55 111 81 9 105 113 33 46 101 92 68 42 35 95 38 28 45 61 44 27
63 3 27 55 70 96 119 95 38 84 81 101 6 91 53 1 85 110 99 5 36 4 32 35 51 37 76 78 66 87 23 24 60 93 61 22 43 8 2 10 30 28 0 16 67 45 21 69 114 48 18 94 102 58 105 17 100 46 73 19 115 41 20 26 83 11 44 98 79 108 54 74 90 111 59 62 89 7 82 118 65 49 103 68 52 33 39 106 56 31 50 9 34 14 117 13 15 40 88 71
34 106 27 16 97 5 54 52 80 33 2 93 101 103 28 86 68 36 92 119 73 81 7 8 95 105 3 31 42 110 114 12 9 107 44 104 65 43 51 77 39 40 23 37 74 94 83 59 115 112 79 0 109 17 1 32 71 91 46 21 85 82 49 26 72 58 19 53 13 84 78 62 38 35 70 30 57 15 55 89 11 61 113 116 63 25 10 60 47 6 29 45 64 111 22 117 88 56 67 75
100 4 14 53 34 44 64 0 7 5 108 85 70 6 22 2 60 45 83 69 62 37 86 105 89 110 114 88 80 39 50 12 81 35 90 102 1 119 115 74 27 10 71 96 43 73 36 30 68 28 76 17 40 29 84 56 24 72 20 103 109 42 13 55 92 87 58 111 54 15 47 49 33 18 82 78 9 3 32 117 112 38 48 21 41 11 118 93 52 25 79 65 59 94 104 66 23 8 101 75
109 115 71 15 79 50 90 89 29 57 67 106 84 63 32 78 110 100 35 72 20 64 13 49 104 54 37 4 11 87 81 62 116 58 19 92 25 34 52 65 112 30 6 96 101 33 36 68 114 9 73 41 5 75 12 119 98 118 45 103 3 70 91 46 14 69 107 39 24 76 43 21 53 17 7 60 18 55 66 82 93 1 61 111 40 95 74 48 77 94 80 56 102 0 85 88 83 59 117 26
50 83 58 54 78 96 77 35 66 56 39 30 37 109 13 106 27 61 81 48 92 59 57 72 99 97 67 31 49 0 86 16 107 93 84 108 68 116 89 25 73 44 46 118 29 88 113 85 19 20 69 115 105 76 43 95 21 94 8 11 60 42 34 10 2 23 6 82 32 79 91 112 110 55 3 80 98 14 36 1 4 38 15 17 64 114 74 101 63 45 87 90 70 119 51 75 62 41 7 71
17 92 28 40 10 95 20 39 34 9 81 66 113 19 62 102 76 46 23 68 50 22 99 85 70 3 71 8 42 108 2 60 96 26 55 98 54 24 91 89 115 75 106 43 59 84 53 31 94 105 101 119 109 63 41 90 86 38 37 78 58 49 33 13 15 32 72 110 11 47 93 87 18 111 112 80 6 44 56 67 52 73 97 107 77 74 25 57 35 27 4 7 0 30 1 69 117 82 64 116
9 78 68 97 91 94 62 48 60 72 61 64 105 82 11 50 53 28 110 33 35 115 76 18 74 55 16 56 36 116 4 114 1 29 30 93 63 49 10 44 75 108 25 14 5 92 13 102 98 79 12 54 100 47 22 38 21 6 2 37 65 52 118 20 81 39 103 69 67 113 15 80 57 86 23 26 119 106 87 90 101 42 66 70 73 85 3 71 112 46 0 88 34 58 19 99 96 89 31 83
12 102 7 2 54 36 71 109 55 63 104 106 18 3 108 85 87 35 9 21 24 111 112 95 74 118 80 110 1 66 49 26 40 34 31 39 8 94 103 97 59 50 76 82 86 33 14 5 77 30 15 45 60 4 96 61 92 64 38 90 23 47 84 6 89 37 41 79 69 73 19 99 113 88 62 10 117 16 0 27 32 13 107 57 22 44 20 75 48 72 70 42 67 119 68 11 46 51 53 105
87 15 80 46 56 45 60 76 27 12 32 18 2 97 79 100 115 30 55 108 116 78 50 7 54 66 23 72 67 1 86 24 41 103 3 47 20 11 99 42 59 105 16 90 93 117 101 17 88 9 64 77 43 82 65 85 81 95 28 74 40 19 25 14 92 8 118 109 102 31 44 63 57 73 91 35 84 26 48 21 36 62 75 114 6 68 53 110 34 39 49 5 58 112 89 94 22 96 4 98
15 29 23 116 46 50 40 70 43 24 12 107 89 11 59 26 75 2 87 69 1 38 53 60 74 44 31 92 55 41 106 68 57 85 102 14 64 104 0 16 95 13 78 103 114 33 19 84 54 10 20 45 62 101 117 65 111 9 47 5 98 32 79 18 3 42 81 39 21 90 66 108 94 28 86 37 51 93 82 113 63 100 52 105 7 58 67 22 96 118 97 83 30 49 8 76 115 72 91 73
17 105 79 73 47 90 2 95 14 40 59 75 82 119 38 77 80 9 1 99 18 87 29 36 45 64 103 32 111 55 5 56 113 108 76 66 52 50 20 7 31 81 37 94 0 28 44 118 24 13 11 4 48 84 60 3 91 106 102 114 23 98 21 22 41 74 43 72 15 51 67 109 78 92 104 70 101 61 71 89 53 112 19 58 85 100 110 6 65 27 30 83 116 8 88 57 93 97 16 12
71 22 24 79 37 91 66 45 58 18 34 9 101 14 48 36 47 114 4 2 11 113 106 92 61 70 64 99 73 100 62 51 41 68 3 10 81 116 6 44 25 109 118 42 35 89 110 53 102 87 57 112 15 21 82 108 0 52 86 107 54 117 93 96 13 80 72 60 40 98 103 78 19 8 56 43 63 59 74 32 69 84 94 31 83 17 115 111 27 38 1 95 39 26 12 65 49 77 104 90
23 51 88 55 49 60 83 94 33 57 70 3 9 118 65 18 97 105 15 103 16 91 64 112 38 29 74 34 81 21 8 96 80 115 101 24 82 93 40 104 48 39 53 19 72 43 75 0 22 63 114 2 89 62 67 14 26 56 47 28 35 36 1 85 13 69 52 59 73 27 78 106 102 30 5 58 95 68 109 6 86 76 11 45 84 61 25 7 107 110 4 50 90 12 98 20 37 99 10 71
1 21 24 85 80 31 12 4 87 6 44 118 100 76 110 63 96 77 51 86 78 64 41 65 49 22 50 62 38 5 102 103 99 107 35 26 88 69 113 119 114 11 58 52 82 25 84 34 53 94 45 91 105 104 93 13 59 57 98 42 72 40 9 39 54 48 97 30 10 2 117 66 55 7 67 19 61 71 115 79 83 106 101 33 43 47 29 60 95 14 89 74 111 32 46 17 27 20 109 56
102 55 112 93 107 50 111 95 53 1 87 90 4 3 7 16 109 77 20 30 78 25 100 85 6 21 80 26 103 91 36 63 113 11 47 5 98 94 118 119 19 38 46 110 31 68 105 43 52 61 32 69 29 34 96 28 15 72 51 65 86 114 9 92 99 79 37 33 82 70 75 88 40 2 81 18 83 8 60 104 42 39 84 74 10 116 12 73 24 71 35 115 13 67 56 66 97 41 54 23
94 77 87 11 19 59 98 72 17 25 4 38 85 88 50 48 49 28 111 75 78 52 1 114 118 47 46 15 3 35 79 69 91 27 40 81 66 9 34 58 14 108 39 102 13 21 36 86 106 30 6 76 113 53 95 5 31 63 43 16 55 93 71 51 83 67 112 116 60 68 104 96 61 65 2 56 105 70 22 0 10 45 57 12 32 80 26 97 54 103 117 62 37 119 110 90 8 73 7 100
107 28 38 91 36 104 60 117 15 54 2 6 24 100 103 74 80 4 23 65 86 0 8 32 43 77 101 31 71 118 70 97 58 33 81 93 94 114 68 19 11 57 46 88 76 5 55 99 59 87 16 10 50 98 26 27 102 110 17 112 39 34 85 18 9 115 90 63 73 56 30 78 64 51 113 1 92 37 44 62 82 40 69 83 89 21 14 13 109 72 111 119 35 79 61 84 45 25 116 105
14 80 115 6 111 110 54 7 59 16 34 36 67 106 50 102 22 2 119 91 57 103 52 118 58 65 31 53 99 42 72 56 38 47 87 112 51 95 75 64 45 104 19 0 83 86 43 71 105 30 113 60 17 29 78 48 101 61 94 98 27 89 46 81 107 90 62 11 41 117 44 82 88 26 79 66 97 108 74 114 40 35 23 28 96 116 63 4 73 33 93 10 92 69 20 100 24 55 13 8
33 3 56 118 64 94 116 23 78 1 13 99 83 53 100 47 82 117 26 119 27 8 76 39 113 104 18 69 81 17 86 114 32 38 112 93 16 0 2 4 68 75 55 85 11 66 29 111 77 57 103 41 89 54 108 28 91 45 95 58 19 52 80 15 10 42 24 30 59 36 37 34 43 110 71 12 106 20 35 102 31 73 92 101 25 74 105 60 115 72 22 61 46 65 107 87 97 50 67 9
34 118 115 109 76 93 73 51 72 78 18 23 24 8 79 31 44 110 12 70 91 71 105 96 38 22 104 10 82 39 46 41 81 2 19 1 60 48 113 88 61 114 25 7 97 14 66 26 56 77 40 4 29 102 15 116 28 117 11 92 65 62 86 100 75 13 106 33 103 58 94 32 95 52 83 5 74 3 54 16 0 64 67 99 21 55 107 42 68 53 87 43 108 84 30 6 119 45 69 49
83 27 118 60 10 17 19 92 31 66 71 52 85 90 114 88 48 20 1 2 116 28 101 4 46 82 37 94 113 13 111 15 112 59 55 23 73 41 9 77 51 99 54 44 32 96 29 104 34 14 109 38 63 105 75 86 30 67 72 3 25 12 49 68 98 76 100 95 65 56 89 70 110 64 62 107 18 87 97 11 119 42 106 79 45 102 93 58 21 69 91 53 57 108 16 47 115 80 61 33
72 101 110 107 5 35 30 8 61 86 29 12 17 36 63 56 106 93 7 4 70 6 53 34 66 65 21 32 119 0 15 25 14 13 118 89 44 84 55 69 96 81 26 9 67 2 83 100 10 115 74 62 92 43 104 3 38 76 11 41 24 108 103 98 42 105 73 20 22 28 16 1 87 113 90 49 79 102 77 112 85 97 18 33 58 19 51 94 95 50 88 47 80 46 71 116 52 57 45 117
19 68 67 20 21 43 6 110 52 101 31 69 84 95 44 0 17 113 40 41 81 77 1 54 42 87 46 118 2 13 45 112 50 5 114 78 63 29 117 71 108 93 74 109 10 92 86 4 59 55 9 80 33 39 57 49 11 89 115 102 28 106 107 53 83 25 37 22 75 58 62 99 61 47 16 111 104 96 98 34 72 103 36 100 35 23 32 94 8 56 88 14 7 66 48 91 27 30 82 12
112 105 19 103 76 33 64 38 61 1 13 26 29 66 45 43 82 48 41 27 68 81 14 23 85 86 100 119 75 90 59 56 91 46 118 37 97 107 106 40 111 98 58 93 83 110 60 62 54 57 51 70 17 9 44 116 79 47 108 63 42 89 25 49 31 18 10 96 94 55 69 84 117 4 35 114 3 99 74 11 115 113 104 15 87 72 53 73 5 22 36 24 0 39 102 78 34 52 8 71
101 67 44 58 63 65 55 16 11 77 10 95 110 35 80 54 31 4 24 30 72 105 109 51 79 114 2 113 88 6 97 92 81 43 32 1 64 94 5 87 66 13 115 52 20 14 36 50 25 60 7 71 37 45 19 41 74 99 85 12 102 23 70 108 116 107 96 26 69 118 21 104 47 42 73 8 27 90 61 18 29 39 89 68 117 59 22 57 46 83 33 93 119 56 84 34 98 100 15 28
92 79 90 89 52 39 53 82 42 44 111 80 61 21 104 4 94 10 85 28 105 69 83 117 113 9 23 46 59 57 66 71 74 107 70 11 32 95 13 109 0 91 112 86 102 119 16 63 81 93 65 115 7 18 43 99 73 5 106 76 67 64 31 51 26 97 17 6 33 12 30 77 101 36 60 14 40 20 25 62 29 103 84 54 50 49 3 118 96 2 116 47 41 58 38 37 55 15 110 45
14 67 119 17 11 24 27 110 39 52 65 111 113 84 9 104 87 99 34 102 44 57 19 72 63 100 22 74 68 108 81 15 23 116 37 38 85 47 75 94 33 69 112 91 118 32 95 2 70 7 115 51 41 40 86 97 10 48 60 18 45 103 16 20 50 42 98 59 35 105 12 25 29 0 78 92 55 80 53 58 30 109 101 26 96 73 66 79 90 21 5 62 43 6 88 114 71 46 76 4
68 73 63 109 60 29 76 61 37 4 80 46 9 100 87 117 51 22 85 50 75 78 88 15 8 74 49 33 89 21 98 118 45 25 94 6 79 116 59 39 28 67 24 42 82 23 97 104 119 111 27 32 14 83 30 20 31 108 0 10 71 47 72 105 55 26 81 35 115 11 112 114 18 40 38 62 58 113 93 5 3 95 65 52 56 16 86 92 103 70 36 44 12 34 43 57 2 107 84 48
42 70 30 87 22 5 83 99 36 37 65 109 110 38 96 89 20 10 43 8 68 88 113 44 111 79 55 13 14 4 112 6 98 107 60 97 31 25 39 58 67 27 116 75 84 117 95 90 72 1 71 28 63 100 102 32 45 91 21 47 56 86 15 103 77 108 52 54 106 114 0 104 69 49 57 18 24 40 2 50 51 7 74 53 61 119 16 85 62 19 17 3 48 93 76 34 46 33 66 29
30 17 18 42 14 116 20 85 56 51 23 15 29 90 77 36 57 112 25 93 8 48 68 35 55 101 97 98 60 70 24 62 28 114 95 84 22 81 4 50 115 47 63 27 2 103 117 7 61 106 40 19 96 31 91 78 110 74 1 88 21 83 34 49 72 33 12 94 43 111 99 105 107 65 73 58 69 52 79 41 59 89 67 86 38 87 13 39 76 16 102 9 53 54 75 118 44 10 0 11
95 112 103 8 17 10 42 114 60 19 72 76 81 39 7 79 52 108 4 89 104 78 88 98 118 21 75 28 22 29 18 26 62 92 36 53 119 63 24 46 82 74 25 100 9 117 59 14 84 51 50 33 80 73 20 85 107 56 71 83 70 64 11 44 54 65 105 69 48 31 30 23 0 67 16 12 37 57 77 66 27 43 47 101 116 99 115 49 15 61 97 90 6 41 3 5 58 68 32 38
45 76 21 0 70 77 59 1 115 105 56 41 112 110 119 33 58 68 82 89 25 2 55 43 28 113 80 114 47 36 81 79 51 104 31 52 84 63 94 7 61 117 87 8 65 98 90 34 71 35 27 92 16 26 57 42 64 106 83 107 37 39 67 91 96 3 99 53 73 75 46 6 10 32 103 11 116 38 4 93 12 49 69 85 20 60 5 95 48 30 17 78 111 54 88 23 109 24 74 50
72 6 89 48 12 84 17 100 30 27 42 50 93 101 54 83 97 90 92 105 57 98 33 0 107 2 118 70 18 19 69 77 96 16 39 67 114 23 29 34 75 25 82 106 22 47 58 91 45 61 35 32 20 81 103 3 14 24 94 111 59 95 8 117 80 26 102 7 5 76 73 115 44 11 21 49 88 79 56 104 15 13 108 1 99 66 10 113 28 86 64 78 38 53 55 4 62 43 109 63
25 73 42 16 47 78 52 97 72 85 32 45 113 88 92 8 53 1 60 46 23 30 21 90 5 89 119 2 24 27 49 112 18 43 105 116 114 99 107 69 31 70 102 10 54 20 82 12 3 87 34 59 103 55 84 94 98 83 93 117 13 67 61 74 62 91 38 111 6 86 79 76 115 109 75 37 0 15 96 51 100 71 68 33 29 95 104 7 35 56 80 58 66 40 50 118 19 48 17 64
116 26 108 103 15 1 90 34 59 41 31 0 42 22 114 11 111 61 79 81 10 14 117 5 27 4 54 73 19 91 107 104 70 67 113 82 36 64 44 3 28 13 24 98 53 96 52 60 87 84 112 33 75 8 25 55 45 109 105 97 37 92 16 7 77 23 68 30 66 88 9 83 40 18 17 38 6 46 65 62 20 86 102 94 39 89 48 57 43 99 72 58 69 51 32 85 106 93 29 56
2 98 115 42 0 79 70 96 53 55 57 11 46 26 73 82 22 41 106 95 90 45 107 27 43 117 80 20 12 49 7 40 24 5 32 74 35 38 31 87 102 50 13 94 110 56 15 84 48 69 76 4 108 47 81 99 39 23 104 29 92 44 68 17 65 83 37 93 14 19 86 62 6 9 51 78 101 85 75 3 109 103 72 89 21 33 91 64 1 8 54 34 66 30 61 63 59 60 28 112
3 21 44 5 47 90 113 103 79 1 64 39 102 66 13 74 62 61 38 48 56 16 82 59 26 36 40 46 37 14 41 97 118 34 100 88 23 32 53 17 33 67 12 50 7 63 42 68 106 80 15 27 83 89 18 31 19 107 75 10 9 25 101 112 0 84 111 45 77 99 96 24 73 104 71 109 91 20 29 69 57 49 4 70 6 52 110 28 93 11 105 116 55 2 65 115 35 58 54 117
102 12 63 13 5 100 38 16 46 99 95 58 103 17 48 73 105 98 110 94 26 53 84 109 114 62 79 107 0 47 27 3 92 82 43 2 101 20 75 35 83 71 65 108 66 61 86 30 56 85 4 117 76 37 21 80 19 31 18 60 14 7 67 89 25 15 33 52 116 77 6 23 57 50 29 42 28 87 111 55 91 72 22 78 70 113 81 1 88 9 69 115 32 11 34 112 106 96 41 8
39 94 1 97 38 75 63 84 68 100 17 4 22 98 79 85 19 7 12 34 119 82 14 11 111 96 29 31 77 21 93 5 47 95 44 28 78 24 80 64 27 30 99 0 46 58 35 91 52 26 41 106 66 45 61 42 36 32 72 70 37 101 57 117 113 33 71 9 88 73 83 62 105 8 20 108 109 6 16 53 107 114 104 112 43 87 2 23 115 103 55 67 18 54 15 69 56 110 76 90
111 85 55 98 102 71 35 60 100 106 72 84 96 119 49 77 90 33 94 41 67 37 101 36 92 51 75 17 56 116 112 53 108 8 86 15 18 66 104 22 59 61 117 83 5 44 63 118 31 97 25 20 13 65 46 74 24 105 82 81 28 2 99 79 42 38 7 64 4 34 76 88 9 47 6 69 12 11 10 87 21 93 48 40 95 32 23 73 110 16 113 1 14 103 114 52 19 107 3 57
113 71 75 25 74 94 51 20 101 28 92 81 34 39 21 77 82 116 9 50 106 31 103 57 16 36 108 15 55 40 58 46 13 37 59 7 24 32 0 33 112 93 73 22 76 48 19 111 107 90 114 95 14 12 63 41 53 10 97 6 87 3 56 89 102 27 88 72 47 118 99 4 67 23 61 80 11 100 79 91 45 104 69 1 105 98 30 43 52 8 109 86 18 35 117 54 26 65 70 96
108 94 89 66 50 5 81 51 99 29 23 34 69 18 30 88 91 35 48 56 84 86 70 92 17 46 116 3 80 119 14 64 55 16 19 100 82 68 57 60 61 22 106 114 8 102 0 83 109 71 47 105 39 78 77 26 2 24 67 103 90 7 95 113 85 59 28 49 27 32 21 93 40 101 12 75 97 6 79 52 63 11 118 87 36 53 1 13 45 44 98 104 76 74 115 58 96 117 54 25
23 21 39 79 57 32 8 110 64 62 70 1 20 113 26 0 61 82 117 24 85 72 35 94 55 87 29 75 46 60 17 108 51 22 81 86 12 112 68 90 101 65 40 7 10 58 84 98 71 49 89 67 25 19 83 115 54 47 88 6 73 28 93 102 3 92 30 66 5 16 14 69 27 63 45 18 99 105 106 91 97 13 100 103 36 78 96 37 111 31 9 41 107 114 38 56 109 116 53 119
79 89 84 80 100 30 8 94 37 42 58 14 55 15 82 5 2 117 24 9 85 17 87 47 95 36 64 111 88 60 98 50 91 68 12 4 83 13 105 43 41 39 119 51 103 44 115 116 53 73 62 52 93 49 97 61 59 1 71 106 16 34 96 31 78 54 101 23 113 33 19 107 109 35 0 108 57 48 22 69 81 65 11 77 27 29 110 112 38 118 32 18 102 72 46 45 21 67 7 10
63 118 19 90 66 10 112 40 17 15 26 18 5 22 105 67 99 73 21 49 50 101 70 97 35 25 91 65 16 56 51 9 78 4 102 115 87 72 76 109 103 86 55 79 98 6 2 77 111 20 54 108 45 32 11 96 59 43 71 95 119 47 12 3 48 80 113 39 100 57 41 36 116 64 58 104 110 28 94 31 89 92 53 93 8 13 68 75 114 106 88 34 117 14 27 24 37 85 7 44
54 36 8 33 81 107 39 113 86 72 46 90 87 71 69 116 106 75 102 45 34 55 73 28 93 70 68 62 24 11 13 100 112 37 88 83 61 95 0 17 44 60 92 117 84 99 104 31 89 23 5 51 9 96 82 105 101 35 74 56 53 115 77 27 76 14 98 25 109 91 110 49 43 6 66 4 40 18 16 22 67 52 30 21 111 78 65 47 26 103 7 79 94 80 29 58 50 64 12 10
51 26 88 78 74 4 67 96 65 118 83 77 10 55 14 105 107 17 102 37 59 27 91 38 79 64 115 89 56 15 28 117 12 31 63 69 76 0 35 9 80 73 103 58 18 99 86 94 47 29 106 20 34 33 23 60 75 41 3 24 87 90 110 42 108 2 50 66 22 57 82 54 92 52 100 81 40 71 72 19 5 36 85 48 84 44 39 1 11 6 21 25 109 97 116 93 49 61 16 70
19 79 118 102 62 112 90 96 35 71 107 39 28 0 65 81 1 94 5 111 29 66 85 104 25 21 50 47 87 4 7 44 30 117 97 40 2 109 43 8 52 14 100 105 12 53 33 45 84 23 95 89 38 55 20 113 13 99 75 70 114 15 26 83 34 110 54 16 58 98 115 48 41 57 116 101 9 31 68 6 10 36 82 72 46 92 60 63 42 37 11 108 88 69 56 91 59 86 119 27
41 31 27 18 11 111 101 52 83 117 39 78 53 119 3 16 110 72 96 58 64 77 89 115 42 37 7 87 21 55 113 69 114 48 71 20 49 36 100 61 44 9 103 19 10 98 2 24 51 95 73 80 38 106 94 46 6 47 15 33 45 23 0 86 109 30 104 50 81 67 59 99 105 43 28 82 93 17 14 22 32 12 75 66 60 8 79 1 91 4 13 68 90 29 54 88 25 57 76 63
