193 45 70 74 177 183 63 104 129 0 26 16 75 171 88 28 120 116 81 18 6 3 166 9 37 30 179 192 56 1 150 82 44 141 95 105 148 156 101 2 170 72 24 187 59 103 34 138 79 52 131 186 48 49 64 117 21 50 139 38 165 58 92 51 23 178 169 78 43 146 93 184 40 167 123 69 125 157 97 118 137 42 57 10 159 145 91 190 17 55 168 142 36 67 90 109 122 108 191 113
164 136 191 77 154 163 124 147 32 69 0 193 192 76 146 187 103 180 112 166 57 132 93 150 8 171 84 62 54 25 60 92 46 145 156 159 165 13 86 68 55 29 127 195 23 41 168 174 20 130 167 75 88 27 40 53 176 33 10 44 161 43 129 194 117 82 83 38 58 143 152 98 142 134 139 73 116 64 138 61 113 97 183 131 70 36 106 56 52 31 21 122 3 24 12 125 141 149 184 6
49 107 144 133 137 162 190 108 161 54 80 151 40 63 181 172 79 17 182 58 22 142 38 15 20 11 78 67 129 8 180 36 158 34 42 165 9 110 118 82 70 76 148 30 61 147 131 99 45 111 57 123 56 83 174 121 132 149 175 60 187 164 47 102 109 120 25 189 141 0 191 169 113 64 159 90 128 6 146 171 160 59 84 37 192 150 73 94 122 12 134 139 193 136 117 140 188 7 186 26
156 64 105 7 146 94 157 33 77 168 121 178 3 75 152 29 150 128 10 49 55 104 12 111 1 71 32 100 124 9 42 169 27 117 97 68 85 134 16 180 66 80 127 22 15 155 190 39 195 151 38 74 11 43 159 48 69 92 47 107 4 114 102 30 61 181 88 131 24 40 129 76 167 175 84 183 142 8 161 99 153 72 160 17 44 63 149 141 137 34 108 52 176 189 174 20 145 87 53 139
61 13 123 114 117 69 106 126 45 72 155 14 58 20 163 162 121 68 170 64 191 78 11 127 102 75 125 85 138 96 166 190 151 5 66 135 73 8 112 56 2 94 40 152 169 79 147 42 184 27 179 171 81 105 142 149 21 77 144 34 122 19 182 120 74 146 104 192 54 148 46 50 47 10 87 177 15 116 124 156 101 90 91 160 51 43 44 98 134 62 185 115 175 172 183 6 80 76 29 18
123 181 128 158 69 17 193 126 5 73 13 83 174 74 33 112 100 145 16 146 147 179 93 165 171 52 117 22 176 35 189 190 96 57 25 141 28 89 54 127 139 61 185 114 51 72 88 53 148 163 34 40 29 118 184 130 167 87 15 173 4 80 39 153 58 85 142 182 14 143 67 188 131 43 84 108 192 137 135 119 107 8 42 183 68 75 55 92 46 124 164 110 60 76 94 149 113 0 79 62
152 124 190 171 21 103 55 48 37 170 175 25 30 179 91 193 12 86 150 135 184 46 176 53 92 51 99 57 94 40 4 10 120 130 158 186 141 112 64 98 102 82 146 96 182 69 54 27 107 80 134 165 154 41 132 70 73 6 39 194 89 161 125 181 29 117 79 106 164 44 31 87 155 144 145 172 1 85 7 13 104 131 74 61 11 163 18 169 83 147 189 143 148 36 78 90 118 52 159 97
181 115 142 93 44 119 179 164 8 170 91 99 171 189 21 141 118 0 66 145 174 144 166 131 191 95 67 173 140 72 172 41 25 103 194 18 104 128 169 13 12 58 69 70 56 183 193 88 40 64 36 175 89 135 60 106 167 38 46 19 117 17 190 82 122 14 23 52 160 30 97 168 39 15 124 125 130 29 151 185 71 180 61 73 161 195 123 126 57 50 96 163 146 114 92 65 81 47 177 51
9 3 29 104 177 69 144 1 102 10 128 166 19 14 84 182 61 152 156 23 171 68 134 42 39 122 87 141 93 113 142 70 2 47 184 103 193 145 139 188 90 186 169 60 155 115 50 82 56 161 46 114 49 5 51 18 116 111 167 76 174 175 148 117 89 67 154 83 35 147 132 38 74 170 123 96 36 80 162 109 124 15 98 157 190 20 30 105 8 75 194 78 48 53 54 136 4 130 120 137
182 141 73 117 96 82 108 187 84 139 155 17 162 9 87 7 123 180 132 23 26 13 160 89 8 24 106 177 33 153 166 67 189 40 116 54 156 191 133 158 68 15 29 131 34 111 28 172 30 115 86 98 173 56 136 39 157 121 12 66 0 85 119 170 20 126 107 48 60 6 32 140 179 44 37 14 16 112 45 129 3 122 193 186 135 120 36 27 130 62 150 142 79 55 46 145 57 183 38 71
155 99 121 23 88 42 83 127 145 181 193 135 33 150 35 72 126 91 69 161 107 165 87 21 41 6 86 176 112 17 133 111 158 82 52 58 63 186 48 170 157 113 156 102 106 141 55 47 12 177 138 24 119 187 61 109 51 15 184 98 136 67 71 3 152 64 25 84 85 153 96 173 103 175 18 149 142 62 68 194 78 122 20 146 31 44 49 143 179 50 169 77 114 178 1 95 174 11 19 172
103 27 83 58 102 167 60 50 37 127 189 33 96 43 68 187 34 171 89 193 155 8 76 156 186 5 146 10 28 150 106 108 132 117 114 172 136 93 85 164 84 72 17 115 65 152 135 51 62 144 175 147 174 110 4 185 77 177 169 130 120 123 125 104 49 46 92 39 13 61 153 191 109 148 129 86 122 42 173 88 79 80 29 31 91 99 87 19 20 45 165 12 192 163 41 71 119 180 66 47
164 115 127 9 39 149 129 161 89 95 81 110 92 59 26 13 55 2 122 20 77 24 67 58 93 166 47 130 41 126 21 105 72 74 182 37 177 90 139 135 100 27 168 141 84 137 154 1 8 159 66 187 69 120 15 156 36 195 176 106 65 99 91 6 152 134 46 158 157 193 75 11 146 70 142 104 128 163 31 86 190 132 42 167 143 25 4 185 33 113 64 98 49 178 121 60 148 151 83 186
131 191 91 99 183 37 163 73 100 136 17 110 185 140 127 44 169 74 75 86 77 187 10 62 194 55 23 156 171 179 21 25 157 193 106 53 9 132 30 119 41 128 109 177 92 178 107 36 114 192 173 153 139 158 16 42 117 164 103 175 26 32 6 137 122 170 28 72 0 145 124 79 48 11 95 184 65 167 35 121 13 141 87 33 97 47 82 85 78 38 102 105 14 146 57 39 138 98 159 152
31 22 58 106 128 69 121 91 29 12 30 15 143 87 137 81 65 26 25 43 36 176 42 142 192 98 169 96 27 78 113 82 102 61 59 118 89 158 120 165 149 17 53 85 103 124 167 114 24 155 170 28 161 88 90 11 111 3 67 55 190 38 188 189 125 68 185 63 32 183 39 160 64 194 187 49 83 186 174 141 105 77 86 72 179 80 166 35 84 126 147 159 73 110 148 164 5 60 122 154
139 14 35 143 90 128 186 138 194 7 110 70 10 183 112 170 25 23 21 146 154 171 50 103 176 22 158 131 117 20 74 94 122 78 41 99 190 51 40 37 47 104 69 188 173 125 1 65 166 169 189 53 42 72 15 182 52 30 39 96 165 181 0 62 9 108 111 114 29 81 18 105 73 180 59 61 119 172 137 38 60 134 168 161 163 132 164 162 149 106 45 33 179 75 184 92 88 167 57 2
97 188 171 146 183 151 166 24 62 121 54 37 39 155 152 179 185 137 139 30 158 60 2 7 28 80 144 8 153 88 47 29 18 94 108 148 114 67 161 52 78 73 49 109 50 72 194 102 190 83 34 14 110 189 132 119 84 174 15 91 3 61 101 128 156 33 124 27 51 38 134 45 59 96 26 44 126 177 17 192 1 98 13 92 46 22 0 10 77 117 74 111 9 63 115 106 43 70 79 20
179 91 25 32 175 144 192 54 132 50 121 57 71 189 88 135 75 185 3 149 137 109 108 122 49 73 158 28 93 46 125 188 168 164 153 8 113 41 67 40 146 79 190 81 33 43 72 64 170 5 181 53 10 31 96 161 12 129 172 174 39 52 112 95 105 178 191 160 82 14 66 130 45 85 87 126 97 103 183 9 136 111 92 34 106 47 145 19 104 90 63 42 116 4 176 184 21 24 59 13
46 133 31 92 29 161 132 79 152 42 65 7 80 159 189 89 13 109 72 98 158 2 17 129 114 117 119 52 151 194 156 60 153 73 137 171 22 167 43 190 155 135 86 160 61 57 164 113 87 127 58 85 140 37 21 0 111 51 81 107 143 106 186 120 3 23 78 173 63 110 103 104 83 6 71 193 182 101 47 40 90 96 54 192 165 35 150 139 122 183 9 99 88 77 5 145 123 32 91 105
138 55 191 93 16 4 189 190 132 5 131 177 41 155 95 192 15 35 20 106 86 186 30 175 57 67 85 71 89 59 61 81 54 94 24 194 28 46 169 84 108 18 143 91 119 17 29 184 2 7 120 172 129 128 48 170 135 38 78 96 166 183 25 130 137 13 185 100 151 176 134 0 9 1 34 107 39 112 179 52 111 66 31 180 21 188 122 43 126 65 173 145 116 156 141 33 157 87 142 32
102 72 137 177 113 87 160 84 138 133 119 45 25 140 194 123 180 57 38 91 6 182 85 116 44 174 191 130 64 144 187 195 83 9 19 22 186 2 74 86 41 94 110 111 53 75 4 61 153 128 121 149 23 151 129 51 95 59 145 184 166 47 100 92 134 16 60 55 73 131 161 69 157 63 26 150 136 35 185 82 62 70 50 20 17 178 79 97 163 46 5 192 148 156 107 33 58 193 52 135
195 132 14 82 3 43 93 87 126 136 10 40 19 59 159 131 152 122 36 70 88 114 107 81 128 2 37 64 139 190 108 172 118 50 86 31 53 98 60 21 47 73 17 54 140 119 11 135 165 84 99 26 150 44 146 79 77 125 30 123 105 151 103 27 49 68 28 116 97 41 194 189 61 164 51 12 57 143 89 4 83 67 121 158 149 113 55 90 182 192 162 92 35 175 42 80 161 115 178 95
143 87 73 116 71 127 123 105 60 113 88 170 144 65 112 62 158 82 109 47 134 64 27 52 106 81 193 36 136 194 89 28 114 15 33 179 133 146 70 43 55 31 188 159 69 163 183 120 164 90 142 153 39 95 2 8 97 117 11 79 135 53 10 191 51 178 91 129 121 92 192 54 19 155 25 0 63 38 22 18 6 86 3 56 130 24 108 125 185 9 61 150 157 132 169 75 140 101 187 115
101 139 53 98 130 109 85 153 41 22 76 84 61 38 185 70 42 43 120 191 56 174 11 118 57 112 40 35 16 79 147 184 49 6 1 136 194 195 152 69 138 129 168 52 108 177 29 99 88 64 46 93 188 156 125 47 173 33 51 21 145 13 182 96 171 141 17 30 77 132 24 123 116 119 115 10 87 113 18 75 127 15 9 12 63 176 192 193 167 0 142 164 19 25 143 159 83 104 97 148
34 53 155 54 183 27 177 142 25 22 42 137 128 171 45 139 170 121 116 29 148 71 85 37 178 195 90 60 81 49 154 65 8 165 100 105 31 6 16 18 115 122 66 73 2 17 10 138 19 98 131 92 33 20 107 0 83 190 70 150 169 176 162 130 48 141 186 160 77 88 93 146 103 180 39 193 40 15 192 182 118 191 101 108 44 187 134 28 30 164 69 91 159 96 189 94 24 123 143 156
116 8 65 112 184 69 60 40 195 155 64 126 75 176 82 41 98 57 15 92 159 96 14 180 111 37 47 45 141 73 188 130 16 162 49 171 10 50 183 129 109 5 91 87 100 61 132 74 134 175 158 12 85 93 35 114 106 107 13 191 139 59 46 51 77 17 88 52 4 177 1 104 18 58 2 32 153 161 24 0 110 119 144 101 28 71 19 76 181 31 142 29 103 34 89 95 26 138 123 27
9 145 88 20 128 40 36 138 129 177 156 191 176 70 84 132 159 95 160 51 65 64 146 49 89 44 99 55 5 28 119 149 101 181 114 116 72 80 73 8 180 118 144 0 140 100 75 122 190 54 85 43 78 143 19 87 21 153 93 134 193 39 27 90 81 103 121 148 120 57 169 189 46 32 124 157 165 30 150 182 152 97 22 155 110 126 147 38 26 179 56 62 174 142 102 115 163 60 125 34
194 168 151 24 57 97 14 61 191 154 86 29 175 187 182 21 108 1 143 46 80 107 52 32 129 63 190 37 164 78 9 48 72 17 43 2 85 39 94 99 28 153 177 135 195 49 84 56 96 112 122 157 41 77 171 138 169 93 156 81 110 73 10 189 35 183 163 180 83 126 161 0 91 53 123 181 25 8 186 136 98 59 34 102 147 31 152 66 27 188 131 117 155 114 79 125 124 42 178 128
58 127 31 45 130 17 147 10 16 116 83 174 176 84 18 69 156 42 28 81 126 136 132 138 177 0 25 167 164 161 191 181 73 51 55 74 139 133 194 172 123 112 7 62 186 22 137 20 39 168 94 154 59 114 93 98 54 179 19 149 12 184 145 70 1 11 173 29 157 34 92 52 165 171 121 162 96 75 9 68 48 110 120 72 109 131 115 35 169 106 26 14 152 37 80 46 79 43 82 163
16 120 23 186 173 141 119 112 171 172 4 128 138 59 188 79 69 38 48 191 15 53 60 139 81 154 87 71 37 10 66 140 161 77 195 143 50 181 93 5 22 101 62 73 174 27 132 65 158 98 189 41 58 29 123 144 114 74 131 90 130 88 134 108 91 103 118 129 122 14 185 89 152 68 20 124 106 126 94 109 151 104 190 75 125 153 72 97 133 44 111 46 136 85 117 135 102 184 127 105
23 179 168 134 108 3 17 132 92 186 47 83 170 99 44 40 130 172 66 187 159 126 57 165 48 58 60 81 163 21 22 175 144 77 24 98 106 76 177 111 103 12 86 33 9 0 8 5 149 82 119 61 145 20 131 154 157 95 36 14 101 141 85 116 7 90 28 55 30 129 18 29 75 74 178 185 59 93 10 11 120 50 41 164 63 162 51 138 167 191 128 193 68 91 127 96 105 25 78 174
131 140 159 74 144 19 17 85 9 16 26 130 34 103 119 172 138 190 58 114 94 83 155 88 146 148 147 3 69 161 100 163 175 136 14 55 24 178 72 171 122 37 177 33 166 157 93 126 112 39 84 77 4 152 40 117 81 45 180 96 106 82 48 91 181 22 65 99 168 86 30 13 170 189 80 62 18 186 115 110 101 27 97 20 107 108 57 151 111 23 188 66 51 21 38 160 143 15 162 132
27 14 150 86 186 40 19 28 23 35 134 190 33 99 17 8 148 166 154 47 129 159 98 121 58 195 180 161 29 153 160 131 44 78 11 149 146 24 20 109 43 95 189 97 115 62 42 88 10 5 127 171 101 31 173 13 77 188 137 133 126 48 52 70 162 143 192 175 176 30 118 122 144 106 102 73 139 151 104 147 185 32 125 26 117 25 0 66 6 15 169 64 18 130 34 16 12 9 71 4
151 8 110 140 99 73 115 37 43 173 117 83 50 96 116 65 46 185 66 164 93 23 165 121 71 176 27 40 146 178 14 89 188 59 112 30 26 106 87 88 154 135 39 61 152 150 156 68 31 107 190 41 169 6 113 54 74 161 187 79 122 9 131 13 104 123 155 193 5 132 3 144 77 10 86 49 82 126 55 167 80 90 21 174 149 194 17 51 20 162 136 28 134 76 62 0 2 171 38 53
144 94 81 171 124 87 77 117 86 98 105 4 151 61 127 2 97 85 42 67 114 190 33 36 46 140 122 19 126 106 78 118 195 101 139 39 66 93 57 174 53 34 131 17 49 25 148 89 165 177 90 107 182 180 145 74 146 129 3 179 64 37 43 154 88 41 108 158 6 5 56 22 48 136 15 13 28 75 178 156 150 193 143 109 20 132 52 55 99 18 176 125 164 54 149 155 112 62 51 11
155 24 131 35 126 130 45 117 51 11 178 8 60 181 66 122 136 142 16 53 121 17 161 85 148 61 174 159 153 151 14 104 76 112 20 132 59 10 27 44 77 42 89 87 3 80 179 189 52 140 6 172 79 30 32 70 2 78 46 43 15 119 134 168 5 109 9 111 187 1 164 124 64 21 40 57 135 160 173 98 25 56 102 184 170 191 94 19 74 31 106 84 180 157 129 186 141 13 110 12
136 13 153 102 183 190 100 58 165 6 87 110 20 50 189 157 169 192 155 81 55 80 56 89 182 54 122 93 135 107 116 104 39 47 45 15 22 134 17 126 193 71 31 195 79 0 142 91 187 145 92 115 180 117 132 108 86 41 159 21 166 130 143 90 35 138 170 109 176 164 59 8 51 19 160 14 23 27 64 63 167 191 12 172 5 69 84 70 168 188 144 106 120 46 26 66 88 131 128 61
59 146 161 135 188 72 107 20 115 138 190 61 25 192 27 78 178 54 52 88 51 118 0 82 99 39 105 140 91 189 182 156 13 76 157 193 110 69 163 60 142 44 42 57 154 116 64 106 86 153 124 84 95 101 194 120 96 176 123 83 30 177 94 174 117 191 155 22 160 65 111 15 34 87 47 172 50 68 46 38 33 169 70 3 143 131 167 90 108 112 55 187 158 41 119 23 184 19 162 147
19 83 166 137 52 117 177 9 85 146 182 111 22 41 158 148 103 33 74 34 87 7 94 163 165 140 18 31 101 66 136 84 186 153 57 97 173 89 59 187 162 102 108 194 68 169 126 174 123 25 139 159 107 171 184 17 55 185 81 178 58 188 77 44 144 183 127 90 8 6 168 116 150 82 24 14 43 129 93 142 45 179 110 16 11 92 79 29 69 104 164 73 138 189 128 42 109 49 62 65
161 24 162 149 166 64 56 125 189 46 160 120 187 59 75 15 83 23 6 133 157 52 123 155 29 127 112 44 34 17 43 38 54 170 126 18 97 2 151 3 12 163 9 193 21 104 156 150 78 36 13 137 76 185 77 87 154 22 73 158 70 1 145 26 96 102 31 195 141 16 37 110 51 57 89 60 111 108 168 191 68 50 65 40 62 183 178 25 169 130 4 93 182 33 27 135 128 47 63 28
155 154 31 99 41 83 21 157 74 75 51 152 71 187 180 92 171 109 98 80 135 10 129 160 89 30 78 54 7 168 132 61 60 9 39 42 159 111 169 121 175 20 70 151 102 100 26 86 107 28 35 176 105 95 104 66 12 148 116 65 158 165 133 149 124 183 178 191 50 85 114 3 82 91 118 195 63 56 77 93 190 19 112 43 73 27 128 174 141 15 62 87 79 55 36 142 58 16 156 18
97 87 59 83 114 194 111 64 12 71 149 113 65 11 161 86 135 88 182 109 20 175 174 191 43 183 181 99 58 62 6 145 122 133 110 17 91 151 74 81 47 68 121 146 115 89 22 101 129 195 57 92 105 190 144 0 170 171 184 63 180 33 167 55 40 80 150 125 193 26 61 189 67 163 85 192 4 93 46 16 136 152 120 30 112 7 162 158 14 148 29 38 178 2 126 159 79 154 82 156
37 159 20 157 131 146 25 144 135 140 195 7 14 179 105 162 134 119 89 90 49 132 66 100 127 97 41 87 101 171 42 35 26 72 80 184 85 10 50 75 148 9 168 93 189 192 74 23 59 88 77 117 163 128 130 45 65 24 155 129 152 120 83 60 56 44 133 193 57 126 39 86 69 112 139 165 2 31 109 175 160 164 137 62 36 113 124 166 48 8 6 98 5 188 96 67 136 153 114 173
171 176 104 83 140 78 175 120 106 186 97 167 81 52 74 153 50 159 30 11 111 35 177 17 116 10 149 15 76 13 133 132 82 46 95 51 124 1 71 53 164 99 67 138 142 181 63 150 57 152 125 88 92 54 147 113 135 193 118 21 9 100 141 160 94 86 112 128 127 58 89 47 85 154 61 170 77 14 105 145 32 123 172 90 96 188 137 20 165 62 12 184 195 117 109 18 27 43 23 151
164 32 49 87 155 19 65 105 36 3 29 151 113 51 82 174 157 135 140 2 67 111 68 186 101 53 72 92 127 185 123 122 131 55 182 125 20 149 54 117 71 37 0 95 62 18 69 143 96 110 42 70 59 133 112 100 76 169 27 173 74 170 91 79 153 120 5 189 119 60 141 64 106 80 12 161 10 160 84 188 15 98 187 41 181 66 7 150 142 176 23 4 1 44 195 115 146 45 11 6
29 61 85 175 43 154 131 144 159 60 15 143 21 166 53 169 112 149 69 79 152 23 102 55 150 107 116 66 67 14 81 190 90 27 62 118 52 2 122 63 8 41 189 17 84 13 160 76 36 94 54 176 147 91 108 187 173 155 49 191 37 129 77 51 171 3 156 47 165 96 83 153 24 104 65 75 97 157 179 132 135 103 140 42 45 134 119 88 100 181 48 113 117 78 128 35 11 138 146 87
64 140 105 95 23 152 131 154 148 137 19 134 68 48 70 133 145 31 24 117 66 16 80 7 179 0 18 73 183 177 191 99 112 5 67 120 195 84 72 188 130 149 82 87 63 76 164 155 54 11 167 113 125 103 33 182 15 20 116 162 17 109 49 45 129 30 8 163 32 132 43 35 171 176 111 85 119 89 83 100 97 86 150 138 98 78 79 165 115 136 153 101 38 69 159 40 81 169 166 77
12 180 84 107 59 60 70 22 172 156 142 94 13 133 63 20 33 92 3 171 43 61 116 167 7 110 186 162 136 169 109 72 130 58 4 127 141 19 66 134 46 98 111 129 137 161 90 28 54 2 105 99 56 10 181 6 124 40 163 146 190 121 34 193 81 155 80 44 174 117 152 153 182 115 164 138 51 25 168 113 27 159 194 157 139 36 166 55 76 176 143 89 67 91 68 11 184 52 125 119
186 184 136 173 98 178 65 96 13 90 47 75 88 193 174 25 190 159 145 73 59 110 50 93 125 142 38 20 86 54 35 141 15 148 46 118 175 162 68 122 34 12 134 164 150 53 127 128 124 60 33 0 92 155 41 172 83 44 95 85 176 152 112 26 166 123 49 5 147 108 129 6 69 107 66 131 165 78 106 19 120 80 158 40 105 30 84 31 163 113 58 103 11 151 191 10 138 63 177 169
5 120 28 145 166 150 142 108 46 75 40 70 185 31 170 88 174 156 39 101 123 180 162 138 175 194 176 6 36 14 19 58 62 68 80 61 149 137 24 79 43 47 41 74 83 111 110 100 128 82 119 98 141 163 189 35 77 90 91 182 157 167 99 191 71 136 44 172 23 171 113 184 153 49 173 42 109 67 69 107 56 159 45 29 76 135 93 92 130 139 146 169 25 103 64 161 37 20 96 1
136 92 155 23 134 57 25 76 161 30 14 43 53 99 106 104 66 135 193 74 174 180 70 176 168 110 31 103 154 172 140 130 13 60 69 72 20 127 113 41 18 107 67 36 102 143 49 120 51 89 55 121 160 58 175 185 61 17 79 117 188 64 19 119 22 137 46 179 183 194 165 126 48 82 108 62 98 3 109 26 94 163 63 149 116 101 195 181 33 75 153 100 65 111 184 8 56 29 122 123
121 173 194 189 54 104 8 81 168 130 171 159 63 16 140 39 111 116 93 3 38 195 21 47 153 105 169 190 87 89 76 123 178 114 131 1 70 80 177 182 165 186 95 67 36 133 82 49 35 192 191 13 161 98 152 34 17 31 110 124 91 56 14 79 145 11 71 15 12 53 96 160 58 184 52 144 27 20 154 147 150 167 174 122 51 23 100 64 10 132 148 109 66 75 141 142 185 59 32 188
102 122 47 121 63 114 73 183 8 193 116 96 192 42 92 14 180 111 56 194 118 126 2 190 64 36 40 29 147 79 172 45 35 195 53 54 48 6 55 185 77 66 25 33 108 144 164 89 140 103 57 162 119 167 84 76 32 115 75 141 173 107 90 83 168 160 59 87 69 142 7 60 0 170 94 191 101 41 148 11 112 166 85 143 74 149 15 188 176 91 175 154 156 10 110 23 133 152 104 169
139 177 128 64 140 72 130 10 187 73 26 81 133 102 115 121 137 66 116 76 151 89 165 93 104 141 184 51 29 127 188 117 75 194 40 113 77 46 126 95 183 59 166 37 79 161 96 135 2 186 107 154 120 4 20 63 25 136 108 39 129 111 92 56 32 156 191 97 65 55 5 35 68 61 124 3 195 118 144 28 100 170 31 12 71 38 60 99 62 21 172 160 158 85 7 143 153 132 53 114
30 144 133 65 122 5 24 112 161 70 168 79 140 114 148 66 21 1 67 181 97 16 109 28 92 7 12 193 2 25 113 44 68 123 141 166 82 111 103 93 191 75 174 117 154 151 147 11 94 35 145 179 180 165 170 53 72 37 31 18 150 139 69 54 50 80 62 22 0 13 33 89 57 55 60 167 41 39 83 95 184 64 45 121 124 27 59 138 71 190 128 61 155 78 125 102 126 56 127 91
185 0 80 57 61 131 184 138 26 54 170 42 124 142 156 38 109 45 148 189 143 92 78 127 102 104 140 49 6 16 37 29 112 117 186 107 178 157 134 136 183 174 103 93 77 135 46 195 182 30 164 32 53 66 96 86 133 194 15 150 83 9 115 48 145 39 89 65 8 119 17 191 27 79 84 64 118 72 168 108 56 149 146 123 23 62 137 116 147 87 7 12 114 179 100 85 88 161 52 14
191 90 8 13 174 133 143 134 157 68 177 156 67 84 160 66 129 107 116 78 89 73 96 32 179 57 119 48 194 102 139 153 182 71 94 168 88 144 18 64 147 21 126 122 28 164 20 82 91 124 92 93 186 15 38 131 158 54 17 140 42 176 9 49 50 149 0 137 55 11 5 141 125 60 46 30 109 97 44 170 136 19 172 79 35 95 167 22 104 43 155 173 31 111 69 161 123 47 61 45
159 46 183 99 63 90 113 139 180 65 27 6 35 32 176 2 16 15 168 132 111 186 171 150 121 95 26 96 78 97 60 104 66 7 107 169 127 42 82 50 67 1 140 43 103 182 157 64 86 126 29 120 38 123 37 23 152 167 108 40 147 153 49 188 179 144 105 94 47 137 114 18 0 48 19 61 165 192 21 10 88 31 106 28 109 12 73 115 141 160 174 8 57 71 87 101 158 125 138 177
9 108 51 44 96 158 76 45 74 39 69 54 25 66 52 138 145 73 144 140 156 179 67 2 63 41 37 55 94 86 107 38 154 70 13 75 91 42 23 72 124 150 47 167 7 104 32 175 161 132 115 190 159 10 160 172 35 170 110 49 121 171 36 178 174 194 189 105 155 64 84 162 95 153 14 106 62 0 177 58 130 185 65 33 192 187 34 137 139 24 116 131 129 166 127 133 100 81 173 165
169 61 81 121 94 125 109 28 102 180 88 37 52 96 65 3 160 138 181 172 152 13 178 168 36 156 99 49 57 146 98 29 58 0 170 76 105 164 33 171 20 67 134 185 150 27 90 190 50 63 97 93 60 69 131 78 17 117 59 7 85 137 162 31 82 43 54 14 10 24 135 159 187 111 163 30 91 107 136 25 66 115 75 8 191 4 80 142 126 83 45 154 34 143 70 77 151 23 39 129
181 2 168 61 25 39 34 194 81 82 127 13 91 166 148 158 141 40 123 125 140 1 133 165 74 68 4 22 58 90 172 153 44 41 135 178 23 97 176 115 15 170 83 77 142 163 3 147 190 30 32 94 156 175 51 173 145 139 11 93 174 19 149 53 29 179 114 33 121 116 137 157 65 104 100 186 183 151 124 132 109 69 16 52 60 56 195 92 146 48 101 66 98 17 169 171 14 0 159 152
134 193 17 58 184 118 140 9 111 89 160 113 92 115 126 121 42 170 162 23 81 47 114 90 19 80 43 137 29 12 38 177 106 164 147 41 55 34 44 109 110 3 2 112 95 101 190 161 171 16 70 54 138 139 64 152 28 154 87 103 99 188 56 8 60 66 153 50 124 125 45 51 98 11 176 172 168 84 82 20 102 185 33 85 6 182 48 156 52 22 93 62 31 79 75 27 32 37 195 46
2 29 159 154 92 164 161 140 132 53 66 138 142 170 83 144 78 156 90 17 96 115 169 128 107 121 44 101 3 70 158 97 91 114 160 10 20 157 95 35 108 25 123 14 171 6 18 63 23 36 136 39 162 183 178 139 133 145 49 54 47 100 184 62 84 190 185 12 69 51 27 93 30 75 135 86 175 37 11 113 181 106 126 24 129 74 26 166 28 179 104 177 82 19 153 9 76 191 73 120
158 108 52 135 140 13 131 114 9 22 83 175 68 77 166 155 126 33 66 125 92 43 159 16 121 186 172 85 28 180 67 123 163 137 7 187 21 93 118 29 62 61 87 20 157 101 17 104 15 115 110 102 134 74 171 138 55 51 129 44 38 148 149 90 124 153 164 39 80 169 181 8 192 64 88 26 6 60 193 69 103 144 73 143 165 78 154 151 106 31 127 18 27 161 11 107 91 141 30 71
101 164 84 108 36 41 138 47 150 85 166 176 128 175 145 178 12 56 55 153 112 59 63 32 7 89 24 9 142 119 74 68 52 125 162 188 129 46 31 45 18 70 159 34 13 123 183 50 40 97 140 147 186 88 163 38 156 93 67 158 54 29 194 154 124 99 96 114 167 21 109 83 190 136 22 104 165 60 98 1 102 86 48 73 90 19 139 107 113 81 6 187 26 44 193 78 170 62 126 191
82 126 87 99 164 168 58 89 115 148 67 137 133 41 185 5 192 68 77 46 1 154 169 14 20 66 44 110 55 177 12 175 33 183 69 51 174 182 124 81 15 63 93 107 129 2 138 130 39 101 190 106 11 146 57 127 139 150 73 40 22 23 180 143 160 113 75 173 59 8 141 3 103 118 72 153 128 29 19 38 151 161 79 184 70 178 98 7 119 120 189 136 10 156 25 28 170 92 186 34
195 127 115 138 35 34 79 39 160 140 157 141 105 169 145 102 129 146 100 107 117 91 175 132 191 69 40 81 32 42 15 193 63 162 86 176 18 183 58 182 134 20 12 3 171 54 72 64 189 151 181 24 26 99 190 22 84 137 76 177 21 6 77 161 47 111 1 44 186 55 29 31 38 0 136 90 159 36 8 43 194 10 167 120 154 164 48 60 126 83 108 192 112 11 7 142 96 94 19 130
106 0 194 100 144 160 116 175 181 54 81 177 173 125 16 139 41 99 8 98 39 46 90 93 12 190 48 84 7 72 64 157 117 63 145 49 45 77 168 53 91 132 47 128 10 58 34 163 73 156 89 159 158 169 134 74 13 92 101 162 17 4 102 71 104 96 124 152 52 186 155 76 42 35 195 136 5 165 148 113 38 21 126 141 78 170 61 30 14 179 36 83 56 135 133 94 189 149 87 151
27 111 128 92 153 37 26 121 181 157 162 125 51 163 20 50 148 102 114 94 137 140 2 156 109 136 32 24 173 130 84 110 7 123 99 90 57 182 95 19 189 15 168 48 155 170 10 152 190 77 146 132 112 117 82 35 5 16 93 28 81 195 1 143 183 106 58 22 33 39 142 68 180 188 161 122 167 69 29 31 165 66 134 83 193 126 76 107 71 187 141 64 17 23 177 60 21 67 72 115
89 107 90 27 31 44 145 72 183 176 49 157 92 139 195 144 32 64 3 171 161 18 73 87 99 140 166 137 153 20 132 12 54 135 51 76 66 8 28 22 188 11 40 117 189 36 163 19 114 30 47 38 17 41 142 178 2 130 29 5 172 25 165 100 24 104 88 74 57 80 61 173 26 95 136 59 78 65 85 148 193 151 58 97 177 77 112 101 63 187 110 175 152 143 75 129 55 131 124 70
25 73 76 136 3 167 177 194 158 21 131 171 15 112 57 175 182 140 10 69 152 187 114 60 179 14 129 38 41 11 93 184 2 27 193 18 151 153 35 32 117 159 47 120 119 155 70 91 95 86 89 100 54 40 26 188 83 48 154 4 108 186 50 181 138 102 109 170 33 19 148 99 34 51 45 46 145 30 22 125 110 84 20 118 141 37 62 122 53 52 146 75 96 8 72 43 190 97 132 82
167 195 64 187 161 100 81 142 54 14 184 46 17 99 12 141 38 57 68 132 90 41 78 96 125 165 150 191 153 80 177 40 31 189 52 179 139 107 82 101 42 48 35 134 143 1 155 194 181 163 28 115 16 128 76 56 138 186 114 171 103 27 0 173 34 124 69 188 148 51 22 159 77 149 7 174 166 5 23 130 105 49 88 170 94 152 136 180 168 122 37 135 75 59 2 60 50 47 15 145
90 37 164 59 55 195 10 146 189 60 190 125 57 87 102 123 58 144 49 9 4 92 36 150 56 29 141 44 51 105 12 103 61 91 194 62 88 163 159 111 23 75 99 172 177 6 158 85 126 86 112 98 138 68 28 165 185 181 174 19 116 127 106 147 145 54 93 43 1 40 100 188 70 38 74 117 124 130 50 81 154 65 0 173 13 45 131 129 67 128 16 107 176 115 17 20 167 148 63 135
50 70 111 84 108 118 3 163 7 80 0 190 110 188 78 59 125 1 71 20 120 41 37 34 117 57 141 74 13 175 174 102 11 112 92 105 121 166 14 165 22 101 128 157 116 149 107 35 140 18 8 106 192 62 4 146 32 148 160 89 119 45 55 152 161 139 177 170 81 136 9 143 173 72 17 138 103 181 185 104 12 191 135 129 51 65 142 162 171 10 83 53 189 85 86 2 42 113 187 123
55 175 88 147 121 16 47 192 1 63 37 21 122 181 41 119 36 148 101 82 10 129 99 106 23 33 176 28 49 13 38 152 193 58 180 149 87 48 109 105 146 165 103 19 17 73 69 93 29 74 188 22 194 5 57 45 86 59 90 127 123 116 68 170 31 164 133 80 158 52 62 56 134 100 27 135 160 95 141 187 107 178 43 190 125 4 44 108 131 39 34 3 72 78 30 186 50 128 11 140
146 156 173 171 125 151 112 44 1 69 0 45 55 141 9 17 147 179 75 43 13 139 185 104 42 136 6 183 140 67 180 145 12 87 123 63 93 25 164 85 142 39 82 186 73 126 176 59 181 174 91 114 41 133 153 194 31 10 83 143 86 106 11 190 52 177 165 24 101 160 120 20 15 66 178 99 189 80 79 2 35 50 76 115 111 89 36 163 100 22 105 96 182 71 170 33 16 124 158 129
66 17 118 35 49 70 16 15 124 51 186 106 31 128 96 8 9 86 181 157 37 170 171 143 145 6 87 5 136 188 41 24 36 94 62 3 110 33 119 68 116 141 152 28 172 72 60 40 107 160 115 185 38 63 155 154 19 57 99 105 144 187 179 177 194 123 64 18 90 137 81 80 180 79 88 84 52 163 156 165 69 53 193 26 112 129 55 93 34 73 58 48 148 101 150 2 166 97 142 74
25 52 125 56 179 45 182 131 8 77 34 10 28 168 96 38 91 69 1 51 151 121 185 162 128 120 147 102 140 149 23 36 93 74 76 55 5 104 54 63 111 92 50 59 166 101 42 85 41 75 176 169 148 78 191 7 126 134 180 9 66 139 22 67 122 194 159 133 161 17 46 157 109 183 14 174 195 80 160 18 21 175 118 60 150 13 83 62 167 158 193 71 186 2 86 165 11 16 0 143
55 13 83 176 111 174 72 141 180 15 146 97 188 152 149 16 184 124 50 37 27 133 194 192 106 166 74 78 112 12 128 59 54 60 164 161 153 61 58 127 190 7 168 135 143 31 139 178 87 33 182 105 137 89 42 160 2 167 104 0 131 102 142 9 76 163 82 79 134 39 4 62 63 44 52 75 84 25 65 26 10 1 91 99 53 165 189 24 126 138 157 162 103 32 85 115 71 101 68 66
191 91 174 122 38 59 171 137 193 138 120 96 147 103 99 176 110 61 185 24 76 52 48 154 170 83 8 134 119 9 40 167 4 124 60 44 127 35 194 65 106 158 50 92 123 78 86 112 139 161 132 104 153 5 108 54 113 14 195 34 57 88 159 7 75 136 160 12 64 37 81 151 43 142 97 175 1 144 22 55 133 26 67 62 16 87 30 49 27 149 17 53 13 148 187 157 105 164 107 141
88 32 176 76 22 51 54 47 75 53 6 113 70 5 15 66 188 96 14 117 116 121 60 135 18 61 112 72 177 133 128 10 190 90 34 0 108 50 102 144 1 134 178 159 81 79 126 138 120 74 8 182 186 105 7 125 160 171 99 183 39 86 97 180 129 55 19 85 111 168 41 148 43 69 45 78 161 191 93 147 63 28 103 4 2 94 110 29 109 179 44 95 42 52 114 49 189 123 118 132
37 35 85 88 180 98 195 153 79 91 118 26 129 177 157 132 66 9 125 173 121 142 23 162 179 93 16 186 100 83 139 171 11 192 169 7 149 59 78 156 4 155 3 193 120 136 54 28 56 185 74 144 113 170 187 62 101 116 70 15 31 49 29 106 90 107 134 137 40 184 161 92 58 103 61 164 181 123 53 127 109 67 111 183 160 110 24 64 48 71 94 190 50 148 133 126 76 152 166 159
55 33 84 26 19 1 14 87 147 32 136 35 127 168 76 175 6 100 187 160 141 27 151 172 51 16 189 191 12 97 63 179 128 40 83 159 31 135 34 24 182 91 146 192 142 92 46 64 62 148 140 74 59 181 78 101 36 37 114 184 79 8 38 119 145 116 53 22 68 23 7 180 61 60 11 54 94 57 131 123 95 69 133 39 30 108 176 86 88 98 15 73 48 149 112 103 183 67 154 3
153 27 49 10 47 149 5 13 22 124 127 79 17 126 112 150 151 119 20 107 90 63 48 51 92 37 175 128 137 177 54 182 87 99 0 97 19 133 159 39 78 108 86 109 180 141 160 181 9 41 38 67 98 96 30 94 110 130 155 31 193 186 121 53 11 15 3 1 154 140 43 117 114 134 125 24 106 29 167 138 170 69 120 8 42 132 161 158 176 118 64 26 59 40 123 157 152 122 129 105
161 134 29 48 140 91 106 142 127 61 135 126 157 93 114 103 102 86 47 67 4 150 8 189 190 31 20 7 101 14 76 154 65 71 164 34 172 66 187 151 108 131 82 94 121 16 10 105 143 171 188 84 36 167 100 33 165 166 175 104 162 75 0 132 62 109 129 191 137 64 185 17 177 87 60 107 30 24 27 89 92 181 69 148 192 179 6 22 81 138 158 44 63 59 79 74 12 37 26 118
30 21 194 150 40 12 126 151 157 6 4 67 143 33 66 163 3 146 64 43 46 1 35 62 31 123 155 113 138 178 44 167 128 89 111 2 105 8 85 54 13 184 69 26 144 53 86 107 60 58 142 37 98 153 175 84 191 5 42 168 45 148 92 139 124 65 190 97 112 189 11 119 18 81 104 159 9 181 177 63 129 131 20 48 165 130 152 90 38 17 174 61 110 187 77 49 154 68 170 83
168 86 169 30 171 119 70 23 106 194 139 94 153 191 64 45 32 129 4 152 69 176 127 74 51 158 188 16 12 40 134 84 101 61 38 182 130 60 172 187 91 116 8 28 52 68 147 128 149 160 39 170 17 125 154 29 3 14 19 148 43 151 26 97 93 50 59 103 178 88 83 87 121 80 35 20 115 95 57 54 173 183 66 72 132 144 174 185 113 111 71 81 164 77 124 136 179 143 137 96
139 88 181 141 10 120 91 165 183 124 136 13 0 84 41 76 187 95 188 27 173 80 56 133 166 3 71 116 1 163 130 74 68 108 104 31 30 144 191 175 62 182 192 164 169 46 115 118 44 33 90 60 106 137 58 107 39 66 100 37 69 21 47 180 148 171 153 97 132 48 193 152 59 35 127 160 125 189 42 143 22 23 111 140 159 185 49 194 65 17 186 170 83 2 112 122 36 86 52 145
103 74 115 62 188 125 5 110 73 107 31 161 126 137 129 54 45 36 67 176 77 16 143 156 159 82 154 72 180 90 95 8 151 124 63 97 170 17 160 128 155 57 23 19 134 33 1 111 171 66 191 89 109 185 37 127 11 65 91 41 101 152 75 42 141 104 13 145 7 173 102 4 44 190 169 168 80 142 70 179 59 69 194 158 76 186 46 92 133 177 175 195 48 192 61 138 165 144 52 83
170 86 112 192 5 30 60 149 103 140 167 75 42 117 69 61 161 25 20 50 87 82 119 123 139 111 186 40 110 148 191 190 106 101 13 129 29 121 157 46 15 7 44 92 176 180 2 141 38 99 35 132 31 163 90 108 17 194 71 79 105 9 143 58 62 97 125 73 159 126 49 84 120 135 32 64 4 63 113 187 55 116 158 183 39 189 181 57 70 48 43 78 138 188 146 165 59 94 68 21
175 42 183 159 168 70 91 34 56 129 135 124 192 90 150 120 170 114 52 98 118 141 109 5 115 23 95 171 13 161 136 145 163 193 131 181 78 108 89 130 83 80 51 82 167 149 28 144 125 76 0 127 46 154 50 119 66 47 38 75 36 126 137 44 85 96 71 132 21 191 179 164 10 101 94 68 103 79 16 133 72 107 86 45 62 194 172 106 174 182 184 48 73 116 8 74 156 88 173 35
11 121 148 98 150 130 62 0 23 132 143 102 119 18 172 84 133 123 58 128 35 179 96 117 113 44 63 41 5 166 88 111 50 124 15 151 45 106 144 90 39 42 185 91 131 129 137 116 80 176 2 195 54 26 81 189 77 138 7 142 83 31 57 141 171 112 190 145 32 13 122 8 6 194 59 115 177 165 46 89 170 139 73 174 101 118 75 188 169 1 93 29 66 95 71 30 43 136 86 140
169 67 162 83 91 181 86 22 194 134 190 28 93 8 143 84 11 121 53 184 147 68 183 189 80 43 85 37 0 114 29 112 103 192 69 16 30 195 71 154 105 95 124 97 78 90 104 27 102 139 25 110 51 35 187 42 3 54 7 14 156 118 81 101 41 120 179 126 4 119 146 89 142 17 136 72 157 128 193 9 40 125 26 130 55 177 172 47 141 135 115 113 122 34 144 38 107 64 52 174
108 10 119 88 183 179 122 136 125 131 161 16 148 176 141 30 13 0 6 138 112 93 2 123 40 29 74 7 167 95 90 63 156 171 96 50 159 144 152 157 18 51 58 128 25 181 185 102 24 38 169 118 31 146 60 114 160 5 64 163 9 107 189 101 53 8 174 155 142 41 135 28 193 32 17 111 94 191 45 52 39 77 12 194 43 154 81 109 75 70 187 190 15 137 173 21 65 124 71 121
149 113 114 75 66 93 181 146 178 48 29 71 64 167 88 189 76 36 4 174 110 24 77 185 74 105 147 59 37 124 3 177 49 129 41 183 191 148 51 58 13 31 43 73 121 5 143 155 164 47 153 95 92 116 9 17 18 45 111 10 151 106 79 128 26 157 123 165 145 21 171 154 14 184 108 125 96 27 135 133 90 173 107 152 192 52 103 42 159 126 11 190 94 28 176 87 63 193 99 162
182 50 44 4 126 172 71 63 138 122 51 144 55 30 114 37 6 100 105 40 179 69 148 157 86 180 10 171 81 65 99 48 90 154 109 28 124 168 134 117 29 17 46 108 87 135 70 73 143 72 160 52 185 59 92 42 11 64 20 68 95 13 60 77 97 7 16 80 194 187 47 43 102 58 162 110 193 38 133 84 150 163 23 170 136 103 183 76 165 149 33 131 89 120 27 141 115 54 12 169
13 35 75 82 155 2 85 19 177 169 55 181 195 44 100 78 34 83 175 103 70 101 158 62 11 30 26 12 64 59 96 122 24 187 50 41 105 182 46 23 65 131 140 123 92 149 36 84 99 134 53 106 192 110 132 71 130 133 52 183 141 107 54 14 1 119 102 43 7 28 190 135 81 61 56 163 153 104 74 171 150 108 6 76 161 151 154 178 80 60 157 194 146 167 95 32 139 166 94 152
22 149 191 113 106 77 63 42 150 129 159 59 43 96 125 66 108 92 67 170 189 147 99 82 128 40 186 162 84 134 161 62 37 44 176 8 97 190 100 111 98 121 131 49 47 14 74 146 180 80 75 195 177 48 78 102 20 50 175 24 65 12 9 174 139 160 188 184 156 87 143 16 182 70 0 153 118 73 142 164 141 145 90 181 61 152 192 7 10 86 138 69 3 39 136 33 41 68 31 120
48 190 1 12 83 173 36 97 92 130 161 67 99 155 79 14 89 117 143 157 163 139 181 57 91 62 168 87 131 60 34 100 144 37 88 159 90 185 151 69 93 23 20 108 0 109 82 2 115 42 21 165 6 54 85 133 154 47 9 183 8 49 164 96 175 86 111 127 153 64 95 136 30 112 187 101 63 135 141 31 126 39 18 65 32 114 61 160 77 45 172 55 107 41 121 138 169 194 178 16
189 101 119 137 66 14 17 176 125 95 81 41 107 154 4 84 65 44 113 1 38 53 25 60 76 193 129 16 122 77 140 114 153 30 112 9 171 78 181 59 105 19 3 87 124 34 104 96 88 141 26 174 35 106 102 67 15 98 57 118 27 86 72 190 195 70 99 117 56 142 64 13 150 55 169 131 111 51 8 108 24 165 100 194 20 191 74 47 136 134 135 0 121 2 133 71 138 63 147 18
143 163 151 49 107 4 183 11 132 153 58 69 140 45 96 157 17 40 178 19 144 161 167 0 112 71 88 80 48 136 98 123 68 158 87 124 168 150 97 155 128 187 75 51 82 129 41 60 101 120 170 109 86 72 79 147 65 13 36 10 52 53 67 173 141 29 20 180 25 121 105 89 30 27 61 34 116 174 37 134 73 154 146 74 166 26 106 171 44 194 135 117 21 189 113 15 131 14 64 110
101 120 159 12 93 11 174 21 139 190 23 85 20 41 63 102 167 70 29 94 143 144 131 44 191 67 53 43 28 71 112 123 89 86 130 75 168 150 65 13 42 33 50 154 140 18 155 19 83 30 125 157 110 82 95 148 37 189 141 126 106 72 25 171 24 192 96 87 56 4 172 169 66 166 38 54 26 119 163 52 7 164 181 115 79 51 99 97 91 60 100 117 128 34 151 147 31 22 17 39
155 46 179 29 175 41 76 112 142 101 126 167 85 140 111 176 168 109 180 18 151 158 64 16 108 162 145 170 195 171 36 21 22 182 89 90 96 149 152 133 128 24 172 185 124 150 174 186 11 28 25 121 62 54 188 34 87 148 141 190 43 123 81 47 79 187 13 78 4 26 132 163 39 91 146 130 77 193 14 134 3 45 61 71 12 106 73 9 59 67 92 6 37 102 104 52 38 19 194 42
117 160 153 16 70 29 9 108 151 175 191 181 41 149 173 143 161 124 55 98 170 94 65 118 25 162 80 38 34 156 99 3 148 188 115 17 100 89 125 141 179 33 190 44 61 40 68 58 137 144 120 23 35 164 165 182 152 48 39 140 43 183 88 163 27 174 121 76 109 122 62 74 18 167 78 172 36 72 5 51 50 85 135 37 130 46 194 107 119 168 0 82 178 101 81 171 79 14 134 157
74 155 88 111 38 103 44 2 110 143 7 109 60 156 48 96 141 61 55 147 181 168 163 167 105 125 59 157 122 34 187 47 90 106 148 173 32 0 49 31 20 146 42 176 46 16 72 12 71 95 134 113 150 40 30 85 130 120 158 41 26 62 107 27 37 18 64 191 193 161 169 131 101 127 162 142 136 189 166 185 164 69 84 73 121 51 23 10 124 174 133 54 186 78 3 108 115 93 184 22
175 77 150 41 170 128 112 189 138 161 187 152 153 127 2 116 16 109 18 28 60 80 183 184 72 190 40 188 164 195 182 3 194 34 149 59 64 151 177 85 82 42 191 73 56 27 19 45 133 134 98 86 154 130 38 129 30 11 135 32 37 15 91 105 76 141 101 44 136 178 51 172 94 132 147 90 103 111 115 186 22 119 20 99 36 155 123 95 66 176 145 71 68 43 104 89 122 157 93 70
106 189 90 92 172 166 105 118 32 123 55 79 136 99 76 81 46 115 153 26 49 63 117 176 137 7 192 182 154 138 68 178 148 151 33 4 57 155 133 124 0 152 9 132 107 80 85 88 11 1 13 29 184 157 22 116 37 54 77 109 98 40 145 64 112 78 122 84 74 101 61 70 67 72 191 129 60 18 12 73 144 113 183 127 165 66 143 96 162 10 134 83 75 23 69 47 43 185 126 17
89 155 53 52 189 55 121 158 7 109 149 125 61 47 2 174 153 171 129 136 179 56 165 112 42 10 51 130 133 16 159 170 46 184 98 132 65 54 152 169 104 71 85 41 8 78 137 138 160 93 194 131 14 22 162 188 187 59 9 23 92 95 111 163 35 5 193 157 182 144 44 124 172 6 142 126 97 94 24 1 31 79 75 103 29 34 141 91 185 135 60 77 38 82 72 87 128 17 32 50
62 186 21 125 113 135 74 148 8 37 152 27 36 25 30 96 72 85 50 128 81 189 134 47 54 34 20 111 15 138 13 2 172 177 39 45 92 56 28 0 71 122 100 4 150 144 48 18 41 93 42 161 192 70 182 126 146 127 102 22 103 130 19 194 3 117 173 5 160 76 64 43 40 176 109 69 174 107 141 131 123 68 193 153 164 168 7 14 171 10 112 191 139 17 147 24 1 181 32 67
195 14 184 188 156 147 64 75 88 162 191 28 54 44 180 32 87 76 148 171 167 35 60 96 144 74 89 130 50 83 24 168 139 62 13 92 31 45 111 15 132 52 6 36 112 49 23 166 158 141 138 120 69 17 101 2 16 93 81 21 41 154 18 190 79 51 20 19 149 33 134 90 71 177 10 131 65 25 193 136 42 113 67 22 107 100 143 29 142 5 173 187 128 125 73 116 140 40 46 0
141 93 149 11 154 86 165 103 8 66 183 20 174 135 151 17 167 48 28 21 12 39 42 173 102 62 27 36 107 140 104 92 65 145 97 118 73 52 82 91 78 142 3 25 162 55 46 34 177 29 61 44 35 108 37 168 72 172 96 178 176 80 123 75 49 114 24 127 137 181 94 57 111 15 71 170 5 1 157 88 30 187 77 143 120 89 18 195 171 193 188 4 161 63 56 110 126 95 87 32
178 102 157 106 187 176 151 32 141 95 164 23 3 40 51 45 119 192 75 55 68 74 185 139 26 165 107 148 175 5 152 97 138 19 169 179 120 112 163 56 47 65 21 24 136 168 166 181 33 167 100 135 35 25 10 7 109 37 195 14 15 125 76 98 146 84 79 96 114 156 38 72 172 105 17 183 93 69 67 90 31 16 161 34 145 0 85 91 48 12 63 78 54 110 134 52 49 103 71 82
167 34 164 107 5 38 106 56 0 19 12 71 127 83 188 173 15 94 100 132 73 165 149 141 64 3 42 110 67 23 91 175 174 50 2 22 118 99 33 80 8 44 24 39 117 152 191 21 124 136 70 104 162 74 148 7 155 63 13 95 90 53 41 122 135 32 154 145 168 114 92 72 109 78 30 111 66 84 146 150 36 62 120 10 166 125 55 96 65 43 131 151 28 194 60 161 20 87 35 16
63 160 162 23 80 19 30 42 25 129 97 105 133 188 151 0 123 8 93 134 3 146 1 5 107 68 94 181 116 125 148 33 143 149 70 158 71 52 16 121 101 193 64 87 183 191 83 179 41 11 147 114 61 40 165 13 37 48 28 142 26 164 31 140 79 117 141 137 113 49 95 170 127 85 20 50 163 51 6 84 161 111 69 53 157 153 54 131 195 89 34 36 46 32 124 194 154 2 59 100
157 24 124 95 45 36 172 55 119 27 37 128 32 57 64 11 158 151 186 20 111 164 77 179 25 13 107 137 74 168 150 12 177 31 153 138 148 192 19 120 42 47 89 188 130 86 52 59 90 163 190 144 140 169 53 72 191 145 110 173 5 116 183 39 115 149 2 65 10 63 132 69 48 165 61 7 67 14 100 102 28 143 43 56 98 139 187 29 171 9 50 178 71 114 94 104 167 3 162 96
0 189 79 53 144 181 124 86 161 70 134 174 9 119 154 10 46 21 74 114 88 159 185 148 58 146 129 92 101 105 188 84 131 82 66 147 24 172 125 190 164 38 104 184 7 41 11 31 98 166 52 141 165 68 173 102 48 1 153 35 171 97 32 157 128 170 121 182 67 45 162 63 23 16 160 54 120 47 179 177 187 61 155 55 2 91 127 49 143 138 180 4 87 152 22 12 112 29 90 57
136 18 116 193 186 10 141 48 170 112 144 188 90 52 121 79 174 192 22 123 89 3 138 13 15 41 80 180 93 9 110 67 45 21 5 195 137 155 102 148 175 152 165 16 173 23 72 86 179 183 25 135 120 187 65 91 68 182 19 70 119 118 98 61 142 167 84 158 0 53 12 54 29 190 47 163 160 149 78 171 96 150 33 114 145 161 4 130 184 134 153 14 40 103 177 132 63 154 157 66
7 98 194 100 31 1 13 2 113 86 67 147 176 145 69 99 123 158 58 26 16 131 52 143 142 148 156 51 184 193 9 140 187 45 169 137 49 101 110 188 154 162 85 3 149 160 83 179 30 141 138 14 182 4 89 181 192 150 24 73 5 48 129 18 46 95 159 43 82 19 79 190 81 25 139 36 114 6 130 109 168 88 124 118 120 0 135 116 167 155 161 170 106 40 59 105 64 39 61 180
131 168 151 138 93 99 18 58 191 86 67 85 189 104 153 61 111 120 132 56 148 113 10 101 77 176 75 185 20 65 165 59 19 146 166 38 9 25 107 183 121 70 37 106 134 178 41 83 118 27 35 112 192 92 80 81 45 145 159 5 39 16 51 162 116 91 147 60 193 94 141 33 182 128 14 169 57 31 115 17 21 95 156 11 22 42 64 110 15 3 46 172 73 55 177 82 44 194 63 195
38 126 7 25 19 86 170 150 167 92 101 113 123 137 145 173 183 174 94 8 79 46 149 36 130 147 166 100 154 5 169 10 99 89 68 120 151 193 156 53 136 138 175 41 152 118 62 50 64 42 55 90 30 70 56 24 3 178 181 40 163 81 121 57 39 194 190 21 157 88 49 93 61 48 14 98 74 158 18 66 135 107 67 60 111 132 13 12 69 114 106 65 80 23 22 177 184 27 186 32
64 24 102 29 129 152 125 101 128 12 23 11 115 31 127 147 3 146 133 153 26 117 2 92 149 67 180 49 46 123 25 187 6 185 1 62 81 48 157 66 34 134 130 183 57 73 70 167 137 97 175 105 8 89 16 158 80 192 126 144 171 38 72 166 87 131 58 91 174 112 37 45 110 132 35 195 74 121 30 94 42 168 41 118 52 78 7 113 61 120 65 160 40 27 86 4 191 189 156 179
66 69 121 51 151 4 53 77 119 11 120 144 175 187 158 70 145 72 128 141 194 43 135 165 125 108 36 189 153 7 40 104 103 62 169 180 19 92 127 177 65 76 173 68 137 166 140 156 52 8 179 44 57 99 95 85 134 100 5 33 82 27 155 50 193 170 160 122 20 71 10 115 126 93 42 94 102 56 191 54 142 31 86 149 98 97 64 22 147 113 168 41 89 63 117 26 47 14 29 174
84 129 136 189 114 88 45 9 108 30 124 27 50 70 172 16 144 12 31 120 29 79 151 116 5 165 192 4 15 94 0 141 20 148 154 83 171 89 125 123 28 66 112 138 78 8 195 166 111 34 21 140 139 48 184 38 118 76 37 185 63 81 134 18 194 153 33 23 147 75 174 11 180 100 101 128 35 161 155 164 130 13 19 157 61 173 93 169 98 109 186 56 53 191 156 163 22 188 143 145
89 162 164 49 41 17 52 179 178 171 149 138 188 26 140 108 194 105 169 195 152 187 124 113 65 81 116 156 117 182 62 168 166 114 103 133 143 157 39 170 136 185 115 37 19 11 46 107 48 119 34 76 129 172 85 147 112 154 28 88 142 155 100 93 31 1 151 63 118 64 33 57 71 153 12 40 16 38 53 5 145 132 15 73 184 159 14 109 21 146 121 181 82 24 174 144 192 95 104 18
59 157 155 4 99 1 174 75 137 163 6 64 48 17 160 113 143 106 3 96 41 74 61 19 136 34 102 145 95 108 65 121 129 179 85 181 104 81 122 63 150 115 8 0 55 89 105 57 71 148 94 91 100 138 10 183 33 194 28 15 62 144 175 186 161 30 26 142 146 54 38 87 116 39 187 168 151 162 182 114 176 171 50 36 159 190 14 184 43 154 111 44 185 84 130 46 60 119 53 178
112 167 123 98 36 1 110 177 124 37 54 2 155 158 104 83 170 52 125 113 86 85 33 76 185 152 13 143 165 24 29 180 168 11 174 184 15 96 63 154 57 182 22 16 62 80 144 141 169 133 195 78 172 102 19 7 44 105 190 35 68 12 166 90 87 193 53 43 118 117 127 175 100 65 194 50 28 136 145 186 147 6 135 151 119 129 51 81 92 56 47 176 17 64 48 188 82 84 173 93
194 93 140 45 90 25 130 182 126 109 5 187 170 8 128 176 0 155 173 74 85 127 141 77 58 1 166 193 60 117 32 36 97 44 15 144 71 159 172 151 121 37 108 9 157 133 116 106 35 56 115 165 54 84 52 142 119 112 125 148 34 120 68 171 132 73 150 178 91 99 184 152 102 78 129 47 46 185 131 75 143 69 38 18 149 186 153 59 103 83 181 86 55 42 111 70 175 26 145 67
28 186 163 57 61 85 52 50 129 43 152 94 7 106 13 44 116 134 101 119 41 155 165 183 127 19 171 91 154 132 124 77 193 93 81 133 34 45 24 192 139 48 172 32 46 36 87 143 16 65 150 92 0 109 15 35 12 180 166 195 104 156 68 14 75 179 128 60 126 113 30 145 63 130 140 173 157 174 112 39 121 95 89 3 187 164 51 72 84 55 22 108 10 96 64 69 37 29 82 98
82 175 102 83 147 169 5 48 138 11 122 29 55 167 127 45 128 85 47 158 81 105 142 174 104 99 92 69 22 113 130 51 70 170 38 108 76 131 56 98 63 106 9 25 117 148 93 30 159 192 84 13 125 43 50 8 0 17 137 4 168 183 185 78 73 188 154 135 119 100 88 97 145 6 59 3 171 116 153 21 62 91 35 54 90 1 103 67 191 96 120 109 87 110 42 133 71 65 16 39
60 151 76 162 101 4 32 132 0 146 140 99 142 135 113 181 137 2 173 86 13 17 43 109 130 136 82 104 84 195 152 71 191 164 176 5 122 29 147 8 184 12 158 120 119 85 150 134 125 34 40 127 73 39 83 81 121 30 171 21 160 177 116 75 131 193 180 186 94 36 145 153 88 188 54 64 38 70 47 49 138 22 107 51 149 50 65 18 183 115 156 175 10 61 79 20 155 133 92 35
25 188 85 44 124 170 193 95 190 87 66 84 32 146 16 9 108 36 177 94 79 113 112 178 175 117 92 161 141 144 73 12 118 46 130 107 17 159 39 100 191 28 102 86 91 149 93 50 60 97 152 121 166 70 109 11 19 129 139 135 6 174 154 153 96 68 132 142 89 162 185 22 21 122 138 4 71 136 88 168 120 59 52 3 69 140 43 56 151 194 183 42 98 90 103 172 143 148 111 26
181 135 87 3 32 142 182 45 41 37 82 127 85 168 77 107 195 35 15 152 67 170 25 34 187 121 132 26 29 18 70 59 71 2 17 12 57 33 118 111 114 50 83 141 43 48 38 171 61 91 174 147 178 190 117 73 175 13 172 150 1 193 149 160 96 124 49 143 78 134 151 128 4 176 90 169 21 188 94 158 192 136 60 106 65 133 100 156 109 56 31 5 140 22 165 40 159 166 153 81
36 140 127 180 132 174 37 34 51 83 156 25 59 70 139 87 3 187 165 146 190 75 161 63 23 103 96 147 118 54 193 19 58 18 108 195 65 47 93 91 31 121 52 168 45 120 101 71 12 39 137 9 24 172 28 72 158 162 135 78 181 133 55 40 173 183 86 150 125 30 119 89 57 82 85 188 79 88 169 153 92 4 44 138 27 60 179 22 81 105 0 42 176 110 113 186 152 68 64 7
121 193 168 176 120 188 144 138 84 149 6 46 141 65 164 182 143 105 44 28 186 118 126 135 169 110 54 31 98 156 78 64 27 70 32 40 115 48 25 10 61 69 55 137 125 73 152 52 101 195 88 50 76 79 9 41 159 56 191 87 166 116 189 104 102 140 17 122 112 14 26 71 170 49 97 117 147 33 130 109 90 22 16 47 80 34 192 179 163 107 36 151 185 4 62 124 154 81 172 183
103 6 158 94 185 177 128 91 17 63 60 146 90 143 74 109 110 126 117 191 62 160 67 149 164 82 195 97 51 156 105 181 23 101 55 26 85 139 46 27 193 102 135 83 0 70 25 167 44 129 125 4 178 145 130 192 80 50 49 65 96 52 29 15 24 155 13 61 190 122 19 18 7 187 69 123 22 144 56 182 131 151 157 186 150 64 120 175 134 104 118 95 33 152 35 141 81 161 98 162
109 139 75 147 140 169 142 179 37 67 63 84 174 102 34 193 64 22 14 122 132 1 17 116 150 71 6 195 99 30 81 152 101 156 69 164 50 127 185 72 36 80 23 70 54 8 165 15 12 141 105 97 146 59 51 117 98 187 19 103 123 49 107 78 10 135 52 55 121 74 175 153 166 46 161 88 13 126 163 76 68 159 73 128 106 137 33 77 177 27 96 134 42 158 9 20 95 44 89 24
37 75 40 50 142 132 64 166 118 94 187 112 38 28 121 164 156 16 177 15 87 157 181 45 188 169 59 114 167 128 65 77 102 54 30 137 129 98 29 140 133 12 79 27 1 148 185 138 76 127 119 46 124 51 178 159 8 66 91 100 170 97 23 52 74 174 175 25 11 160 32 176 134 125 195 171 44 26 162 62 155 36 68 152 172 22 84 131 10 109 193 89 55 150 42 144 106 78 58 151
188 144 11 89 85 92 101 95 97 10 63 120 189 174 107 38 161 34 53 47 193 17 87 12 179 115 116 105 135 32 55 111 186 142 16 176 113 59 60 126 46 4 79 104 148 166 178 119 96 83 177 108 52 143 103 50 33 165 185 6 91 160 43 145 127 20 170 139 15 123 163 138 54 2 136 94 49 67 78 71 73 118 184 164 109 187 192 64 9 100 167 3 37 65 48 93 70 84 40 121
178 80 70 96 154 128 137 73 92 34 49 129 181 167 28 51 169 64 43 109 79 36 54 103 159 184 21 153 10 174 106 173 186 180 123 47 166 9 179 187 140 165 168 116 39 63 56 81 84 85 0 172 120 126 146 107 2 89 121 37 183 62 119 142 155 25 69 6 71 75 163 12 170 105 193 149 35 148 46 189 67 102 40 41 88 32 55 27 136 115 117 132 78 44 191 104 108 52 13 61
93 40 91 71 70 134 180 33 29 116 47 108 153 157 76 65 111 113 139 122 136 64 107 179 121 170 151 154 59 188 90 175 141 61 133 92 79 168 184 164 28 118 85 22 114 21 125 74 14 142 43 147 120 36 148 186 3 112 144 163 39 89 115 38 129 23 162 181 110 24 127 192 86 16 177 42 98 166 185 160 37 161 20 84 173 145 11 12 13 9 171 132 18 137 82 165 67 169 176 97
49 125 11 18 69 63 141 142 64 102 166 136 14 75 123 90 133 112 71 151 120 30 150 27 159 55 132 188 43 46 59 110 178 6 77 111 177 94 162 74 116 154 89 78 24 37 7 38 113 124 191 73 100 139 180 34 22 194 85 129 144 146 99 3 127 65 66 119 158 145 193 54 104 165 0 48 152 157 29 60 128 45 117 95 114 82 32 40 135 80 195 93 174 28 76 168 1 87 53 67
57 20 37 84 183 192 110 149 13 82 39 195 74 122 106 70 166 194 55 184 26 81 35 48 85 43 10 78 61 87 121 96 179 88 165 58 186 83 144 190 103 193 112 14 163 157 124 114 147 151 8 46 86 38 30 1 135 2 52 76 129 6 141 62 77 99 65 18 125 91 169 131 101 108 71 180 152 140 29 146 117 148 33 127 118 162 119 116 143 36 130 31 187 97 159 7 89 158 0 174
194 102 190 48 171 124 20 95 99 191 97 85 120 65 7 82 142 51 185 108 71 100 33 61 173 6 180 140 128 107 41 156 123 136 174 93 80 57 104 47 55 125 117 162 112 12 89 11 182 91 151 10 109 70 187 141 121 158 165 147 34 131 145 60 114 77 163 63 101 36 87 90 122 43 24 106 116 5 129 94 96 188 19 105 149 39 35 72 84 132 67 127 170 118 152 76 138 168 157 111
116 44 140 101 126 51 10 146 150 142 87 175 1 78 104 17 169 31 62 81 100 97 157 163 58 49 170 9 38 95 74 178 47 106 4 110 80 43 28 60 83 64 102 193 6 71 103 156 124 37 33 153 89 152 131 138 57 68 167 21 158 149 94 46 88 72 16 32 2 63 8 40 160 84 115 164 168 147 136 141 65 159 166 50 99 86 56 135 45 20 30 25 194 162 15 128 134 181 107 118
164 109 117 129 68 15 86 189 186 10 165 67 113 134 5 149 119 179 72 154 145 26 97 136 39 91 114 84 105 151 62 167 162 80 158 82 7 124 78 89 55 175 43 13 155 41 195 176 73 192 141 34 103 19 143 126 57 156 27 172 182 177 193 64 8 88 59 32 21 33 24 44 122 52 111 106 54 40 69 173 50 139 93 148 35 77 146 153 157 120 160 170 110 171 95 56 83 85 48 101
101 183 155 177 86 2 171 35 28 54 52 126 1 164 168 188 99 192 176 189 153 8 5 116 162 129 13 72 156 174 158 82 112 128 92 152 100 127 79 145 193 10 20 147 138 95 151 136 37 160 195 191 84 85 33 41 163 49 187 80 71 47 149 42 135 67 121 21 134 34 36 26 87 190 76 118 40 31 51 3 53 179 16 186 102 81 148 29 97 11 45 122 27 131 120 161 103 143 172 165
45 160 104 136 49 28 195 35 48 145 37 72 181 55 67 87 30 38 10 51 111 156 103 69 170 82 163 92 77 91 122 164 86 137 62 178 135 70 119 18 60 133 139 113 149 186 22 106 16 19 167 132 159 169 108 98 50 168 101 128 59 3 41 94 150 140 84 89 65 183 131 171 17 68 54 90 112 187 78 97 141 100 151 173 153 124 157 36 158 15 79 180 39 193 96 95 134 73 71 120
29 18 159 1 42 25 33 55 185 2 179 59 49 164 127 118 141 8 97 4 19 146 189 129 64 116 46 74 75 77 195 35 56 41 69 191 136 167 99 76 162 92 71 180 168 82 100 158 98 161 27 80 143 147 72 124 172 15 117 140 54 12 148 23 160 155 31 121 184 93 105 62 63 106 169 107 176 192 170 165 182 149 173 67 138 60 39 187 16 81 88 112 156 44 89 104 171 110 134 14
68 38 1 43 107 83 138 163 92 153 28 98 23 161 71 102 171 105 104 94 194 64 140 70 100 126 15 2 180 168 57 48 76 146 34 12 128 172 75 177 195 0 26 20 129 136 54 189 158 115 135 49 122 66 123 178 35 127 32 103 79 151 44 111 118 137 56 166 186 164 81 82 80 106 4 16 154 160 67 114 155 165 134 13 183 74 85 116 184 58 101 40 84 148 31 46 27 77 10 174
114 111 30 133 86 122 112 165 189 27 49 9 124 11 107 67 8 100 40 46 186 134 20 1 106 148 47 140 96 52 93 144 15 54 161 90 138 101 95 0 137 130 143 2 158 175 37 166 7 156 195 80 123 81 153 26 115 178 19 10 36 184 118 108 16 183 169 120 104 94 152 136 33 102 45 39 164 22 56 5 125 21 53 38 182 34 55 103 146 17 74 70 174 159 116 190 128 25 85 68
39 96 46 66 16 0 47 17 57 75 108 169 144 6 160 119 183 48 97 104 185 71 61 24 173 189 111 100 3 94 11 84 121 175 137 136 176 126 85 152 12 52 55 5 114 151 45 118 131 38 51 105 58 59 174 140 181 49 29 153 193 132 192 25 128 77 90 188 165 124 172 177 8 33 167 162 150 180 4 22 149 186 120 20 98 32 31 27 179 110 182 168 91 143 109 130 101 62 42 43
159 127 78 186 99 16 124 72 98 164 148 11 37 183 36 14 64 53 155 84 141 149 174 103 133 83 114 193 1 187 107 52 56 151 47 147 21 175 137 106 96 68 195 131 160 2 73 173 169 184 65 117 6 54 26 180 121 157 150 50 61 189 181 110 142 92 58 170 182 104 126 166 123 100 12 62 66 17 143 19 29 77 32 105 91 158 118 171 60 109 59 132 192 135 163 10 79 0 112 172
6 140 69 37 116 108 46 167 73 114 63 40 136 146 77 70 13 90 28 184 163 78 51 67 144 195 143 139 72 173 19 98 42 126 174 159 117 89 49 21 185 8 24 127 175 134 171 123 85 32 93 65 131 191 187 170 177 86 112 153 62 194 133 33 30 1 169 115 118 59 135 58 66 101 80 150 39 55 168 12 54 95 87 110 179 161 41 7 26 164 106 155 151 3 27 109 34 138 4 88
189 74 110 86 25 114 139 98 168 72 179 61 87 184 188 29 53 11 101 41 115 166 146 118 131 81 7 31 164 6 55 4 133 151 95 140 180 130 67 82 58 193 125 104 14 75 157 46 10 103 186 21 120 20 79 33 141 28 22 48 112 176 90 66 50 134 153 167 45 135 85 76 68 5 47 191 183 160 13 142 116 127 54 19 109 92 57 195 100 173 1 38 165 2 105 132 91 163 107 119
40 62 141 138 49 150 103 17 36 189 30 163 60 91 104 55 142 69 43 131 3 194 52 107 65 130 74 76 26 92 135 5 155 73 113 146 171 67 38 68 84 2 111 6 94 56 118 102 58 180 80 167 105 64 96 112 46 95 101 23 27 31 145 120 71 29 61 181 144 24 121 110 75 18 93 83 100 117 51 106 136 42 166 87 19 176 188 57 77 178 10 191 16 15 126 125 162 79 140 123
105 51 117 45 69 64 187 17 189 66 157 190 153 59 177 90 80 191 8 83 145 10 1 4 60 123 144 14 18 152 84 109 154 78 162 173 93 174 6 102 192 149 16 165 160 122 98 91 58 161 41 116 127 39 182 175 156 134 135 56 30 50 130 126 101 15 74 72 176 73 163 97 12 167 124 7 96 67 166 25 5 22 172 35 193 76 28 108 115 188 27 88 158 62 128 99 68 54 53 164
154 29 87 68 174 18 54 50 106 194 101 153 83 38 138 151 102 164 33 135 52 111 7 110 146 168 11 124 88 24 126 16 61 89 172 159 1 25 72 10 100 97 78 191 171 132 169 127 75 27 90 94 59 49 188 12 119 82 176 181 98 51 120 107 62 43 96 30 163 189 152 20 170 162 60 23 19 47 55 35 2 158 147 117 48 103 39 178 131 71 182 64 3 65 139 74 5 187 173 86
107 15 152 47 64 65 183 189 4 96 89 79 28 125 85 104 10 7 158 33 11 46 102 8 43 94 91 142 97 126 114 74 169 32 151 76 40 80 87 13 128 36 22 155 62 144 77 124 49 98 109 168 5 2 166 153 170 141 78 26 193 186 108 95 181 29 118 19 41 136 71 39 194 38 59 178 61 37 177 23 69 100 42 176 75 149 30 66 53 130 16 116 161 101 146 90 12 137 17 157
4 167 40 71 36 85 31 91 73 23 47 34 19 132 190 147 79 163 134 43 44 120 155 179 168 61 48 86 117 133 33 82 42 27 17 107 21 96 14 130 119 29 137 58 68 111 114 125 13 126 160 191 22 129 177 30 122 2 154 88 185 101 64 39 76 136 5 63 123 105 93 170 18 118 54 6 89 194 10 110 135 99 35 60 56 7 77 140 51 90 139 115 104 20 182 128 28 52 66 108
144 133 123 41 94 124 19 192 168 131 118 99 40 143 13 110 152 147 27 176 106 92 23 61 128 115 16 83 82 121 74 189 88 20 138 179 17 135 62 1 182 173 30 170 22 181 127 129 161 97 166 33 68 157 139 108 39 54 73 163 58 9 194 6 49 36 46 26 87 190 71 44 63 80 171 122 66 187 47 69 56 76 137 188 155 177 59 191 28 0 150 32 96 103 31 125 148 15 91 119
160 82 126 87 106 20 4 161 86 77 120 58 147 191 139 98 167 102 153 159 118 174 47 24 172 83 64 35 155 38 36 190 181 188 122 70 66 150 25 158 107 21 109 75 95 32 61 74 81 8 162 168 22 124 34 45 177 136 79 194 176 27 85 18 192 88 84 19 72 180 0 71 186 137 132 60 163 90 142 12 28 148 33 138 11 26 108 80 13 91 183 125 44 187 166 143 55 73 151 112
1 120 186 79 144 8 95 133 100 194 138 180 116 185 149 81 125 110 6 65 190 20 13 59 123 181 68 121 103 113 44 71 90 69 177 170 64 42 145 75 23 158 187 167 19 52 164 32 104 192 33 175 46 3 172 119 14 171 48 127 67 182 36 51 124 169 142 5 160 15 93 27 154 18 135 97 80 10 76 88 174 101 40 82 86 136 85 25 87 151 139 128 165 147 176 106 122 130 99 143
9 82 69 7 55 58 52 173 185 183 10 65 78 8 13 45 40 101 164 92 150 157 91 109 188 2 107 24 5 190 194 37 106 105 165 27 112 83 18 87 28 179 59 67 154 31 11 178 33 38 98 102 162 25 80 153 174 156 166 71 72 97 177 16 118 115 189 34 161 159 76 62 32 193 114 54 30 43 144 104 4 64 158 90 171 29 134 117 146 135 56 128 41 36 79 73 149 1 44 184
160 91 61 38 73 96 141 195 67 99 79 153 24 173 132 0 9 46 190 63 3 8 44 171 121 48 66 25 51 47 172 161 6 151 30 71 163 49 15 123 174 56 155 45 55 188 156 144 147 103 178 72 100 92 33 2 165 134 175 18 7 158 127 60 106 39 12 150 19 70 170 192 98 138 81 142 148 84 176 177 182 183 125 185 110 164 80 113 65 109 5 124 62 126 115 186 168 42 108 86
5 112 15 53 7 181 160 44 103 33 105 114 189 125 62 69 132 60 142 157 96 194 64 190 115 176 144 145 71 161 82 85 183 63 74 195 28 123 146 191 19 169 179 43 192 178 182 34 152 117 177 25 121 172 163 56 124 52 118 164 106 9 36 32 136 126 138 108 113 16 89 150 4 87 97 149 159 188 90 140 93 76 26 48 0 77 13 81 91 29 107 128 133 86 174 68 148 73 120 94
101 83 123 164 91 163 61 57 12 195 129 32 185 179 161 114 67 33 40 47 63 158 140 166 25 117 151 108 138 46 107 186 122 159 194 45 53 116 69 81 165 79 105 95 84 193 144 13 157 181 100 135 177 26 60 146 173 27 16 128 154 65 42 120 139 20 21 58 187 34 7 89 156 29 23 31 41 118 15 136 93 55 4 153 56 103 127 126 106 147 1 168 73 172 150 115 160 171 113 35
130 102 181 77 21 134 9 53 186 151 162 157 183 0 16 40 67 132 90 85 66 94 20 153 50 124 115 192 141 189 92 116 105 190 165 128 3 111 68 33 76 179 89 127 194 60 51 8 30 55 72 185 177 39 63 122 110 5 2 163 17 139 182 35 118 22 166 126 14 100 83 99 103 180 44 84 73 156 58 86 107 155 169 188 12 170 167 34 88 15 98 80 69 114 159 113 158 104 65 173
71 13 69 89 82 183 136 17 48 138 178 74 11 193 179 133 186 43 145 154 181 111 180 3 33 171 16 115 176 162 161 78 22 15 150 87 121 90 80 127 153 66 187 31 119 118 149 100 174 83 70 192 45 177 124 6 107 169 140 132 163 2 12 14 10 173 34 86 39 141 38 94 0 128 117 23 120 77 20 185 21 27 148 76 134 84 188 194 73 29 61 58 143 156 104 62 158 170 190 72
168 43 129 6 169 117 192 49 162 188 142 151 11 183 157 124 48 80 33 27 161 181 64 115 3 58 9 131 30 171 34 51 17 116 146 121 78 50 67 76 93 109 84 126 31 134 159 59 153 128 77 125 195 23 39 137 145 166 82 182 25 150 85 88 83 60 5 32 62 40 92 54 65 120 111 96 176 75 41 147 19 45 57 2 110 127 87 97 72 74 163 189 158 179 190 141 108 22 47 79
27 194 25 163 189 72 53 96 90 159 39 97 154 62 111 83 3 146 174 17 9 88 144 48 147 30 55 85 31 95 52 87 135 195 89 143 119 172 79 132 13 104 12 10 178 11 108 20 167 122 32 63 140 77 137 171 76 28 175 142 191 149 129 34 170 99 94 130 166 124 57 18 150 58 187 14 29 123 162 193 121 164 50 133 106 152 8 80 128 47 67 105 1 43 179 125 49 184 188 82
95 141 150 149 112 163 28 142 143 54 47 123 119 135 148 129 71 171 87 155 122 169 91 23 189 36 42 76 1 134 144 29 139 0 133 177 9 191 56 165 13 107 111 145 59 159 183 46 166 18 84 69 62 136 102 138 21 2 172 173 194 34 157 115 125 57 110 179 17 63 180 104 168 162 192 190 96 3 60 99 85 53 114 55 24 81 67 121 185 7 48 30 120 52 44 146 106 8 130 154
53 37 78 147 116 34 4 164 129 86 136 133 18 54 169 140 183 192 95 31 174 3 186 98 45 32 161 113 7 175 123 25 65 128 111 120 42 43 76 84 94 154 187 150 56 112 124 167 168 46 75 23 165 170 22 66 138 130 63 126 107 191 2 137 96 11 160 13 178 185 176 44 141 139 93 88 142 58 159 122 90 152 189 21 103 117 64 92 55 132 143 195 82 74 163 59 6 70 97 27
95 37 72 84 10 21 67 56 180 116 164 34 130 48 38 70 163 68 76 195 8 129 105 187 43 157 161 93 91 98 71 28 19 184 79 104 170 171 165 53 124 82 80 6 47 30 44 85 63 69 135 50 57 103 139 168 14 94 65 7 110 175 113 39 54 156 88 55 185 188 166 23 102 101 41 144 128 194 62 78 118 42 172 75 87 178 173 134 106 81 146 18 61 189 131 12 99 137 46 16
81 41 93 153 110 21 76 0 116 68 46 141 18 154 175 19 173 192 145 123 105 99 60 148 147 31 20 9 80 23 65 42 30 112 166 189 73 6 174 159 101 193 132 195 161 24 149 86 163 160 58 67 96 104 1 5 32 143 182 28 91 162 61 157 122 165 37 35 187 2 92 55 109 156 3 59 74 66 134 29 124 50 43 102 167 84 22 140 100 63 128 146 150 26 130 39 181 89 135 113
51 92 57 166 137 124 130 152 99 146 110 168 150 126 29 39 8 58 96 119 22 190 48 42 86 78 153 17 127 101 148 45 134 183 120 69 116 18 133 176 7 3 128 65 141 191 59 70 74 115 64 28 129 53 66 63 26 123 161 160 118 84 89 94 189 55 49 157 9 36 35 138 83 172 167 111 188 87 125 145 170 21 132 169 34 15 52 31 30 97 136 40 177 108 47 98 54 95 106 155
64 156 104 154 143 65 31 110 41 72 40 139 9 173 12 99 128 98 15 146 25 90 17 88 192 62 158 95 6 39 126 148 147 117 106 57 82 43 138 103 59 134 54 3 36 145 191 189 92 179 49 58 153 44 8 11 52 10 129 123 51 69 144 37 56 32 194 137 112 115 118 81 160 159 38 124 161 114 142 48 172 85 193 119 107 195 177 116 20 163 83 55 77 89 113 0 18 190 93 86
116 133 146 107 124 35 4 64 138 21 174 159 9 154 47 1 15 2 89 14 192 83 156 121 94 160 79 99 151 125 45 187 117 144 40 13 87 108 179 113 195 28 93 177 171 147 155 105 158 185 181 111 92 182 30 137 70 115 75 135 150 120 68 161 95 122 8 97 91 123 52 49 119 134 6 31 110 11 43 42 25 78 57 191 18 194 81 176 39 165 129 190 188 130 167 63 41 33 104 58
160 106 124 153 97 73 49 127 4 66 155 112 24 108 8 18 22 109 5 177 62 168 69 21 195 39 180 45 103 100 0 2 152 14 3 50 144 82 117 34 111 192 178 129 79 15 170 184 19 162 35 28 59 185 101 56 194 87 167 145 93 47 42 7 54 16 135 51 68 75 76 55 121 142 176 191 133 137 171 115 48 158 44 136 46 72 138 190 12 85 110 165 183 175 119 151 131 164 81 102
135 166 193 106 28 47 69 101 171 79 36 116 162 78 20 156 189 120 176 50 82 11 34 90 25 40 170 113 45 95 185 57 129 70 77 93 48 194 144 158 188 154 27 22 52 32 131 6 62 122 65 9 157 8 195 164 41 43 149 112 0 150 14 107 119 23 98 163 147 105 121 190 60 39 141 167 182 114 139 165 26 2 184 13 73 161 86 160 1 124 104 151 159 71 83 126 111 174 63 74
27 12 144 141 128 108 51 147 107 78 96 192 156 189 85 148 154 59 24 166 109 121 193 188 22 152 119 160 187 194 118 20 151 30 7 69 71 89 176 110 80 60 15 131 32 81 124 46 186 153 10 123 102 100 114 86 122 172 150 182 91 98 0 162 120 127 113 62 169 64 93 38 164 26 56 179 34 16 111 84 157 68 29 8 9 106 23 101 159 17 36 44 116 158 72 83 40 6 4 140
39 173 83 148 19 55 46 36 51 68 178 5 75 31 86 25 105 29 190 62 109 119 59 154 6 35 188 124 21 142 149 194 95 0 153 122 145 116 175 172 33 141 14 139 98 10 76 101 45 72 78 177 30 115 195 186 18 99 38 174 17 161 166 90 16 110 24 94 182 120 106 81 107 69 3 125 111 84 147 82 88 8 164 162 168 61 156 4 155 87 181 93 1 151 114 52 132 79 138 140
95 91 182 41 185 143 187 159 115 190 5 75 86 52 147 136 89 46 67 81 94 57 123 154 126 65 22 104 153 6 181 148 0 110 4 69 189 133 127 62 17 39 18 180 55 27 66 73 78 130 80 132 54 188 156 142 45 116 106 113 150 144 44 76 70 8 83 33 23 31 165 93 13 171 160 71 88 149 178 103 175 112 72 48 141 102 157 49 124 134 96 114 145 25 179 50 166 167 64 37
158 135 132 34 15 194 133 138 39 89 180 37 68 103 48 0 146 30 18 123 161 155 56 22 99 195 45 19 148 84 166 126 129 143 188 187 185 168 170 61 38 20 106 142 13 33 31 42 63 124 3 190 167 74 75 73 117 157 79 147 193 173 59 140 29 110 144 66 178 43 163 104 9 57 150 2 55 17 101 58 90 145 67 12 156 118 121 7 65 100 93 174 36 8 112 28 160 102 92 182
88 106 171 25 125 174 158 78 15 38 37 18 169 60 163 108 30 28 159 10 102 43 173 8 98 100 73 116 90 77 168 47 86 89 75 2 12 91 93 140 191 40 190 9 13 117 33 135 134 32 111 154 45 1 141 54 41 123 11 137 109 127 96 139 97 180 189 6 44 161 84 104 79 49 67 122 39 121 129 72 132 133 26 66 103 186 151 138 99 69 23 145 160 4 87 14 142 65 63 3
85 111 146 6 19 107 77 21 174 17 180 153 101 53 76 118 5 39 4 103 138 108 70 50 177 189 99 193 7 171 84 15 157 67 143 183 23 151 71 96 2 18 36 8 87 130 145 51 195 166 160 73 117 38 115 173 12 14 81 137 72 91 105 110 149 62 175 28 98 60 165 52 158 82 33 169 106 9 116 42 131 156 136 124 10 185 139 34 127 48 41 140 114 80 90 100 27 31 176 161
56 31 97 124 117 80 84 6 130 18 154 69 88 11 3 120 66 82 113 12 23 179 192 133 98 29 34 160 4 72 104 109 53 181 108 110 134 175 15 16 81 33 55 178 63 177 189 58 45 17 116 27 51 143 155 132 171 65 103 169 2 119 71 164 190 163 94 158 83 20 146 89 101 47 7 194 135 48 40 52 42 90 112 126 100 86 14 87 176 128 105 60 70 73 64 157 91 8 156 107
117 192 57 107 48 85 144 5 103 59 194 53 81 141 82 116 8 67 24 168 2 79 134 159 83 30 37 63 20 139 128 177 186 121 6 61 123 33 84 39 15 108 32 160 148 3 96 185 22 40 178 130 0 182 26 191 146 44 80 68 102 187 65 104 55 176 169 13 58 76 157 181 95 138 25 98 125 64 132 171 145 92 87 46 189 166 34 120 127 54 31 100 109 99 131 173 124 10 38 113
94 33 111 125 109 80 22 167 115 147 8 0 118 165 91 156 158 7 65 122 119 98 136 100 5 14 108 10 180 188 28 173 75 138 69 62 90 4 120 45 26 18 152 36 176 84 76 39 179 166 78 114 66 44 107 9 13 93 83 63 134 74 177 16 86 145 89 193 31 139 29 132 67 175 38 142 43 3 192 88 71 32 121 19 24 102 127 162 81 170 27 106 77 59 124 182 161 148 64 99
143 34 25 65 148 26 140 81 9 173 169 30 76 188 80 147 49 20 52 24 53 149 66 69 5 107 118 56 167 83 78 62 74 111 44 63 73 50 28 102 61 125 121 159 11 130 97 112 60 141 38 103 175 51 90 150 98 186 0 88 17 119 10 23 27 166 171 116 170 92 72 12 189 47 21 114 18 22 195 100 2 37 155 162 105 165 137 32 42 82 142 129 16 192 172 48 33 104 133 152
161 180 27 19 69 170 60 155 188 30 166 130 42 40 72 98 59 151 49 71 75 15 83 160 148 111 115 63 91 189 182 133 36 149 127 18 3 165 123 186 112 142 84 100 162 0 135 177 119 103 167 57 190 183 25 37 64 146 7 154 10 47 34 81 76 61 163 95 174 114 178 43 24 193 87 101 192 110 26 104 97 50 86 96 120 55 141 194 153 131 125 175 107 124 90 45 195 8 109 46
141 193 72 191 164 165 150 158 64 121 9 130 84 21 183 160 173 11 59 154 178 77 192 74 135 56 55 90 44 108 13 78 127 126 43 174 32 98 147 151 7 152 75 139 45 66 123 124 88 53 22 189 190 144 81 70 117 96 113 33 67 194 153 93 68 29 138 38 39 86 46 100 12 161 73 40 6 162 24 14 172 137 149 2 179 71 48 27 159 167 180 76 119 62 136 95 49 5 131 176
183 92 58 50 71 141 55 7 129 9 158 59 124 180 159 72 193 54 32 144 77 15 2 1 118 104 191 8 108 84 95 145 73 123 26 74 41 186 87 128 142 83 103 0 3 47 30 43 76 96 61 24 40 27 13 156 57 81 176 160 147 45 136 62 190 51 44 120 56 127 189 175 116 122 100 97 169 88 184 157 132 166 98 173 79 42 130 174 105 21 16 12 35 89 113 19 150 117 153 171
93 170 78 101 43 51 149 5 176 177 94 77 48 68 96 87 123 194 104 10 81 41 46 27 161 85 34 59 54 172 13 47 137 58 64 184 67 142 8 70 76 26 141 98 169 11 167 21 164 39 14 75 122 9 163 42 148 113 182 179 82 146 105 187 44 173 92 115 22 135 133 150 24 106 45 121 132 97 6 117 114 20 31 32 61 165 158 90 192 120 35 181 127 0 180 195 23 183 138 12
123 23 43 181 128 111 63 121 186 107 109 66 7 114 174 45 96 93 118 53 180 72 98 124 144 24 18 189 3 92 194 177 28 82 170 33 42 156 169 19 78 58 147 51 191 151 137 105 94 64 85 1 158 54 91 134 86 166 172 179 195 175 193 183 84 79 13 157 164 188 21 26 132 70 0 182 110 69 104 119 11 35 47 101 80 148 149 146 46 154 136 133 5 14 115 89 88 141 165 60
67 169 186 5 100 97 92 51 74 155 164 117 32 120 179 79 88 4 125 66 26 140 108 65 60 76 185 3 189 137 64 154 127 192 11 114 149 182 35 54 0 191 81 174 31 141 10 87 37 190 57 70 165 143 49 86 9 43 168 151 104 96 129 15 111 156 105 183 106 153 157 69 167 72 107 122 34 30 118 13 131 188 89 68 130 71 163 138 7 152 29 53 16 6 75 78 177 128 61 21
128 194 16 142 63 38 41 155 107 191 49 146 158 152 193 59 96 104 160 185 171 81 11 131 175 176 15 120 103 66 108 2 174 137 43 182 109 21 50 136 8 37 157 47 58 162 77 184 29 132 122 129 161 178 133 180 39 74 70 169 168 13 40 20 4 95 125 159 88 143 121 188 102 111 80 145 147 99 130 45 98 83 61 48 94 12 73 124 154 116 19 18 22 5 46 69 100 135 150 86
