9.425
 20.65
 34.25
 42.5
 59.15
 66.6
 75.775
 89.775
 98.925
 108.5
 119.85
 128.6
 139.35
 147.05
 164.45
 176.575
 184.525
 200.6
 208.8
 228.275
 236.65
 247.725
 256.825
 266.5
 279.525
 288.925
 304.175
 322.9
 334.125
 349.25
 360.475
 379.0
 401.85
 415.925
 425.125
 446.075
 458.075
 471.075
 485.55
 500.75
 515.025
 528.025
 542.175
 553.125
 563.575
 574.625
 594.0
 601.775
 616.675
 638.525
 646.875
 663.25
 677.15
 693.3
 704.65
 724.8
 744.4
 764.05
 777.975
 795.425
 804.425
 815.2
 826.775
 851.225
 866.225
 874.6
 893.65
 912.6
 936.225
 949.75
 964.25
 978.5
 997.45
 1029.18
 1038.85
 1053.4
 1071.83
 1084.0
 1091.1
 1111.53
 1123.55
 1132.78
 1142.1
 1156.2
 1175.8
 1194.05
 1206.03
 1234.05
 1254.85
 1265.15
 1286.13
 1308.65
 1331.83
 1348.68
 1375.03
 1388.93
 1399.75
 1408.38
 1419.9
 1432.15
 1442.43
 1450.4
 1461.3
 1470.15
 1481.65
 1499.8
 1520.63
 1533.7
 1555.63
 1572.28
 1594.33
 1615.9
 1635.53
 1643.35
 1655.23
 1666.18
 1678.9
 1694.13
 1702.73
 1713.0
 1724.8
 1735.5
 1753.23
 1781.83
 1795.35
 1804.5
 1832.15
 1848.55
 1862.68
 1870.45
 1897.93
 1916.18
 1936.18
 1947.25
 1968.98
 1985.08
 1999.05
 2013.9
 2023.2
 2049.75
 2068.75
 2077.03
 2090.0
 2101.03
 2129.68
 2160.7
 2169.68
 2193.55
 2204.7
 2217.88
 2227.13
 2235.75
 2244.2
 2254.58
 2274.65
 2287.5
 2299.23
 2309.45
 2319.2
 2331.3
 2348.33
 2362.68
 2373.18
 2380.63
 2405.98
 2417.22
 2434.12
 2458.35
 2470.65
 2482.35
 2510.3
 2553.12
 2568.17
 2578.35
 2601.07
 2624.7
 2636.15
 2646.15
 2668.17
 2687.8
 2701.72
 2714.52
 2735.2
 2744.4
 2756.3
 2766.05
 2777.57
 2786.12
 2799.17
 2819.4
 2831.6
 2843.55
 2862.75
 2886.32
 2902.07
 2930.27
 2937.82
 2959.77
 2976.02
 3005.97
 3033.67
 3042.1
 3058.17
 3069.75
 3078.95
 3094.37
 3112.67
 3134.95
 3146.07
 3174.07
 3186.85
 3206.92
 3229.15
 3251.35
 3265.15
 3281.47
 3289.87
 3315.0
 3332.22
 3349.17
 3363.2
 3373.8
 3383.5
 3403.42
 3437.67
 3450.95
 3468.12
 3484.4
 3496.55
 3522.17
 3544.85
 3555.55
 3578.17
 3601.75
 3617.2
 3625.65
 3646.07
 3671.6
 3687.45
 3740.72
 3769.32
 3791.85
 3802.27
 3817.35
 3841.4
 3863.37
 3872.35
 3883.55
 3901.8
 3928.92
 3940.65
 3950.45
 3972.25
 3989.4
 4016.62
 4025.2
 4043.52
 4052.75
 4081.35
 4094.8
 4111.07
 4136.2
 4157.5
 4181.05
 4201.62
 4222.27
 4248.97
 4268.55
 4283.15
 4291.25
 4313.35
 4326.6
 4339.85
 4353.42
 4361.87
 4378.35
 4408.47
 4429.85
 4444.6
 4457.05
 4468.07
 4479.02
 4503.1
 4515.5
 4526.07
 4539.22
 4548.5
 4558.7
 4569.22
 4581.62
 4597.85
 4616.57
 4628.9
 4642.95
 4654.27
 4674.4
 4688.3
 4697.3
 4722.45
 4737.42
 4757.9
 4769.22
 4783.77
 4791.57
 4803.72
 4816.0
 4838.02
 4870.12
 4905.12
 4946.92
 4972.6
 4987.3
 5002.97
 5016.35
 5028.67
 5042.97
 5051.0
 5061.8
 5072.8
 5084.05
 5101.82
 5115.6
 5125.82
 5151.35
 5163.0
 5172.0
 5179.05
 5196.52
 5210.42
 5232.62
 5243.1
 5257.85
 5271.87
 5309.57
 5334.42
 5343.07
 5354.4
 5384.0
 5411.17
 5426.05
 5446.37
 5459.9
 5473.67
 5497.75
 5508.92
 5522.27
 5535.8
 5545.25
 5577.05
 5584.82
 5596.4
 5608.9
 5626.67
 5677.45
 5698.45
 5720.37
 5743.25
 5755.05
 5766.95
 5786.87
 5794.4
 5805.15
 5818.17
 5841.8
 5865.75
 5893.1
 5939.95
 5953.07
 5965.2
 5978.27
 5990.35
 6015.02
 6033.97
 6046.12
 6064.2
 6083.37
 6113.52
 6125.42
 6146.22
 6153.25
 6161.32
 6184.4
 6214.8
 6228.75
 6244.4
 6252.22
 6271.8
 6286.62
 6297.45
 6311.05
 6323.32
 6345.65
 6369.8
 6384.45
 6402.45
 6413.32
 6425.77
 6436.35
 6450.6
 6458.0
 6476.05
 6505.05
 6517.12
 6532.9
 6545.5
 6559.45
 6575.02
 6590.77
 6621.92
 6650.07
 6662.55
 6676.4
 6689.45
 6715.05
 6737.52
 6765.6
 6778.2
 6787.3
 6829.15
 6850.35
 6861.55
 6872.62
 6882.75
 6896.65
 6917.9
 6945.15
 6971.57
 6995.85
 7008.07
 7016.57
 7024.52
 7039.45
 7058.92
 7068.05
 7089.12
 7101.12
 7109.77
 7134.92
 7143.0
 7156.12
 7176.65
 7211.37
 7234.02
 7246.65
 7256.15
 7279.22
 7302.82
 7341.1
 7361.82
 7377.0
 7402.17
 7429.07
 7472.4
 7480.92
 7491.85
 7509.35
 7530.15
 7544.37
 7560.35
 7582.7
 7590.85
 7604.07
 7617.1
 7648.25
 7659.95
 7671.92
 7687.82
 7736.17
 7758.57
 7788.07
 7808.35
 7832.67
 7853.1
 7881.1
 7894.1
 7933.32
 7948.37
 7978.7
 8003.37
 8033.37
 8048.65
 8060.52
 8072.6
 8090.02
 8100.47
 8112.92
 8120.82
 8135.5
 8147.72
 8173.65
 8187.4
 8221.3
 8242.6
 8269.55
 8281.07
 8289.95
 8300.42
 8315.42
 8371.35
 8381.6
 8393.52
 8412.05
 8424.5
 8434.4
 8457.5
 8478.87
 8491.12
 8500.92
 8545.07
 8567.85
 8578.22
 8595.1
 8606.27
 8614.37
 8626.75
 8644.17
 8656.87
 8668.62
 8681.92
 8693.0
 8738.02
 8768.27
 8808.9
 8840.82
 8860.4
 8877.45
 8888.72
 8910.7
 8952.22
 8972.97
 8996.6
 9009.57
 9019.57
 9040.72
 9066.2
 9083.05
 9103.35
 9112.15
 9124.42
 9136.85
 9149.02
 9174.82
 9183.67
 9204.2
 9219.02
 9261.67
 9294.27
 9323.65
 9340.67
 9356.02
 9378.05
 9396.45
 9403.57
 9426.3
 9435.35
 9446.87
 9467.52
 9479.77
 9488.82
 9507.52
 9535.6
 9570.07
 9581.02
 9602.6
 9620.45
 9653.83
 9679.5