9.425
 18.85
 35.475
 57.1
 66.075
 75.05
 91.225
 107.1
 116.8
 139.4
 147.55
 155.6
 176.275
 184.425
 207.55
 221.375
 229.6
 255.475
 270.825
 279.875
 288.875
 301.425
 314.15
 332.225
 356.025
 371.7
 379.375
 395.55
 405.275
 415.6
 424.9
 447.775
 458.175
 471.2
 485.0
 493.075
 503.125
 517.1
 533.1
 542.275
 551.725
 563.9
 574.3
 589.3
 605.025
 617.075
 627.25
 638.7
 646.4
 658.925
 678.075
 704.65
 715.125
 726.575
 746.475
 767.975
 778.15
 795.85
 820.5
 851.3
 871.875
 886.175
 896.175
 921.225
 936.775
 949.475
 976.125
 1003.03
 1019.43
 1029.6
 1039.08
 1052.65
 1083.48
 1105.38
 1112.55
 1121.8
 1132.48
 1155.53
 1183.1
 1194.15
 1221.25
 1232.65
 1265.08
 1277.53
 1293.58
 1308.75
 1331.8
 1347.8
 1355.45
 1364.23
 1375.18
 1396.68
 1408.23
 1428.53
 1441.13
 1450.15
 1460.78
 1470.2
 1487.7
 1520.78
 1531.28
 1539.6
 1555.58
 1594.05
 1605.58
 1614.43
 1635.58
 1651.75
 1676.58
 1693.93
 1702.48
 1714.7
 1723.7
 1744.43
 1753.05
 1767.18
 1781.9
 1804.38
 1820.38
 1840.98
 1849.25
 1857.88
 1870.03
 1894.6
 1909.4
 1922.55
 1933.8
 1947.25
 1963.95
 1981.23
 2013.9
 2023.28
 2056.2
 2068.88
 2077.03
 2092.73
 2102.15
 2125.0
 2140.93
 2161.58
 2172.98
 2188.05
 2200.6
 2216.13
 2227.13
 2241.2
 2256.9
 2272.7
 2287.63
 2301.7
 2309.95
 2329.35
 2336.75
 2354.1
 2380.03
 2407.65
 2426.65
 2434.6
 2443.35
 2458.3
 2474.27
 2482.8
 2520.55
 2541.27
 2553.3
 2570.57
 2578.42
 2589.12
 2602.3
 2625.45
 2636.1
 2646.47
 2660.37
 2669.2
 2690.95
 2713.85
 2744.07
 2765.9
 2784.2
 2806.72
 2820.95
 2843.5
 2862.75
 2884.37
 2905.2
 2937.22
 2954.77
 2977.37
 2993.97
 3006.2
 3023.67
 3032.9
 3042.37
 3055.1
 3078.8
 3112.85
 3135.1
 3146.17
 3176.2
 3190.07
 3206.87
 3224.3
 3239.72
 3251.6
 3260.97
 3276.95
 3294.55
 3321.07
 3333.47
 3355.05
 3363.45
 3374.75
 3383.17
 3394.1
 3403.8
 3417.32
 3439.0
 3448.0
 3469.7
 3480.42
 3495.72
 3511.17
 3522.3
 3544.55
 3555.4
 3565.02
 3577.02
 3594.25
 3603.52
 3618.9
 3626.0
 3646.97
 3671.9
 3693.15
 3713.22
 3720.97
 3732.75
 3756.95
 3769.02
 3788.22
 3804.77
 3818.32
 3827.6
 3841.62
 3863.32
 3872.27
 3915.42
 3928.92
 3949.02
 3967.8
 3976.12
 4007.87
 4024.6
 4036.3
 4049.0
 4077.37
 4095.27
 4111.4
 4135.95
 4148.05
 4157.77
 4167.35
 4188.65
 4201.7
 4211.17
 4222.57
 4250.17
 4265.07
 4281.07
 4291.17
 4326.4
 4339.95
 4361.8
 4382.32
 4400.07
 4434.2
 4451.67
 4466.92
 4478.97
 4502.72
 4515.52
 4526.55
 4540.45
 4548.5
 4559.27
 4569.35
 4594.97
 4604.67
 4612.85
 4628.82
 4643.12
 4663.15
 4675.6
 4688.02
 4700.6
 4718.95
 4744.37
 4769.02
 4782.8
 4791.55
 4814.42
 4834.92
 4876.07
 4905.67
 4946.15
 4965.77
 4973.32
 4991.12
 5003.85
 5017.37
 5028.72
 5038.3
 5050.57
 5072.67
 5082.72
 5094.77
 5107.3
 5118.57
 5140.2
 5155.47
 5178.75
 5197.45
 5232.82
 5243.25
 5255.82
 5271.6
 5309.22
 5324.15
 5334.45
 5343.05
 5356.25
 5384.0
 5394.45
 5410.5
 5425.07
 5448.22
 5463.35
 5473.75
 5481.12
 5498.25
 5508.77
 5522.45
 5535.72
 5545.4
 5571.15
 5584.57
 5592.65
 5608.15
 5627.02
 5635.77
 5659.8
 5698.4
 5708.32
 5721.27
 5733.62
 5764.8
 5789.5
 5805.25
 5818.3
 5842.3
 5852.65
 5865.87
 5877.75
 5892.87
 5929.22
 5941.07
 5958.27
 5982.62
 6000.35
 6015.77
 6025.6
 6045.07
 6064.25
 6083.5
 6105.42
 6113.85
 6141.12
 6161.1
 6188.75
 6197.67
 6213.92
 6228.75
 6238.65
 6252.62
 6268.55
 6286.05
 6297.37
 6311.22
 6335.97
 6345.75
 6353.27
 6369.75
 6384.47
 6391.3
 6402.07
 6420.35
 6435.95
 6453.12
 6468.92
 6483.75
 6501.27
 6532.75
 6546.47
 6557.32
 6583.67
 6591.22
 6601.55
 6619.1
 6636.9
 6662.05
 6676.37
 6692.52
 6735.35
 6748.67
 6764.17
 6787.15
 6822.5
 6843.97
 6872.47
 6888.0
 6915.75
 6945.12
 6959.05
 6972.32
 7001.55
 7016.25
 7053.25
 7068.5
 7090.12
 7098.0
 7109.75
 7142.8
 7155.82
 7176.25
 7191.67
 7207.12
 7222.47
 7234.8
 7246.5
 7256.17
 7279.45
 7288.1
 7325.92
 7361.92
 7377.15
 7391.25
 7402.27
 7426.72
 7444.0
 7463.95
 7471.7
 7481.17
 7491.85
 7515.75
 7533.35
 7547.67
 7560.37
 7587.7
 7603.9
 7627.37
 7644.9
 7664.17
 7671.97
 7681.57
 7701.12
 7761.52
 7772.95
 7788.97
 7808.27
 7832.6
 7849.9
 7870.12
 7880.45
 7933.37
 7952.4
 7976.92
 7992.97
 8004.07
 8037.42
 8048.52
 8058.9
 8074.12
 8100.47
 8112.92
 8120.87
 8145.12
 8170.47
 8187.75
 8194.62
 8207.22
 8221.52
 8238.87
 8256.07
 8269.6
 8282.05
 8289.82
 8299.42
 8316.07
 8355.02
 8370.92
 8381.52
 8393.55
 8403.27
 8414.32
 8424.7
 8433.97
 8490.02
 8508.6
 8534.07
 8545.55
 8578.2
 8588.82
 8595.57
 8605.3
 8614.4
 8625.62
 8644.6
 8662.35
 8681.75
 8690.12
 8726.1
 8741.62
 8768.97
 8808.6
 8823.57
 8860.85
 8885.75
 8952.35
 8973.05
 8984.3
 8996.95
 9009.55
 9019.05
 9040.92
 9055.05
 9066.7
 9111.52
 9126.02
 9136.92
 9149.02
 9158.87
 9169.77
 9183.85
 9194.87
 9216.17
 9236.3
 9261.65
 9295.12
 9315.07
 9333.65
 9356.2
 9367.5
 9384.85
 9402.3
 9422.6
 9435.47
 9444.02
 9463.9
 9482.82
 9508.15
 9523.65
 9535.87
 9552.72
 9574.55
 9593.07
 9613.52
 9652.23
 9679.2
 9692.18