9.425
 22.45
 35.5
 52.05
 65.825
 75.575
 92.05
 109.475
 116.725
 128.825
 139.375
 147.45
 158.45
 176.55
 184.425
 200.25
 215.375
 228.95
 236.625
 245.275
 256.425
 268.0
 279.5
 288.95
 300.975
 313.575
 326.25
 336.975
 348.9
 360.95
 378.975
 396.4
 405.525
 419.575
 441.8
 450.05
 458.4
 470.575
 488.775
 503.725
 516.6
 531.1
 542.15
 563.25
 574.575
 582.45
 593.825
 607.3
 616.8
 637.225
 646.6
 659.375
 675.675
 691.775
 704.375
 716.275
 726.875
 745.775
 757.025
 777.025
 798.525
 814.075
 826.675
 843.025
 851.8
 862.15
 874.575
 889.95
 912.525
 936.65
 949.45
 960.475
 972.725
 981.75
 992.375
 1003.1
 1020.5
 1029.35
 1039.0
 1049.53
 1062.53
 1073.23
 1083.45
 1091.88
 1100.33
 1111.35
 1121.93
 1132.68
 1154.6
 1174.13
 1186.0
 1194.23
 1205.33
 1214.13
 1227.2
 1243.08
 1255.4
 1265.03
 1276.7
 1286.43
 1298.73
 1308.83
 1331.73
 1341.3
 1348.55
 1367.73
 1375.48
 1388.4
 1399.7
 1408.3
 1421.23
 1430.53
 1442.03
 1450.35
 1467.7
 1479.8
 1488.0
 1502.5
 1520.38
 1530.95
 1543.43
 1555.73
 1571.58
 1590.73
 1603.53
 1620.3
 1635.35
 1643.48
 1663.45
 1679.33
 1691.88
 1702.55
 1716.45
 1726.15
 1739.08
 1752.38
 1767.65
 1781.88
 1795.48
 1804.68
 1820.5
 1834.53
 1844.03
 1861.08
 1870.2
 1881.75
 1893.53
 1914.38
 1922.9
 1931.25
 1946.13
 1966.68
 1984.68
 1999.9
 2010.45
 2023.1
 2033.08
 2046.05
 2056.63
 2068.68
 2077.03
 2086.5
 2098.5
 2111.05
 2126.3
 2139.88
 2160.65
 2173.95
 2183.48
 2194.73
 2210.13
 2218.03
 2227.2
 2241.08
 2260.93
 2273.6
 2284.95
 2297.83
 2309.3
 2322.23
 2335.63
 2350.23
 2374.68
 2387.85
 2406.63
 2420.65
 2434.05
 2446.4
 2458.45
 2474.47
 2482.62
 2498.3
 2510.6
 2522.52
 2535.2
 2550.07
 2567.47
 2578.3
 2589.12
 2602.42
 2624.65
 2636.05
 2645.97
 2659.55
 2668.0
 2680.7
 2691.55
 2708.97
 2722.77
 2736.65
 2744.87
 2765.72
 2776.67
 2786.07
 2807.8
 2819.5
 2835.95
 2843.82
 2853.4
 2864.7
 2878.25
 2887.0
 2897.95
 2907.02
 2926.42
 2937.67
 2950.17
 2960.05
 2969.02
 2979.95
 2993.35
 3005.82
 3021.75
 3032.57
 3042.07
 3057.85
 3072.85
 3088.55
 3104.55
 3113.1
 3126.85
 3135.8
 3145.82
 3159.2
 3173.92
 3186.97
 3202.62
 3216.77
 3232.57
 3251.57
 3261.52
 3274.92
 3300.07
 3314.2
 3328.62
 3342.37
 3355.32
 3363.52
 3383.12
 3403.67
 3411.15
 3423.3
 3435.1
 3446.95
 3459.15
 3469.9
 3482.9
 3493.87
 3506.35
 3518.82
 3532.2
 3545.07
 3555.47
 3564.92
 3575.1
 3589.47
 3603.22
 3623.55
 3640.87
 3660.4
 3671.7
 3689.52
 3702.02
 3717.0
 3729.27
 3740.75
 3756.8
 3769.52
 3778.6
 3790.65
 3802.87
 3817.22
 3831.92
 3842.1
 3865.07
 3873.1
 3886.45
 3894.77
 3906.22
 3928.92
 3949.62
 3962.7
 3974.72
 3989.95
 4004.55
 4015.95
 4029.02
 4041.42
 4053.0
 4070.45
 4081.85
 4093.72
 4103.07
 4119.5
 4135.22
 4148.4
 4157.3
 4172.25
 4181.27
 4201.3
 4214.95
 4223.27
 4245.22
 4257.87
 4268.75
 4283.42
 4291.12
 4305.27
 4318.72
 4327.12
 4337.2
 4358.37
 4370.52
 4383.07
 4396.85
 4411.45
 4423.97
 4439.92
 4453.87
 4467.92
 4479.1
 4503.15
 4515.5
 4525.75
 4538.45
 4548.7
 4566.95
 4588.55
 4596.9
 4605.45
 4621.82
 4629.25
 4643.05
 4656.3
 4669.05
 4688.27
 4701.6
 4716.02
 4723.52
 4737.75
 4745.15
 4754.15
 4768.8
 4781.25
 4791.52
 4813.2
 4833.62
 4845.32
 4864.02
 4875.97
 4885.57
 4905.42
 4917.3
 4925.52
 4944.42
 4960.02
 4972.75
 4988.82
 5002.77
 5015.97
 5029.62
 5040.25
 5050.7
 5072.55
 5085.15
 5095.2
 5107.42
 5118.07
 5130.82
 5138.42
 5150.6
 5162.77
 5174.85
 5187.3
 5201.25
 5214.07
 5226.92
 5243.07
 5257.77
 5273.12
 5292.92
 5306.75
 5321.25
 5334.62
 5343.02
 5357.65
 5372.5
 5383.97
 5397.57
 5422.65
 5439.0
 5448.0
 5462.32
 5473.67
 5493.32
 5506.97
 5522.4
 5536.37
 5545.22
 5552.95
 5561.15
 5580.6
 5596.15
 5609.05
 5626.6
 5642.95
 5652.4
 5664.17
 5675.87
 5688.72
 5696.42
 5708.65
 5720.42
 5735.9
 5748.25
 5761.65
 5784.17
 5794.12
 5807.45
 5816.47
 5827.75
 5841.35
 5860.15
 5873.8
 5893.2
 5912.82
 5930.1
 5942.15
 5951.47
 5977.55
 5990.37
 6002.35
 6016.42
 6024.42
 6036.7
 6046.32
 6054.57
 6064.07
 6079.67
 6090.2
 6098.85
 6112.27
 6124.25
 6136.4
 6152.77
 6161.25
 6173.85
 6188.5
 6206.27
 6219.62
 6228.77
 6243.67
 6252.07
 6270.3
 6280.52
 6294.45
 6308.6
 6322.92
 6341.27
 6358.02
 6369.77
 6383.85
 6391.22
 6407.0
 6413.9
 6424.47
 6436.2
 6457.22
 6473.62
 6483.45
 6505.17
 6524.17
 6538.97
 6552.22
 6559.8
 6568.17
 6586.02
 6604.5
 6616.37
 6630.92
 6641.87
 6657.07
 6671.92
 6685.57
 6692.75
 6711.95
 6726.15
 6737.82
 6755.0
 6765.85
 6780.02
 6795.5
 6804.67
 6828.72
 6842.22
 6850.17
 6864.22
 6873.0
 6882.35
 6896.27
 6911.15
 6927.07
 6944.55
 6957.87
 6971.25
 6983.9
 6995.35
 7009.87
 7023.9
 7036.05
 7059.17
 7067.62
 7079.7
 7094.25
 7101.37
 7109.6
 7129.6
 7141.7
 7154.35
 7167.62
 7183.4
 7211.15
 7226.57
 7234.22
 7242.87
 7256.05
 7271.15
 7279.35
 7303.07
 7316.05
 7328.52
 7340.77
 7361.97
 7370.17
 7377.5
 7392.12
 7400.45
 7423.1
 7442.95
 7465.2
 7480.97
 7491.87
 7507.7
 7514.9
 7528.67
 7543.62
 7565.05
 7578.15
 7590.7
 7599.47
 7624.25
 7639.95
 7649.17
 7664.22
 7672.37
 7690.02
 7707.7
 7715.72
 7733.9
 7750.25
 7761.7
 7773.6
 7788.1
 7807.55
 7819.3
 7833.47
 7848.45
 7869.2
 7880.32
 7901.95
 7927.97
 7947.3
 7956.65
 7978.95
 8003.37
 8012.42
 8025.12
 8042.02
 8060.0
 8073.52
 8088.02
 8100.37
 8113.87
 8121.07
 8134.15
 8147.85
 8161.62
 8173.6
 8187.17
 8214.67
 8233.27
 8242.82
 8260.25
 8269.92
 8284.37
 8300.82
 8313.57
 8326.52
 8342.5
 8355.57
 8371.07
 8381.57
 8393.4
 8405.95
 8420.77
 8434.5
 8457.2
 8477.27
 8491.15
 8500.82
 8522.07
 8544.9
 8558.42
 8567.75
 8578.37
 8585.92
 8595.22
 8610.42
 8626.95
 8657.25
 8668.5
 8680.02
 8692.97
 8705.57
 8722.45
 8742.67
 8760.95
 8768.55
 8788.5
 8806.2
 8820.35
 8832.47
 8840.52
 8859.25
 8888.65
 8904.07
 8921.65
 8931.02
 8951.12
 8965.4
 8973.22
 8983.97
 8996.77
 9009.7
 9019.25
 9030.47
 9040.87
 9056.6
 9066.32
 9074.95
 9083.02
 9096.45
 9110.4
 9126.07
 9136.97
 9149.05
 9169.42
 9183.22
 9198.05
 9210.1
 9219.32
 9228.37
 9241.45
 9261.75
 9269.6
 9291.05
 9307.17
 9323.42
 9332.75
 9340.27
 9356.02
 9376.32
 9388.8
 9403.65
 9416.7
 9426.62
 9435.3
 9446.72
 9463.77
 9478.4
 9488.75
 9507.4
 9523.52
 9535.82
 9559.0
 9572.67
 9586.92
 9597.8
 9614.7
 9641.7
 9660.38
 9680.7
 9690.78