9.425
 22.65
 33.525
 42.4
 52.925
 65.975
 75.65
 92.65
 106.6
 117.625
 128.575
 138.475
 147.1
 156.6
 176.5
 184.35
 200.675
 216.275
 226.675
 236.125
 247.55
 256.6
 267.475
 279.5
 288.9
 303.225
 313.2
 324.775
 336.975
 349.15
 361.2
 374.75
 387.725
 404.8
 415.7
 425.0
 448.65
 458.25
 471.275
 489.575
 504.125
 517.075
 533.2
 542.675
 553.9
 563.45
 576.7
 589.3
 603.025
 616.825
 637.775
 646.625
 660.65
 679.7
 696.25
 704.725
 715.8
 726.65
 737.9
 748.125
 757.75
 776.175
 786.8
 796.1
 804.725
 822.2
 834.975
 851.1
 861.45
 874.325
 885.4
 894.75
 916.65
 927.25
 936.25
 946.6
 957.45
 968.875
 978.725
 996.85
 1010.78
 1029.08
 1039.15
 1052.8
 1068.53
 1083.55
 1102.43
 1111.78
 1123.13
 1139.8
 1150.98
 1161.93
 1176.08
 1193.98
 1205.5
 1231.4
 1242.65
 1253.75
 1265.9
 1285.53
 1297.35
 1308.65
 1331.63
 1341.45
 1367.85
 1375.6
 1390.15
 1400.15
 1417.3
 1430.58
 1442.13
 1469.98
 1483.05
 1492.8
 1506.73
 1520.83
 1534.58
 1555.68
 1571.73
 1589.45
 1606.85
 1616.33
 1628.9
 1642.88
 1652.5
 1669.78
 1703.18
 1720.18
 1728.95
 1738.55
 1752.8
 1765.23
 1782.0
 1794.68
 1804.8
 1815.53
 1825.55
 1849.3
 1859.48
 1870.3
 1884.98
 1898.03
 1915.55
 1937.08
 1946.95
 1959.28
 1968.75
 1987.95
 1997.65
 2023.48
 2035.83
 2053.95
 2068.85
 2101.63
 2112.68
 2122.63
 2141.93
 2161.03
 2171.68
 2188.08
 2202.88
 2219.43
 2227.63
 2256.48
 2274.65
 2284.6
 2297.65
 2309.45
 2322.75
 2335.95
 2350.28
 2364.23
 2373.63
 2387.73
 2407.73
 2418.25
 2435.2
 2447.75
 2459.05
 2471.37
 2480.82
 2497.62
 2511.05
 2553.32
 2567.0
 2578.87
 2589.3
 2607.47
 2624.32
 2636.02
 2668.22
 2678.75
 2691.27
 2714.35
 2735.07
 2746.6
 2767.0
 2778.05
 2819.57
 2830.15
 2844.3
 2853.97
 2863.22
 2910.92
 2937.7
 2948.32
 2960.22
 2979.77
 2996.85
 3005.85
 3020.07
 3032.75
 3042.4
 3065.55
 3079.37
 3112.35
 3126.25
 3146.0
 3159.4
 3173.8
 3207.9
 3218.82
 3229.5
 3250.8
 3265.2
 3278.12
 3294.12
 3303.55
 3319.07
 3332.05
 3348.52
 3363.45
 3383.5
 3400.57
 3411.8
 3437.32
 3450.25
 3469.67
 3482.3
 3497.05
 3515.4
 3544.95
 3555.52
 3566.52
 3590.47
 3615.87
 3647.22
 3664.4
 3672.67
 3685.17
 3705.22
 3718.35
 3734.42
 3749.22
 3758.45
 3788.42
 3817.2
 3828.57
 3841.95
 3862.9
 3897.75
 3929.1
 3941.2
 3950.8
 3961.95
 3976.55
 4005.0
 4042.12
 4053.52
 4069.47
 4094.17
 4103.17
 4115.15
 4136.2
 4150.25
 4170.17
 4201.57
 4214.35
 4228.5
 4248.42
 4258.32
 4276.02
 4287.97
 4308.32
 4319.6
 4340.12
 4356.17
 4376.07
 4395.0
 4403.4
 4420.0
 4429.07
 4453.8
 4468.1
 4479.2
 4502.97
 4514.32
 4525.6
 4540.67
 4558.22
 4567.0
 4597.02
 4619.5
 4629.35
 4641.65
 4654.7
 4669.87
 4688.25
 4699.25
 4718.07
 4744.62
 4783.6
 4813.05
 4838.55
 4876.3
 4886.4
 4905.57
 4917.5
 4948.45
 4961.62
 4973.5
 4989.87
 5003.22
 5016.6
 5030.27
 5043.82
 5061.5
 5072.72
 5084.35
 5105.57
 5118.47
 5141.57
 5153.75
 5163.6
 5176.52
 5195.12
 5222.15
 5232.77
 5243.25
 5262.82
 5282.05
 5309.12
 5330.57
 5345.22
 5358.05
 5368.8
 5384.22
 5403.15
 5416.52
 5426.82
 5437.07
 5447.35
 5462.7
 5474.15
 5490.55
 5519.97
 5545.12
 5559.47
 5579.47
 5610.0
 5652.1
 5663.37
 5676.97
 5699.02
 5711.45
 5754.02
 5766.1
 5792.52
 5818.42
 5832.55
 5861.92
 5893.27
 5905.27
 5938.67
 5979.32
 6001.32
 6013.57
 6037.52
 6047.25
 6064.35
 6082.42
 6094.2
 6112.57
 6125.92
 6136.27
 6153.1
 6162.27
 6188.72
 6204.32
 6229.4
 6251.82
 6264.05
 6282.85
 6293.6
 6311.85
 6322.55
 6345.85
 6363.32
 6390.87
 6405.15
 6425.75
 6446.5
 6466.35
 6483.22
 6498.25
 6533.0
 6546.55
 6560.37
 6590.0
 6618.8
 6630.32
 6641.9
 6655.6
 6675.17
 6690.2
 6705.62
 6727.12
 6738.05
 6765.57
 6776.35
 6787.32
 6816.95
 6828.97
 6840.82
 6850.02
 6869.45
 6896.45
 6910.52
 6951.8
 6963.65
 6987.2
 7015.82
 7036.82
 7059.2
 7069.12
 7095.45
 7109.8
 7128.57
 7163.67
 7194.2
 7211.2
 7234.37
 7246.65
 7266.22
 7279.67
 7295.47
 7309.72
 7321.15
 7337.45
 7362.55
 7377.77
 7392.17
 7429.77
 7447.17
 7471.6
 7481.4
 7491.62
 7502.67
 7520.75
 7530.65
 7570.02
 7582.25
 7591.07
 7637.62
 7647.02
 7659.17
 7684.0
 7706.87
 7727.02
 7748.82
 7762.05
 7788.2
 7804.0
 7815.02
 7832.85
 7843.82
 7851.75
 7880.27
 7894.17
 7905.12
 7930.72
 7948.82
 7957.0
 7979.15
 7991.87
 8011.07
 8027.37
 8042.9
 8054.65
 8087.8
 8100.85
 8113.75
 8132.57
 8141.7
 8163.47
 8172.67
 8187.3
 8203.2
 8216.72
 8233.62
 8268.32
 8315.95
 8330.57
 8359.8
 8371.1
 8381.95
 8414.02
 8424.72
 8445.1
 8454.82
 8479.2
 8489.77
 8498.15
 8508.52
 8523.72
 8545.12
 8568.4
 8578.62
 8587.2
 8613.65
 8627.05
 8644.97
 8668.1
 8682.3
 8717.32
 8730.1
 8743.5
 8762.47
 8789.1
 8809.2
 8840.25
 8852.75
 8889.4
 8915.47
 8932.1
 8942.42
 8952.7
 8973.27
 8995.4
 9008.2
 9040.9
 9052.57
 9110.37
 9136.92
 9149.15
 9175.12
 9198.65
 9209.7
 9237.05
 9261.92
 9278.12
 9322.75
 9337.72
 9347.62
 9356.65
 9376.8
 9403.47
 9418.1
 9435.82
 9467.72
 9481.67
 9508.32
 9520.2
 9535.95
 9552.1
 9581.35
 9593.72
 9603.25
 9615.02
 9633.27
 9660.5
 9672.73