9.425
 28.35
 36.25
 55.2
 66.05
 75.7
 90.525
 99.2
 108.3
 120.0
 128.25
 139.275
 147.425
 159.65
 175.175
 184.4
 201.1
 208.25
 229.125
 250.55
 257.225
 267.4
 279.675
 289.025
 302.6
 315.5
 326.475
 336.775
 356.125
 373.1
 397.625
 405.4
 424.5
 435.775
 448.2
 458.2
 470.975
 488.125
 503.075
 514.45
 528.2
 542.125
 556.575
 569.025
 582.675
 594.325
 607.475
 616.85
 638.05
 646.8
 664.325
 677.4
 691.925
 704.4
 715.875
 726.7
 743.475
 777.925
 787.75
 798.175
 815.35
 826.775
 851.15
 862.375
 874.4
 895.15
 915.175
 927.45
 948.75
 959.875
 981.3
 996.525
 1029.23
 1038.93
 1049.75
 1059.88
 1075.88
 1090.13
 1111.6
 1123.68
 1132.5
 1145.8
 1155.7
 1171.65
 1183.28
 1194.15
 1213.63
 1225.73
 1234.0
 1252.75
 1264.33
 1275.93
 1308.73
 1326.9
 1342.25
 1354.73
 1375.13
 1397.43
 1407.88
 1430.1
 1447.48
 1461.9
 1470.35
 1488.1
 1510.53
 1520.88
 1533.2
 1555.63
 1580.23
 1593.13
 1611.13
 1628.78
 1643.0
 1664.33
 1676.03
 1692.0
 1702.48
 1720.58
 1736.33
 1752.63
 1782.03
 1796.6
 1805.03
 1835.03
 1848.73
 1859.93
 1870.2
 1885.48
 1897.0
 1907.8
 1921.68
 1934.33
 1946.8
 1969.08
 1984.95
 1998.9
 2014.03
 2023.33
 2042.35
 2056.3
 2068.7
 2076.88
 2086.55
 2101.73
 2113.73
 2126.5
 2139.0
 2161.23
 2169.55
 2187.95
 2203.9
 2217.85
 2227.28
 2234.98
 2244.23
 2256.85
 2271.43
 2287.45
 2301.6
 2309.75
 2328.78
 2337.55
 2363.23
 2376.65
 2387.4
 2399.2
 2419.4
 2434.15
 2455.87
 2472.85
 2482.55
 2492.22
 2505.77
 2519.5
 2531.37
 2544.07
 2553.4
 2566.0
 2576.12
 2589.17
 2602.22
 2615.7
 2635.95
 2646.2
 2656.05
 2668.27
 2680.07
 2689.3
 2703.42
 2714.85
 2740.1
 2766.1
 2776.7
 2785.97
 2820.27
 2835.62
 2848.92
 2862.87
 2873.97
 2886.57
 2904.67
 2916.9
 2934.42
 2946.5
 2960.2
 2970.15
 2980.15
 2994.45
 3006.15
 3021.2
 3032.65
 3042.32
 3055.02
 3066.92
 3078.25
 3089.4
 3105.67
 3114.7
 3135.05
 3146.07
 3155.42
 3184.25
 3206.65
 3251.47
 3264.05
 3278.75
 3293.97
 3332.65
 3342.55
 3355.8
 3363.52
 3381.52
 3393.3
 3403.72
 3432.02
 3446.62
 3458.55
 3469.77
 3485.57
 3496.52
 3508.42
 3519.87
 3532.07
 3545.15
 3555.4
 3578.05
 3594.95
 3603.47
 3618.2
 3625.8
 3642.8
 3671.95
 3693.02
 3705.75
 3720.52
 3732.95
 3745.32
 3756.82
 3767.87
 3791.67
 3806.22
 3822.05
 3841.6
 3870.25
 3883.47
 3921.47
 3929.25
 3943.42
 3975.85
 3988.75
 4001.75
 4024.62
 4042.57
 4082.6
 4095.67
 4112.0
 4123.82
 4136.27
 4146.5
 4157.85
 4173.2
 4201.6
 4222.55
 4240.3
 4252.8
 4265.55
 4278.02
 4291.22
 4302.02
 4326.45
 4339.45
 4361.85
 4381.95
 4402.2
 4425.45
 4438.2
 4453.52
 4468.07
 4479.0
 4493.27
 4503.37
 4515.57
 4526.85
 4536.57
 4548.32
 4567.55
 4591.3
 4604.6
 4615.65
 4626.5
 4639.57
 4650.77
 4661.77
 4673.17
 4688.3
 4701.52
 4718.15
 4744.35
 4754.9
 4766.67
 4779.8
 4790.62
 4804.97
 4816.02
 4828.47
 4841.6
 4854.25
 4866.02
 4876.4
 4906.1
 4916.15
 4957.27
 4968.05
 4989.2
 5003.65
 5026.97
 5043.5
 5050.75
 5061.82
 5072.95
 5097.95
 5107.37
 5118.6
 5153.7
 5162.97
 5179.02
 5190.4
 5232.87
 5243.27
 5251.9
 5309.82
 5326.37
 5334.62
 5343.82
 5358.42
 5378.8
 5448.17
 5464.65
 5473.85
 5480.85
 5491.77
 5508.82
 5521.07
 5536.65
 5545.82
 5574.35
 5584.7
 5596.3
 5627.2
 5650.65
 5662.22
 5673.95
 5698.42
 5721.32
 5752.75
 5765.37
 5789.45
 5818.25
 5851.6
 5863.45
 5874.95
 5893.22
 5914.92
 5926.37
 5942.4
 5954.25
 5968.85
 5982.5
 5997.1
 6010.42
 6033.05
 6044.12
 6055.35
 6083.52
 6113.12
 6126.25
 6155.12
 6188.4
 6228.75
 6241.22
 6254.3
 6261.37
 6284.47
 6295.65
 6309.12
 6345.75
 6356.67
 6369.92
 6382.9
 6390.87
 6409.27
 6425.72
 6436.32
 6452.35
 6469.47
 6483.17
 6505.12
 6532.72
 6546.47
 6559.52
 6584.15
 6591.37
 6608.1
 6620.4
 6636.12
 6648.6
 6662.52
 6674.87
 6692.65
 6702.1
 6719.1
 6732.67
 6756.2
 6765.72
 6787.67
 6805.57
 6843.07
 6871.57
 6883.5
 6902.52
 6918.15
 6939.67
 6963.77
 6972.77
 7001.25
 7025.42
 7037.45
 7048.7
 7059.17
 7068.6
 7075.15
 7087.4
 7098.07
 7109.72
 7122.92
 7142.8
 7156.12
 7169.22
 7184.6
 7225.32
 7246.67
 7256.35
 7279.55
 7289.9
 7302.7
 7314.47
 7326.15
 7338.97
 7361.97
 7369.85
 7377.5
 7402.22
 7419.45
 7429.65
 7441.6
 7467.32
 7481.25
 7489.85
 7502.05
 7533.35
 7547.7
 7560.42
 7575.52
 7588.25
 7601.6
 7615.7
 7632.7
 7644.62
 7664.2
 7672.02
 7730.57
 7744.7
 7758.17
 7769.42
 7789.87
 7800.47
 7829.37
 7853.7
 7865.92
 7880.45
 7913.2
 7933.4
 7950.42
 7978.9
 8003.95
 8022.17
 8037.12
 8048.47
 8060.45
 8074.12
 8100.52
 8113.0
 8120.95
 8143.8
 8154.47
 8172.6
 8188.12
 8211.9
 8221.8
 8242.65
 8269.62
 8280.05
 8289.67
 8302.82
 8315.77
 8327.37
 8355.05
 8371.82
 8381.82
 8393.65
 8408.35
 8422.3
 8434.57
 8449.07
 8461.12
 8474.05
 8486.42
 8515.97
 8545.52
 8558.07
 8578.2
 8591.15
 8605.1
 8614.35
 8626.9
 8639.72
 8662.32
 8682.15
 8693.02
 8742.6
 8761.62
 8809.12
 8826.7
 8879.92
 8888.77
 8898.97
 8911.3
 8939.12
 8952.1
 8973.15
 8996.97
 9009.67
 9019.35
 9040.45
 9050.95
 9066.77
 9082.1
 9097.2
 9112.22
 9134.42
 9147.65
 9160.52
 9174.87
 9185.0
 9207.32
 9219.07
 9233.75
 9247.47
 9261.82
 9270.15
 9292.52
 9304.57
 9317.77
 9344.3
 9355.97
 9368.9
 9385.15
 9396.07
 9403.47
 9426.37
 9436.5
 9444.72
 9457.1
 9467.65
 9481.82
 9510.2
 9524.87
 9536.05
 9548.37
 9574.62
 9600.62
 9620.9
 9653.2
 9666.2
 9680.05
 9694.98