15.225
 26.725
 38.1
 51.5
 64.025
 75.6
 88.175
 99.275
 109.375
 120.1
 131.275
 145.575
 156.0
 168.05
 177.7
 189.7
 200.95
 211.35
 224.825
 237.3
 248.675
 263.175
 273.8
 284.475
 295.725
 309.25
 321.375
 333.25
 342.925
 353.625
 365.225
 379.95
 390.525
 408.1
 423.375
 431.325
 441.225
 450.65
 463.325
 473.775
 484.75
 494.875
 510.6
 520.65
 530.475
 540.775
 550.1
 560.875
 572.6
 582.625
 592.975
 608.1
 623.075
 644.525
 656.55
 670.65
 683.275
 692.925
 704.525
 715.175
 725.95
 739.375
 749.175
 758.625
 769.175
 784.775
 799.225
 813.575
 828.35
 839.625
 854.65
 866.5
 876.15
 888.325
 896.125
 905.175
 914.8
 926.125
 937.375
 947.05
 960.625
 974.2
 987.15
 997.3
 1007.08
 1018.98
 1029.05
 1042.6
 1052.2
 1061.78
 1071.45
 1083.38
 1097.43
 1115.45
 1127.6
 1136.08
 1148.95
 1160.45
 1170.1
 1181.13
 1199.83
 1216.08
 1236.4
 1249.13
 1269.0
 1283.73
 1295.2
 1311.38
 1322.4
 1333.38
 1344.95
 1357.5
 1368.48
 1378.35
 1389.9
 1400.15
 1410.28
 1421.08
 1438.98
 1449.15
 1471.1
 1497.35
 1507.23
 1517.98
 1528.2
 1560.63
 1570.45
 1588.45
 1601.93
 1612.8
 1623.38
 1635.33
 1647.88
 1659.2
 1687.25
 1709.35
 1721.33
 1734.58
 1749.13
 1760.58
 1786.55
 1796.1
 1812.2
 1820.23
 1832.45
 1846.6
 1872.1
 1883.75
 1895.65
 1911.05
 1922.53
 1936.93
 1946.13
 1961.13
 1983.5
 1998.23
 2020.08
 2037.28
 2046.6
 2056.83
 2072.75
 2082.28
 2092.03
 2104.68
 2124.8
 2140.83
 2151.68
 2165.03
 2176.2
 2197.35
 2208.73
 2219.03
 2240.3
 2252.48
 2271.1
 2285.28
 2295.15
 2329.58
 2350.28
 2364.33
 2392.23
 2402.68
 2422.07
 2447.4
 2458.57
 2470.07
 2481.52
 2513.97
 2536.32
 2545.67
 2559.7
 2581.9
 2591.37
 2603.82
 2615.12
 2623.85
 2635.75
 2645.8
 2665.72
 2676.2
 2688.7
 2708.35
 2719.02
 2762.6
 2801.92
 2820.27
 2831.8
 2844.15
 2854.92
 2864.2
 2881.9
 2893.17
 2912.02
 2921.95
 2934.1
 2943.0
 2973.15
 2993.92
 3003.75
 3015.45
 3036.22
 3062.22
 3101.57
 3113.52
 3126.3
 3145.9
 3157.4
 3185.2
 3203.42
 3215.87
 3226.4
 3240.8
 3260.9
 3270.62
 3290.3
 3311.25
 3322.42
 3342.25
 3353.87
 3384.47
 3397.47
 3409.22
 3420.05
 3430.85
 3442.32
 3460.57
 3472.25
 3533.35
 3542.95
 3561.22
 3575.35
 3587.95
 3600.17
 3621.3
 3640.9
 3651.0
 3660.75
 3690.4
 3713.75
 3724.8
 3744.72
 3756.02
 3768.57
 3777.2
 3787.15
 3843.75
 3874.67
 3894.57
 3920.8
 3931.07
 3943.52
 3958.37
 3990.52
 4004.05
 4026.52
 4039.27
 4049.65
 4082.62
 4092.32
 4102.22
 4123.17
 4133.25
 4144.25
 4154.85
 4167.4
 4199.87
 4212.85
 4226.3
 4235.7
 4286.87
 4296.77
 4332.55
 4343.85
 4357.55
 4368.25
 4378.02
 4450.4
 4461.42
 4483.52
 4493.42
 4516.52
 4537.07
 4551.6
 4566.25
 4576.35
 4588.15
 4620.52
 4634.47
 4645.12
 4655.62
 4698.22
 4719.05
 4730.67
 4753.5
 4764.57
 4775.75
 4807.97
 4817.6
 4847.67
 4859.2
 4870.87
 4881.12
 4896.4
 4910.07
 4930.55
 4941.5
 4957.27
 4986.25
 5016.02
 5039.17
 5056.05
 5066.65
 5079.45
 5090.62
 5163.45
 5173.52
 5185.52
 5196.47
 5238.52
 5271.55
 5291.1
 5301.75
 5326.8
 5337.15
 5359.2
 5369.07
 5381.07
 5391.6
 5435.4
 5445.95
 5456.37
 5476.67
 5486.67
 5499.57
 5521.55
 5532.95
 5544.97
 5552.37
 5566.85
 5578.37
 5588.8
 5599.77
 5628.05
 5638.4
 5675.55
 5695.25
 5705.12
 5736.52
 5746.4
 5758.85
 5770.62
 5781.77
 5805.9
 5825.9
 5839.02
 5850.22
 5874.5
 5885.67
 5910.67
 5921.3
 5942.97
 5959.35
 5980.87
 5991.02
 6012.12
 6023.4
 6036.57
 6051.17
 6063.35
 6092.72
 6105.27
 6151.4
 6163.77
 6174.55
 6194.75
 6204.8
 6216.02
 6228.15
 6250.57
 6261.42
 6270.75
 6280.25
 6290.9
 6303.72
 6313.25
 6358.05
 6368.52
 6391.4
 6433.22
 6442.72
 6455.72
 6497.57
 6507.9
 6565.27
 6576.7
 6588.15
 6597.87
 6630.97
 6641.8
 6656.35
 6667.92
 6679.7
 6712.62
 6723.4
 6736.27
 6749.55
 6779.9
 6791.67
 6803.8
 6816.95
 6841.62
 6852.57
 6864.52
 6892.75
 6905.37
 6914.67
 6935.72
 7010.17
 7020.45
 7033.52
 7044.67
 7074.7
 7094.85
 7105.0
 7118.27
 7143.05
 7153.07
 7163.67
 7174.1
 7183.27
 7194.12
 7204.65
 7225.8
 7245.4
 7270.85
 7280.8
 7301.32
 7316.57
 7338.62
 7352.25
 7368.05
 7379.32
 7392.15
 7427.42
 7477.82
 7505.12
 7524.7
 7545.37
 7554.75
 7564.7
 7578.27
 7608.42
 7617.65
 7639.95
 7650.8
 7673.4
 7705.67
 7718.45
 7743.05
 7758.25
 7779.67
 7794.27
 7806.15
 7829.02
 7842.8
 7857.72
 7881.65
 7915.12
 7926.72
 7948.27
 7996.57
 8007.6
 8036.2
 8068.67
 8099.32
 8149.02
 8158.9
 8242.35
 8282.37
 8302.4
 8311.95
 8324.95
 8344.67
 8367.75
 8403.67
 8434.15
 8467.5
 8490.35
 8500.62
 8524.87
 8536.5
 8546.17
 8555.92
 8567.15
 8581.5
 8612.82
 8624.1
 8637.75
 8673.9
 8707.65
 8717.82
 8729.75
 8739.97
 8768.87
 8801.1
 8815.47
 8846.62
 8856.95
 8868.7
 8885.07
 8930.22
 8952.07
 8963.72
 8976.3
 8998.37
 9027.95
 9038.57
 9070.12
 9080.57
 9092.17
 9102.55
 9125.6
 9135.72
 9164.4
 9184.95
 9197.92
 9222.1
 9232.5
 9258.92
 9271.35
 9306.0
 9316.77
 9346.15
 9357.0
 9367.15
 9391.37
 9401.12
 9413.0
 9464.55
 9477.47
 9488.32
 9503.17
 9526.67
 9537.32
 9551.67
 9612.47
 9641.05
 9655.85
 9666.35
 9686.9