14.825
 27.175
 38.725
 50.725
 59.4
 69.2
 82.325
 94.925
 106.375
 125.3
 141.0
 153.125
 168.3
 180.6
 189.45
 201.1
 216.075
 230.2
 248.275
 260.25
 271.175
 285.45
 302.35
 315.1
 328.875
 337.825
 348.275
 360.95
 379.45
 394.55
 409.15
 423.6
 436.725
 450.625
 463.125
 477.775
 491.45
 502.15
 516.775
 529.3
 541.025
 553.275
 566.575
 577.6
 589.3
 599.975
 613.325
 628.525
 641.05
 654.575
 669.6
 683.6
 694.075
 714.3
 727.45
 742.125
 753.825
 765.175
 778.15
 799.0
 809.325
 825.825
 834.6
 842.725
 854.225
 865.4
 873.625
 887.3
 899.25
 921.925
 934.925
 948.175
 966.675
 986.1
 998.775
 1010.13
 1022.28
 1030.3
 1046.58
 1059.08
 1075.98
 1088.8
 1097.7
 1110.4
 1128.45
 1144.0
 1154.98
 1170.35
 1182.43
 1194.05
 1204.35
 1214.8
 1230.0
 1242.43
 1257.13
 1270.98
 1283.93
 1296.95
 1312.58
 1325.23
 1335.53
 1348.33
 1360.53
 1376.48
 1389.43
 1399.88
 1415.9
 1432.1
 1445.8
 1457.83
 1470.75
 1481.65
 1495.83
 1510.9
 1527.1
 1539.65
 1555.08
 1564.35
 1579.85
 1592.0
 1602.18
 1616.4
 1628.83
 1641.93
 1653.28
 1661.63
 1676.65
 1688.1
 1696.0
 1710.18
 1723.23
 1735.4
 1748.45
 1760.65
 1773.05
 1784.43
 1795.6
 1808.43
 1821.8
 1835.1
 1847.95
 1860.93
 1874.08
 1885.23
 1903.13
 1915.05
 1927.9
 1939.83
 1954.35
 1963.7
 1975.33
 1988.53
 2002.65
 2017.08
 2030.33
 2043.38
 2055.0
 2074.78
 2087.13
 2102.33
 2117.0
 2128.88
 2138.95
 2148.88
 2161.55
 2174.03
 2184.68
 2205.43
 2217.45
 2227.98
 2238.1
 2249.88
 2259.55
 2272.88
 2286.2
 2299.0
 2313.3
 2324.43
 2336.78
 2350.43
 2363.15
 2374.7
 2390.75
 2405.15
 2416.35
 2424.65
 2442.77
 2457.9
 2466.45
 2481.25
 2492.07
 2502.3
 2518.67
 2531.15
 2543.6
 2557.95
 2571.22
 2582.67
 2597.57
 2605.2
 2612.65
 2622.7
 2640.87
 2655.2
 2666.87
 2679.87
 2691.62
 2703.67
 2718.22
 2729.92
 2739.3
 2751.7
 2766.05
 2773.35
 2783.3
 2795.77
 2807.22
 2814.47
 2822.8
 2834.7
 2848.15
 2862.77
 2872.95
 2887.62
 2901.72
 2913.62
 2923.6
 2936.35
 2948.92
 2963.42
 2978.55
 2995.2
 3007.8
 3026.1
 3038.27
 3052.05
 3063.07
 3073.75
 3082.2
 3093.85
 3105.72
 3115.75
 3123.3
 3132.77
 3147.05
 3155.47
 3168.0
 3179.67
 3193.6
 3208.32
 3219.92
 3229.32
 3237.6
 3252.25
 3265.32
 3277.95
 3285.62
 3295.87
 3306.22
 3314.37
 3322.75
 3333.92
 3348.5
 3362.2
 3370.22
 3381.65
 3390.57
 3402.72
 3414.52
 3426.7
 3442.22
 3456.85
 3470.75
 3484.05
 3497.87
 3509.82
 3524.92
 3536.17
 3557.37
 3565.65
 3573.72
 3583.42
 3596.1
 3608.52
 3621.57
 3633.97
 3650.17
 3664.0
 3680.25
 3690.95
 3703.15
 3720.8
 3732.87
 3744.75
 3756.82
 3767.07
 3780.65
 3792.57
 3808.22
 3820.3
 3829.02
 3840.1
 3850.37
 3871.22
 3889.77
 3899.25
 3912.72
 3921.37
 3929.35
 3941.4
 3948.8
 3956.15
 3969.12
 3976.42
 3987.47
 4001.07
 4014.0
 4027.52
 4044.85
 4059.47
 4076.7
 4087.77
 4099.97
 4112.37
 4123.1
 4135.77
 4147.92
 4161.27
 4174.55
 4189.0
 4202.2
 4214.45
 4227.15
 4237.95
 4249.52
 4262.27
 4271.4
 4282.52
 4296.02
 4312.57
 4327.6
 4339.15
 4351.8
 4363.85
 4376.02
 4388.62
 4406.35
 4419.75
 4436.72
 4445.55
 4456.67
 4471.57
 4482.05
 4493.65
 4502.42
 4516.32
 4529.82
 4541.95
 4554.52
 4570.47
 4581.85
 4595.1
 4607.92
 4620.05
 4630.85
 4646.2
 4659.02
 4672.37
 4689.62
 4706.9
 4722.87
 4738.72
 4755.65
 4767.75
 4785.6
 4798.22
 4811.65
 4823.32
 4843.05
 4853.75
 4865.65
 4880.05
 4893.47
 4905.85
 4918.95
 4934.52
 4948.62
 4960.62
 4977.52
 4990.35
 5003.65
 5015.8
 5026.25
 5040.4
 5055.72
 5063.62
 5073.5
 5083.45
 5100.92
 5114.1
 5124.27
 5139.9
 5154.22
 5166.27
 5178.32
 5196.25
 5209.07
 5220.97
 5235.2
 5247.65
 5259.8
 5270.87
 5283.27
 5296.47
 5312.75
 5326.37
 5335.1
 5342.3
 5356.42
 5369.35
 5384.62
 5400.37
 5412.8
 5424.45
 5436.82
 5449.17
 5465.0
 5478.82
 5494.07
 5507.32
 5522.8
 5535.27
 5548.12
 5559.92
 5572.02
 5582.07
 5594.92
 5610.62
 5622.37
 5636.1
 5649.25
 5660.97
 5673.32
 5685.67
 5700.52
 5712.45
 5724.9
 5736.5
 5750.87
 5768.05
 5780.45
 5793.57
 5805.67
 5817.6
 5829.17
 5838.2
 5850.27
 5865.95
 5878.77
 5892.4
 5904.12
 5916.35
 5925.4
 5932.72
 5941.2
 5952.6
 5968.4
 5985.12
 6002.65
 6014.1
 6027.4
 6040.72
 6055.65
 6070.5
 6083.77
 6091.82
 6104.4
 6114.07
 6126.62
 6141.52
 6155.17
 6167.45
 6179.47
 6188.3
 6203.75
 6216.17
 6228.62
 6239.32
 6252.52
 6265.05
 6277.57
 6286.25
 6295.92
 6307.75
 6321.92
 6335.97
 6348.1
 6361.25
 6371.8
 6380.17
 6390.85
 6405.7
 6418.0
 6425.92
 6442.0
 6453.65
 6471.05
 6487.1
 6499.87
 6517.65
 6534.17
 6546.85
 6563.85
 6577.72
 6592.17
 6605.92
 6618.5
 6637.9
 6651.75
 6665.17
 6677.1
 6691.37
 6710.12
 6722.57
 6740.75
 6753.0
 6765.27
 6778.35
 6790.67
 6802.4
 6810.4
 6828.8
 6843.6
 6856.25
 6870.67
 6885.2
 6894.1
 6906.7
 6919.82
 6928.7
 6940.4
 6954.1
 6962.67
 6977.67
 6989.7
 7005.17
 7023.3
 7036.75
 7049.67
 7062.25
 7074.2
 7085.17
 7092.55
 7111.05
 7128.77
 7141.6
 7154.35
 7171.55
 7186.07
 7193.6
 7203.07
 7214.67
 7225.1
 7238.3
 7246.62
 7258.52
 7269.47
 7284.22
 7291.92
 7303.72
 7316.07
 7326.57
 7338.95
 7351.37
 7365.32
 7378.87
 7390.8
 7404.37
 7418.95
 7431.05
 7439.27
 7450.07
 7466.75
 7491.4
 7508.57
 7520.82
 7532.97
 7544.82
 7557.92
 7571.05
 7584.15
 7592.02
 7604.17
 7618.22
 7633.8
 7648.55
 7663.8
 7676.42
 7686.25
 7699.1
 7713.35
 7727.32
 7739.32
 7748.12
 7760.82
 7777.42
 7790.65
 7804.25
 7819.05
 7831.3
 7843.72
 7852.45
 7868.12
 7881.37
 7888.57
 7902.77
 7919.1
 7935.7
 7952.65
 7964.57
 7981.3
 7995.37
 8009.9
 8023.3
 8035.8
 8046.15
 8058.75
 8073.25
 8090.15
 8104.82
 8119.17
 8134.57
 8145.02
 8165.12
 8179.77
 8191.77
 8199.42
 8208.77
 8223.12
 8231.1
 8243.05
 8251.4
 8257.85
 8270.57
 8285.65
 8301.05
 8315.57
 8330.1
 8343.6
 8358.47
 8370.37
 8382.97
 8396.97
 8412.8
 8432.57
 8443.82
 8451.32
 8464.6
 8476.4
 8494.35
 8508.05
 8521.45
 8534.35
 8546.45
 8559.0
 8570.87
 8587.77
 8597.27
 8614.95
 8633.57
 8645.87
 8657.2
 8674.12
 8687.02
 8702.22
 8714.95
 8726.95
 8742.5
 8750.45
 8761.4
 8773.85
 8786.32
 8799.22
 8812.05
 8825.37
 8838.2
 8852.5
 8865.67
 8879.85
 8891.42
 8903.4
 8914.8
 8924.02
 8935.07
 8943.77
 8961.45
 8973.82
 8986.97
 8997.9
 9009.55
 9027.0
 9040.6
 9058.05
 9069.75
 9084.15
 9098.27
 9113.92
 9125.55
 9138.45
 9155.52
 9167.87
 9180.05
 9193.82
 9206.05
 9223.82
 9237.07
 9249.85
 9261.67
 9275.2
 9286.7
 9305.12
 9320.9
 9332.52
 9346.95
 9359.52
 9373.32
 9385.07
 9398.02
 9411.52
 9429.72
 9442.22
 9456.57
 9468.57
 9484.22
 9497.32
 9508.72
 9521.55
 9536.85
 9553.32
 9571.05
 9584.05
 9599.65
 9612.2
 9624.62
 9634.55
 9650.13
 9662.05
 9670.23
 9684.28
 9699.98