14.975
 25.0
 38.35
 51.75
 63.85
 80.95
 95.35
 102.9
 118.575
 137.7
 155.975
 168.5
 176.15
 191.9
 212.025
 227.275
 239.75
 256.175
 276.625
 295.025
 311.5
 328.2
 343.525
 356.45
 365.35
 381.125
 394.925
 404.1
 424.375
 437.825
 452.85
 464.675
 476.75
 485.175
 502.525
 516.9
 529.225
 539.45
 552.85
 566.425
 583.375
 599.6
 611.2
 628.125
 647.325
 670.75
 684.775
 697.975
 714.15
 735.875
 753.85
 777.925
 790.475
 803.85
 816.45
 834.1
 842.475
 858.95
 873.3
 882.825
 900.7
 922.125
 934.65
 950.475
 963.625
 983.425
 998.375
 1016.1
 1029.28
 1045.7
 1063.45
 1080.1
 1090.38
 1101.6
 1117.3
 1136.8
 1155.53
 1170.4
 1182.93
 1192.25
 1211.18
 1231.0
 1257.18
 1275.63
 1287.3
 1299.65
 1322.58
 1335.48
 1344.7
 1359.93
 1377.85
 1393.23
 1420.78
 1428.33
 1441.33
 1458.28
 1471.53
 1482.23
 1501.08
 1513.4
 1540.15
 1557.6
 1576.25
 1595.25
 1608.7
 1617.18
 1633.5
 1648.28
 1658.73
 1675.88
 1687.8
 1697.48
 1709.85
 1728.33
 1750.33
 1769.73
 1784.05
 1795.95
 1814.68
 1832.35
 1851.98
 1871.15
 1888.3
 1911.05
 1927.98
 1938.95
 1957.13
 1974.8
 1995.33
 2009.23
 2016.8
 2033.45
 2055.45
 2073.18
 2081.5
 2095.6
 2117.25
 2136.35
 2149.08
 2158.35
 2175.73
 2191.08
 2213.18
 2229.1
 2240.08
 2258.1
 2273.53
 2286.08
 2299.43
 2307.6
 2324.83
 2336.6
 2345.88
 2363.4
 2380.8
 2399.15
 2416.8
 2433.37
 2450.32
 2470.0
 2489.07
 2512.77
 2531.67
 2545.45
 2561.67
 2583.32
 2597.92
 2614.9
 2632.07
 2655.17
 2677.07
 2699.07
 2717.0
 2734.92
 2751.52
 2765.6
 2776.8
 2796.25
 2807.42
 2814.92
 2822.8
 2831.22
 2849.32
 2869.0
 2884.05
 2902.47
 2913.65
 2931.57
 2949.77
 2968.95
 2982.05
 3002.35
 3020.72
 3038.25
 3063.67
 3075.02
 3089.42
 3114.45
 3131.32
 3146.8
 3166.62
 3182.85
 3196.85
 3220.62
 3237.72
 3252.15
 3278.0
 3291.75
 3309.77
 3320.5
 3334.55
 3349.32
 3359.05
 3378.62
 3397.75
 3415.27
 3441.8
 3460.65
 3472.75
 3502.97
 3517.2
 3534.8
 3544.47
 3554.52
 3576.5
 3597.47
 3611.4
 3625.62
 3635.97
 3645.42
 3663.45
 3680.7
 3698.55
 3717.05
 3733.62
 3748.0
 3758.75
 3780.67
 3789.37
 3808.82
 3849.82
 3872.47
 3889.87
 3912.95
 3929.0
 3938.05
 3954.82
 3970.85
 3982.37
 3994.82
 4007.87
 4015.05
 4032.62
 4050.02
 4066.67
 4078.82
 4086.1
 4102.57
 4122.85
 4145.55
 4161.72
 4186.32
 4200.7
 4228.42
 4244.72
 4262.35
 4271.05
 4288.82
 4305.85
 4329.65
 4338.97
 4361.02
 4380.95
 4395.7
 4407.07
 4415.55
 4438.3
 4466.8
 4484.0
 4501.67
 4516.67
 4529.22
 4547.12
 4567.05
 4584.52
 4604.62
 4624.65
 4646.3
 4654.2
 4669.85
 4688.05
 4707.27
 4728.75
 4741.75
 4753.05
 4770.3
 4789.52
 4807.7
 4827.72
 4847.95
 4866.3
 4881.5
 4903.47
 4919.45
 4940.92
 4964.27
 4982.2
 5001.97
 5017.62
 5038.17
 5055.75
 5074.85
 5100.97
 5117.07
 5124.7
 5140.87
 5149.72
 5166.47
 5179.57
 5202.3
 5213.17
 5221.2
 5239.07
 5252.8
 5270.77
 5286.25
 5297.02
 5317.4
 5335.57
 5355.1
 5374.2
 5390.85
 5403.4
 5416.17
 5428.27
 5435.6
 5465.37
 5479.1
 5495.27
 5508.45
 5516.7
 5535.55
 5548.2
 5557.52
 5570.0
 5582.42
 5607.95
 5622.97
 5653.07
 5670.42
 5688.42
 5703.82
 5716.87
 5734.25
 5758.47
 5774.8
 5794.47
 5812.07
 5831.85
 5850.27
 5868.3
 5888.37
 5906.4
 5927.82
 5940.97
 5949.6
 5967.1
 5989.2
 6003.27
 6015.1
 6024.87
 6039.65
 6058.15
 6082.45
 6098.45
 6113.97
 6136.42
 6154.97
 6177.87
 6192.5
 6207.57
 6214.55
 6244.2
 6262.32
 6284.15
 6309.15
 6326.57
 6337.35
 6344.92
 6361.77
 6378.62
 6396.12
 6415.3
 6431.77
 6442.77
 6453.17
 6478.65
 6497.45
 6523.22
 6536.37
 6552.65
 6565.72
 6581.7
 6598.07
 6618.5
 6629.05
 6643.55
 6651.52
 6667.8
 6680.52
 6689.1
 6708.82
 6727.25
 6751.47
 6769.5
 6779.5
 6792.97
 6810.22
 6832.97
 6849.47
 6866.6
 6894.45
 6910.92
 6929.1
 6953.62
 6966.55
 6974.15
 6991.25
 7007.85
 7029.7
 7048.37
 7071.67
 7086.45
 7094.15
 7113.25
 7128.7
 7156.97
 7172.3
 7187.2
 7195.77
 7223.2
 7238.8
 7264.75
 7284.05
 7302.97
 7316.27
 7337.62
 7354.5
 7372.8
 7382.9
 7395.57
 7410.97
 7419.0
 7438.32
 7459.17
 7476.6
 7497.3
 7509.85
 7533.2
 7542.32
 7558.25
 7566.82
 7584.3
 7604.35
 7621.82
 7636.52
 7664.67
 7691.12
 7713.75
 7727.7
 7741.95
 7752.75
 7766.55
 7784.3
 7793.52
 7807.67
 7830.75
 7850.45
 7868.2
 7882.02
 7906.02
 7921.45
 7929.32
 7954.12
 7970.72
 7990.75
 8013.2
 8029.95
 8047.37
 8064.42
 8081.62
 8101.65
 8118.85
 8142.85
 8156.42
 8178.5
 8199.92
 8216.87
 8230.9
 8250.47
 8267.7
 8290.72
 8309.75
 8330.07
 8346.6
 8373.55
 8388.05
 8400.77
 8410.45
 8430.17
 8452.3
 8469.3
 8483.42
 8507.57
 8523.47
 8536.2
 8549.52
 8559.6
 8567.82
 8585.42
 8602.15
 8616.2
 8635.92
 8649.95
 8669.77
 8701.27
 8718.82
 8735.5
 8764.1
 8787.95
 8804.2
 8829.1
 8850.35
 8867.35
 8881.57
 8903.75
 8923.02
 8941.7
 8963.25
 8976.37
 8985.37
 8997.2
 9013.92
 9038.07
 9057.47
 9073.35
 9089.2
 9116.5
 9125.75
 9137.3
 9155.45
 9167.7
 9177.2
 9187.72
 9194.07
 9212.5
 9229.6
 9253.2
 9266.67
 9275.75
 9294.15
 9316.45
 9334.22
 9348.87
 9365.75
 9373.22
 9393.52
 9411.42
 9431.47
 9453.32
 9468.72
 9489.35
 9507.75
 9521.4
 9530.6
 9553.15
 9575.7
 9593.57
 9605.62
 9630.05
 9647.68
 9663.73
 9674.33
 9690.6