16.35
 25.875
 46.025
 59.375
 69.425
 78.575
 94.375
 104.875
 125.425
 147.325
 167.95
 180.5
 208.175
 217.425
 231.25
 249.675
 269.575
 285.15
 302.775
 319.425
 336.05
 353.375
 377.25
 403.475
 427.175
 437.3
 449.475
 464.65
 477.0
 501.375
 516.8
 529.175
 541.5
 554.075
 566.5
 585.55
 607.725
 616.45
 628.225
 640.4
 669.975
 685.6
 694.15
 714.4
 735.65
 755.375
 766.125
 776.8
 801.575
 813.275
 831.875
 846.25
 861.5
 871.65
 886.2
 901.175
 926.4
 947.075
 989.125
 1011.33
 1024.78
 1054.05
 1072.95
 1088.53
 1112.63
 1129.25
 1143.2
 1162.28
 1182.6
 1194.65
 1210.4
 1229.63
 1254.6
 1271.7
 1287.6
 1298.15
 1333.18
 1348.48
 1357.33
 1377.83
 1399.65
 1417.15
 1426.98
 1446.55
 1464.95
 1481.73
 1519.03
 1542.55
 1589.7
 1604.0
 1616.78
 1637.3
 1660.9
 1681.43
 1700.5
 1737.93
 1757.45
 1784.0
 1796.15
 1841.23
 1862.8
 1874.68
 1883.58
 1915.38
 1928.2
 1960.43
 1983.8
 2003.48
 2030.88
 2041.75
 2060.43
 2081.43
 2101.5
 2129.8
 2148.55
 2173.13
 2190.83
 2215.03
 2239.03
 2266.13
 2297.3
 2336.35
 2349.95
 2390.35
 2405.58
 2430.37
 2443.07
 2458.62
 2519.15
 2544.4
 2571.55
 2581.42
 2597.35
 2640.15
 2666.22
 2696.15
 2760.32
 2779.25
 2806.3
 2822.32
 2835.05
 2848.27
 2878.17
 2911.57
 2929.85
 2938.92
 2949.17
 2983.1
 2996.15
 3007.12
 3028.25
 3052.25
 3062.4
 3083.75
 3121.35
 3141.52
 3169.77
 3195.6
 3220.55
 3243.72
 3265.37
 3285.82
 3348.85
 3384.1
 3398.55
 3421.2
 3441.9
 3472.3
 3483.17
 3504.25
 3528.57
 3556.97
 3580.7
 3620.5
 3635.47
 3645.17
 3665.22
 3690.57
 3708.95
 3717.4
 3733.55
 3820.22
 3858.9
 3877.92
 3898.4
 3917.5
 3929.25
 3940.07
 3960.97
 3990.17
 4020.4
 4054.5
 4067.12
 4124.07
 4135.8
 4150.8
 4169.8
 4189.67
 4202.52
 4264.52
 4277.07
 4312.97
 4328.72
 4343.07
 4355.2
 4368.02
 4375.77
 4394.25
 4408.07
 4417.92
 4442.22
 4471.65
 4493.62
 4536.95
 4601.2
 4620.2
 4641.3
 4659.1
 4707.05
 4728.9
 4784.15
 4798.72
 4837.65
 4873.1
 4886.72
 4897.07
 4917.27
 4959.02
 4980.32
 5015.7
 5059.25
 5073.35
 5105.75
 5118.0
 5128.82
 5154.25
 5162.87
 5220.8
 5241.25
 5253.47
 5263.02
 5296.12
 5342.15
 5357.8
 5366.25
 5403.75
 5427.97
 5456.4
 5478.32
 5500.25
 5519.92
 5543.32
 5560.17
 5568.75
 5588.02
 5620.45
 5637.67
 5678.82
 5703.27
 5737.6
 5765.72
 5789.72
 5881.85
 5895.07
 5915.97
 5936.72
 5970.3
 5988.2
 6014.57
 6028.07
 6048.2
 6083.95
 6110.47
 6126.52
 6153.25
 6179.0
 6192.52
 6217.65
 6257.7
 6321.85
 6337.02
 6346.45
 6371.67
 6390.67
 6406.65
 6432.77
 6442.42
 6453.15
 6475.15
 6523.07
 6537.22
 6564.7
 6580.6
 6601.22
 6631.4
 6656.42
 6666.6
 6685.47
 6741.4
 6766.37
 6779.35
 6802.57
 6828.9
 6870.95
 6902.5
 6939.1
 6977.7
 6987.5
 7005.22
 7083.75
 7105.02
 7125.27
 7148.17
 7186.15
 7195.4
 7227.67
 7244.8
 7264.97
 7285.7
 7308.25
 7326.4
 7369.35
 7392.7
 7410.82
 7424.5
 7450.22
 7472.37
 7491.67
 7508.5
 7521.25
 7544.45
 7559.7
 7571.27
 7579.0
 7635.85
 7656.35
 7681.8
 7699.12
 7727.15
 7765.4
 7788.75
 7812.52
 7841.15
 7887.95
 7957.3
 7970.72
 8029.0
 8063.7
 8191.75
 8206.5
 8216.1
 8292.67
 8314.4
 8354.35
 8381.07
 8399.02
 8444.12
 8455.22
 8479.62
 8498.05
 8534.57
 8542.1
 8558.85
 8587.67
 8597.02
 8657.37
 8708.87
 8729.75
 8749.37
 8762.9
 8772.4
 8791.75
 8804.37
 8835.9
 8855.4
 8875.27
 8892.97
 8915.6
 8933.22
 8976.05
 8989.42
 9026.52
 9041.15
 9092.8
 9125.17
 9136.52
 9167.62
 9188.02
 9199.8
 9210.3
 9236.27
 9272.15
 9304.55
 9323.05
 9345.9
 9378.67
 9389.52
 9403.72
 9419.35
 9436.9
 9456.37
 9489.82
 9507.75
 9547.6
 9604.12
 9662.0
 9672.85
 9698.55