16.4
 30.675
 40.075
 55.525
 68.8
 84.9
 98.925
 112.675
 126.425
 137.05
 146.3
 158.45
 173.2
 189.275
 202.375
 211.7
 225.0
 240.5
 257.375
 272.725
 293.875
 309.625
 325.4
 339.025
 353.925
 369.625
 384.625
 407.775
 423.175
 438.175
 453.075
 468.825
 483.525
 499.8
 515.375
 538.725
 549.05
 562.475
 574.25
 589.175
 617.75
 628.975
 656.75
 670.5
 686.25
 698.55
 713.825
 727.125
 736.775
 760.65
 784.1
 804.0
 818.575
 845.025
 860.325
 873.125
 902.6
 922.375
 936.85
 949.8
 965.825
 980.1
 993.35
 1005.8
 1014.7
 1034.98
 1056.43
 1070.53
 1083.95
 1103.03
 1117.58
 1132.5
 1145.7
 1164.78
 1178.1
 1212.85
 1234.33
 1255.45
 1273.2
 1299.5
 1317.15
 1327.75
 1342.85
 1356.73
 1369.58
 1384.43
 1398.1
 1413.98
 1428.73
 1447.5
 1461.65
 1475.63
 1490.65
 1504.83
 1518.73
 1532.68
 1549.73
 1569.05
 1582.53
 1595.33
 1609.88
 1622.7
 1635.43
 1648.9
 1668.95
 1684.1
 1697.18
 1713.68
 1728.4
 1745.7
 1760.48
 1794.98
 1809.23
 1824.3
 1833.15
 1842.98
 1859.18
 1872.55
 1893.4
 1907.95
 1931.15
 1949.6
 1964.03
 1984.1
 2004.78
 2018.3
 2029.48
 2054.85
 2079.73
 2104.8
 2118.23
 2133.75
 2145.4
 2160.18
 2181.25
 2197.2
 2233.43
 2242.78
 2250.45
 2270.5
 2283.38
 2296.43
 2317.48
 2332.18
 2349.78
 2362.73
 2382.45
 2397.1
 2413.48
 2428.37
 2444.37
 2457.22
 2470.92
 2480.42
 2517.85
 2543.62
 2565.72
 2583.0
 2604.27
 2632.95
 2646.02
 2674.9
 2689.57
 2708.8
 2717.8
 2737.32
 2750.5
 2780.15
 2794.27
 2804.82
 2823.62
 2833.42
 2850.4
 2873.92
 2889.15
 2905.7
 2920.8
 2940.37
 2948.57
 2962.72
 2979.67
 2996.3
 3011.5
 3043.37
 3057.92
 3072.27
 3092.4
 3108.82
 3133.65
 3146.72
 3158.27
 3175.75
 3187.72
 3205.27
 3222.55
 3238.4
 3255.95
 3272.4
 3291.95
 3305.45
 3319.97
 3332.72
 3346.1
 3360.32
 3388.82
 3401.77
 3410.5
 3419.52
 3434.8
 3447.6
 3460.65
 3474.77
 3497.17
 3511.05
 3527.77
 3543.02
 3555.95
 3570.55
 3584.62
 3598.35
 3628.75
 3645.17
 3657.62
 3672.32
 3696.7
 3727.2
 3754.47
 3777.47
 3786.42
 3805.22
 3822.85
 3851.95
 3865.05
 3881.95
 3894.67
 3913.45
 3932.2
 3951.7
 3971.62
 3985.1
 4001.12
 4019.37
 4033.37
 4046.57
 4064.37
 4089.92
 4107.4
 4128.97
 4146.07
 4161.27
 4175.15
 4195.5
 4218.7
 4234.42
 4245.5
 4265.25
 4281.8
 4296.1
 4305.57
 4365.62
 4378.95
 4427.52
 4440.4
 4467.6
 4483.17
 4512.72
 4525.55
 4543.77
 4556.75
 4570.97
 4584.5
 4617.3
 4630.22
 4649.17
 4663.95
 4680.0
 4695.92
 4736.45
 4768.65
 4783.32
 4814.95
 4829.97
 4848.72
 4891.12
 4903.8
 4919.7
 4938.15
 4951.97
 4971.87
 4989.95
 4997.72
 5009.95
 5025.1
 5038.55
 5052.27
 5076.62
 5094.02
 5111.92
 5126.07
 5142.27
 5159.37
 5175.95
 5189.1
 5202.67
 5220.25
 5232.57
 5246.9
 5262.07
 5275.57
 5293.0
 5306.9
 5318.75
 5328.65
 5347.2
 5360.52
 5376.77
 5391.02
 5404.25
 5421.8
 5435.65
 5454.8
 5468.55
 5484.82
 5509.1
 5524.72
 5543.0
 5570.12
 5586.45
 5599.35
 5612.2
 5630.45
 5641.22
 5650.85
 5665.57
 5680.87
 5693.57
 5710.17
 5726.45
 5758.07
 5787.9
 5818.1
 5831.8
 5842.1
 5860.4
 5891.37
 5923.02
 5949.0
 5980.05
 5992.47
 6013.32
 6046.07
 6095.45
 6131.15
 6159.17
 6172.22
 6193.42
 6209.3
 6224.42
 6238.02
 6255.42
 6275.05
 6307.87
 6320.65
 6338.62
 6353.4
 6367.0
 6376.0
 6393.17
 6404.12
 6438.2
 6477.75
 6487.15
 6500.37
 6516.67
 6532.8
 6564.0
 6577.77
 6586.75
 6600.12
 6609.95
 6639.57
 6653.0
 6684.17
 6701.02
 6730.77
 6743.47
 6759.02
 6798.52
 6813.87
 6828.15
 6841.3
 6856.82
 6870.37
 6885.0
 6899.2
 6914.37
 6927.5
 6941.7
 6960.57
 6973.35
 7002.7
 7016.6
 7032.27
 7046.8
 7063.82
 7077.92
 7099.47
 7113.25
 7129.82
 7166.05
 7185.12
 7197.85
 7211.5
 7234.87
 7248.67
 7269.0
 7313.45
 7327.55
 7361.12
 7376.3
 7393.02
 7412.45
 7435.57
 7452.72
 7483.02
 7521.57
 7541.47
 7556.02
 7579.35
 7596.35
 7615.25
 7635.95
 7672.15
 7685.0
 7698.92
 7713.22
 7727.55
 7740.17
 7762.0
 7775.92
 7789.27
 7803.6
 7816.2
 7843.72
 7871.22
 7886.42
 7902.75
 7934.5
 7970.07
 8002.72
 8078.25
 8092.52
 8103.77
 8139.5
 8157.02
 8176.32
 8188.65
 8218.32
 8247.82
 8261.02
 8276.3
 8314.32
 8333.0
 8348.25
 8361.72
 8391.7
 8423.27
 8436.4
 8452.05
 8498.92
 8521.22
 8538.92
 8555.22
 8568.62
 8586.62
 8599.25
 8648.82
 8667.37
 8681.35
 8740.52
 8754.15
 8770.87
 8791.15
 8810.2
 8862.9
 8876.2
 8905.87
 8923.0
 8935.82
 8962.45
 8991.7
 9007.05
 9020.8
 9035.32
 9049.47
 9063.7
 9080.3
 9126.42
 9145.85
 9158.82
 9175.15
 9192.5
 9205.8
 9238.77
 9273.85
 9286.57
 9330.92
 9344.3
 9364.82
 9412.27
 9426.85
 9440.55
 9482.9
 9496.85
 9511.37
 9523.42
 9565.05
 9593.8
 9612.6
 9642.58
 9667.13
 9681.48