16.425
 29.975
 43.25
 55.85
 69.075
 91.9
 104.55
 118.975
 127.875
 136.95
 149.825
 162.4
 176.65
 190.45
 209.825
 224.575
 240.125
 256.875
 272.85
 286.525
 308.65
 325.0
 338.85
 352.8
 371.675
 384.55
 407.725
 423.075
 437.875
 450.9
 472.425
 487.2
 499.375
 515.15
 533.25
 547.8
 561.875
 579.025
 592.45
 618.375
 628.7
 649.425
 657.325
 670.225
 683.475
 694.2
 714.875
 735.925
 765.725
 784.025
 803.725
 820.725
 835.1
 853.325
 872.025
 903.975
 918.475
 951.25
 971.75
 988.525
 1005.08
 1022.83
 1035.35
 1050.38
 1073.88
 1091.68
 1118.33
 1132.83
 1152.15
 1163.05
 1198.53
 1240.53
 1255.85
 1269.5
 1284.8
 1297.6
 1313.78
 1327.43
 1343.98
 1357.6
 1388.28
 1401.83
 1414.48
 1461.88
 1475.18
 1489.33
 1504.4
 1518.8
 1532.35
 1547.0
 1587.5
 1622.28
 1635.13
 1648.23
 1662.08
 1682.93
 1728.18
 1785.1
 1795.8
 1813.98
 1831.93
 1847.9
 1866.75
 1885.03
 1908.48
 1931.75
 1959.73
 1969.73
 1983.23
 1999.05
 2027.45
 2041.6
 2055.68
 2134.68
 2144.63
 2158.65
 2181.85
 2241.93
 2255.15
 2269.95
 2282.98
 2295.85
 2315.73
 2331.58
 2350.2
 2362.8
 2393.58
 2421.0
 2445.82
 2456.85
 2470.4
 2490.3
 2508.0
 2543.3
 2565.7
 2591.52
 2655.52
 2667.52
 2694.32
 2708.02
 2722.25
 2758.4
 2775.07
 2788.57
 2804.0
 2819.4
 2832.92
 2848.55
 2876.8
 2921.97
 2940.55
 2979.22
 3016.47
 3031.17
 3043.9
 3071.8
 3084.95
 3098.32
 3115.52
 3128.87
 3144.3
 3157.77
 3186.9
 3202.55
 3261.57
 3274.7
 3294.27
 3323.27
 3340.65
 3356.52
 3394.5
 3409.62
 3423.92
 3443.95
 3460.97
 3481.17
 3494.85
 3545.52
 3559.47
 3572.85
 3591.4
 3624.37
 3658.05
 3671.85
 3686.47
 3701.25
 3728.45
 3776.6
 3804.32
 3844.3
 3865.05
 3879.22
 3893.77
 3909.9
 3931.75
 3975.92
 3985.12
 3998.55
 4067.77
 4094.1
 4109.17
 4146.15
 4157.17
 4183.72
 4199.77
 4215.27
 4245.37
 4283.7
 4304.87
 4376.35
 4432.35
 4448.87
 4468.62
 4482.45
 4496.15
 4526.57
 4554.12
 4568.1
 4598.97
 4618.05
 4631.47
 4659.77
 4682.12
 4699.22
 4719.8
 4735.05
 4803.3
 4816.0
 4829.6
 4842.8
 4857.27
 4870.22
 4884.3
 4897.05
 4913.62
 4928.35
 4941.2
 4955.72
 4971.52
 4987.35
 5000.77
 5075.37
 5093.22
 5106.35
 5122.87
 5202.35
 5238.07
 5277.62
 5318.52
 5360.1
 5391.5
 5406.25
 5435.1
 5448.25
 5490.1
 5551.22
 5568.4
 5611.0
 5625.65
 5640.52
 5678.32
 5695.8
 5709.8
 5722.9
 5756.1
 5773.87
 5796.92
 5811.47
 5824.37
 5841.42
 5855.55
 5870.25
 5885.85
 5922.55
 5940.67
 5978.5
 5991.37
 6068.52
 6088.22
 6179.07
 6218.85
 6255.52
 6274.02
 6291.92
 6320.6
 6355.82
 6374.35
 6391.9
 6404.6
 6417.8
 6476.75
 6494.8
 6507.95
 6545.32
 6558.15
 6585.6
 6599.95
 6614.6
 6663.62
 6685.45
 6695.97
 6709.3
 6722.5
 6737.25
 6755.27
 6826.12
 6856.3
 6889.87
 6906.45
 6937.27
 6952.82
 6982.75
 7032.05
 7046.27
 7063.15
 7119.97
 7129.2
 7203.32
 7246.17
 7258.77
 7336.3
 7353.05
 7368.27
 7447.0
 7464.3
 7482.47
 7516.07
 7529.72
 7543.8
 7557.97
 7586.95
 7600.67
 7613.75
 7661.47
 7674.37
 7689.2
 7703.9
 7719.02
 7765.85
 7779.7
 7794.62
 7831.37
 7857.35
 7885.8
 7900.1
 7936.3
 7967.72
 7984.17
 8030.37
 8063.95
 8102.87
 8117.87
 8150.7
 8189.6
 8247.47
 8260.32
 8288.02
 8301.65
 8336.75
 8354.85
 8369.25
 8428.55
 8451.87
 8466.17
 8503.4
 8519.25
 8538.5
 8554.35
 8567.62
 8582.07
 8598.22
 8613.82
 8626.77
 8641.0
 8673.45
 8688.87
 8718.12
 8731.02
 8746.7
 8799.87
 8812.97
 8840.82
 8891.67
 8935.32
 8949.7
 8963.0
 8976.8
 9006.8
 9023.92
 9039.72
 9057.05
 9101.1
 9127.07
 9141.1
 9170.37
 9180.62
 9231.42
 9247.2
 9260.92
 9296.77
 9316.22
 9331.55
 9344.42
 9416.22
 9429.6
 9500.32
 9517.6
 9651.0
 9666.48