11.0
 29.5
 52.475
 68.925
 92.55
 127.625
 141.925
 171.0
 203.425
 230.0
 256.725
 276.15
 304.775
 320.625
 339.175
 373.675
 394.225
 427.075
 440.075
 474.575
 486.425
 518.075
 564.775
 581.825
 606.525
 627.175
 650.525
 666.8
 694.925
 709.525
 742.775
 771.625
 780.35
 794.6
 829.4
 877.275
 897.275
 932.35
 950.25
 992.1
 1024.25
 1048.65
 1085.98
 1111.45
 1135.68
 1153.23
 1175.0
 1187.23
 1214.6
 1225.28
 1254.18
 1287.73
 1340.43
 1372.75
 1391.18
 1402.05
 1433.23
 1451.73
 1465.58
 1499.35
 1520.98
 1555.88
 1567.23
 1609.4
 1629.13
 1647.9
 1676.8
 1713.4
 1724.3
 1771.9
 1784.63
 1823.58
 1834.3
 1861.33
 1892.88
 1918.4
 1941.88
 1981.5
 2036.43
 2068.85
 2078.5
 2128.28
 2163.03
 2185.03
 2200.73
 2219.65
 2253.7
 2289.48
 2311.93
 2326.2
 2362.8
 2375.3
 2410.9
 2440.62
 2460.37
 2501.62
 2515.4
 2534.37
 2569.05
 2581.62
 2592.95
 2614.77
 2636.02
 2657.0
 2669.17
 2691.92
 2710.62
 2728.02
 2753.85
 2768.22
 2798.22
 2810.27
 2826.42
 2849.12
 2884.5
 2903.72
 2934.1
 2955.0
 2981.5
 2997.17
 3059.35
 3093.05
 3107.85
 3172.1
 3199.97
 3220.45
 3253.2
 3307.47
 3320.85
 3336.52
 3377.2
 3422.35
 3435.45
 3473.32
 3497.0
 3520.3
 3565.07
 3575.2
 3594.62
 3624.02
 3649.57
 3661.17
 3702.77
 3747.62
 3778.5
 3818.8
 3841.37
 3889.57
 3903.32
 3919.8
 3945.62
 3970.95
 3991.62
 4015.45
 4029.9
 4066.37
 4078.32
 4115.17
 4125.47
 4138.9
 4174.95
 4203.45
 4229.97
 4248.87
 4308.85
 4320.75
 4359.42
 4412.35
 4439.75
 4508.4
 4544.02
 4567.47
 4598.87
 4611.87
 4645.65
 4704.67
 4726.02
 4739.07
 4770.77
 4804.3
 4825.67
 4846.7
 4867.32
 4907.22
 4940.35
 4963.17
 4975.9
 4985.1
 5005.67
 5040.87
 5050.62
 5076.67
 5103.32
 5128.25
 5142.35
 5189.57
 5199.52
 5212.75
 5244.07
 5258.5
 5273.67
 5292.35
 5329.45
 5355.8
 5376.4
 5403.65
 5421.17
 5449.85
 5464.4
 5489.0
 5522.6
 5534.55
 5550.32
 5572.25
 5596.27
 5649.42
 5662.3
 5731.57
 5748.47
 5775.87
 5844.67
 5866.5
 5884.2
 5942.35
 5963.47
 6015.07
 6057.72
 6084.77
 6127.4
 6155.42
 6170.85
 6192.65
 6205.07
 6219.92
 6244.65
 6281.07
 6299.22
 6320.6
 6335.97
 6371.97
 6385.02
 6452.92
 6472.87
 6508.67
 6518.4
 6547.87
 6567.42
 6636.5
 6645.77
 6679.25
 6711.05
 6736.35
 6749.2
 6796.97
 6832.32
 6851.87
 6870.6
 6895.75
 6920.42
 6939.7
 6983.1
 7027.85
 7051.32
 7079.6
 7110.92
 7131.62
 7173.1
 7186.82
 7206.92
 7240.65
 7266.97
 7282.35
 7306.17
 7333.3
 7352.72
 7403.57
 7412.95
 7437.2
 7478.07
 7547.17
 7559.17
 7583.5
 7605.95
 7618.8
 7638.27
 7651.52
 7665.8
 7699.9
 7752.75
 7762.15
 7776.07
 7807.35
 7820.07
 7829.47
 7865.15
 7873.87
 7884.4
 7917.02
 7935.4
 7969.87
 7982.37
 7996.32
 8025.6
 8043.52
 8060.55
 8076.82
 8092.47
 8136.47
 8203.02
 8214.17
 8235.05
 8244.72
 8284.72
 8302.4
 8319.67
 8331.42
 8357.8
 8395.6
 8435.62
 8446.07
 8490.5
 8505.85
 8535.32
 8558.32
 8613.35
 8627.45
 8671.97
 8702.95
 8715.0
 8744.85
 8763.77
 8789.02
 8811.45
 8827.55
 8839.37
 8862.2
 8882.1
 8903.9
 8915.27
 8935.3
 8975.05
 8988.92
 9022.22
 9041.2
 9061.25
 9096.02
 9124.95
 9150.65
 9200.92
 9212.62
 9241.6
 9255.6
 9286.2
 9306.32
 9345.7
 9374.42
 9386.6
 9427.32
 9452.6
 9497.67
 9509.72
 9533.82
 9554.3
 9567.12
 9581.67
 9641.43
 9652.28
 9682.3
 9696.5