11.0
 29.5
 42.3
 92.375
 116.2
 140.475
 160.275
 176.65
 203.475
 219.0
 230.625
 258.75
 275.7
 305.425
 320.1
 339.4
 371.0
 381.85
 413.425
 426.225
 472.4
 487.35
 517.75
 565.6
 581.425
 618.475
 634.75
 657.675
 673.0
 695.35
 707.725
 720.1
 742.85
 755.3
 779.9
 792.7
 803.775
 828.475
 855.475
 875.625
 888.025
 904.975
 932.05
 950.775
 983.925
 1001.43
 1013.23
 1047.73
 1066.58
 1086.53
 1114.0
 1152.75
 1173.1
 1205.08
 1215.2
 1244.63
 1259.25
 1286.4
 1299.03
 1323.58
 1349.5
 1371.93
 1391.15
 1410.48
 1433.25
 1451.65
 1473.08
 1483.9
 1513.83
 1530.48
 1545.35
 1555.95
 1582.88
 1598.03
 1618.65
 1661.6
 1677.25
 1706.93
 1723.55
 1750.75
 1772.75
 1787.15
 1799.3
 1823.38
 1837.53
 1851.48
 1862.95
 1905.73
 1924.33
 1956.73
 1989.7
 2020.05
 2040.25
 2058.48
 2079.25
 2104.88
 2119.9
 2141.5
 2162.2
 2190.78
 2200.78
 2219.55
 2260.93
 2288.83
 2325.88
 2338.63
 2365.13
 2409.03
 2439.32
 2460.62
 2474.77
 2502.6
 2513.5
 2533.72
 2561.57
 2589.0
 2601.5
 2624.8
 2636.55
 2651.1
 2670.4
 2691.47
 2727.87
 2753.45
 2767.0
 2781.72
 2798.12
 2808.82
 2826.42
 2848.35
 2864.87
 2884.22
 2925.45
 2934.3
 2980.62
 3024.0
 3059.7
 3093.07
 3107.9
 3169.72
 3195.97
 3231.35
 3253.5
 3288.07
 3309.45
 3336.25
 3351.72
 3377.7
 3401.9
 3424.47
 3443.25
 3472.9
 3506.27
 3554.85
 3594.45
 3623.85
 3648.9
 3661.02
 3675.27
 3703.42
 3716.87
 3747.47
 3759.2
 3776.95
 3820.4
 3831.22
 3843.42
 3888.02
 3901.85
 3945.57
 3968.87
 3978.47
 3992.02
 4015.22
 4044.52
 4068.62
 4078.37
 4114.55
 4138.9
 4174.82
 4190.82
 4203.62
 4230.32
 4284.25
 4308.85
 4329.27
 4343.12
 4353.77
 4384.07
 4418.52
 4441.47
 4495.12
 4514.12
 4551.02
 4583.62
 4610.85
 4622.57
 4645.57
 4691.77
 4704.67
 4739.12
 4756.37
 4793.85
 4810.07
 4830.35
 4845.1
 4856.7
 4889.62
 4906.32
 4937.57
 4952.17
 4964.22
 5004.7
 5040.52
 5065.52
 5101.42
 5127.97
 5140.0
 5153.55
 5193.37
 5212.47
 5235.42
 5261.37
 5273.9
 5301.15
 5327.62
 5357.9
 5378.62
 5403.3
 5414.97
 5464.02
 5520.4
 5538.22
 5560.55
 5572.02
 5598.2
 5612.37
 5639.05
 5650.62
 5688.07
 5720.4
 5737.87
 5748.5
 5777.8
 5793.57
 5815.62
 5830.35
 5866.2
 5891.47
 5907.27
 5945.97
 5964.6
 5982.02
 6005.17
 6027.4
 6084.47
 6094.22
 6127.25
 6140.62
 6189.8
 6204.67
 6230.4
 6265.32
 6280.85
 6311.87
 6324.17
 6335.82
 6372.35
 6393.9
 6436.92
 6452.82
 6500.07
 6535.32
 6548.22
 6584.3
 6632.32
 6654.0
 6679.15
 6690.1
 6710.87
 6735.97
 6754.22
 6767.15
 6831.12
 6869.75
 6895.7
 6932.62
 6947.9
 7016.3
 7026.17
 7050.7
 7110.67
 7131.97
 7186.45
 7226.65
 7240.3
 7293.8
 7306.17
 7329.7
 7352.42
 7392.62
 7403.6
 7444.52
 7494.0
 7516.57
 7536.27
 7547.82
 7585.85
 7594.65
 7606.47
 7620.37
 7651.05
 7665.15
 7699.17
 7719.65
 7741.17
 7750.3
 7769.77
 7807.17
 7818.05
 7833.37
 7865.12
 7883.4
 7908.02
 7920.75
 7935.1
 7967.12
 7981.15
 8016.3
 8025.22
 8050.7
 8061.62
 8092.42
 8105.17
 8136.1
 8201.07
 8221.8
 8234.82
 8244.97
 8284.8
 8303.12
 8318.45
 8329.67
 8345.3
 8357.9
 8373.25
 8393.7
 8435.85
 8473.35
 8505.55
 8523.07
 8570.07
 8606.82
 8628.82
 8647.6
 8671.8
 8703.75
 8714.75
 8738.27
 8788.02
 8826.95
 8838.2
 8853.5
 8881.6
 8926.15
 8945.72
 8974.7
 8988.4
 9022.15
 9040.97
 9059.65
 9077.97
 9098.22
 9127.62
 9139.1
 9159.27
 9182.52
 9197.17
 9209.35
 9239.45
 9258.92
 9289.97
 9306.37
 9319.72
 9345.25
 9358.42
 9374.97
 9387.6
 9425.95
 9456.05
 9497.3
 9509.6
 9554.65
 9566.27
 9596.2
 9613.92
 9633.7
 9651.43
 9670.75
 9696.8