11.0
 48.775
 67.725
 93.175
 112.925
 140.55
 158.875
 176.6
 218.4
 230.5
 259.55
 280.4
 303.875
 332.175
 350.65
 382.275
 426.275
 441.7
 481.125
 518.625
 565.15
 586.975
 618.5
 633.575
 672.7
 706.5
 716.8
 754.725
 791.375
 828.7
 856.375
 886.85
 905.55
 932.55
 951.2
 992.625
 1014.45
 1032.6
 1066.28
 1087.38
 1114.2
 1159.53
 1205.73
 1225.73
 1245.05
 1259.85
 1299.3
 1311.58
 1326.05
 1349.8
 1378.43
 1391.73
 1418.63
 1461.35
 1482.98
 1503.38
 1530.55
 1543.55
 1583.0
 1596.85
 1618.58
 1677.75
 1707.23
 1723.8
 1784.68
 1799.1
 1818.6
 1844.38
 1862.8
 1899.05
 1948.78
 2001.38
 2054.93
 2099.25
 2120.8
 2141.33
 2162.6
 2210.23
 2220.88
 2258.98
 2299.15
 2330.55
 2338.48
 2367.4
 2407.53
 2448.97
 2460.95
 2474.8
 2493.95
 2513.0
 2561.7
 2588.77
 2613.92
 2625.32
 2648.3
 2670.65
 2702.27
 2726.87
 2739.92
 2755.95
 2780.82
 2797.75
 2808.75
 2837.47
 2864.77
 2884.5
 2920.27
 2936.2
 2952.42
 2971.6
 2981.62
 2996.4
 3023.75
 3059.52
 3107.7
 3149.97
 3162.47
 3186.8
 3225.25
 3242.97
 3277.75
 3289.12
 3316.67
 3351.6
 3423.92
 3445.7
 3463.72
 3498.2
 3517.05
 3557.3
 3593.87
 3613.15
 3674.25
 3747.4
 3759.25
 3779.9
 3830.7
 3843.47
 3888.02
 3978.17
 4009.3
 4054.72
 4068.72
 4095.25
 4114.95
 4138.92
 4202.67
 4240.0
 4284.3
 4309.37
 4332.37
 4353.5
 4443.55
 4491.92
 4506.05
 4551.6
 4583.97
 4600.65
 4612.82
 4623.12
 4659.15
 4691.72
 4715.97
 4731.15
 4741.8
 4756.3
 4793.95
 4809.85
 4830.02
 4845.42
 4858.22
 4890.47
 4937.52
 4963.22
 5004.82
 5040.72
 5065.7
 5092.3
 5139.75
 5199.2
 5235.32
 5272.72
 5311.4
 5358.05
 5376.22
 5414.92
 5464.47
 5520.02
 5538.3
 5560.02
 5598.15
 5611.87
 5639.22
 5688.15
 5736.92
 5778.37
 5796.15
 5815.15
 5866.37
 5891.52
 5956.02
 6016.72
 6058.82
 6088.02
 6148.3
 6190.32
 6230.42
 6254.77
 6283.3
 6311.8
 6324.32
 6371.45
 6394.52
 6421.82
 6472.92
 6507.75
 6604.02
 6632.17
 6647.67
 6679.45
 6692.12
 6711.1
 6767.12
 6820.9
 6831.6
 6859.75
 6931.62
 6948.97
 6970.67
 7007.65
 7026.02
 7050.77
 7112.92
 7132.32
 7186.82
 7226.8
 7271.3
 7294.5
 7329.47
 7357.35
 7389.7
 7413.25
 7444.4
 7494.25
 7546.65
 7594.2
 7651.17
 7666.17
 7688.65
 7708.4
 7731.65
 7750.02
 7776.22
 7823.67
 7883.27
 7935.5
 7980.87
 8025.47
 8104.52
 8136.2
 8146.17
 8164.95
 8201.55
 8234.72
 8245.77
 8265.82
 8302.77
 8328.9
 8345.32
 8373.27
 8396.12
 8436.17
 8473.87
 8523.12
 8606.7
 8628.92
 8703.65
 8738.12
 8764.07
 8788.15
 8855.0
 8881.72
 8945.9
 9042.32
 9060.15
 9114.55
 9159.67
 9182.72
 9200.47
 9247.02
 9307.9
 9347.37
 9359.32
 9375.42
 9438.37
 9456.25
 9478.22
 9555.77
 9614.02
 9641.33
 9670.58