11.0
 29.125
 52.35
 69.625
 92.525
 120.875
 148.875
 161.525
 203.1
 230.825
 256.525
 279.725
 304.725
 330.2
 340.375
 382.075
 396.925
 426.3
 440.025
 471.6
 486.075
 518.725
 564.825
 586.7
 609.375
 631.325
 650.475
 674.725
 694.825
 729.9
 742.875
 765.85
 779.625
 806.625
 829.225
 855.35
 875.35
 897.2
 932.025
 951.15
 992.125
 1018.45
 1031.18
 1086.25
 1111.48
 1152.5
 1186.55
 1213.45
 1224.63
 1258.5
 1287.85
 1299.65
 1325.0
 1339.93
 1350.55
 1390.78
 1400.58
 1432.78
 1449.83
 1472.48
 1499.35
 1543.78
 1556.45
 1567.2
 1596.75
 1610.53
 1660.7
 1676.85
 1706.45
 1723.7
 1752.68
 1771.23
 1784.83
 1824.1
 1834.43
 1860.93
 1874.03
 1892.95
 1924.5
 1941.85
 1959.45
 1985.28
 2001.88
 2057.88
 2068.83
 2104.7
 2128.25
 2141.43
 2162.8
 2184.78
 2200.3
 2253.63
 2298.08
 2326.0
 2365.63
 2375.85
 2419.25
 2439.55
 2460.32
 2473.52
 2502.7
 2516.62
 2533.67
 2588.5
 2601.55
 2614.9
 2648.0
 2668.32
 2701.55
 2711.6
 2727.72
 2738.85
 2764.87
 2780.77
 2818.2
 2849.55
 2883.9
 2903.67
 2933.87
 2955.0
 2981.52
 2997.15
 3023.37
 3059.6
 3092.82
 3107.82
 3119.27
 3169.75
 3205.52
 3220.42
 3241.87
 3253.45
 3307.52
 3336.15
 3376.92
 3401.82
 3422.27
 3443.47
 3505.75
 3520.42
 3556.57
 3574.75
 3594.32
 3648.75
 3673.95
 3702.7
 3747.75
 3772.72
 3820.52
 3839.9
 3889.45
 3908.47
 3920.35
 3945.37
 3971.12
 3991.45
 4017.47
 4030.0
 4044.52
 4066.17
 4078.72
 4125.02
 4174.87
 4203.5
 4229.7
 4248.87
 4291.0
 4308.7
 4321.7
 4341.1
 4384.82
 4412.27
 4441.2
 4504.65
 4515.67
 4543.82
 4586.82
 4599.15
 4611.05
 4645.42
 4704.72
 4715.95
 4738.7
 4755.72
 4772.17
 4809.75
 4825.85
 4846.47
 4867.27
 4889.32
 4940.42
 4962.8
 4984.32
 5004.65
 5040.77
 5050.6
 5076.67
 5127.87
 5142.52
 5153.05
 5198.2
 5212.4
 5235.02
 5258.37
 5273.35
 5300.1
 5330.12
 5376.35
 5405.22
 5449.8
 5464.42
 5489.0
 5519.72
 5550.25
 5560.9
 5596.22
 5610.47
 5649.35
 5662.27
 5690.47
 5719.85
 5731.82
 5775.9
 5814.7
 5844.65
 5866.85
 5884.9
 5942.35
 5963.47
 6010.47
 6028.62
 6057.7
 6084.42
 6127.52
 6139.32
 6170.72
 6191.35
 6205.15
 6219.9
 6265.25
 6283.52
 6299.47
 6311.7
 6335.85
 6371.65
 6392.65
 6436.7
 6453.05
 6472.87
 6499.67
 6518.0
 6536.52
 6548.02
 6567.67
 6584.02
 6631.87
 6644.6
 6679.05
 6691.37
 6711.02
 6749.05
 6797.15
 6831.42
 6851.87
 6869.27
 6920.37
 6932.5
 6983.0
 7016.5
 7050.57
 7079.6
 7111.7
 7131.6
 7173.1
 7186.8
 7198.9
 7266.92
 7306.22
 7333.25
 7352.75
 7398.9
 7412.65
 7444.05
 7478.05
 7515.77
 7546.95
 7559.47
 7583.3
 7605.8
 7627.22
 7638.5
 7651.17
 7667.05
 7701.42
 7719.27
 7761.72
 7775.95
 7807.0
 7828.97
 7865.17
 7873.77
 7907.92
 7917.42
 7967.15
 7996.22
 8025.82
 8043.5
 8060.4
 8092.47
 8104.12
 8136.47
 8146.87
 8202.67
 8221.67
 8244.37
 8284.57
 8328.72
 8393.42
 8401.85
 8436.22
 8446.15
 8472.95
 8490.47
 8506.05
 8535.4
 8569.55
 8606.4
 8627.35
 8672.35
 8703.47
 8715.02
 8737.87
 8765.05
 8790.42
 8811.47
 8837.5
 8852.9
 8862.45
 8882.1
 8915.12
 8974.97
 8987.65
 9022.02
 9041.42
 9061.27
 9077.55
 9127.7
 9150.65
 9196.25
 9209.82
 9255.47
 9286.17
 9306.17
 9345.92
 9357.65
 9386.4
 9429.42
 9452.55
 9498.5
 9554.37
 9581.57
 9651.68
 9670.35
 9697.28