11.0
 29.675
 52.275
 68.6
 93.1
 121.875
 149.025
 171.3
 203.45
 215.775
 257.325
 303.35
 340.0
 360.55
 410.625
 439.675
 451.525
 487.825
 502.725
 518.975
 543.6
 564.8
 591.15
 609.375
 650.45
 666.025
 694.95
 725.525
 743.125
 779.1
 827.75
 837.325
 872.35
 897.425
 929.4
 951.1
 992.125
 1031.08
 1057.65
 1110.68
 1152.73
 1186.4
 1214.45
 1224.58
 1258.8
 1286.55
 1325.28
 1340.48
 1372.2
 1391.35
 1431.15
 1474.15
 1494.13
 1559.68
 1574.13
 1609.08
 1618.88
 1676.85
 1712.85
 1729.75
 1784.08
 1824.25
 1861.43
 1893.38
 1917.88
 1941.75
 1985.33
 2058.78
 2077.18
 2102.25
 2128.33
 2162.48
 2184.8
 2219.1
 2254.65
 2290.03
 2326.35
 2362.45
 2375.2
 2445.97
 2460.47
 2513.0
 2555.57
 2592.52
 2614.75
 2656.67
 2668.2
 2704.95
 2728.05
 2765.65
 2826.42
 2849.8
 2864.25
 2884.65
 2904.25
 2934.35
 2955.05
 2981.85
 2997.25
 3059.67
 3094.82
 3107.92
 3172.2
 3206.02
 3220.42
 3253.55
 3307.15
 3336.75
 3361.9
 3401.57
 3423.02
 3520.3
 3575.75
 3594.8
 3605.82
 3661.1
 3702.95
 3722.6
 3748.25
 3778.62
 3818.87
 3841.57
 3889.7
 3914.9
 3945.77
 3991.67
 4016.15
 4029.95
 4045.1
 4066.65
 4077.82
 4125.25
 4183.62
 4203.55
 4230.17
 4239.92
 4321.55
 4341.87
 4400.6
 4412.6
 4460.17
 4498.12
 4584.7
 4599.07
 4646.0
 4672.67
 4724.57
 4738.9
 4783.65
 4810.05
 4826.22
 4867.37
 4940.42
 4963.52
 4984.4
 5005.42
 5050.35
 5075.0
 5143.15
 5190.95
 5214.72
 5234.8
 5259.75
 5274.55
 5310.8
 5328.32
 5355.6
 5376.47
 5406.42
 5449.9
 5463.02
 5489.07
 5522.85
 5550.47
 5596.42
 5649.95
 5698.22
 5731.67
 5777.0
 5797.7
 5844.77
 5868.22
 5886.62
 5906.92
 5942.4
 6015.05
 6058.2
 6085.02
 6129.5
 6228.1
 6266.0
 6281.6
 6299.52
 6358.97
 6372.52
 6392.75
 6403.05
 6438.92
 6454.15
 6472.72
 6518.05
 6535.07
 6548.7
 6568.95
 6593.62
 6645.02
 6677.67
 6710.9
 6749.15
 6796.9
 6824.0
 6853.0
 6921.22
 6939.87
 6983.27
 7051.27
 7079.57
 7112.45
 7128.17
 7168.45
 7187.1
 7267.05
 7281.8
 7306.72
 7318.87
 7333.45
 7380.12
 7412.65
 7452.57
 7478.35
 7494.92
 7547.2
 7557.92
 7583.42
 7606.47
 7638.72
 7650.92
 7701.67
 7710.72
 7762.7
 7774.72
 7829.42
 7873.15
 7917.37
 7980.45
 7997.02
 8027.75
 8043.67
 8092.32
 8134.22
 8203.37
 8212.32
 8244.47
 8283.87
 8317.7
 8331.62
 8357.25
 8401.07
 8435.47
 8446.22
 8490.65
 8507.3
 8524.7
 8613.47
 8627.62
 8649.05
 8685.92
 8727.12
 8764.85
 8812.3
 8824.47
 8862.6
 8882.45
 8903.55
 8915.37
 8963.4
 9021.8
 9041.82
 9059.1
 9099.72
 9128.5
 9139.65
 9151.15
 9209.57
 9221.05
 9239.57
 9255.77
 9286.37
 9306.52
 9347.15
 9373.67
 9386.7
 9426.2
 9452.95
 9509.52
 9532.87
 9581.75
 9651.95
 9681.83