11.0
 41.075
 67.85
 92.825
 126.85
 140.775
 170.7
 214.65
 229.85
 257.6
 275.725
 304.775
 319.975
 338.85
 362.15
 393.225
 440.125
 473.725
 487.525
 508.05
 518.975
 544.65
 565.15
 581.4
 606.025
 620.375
 651.325
 666.1
 695.85
 708.5
 718.9
 747.5
 770.05
 780.65
 793.15
 829.8
 870.55
 886.7
 906.1
 930.7
 949.775
 992.575
 1024.0
 1047.68
 1085.48
 1111.05
 1134.88
 1173.43
 1210.68
 1224.95
 1253.95
 1287.25
 1324.63
 1372.0
 1400.95
 1431.68
 1452.38
 1465.13
 1494.53
 1519.58
 1556.28
 1573.7
 1619.53
 1647.15
 1677.15
 1712.9
 1725.4
 1783.7
 1823.43
 1846.83
 1864.83
 1893.55
 1917.75
 1942.68
 1981.2
 2036.1
 2059.25
 2078.03
 2103.38
 2128.78
 2162.63
 2186.95
 2219.08
 2255.88
 2289.43
 2311.33
 2326.38
 2362.18
 2376.1
 2410.55
 2446.2
 2461.27
 2501.1
 2513.67
 2569.07
 2580.85
 2594.07
 2615.2
 2635.7
 2670.4
 2691.47
 2706.12
 2753.57
 2768.72
 2797.97
 2809.52
 2848.95
 2864.97
 2909.17
 2934.52
 2955.45
 2981.5
 2997.8
 3059.32
 3108.17
 3172.85
 3199.72
 3221.0
 3253.12
 3318.4
 3363.02
 3434.55
 3472.9
 3496.7
 3520.75
 3559.7
 3575.45
 3606.12
 3623.7
 3660.52
 3703.65
 3747.65
 3779.62
 3818.47
 3841.9
 3902.27
 3992.0
 4015.3
 4030.52
 4068.47
 4078.15
 4114.85
 4138.27
 4175.17
 4183.82
 4204.0
 4231.02
 4249.47
 4319.77
 4331.12
 4359.17
 4401.4
 4414.25
 4439.25
 4567.15
 4584.92
 4599.9
 4704.65
 4725.5
 4771.02
 4803.92
 4826.7
 4856.12
 4868.7
 4940.72
 4975.2
 5005.57
 5040.82
 5077.75
 5109.55
 5140.07
 5189.2
 5235.52
 5244.57
 5292.02
 5311.5
 5355.3
 5376.9
 5403.17
 5420.85
 5450.25
 5463.8
 5489.45
 5522.7
 5533.97
 5550.9
 5597.05
 5650.8
 5663.5
 5732.0
 5739.97
 5776.7
 5799.5
 5845.15
 5853.02
 5866.62
 5889.05
 5942.95
 5964.07
 6014.95
 6058.27
 6084.97
 6127.67
 6154.97
 6171.52
 6192.02
 6205.17
 6221.42
 6244.35
 6281.55
 6320.15
 6336.0
 6372.45
 6384.55
 6404.17
 6440.15
 6473.02
 6508.15
 6520.4
 6535.3
 6570.55
 6593.5
 6636.5
 6678.5
 6690.1
 6712.77
 6736.05
 6749.9
 6757.55
 6824.75
 6870.87
 6895.42
 6984.12
 7027.52
 7051.45
 7110.62
 7169.0
 7186.7
 7206.5
 7267.4
 7281.8
 7306.17
 7320.27
 7334.12
 7353.02
 7381.62
 7403.02
 7415.22
 7436.5
 7453.42
 7478.57
 7495.92
 7557.07
 7606.6
 7618.2
 7638.52
 7652.32
 7665.35
 7699.62
 7712.05
 7752.37
 7775.75
 7818.3
 7834.57
 7865.52
 7881.97
 7917.5
 7935.05
 7981.02
 7996.97
 8025.7
 8044.07
 8076.35
 8092.97
 8136.17
 8203.92
 8213.2
 8234.75
 8246.52
 8284.47
 8302.05
 8318.22
 8332.62
 8357.4
 8395.97
 8435.25
 8447.97
 8491.05
 8505.92
 8525.25
 8557.97
 8615.2
 8628.37
 8672.1
 8702.65
 8715.12
 8746.87
 8763.47
 8788.72
 8824.95
 8863.2
 8882.07
 8903.32
 8934.82
 8963.67
 8976.07
 9021.65
 9041.12
 9061.95
 9095.72
 9124.65
 9151.3
 9200.62
 9213.95
 9239.7
 9256.2
 9286.6
 9345.72
 9373.72
 9387.32
 9453.35
 9497.7
 9533.2
 9557.22
 9567.9
 9582.02
 9641.1
 9652.2
 9681.85