11.0
 53.475
 100.675
 112.35
 148.925
 158.6
 179.075
 195.25
 257.7
 303.925
 350.975
 411.45
 439.25
 485.7
 518.7
 542.525
 565.6
 615.425
 642.075
 673.35
 716.7
 729.575
 755.575
 807.95
 847.775
 889.25
 936.4
 983.075
 1030.83
 1072.63
 1105.7
 1134.93
 1171.6
 1221.6
 1287.88
 1324.7
 1360.23
 1391.93
 1472.3
 1499.55
 1543.6
 1571.5
 1596.33
 1663.68
 1744.95
 1783.88
 1842.9
 1896.45
 1952.05
 1980.33
 2011.58
 2058.15
 2079.9
 2123.83
 2162.75
 2219.65
 2230.0
 2299.53
 2313.15
 2338.33
 2351.23
 2406.75
 2445.55
 2460.4
 2493.22
 2533.5
 2604.15
 2613.8
 2647.62
 2657.37
 2754.82
 2821.47
 2876.42
 2922.82
 2951.2
 2983.77
 2996.87
 3045.82
 3095.0
 3149.22
 3176.92
 3186.57
 3222.52
 3240.87
 3253.85
 3293.05
 3323.7
 3463.07
 3497.25
 3531.47
 3574.9
 3587.42
 3611.57
 3645.32
 3700.62
 3729.75
 3778.35
 3789.02
 3843.62
 3939.7
 3958.07
 3974.65
 4008.57
 4036.3
 4078.35
 4131.95
 4197.22
 4239.65
 4284.37
 4330.77
 4396.82
 4443.37
 4471.75
 4491.47
 4544.57
 4599.0
 4674.4
 4729.95
 4818.57
 4867.87
 4942.7
 5031.35
 5041.5
 5075.35
 5118.72
 5178.3
 5271.92
 5311.45
 5375.37
 5405.25
 5424.5
 5487.32
 5561.8
 5596.55
 5652.6
 5743.3
 5814.55
 5913.65
 5954.9
 6015.75
 6057.62
 6083.92
 6100.02
 6157.0
 6174.57
 6231.32
 6240.72
 6253.95
 6277.05
 6311.92
 6323.5
 6369.35
 6472.6
 6518.6
 6594.72
 6627.02
 6711.45
 6767.87
 6792.75
 6843.17
 6916.77
 6930.35
 6969.02
 7005.02
 7079.87
 7130.67
 7157.02
 7168.5
 7214.07
 7228.8
 7270.7
 7316.07
 7363.65
 7395.12
 7412.65
 7543.1
 7580.4
 7637.35
 7687.7
 7729.1
 7763.8
 7855.7
 7883.02
 8003.3
 8141.92
 8190.5
 8207.55
 8235.7
 8299.62
 8347.55
 8394.12
 8402.87
 8439.62
 8500.65
 8536.7
 8569.5
 8601.95
 8636.9
 8692.37
 8702.07
 8756.35
 8764.67
 8791.22
 8878.1
 8909.0
 8951.87
 8964.87
 8998.27
 9009.37
 9038.07
 9086.17
 9096.4
 9126.85
 9201.37
 9221.8
 9280.22
 9332.85
 9395.62
 9429.7
 9457.6
 9509.65
 9538.0
 9568.5
 9614.37
 9622.72
 9644.73
 9683.8