161 149 110 118 90 100 175 35 89 34 12 148 36 192 114 24 144 3 6 102 75 189 77 11 158 52 164 170 16 39 2 66 112 109 69 86 70 72 136 88 143 49 101 188 28 140 51 159 103 151 7 184 27 135 187 133 31 177 163 145 26 182 146 157 4 172 195 68 174 71 150 53 123 38 9 104 128 179 153 194 19 137 139 59 82 168 50 37 0 124 33 67 32 105 165 93 13 60 134 122
84 118 71 100 144 151 157 23 106 14 36 162 110 114 60 5 153 173 168 47 4 88 68 155 98 113 127 145 194 86 95 2 56 159 187 137 176 166 89 80 140 58 21 186 158 130 35 17 178 192 45 150 10 163 107 171 55 160 18 30 180 99 111 183 28 1 126 188 165 74 141 105 123 92 169 54 94 48 177 16 167 37 82 152 64 185 39 138 73 50 117 26 193 179 128 133 65 0 182 62
147 39 183 98 164 136 41 24 87 143 69 156 162 195 189 144 20 44 34 4 23 173 153 2 19 103 74 40 108 36 163 15 127 191 112 181 168 73 55 84 54 6 124 174 85 78 145 185 186 13 152 100 184 180 57 182 176 8 140 93 118 107 46 116 101 170 134 49 172 135 123 126 11 129 62 117 137 155 5 131 99 95 67 89 105 128 90 42 43 146 171 35 45 125 27 157 9 109 91 71
76 157 54 192 131 100 106 40 96 128 179 99 37 2 123 53 126 171 149 165 49 160 103 58 167 70 80 135 29 172 51 101 15 8 184 31 159 5 125 39 7 186 158 59 154 19 138 35 50 18 164 87 119 36 27 71 168 52 62 84 88 68 22 121 194 97 9 47 173 102 137 189 0 185 79 139 81 73 57 10 112 130 161 140 48 64 163 94 124 42 95 117 63 187 75 72 183 23 191 86
76 57 45 19 117 58 49 122 187 26 128 69 7 52 77 126 153 174 60 54 186 39 169 156 115 183 81 104 63 159 147 130 100 17 36 79 173 108 66 96 88 53 129 175 192 162 146 184 144 166 158 38 180 179 188 73 118 113 42 24 116 182 123 148 10 9 35 171 94 90 59 34 119 181 142 194 190 13 161 185 168 14 165 11 43 163 1 139 93 195 92 101 91 18 16 193 71 98 32 152
161 133 77 129 44 79 40 43 191 16 155 14 89 109 149 75 22 35 86 111 194 107 162 167 152 2 159 12 185 6 90 195 178 141 51 3 165 55 80 193 117 126 187 158 125 20 81 46 65 67 145 110 87 116 147 108 83 169 112 172 19 122 21 69 0 134 113 98 118 33 7 54 36 137 139 61 41 31 168 9 59 91 124 102 26 166 66 121 11 74 184 64 47 23 84 70 38 148 17 138
126 17 182 27 41 151 72 50 131 130 8 138 59 136 129 9 161 113 188 73 172 177 38 34 193 44 105 11 18 110 162 42 109 119 159 148 183 43 125 101 33 135 70 160 48 108 3 31 175 83 64 106 78 124 116 114 85 176 39 49 153 97 55 128 122 134 13 140 90 62 4 2 189 14 25 81 168 22 169 77 54 100 154 93 158 144 156 164 107 15 76 60 6 87 1 152 30 181 155 185
59 106 128 154 176 173 188 49 86 139 92 51 91 185 84 83 21 189 157 95 98 163 4 76 29 111 148 131 144 58 61 184 150 142 187 63 1 56 2 120 110 101 24 143 149 71 175 137 107 14 78 31 162 66 96 93 115 68 133 178 130 118 26 174 62 158 70 57 167 191 145 146 116 129 112 17 122 27 73 127 45 65 135 100 39 38 43 37 28 34 55 67 11 94 41 138 182 104 44 53
194 129 187 94 107 63 148 131 19 188 28 101 84 132 174 143 40 100 122 80 169 65 145 95 76 102 185 134 141 3 73 119 14 64 75 33 72 135 157 82 78 182 179 140 66 97 86 85 71 109 70 59 137 108 6 156 4 55 42 90 166 116 124 12 154 26 36 159 171 183 118 136 60 189 11 151 114 160 21 113 103 29 16 24 178 9 120 41 127 37 27 53 180 155 81 67 111 2 22 1
158 73 85 139 77 173 177 82 61 147 184 9 124 171 8 186 57 17 79 169 86 100 146 182 10 106 50 69 108 130 30 180 68 143 93 19 67 54 162 135 107 22 70 87 140 190 18 53 132 109 122 131 56 1 187 24 114 59 103 81 125 126 12 60 102 51 129 39 80 170 91 133 84 136 66 172 151 144 47 189 92 29 95 4 161 185 165 76 149 35 0 174 145 63 94 15 128 168 49 183
44 27 82 130 186 11 185 99 1 168 164 143 66 177 12 104 16 14 48 144 178 63 146 19 33 108 61 107 13 71 9 184 65 43 78 97 62 135 133 148 150 6 60 26 59 80 92 87 54 90 41 42 36 51 147 111 57 23 106 193 110 15 155 68 53 117 88 125 139 46 21 134 10 2 47 154 161 7 94 30 28 123 69 194 127 102 188 132 95 18 137 83 175 180 58 131 40 52 96 170
18 0 171 64 55 117 86 14 65 76 20 51 57 59 194 73 53 8 156 40 12 146 41 110 184 154 112 119 68 102 100 186 116 61 27 142 123 44 66 113 22 187 25 30 42 78 138 132 101 67 75 150 179 190 169 13 178 23 89 140 54 129 88 149 3 192 19 92 120 172 47 32 63 168 124 133 162 11 145 106 144 182 21 71 72 31 175 15 108 70 155 9 43 131 90 48 84 176 177 126
189 174 24 70 72 41 168 35 131 96 57 112 127 52 48 150 67 23 155 123 3 162 75 117 105 29 54 53 36 160 10 9 40 107 51 1 30 188 16 125 83 14 152 143 153 114 135 179 90 132 161 28 13 88 185 5 61 86 175 76 171 142 50 190 56 100 113 104 138 102 103 66 128 87 137 183 42 169 39 156 68 78 147 192 180 134 64 146 11 12 181 139 120 187 37 89 108 27 73 47
25 83 75 33 191 2 160 170 86 139 142 22 68 12 0 100 192 109 28 3 114 79 183 136 40 112 182 78 156 154 187 49 47 8 129 151 89 166 146 55 134 35 70 188 159 155 181 123 111 16 172 18 171 184 185 52 82 30 133 119 125 130 126 94 53 15 144 145 46 116 135 173 73 113 122 44 13 91 84 4 118 180 157 6 24 80 99 195 95 27 141 77 38 161 132 177 194 120 29 98
176 180 100 33 82 36 30 136 186 174 26 8 125 75 43 177 57 67 92 111 126 95 47 142 160 17 93 98 124 86 118 114 183 44 12 58 48 137 15 41 32 135 151 3 161 152 52 74 147 70 7 166 50 163 102 2 59 97 38 19 80 21 20 164 104 133 62 170 71 55 143 171 173 156 10 68 106 191 88 28 85 131 187 65 31 49 109 148 154 78 158 175 16 89 141 168 81 63 56 0
169 118 149 87 153 52 123 56 151 20 117 102 142 165 33 61 58 53 104 138 126 12 113 77 66 48 37 23 145 95 18 14 172 106 11 109 148 167 70 160 134 0 100 163 141 177 164 57 170 2 47 83 124 168 29 114 194 179 159 6 119 127 24 188 152 192 36 115 137 4 25 46 86 68 186 156 183 171 120 51 39 174 146 34 180 181 1 41 44 13 144 50 140 132 7 131 85 82 155 112
56 79 117 147 152 77 108 6 38 180 61 91 15 42 170 34 190 39 48 20 85 7 83 37 31 95 165 99 156 93 57 29 167 55 142 151 130 139 175 90 92 143 13 184 72 173 30 14 1 111 127 141 153 71 131 172 73 146 78 9 46 2 22 103 161 193 84 162 194 178 18 60 28 150 145 88 35 97 189 169 148 12 16 133 80 70 128 3 58 159 157 104 75 27 118 98 155 119 134 185
187 116 50 185 179 130 14 25 168 178 115 101 79 10 1 88 80 67 141 104 94 19 81 20 22 31 173 72 49 85 21 137 5 83 42 11 190 128 84 47 68 78 89 54 106 26 188 6 165 195 23 52 182 102 36 175 126 124 34 43 96 95 193 149 172 114 161 12 82 56 77 160 184 135 44 4 86 139 7 29 156 166 181 46 13 107 60 39 118 117 75 71 100 69 167 164 162 9 129 0
144 63 101 35 103 145 120 150 89 152 124 195 85 21 115 2 141 182 19 82 153 154 178 179 159 110 184 143 155 173 64 28 36 12 187 20 4 51 38 137 180 78 95 174 163 107 151 149 77 66 188 8 112 37 79 125 194 73 0 30 116 189 168 100 31 81 22 158 69 94 108 52 183 71 29 39 54 105 61 123 86 58 130 119 70 50 5 157 93 47 56 1 59 9 16 138 45 122 15 165
34 120 122 35 84 73 108 106 160 146 14 48 126 70 145 180 78 105 81 50 38 193 175 103 5 119 127 27 186 142 176 133 85 63 33 83 123 97 107 32 55 191 182 11 155 56 153 41 181 90 150 40 92 2 157 163 98 9 93 125 53 164 61 28 166 1 116 174 8 144 184 136 173 195 132 58 87 30 75 187 161 171 59 18 139 114 71 20 99 66 115 46 39 172 154 138 111 22 68 76
102 91 38 69 62 28 53 175 152 129 90 128 157 56 15 177 165 186 26 77 76 143 123 125 120 75 180 194 144 84 178 92 137 114 2 60 187 150 10 52 160 12 23 130 37 51 192 59 104 148 11 50 149 170 172 16 78 43 136 103 21 97 19 57 63 94 8 95 135 83 105 55 66 131 65 191 188 98 31 32 134 45 71 106 25 158 14 22 176 111 39 116 171 147 169 167 61 6 13 85
3 59 92 155 75 8 156 132 121 33 22 58 54 172 144 190 10 101 123 61 88 106 99 194 49 183 85 95 191 94 140 173 96 17 176 128 26 29 150 163 56 21 35 20 187 19 6 102 74 146 135 115 167 145 129 39 103 84 18 9 45 16 112 38 157 180 170 161 169 48 137 111 57 164 133 2 11 4 104 97 162 177 41 147 138 125 1 182 154 90 93 67 43 23 65 68 82 66 149 30
194 120 109 182 52 81 85 59 118 82 147 150 48 51 114 166 27 135 86 64 180 70 158 193 10 113 146 107 17 101 94 9 167 187 96 88 125 191 33 162 139 119 126 161 90 117 183 172 67 15 63 106 179 89 79 14 98 140 34 16 21 105 130 188 152 104 29 60 131 143 1 2 3 184 173 142 127 195 54 110 177 123 163 154 185 112 175 100 103 28 97 165 58 78 19 92 170 80 12 138
91 94 136 119 81 2 159 194 173 146 143 41 86 104 0 49 51 191 11 36 137 1 42 87 73 46 14 122 162 150 148 74 125 180 109 96 156 163 187 26 37 69 106 90 45 13 174 184 168 39 144 170 71 56 67 61 107 10 192 152 53 85 92 77 58 126 121 21 97 40 17 189 127 30 138 89 20 157 139 18 190 47 78 34 135 114 179 75 153 84 115 72 29 147 60 35 3 140 43 133
83 91 113 106 63 97 133 90 3 153 55 81 40 100 18 26 39 34 173 112 187 29 89 31 5 128 79 169 107 192 6 150 87 160 185 194 174 19 84 46 35 17 104 80 65 99 123 114 188 15 168 4 74 162 16 13 20 62 77 124 1 166 129 142 73 145 195 117 14 177 134 116 158 0 57 44 127 12 59 41 147 184 111 183 126 86 36 92 37 146 23 21 11 186 141 130 191 25 161 47
16 173 167 84 179 90 20 9 13 46 14 144 67 43 82 40 89 23 112 177 100 159 139 62 114 81 124 97 155 132 188 126 147 5 88 49 104 140 15 48 36 192 166 151 31 119 106 96 172 8 128 133 181 63 120 184 115 6 59 193 111 95 113 60 68 174 118 183 47 56 150 187 77 168 28 0 156 29 176 125 180 110 24 27 35 72 25 105 85 129 122 101 52 76 12 91 11 186 165 92
75 142 150 133 138 6 109 26 116 22 92 167 104 40 25 190 195 170 1 151 49 44 4 172 71 43 112 125 55 166 53 37 96 173 163 99 67 76 63 52 28 152 9 68 73 88 18 156 58 82 16 13 94 89 194 148 143 110 121 35 136 5 79 122 23 93 19 187 102 178 98 86 185 12 139 177 61 3 135 160 124 81 155 158 87 154 39 15 59 103 189 183 101 188 80 161 128 47 162 29
16 128 80 178 49 164 13 66 89 85 133 152 117 110 18 111 43 31 185 187 48 57 30 72 9 64 126 145 157 61 56 139 82 50 120 184 166 35 25 155 132 129 44 65 106 124 146 91 92 0 165 174 4 177 168 180 115 154 38 179 137 113 67 107 125 7 37 153 119 134 76 70 68 14 191 156 188 62 175 109 77 10 96 141 142 41 78 22 193 136 40 195 143 17 192 112 159 98 167 114
33 45 188 134 151 129 169 126 181 37 38 149 12 186 143 52 87 13 178 144 161 90 64 127 152 191 26 40 35 114 27 1 136 131 95 9 146 195 88 119 46 76 123 172 17 81 190 105 97 135 23 124 14 3 34 48 122 68 113 43 110 102 25 92 164 182 193 99 57 137 184 24 109 59 75 77 0 185 116 98 174 80 145 153 107 162 63 125 6 160 15 118 96 117 20 157 93 177 175 179
56 12 112 30 170 109 78 125 83 45 4 84 185 21 145 76 75 25 72 79 88 18 38 129 9 39 85 175 52 58 11 113 63 184 1 95 86 89 92 123 43 132 180 23 105 156 144 100 71 70 179 47 22 139 28 146 101 59 116 117 115 122 173 171 66 64 188 134 161 193 44 172 14 135 183 130 41 42 51 46 142 81 37 148 67 166 7 186 155 87 181 33 97 108 65 74 53 49 159 191
20 109 77 49 52 90 10 180 184 154 18 96 113 104 111 142 122 178 46 192 131 130 114 164 3 102 121 80 48 31 8 152 7 136 54 66 84 93 60 129 151 25 174 153 103 64 72 167 73 175 118 0 4 137 76 2 106 146 120 16 75 190 81 143 125 159 166 5 19 98 97 119 13 140 157 149 28 181 133 144 172 145 1 123 71 186 135 179 183 147 74 69 68 134 40 32 89 193 82 112
149 66 74 38 84 71 127 92 17 49 109 70 24 145 12 69 4 119 178 45 158 54 125 19 58 131 128 120 83 89 153 130 99 159 126 94 148 175 27 33 77 76 55 174 123 193 31 40 152 5 95 104 80 138 50 29 182 164 10 185 101 3 15 2 187 11 6 47 141 112 65 188 14 176 172 67 100 134 63 35 60 86 0 192 181 102 25 28 155 78 97 20 72 64 169 191 43 154 73 82
85 32 105 122 110 117 18 120 181 101 182 11 189 80 116 149 34 140 97 8 7 192 151 128 6 30 90 159 28 147 2 51 67 172 174 50 71 180 65 100 55 29 36 162 163 158 79 153 184 94 119 31 93 39 82 156 150 167 136 10 70 131 190 13 98 69 186 92 127 12 144 139 129 73 165 54 76 17 107 166 45 40 26 5 145 168 52 195 48 176 91 44 23 104 41 89 96 143 132 53
59 159 119 180 88 71 130 19 58 54 66 103 72 185 183 28 3 115 9 23 15 56 165 167 170 98 148 127 140 86 22 40 121 11 96 85 12 191 157 32 18 29 69 62 21 65 163 133 53 0 25 129 173 174 161 75 125 135 162 175 68 154 195 182 156 5 181 90 42 104 123 114 132 95 74 17 2 46 107 48 108 152 128 35 100 67 164 26 155 178 120 171 13 55 158 179 50 57 1 78
169 117 176 189 95 11 63 2 124 44 23 139 55 71 151 123 166 6 12 7 37 194 61 105 68 113 15 183 18 133 122 120 24 185 162 193 10 103 188 102 106 45 116 150 25 29 125 137 136 20 161 84 85 9 107 98 159 8 195 118 56 35 89 109 27 192 46 155 104 16 53 0 43 147 119 157 80 70 62 181 127 19 149 173 79 5 156 31 82 110 158 4 67 36 38 59 135 81 121 66
0 131 181 184 148 73 164 2 153 5 139 179 41 59 193 24 195 8 39 61 168 98 10 112 92 6 97 192 36 48 177 32 88 77 174 171 150 137 102 108 145 121 82 100 175 93 53 74 50 87 70 104 107 103 57 21 140 22 173 63 79 91 160 18 12 166 182 133 165 64 158 178 44 78 4 194 142 26 138 81 52 111 105 38 76 85 183 23 113 75 89 60 34 3 116 94 69 147 49 146
11 168 17 146 180 40 109 8 75 108 119 174 12 28 48 100 165 54 13 18 187 6 137 136 185 94 88 124 85 103 193 83 115 152 135 148 176 143 145 45 50 60 79 130 171 25 194 0 70 2 192 123 167 172 55 30 67 39 116 35 5 41 178 131 158 33 142 27 175 15 29 133 141 59 164 76 43 161 170 155 147 134 127 78 22 63 68 72 69 140 190 183 26 153 37 157 49 191 105 98
194 20 124 189 168 52 95 49 183 74 85 178 19 23 123 140 150 88 188 160 11 164 138 149 58 67 136 171 142 31 60 116 170 69 117 5 17 152 89 57 76 14 155 50 105 80 131 2 113 101 174 78 180 3 26 175 25 33 144 146 151 71 0 176 93 62 41 119 159 192 157 139 147 6 115 191 37 30 137 107 100 182 1 43 187 51 135 13 143 9 128 111 48 73 54 64 70 162 86 190
98 38 122 50 67 7 88 136 114 170 34 126 58 29 73 182 169 103 101 97 76 89 10 124 74 167 53 191 165 66 52 183 18 15 36 119 104 146 189 28 121 128 56 157 180 5 158 20 92 130 35 82 9 195 83 127 32 51 41 11 64 75 25 78 141 181 160 86 21 120 162 39 12 115 1 57 24 156 85 192 94 149 13 118 31 49 138 47 147 125 123 90 116 33 175 164 108 106 95 150
147 119 120 186 122 183 179 142 176 44 85 168 156 61 115 158 76 14 16 170 24 83 171 17 135 101 152 42 123 96 165 65 130 25 116 132 126 149 125 39 18 91 133 67 151 189 114 6 162 45 184 131 69 27 181 191 28 154 140 88 98 92 100 31 167 166 54 73 2 5 175 51 182 87 109 111 185 70 157 99 148 7 80 138 32 105 141 68 56 104 8 161 86 159 190 35 139 188 72 22
114 141 178 75 70 115 33 77 109 28 122 113 32 133 46 43 87 59 11 98 54 36 191 163 48 179 187 68 170 129 110 14 168 56 131 162 9 158 41 101 63 112 49 65 164 94 192 181 62 120 195 52 89 106 16 152 123 51 69 67 53 86 118 30 84 61 7 12 149 136 154 121 96 132 127 167 130 3 31 151 119 102 107 78 126 92 4 22 144 21 24 128 72 139 34 105 93 140 125 18
100 130 40 126 50 39 2 137 187 77 67 193 166 135 141 162 24 185 83 171 157 91 140 143 164 147 170 63 18 54 13 81 151 72 7 161 178 191 159 175 42 33 139 165 109 94 76 79 136 44 128 65 132 73 71 31 84 74 123 105 43 90 145 28 38 30 82 95 11 56 86 103 179 59 4 32 97 69 46 58 75 64 68 144 188 195 183 154 116 61 152 163 3 118 146 172 114 14 48 16
92 140 7 72 71 55 10 186 85 58 93 107 47 167 183 164 61 70 177 31 100 135 169 111 192 1 57 133 128 28 130 153 184 160 50 64 96 51 12 66 65 123 136 176 156 8 53 87 0 182 44 6 162 109 178 67 91 29 56 62 175 180 14 54 118 125 99 170 75 113 155 127 27 161 80 131 69 112 22 195 25 38 36 16 30 117 103 98 171 5 188 174 83 142 190 40 116 101 3 106
6 30 94 186 55 53 15 173 194 119 145 183 168 17 61 39 188 66 138 5 107 99 12 8 13 156 22 71 114 184 135 37 159 60 121 68 92 132 100 24 79 54 58 195 19 136 25 163 180 90 178 112 192 4 0 181 62 65 175 26 104 153 80 63 49 77 155 120 23 169 123 103 44 147 27 1 129 148 109 190 34 88 28 127 11 193 9 102 117 111 72 171 43 160 187 185 179 87 85 36
84 192 181 99 108 89 71 129 165 55 119 82 3 31 5 60 117 95 110 172 56 106 1 103 83 72 116 123 23 154 65 104 112 75 26 76 64 135 85 166 188 168 191 48 39 158 20 88 24 141 53 105 28 150 159 45 40 100 51 113 90 91 70 34 109 131 101 136 68 184 180 30 61 179 94 63 151 50 69 143 137 155 162 98 74 97 11 36 54 41 153 175 15 134 130 58 37 176 144 27
133 66 25 129 195 150 63 131 172 101 48 51 107 20 33 102 82 70 135 24 158 76 176 118 183 78 122 152 6 1 193 35 145 0 44 30 140 105 60 88 39 73 13 36 68 80 113 22 59 65 64 136 15 117 69 174 164 189 67 58 8 52 3 11 104 182 46 123 99 71 108 149 7 155 109 37 116 159 192 54 103 173 114 50 28 53 62 186 169 125 97 121 127 142 47 40 16 96 32 147
193 78 176 174 145 4 53 74 124 103 107 47 166 168 160 44 171 48 175 80 1 76 15 89 149 148 170 82 116 184 165 113 56 114 110 181 112 49 173 19 153 58 50 163 120 105 132 158 186 16 151 99 43 159 6 64 178 8 67 13 72 130 111 157 23 29 65 94 102 24 60 142 51 150 167 185 33 152 106 137 156 36 118 30 98 59 138 55 164 38 93 88 40 85 32 10 46 28 83 2
26 76 156 29 166 106 187 177 150 121 77 47 84 9 35 90 53 21 68 88 16 38 33 113 3 141 39 57 30 79 46 170 63 50 161 160 64 5 8 83 44 153 49 108 190 22 107 189 52 28 97 82 69 96 93 31 181 194 70 110 123 2 75 109 173 120 140 78 136 103 62 159 137 40 45 6 1 43 24 60 129 130 157 13 118 56 25 133 4 102 132 95 42 100 7 148 105 165 85 143
168 177 113 190 57 87 35 27 81 16 135 142 152 143 56 44 5 171 154 127 158 110 28 0 125 99 162 102 22 19 24 67 1 108 188 88 23 85 107 59 79 120 129 186 98 63 133 167 47 39 181 156 100 89 138 141 124 72 97 7 92 20 157 169 189 82 43 166 185 147 46 130 30 187 8 25 106 179 145 86 94 131 73 48 153 52 96 4 174 105 173 115 3 175 146 195 132 114 172 12
39 76 189 84 155 135 46 34 166 92 125 127 30 149 51 69 35 29 86 187 78 150 112 103 172 68 113 184 70 136 110 180 96 168 128 28 120 145 61 178 190 97 66 154 126 109 139 56 162 26 119 25 191 118 57 0 87 160 169 60 81 195 141 122 53 163 89 45 132 114 13 144 65 133 177 153 55 90 185 182 8 27 2 10 18 52 58 31 32 48 147 146 137 3 170 88 22 33 192 1
56 165 183 59 110 118 181 39 94 21 172 55 14 150 185 23 160 96 163 127 168 79 174 154 129 64 125 159 146 22 85 11 176 117 3 131 180 75 191 80 126 61 190 162 4 108 90 72 37 161 52 137 106 120 29 93 58 19 9 114 31 84 115 187 140 141 17 144 24 124 65 66 92 12 42 107 195 36 130 95 111 170 57 151 135 173 83 167 134 87 82 46 50 20 169 77 0 86 5 147
66 188 49 165 11 59 99 173 187 149 54 53 169 65 16 158 92 179 189 101 30 20 156 122 132 176 135 69 78 123 103 151 2 46 4 191 112 40 63 167 96 77 102 110 45 34 143 31 70 171 160 19 60 36 83 7 24 74 131 137 175 57 6 29 89 23 146 127 97 27 38 100 61 51 21 145 105 5 174 68 128 195 106 170 147 37 183 22 17 48 193 177 115 28 111 76 90 50 133 12
182 87 34 23 43 65 103 88 64 30 168 66 28 172 130 191 10 4 148 135 104 0 61 158 180 123 174 20 11 85 45 145 131 81 159 13 32 109 36 122 86 62 136 106 22 138 8 150 185 77 80 119 14 149 100 1 169 27 126 93 186 9 188 63 127 194 17 75 97 5 60 157 117 181 108 116 165 3 113 162 15 133 39 40 38 156 73 139 91 170 16 146 74 110 167 107 111 129 134 49
8 43 30 142 113 108 132 77 83 189 186 151 64 14 102 34 11 131 160 44 117 9 101 172 106 146 103 98 187 21 71 67 5 54 50 2 138 136 53 169 195 175 0 49 139 149 162 32 60 143 93 185 124 56 17 122 88 129 145 134 28 15 174 24 57 94 126 147 157 161 191 7 121 80 155 37 194 51 73 141 22 137 86 74 166 184 36 165 190 114 180 70 12 115 59 179 192 76 20 173
165 169 34 79 122 85 88 162 147 182 38 111 172 100 74 66 12 43 104 81 21 171 95 110 143 142 5 24 22 160 113 37 86 146 9 116 18 105 121 136 64 125 181 75 31 76 179 54 6 193 106 98 192 175 42 45 50 55 23 180 16 155 11 115 26 153 141 112 19 3 92 129 148 83 80 135 53 134 124 17 94 89 126 194 59 0 28 140 49 67 14 32 186 30 130 93 123 127 36 101
83 177 29 82 163 69 118 151 56 188 41 24 183 85 27 36 72 164 20 124 169 139 184 22 153 158 31 111 146 34 49 79 25 119 68 28 142 38 19 47 167 30 172 186 117 190 165 93 40 76 162 131 181 192 100 62 15 121 53 145 3 105 63 148 2 16 75 141 187 59 98 80 13 129 110 123 116 55 64 67 8 178 171 112 73 191 189 173 92 18 114 135 138 179 154 0 166 147 87 143
54 74 120 96 129 185 188 72 57 165 6 103 23 92 116 152 153 155 33 106 43 108 192 124 166 150 19 189 138 81 45 171 75 163 134 10 11 12 86 80 15 109 187 73 115 130 94 194 118 128 190 34 148 16 53 64 67 40 133 71 2 52 66 136 100 76 88 32 82 154 149 98 35 119 24 31 151 132 55 20 48 0 87 112 95 177 180 137 90 102 47 5 146 99 161 42 175 141 160 131
158 34 150 160 181 68 171 42 78 176 73 137 116 93 115 167 130 52 134 33 77 81 39 64 1 127 139 82 118 164 179 61 80 69 125 9 182 126 66 166 106 94 194 8 156 169 173 14 113 155 51 175 15 144 65 70 195 131 27 25 74 17 154 110 163 168 43 147 30 37 151 183 97 46 11 62 178 45 161 21 162 87 153 38 190 159 145 90 24 53 117 149 55 119 184 187 140 44 193 180
42 129 121 23 179 183 43 184 163 21 37 149 49 32 102 76 192 92 162 88 155 144 110 8 171 157 130 54 170 70 86 19 48 52 27 66 17 18 167 153 123 87 82 142 160 39 115 91 24 11 78 63 151 185 83 30 6 164 13 152 44 139 148 51 2 46 181 112 127 128 180 143 124 105 45 120 146 7 195 80 169 62 108 68 35 41 59 77 14 36 113 25 107 178 132 60 74 1 81 50
113 157 139 88 53 174 54 0 2 147 65 98 38 8 95 7 9 86 152 175 92 14 3 134 35 162 63 185 178 85 138 114 127 158 181 169 100 176 189 151 184 13 112 167 111 20 121 61 18 160 10 118 120 96 87 119 156 60 19 173 166 49 81 77 59 37 130 188 5 165 57 148 23 149 52 6 45 73 154 133 168 150 180 76 163 191 137 70 21 50 131 89 164 90 94 117 132 29 36 79
41 6 103 176 98 94 44 158 49 31 84 134 164 39 30 67 177 170 61 29 28 77 138 195 179 194 1 55 74 21 153 155 38 178 144 87 108 27 47 166 12 190 133 19 43 33 15 32 183 114 142 189 20 78 132 126 154 106 23 82 13 24 175 152 116 97 137 188 64 73 129 85 131 169 100 162 62 90 88 16 139 167 161 141 53 117 54 95 48 56 123 184 171 93 136 91 11 165 58 79
16 3 132 134 112 28 126 106 21 190 55 84 156 69 105 17 174 173 155 100 180 68 50 52 115 90 194 82 71 57 14 29 157 124 59 78 37 181 120 6 158 114 169 195 40 184 164 122 95 154 187 135 70 12 110 4 123 108 111 142 41 34 32 98 193 151 13 24 30 121 186 35 139 47 109 66 146 74 131 138 65 62 163 46 176 61 170 99 91 118 141 44 93 9 179 33 45 23 18 136
107 29 54 162 13 137 36 191 28 85 100 20 175 98 144 166 110 176 104 18 132 129 130 62 50 183 16 146 120 55 136 78 194 59 156 163 148 0 72 190 91 40 119 108 188 180 51 178 128 56 27 89 151 11 125 60 94 26 113 33 177 174 105 114 93 99 127 48 5 61 184 68 14 6 142 42 66 141 35 95 90 169 143 12 131 103 19 17 195 121 154 63 138 32 118 75 182 22 34 52
38 70 166 162 177 27 13 80 68 51 134 46 194 164 61 139 116 73 178 24 49 67 82 16 181 138 195 34 118 191 124 65 111 69 170 142 59 155 148 165 37 63 156 57 22 187 140 14 18 35 173 45 55 7 86 52 76 104 78 41 81 186 175 4 128 1 125 152 120 108 8 115 6 11 75 176 29 131 146 179 157 33 60 31 121 167 12 189 36 77 107 105 100 192 97 185 145 53 15 154
10 155 94 113 85 80 152 121 58 69 129 66 193 95 164 166 179 194 92 9 114 71 160 44 165 120 48 35 154 99 31 112 51 33 173 140 3 168 153 59 170 104 60 100 162 63 176 18 98 131 27 111 167 181 22 118 62 0 12 75 81 83 17 172 138 14 132 148 93 180 105 182 142 5 56 178 115 119 163 25 16 139 11 29 191 109 79 90 20 124 38 73 169 106 185 101 57 143 43 159
177 40 91 45 59 167 151 137 152 65 110 7 172 23 78 42 102 159 117 27 4 142 74 16 26 155 84 114 174 157 181 106 166 33 129 56 195 57 5 15 86 13 82 178 39 66 191 89 81 49 141 8 99 187 126 63 118 121 2 93 111 192 51 113 28 164 138 140 109 36 94 72 67 69 96 186 136 85 10 88 43 183 122 150 185 19 38 53 97 83 41 161 193 64 112 21 73 147 115 143
190 0 90 30 125 47 57 111 42 163 63 95 151 123 4 168 171 184 86 115 83 41 11 25 141 119 60 149 14 128 23 165 153 132 71 13 97 46 77 174 105 142 96 124 110 103 126 33 66 179 138 150 156 143 100 195 112 172 134 70 113 37 177 2 84 35 183 176 164 67 50 116 106 155 76 136 81 191 56 182 193 74 64 145 78 44 24 52 12 21 108 61 48 15 109 73 169 130 87 127
71 45 14 164 41 34 142 80 48 87 23 50 69 13 89 179 5 44 136 82 133 33 123 115 3 185 154 106 73 97 182 105 11 134 175 51 68 118 166 96 188 49 12 152 60 83 178 38 95 59 192 86 63 153 64 101 176 103 78 160 126 32 46 98 183 168 102 66 28 180 187 128 112 132 61 125 30 57 138 67 117 149 186 150 53 2 162 85 94 130 111 72 35 140 75 110 56 127 116 18
17 125 63 47 128 162 6 110 44 22 192 87 130 163 12 55 35 99 41 33 2 180 72 36 50 104 156 173 27 71 25 97 165 191 137 115 95 49 147 154 138 39 188 58 54 70 185 9 80 1 183 158 90 73 108 177 190 159 189 48 52 68 150 96 91 176 28 32 186 160 98 10 37 26 8 14 112 19 164 53 7 116 119 168 75 145 181 79 85 106 121 118 4 127 31 123 81 166 40 13
180 17 115 38 77 173 154 14 76 36 61 8 72 174 98 152 132 27 49 163 24 15 162 37 41 112 121 70 25 123 50 146 141 126 34 170 23 114 189 60 120 0 179 191 194 177 103 185 87 145 178 139 105 10 39 147 150 127 47 92 116 53 90 186 165 159 158 56 58 117 43 28 7 110 176 35 67 91 183 94 107 62 3 167 151 54 32 78 13 6 21 109 137 111 30 83 31 102 133 192
12 181 60 117 174 73 84 85 97 34 15 41 179 51 127 71 169 152 45 166 112 189 141 65 89 17 132 177 137 138 76 59 191 78 153 21 123 113 58 170 74 111 164 180 176 107 154 9 39 55 80 182 83 33 68 43 3 81 188 118 195 183 187 142 173 165 24 18 128 48 27 193 31 56 16 42 194 125 35 62 64 5 116 136 184 157 23 148 114 94 106 192 171 163 37 167 178 190 19 175
182 157 49 101 36 78 173 80 0 188 102 129 147 34 66 3 4 131 39 28 121 190 82 19 31 135 187 97 93 140 174 85 37 47 5 90 64 21 169 172 1 150 112 184 87 142 168 194 51 61 137 192 148 33 145 8 84 111 44 156 25 125 180 27 185 109 105 14 88 26 15 123 57 100 55 162 107 114 75 183 46 132 126 41 9 108 117 10 7 58 104 68 67 115 54 141 94 110 165 79
91 128 140 86 114 85 20 172 168 5 9 151 103 80 134 156 97 58 87 121 73 78 53 25 166 54 45 120 48 118 171 122 119 149 159 129 38 28 155 99 75 79 0 72 44 163 146 71 135 13 26 82 18 11 180 68 125 179 153 4 46 177 117 110 160 144 143 2 15 93 51 132 186 34 176 150 187 161 102 189 50 170 84 17 29 37 83 185 188 94 184 52 10 66 55 63 74 1 41 182
169 101 96 149 121 188 183 81 128 170 17 138 152 19 29 145 161 65 123 112 184 99 181 189 100 82 77 63 66 36 18 6 166 141 55 182 180 156 50 21 24 48 86 126 139 137 127 111 165 185 71 16 117 52 38 186 187 162 119 136 108 9 7 125 113 132 0 109 177 110 5 75 155 93 143 13 146 70 83 150 45 60 191 22 173 26 56 78 140 40 131 41 1 172 135 49 115 133 163 44
154 175 61 164 22 5 16 152 54 25 144 151 179 139 41 195 159 38 8 117 14 136 156 187 158 13 48 146 133 1 142 112 52 123 107 76 42 91 77 0 161 143 88 121 188 190 147 32 29 58 87 166 118 101 43 183 192 79 65 178 92 145 49 81 129 51 28 160 114 127 21 78 75 64 185 27 9 157 131 59 102 167 110 189 71 170 122 113 2 98 135 148 125 83 100 6 109 173 62 73
171 156 81 125 160 184 143 193 45 24 18 34 72 56 90 186 166 99 173 155 26 73 4 12 120 134 66 65 19 119 84 146 67 139 123 76 98 138 135 30 179 102 111 121 14 104 95 83 141 136 109 71 105 50 122 2 55 48 46 106 124 74 161 16 195 113 63 157 101 62 22 128 177 0 131 47 127 149 5 147 41 70 78 169 17 152 20 116 75 38 126 61 163 150 36 91 1 92 39 25
179 69 42 29 141 40 192 16 142 71 12 189 13 127 36 135 52 137 187 129 147 170 185 173 19 106 138 32 44 26 27 76 88 109 119 114 68 156 73 59 78 193 104 136 18 140 2 39 131 160 98 107 159 10 33 30 35 148 77 157 64 0 91 89 102 130 165 161 23 155 51 152 100 21 43 54 110 146 113 186 116 63 56 168 178 79 145 188 134 28 120 184 174 126 14 183 49 48 53 66
14 177 128 143 66 7 49 2 3 74 102 84 93 63 91 173 58 71 5 188 99 43 111 140 54 110 183 24 104 67 55 59 38 189 118 155 81 190 16 122 56 176 181 161 22 151 37 144 100 17 148 83 15 126 98 51 82 162 114 108 53 69 141 116 9 145 18 42 1 41 115 95 64 160 154 62 193 125 150 65 79 194 182 171 39 119 137 92 90 130 112 107 158 149 32 88 36 127 105 57
153 79 62 128 77 25 103 179 20 131 45 97 194 89 127 69 168 70 75 30 123 190 78 139 169 148 80 11 182 100 98 137 63 99 135 155 113 138 4 83 115 111 58 1 195 84 166 22 27 86 132 172 35 122 114 65 173 60 95 2 178 26 142 74 140 159 73 193 175 117 3 57 41 171 110 192 149 47 31 165 72 177 28 119 106 19 109 121 152 13 188 8 64 176 102 144 40 118 187 185
177 173 110 71 39 3 96 159 108 160 189 81 192 115 184 52 97 175 40 116 60 45 84 179 16 124 56 5 167 142 27 8 41 15 83 141 119 161 54 187 20 64 153 143 53 139 82 17 165 101 7 185 90 91 121 168 29 80 145 21 128 4 87 66 18 120 19 107 109 6 157 38 48 140 191 67 11 158 100 92 43 174 125 57 176 122 77 34 10 195 180 162 35 156 137 26 1 103 62 152
15 173 156 11 154 114 18 163 139 72 179 4 27 57 35 23 102 53 140 187 47 129 147 185 148 95 51 191 134 92 155 60 44 172 107 125 65 77 136 88 82 33 93 68 130 83 6 40 171 16 120 113 184 34 111 106 123 21 12 20 31 0 84 152 115 100 104 91 5 138 131 168 181 128 103 76 46 80 169 160 45 28 62 98 151 164 110 69 50 116 175 124 122 67 25 150 87 118 137 188
93 176 2 10 68 179 130 146 189 173 110 83 85 126 86 3 76 5 106 12 167 177 141 77 11 16 135 79 39 98 100 48 168 116 152 28 107 178 99 34 42 162 156 43 46 112 91 117 120 21 96 20 121 24 63 143 62 18 80 50 124 113 67 26 105 101 184 157 147 73 64 160 7 97 6 161 74 194 8 25 41 72 56 149 188 22 109 55 58 31 114 145 37 186 103 129 190 78 59 108
48 43 178 99 65 30 146 174 13 47 170 36 194 15 184 127 59 5 57 84 195 150 175 87 23 148 169 134 33 118 116 60 34 74 114 109 173 103 168 123 115 179 58 28 66 86 24 46 77 91 96 53 56 164 165 181 88 107 12 143 67 106 54 132 20 120 68 11 90 85 124 9 187 27 64 44 166 182 144 50 72 69 89 180 22 141 176 31 14 41 52 137 39 186 128 139 147 135 10 154
117 62 161 105 43 63 4 47 83 65 115 80 77 150 171 8 9 40 55 158 35 146 187 70 67 185 59 172 37 168 88 49 89 58 154 141 33 81 90 112 42 156 163 20 121 174 159 99 116 148 114 5 142 16 129 2 98 125 52 177 14 124 130 68 22 23 45 189 104 78 76 60 182 69 126 175 64 133 143 34 195 26 97 1 28 186 15 136 145 107 17 51 152 32 147 86 191 57 50 167
39 127 113 185 171 166 69 163 95 168 190 20 184 104 180 86 15 8 3 191 80 33 102 67 44 192 93 157 7 13 107 155 57 29 48 194 144 84 187 117 173 82 10 92 76 46 111 81 116 186 170 12 36 35 79 83 78 6 161 74 22 164 26 103 162 60 51 154 53 160 142 138 183 101 28 54 65 4 182 130 133 150 1 24 91 27 131 16 45 159 14 49 151 128 40 43 137 89 177 63
132 26 146 14 101 151 181 140 131 149 184 54 126 165 7 118 141 45 52 73 0 30 8 164 193 69 61 117 124 110 195 163 1 86 172 68 13 119 108 190 133 46 59 74 66 17 144 32 51 70 136 122 72 43 182 107 188 114 16 176 35 157 153 145 22 76 134 156 100 2 29 169 102 77 91 116 138 191 187 40 3 112 47 103 49 6 63 97 28 121 39 94 178 44 128 60 27 104 55 33
36 121 5 7 162 42 17 118 187 170 154 120 77 139 50 9 57 71 137 18 164 145 181 60 48 123 80 124 172 92 37 59 99 134 15 169 156 76 144 23 97 130 62 178 153 125 131 38 171 4 63 81 194 105 8 67 31 68 149 96 41 33 21 106 177 184 90 53 168 189 160 64 32 150 183 111 179 58 83 110 26 176 94 195 191 56 19 155 132 133 47 44 163 69 55 175 114 30 39 3
173 14 24 118 53 5 120 46 21 89 129 100 172 3 10 194 148 23 37 155 15 30 119 0 40 91 42 108 167 99 109 1 192 168 65 175 74 97 4 35 72 52 162 38 114 137 176 69 86 106 161 32 58 180 7 145 92 157 44 50 166 90 85 138 54 188 87 101 123 19 177 125 136 142 76 139 81 186 62 39 151 134 147 195 146 190 45 75 77 41 104 169 78 47 17 49 73 82 191 31
142 179 41 83 130 53 71 6 188 8 3 140 52 18 35 77 117 60 72 37 95 103 62 122 25 36 91 127 139 34 172 80 31 75 156 105 170 173 99 7 192 107 129 74 19 12 126 87 134 58 2 128 141 92 70 101 164 10 191 26 183 55 30 0 190 100 175 158 89 50 113 163 109 133 162 167 4 115 147 40 49 152 86 111 155 57 78 150 136 182 161 38 23 68 174 44 13 24 63 56
88 128 147 5 8 120 161 135 49 86 192 146 140 90 166 46 79 131 20 157 124 9 117 52 121 141 193 69 132 160 60 62 148 191 175 156 190 54 74 93 65 53 127 112 84 33 94 105 133 165 32 39 107 56 61 168 55 162 144 104 16 11 150 111 195 125 66 178 37 45 22 96 129 40 38 139 27 187 47 103 89 48 119 17 35 173 116 97 67 171 126 109 108 153 91 80 36 138 137 13
152 188 117 169 191 38 173 113 100 128 67 158 39 183 163 26 31 79 17 89 127 130 157 136 11 45 44 131 146 132 109 71 167 153 140 164 91 5 177 120 50 126 190 115 29 155 192 61 166 86 112 151 114 83 30 103 142 135 78 93 54 180 116 172 150 10 18 47 134 110 24 92 48 189 187 82 121 55 87 76 133 171 99 184 70 8 23 0 19 64 186 25 6 52 181 16 56 4 21 84
174 182 4 15 63 125 51 41 18 2 58 69 60 85 167 107 1 144 177 158 14 44 163 132 29 192 88 129 36 90 10 101 184 104 134 75 102 73 81 152 26 153 194 159 110 176 187 150 168 118 71 113 46 181 172 22 124 65 185 19 61 38 103 151 84 0 120 147 109 188 42 27 178 59 11 106 7 37 98 86 49 39 6 91 64 116 112 89 165 171 76 191 136 138 105 23 127 97 83 186
48 96 59 182 5 116 101 114 148 62 190 151 140 70 120 174 166 74 13 141 177 175 121 31 65 29 33 181 30 10 137 77 142 158 98 171 135 128 149 9 63 163 179 183 100 24 58 176 132 32 118 76 3 55 185 187 15 106 122 193 152 19 1 26 108 104 146 169 82 167 102 111 162 97 8 40 123 61 154 107 117 95 75 72 68 115 91 124 81 172 79 147 90 67 165 12 80 46 157 105
22 26 128 182 9 18 118 98 48 2 183 25 114 191 136 140 158 149 135 19 161 115 83 154 6 37 96 73 130 14 117 68 40 44 152 52 105 1 173 33 13 4 53 54 119 92 106 5 165 107 27 42 193 66 95 58 167 51 178 74 43 64 163 61 172 103 97 174 138 157 50 102 85 195 3 62 143 155 0 187 188 124 99 69 184 56 71 94 11 91 134 82 86 113 111 116 12 145 181 185
181 96 156 94 44 165 2 70 166 173 171 112 74 178 89 50 78 4 157 185 133 127 131 114 152 175 137 103 83 187 118 72 23 193 67 79 140 102 107 120 62 176 183 20 80 109 194 159 34 149 68 12 10 100 3 128 33 158 66 144 154 40 108 39 130 71 143 52 182 76 46 119 126 195 29 60 101 0 82 99 16 41 141 56 138 167 22 110 53 184 174 147 28 124 5 18 30 75 90 73
180 42 133 4 0 60 131 64 192 95 193 98 105 125 83 36 73 70 68 185 152 112 113 142 41 178 17 168 3 153 50 18 62 116 27 35 166 38 63 89 184 156 149 58 82 72 88 15 114 127 87 22 69 135 108 110 104 187 91 7 103 157 118 61 120 144 123 151 138 182 80 12 155 25 59 51 46 175 161 169 189 5 96 84 109 160 158 143 121 136 28 75 37 79 119 78 194 126 34 170
149 24 184 154 12 73 4 164 159 9 181 64 152 153 94 49 70 92 127 45 97 195 169 175 31 115 116 95 156 174 15 123 113 124 137 189 192 35 86 114 180 75 143 131 118 109 21 6 136 56 110 193 173 162 48 163 54 33 26 100 185 176 188 172 87 145 84 40 179 130 62 148 61 53 102 125 32 36 29 106 105 134 122 10 139 111 67 146 150 177 81 155 2 104 141 93 51 11 8 19
96 172 100 150 4 64 135 173 131 55 123 105 120 133 99 46 162 16 11 75 6 94 117 57 39 82 104 164 161 9 66 122 1 26 68 183 24 18 93 79 138 185 155 156 182 186 69 86 149 7 170 87 41 78 52 176 190 137 166 44 10 110 77 157 14 84 115 195 19 167 30 175 37 43 65 40 95 108 132 80 158 71 169 154 130 191 70 134 17 5 119 42 36 147 33 187 146 180 192 118
93 121 174 191 20 15 14 21 179 33 111 148 54 44 23 129 183 5 0 110 100 68 32 153 36 114 155 30 65 185 97 135 188 10 12 22 151 154 11 177 48 41 69 89 175 126 96 64 82 55 186 31 132 16 166 127 61 53 124 19 84 165 72 190 158 59 184 94 102 173 63 160 24 192 51 178 80 142 125 99 120 152 167 136 4 103 3 147 140 131 112 133 26 123 162 171 92 170 194 101
146 38 41 65 170 122 111 92 4 97 147 96 187 11 142 158 36 74 81 34 130 173 144 132 137 183 101 19 116 0 79 171 177 51 8 29 145 5 20 88 106 100 148 175 30 90 82 62 133 83 10 48 21 25 57 153 28 190 32 99 191 22 135 91 184 7 182 176 150 9 134 58 49 188 60 112 121 78 31 164 185 162 174 35 194 143 157 45 94 75 17 180 136 138 178 114 110 159 167 129
105 15 32 19 44 98 89 154 130 148 128 30 42 187 77 116 81 50 14 90 179 143 106 176 31 2 12 25 24 64 57 103 195 145 71 59 173 37 133 65 21 85 140 73 68 6 29 146 54 67 0 126 3 184 35 91 94 76 75 86 17 160 43 134 163 48 152 112 99 153 180 177 27 161 172 149 119 168 117 124 34 121 120 47 183 66 144 150 46 9 118 158 87 52 70 20 139 95 110 162
108 21 181 89 94 35 142 170 42 102 172 156 153 110 150 178 115 112 171 56 144 97 2 139 93 183 68 79 151 128 49 160 116 51 29 61 137 82 152 69 113 28 187 174 22 74 164 38 8 24 103 145 36 155 57 31 12 124 39 149 99 81 190 75 104 20 159 14 157 55 143 63 54 40 161 87 126 83 64 32 162 11 85 101 15 109 120 7 107 95 62 195 50 168 19 134 194 180 138 182
69 146 55 84 140 189 108 174 26 151 191 105 125 115 102 72 81 87 34 39 182 7 59 92 85 123 148 64 171 99 133 42 124 180 135 113 28 80 35 75 31 1 188 86 117 54 94 16 175 156 14 128 145 159 155 147 109 110 158 143 121 186 106 68 66 49 56 176 62 112 161 33 23 3 4 19 0 129 45 144 165 89 97 78 193 30 63 70 138 194 114 181 93 122 119 103 50 58 120 183
36 81 74 130 11 26 187 128 83 145 20 46 173 49 16 95 177 160 77 71 188 164 123 62 163 17 98 110 180 181 194 179 116 10 37 141 54 76 97 189 59 64 56 162 82 121 105 24 51 175 58 166 92 138 154 124 3 133 40 6 41 7 55 75 9 178 172 0 63 47 148 168 184 93 29 21 108 35 101 27 70 135 132 96 113 103 186 13 191 73 140 30 4 90 131 149 66 117 86 139
94 107 189 126 33 160 32 159 71 194 130 10 120 191 111 58 27 158 112 132 47 150 146 61 180 93 11 183 9 38 186 67 26 68 64 135 16 173 193 127 25 138 46 178 1 145 43 165 190 118 136 142 152 2 76 122 89 55 148 53 153 28 60 116 52 101 172 139 108 8 147 13 21 134 170 80 181 77 49 124 54 40 121 63 187 177 44 163 103 50 169 92 90 39 123 36 78 41 12 154
175 95 41 99 155 11 117 142 184 35 73 14 119 76 72 34 4 42 162 106 121 100 0 174 104 101 178 48 2 108 171 167 92 13 129 93 15 47 53 9 107 194 25 169 10 16 84 128 131 74 19 146 89 23 97 195 192 85 61 38 59 179 66 83 17 109 91 51 110 87 115 71 103 8 52 63 181 50 189 187 191 46 82 77 177 140 86 96 69 98 57 152 40 159 6 37 136 139 39 94
95 122 75 91 13 42 40 141 153 62 105 52 168 154 12 159 88 28 53 148 144 117 186 10 82 170 130 161 19 177 124 9 192 59 134 106 58 135 35 1 143 81 100 30 147 156 157 111 108 17 93 175 174 32 165 60 29 6 15 14 104 193 85 98 44 64 43 119 27 181 115 86 57 39 169 94 126 176 132 69 72 16 173 188 25 129 184 187 18 164 195 8 54 71 113 182 2 38 83 73
145 22 172 189 28 63 137 158 47 40 148 79 173 124 150 88 53 65 101 131 114 155 102 193 72 180 181 154 37 159 90 140 60 3 46 27 21 99 98 170 141 139 177 75 77 87 161 174 191 30 44 74 73 80 25 121 156 146 26 31 12 41 123 109 10 23 194 186 15 0 93 184 160 120 153 163 82 83 151 6 7 113 138 84 5 69 61 115 144 165 183 19 33 54 14 96 107 20 133 85
166 31 129 193 168 194 115 30 184 150 167 26 135 81 86 111 54 51 22 68 90 172 56 186 80 142 114 6 92 91 143 36 5 176 78 181 2 131 64 174 189 55 57 165 9 107 7 69 76 65 183 109 11 18 155 192 73 63 120 93 40 191 170 77 79 100 110 138 156 148 23 43 102 83 16 105 84 13 126 94 108 95 0 146 89 171 127 123 161 24 88 4 124 141 153 25 122 12 117 195
75 144 132 105 65 177 68 172 154 37 27 191 129 72 173 0 49 152 107 1 44 4 66 67 23 155 12 145 148 153 120 141 192 7 24 163 157 168 112 159 96 119 8 195 181 156 13 136 32 86 83 122 69 166 25 6 79 26 53 151 180 123 64 149 150 76 176 43 187 161 70 46 55 39 81 94 33 188 179 104 185 48 10 165 47 16 95 134 59 14 45 111 182 52 60 124 169 19 186 5
29 148 189 111 180 98 22 69 140 169 113 7 13 25 97 131 42 149 177 39 24 36 41 117 138 150 40 2 59 163 11 114 15 27 51 142 185 136 128 181 77 146 17 105 107 190 121 141 179 151 162 115 43 153 125 126 60 62 49 30 12 10 26 102 55 120 28 5 193 82 58 65 118 75 147 80 35 48 14 156 81 90 1 194 166 109 134 45 56 175 174 66 144 101 130 95 168 47 76 127
149 57 123 110 29 180 86 168 6 9 143 104 173 121 156 24 33 185 68 144 130 194 129 47 184 161 113 151 187 20 169 142 191 178 66 60 65 58 8 137 26 126 88 95 115 157 71 89 145 138 32 69 5 77 43 112 152 87 140 85 165 118 146 101 39 50 73 63 181 108 67 179 19 13 62 15 154 80 70 16 64 159 114 160 21 103 27 74 182 148 92 172 25 162 98 23 153 37 139 188
178 32 7 49 14 94 24 159 73 56 191 144 89 48 102 181 60 62 27 157 19 1 172 186 88 43 137 22 175 15 127 154 136 53 122 143 164 26 93 77 58 33 39 134 139 162 112 92 98 140 29 10 132 107 124 121 13 28 68 105 64 4 8 142 2 169 173 150 182 34 192 118 185 128 41 36 161 23 146 12 40 70 21 57 30 131 120 123 156 149 135 65 130 115 97 194 63 81 42 76
28 84 8 135 139 78 166 75 164 154 2 136 30 143 9 119 5 126 45 168 181 125 105 188 91 142 187 147 85 97 129 177 32 26 163 101 12 90 50 175 61 54 25 193 189 194 145 58 52 131 100 156 19 37 157 43 103 31 149 36 96 144 22 130 70 183 20 6 171 180 23 184 185 190 167 13 155 18 159 160 195 0 124 59 66 41 148 173 98 89 191 68 74 128 122 82 47 29 132 33
174 27 173 61 5 138 37 192 9 103 107 2 147 72 94 109 121 71 134 144 66 45 119 1 148 188 51 12 124 33 36 110 157 154 180 161 56 42 102 15 118 49 44 95 21 84 149 24 90 81 181 87 39 26 115 68 116 104 131 156 97 168 178 96 136 150 30 64 80 89 185 142 123 100 82 112 135 38 18 184 32 23 130 29 114 108 88 31 128 151 145 129 65 105 194 152 20 0 175 14
142 58 114 37 137 127 31 122 20 85 168 164 177 185 69 25 94 174 52 81 171 131 46 74 40 1 183 172 12 139 93 170 112 67 148 165 149 156 121 2 38 71 47 16 178 145 41 92 28 59 110 27 33 157 134 161 166 106 150 188 141 195 61 34 102 187 65 11 158 19 103 189 194 117 98 39 62 151 105 55 179 95 26 82 77 100 162 184 42 118 143 155 130 84 0 104 123 13 53 29
102 167 6 50 26 60 173 46 88 114 18 170 104 40 0 191 151 91 36 131 61 44 168 82 122 138 89 49 51 194 143 10 192 55 41 181 123 152 105 20 56 157 78 83 134 125 180 162 17 189 30 52 107 84 112 111 95 59 76 19 182 190 69 80 137 7 9 68 16 71 129 85 97 150 118 53 21 37 186 115 188 169 174 153 178 99 121 146 47 42 161 28 67 94 15 149 73 45 147 144
115 33 125 132 72 137 143 194 30 151 46 160 157 109 4 83 27 77 185 61 100 90 63 29 190 14 128 170 76 130 45 145 35 43 79 147 86 91 6 138 75 156 25 40 165 152 54 13 104 162 186 114 106 101 19 127 8 176 159 15 174 59 12 34 39 62 129 164 172 144 24 41 94 36 112 124 5 178 188 171 123 23 177 121 80 116 53 120 78 103 48 89 97 70 119 32 44 66 163 136
3 108 27 128 183 138 77 153 171 190 186 89 106 172 91 114 148 82 169 29 40 65 175 43 130 41 45 185 50 149 76 146 69 151 42 9 24 163 134 97 98 174 168 144 49 67 6 170 11 94 191 83 132 113 145 60 158 147 189 66 62 88 181 193 52 55 188 140 36 139 25 195 133 64 119 56 14 18 180 194 165 35 177 34 112 176 99 141 73 103 38 79 101 100 109 78 17 71 137 61
8 5 125 143 94 74 69 123 146 185 13 192 67 64 136 167 115 60 102 130 45 100 170 36 72 97 96 89 77 180 35 37 116 19 186 58 68 191 104 61 161 51 111 73 195 86 6 105 165 147 119 71 54 92 182 156 48 81 18 168 84 162 91 55 56 158 21 82 108 188 178 75 194 22 126 152 76 38 95 164 90 11 26 59 80 87 4 144 57 175 83 40 33 0 114 10 53 32 179 93
103 70 128 64 153 172 149 2 49 118 162 59 19 24 21 22 92 163 146 87 154 71 152 109 93 96 65 122 25 85 127 148 15 91 190 53 9 44 167 23 105 104 145 50 76 115 176 47 54 147 18 37 111 113 189 8 180 78 116 158 191 81 142 97 134 60 30 34 75 110 139 100 144 165 168 112 67 4 143 48 194 159 32 16 166 98 80 6 171 82 94 1 181 88 170 52 31 156 179 68
99 67 103 61 156 167 112 118 47 76 115 191 157 175 65 9 192 183 130 126 45 41 2 194 4 22 111 108 18 92 132 177 150 129 50 160 25 83 29 139 119 66 151 49 114 102 74 159 39 17 8 116 176 95 181 187 75 34 73 43 179 117 144 148 27 5 94 185 15 107 90 42 135 31 88 168 127 170 19 84 11 174 40 89 123 57 10 169 171 36 96 69 163 100 6 32 68 138 153 166
14 12 20 28 52 112 108 144 8 135 79 194 118 10 171 23 186 51 46 166 133 185 76 3 106 117 146 165 53 138 26 105 128 11 77 175 7 36 151 154 60 62 140 63 41 131 148 115 181 191 125 141 54 123 104 153 83 184 101 5 17 113 74 107 31 156 98 110 16 59 95 167 149 168 116 162 75 68 67 160 155 61 119 96 129 91 179 32 126 66 72 124 189 172 44 164 137 64 22 73
156 74 10 146 3 116 191 140 43 93 15 84 101 71 180 86 165 111 72 26 55 94 160 122 107 190 4 62 50 153 141 70 179 6 96 187 114 126 135 128 21 20 193 7 17 97 65 99 151 61 42 69 171 178 189 139 9 63 100 35 167 37 45 22 123 79 170 129 105 168 164 78 11 158 172 137 66 82 185 134 81 40 149 13 109 24 136 113 131 44 98 121 47 53 163 92 83 195 68 49
59 29 17 96 146 57 105 139 50 154 124 155 41 49 107 2 24 145 73 182 160 178 74 153 117 189 76 95 132 84 43 20 97 106 181 89 13 69 169 159 186 1 168 131 116 123 37 18 192 51 137 151 70 194 115 7 110 193 165 180 157 11 166 30 31 187 39 158 77 172 38 98 67 177 176 119 60 114 118 10 62 83 122 8 93 138 104 12 64 150 191 42 23 79 101 45 148 90 144 190
147 116 148 155 59 72 103 9 161 172 0 180 169 154 42 101 75 95 60 117 41 78 175 49 164 178 39 183 69 90 33 119 171 173 76 1 18 23 16 191 149 30 96 174 83 6 134 111 187 31 137 104 53 32 176 15 67 128 195 3 145 48 93 21 22 110 118 150 87 20 7 144 13 2 43 8 26 50 62 138 12 66 73 102 71 4 167 107 38 81 77 58 79 56 159 112 126 36 125 127
124 88 112 195 180 59 76 133 73 161 55 98 105 178 96 77 13 56 188 110 63 176 58 113 109 194 125 16 104 68 129 164 33 28 52 181 135 191 20 92 114 6 179 172 19 132 101 8 140 4 75 25 103 99 48 0 2 90 183 83 116 17 187 22 163 79 166 3 15 173 149 121 142 157 118 120 84 95 186 138 167 147 150 43 160 70 115 143 18 153 97 40 184 106 123 146 85 154 71 35
8 2 167 130 67 51 121 64 19 150 3 24 158 156 63 74 0 106 128 17 84 62 189 89 168 171 1 14 38 153 47 179 191 66 194 11 41 183 118 86 50 28 9 129 188 116 193 72 40 58 125 104 29 96 107 100 108 177 45 109 57 30 85 53 138 154 184 169 173 181 103 170 105 13 97 10 76 56 117 32 5 21 26 87 163 114 120 111 112 70 4 186 60 132 39 124 176 81 131 94
98 182 113 153 132 7 100 21 175 95 12 106 52 118 74 128 72 82 174 192 134 30 169 46 58 47 101 55 1 11 38 165 156 194 23 91 37 61 180 191 184 53 135 163 161 150 40 65 63 146 18 145 85 193 109 39 86 57 26 171 75 117 129 56 120 187 4 97 22 66 68 188 195 20 62 176 83 93 127 44 108 64 173 42 6 2 9 189 32 178 3 14 94 105 186 144 115 121 168 155
126 100 124 67 10 9 22 157 194 30 177 130 115 50 183 189 54 75 53 99 128 156 98 41 83 195 121 170 131 88 13 71 59 87 155 81 46 56 172 2 32 134 93 57 175 18 148 102 103 17 73 21 70 133 111 24 68 48 34 5 188 192 140 77 182 107 74 23 191 1 158 43 132 58 80 112 122 15 28 159 120 35 186 69 52 39 90 163 162 33 147 168 151 119 108 154 14 97 165 135
9 179 21 100 193 3 173 130 53 0 23 45 189 180 125 72 30 7 68 116 15 84 101 143 50 186 38 174 110 6 86 191 92 11 46 181 51 88 60 119 114 141 18 115 14 139 42 34 41 188 22 10 160 126 36 190 73 129 31 67 144 54 26 171 17 123 178 37 58 187 78 107 185 99 152 124 149 137 98 40 154 166 136 120 27 82 39 93 153 165 184 156 108 164 169 56 102 80 96 75
154 188 7 74 88 78 98 151 66 168 56 39 11 141 29 152 79 123 105 16 24 97 38 170 139 138 49 187 126 177 128 89 73 121 162 175 22 3 59 5 111 145 46 146 34 117 42 80 166 28 178 20 10 194 148 26 90 116 37 17 45 114 172 91 51 158 171 53 23 137 136 120 76 169 77 70 174 54 47 36 0 143 176 173 30 87 44 133 92 57 190 186 69 25 62 122 160 72 180 58
6 32 112 191 43 58 81 10 23 90 11 15 167 94 160 63 103 142 45 80 55 147 134 178 84 184 114 82 108 154 116 110 51 122 115 158 28 193 33 29 149 18 26 2 42 0 41 70 111 9 117 61 13 189 175 157 96 128 173 24 101 97 170 136 44 186 192 174 75 187 109 118 124 172 12 99 64 179 145 131 69 85 139 125 164 88 20 91 129 57 25 8 119 107 123 86 7 48 127 19
60 40 162 17 171 12 50 148 39 98 130 5 180 147 184 183 139 36 85 172 185 58 7 32 48 53 169 33 8 186 101 57 106 52 144 20 68 192 120 177 6 136 107 118 94 111 83 70 84 153 87 151 142 71 76 99 29 108 42 158 133 82 117 149 43 124 72 92 182 145 38 131 3 46 150 188 127 80 89 30 128 51 2 35 10 47 62 69 95 37 16 23 181 175 167 179 19 121 160 165
90 168 132 77 52 21 151 30 136 78 86 125 36 47 25 46 8 121 115 53 79 44 100 84 4 153 71 45 19 92 6 27 131 170 130 24 195 104 103 127 166 18 177 175 152 70 101 80 51 106 75 120 68 67 96 182 26 76 54 171 144 57 33 102 147 165 157 178 13 123 105 194 43 154 139 188 37 95 179 39 185 117 59 66 9 118 173 99 167 16 69 108 119 82 181 183 87 133 14 29
116 94 161 194 42 11 69 81 67 50 150 105 132 124 149 85 56 76 155 188 45 106 83 162 170 89 157 55 101 164 34 10 24 99 6 72 133 15 20 145 80 46 148 104 51 96 111 113 102 189 63 86 33 120 167 18 190 54 23 53 138 191 39 163 180 79 129 36 144 68 171 143 97 30 41 114 90 169 71 58 173 60 44 40 123 131 31 125 49 134 74 47 4 8 139 158 165 103 87 187
97 26 178 126 169 193 149 142 180 122 63 106 144 71 84 28 64 134 83 2 104 62 191 103 135 189 61 56 100 192 41 72 188 182 151 102 127 148 1 139 105 55 33 147 183 8 125 0 22 15 87 117 19 141 177 194 92 95 113 160 94 123 93 40 96 20 37 167 30 116 58 173 21 157 163 86 34 133 66 120 90 24 174 12 85 4 17 76 128 121 107 130 112 98 176 80 45 7 111 3
60 158 40 43 192 9 105 65 182 55 154 70 145 122 166 97 95 186 146 178 172 179 153 87 185 96 168 120 98 119 18 111 25 136 141 92 76 133 57 132 177 124 93 142 157 121 1 3 77 10 149 143 194 162 86 29 38 144 7 193 180 71 159 46 171 33 59 107 139 115 127 34 123 175 28 50 118 73 56 83 156 94 150 53 169 163 117 128 99 14 2 68 183 110 27 103 49 189 8 184
195 114 9 162 46 89 36 101 77 111 143 74 147 194 10 149 12 37 41 11 159 16 125 182 79 120 122 29 171 32 168 121 155 21 59 70 3 185 35 107 115 18 174 109 108 150 166 53 100 118 54 78 94 144 71 57 134 124 86 87 175 157 183 173 72 103 98 73 23 69 15 117 96 61 84 141 160 186 163 140 132 179 17 76 129 158 139 178 110 177 1 5 154 165 85 191 151 156 62 119
113 74 171 184 192 83 54 64 4 75 41 129 77 2 131 178 7 86 169 191 118 44 111 103 17 34 140 166 24 6 18 46 181 189 165 50 49 154 119 117 130 167 121 68 195 71 0 101 92 183 116 42 156 65 164 51 76 1 138 162 48 152 186 31 52 36 161 12 153 127 59 170 176 82 35 45 28 115 9 13 125 108 148 3 62 70 14 81 141 157 73 61 145 146 182 112 175 135 93 87
75 111 99 70 30 164 123 109 29 149 125 120 7 170 82 116 58 150 28 143 184 155 142 27 46 44 191 51 31 106 171 48 180 38 160 167 172 35 52 19 103 20 76 17 13 6 80 105 47 193 67 175 163 84 4 156 127 110 168 122 87 32 117 165 40 36 21 26 188 5 112 121 138 74 145 181 72 177 152 182 64 192 9 55 140 97 190 34 169 61 96 124 176 49 41 8 88 91 114 119
35 183 18 49 42 21 11 170 182 173 25 163 66 5 45 168 27 181 6 68 158 124 104 53 140 38 16 55 160 12 74 128 157 48 169 0 95 47 156 8 59 94 73 187 100 31 101 9 37 114 147 109 175 46 84 92 81 131 89 191 172 174 33 60 139 30 132 70 120 71 85 126 99 148 24 118 178 69 105 119 26 189 195 155 186 19 161 129 72 83 79 57 113 111 130 162 2 185 135 194
67 61 192 146 109 180 65 30 181 164 147 154 5 179 189 16 46 76 104 116 78 85 39 74 108 127 53 159 21 4 41 45 150 168 8 35 167 56 132 142 139 160 77 149 175 51 88 36 177 38 113 191 188 152 97 47 153 161 24 138 11 171 22 112 1 34 72 17 86 124 23 137 59 94 26 194 107 173 134 52 172 174 90 131 157 20 186 165 79 66 129 98 60 25 0 42 10 118 169 91
64 57 10 118 61 164 191 23 154 28 169 195 117 51 24 184 47 165 35 105 171 172 149 179 12 127 62 187 106 32 155 25 0 180 109 95 186 26 103 78 33 34 143 108 166 94 157 4 132 101 110 77 137 146 145 80 119 36 151 56 89 93 75 44 129 182 116 162 153 84 114 104 141 54 111 39 100 58 71 82 37 161 17 31 43 136 3 144 92 140 83 174 192 20 9 97 72 42 96 68
79 162 24 5 160 187 1 108 36 146 17 7 135 28 30 159 185 27 191 23 192 35 49 71 10 94 76 13 118 12 110 8 188 39 139 100 82 48 168 149 155 101 116 37 145 87 25 26 148 63 158 161 67 138 103 78 31 167 189 124 19 117 21 33 156 53 134 151 41 115 175 50 98 180 120 22 126 29 170 144 62 14 11 147 129 153 102 65 4 95 45 97 61 60 174 179 73 177 163 152
149 185 40 146 96 174 74 11 59 95 71 75 83 53 127 116 152 138 85 126 175 141 148 184 41 114 187 118 171 89 18 45 33 178 54 136 189 112 3 52 100 186 98 106 102 131 182 12 15 66 76 130 16 90 79 7 37 67 181 38 153 61 183 128 194 159 35 5 177 107 28 105 86 49 155 188 13 167 117 70 65 103 27 156 73 60 160 81 151 137 42 150 32 77 64 166 191 195 48 17
73 194 53 191 170 3 112 147 154 143 7 122 134 44 132 2 43 65 108 176 187 116 84 140 51 49 20 54 95 195 96 78 118 11 52 193 39 171 151 57 178 145 48 19 149 24 169 136 184 10 180 190 115 91 153 12 26 97 61 175 90 66 71 103 119 185 9 186 38 125 86 94 142 129 80 138 155 16 139 105 59 79 8 4 131 179 173 21 182 15 109 152 162 106 14 174 158 67 88 85
188 157 55 9 195 37 154 19 97 168 138 132 139 170 102 190 20 147 184 32 61 0 79 130 187 4 119 179 54 129 88 148 180 41 140 23 144 173 56 156 152 87 82 17 141 44 117 84 137 70 122 131 106 194 6 164 167 100 153 111 42 172 145 86 16 93 115 46 104 174 27 113 53 83 134 2 98 85 71 177 109 11 92 69 81 43 62 191 166 171 10 18 48 120 47 175 51 63 22 155
173 122 139 12 135 10 164 180 25 115 23 143 49 51 149 43 91 2 133 19 109 121 112 58 75 28 21 52 165 97 92 38 90 88 175 24 42 167 157 13 81 161 113 62 8 32 68 156 151 3 104 191 30 134 141 61 95 172 36 100 70 178 128 103 67 79 99 98 76 168 34 176 29 63 186 15 142 31 116 78 114 193 56 41 108 33 1 82 86 11 101 138 125 195 20 96 40 6 39 0
177 31 39 62 119 97 111 166 99 16 95 22 191 152 58 76 157 101 14 8 102 151 9 41 33 108 132 161 84 136 128 45 61 82 55 30 164 11 20 65 149 117 73 141 133 80 193 112 170 25 70 107 139 194 56 88 44 163 96 86 103 129 59 115 81 116 2 53 189 52 100 5 145 92 174 167 66 168 3 173 89 35 63 4 91 120 46 10 183 147 125 121 34 48 134 18 60 29 36 57
148 181 179 92 126 154 159 118 24 7 51 139 70 12 157 72 129 69 102 16 85 132 99 38 89 153 169 62 33 108 53 101 52 82 195 120 152 161 4 110 183 144 127 131 64 65 107 134 98 155 117 97 30 76 123 125 87 68 175 17 112 49 173 182 187 47 166 2 10 170 184 114 60 19 190 145 149 22 9 111 66 138 186 128 192 122 135 86 151 105 14 55 90 1 147 162 119 103 136 84
121 124 183 144 48 33 165 96 7 64 89 2 98 186 176 68 30 49 109 44 8 171 188 66 77 97 86 45 53 139 95 21 88 19 182 118 85 194 11 91 76 18 29 103 75 63 145 37 43 74 104 36 159 47 56 3 69 79 156 5 67 102 46 93 90 58 131 113 154 55 4 189 192 9 0 6 65 162 35 14 157 132 101 70 147 81 120 16 195 78 178 142 13 72 99 52 42 148 173 184
32 105 5 169 20 147 23 115 183 8 47 56 90 10 85 1 69 175 151 114 82 122 70 148 137 142 129 167 144 177 158 173 98 94 190 106 35 4 153 45 166 178 58 139 108 50 13 68 25 180 12 86 162 54 125 195 184 14 157 191 110 163 102 41 36 93 164 40 44 16 46 27 30 80 149 141 165 43 0 64 160 91 7 136 130 187 18 62 22 161 138 71 145 127 59 92 95 150 104 88
111 15 42 192 147 75 150 45 190 134 149 83 173 34 148 21 81 136 86 77 103 185 130 48 40 25 110 121 161 195 58 123 189 144 31 69 46 19 90 180 53 184 60 125 28 64 76 82 135 153 47 38 79 61 101 169 7 126 35 119 152 156 122 181 56 72 131 23 107 80 176 33 106 20 115 171 97 194 187 65 78 1 140 44 183 165 74 105 16 3 143 8 18 52 120 166 167 63 193 94
194 117 61 40 138 123 110 125 54 187 143 156 152 175 106 5 145 38 133 9 167 62 132 90 59 153 96 87 37 42 24 47 195 78 34 100 17 3 121 66 83 21 43 181 85 176 162 79 91 8 144 119 182 20 105 120 52 88 33 168 130 15 112 10 118 172 170 103 49 173 161 131 157 12 193 28 14 174 159 178 190 68 126 180 4 98 23 25 73 107 189 185 171 102 166 136 137 115 147 158
107 9 93 73 166 144 85 152 63 36 97 13 11 19 148 51 61 132 162 120 99 55 104 75 154 142 168 172 119 180 121 18 143 131 38 64 118 157 84 44 117 0 183 138 126 21 140 139 70 16 156 161 171 135 108 193 124 112 28 195 137 164 88 80 187 8 128 165 14 31 186 62 17 113 29 188 3 45 96 150 25 102 71 86 34 130 79 114 66 174 5 33 141 56 1 170 12 59 100 54
33 57 79 55 194 190 92 125 2 111 109 149 191 12 169 193 22 177 54 66 178 153 61 31 103 25 17 184 181 180 68 44 83 7 179 133 53 182 84 138 170 18 120 110 10 39 90 11 16 142 98 32 115 26 134 27 167 70 63 21 89 166 161 171 122 176 156 59 74 48 29 136 42 116 96 124 3 154 13 30 85 139 80 9 108 88 162 43 51 113 82 152 1 58 100 35 128 119 121 75
141 180 183 91 39 181 108 40 195 80 3 146 170 23 126 4 103 137 68 10 20 124 116 143 97 78 167 49 184 88 172 22 96 6 57 117 8 155 168 127 189 173 24 175 28 75 54 139 15 152 1 79 0 106 87 21 107 185 165 109 169 118 131 16 44 31 133 148 48 83 25 150 81 62 179 50 61 26 105 73 33 159 58 29 56 190 140 43 27 14 182 66 161 122 102 176 153 157 5 41
30 144 16 21 160 10 148 115 81 0 41 12 119 5 190 178 58 164 135 133 84 3 168 83 98 165 88 24 78 45 106 48 94 82 100 76 108 6 38 46 23 20 17 7 91 47 80 173 167 87 171 193 29 155 35 169 56 105 90 13 162 103 179 25 176 145 43 121 153 27 2 137 99 102 69 187 112 85 60 86 65 138 188 19 194 111 189 33 79 52 154 49 195 77 1 32 114 11 53 64
0 84 58 22 193 151 35 164 99 184 16 101 109 133 70 143 65 146 180 1 79 47 145 186 81 112 5 115 182 90 63 53 25 66 51 78 136 71 67 176 17 43 166 88 15 98 4 123 19 40 74 27 103 86 96 134 142 69 110 114 105 97 42 12 168 6 80 113 195 141 149 111 154 169 157 2 170 64 172 188 165 62 160 185 190 150 72 181 61 32 194 21 49 138 7 68 131 95 18 124
74 102 68 48 107 195 99 106 125 105 72 175 22 126 191 157 95 189 24 19 100 82 112 60 14 165 162 42 111 127 149 187 59 12 34 133 193 139 113 116 163 153 78 115 85 123 158 2 181 89 184 156 52 58 88 30 55 75 46 6 174 41 79 94 47 28 21 160 161 144 43 29 50 97 131 151 121 31 119 167 150 26 170 122 25 13 57 166 69 194 18 63 118 182 159 3 90 67 35 38
186 70 172 27 89 41 74 195 136 55 133 32 45 188 90 107 103 25 131 71 175 51 5 152 44 82 1 178 38 149 7 160 77 35 128 108 151 3 163 56 117 130 189 94 148 119 162 52 84 75 101 150 142 2 184 146 191 16 192 112 63 168 164 137 98 179 15 39 167 93 121 19 58 102 166 67 132 42 158 126 86 100 43 153 140 31 60 180 105 139 185 14 123 116 62 173 109 165 182 134
172 57 131 135 184 77 36 145 58 143 55 146 161 195 165 129 70 102 167 155 170 65 75 110 140 31 15 173 81 183 107 63 192 158 97 175 6 157 113 51 126 142 171 28 101 7 84 72 176 29 43 100 160 14 78 186 95 177 18 185 90 25 132 8 191 106 91 68 79 62 169 47 150 82 44 24 30 130 45 3 53 56 39 92 162 137 16 182 69 138 80 93 61 164 168 123 108 115 33 174
149 26 88 13 146 191 110 74 22 122 20 91 105 171 99 153 126 114 152 71 33 108 186 127 18 169 14 62 75 195 4 117 178 8 46 40 86 130 162 11 131 24 161 85 83 123 148 107 94 87 3 165 113 82 41 39 109 58 90 59 79 61 177 120 103 179 72 16 56 70 38 166 28 176 96 175 193 89 44 53 31 160 25 116 43 55 115 174 151 60 2 182 57 78 168 137 118 183 51 98
84 78 101 145 40 158 25 170 160 189 164 124 155 96 83 114 64 119 132 147 1 157 163 186 63 167 59 172 36 20 53 39 19 137 21 5 156 65 141 34 8 125 41 181 108 11 100 69 123 43 87 173 168 74 117 152 82 111 31 107 118 54 120 151 104 136 190 175 138 32 51 93 62 56 150 130 97 2 134 103 98 38 35 129 22 88 153 179 148 185 122 144 113 166 121 16 55 3 140 95
89 32 111 180 137 57 127 38 74 65 166 99 136 195 107 152 167 10 92 145 39 146 33 17 14 182 154 179 173 76 131 43 164 150 130 31 187 104 1 139 101 190 27 172 95 177 3 72 168 98 50 170 59 91 124 75 84 68 162 123 151 51 80 47 49 191 141 159 118 133 194 106 90 119 18 16 30 56 132 100 54 193 97 11 114 25 121 23 12 61 28 135 83 192 88 140 143 122 105 55
191 81 13 74 70 123 8 181 157 12 6 76 10 53 180 128 24 40 59 134 147 4 139 49 68 58 65 7 148 183 2 90 64 15 20 62 32 159 23 106 193 154 130 161 131 22 17 60 195 51 9 21 96 19 184 33 165 66 28 100 117 138 190 113 31 186 99 87 52 69 174 39 115 137 14 38 78 98 26 189 27 155 46 84 178 194 185 127 192 71 41 170 45 101 188 151 63 34 72 16
11 167 131 73 49 31 18 124 56 6 75 54 133 51 71 32 176 108 50 190 16 62 59 39 34 185 116 173 171 84 30 174 168 99 194 195 53 121 101 94 102 162 76 83 179 186 74 178 57 191 134 138 55 80 118 29 60 188 152 112 103 79 161 177 169 24 117 43 148 68 104 115 119 45 98 160 110 40 22 25 87 96 0 20 151 66 135 42 120 9 47 107 44 10 82 182 181 12 14 137
174 80 47 109 35 72 38 170 152 183 73 186 162 61 57 49 86 7 106 141 52 1 134 90 191 124 28 133 102 11 179 131 137 34 96 20 9 165 151 123 167 6 148 66 45 117 176 99 188 58 101 37 192 62 70 87 84 129 2 149 65 78 150 125 30 27 118 155 36 168 147 12 55 44 189 0 14 8 177 103 53 128 13 107 185 116 156 119 64 17 50 114 153 81 122 69 115 142 163 68
140 95 57 132 25 166 138 40 85 87 4 46 119 190 1 81 64 126 84 8 82 21 150 162 141 43 49 130 75 42 89 137 123 115 37 183 184 155 38 79 36 159 48 76 13 26 0 67 148 187 174 68 104 188 65 131 44 17 55 5 158 83 165 134 23 163 103 153 160 173 29 164 182 61 35 181 59 7 80 77 19 31 39 66 195 177 2 179 149 74 94 90 33 176 15 161 127 111 114 129
160 143 74 77 141 57 42 83 104 26 64 50 55 19 116 161 149 145 60 173 124 146 195 188 87 109 123 6 120 75 175 194 98 21 93 29 33 150 0 13 170 12 152 85 34 186 15 8 52 102 70 164 179 90 17 169 108 36 30 2 82 107 51 103 112 138 185 72 28 162 67 80 135 110 63 11 79 129 128 184 111 113 118 133 88 183 193 7 97 44 66 115 96 148 100 3 94 46 134 22
49 24 60 170 14 186 177 189 183 155 159 117 135 134 100 57 79 168 37 35 2 86 112 110 107 82 143 194 41 3 81 51 10 84 180 44 93 129 149 36 23 25 90 1 48 20 95 22 188 91 61 33 58 140 74 40 187 142 28 191 72 148 146 133 17 103 97 85 124 128 9 75 114 115 50 119 43 8 126 173 70 54 164 98 39 127 42 131 76 96 137 116 21 46 67 13 160 27 169 16
109 99 73 192 0 9 140 21 42 43 188 135 28 158 171 144 22 112 150 153 53 66 92 13 190 100 182 142 162 117 149 33 168 25 115 94 97 194 176 170 58 83 124 30 126 101 17 154 134 146 183 175 71 64 12 193 7 123 157 136 79 155 143 127 47 62 110 3 141 114 132 80 116 122 161 54 5 125 31 69 98 106 187 180 184 108 55 145 118 137 191 131 41 173 6 70 88 179 15 164
98 144 124 180 99 123 157 87 142 178 166 24 73 2 111 14 46 170 155 36 162 67 92 187 151 94 66 129 74 148 40 100 90 133 34 158 182 145 193 70 75 175 77 53 154 168 35 42 58 56 26 17 32 152 110 119 3 118 19 48 88 55 105 169 13 76 95 79 51 47 39 22 108 60 160 156 116 52 59 102 91 163 114 97 86 112 49 31 185 7 107 189 106 85 159 6 44 184 41 43
181 24 84 53 59 87 112 35 110 129 147 169 170 178 126 168 85 34 185 38 65 64 136 22 40 9 186 150 165 118 96 73 132 48 79 86 54 190 180 183 117 39 14 52 167 133 46 194 152 191 45 17 21 159 78 107 11 57 63 15 128 108 75 153 99 49 142 60 162 116 91 94 71 97 33 174 43 90 42 164 137 114 138 121 146 131 62 29 173 189 122 176 161 68 123 58 109 31 7 76
136 14 174 149 65 86 99 67 52 115 151 153 74 93 48 94 42 125 81 185 102 97 33 161 5 53 114 145 54 9 155 7 104 118 87 47 171 44 178 177 38 61 98 163 170 112 13 164 82 76 150 100 72 188 37 22 10 119 194 75 92 160 120 21 15 6 66 49 25 165 41 192 131 187 95 167 146 85 142 121 127 28 159 166 169 132 79 124 130 96 46 109 137 18 143 19 138 191 20 128
57 65 23 164 116 73 44 32 41 141 58 188 171 42 16 76 75 99 52 7 184 110 115 77 4 127 39 66 155 15 129 47 27 104 88 187 100 111 10 80 55 194 5 29 166 192 170 51 132 1 18 28 144 92 118 113 147 172 101 102 122 13 9 82 123 49 177 175 193 131 139 19 124 14 38 135 30 151 68 186 162 191 26 21 183 8 182 96 81 20 119 190 63 114 130 137 70 159 154 158
162 73 18 43 116 140 77 177 45 86 28 91 12 117 113 97 61 181 50 38 168 153 69 92 40 149 120 157 161 143 105 48 115 55 58 130 3 182 68 30 136 44 114 171 39 145 65 179 60 178 167 147 134 189 49 66 141 132 93 20 71 184 152 125 126 96 9 183 23 172 88 159 80 165 176 5 72 53 142 57 85 63 119 0 192 156 22 173 70 10 107 56 191 121 166 27 112 95 83 15
49 33 72 76 173 13 187 69 4 146 117 144 77 128 116 65 124 167 98 107 84 189 155 109 20 9 175 36 168 178 83 91 104 22 11 58 186 70 113 78 88 93 127 129 106 82 152 31 95 81 48 67 47 89 27 51 35 194 94 101 85 145 183 170 80 54 108 74 191 118 111 157 133 143 135 29 160 12 162 190 25 125 142 18 148 61 120 195 103 44 121 150 55 62 52 136 138 16 115 23
157 58 75 71 4 121 77 150 57 83 164 86 188 146 81 80 143 190 183 119 15 25 37 113 49 152 29 60 23 128 90 131 51 93 52 53 78 145 7 149 40 108 173 38 159 46 185 110 6 96 47 161 1 21 92 22 36 98 14 112 19 104 73 191 139 82 103 24 106 16 45 184 192 28 166 12 116 123 66 140 2 48 141 88 102 8 99 64 136 94 3 125 55 180 0 89 9 130 115 85
181 120 4 52 193 86 55 116 16 17 3 81 41 128 107 106 118 98 190 163 127 166 94 103 29 36 130 93 66 185 136 121 26 147 144 11 20 7 125 61 160 158 85 174 24 63 21 56 18 100 129 74 183 108 13 97 96 137 77 84 187 75 8 189 171 23 80 14 62 168 138 113 151 141 186 50 46 170 109 188 22 90 157 53 19 48 87 65 64 150 179 131 178 122 35 153 110 25 167 68
112 122 38 47 30 94 34 42 71 157 129 148 134 73 149 67 142 26 82 96 27 13 136 24 183 92 105 78 46 21 189 135 164 191 12 52 11 159 115 147 0 16 141 124 110 75 184 186 43 66 14 54 143 77 107 68 162 192 155 130 91 167 8 108 144 138 72 145 153 56 140 181 156 49 5 195 74 166 179 59 41 64 90 169 102 121 44 173 69 187 160 2 171 89 28 127 117 93 113 86
48 95 52 147 116 84 97 91 79 125 126 120 2 87 39 137 85 75 0 93 24 159 13 7 64 161 90 136 173 68 130 164 194 129 119 50 178 23 122 176 51 191 77 175 21 9 144 12 11 4 127 8 179 156 102 117 192 172 76 47 16 169 63 182 181 183 83 100 165 43 72 118 81 44 115 17 33 6 133 186 114 143 58 82 70 134 138 166 180 99 56 78 3 188 55 66 107 109 67 142
34 20 79 27 139 41 135 69 21 4 103 91 96 143 151 124 48 87 86 120 50 149 54 179 145 130 85 100 189 134 89 171 44 167 53 19 131 191 104 94 133 114 70 129 107 156 18 17 78 186 26 144 67 176 24 106 177 170 148 81 22 152 88 123 121 32 11 185 174 116 1 14 38 37 98 64 175 190 10 113 42 25 84 92 159 80 153 127 118 76 165 168 5 160 126 3 180 169 194 99
55 5 70 28 3 71 178 37 56 50 27 143 195 163 141 130 16 36 41 164 146 127 57 113 152 48 142 35 99 156 160 72 104 128 84 134 88 83 171 186 189 45 135 96 154 53 177 182 51 78 21 116 6 136 149 22 183 40 147 79 7 126 170 12 194 61 157 89 76 132 105 191 150 117 138 13 97 114 64 167 155 60 39 172 98 38 175 173 43 92 26 8 9 162 75 133 10 140 121 73
78 135 94 124 40 118 25 6 128 72 146 51 144 108 7 21 11 1 57 23 70 120 117 0 59 22 158 104 39 195 163 90 80 189 54 110 49 171 2 34 76 188 111 5 156 42 10 141 4 183 190 122 79 95 178 85 27 169 193 164 121 29 89 176 112 150 97 87 152 82 86 192 28 143 47 107 137 157 159 155 166 69 20 129 153 24 172 177 130 74 136 116 38 53 8 109 73 123 61 62
22 84 31 90 173 39 88 128 70 177 155 141 17 72 3 25 49 68 190 133 139 69 175 54 186 52 41 4 60 162 131 171 125 179 34 44 36 82 80 48 154 188 8 151 126 94 37 108 172 143 91 56 45 178 109 149 160 163 27 147 124 29 6 61 86 146 104 136 77 107 83 135 33 35 114 71 129 78 134 110 187 7 122 23 2 193 46 32 165 119 65 121 105 93 79 152 58 161 191 120
169 128 146 32 68 22 8 93 28 56 64 148 109 3 182 6 53 116 14 66 165 162 144 138 121 132 84 155 35 142 4 167 74 90 78 170 176 185 102 83 105 1 11 95 25 61 150 118 87 40 123 65 58 97 17 168 163 48 85 0 43 50 164 111 67 24 161 104 44 183 194 82 62 54 13 9 110 55 115 26 143 171 10 30 63 29 120 125 152 92 77 47 27 73 101 186 33 80 98 149
88 74 99 50 26 140 122 2 43 33 124 165 152 100 153 192 80 119 113 98 189 83 1 25 38 52 176 168 104 97 173 57 105 139 150 45 188 135 112 130 167 67 13 8 142 71 84 191 34 137 159 101 24 9 128 93 77 109 141 161 145 42 73 131 116 138 66 32 136 129 28 62 127 148 90 181 81 123 111 175 44 163 47 46 61 151 70 178 11 170 179 164 125 162 14 149 30 147 18 12
34 32 50 113 24 4 138 130 92 133 30 143 160 14 88 44 121 123 149 6 77 108 109 82 53 112 33 66 65 131 40 70 171 94 87 49 125 10 177 3 13 39 36 54 62 189 35 141 151 152 38 132 110 111 129 159 122 93 85 162 172 179 134 51 45 181 178 57 183 67 71 25 107 22 19 116 18 28 185 16 104 29 146 69 81 103 182 80 120 135 175 90 148 155 21 55 176 188 15 167
16 91 154 136 78 146 27 143 50 85 139 19 159 64 95 122 25 0 63 22 174 168 79 56 111 4 61 94 36 35 183 169 70 86 170 177 167 88 156 76 178 104 132 65 107 39 133 34 29 77 5 182 14 69 191 2 6 166 90 18 10 153 15 96 32 33 108 20 28 45 120 99 165 173 46 119 176 193 83 160 115 175 189 192 31 118 17 1 68 116 67 164 37 40 43 24 131 98 75 57
9 109 37 161 53 34 189 141 185 69 155 108 83 139 171 72 30 52 33 102 36 10 135 100 15 25 150 138 5 163 158 165 152 63 116 61 17 132 28 133 194 113 104 85 173 162 81 166 190 48 55 143 98 182 101 193 127 179 23 70 180 124 134 42 191 19 45 65 154 120 105 91 175 86 117 14 67 125 174 3 187 170 181 7 21 123 126 56 93 178 167 71 51 75 84 137 164 38 129 159
189 89 105 124 4 38 167 10 113 60 55 59 159 6 33 168 112 151 142 36 82 43 78 52 137 176 53 9 181 56 71 138 41 95 58 146 90 152 81 63 45 20 162 35 21 190 7 93 165 74 91 127 184 160 11 132 34 103 121 92 86 85 163 96 156 141 175 3 24 50 62 2 108 177 40 106 153 88 80 171 19 83 130 134 65 118 195 8 79 125 87 23 183 51 150 15 128 187 174 99
99 64 151 18 20 15 13 45 150 123 182 87 116 94 189 149 81 195 109 158 119 139 24 136 48 135 126 84 159 8 125 83 177 105 137 63 170 127 156 38 34 77 62 23 128 169 10 142 154 52 69 184 186 183 138 194 71 172 160 32 11 1 58 70 145 120 27 65 89 40 49 134 146 141 35 26 72 50 75 37 178 17 57 73 174 121 104 131 12 74 124 171 190 157 16 185 67 96 5 188
109 43 12 76 134 145 13 6 91 104 68 123 173 185 81 79 143 100 95 38 116 21 194 25 16 73 26 127 39 82 189 183 9 11 136 178 138 170 131 103 27 41 181 35 113 17 92 63 167 163 195 42 182 105 175 94 61 158 177 192 4 135 119 56 53 24 150 37 186 89 149 156 66 144 120 142 20 23 30 151 133 162 125 147 28 62 40 50 169 75 18 193 55 187 101 54 99 132 174 51
115 137 126 73 102 70 111 55 152 117 156 104 101 158 36 187 127 26 139 10 59 174 91 87 154 103 88 157 161 132 29 60 52 179 108 37 148 22 188 180 97 14 165 23 38 86 193 21 107 80 67 63 78 43 114 92 151 39 185 71 19 177 124 136 16 49 82 162 189 62 112 116 99 4 68 44 15 110 129 48 69 178 172 6 54 58 9 105 163 128 94 61 123 160 183 167 171 195 186 77
