27 72 69 98 92 5 63 93 66 74 30 57 84 19 34 67 7 20 44 16 111 112 37 60 96 50 76 46 29 82 33 100 87 13 55 25 65 58 95 78 73 94 24 2 3 97 81 109 61 15 42 10 101 53 99 88 6 1 118 107 91 71 116 106 79 28 103 48 117 80 68 102 35 32 17 0 36 62 70 108 12 43 47 22 51 75 64 8 41 18 105 4 113 52 54 56 104 23 45 59
0 14 91 31 83 95 82 60 88 96 59 70 4 97 69 107 92 34 33 50 90 8 68 62 47 117 46 102 35 113 52 15 100 26 109 24 78 98 19 57 111 64 32 3 30 1 25 6 112 41 39 72 110 106 38 84 86 16 12 89 13 29 11 114 28 105 77 7 27 37 115 99 85 87 44 79 40 51 76 66 55 65 71 53 5 45 103 61 42 118 81 93 20 94 48 22 80 73 18 101
20 1 99 3 84 85 32 68 48 115 56 2 65 51 38 26 91 22 23 27 29 109 36 11 118 86 92 67 73 42 41 97 74 21 96 83 117 66 107 116 19 13 112 14 71 15 37 16 77 0 6 110 44 8 54 103 76 30 59 64 94 81 61 7 40 9 24 70 104 108 114 53 111 49 95 106 75 72 5 60 31 52 90 82 100 12 35 39 87 45 63 17 89 78 28 88 101 102 62 43
78 65 38 119 71 100 45 88 107 40 55 104 99 21 9 74 54 37 6 77 113 23 32 80 12 116 89 82 39 18 60 5 58 87 25 115 35 10 92 19 84 16 103 26 31 4 111 3 102 14 96 90 33 28 51 29 83 66 79 63 75 46 0 69 73 97 50 11 70 95 101 62 22 49 112 109 44 93 42 8 43 105 36 114 86 91 2 48 81 53 85 94 15 108 68 1 56 117 34 17
13 72 36 53 116 96 19 48 119 113 83 43 44 30 8 41 78 28 42 21 11 118 16 101 94 46 99 57 7 50 104 112 62 66 84 9 106 73 81 59 15 108 89 33 3 103 105 71 107 23 90 63 110 77 92 88 68 32 20 97 24 91 86 6 47 10 52 61 49 100 114 12 115 56 26 25 17 64 35 117 5 109 38 34 85 45 65 2 76 37 60 14 69 29 27 31 54 98 70 93
11 57 28 104 59 0 88 89 34 39 30 107 7 24 86 55 38 98 18 31 9 5 66 61 70 56 48 33 6 37 63 4 47 78 64 62 32 83 81 50 49 52 46 51 23 69 99 84 87 53 3 119 54 75 110 25 14 29 17 72 85 102 26 58 71 114 74 15 43 76 42 13 80 97 40 21 106 19 10 101 91 113 45 112 96 95 105 117 90 94 20 41 8 82 35 36 60 103 65 100
3 25 59 95 86 74 61 17 92 14 111 73 33 44 66 105 57 16 32 43 28 41 90 101 30 100 9 83 45 98 97 4 40 18 69 6 91 78 52 80 5 79 39 21 94 119 84 49 108 31 115 82 15 36 99 106 53 70 110 64 87 67 68 54 88 7 71 29 10 117 2 34 1 51 48 109 65 47 12 55 58 93 37 96 42 118 72 38 116 81 46 103 0 77 13 89 24 22 107 85
77 56 106 102 8 75 1 6 21 80 38 78 94 12 33 0 27 101 52 4 97 9 44 42 82 96 19 91 40 59 13 39 47 48 17 35 98 109 86 37 81 100 92 71 34 84 28 67 93 18 89 79 46 99 49 116 14 119 7 32 25 23 108 58 63 26 85 66 24 88 104 22 95 74 118 51 103 29 68 62 10 36 110 55 53 111 15 112 115 43 114 64 83 5 65 45 107 69 50 54
55 59 79 23 54 57 72 41 77 37 8 78 53 35 36 81 6 90 100 119 22 19 27 113 114 63 43 66 50 106 11 42 14 70 45 34 3 98 7 80 118 2 75 28 110 93 0 85 74 13 103 56 89 10 64 88 87 58 47 96 112 29 38 40 115 105 91 48 69 15 76 62 104 67 46 33 109 94 82 26 61 12 9 108 52 73 25 49 111 116 5 20 117 86 71 30 102 1 51 99
65 14 97 0 87 3 49 61 109 45 115 22 69 16 50 36 37 12 79 27 32 118 80 46 2 101 24 108 19 34 117 59 68 28 7 10 48 62 20 57 15 53 93 72 94 91 70 17 78 74 71 11 26 95 13 73 98 63 6 111 39 44 42 5 40 4 51 56 25 47 104 83 1 75 60 38 29 86 77 100 119 110 30 41 90 43 58 31 107 99 33 8 112 54 106 9 102 64 52 103
107 106 81 36 32 28 72 38 4 114 116 34 115 57 21 19 37 54 27 91 93 67 48 113 29 109 50 3 33 102 111 100 108 94 96 10 60 6 24 69 97 0 95 118 62 92 17 13 53 26 14 73 79 30 75 103 64 23 110 77 71 66 78 105 55 31 20 80 99 65 51 15 119 68 22 1 40 11 83 47 87 117 74 18 56 59 16 61 76 63 7 89 44 90 9 86 5 45 82 42
99 54 97 40 93 81 8 90 33 16 23 4 9 63 11 55 6 41 13 67 115 96 51 113 83 58 91 74 57 27 61 70 77 60 2 44 117 43 46 85 76 71 92 53 86 14 107 82 118 49 98 45 3 69 101 39 19 32 35 29 10 37 95 112 59 73 25 22 111 48 108 42 75 105 50 52 34 79 12 7 100 30 84 94 66 114 78 68 106 36 64 119 80 20 24 21 18 31 38 28
92 115 107 116 7 66 15 99 63 54 40 64 71 4 29 65 85 75 12 14 82 57 43 81 86 117 19 53 41 38 96 21 17 108 79 48 27 112 102 42 18 68 51 49 32 44 97 93 76 60 90 47 10 100 72 2 39 101 36 109 114 55 52 26 11 37 94 83 13 31 56 105 104 74 35 110 95 46 111 77 33 59 84 20 6 62 0 58 67 61 119 106 23 3 28 22 25 103 8 80
30 75 33 107 117 67 35 44 106 101 22 46 54 81 108 28 21 118 11 10 36 52 37 72 62 12 0 45 24 116 6 74 29 59 1 26 93 9 39 15 55 95 34 48 43 87 49 109 23 19 84 47 105 7 102 80 57 113 16 60 18 111 76 50 112 53 20 78 90 110 40 86 85 65 5 51 69 94 63 114 4 92 77 115 89 31 103 71 56 82 42 13 58 97 91 64 27 38 100 119
58 0 62 94 5 88 84 13 51 54 41 66 36 80 21 71 67 39 119 73 22 37 15 42 98 102 112 28 18 75 50 44 31 91 34 55 90 19 76 11 4 63 83 77 106 40 32 3 56 46 48 16 43 82 52 8 10 111 104 114 33 87 81 53 117 60 7 9 64 14 57 92 2 69 108 68 115 103 78 23 79 89 99 17 101 59 1 97 100 49 20 74 6 65 61 35 45 30 85 96
86 74 100 33 60 82 92 21 84 69 46 108 78 75 13 4 48 27 116 62 117 76 22 2 40 64 41 47 71 25 36 8 81 109 20 99 37 96 65 18 17 66 98 118 59 30 29 53 54 94 23 88 114 67 50 111 51 31 14 101 42 61 55 0 24 49 12 58 39 87 104 57 73 102 110 35 115 63 7 83 95 28 91 11 52 89 93 107 43 85 70 106 16 5 90 38 9 105 103 19
1 46 77 47 78 99 118 27 49 17 13 56 76 102 3 90 95 75 89 64 15 91 58 59 98 117 48 19 69 72 24 33 9 41 54 10 101 53 103 115 96 5 45 88 70 22 55 66 65 94 80 82 110 92 106 50 25 93 119 114 71 85 109 57 21 38 31 11 28 74 107 16 6 86 40 35 39 60 37 108 29 12 36 4 87 32 0 79 14 112 8 20 43 44 23 97 2 7 42 67
77 94 3 54 110 48 113 70 56 98 100 111 63 19 5 68 42 91 16 71 58 38 41 117 46 85 88 4 15 102 21 89 1 65 40 50 37 45 97 82 23 44 62 74 22 29 33 114 72 32 108 80 93 9 31 10 7 84 52 78 119 17 67 96 116 95 30 118 73 112 28 53 79 55 69 24 99 20 104 115 107 60 18 27 34 36 57 39 106 59 103 75 26 101 13 109 66 81 92 11
64 8 17 10 119 41 108 48 46 92 2 72 76 62 28 117 21 112 69 67 31 19 23 113 4 93 52 16 81 99 101 98 70 83 24 111 51 3 27 53 104 33 68 45 109 91 115 0 47 5 7 58 20 100 86 103 96 32 6 90 77 43 30 88 36 79 13 9 97 80 107 84 63 85 29 11 95 116 94 18 49 61 59 89 44 56 39 26 110 40 106 50 66 87 65 38 118 22 105 35
6 49 60 28 33 9 111 71 46 72 14 73 15 34 97 50 48 45 40 82 0 59 37 11 77 100 47 104 36 79 86 101 99 116 80 88 95 2 4 1 12 21 106 54 84 85 52 7 27 5 92 119 117 26 31 70 30 3 93 67 105 23 112 74 107 55 83 78 22 42 17 103 39 64 13 44 18 75 65 20 51 35 25 110 43 38 98 113 56 61 10 87 24 19 118 57 76 63 68 16
85 3 30 5 34 32 81 50 116 47 68 65 78 71 106 17 35 49 51 6 13 58 19 110 31 77 36 69 41 117 26 16 56 94 42 44 21 28 102 53 67 86 43 7 105 40 55 75 37 89 108 52 97 79 8 73 84 0 15 119 1 61 63 9 33 45 80 115 92 93 22 54 64 60 18 11 98 112 91 4 99 72 48 83 2 82 88 113 87 57 76 104 101 23 70 109 39 118 111 20
61 75 87 51 71 58 26 14 4 45 0 103 17 23 92 73 21 35 85 20 57 9 56 72 68 79 104 49 50 69 36 84 41 94 107 101 118 77 2 64 80 91 25 108 102 105 46 93 53 98 13 3 8 40 22 100 82 12 19 78 115 54 44 18 114 90 112 116 70 37 10 111 34 109 48 62 89 15 81 65 97 55 5 63 30 83 88 52 11 7 119 66 33 42 43 59 86 31 96 117
22 71 43 98 1 16 106 41 83 55 82 12 108 49 89 18 90 73 117 118 50 111 87 32 37 64 114 53 31 21 3 100 54 25 101 56 4 14 69 95 26 78 59 19 68 119 60 27 46 13 2 72 70 8 15 93 79 92 29 67 44 17 0 81 91 62 42 110 113 33 74 85 65 116 58 30 36 7 47 107 80 39 48 112 105 9 99 102 63 6 57 104 88 28 10 76 77 24 96 38
1 42 0 18 47 39 44 95 91 25 3 103 26 56 90 118 53 102 8 62 65 13 40 113 106 28 64 34 19 59 29 96 74 32 37 15 107 108 5 66 115 68 76 60 75 67 114 109 58 16 72 50 31 80 69 11 94 81 111 43 30 17 79 6 82 20 97 54 73 70 116 85 27 105 48 71 84 14 24 49 88 4 92 117 52 22 36 35 33 83 23 99 89 112 87 100 86 51 61 12
82 78 5 35 4 62 61 111 43 81 91 0 112 84 60 85 64 22 63 108 73 7 117 76 36 104 90 68 70 45 37 116 74 110 58 34 50 20 32 95 47 16 8 118 46 13 55 51 86 100 15 28 99 92 101 56 29 77 54 2 93 3 38 30 24 25 89 12 49 17 40 39 26 10 119 113 53 9 103 14 18 65 67 94 96 87 83 31 27 105 57 80 33 114 109 1 59 88 97 75
73 32 30 15 104 36 41 117 66 98 57 25 78 23 49 69 62 31 99 112 87 59 6 111 29 79 8 110 40 44 2 24 105 115 106 53 119 0 20 35 97 9 33 91 18 83 113 50 51 89 77 80 55 52 107 10 65 39 47 72 85 13 76 14 1 61 3 46 109 74 45 75 12 92 7 27 71 38 116 67 82 88 96 103 19 21 56 17 34 63 16 90 5 54 93 4 28 48 42 100
2 3 48 102 51 61 8 22 38 4 69 7 83 103 16 98 76 92 29 47 43 114 55 14 113 9 20 26 60 77 90 31 109 23 18 41 104 34 118 17 99 106 35 36 12 0 107 116 81 96 70 84 15 75 91 54 108 65 66 6 71 79 95 101 57 27 100 45 86 42 28 67 24 111 50 85 58 52 5 72 56 62 49 33 32 78 82 94 10 64 39 89 30 68 115 110 13 19 63 74
3 90 92 51 0 31 49 2 77 72 113 80 9 89 91 116 53 109 6 47 81 79 8 32 82 28 88 30 63 38 45 36 112 74 106 10 15 50 17 73 19 85 107 42 115 75 20 1 54 13 27 33 99 62 46 21 40 97 70 4 16 103 14 61 69 78 26 118 34 25 95 24 71 83 68 60 100 59 110 101 117 102 41 12 35 37 5 55 29 87 66 43 11 64 57 56 111 105 84 39
57 98 37 102 91 61 38 7 65 101 62 35 60 84 78 41 114 94 10 107 34 12 111 48 100 68 16 73 66 15 83 105 24 92 30 9 87 109 117 20 26 89 106 40 33 31 0 3 88 44 54 115 36 4 103 42 17 6 81 75 53 55 72 25 64 67 110 118 119 43 74 70 47 69 28 63 1 14 77 99 13 116 97 52 59 96 49 18 104 112 29 108 86 82 46 113 39 58 95 21
71 35 47 52 13 83 65 106 20 96 29 93 17 102 89 97 16 98 78 118 46 79 39 94 5 10 92 34 18 37 68 80 28 48 110 91 51 117 81 75 36 116 50 59 19 67 7 42 73 1 54 66 38 61 9 27 82 107 108 57 55 87 6 58 95 25 22 109 33 11 77 0 3 90 43 113 44 84 114 112 40 76 86 31 8 45 32 62 4 103 101 14 99 72 69 70 56 21 41 26
89 72 69 39 44 36 71 20 47 91 56 30 29 17 53 116 42 46 96 52 51 98 90 18 61 100 106 9 31 75 34 24 115 103 16 84 118 88 63 5 111 50 26 7 12 4 117 33 3 83 66 13 112 58 59 92 107 94 2 38 77 67 119 85 48 73 76 99 93 23 27 35 80 79 57 0 45 101 25 114 62 78 74 64 82 102 81 15 60 22 11 19 21 49 105 10 104 54 8 14
47 62 71 33 114 9 98 17 20 58 1 44 96 28 49 66 8 61 116 32 15 92 73 45 14 65 72 5 6 57 10 23 22 102 70 59 115 118 119 50 74 41 77 110 68 100 64 95 75 56 112 3 46 88 89 63 51 84 31 103 91 79 111 24 40 80 26 29 11 97 85 21 4 81 52 43 53 104 48 60 94 67 38 35 108 54 13 27 30 82 113 34 19 7 25 109 0 93 78 2
39 24 32 55 11 30 7 36 61 25 112 22 50 68 53 12 4 15 118 65 16 79 103 1 29 14 57 47 2 72 102 64 94 83 8 44 100 108 19 99 46 13 93 80 41 51 37 18 106 66 109 77 26 56 97 20 48 35 110 42 52 119 104 21 81 115 59 67 5 69 114 92 85 117 23 88 116 73 71 34 43 0 62 70 27 58 74 6 107 76 113 33 90 63 9 111 91 17 82 10
43 35 46 105 26 40 83 10 100 12 69 118 75 37 32 7 84 42 41 91 61 68 14 30 112 66 52 78 111 114 72 17 20 51 36 47 115 87 50 99 86 0 62 64 23 15 92 117 88 18 96 81 82 94 73 74 11 93 109 70 116 113 9 89 38 27 8 29 106 22 13 48 21 58 44 101 98 49 102 104 4 65 28 63 110 16 79 25 97 19 6 76 39 5 55 119 85 60 54 77
68 114 97 104 52 31 9 3 0 8 35 39 90 6 74 113 53 51 99 21 69 117 108 22 86 111 59 65 96 17 79 88 119 110 91 10 34 62 29 89 56 115 116 93 75 2 37 19 87 54 46 1 41 12 55 7 38 81 36 23 73 109 67 70 98 64 16 28 33 76 43 40 32 118 77 14 30 106 27 85 15 47 25 26 82 107 4 60 78 50 45 24 44 95 20 101 42 94 49 63
80 51 87 20 109 6 39 9 45 118 29 89 98 74 23 42 18 76 34 16 94 63 82 115 95 19 58 79 3 56 33 27 46 4 70 85 99 84 114 83 7 55 2 37 100 93 17 22 14 11 110 102 72 66 43 96 78 97 113 5 106 81 88 28 0 36 71 103 111 50 54 1 47 91 13 10 12 90 48 75 116 86 32 62 117 59 25 69 24 52 31 8 108 57 92 61 112 65 77 101
42 104 102 57 11 71 62 67 53 70 37 114 3 99 5 79 23 24 95 46 10 47 21 97 2 6 39 103 32 43 84 108 90 4 77 80 76 89 60 9 30 86 83 12 50 40 16 54 85 36 56 34 29 98 110 49 112 15 72 63 35 69 75 31 8 41 17 25 66 101 44 106 26 113 74 28 38 22 82 119 116 58 13 107 91 88 100 87 117 61 115 27 109 94 65 0 20 55 59 111
10 114 36 78 22 74 1 85 93 77 89 53 55 46 52 48 58 14 33 44 106 61 90 41 26 35 73 108 84 7 71 37 98 104 2 3 102 110 60 82 83 31 38 8 27 63 112 100 97 39 72 86 113 109 96 30 0 4 87 66 68 13 28 99 23 25 107 24 45 43 75 29 32 81 115 57 40 17 103 116 16 69 49 42 94 62 19 92 88 76 79 95 20 59 70 34 111 65 11 18
9 69 101 79 24 32 93 119 13 92 91 11 1 38 3 52 12 58 47 5 48 117 42 54 34 86 118 51 63 88 8 14 109 85 71 27 7 94 114 90 83 103 10 82 73 113 2 37 115 104 77 99 66 108 21 80 33 102 40 111 76 107 28 106 49 81 36 60 78 57 64 29 67 18 110 46 22 59 45 41 23 98 68 105 35 96 87 89 62 15 43 70 100 74 95 75 4 53 17 84
52 117 33 65 67 73 53 11 110 61 15 29 1 14 63 12 119 94 114 6 16 37 60 86 113 47 17 78 103 22 96 70 69 79 105 26 80 9 97 90 88 46 108 35 89 115 107 7 100 56 77 102 116 28 30 83 38 44 98 45 41 4 62 87 32 71 66 75 34 8 3 112 40 23 0 64 25 10 91 106 57 55 18 93 72 59 76 49 36 109 27 54 82 13 84 81 48 20 24 101
12 25 87 40 85 116 59 20 107 115 18 9 49 46 41 113 111 39 16 97 117 54 106 50 82 7 0 36 99 28 105 33 67 66 24 103 91 70 119 30 8 51 89 42 69 37 93 32 109 34 60 5 77 31 104 19 14 56 96 26 13 47 55 76 112 27 53 79 94 64 65 68 81 102 110 22 1 35 6 17 23 10 62 75 29 92 84 4 73 45 90 3 108 43 21 88 11 2 61 74
114 40 71 92 27 45 113 12 94 116 119 74 11 46 102 52 62 112 87 1 111 42 109 30 9 6 19 80 3 39 58 118 96 105 49 37 90 97 41 55 67 83 63 79 91 0 108 24 88 50 107 117 100 17 33 89 81 38 77 16 61 8 34 73 101 64 93 57 5 51 110 13 72 20 106 78 115 86 29 66 23 68 10 53 28 103 56 2 104 76 32 14 7 44 36 35 31 59 82 98
58 74 41 61 16 36 102 111 26 87 8 94 115 68 48 84 104 20 35 117 57 56 51 62 11 65 93 27 13 64 108 37 107 98 96 78 75 7 101 32 6 77 38 105 119 72 59 86 12 39 2 82 70 54 3 67 34 17 50 28 19 49 42 33 5 99 40 60 47 0 114 14 90 55 21 31 106 53 80 1 92 66 22 91 83 24 23 116 81 110 52 46 85 113 69 29 15 43 9 25
82 112 59 95 46 55 17 18 34 63 36 98 6 107 119 47 93 97 1 100 31 4 37 90 91 108 5 84 21 20 96 11 106 77 3 24 92 43 111 70 26 74 23 60 22 45 64 104 89 50 9 68 58 83 116 109 67 115 86 72 57 39 19 33 62 13 99 61 25 49 80 56 105 28 7 110 69 79 103 114 8 12 29 66 42 15 73 14 44 16 113 54 75 102 0 38 81 88 65 2
43 110 5 71 40 16 4 54 6 83 61 56 94 103 48 8 64 32 23 1 27 31 21 115 34 72 73 10 55 111 30 112 96 65 42 88 17 74 68 102 75 3 66 84 118 85 93 69 11 9 95 49 107 12 70 58 28 18 82 106 108 39 51 76 119 86 26 41 67 105 59 101 63 91 2 22 24 81 45 60 53 100 89 35 109 33 79 87 78 13 47 14 15 36 99 114 77 44 29 98
110 98 69 101 33 96 44 53 17 5 88 105 93 43 42 111 90 35 81 75 64 60 76 80 82 15 70 117 74 40 79 108 95 77 59 87 28 29 24 109 61 9 12 72 68 116 46 3 57 86 36 2 52 55 4 11 21 113 97 71 47 0 106 58 1 10 22 14 83 41 99 23 7 112 118 119 91 13 48 115 62 104 37 103 30 38 66 100 50 26 114 45 8 49 94 85 27 34 73 25
58 3 5 68 12 105 90 42 35 116 117 31 92 85 41 78 74 119 30 19 106 102 18 52 21 61 27 66 115 73 80 101 28 4 59 87 94 2 110 48 91 67 7 100 37 55 111 40 98 109 32 77 6 97 72 49 93 15 44 103 112 88 11 118 34 64 57 20 108 69 46 114 10 14 45 86 104 47 39 89 1 51 70 63 113 75 84 25 8 9 43 50 33 81 83 17 99 95 62 71
84 114 19 69 8 74 101 59 29 41 49 61 47 113 82 86 96 13 24 31 37 100 99 108 5 70 94 119 34 3 67 62 58 48 46 87 27 85 75 39 65 71 91 18 57 40 72 15 115 95 23 1 103 38 30 105 68 76 110 93 36 106 63 77 107 111 9 88 117 33 43 16 35 50 26 79 60 51 7 116 64 17 45 53 66 73 12 83 42 109 32 21 78 98 56 112 22 14 80 102
7 82 9 13 116 48 43 58 94 38 83 88 35 103 11 114 79 5 67 84 97 61 27 24 46 1 26 113 70 12 108 56 60 4 29 39 74 110 93 90 8 28 102 20 96 47 66 92 36 51 63 85 87 105 101 54 10 57 115 22 89 65 73 3 98 30 100 6 16 32 95 111 64 91 45 72 69 80 112 75 104 2 86 21 55 53 106 31 117 71 78 34 76 59 107 62 15 37 50 41
90 114 108 38 55 32 68 86 16 18 15 25 11 115 105 29 116 76 51 41 46 103 74 87 95 72 44 40 6 24 12 13 21 2 4 79 57 63 39 97 26 111 50 48 101 118 119 88 94 61 37 7 109 33 54 84 9 71 20 1 62 35 19 53 99 14 67 17 78 77 82 85 113 93 31 28 56 70 107 58 91 5 117 83 49 34 10 81 8 23 80 92 89 66 73 60 102 96 27 59
79 25 43 116 106 90 56 1 45 112 9 11 41 62 76 27 63 26 58 67 36 72 81 19 30 118 69 96 48 23 65 40 22 107 55 0 84 35 108 46 119 98 14 86 6 104 111 89 75 92 71 93 117 100 53 28 42 47 10 115 49 31 51 114 12 88 101 68 32 44 85 34 102 74 70 97 110 38 59 39 4 2 7 61 37 80 24 109 99 64 103 13 16 57 52 20 87 77 8 91
29 97 21 61 34 109 90 105 103 33 42 101 37 66 4 110 38 55 7 76 6 11 70 111 83 26 89 116 57 77 96 93 86 5 106 80 12 115 16 52 50 68 14 51 98 46 19 1 82 35 94 9 112 100 18 99 84 2 22 36 54 31 60 20 72 92 44 17 75 0 74 58 117 73 114 104 81 8 59 41 71 39 85 32 13 69 43 65 15 24 48 118 67 56 102 88 3 10 45 91
36 104 119 48 21 65 98 2 68 115 106 94 45 114 8 112 107 22 77 67 49 10 46 40 105 86 37 17 97 63 116 62 50 14 55 9 6 69 16 90 58 88 13 81 27 96 52 7 89 117 30 35 56 95 5 118 93 111 43 110 108 57 74 109 85 99 25 53 64 75 61 39 11 44 60 70 82 24 29 72 79 38 84 26 28 20 66 0 59 73 4 87 33 83 32 100 1 19 71 42
69 71 53 73 89 62 9 64 92 4 42 61 35 70 87 37 67 91 56 57 116 65 102 111 20 81 118 7 96 58 78 12 22 82 104 95 109 28 98 88 68 76 90 86 11 51 52 3 74 43 5 59 99 45 21 112 18 41 48 75 97 115 36 25 83 84 29 0 85 66 80 10 15 55 106 47 108 32 16 54 39 46 40 72 31 2 100 30 93 103 110 77 44 101 60 26 13 50 119 107
119 7 12 4 82 32 37 64 104 112 2 43 25 24 45 22 74 105 73 47 93 102 116 108 52 68 20 113 14 18 44 34 65 30 101 75 72 66 59 92 63 84 80 28 81 86 13 88 19 91 33 23 60 27 16 29 100 77 61 111 42 95 8 97 87 21 48 57 58 106 55 109 17 115 83 26 98 71 46 31 103 67 79 114 70 3 118 11 40 0 41 39 49 38 53 90 62 110 89 107
30 94 81 77 61 110 46 8 21 54 74 62 34 22 3 1 118 12 4 5 45 69 57 68 84 48 95 64 104 86 38 112 102 67 63 19 51 108 119 25 101 0 7 39 55 92 35 98 16 99 47 90 20 44 76 93 56 82 49 75 37 79 85 32 14 9 91 73 31 103 111 27 107 96 58 50 18 29 106 66 88 78 65 113 80 117 23 115 6 114 60 89 83 42 100 109 11 26 116 97
58 88 15 106 73 95 72 89 20 28 63 38 14 109 26 13 91 92 62 57 18 33 11 56 48 37 51 36 99 3 44 110 103 34 87 64 30 76 112 10 97 78 22 108 100 118 54 61 84 23 74 105 116 70 24 52 45 107 65 69 115 98 21 46 117 77 19 8 7 68 75 79 96 6 49 9 90 104 1 114 27 31 80 55 2 85 29 113 59 0 53 43 50 39 93 17 25 40 16 32
118 66 27 38 13 93 34 89 58 111 63 37 51 82 53 10 5 97 94 2 62 35 61 92 65 52 47 57 9 71 88 39 42 12 29 114 1 79 99 103 105 31 19 56 87 102 67 90 15 101 45 30 108 23 55 70 60 77 11 68 43 18 112 109 3 119 14 110 86 100 80 24 83 74 21 8 106 48 95 33 44 26 40 4 104 7 81 78 28 41 76 54 59 117 73 85 84 116 46 50
83 85 35 78 58 110 63 19 41 69 113 62 108 2 117 49 11 9 59 61 75 105 95 28 73 32 31 109 40 34 5 80 101 88 43 20 94 60 1 116 52 89 106 114 82 24 102 18 96 22 14 72 76 111 79 65 7 77 97 67 112 4 98 21 103 99 87 54 119 46 36 53 93 38 104 33 27 90 47 30 91 57 23 10 68 100 48 71 29 92 15 25 3 55 16 115 44 56 74 86
67 28 39 59 70 17 8 116 23 119 33 63 101 103 64 19 24 93 76 98 68 73 58 60 99 96 66 1 42 53 30 111 106 62 113 92 9 29 94 72 83 114 15 56 104 75 71 108 88 12 47 54 102 52 115 13 32 21 48 51 31 91 89 117 36 95 10 38 87 110 22 84 41 112 46 82 81 25 5 44 80 18 27 79 11 90 26 7 55 20 109 69 34 16 118 77 3 43 0 97
43 55 16 93 83 6 63 64 88 85 4 105 26 71 49 56 104 38 34 17 46 54 2 52 82 51 80 47 72 19 118 39 97 42 110 50 10 84 106 67 111 73 101 78 98 113 3 69 115 15 0 59 36 70 23 60 79 32 18 65 89 13 96 116 1 9 92 58 24 62 21 22 81 29 33 66 31 109 74 61 112 68 57 35 87 30 95 37 86 90 108 102 107 5 28 75 100 76 103 40
90 35 1 91 6 115 66 65 116 16 12 24 22 42 56 87 111 41 10 77 55 114 89 99 52 47 49 3 58 110 13 69 43 92 18 94 15 104 97 64 98 73 62 83 60 70 27 14 11 5 45 19 68 85 20 93 26 118 28 76 53 48 84 107 106 63 25 80 23 31 46 50 54 39 101 2 4 32 81 29 117 105 82 17 74 40 86 103 100 7 71 36 108 95 57 33 51 0 8 61
40 68 82 27 29 67 23 93 12 39 55 87 74 106 1 117 4 45 113 11 114 73 48 2 72 60 54 21 88 22 104 0 98 65 35 80 103 14 44 112 86 110 62 90 26 57 5 76 115 71 83 8 43 19 100 89 41 53 6 81 37 13 15 99 17 118 63 32 28 109 42 85 84 18 108 70 101 116 3 58 59 119 111 77 46 97 92 7 38 16 75 34 9 78 49 79 95 91 24 105
8 84 25 40 39 33 111 9 92 78 55 87 47 118 71 38 48 107 49 42 35 115 75 109 23 114 37 2 50 96 4 72 77 63 44 20 57 99 7 91 89 116 94 29 22 101 12 58 93 41 70 98 24 103 64 45 73 30 3 14 32 13 16 6 88 21 117 36 85 100 43 17 90 102 66 67 105 60 62 10 46 112 119 113 1 27 86 97 110 80 81 19 15 26 18 65 0 5 52 54
102 19 45 109 88 55 97 101 64 10 22 23 61 37 6 51 24 54 36 67 100 76 65 94 16 117 18 46 87 0 26 98 58 114 62 32 70 60 28 68 89 72 79 59 91 42 103 95 1 52 8 96 14 110 93 15 112 108 111 92 34 2 77 105 21 53 7 78 38 86 63 31 80 11 48 71 43 115 82 49 13 107 99 90 17 73 85 4 30 118 44 75 83 116 57 106 66 39 40 74
50 92 115 74 58 32 23 4 87 18 52 25 79 29 83 37 1 107 47 75 11 6 85 20 12 97 40 55 84 81 51 34 42 10 33 49 19 108 101 89 82 15 35 99 62 104 105 28 80 86 93 106 31 68 77 66 38 72 88 22 54 3 78 112 5 17 7 111 2 56 45 110 43 69 67 16 9 8 53 41 24 64 113 100 65 117 61 13 14 46 116 57 39 26 98 76 73 103 91 27
73 45 96 1 105 107 56 104 109 106 116 48 7 110 52 12 37 31 78 51 72 101 15 47 111 94 84 58 49 114 66 43 76 24 85 36 88 87 112 67 93 53 29 35 97 83 25 82 59 21 74 22 65 79 98 17 32 119 16 13 46 19 115 33 70 20 63 50 54 38 11 60 99 81 64 9 100 89 77 28 14 2 34 39 108 91 90 92 6 26 117 80 118 102 10 103 5 61 69 68
112 43 67 45 1 60 63 118 8 93 20 108 113 72 34 83 70 0 3 12 52 58 40 6 4 114 61 21 50 87 36 38 41 17 66 59 42 99 25 53 116 51 84 54 97 106 86 65 110 101 69 78 18 14 47 115 105 7 29 74 96 90 11 32 119 71 76 33 103 73 27 2 35 104 77 13 5 107 16 9 62 88 100 82 10 111 79 81 37 46 31 92 89 98 75 28 24 44 95 102
117 15 70 36 34 87 56 71 69 45 25 13 76 55 103 74 28 85 88 51 26 112 81 47 46 8 89 52 9 73 82 22 43 40 107 101 6 58 1 53 72 80 109 23 63 2 108 59 94 91 12 42 29 113 116 79 118 105 95 104 110 14 54 19 119 41 24 33 83 27 77 75 16 50 92 0 106 3 60 93 38 111 17 7 44 35 61 68 37 90 39 64 5 97 49 102 32 4 66 98
19 52 57 45 109 98 107 61 62 104 43 25 77 12 105 36 53 27 66 112 14 79 4 119 55 86 56 21 3 41 38 26 2 29 110 18 13 72 5 64 76 54 101 63 1 37 7 20 116 31 115 58 117 82 40 60 59 33 90 69 44 35 71 92 23 74 51 91 65 15 87 17 8 78 10 113 39 118 24 22 100 46 88 102 114 106 80 16 111 47 34 73 84 93 30 94 83 48 99 9
49 15 88 70 108 41 22 45 30 10 40 38 32 99 107 119 109 87 85 44 47 23 101 0 34 56 90 55 9 113 31 4 14 54 112 1 48 78 43 50 24 72 117 16 104 83 84 80 106 28 19 12 81 103 58 71 105 69 76 13 6 79 65 110 102 74 118 115 42 7 97 96 5 94 25 46 62 20 26 77 52 21 114 98 11 3 51 64 63 89 60 93 33 37 39 91 116 57 100 68
65 28 29 33 8 31 25 62 86 88 85 107 78 17 114 45 48 99 36 37 61 118 113 95 89 24 34 69 92 103 105 10 116 110 9 49 30 66 68 2 41 0 11 39 109 83 75 6 42 7 81 55 97 71 5 27 82 58 111 64 47 53 84 21 38 14 77 115 1 96 70 108 67 94 98 73 54 56 26 79 80 59 52 13 91 102 72 12 93 104 60 117 35 74 23 20 106 119 101 63
25 9 63 46 68 94 80 87 79 2 44 76 96 19 81 114 100 6 89 113 0 110 52 56 27 1 65 57 60 14 5 104 15 39 72 30 95 85 112 91 22 105 8 41 75 20 101 40 13 115 74 29 66 55 78 90 34 64 35 24 16 97 92 53 108 61 50 33 32 103 84 67 28 86 43 93 98 102 21 51 36 77 59 4 58 116 10 12 18 45 7 71 118 111 54 73 49 69 42 47
87 3 21 109 79 89 34 65 31 15 76 67 49 47 78 12 23 19 35 2 39 56 7 50 97 81 28 113 45 46 82 37 11 70 16 118 8 88 33 62 117 95 86 20 51 43 58 53 106 18 52 102 83 69 5 64 0 80 71 68 44 107 38 26 4 54 22 119 103 101 100 32 114 55 57 36 25 92 75 108 85 27 41 66 96 110 59 14 24 98 93 40 17 30 112 10 6 48 91 60
62 10 14 112 9 82 101 77 50 115 76 69 5 35 31 43 81 79 73 114 102 18 4 24 25 7 16 99 28 70 71 93 47 15 116 111 66 117 89 57 91 13 2 107 86 42 46 95 58 44 0 74 59 108 39 87 84 98 67 8 85 56 54 75 53 109 45 36 41 51 97 19 106 23 20 78 60 49 110 11 105 37 12 104 40 63 83 29 80 64 22 113 55 38 6 96 30 48 68 34
95 76 74 51 19 80 4 65 117 115 119 3 110 79 16 106 20 107 111 8 59 49 75 90 83 61 12 55 62 1 108 88 72 40 91 5 103 102 52 24 22 70 71 66 118 0 2 92 34 6 28 46 45 63 47 10 11 38 116 68 7 105 15 14 48 57 58 30 114 78 77 43 104 36 87 112 97 73 89 109 29 32 81 31 54 53 67 39 44 26 13 85 99 56 100 113 93 21 18 98
68 2 28 32 114 7 79 38 93 33 56 109 58 43 66 65 72 104 101 107 76 5 50 71 24 12 77 90 74 87 106 54 36 63 52 100 29 99 9 88 22 115 61 96 18 59 105 78 1 82 55 46 57 49 35 44 84 80 30 27 48 19 31 110 4 62 97 75 8 119 86 41 40 103 118 116 98 95 53 67 6 89 91 3 73 70 21 37 11 81 113 85 51 13 14 83 92 34 45 94
25 92 77 3 52 71 33 108 12 56 61 38 9 4 106 0 104 80 97 60 112 115 32 83 47 94 68 84 74 20 96 19 42 64 29 114 21 76 119 75 66 73 22 101 43 41 103 16 58 5 48 46 2 54 87 17 79 23 111 89 113 36 31 88 35 81 6 105 51 55 90 30 39 18 109 40 59 28 49 100 86 70 102 117 8 99 45 57 44 98 85 65 62 24 11 93 67 34 118 10
74 81 90 108 76 88 91 25 106 20 67 77 27 42 29 69 38 13 16 5 70 93 7 96 40 52 71 46 64 57 107 18 95 73 119 14 1 21 117 0 85 118 45 3 103 94 39 109 4 22 98 41 11 75 54 56 30 116 43 102 28 66 53 12 72 47 24 36 99 111 34 92 59 32 104 51 113 82 19 17 110 97 105 37 6 33 68 48 35 61 65 23 60 15 89 78 79 86 115 10
49 5 17 115 76 20 81 78 1 36 13 9 116 64 113 87 60 80 2 119 56 89 26 11 102 118 32 53 63 3 114 18 7 92 23 59 27 84 52 100 19 44 14 108 31 97 12 90 71 79 94 67 35 93 38 8 109 95 68 86 57 37 28 85 15 69 104 70 48 101 112 83 47 88 105 55 66 99 110 73 25 72 117 4 54 77 16 21 22 98 82 46 106 24 34 42 61 41 39 62
77 59 105 81 49 28 58 53 63 104 31 7 112 76 26 117 39 24 42 78 54 35 108 18 106 90 52 34 67 95 88 100 62 43 66 4 111 92 93 14 101 16 116 33 89 71 83 86 50 2 87 13 82 75 30 15 61 109 48 32 20 56 19 65 37 44 57 85 3 110 70 102 68 10 8 23 12 113 74 27 91 9 118 0 17 69 29 98 64 99 22 73 45 21 119 5 80 47 1 107
70 102 67 112 28 0 61 19 64 39 106 89 84 77 44 9 79 63 72 32 42 10 69 90 81 29 5 52 7 71 14 45 25 66 108 65 6 17 86 53 12 101 50 16 100 94 109 110 59 99 80 105 97 21 104 82 103 1 4 47 22 23 56 31 58 75 37 83 20 92 113 115 62 55 26 96 117 3 43 98 111 2 30 15 36 73 46 76 85 93 40 49 88 8 51 41 95 107 57 78
19 110 99 9 33 26 1 28 97 4 64 93 103 15 69 55 36 24 86 22 52 49 81 96 87 27 8 30 42 63 48 66 53 17 46 29 16 68 37 94 115 13 5 111 84 57 56 119 6 65 12 117 82 10 70 21 78 14 88 102 108 31 112 113 60 71 25 39 20 98 51 35 58 67 76 50 83 18 75 104 114 41 107 85 38 109 45 91 40 100 3 61 32 118 43 11 44 7 92 79
111 27 31 3 7 47 0 70 20 105 5 84 32 48 6 37 22 61 16 28 75 23 101 91 74 51 92 81 62 67 41 87 34 73 29 10 118 114 93 14 49 24 53 77 30 39 72 25 66 115 76 100 8 56 96 88 106 55 85 60 97 57 98 21 1 46 71 90 79 102 2 89 99 63 35 50 104 33 13 36 109 19 94 43 11 80 113 44 45 69 54 82 52 26 108 59 103 117 68 119
41 47 49 30 88 103 35 70 11 64 37 115 56 48 113 114 81 59 26 46 50 61 107 6 111 84 79 17 20 54 86 96 108 38 32 99 71 93 117 22 74 102 33 63 87 75 69 58 27 51 77 105 5 82 100 73 45 29 67 83 95 42 112 53 24 92 8 40 0 90 60 3 43 110 97 94 28 78 23 104 119 76 36 89 25 7 31 65 101 14 52 16 98 57 12 19 10 13 66 2
107 55 21 29 94 26 8 35 112 48 22 97 70 5 9 49 62 3 84 12 23 17 74 80 81 6 111 116 71 87 52 104 16 34 86 76 92 115 56 32 42 18 15 68 69 93 51 2 82 119 41 24 102 73 105 100 85 72 118 91 46 27 59 0 50 89 33 25 60 7 14 57 101 36 44 79 103 90 88 78 39 113 4 20 64 31 28 40 1 58 43 63 75 38 114 106 110 67 83 65
66 0 114 94 61 45 2 17 115 65 71 67 5 1 79 11 22 74 49 58 52 9 24 85 84 42 4 70 105 12 30 43 86 27 51 104 50 102 7 40 113 119 54 32 63 28 101 92 53 23 103 108 111 116 110 16 47 72 77 34 35 109 46 3 100 81 10 62 112 117 69 21 64 41 96 68 89 37 14 90 8 97 39 107 82 26 75 25 83 48 73 18 106 78 44 38 57 76 60 15
83 90 111 54 7 48 42 109 25 46 81 27 1 50 53 60 92 51 102 106 94 37 44 93 104 78 3 49 89 0 8 43 64 45 30 97 95 68 23 61 32 63 73 57 103 119 47 59 77 4 91 118 38 13 113 18 29 20 36 108 107 21 74 75 71 52 85 12 40 16 34 24 110 100 14 99 19 116 39 33 105 5 72 62 26 11 66 56 76 2 17 70 69 22 10 84 41 15 55 82
87 16 100 86 17 47 20 107 106 92 48 110 21 2 5 79 53 31 0 77 62 32 15 54 64 18 29 23 33 11 72 22 97 26 109 39 104 88 3 105 83 114 9 91 4 10 13 115 73 28 35 41 38 40 37 113 59 55 102 30 80 69 56 42 119 58 66 89 51 60 61 44 93 46 6 82 112 96 49 90 108 12 111 99 57 85 8 67 117 84 63 68 78 27 1 7 95 75 74 71
31 67 18 17 45 90 51 106 53 6 20 11 78 34 57 83 101 25 55 110 59 105 28 12 79 1 2 10 65 103 13 33 4 108 16 88 92 112 77 104 115 118 23 85 66 113 72 87 95 111 56 40 19 27 50 109 29 35 39 49 14 5 9 119 22 8 58 82 91 76 75 100 81 48 41 26 71 0 3 107 42 69 63 117 43 70 36 84 54 62 37 94 98 116 96 61 44 99 38 89
17 66 78 118 11 79 32 89 69 87 13 92 22 119 98 85 58 45 83 27 24 23 43 49 93 10 71 106 34 25 41 108 104 18 52 9 60 103 2 3 54 88 107 44 74 59 5 90 37 1 62 14 101 63 0 40 116 113 112 117 114 110 8 4 16 46 42 96 91 19 73 33 80 86 15 115 72 100 77 56 48 7 97 35 65 111 55 26 95 30 50 64 61 12 102 21 75 20 51 94
97 27 70 82 50 32 45 71 37 16 94 88 60 62 117 59 28 51 115 29 39 13 3 15 79 68 1 100 106 111 77 69 21 43 48 105 4 33 10 67 65 72 12 74 11 84 78 91 92 90 19 14 6 109 7 55 56 89 102 116 104 0 38 8 73 107 108 54 2 87 99 57 113 20 98 93 44 36 103 119 64 80 41 85 35 95 86 110 23 34 22 47 81 83 30 61 25 63 49 42
73 86 94 3 111 51 17 4 10 30 108 46 9 85 75 92 22 95 12 90 49 8 48 11 7 23 87 101 56 83 119 67 60 37 64 105 80 99 44 77 61 62 118 26 114 113 63 0 35 88 69 109 102 72 54 81 32 107 29 18 117 50 52 45 42 21 28 1 76 66 93 43 65 27 84 36 15 104 33 58 19 13 2 34 82 106 55 89 115 14 31 5 38 97 112 59 47 100 98 57
39 99 94 46 53 62 52 41 44 15 69 60 26 10 35 28 98 108 21 118 40 49 59 8 75 27 88 11 0 48 72 101 90 78 81 104 95 9 71 4 74 17 111 42 29 45 105 56 107 24 25 43 13 91 68 100 5 89 37 112 113 23 3 70 20 51 16 36 18 103 64 61 102 7 115 12 86 31 22 34 116 106 33 77 76 65 97 67 6 79 57 32 58 66 47 73 110 30 84 80
68 91 6 55 84 19 21 17 73 0 85 74 92 26 1 52 47 100 44 50 16 9 24 62 15 105 20 32 96 110 45 103 117 101 76 53 57 64 48 27 67 22 10 13 3 77 41 113 11 49 108 97 39 116 111 88 72 23 70 46 42 54 118 119 63 37 82 18 89 78 59 8 94 38 40 7 30 61 25 86 115 36 104 98 43 51 12 66 81 14 102 56 79 107 106 75 28 80 109 95
50 31 75 6 15 28 51 46 23 26 98 117 64 13 116 39 104 20 29 118 12 111 40 97 95 34 17 62 72 49 112 66 48 33 5 38 105 81 1 103 21 88 43 8 79 16 82 18 119 78 41 92 42 109 2 114 94 19 84 91 96 11 68 14 77 60 27 44 35 73 56 63 87 80 57 107 7 45 54 32 37 90 22 24 52 110 113 93 61 58 55 115 106 83 25 86 4 76 67 36
2 112 100 75 93 116 80 42 17 114 22 68 40 23 106 51 30 36 1 76 60 11 56 103 84 54 35 81 25 87 43 82 14 55 77 107 108 67 32 70 83 73 10 48 63 15 12 86 96 69 19 109 72 105 53 113 110 92 91 18 34 66 59 50 104 3 52 58 31 95 21 119 64 90 49 24 71 28 61 102 29 7 46 5 98 101 79 0 45 37 111 39 74 38 27 26 47 94 78 41
99 114 91 117 103 116 9 41 56 69 83 7 22 35 24 39 118 96 71 110 16 61 4 46 38 107 42 15 66 109 65 94 73 30 28 11 93 101 59 12 8 3 50 77 113 18 54 98 57 111 84 76 87 104 68 51 119 108 63 44 23 112 100 67 115 20 27 13 32 64 1 43 74 34 21 72 58 95 45 89 97 90 5 33 17 75 86 62 106 80 60 105 81 82 6 102 31 2 78 47
103 12 90 23 45 8 14 118 60 94 18 30 44 87 100 99 19 40 10 7 35 64 67 115 102 74 42 62 114 15 56 0 26 9 75 73 47 79 54 84 37 68 17 57 29 69 52 51 5 88 105 3 78 41 50 31 33 63 95 21 43 116 89 38 112 66 4 58 119 93 82 34 113 111 61 39 108 20 85 25 109 70 91 96 32 97 49 13 110 71 86 46 28 11 107 104 59 98 80 101
75 17 7 52 26 99 119 42 55 48 53 79 31 105 64 97 12 73 18 63 15 76 58 61 14 83 80 20 33 36 92 107 65 21 91 70 32 118 66 77 4 111 11 95 37 62 41 59 54 68 5 94 102 1 51 30 6 23 60 13 81 74 2 8 38 112 108 85 44 86 87 25 106 43 24 116 27 113 82 19 93 100 22 98 39 103 88 109 89 29 90 101 16 69 104 50 96 49 10 57
0 104 14 76 46 15 118 55 27 54 35 63 69 38 73 42 80 25 44 101 67 83 89 95 100 28 64 47 110 40 112 43 7 51 50 105 5 87 84 70 9 65 19 111 99 106 58 30 1 29 86 8 6 93 88 116 113 60 81 12 39 20 115 10 26 102 92 98 78 68 75 34 48 97 119 91 79 33 117 52 62 77 109 107 32 16 24 23 71 17 41 37 4 2 59 22 108 90 3 61
69 45 65 104 112 106 41 93 119 49 12 111 36 78 81 80 28 60 33 67 10 98 9 83 58 44 23 18 31 55 107 89 101 51 20 118 42 70 0 73 14 63 72 75 22 39 91 68 102 61 76 37 116 56 34 26 77 90 15 2 5 85 87 48 30 8 54 43 62 79 94 4 29 24 50 105 17 97 82 7 11 16 46 113 99 47 92 64 40 59 88 21 66 32 96 13 25 27 115 35
98 72 93 39 100 86 89 33 65 64 9 97 92 42 67 109 36 101 66 50 14 116 79 5 3 26 103 4 82 85 106 73 57 41 71 20 114 8 2 91 60 6 76 80 105 53 24 10 88 27 52 107 77 16 25 35 19 83 96 111 70 99 40 12 44 78 17 37 115 29 46 34 51 118 102 59 69 0 110 30 49 81 13 22 63 1 21 87 68 43 54 62 75 112 32 11 31 108 23 94
109 26 67 43 69 24 30 53 20 11 71 7 28 66 23 25 103 34 47 14 5 65 113 41 87 35 38 75 58 8 89 45 80 115 112 70 9 118 62 33 12 2 100 106 36 104 64 10 13 55 15 0 93 1 78 48 79 39 22 31 61 101 74 85 40 4 86 49 56 81 76 51 3 50 72 94 29 110 98 84 46 42 116 119 68 92 16 57 60 90 19 114 73 44 108 111 107 82 21 117
106 116 89 35 11 119 50 108 25 109 15 61 67 2 21 81 58 74 80 68 86 6 78 39 14 107 52 17 51 94 26 33 77 83 59 85 88 92 54 22 10 9 16 102 71 42 90 91 13 118 114 30 45 105 70 47 103 62 56 3 104 111 18 99 87 55 100 57 95 69 27 48 44 117 5 75 63 49 97 31 37 112 24 36 113 8 115 53 40 73 1 34 101 43 65 7 66 76 93 20
17 2 23 91 73 80 75 66 87 105 58 68 4 60 117 92 19 12 55 109 6 118 69 39 90 78 32 86 37 36 46 48 27 104 57 102 45 64 96 30 20 38 94 100 35 31 115 83 16 98 3 15 21 72 18 40 56 25 54 77 85 26 81 14 103 112 28 24 44 111 79 99 97 107 52 50 110 88 71 89 9 70 82 119 34 43 10 116 47 65 74 61 1 5 33 59 8 106 76 114
92 96 113 13 81 100 20 54 24 31 103 2 115 90 91 85 63 41 11 21 17 9 59 52 39 1 0 70 118 108 98 45 72 51 10 101 15 104 62 12 3 68 111 105 93 37 107 110 38 89 7 119 48 73 94 66 69 64 42 99 55 35 83 28 112 86 40 114 80 30 53 116 87 5 43 33 34 18 74 6 75 25 76 102 47 23 29 8 36 79 78 32 58 109 14 4 71 19 57 60
49 88 76 99 32 1 86 25 66 92 7 110 56 46 83 52 4 77 64 45 28 84 90 81 117 93 48 70 12 73 115 74 50 65 34 36 97 85 54 78 82 19 31 68 18 59 55 102 35 40 26 22 80 112 13 27 30 72 116 24 104 9 103 38 67 118 57 109 94 108 60 111 0 89 15 47 21 98 16 61 42 96 87 11 106 101 5 33 29 79 69 3 62 113 39 6 20 41 63 10
72 84 41 70 23 71 114 64 29 95 67 91 7 6 111 26 0 87 27 44 61 108 105 51 36 20 31 58 62 96 118 77 39 117 100 1 16 12 15 82 102 79 107 74 35 104 59 81 22 63 45 119 75 73 13 17 4 11 69 66 80 18 98 115 46 55 34 32 49 50 8 53 48 56 116 89 25 88 5 3 43 19 52 94 65 37 21 28 47 112 113 9 86 76 92 42 93 14 85 109
92 51 54 9 33 19 84 100 1 30 13 15 44 64 110 114 91 69 116 52 57 48 0 7 8 83 55 75 60 78 65 87 85 27 70 12 37 81 79 112 2 71 86 53 18 76 95 113 102 34 16 14 118 66 67 11 62 24 40 73 42 17 25 49 105 29 89 61 90 28 22 72 97 21 23 119 32 80 46 117 26 99 50 31 47 59 94 41 115 98 6 88 104 20 108 39 35 45 63 58
49 48 40 65 7 80 37 36 68 39 31 105 74 72 93 13 43 71 27 24 79 81 54 104 96 55 46 107 10 83 22 64 101 90 25 50 67 1 97 38 114 61 51 88 62 16 111 53 73 77 98 102 3 92 115 103 113 112 20 4 28 117 34 75 87 118 110 41 69 30 95 66 109 45 29 8 11 89 116 108 21 119 42 33 94 35 5 12 91 106 18 9 0 6 59 76 14 84 99 63
64 0 61 39 43 32 119 33 66 47 80 29 113 40 101 76 42 11 100 87 105 71 104 46 106 28 35 8 25 57 13 84 26 3 77 16 115 49 83 54 30 108 67 74 1 7 52 79 36 82 51 17 34 110 118 88 78 93 5 92 103 62 53 69 37 2 111 56 90 117 10 6 116 97 44 107 65 14 20 91 31 24 50 48 98 18 60 55 12 27 73 70 41 96 22 45 15 94 99 81
114 54 3 14 93 82 37 58 13 76 103 79 80 48 52 95 22 62 31 108 119 32 99 5 85 111 97 38 16 30 86 21 100 118 81 10 67 29 24 87 2 55 40 47 26 18 33 45 66 42 104 98 56 117 0 60 112 15 43 69 34 105 109 19 75 4 72 35 83 94 46 90 89 65 102 92 11 68 84 20 74 63 113 36 27 6 73 23 50 39 110 91 41 115 53 9 96 107 49 78
25 54 4 2 44 56 82 9 53 19 92 87 78 40 97 69 77 66 80 11 104 49 15 94 55 85 28 60 61 22 24 113 91 93 95 102 111 98 35 38 10 96 62 23 3 21 5 118 59 8 48 83 47 33 115 46 75 71 88 117 68 116 6 16 81 109 26 13 108 103 18 32 31 107 86 30 29 114 27 43 70 45 1 67 99 110 90 14 7 100 52 84 65 74 64 20 0 42 51 63
39 33 98 70 34 85 43 77 110 36 103 118 63 42 0 93 75 38 16 37 52 68 22 8 61 40 20 47 24 49 31 50 91 104 60 105 59 57 76 13 51 2 58 108 89 114 44 69 29 14 113 25 5 11 99 48 30 3 10 4 90 88 112 21 101 95 7 97 102 86 71 73 53 109 83 15 81 17 1 35 74 100 46 56 115 84 55 67 41 111 65 78 72 82 119 9 62 96 107 23
103 95 53 34 81 101 36 2 51 22 106 7 47 58 91 14 17 75 111 110 57 115 9 114 23 119 64 77 78 98 28 20 92 56 117 93 25 35 94 85 80 48 76 33 109 18 63 26 66 68 5 105 72 60 71 44 67 86 6 87 100 45 65 52 3 116 29 82 8 4 31 107 13 30 61 70 69 79 73 27 83 50 12 24 90 38 102 55 15 40 1 88 89 97 104 108 74 16 112 54
48 57 27 59 49 50 92 61 6 87 56 111 32 80 98 90 82 78 94 38 47 16 8 7 23 14 112 65 119 117 53 97 28 70 77 109 58 26 24 72 2 105 107 67 37 84 110 20 85 55 68 25 51 39 13 103 99 101 54 10 12 42 106 79 66 95 76 22 118 114 17 63 11 115 60 35 31 43 29 19 5 96 102 45 91 108 75 64 100 34 116 93 104 83 30 81 74 46 21 1
96 51 2 14 61 102 46 23 100 28 112 106 84 26 37 70 69 19 89 0 80 67 10 29 30 8 78 11 56 24 59 74 62 54 17 60 6 85 92 77 12 71 20 45 81 117 33 66 115 47 22 36 101 55 90 103 4 1 18 79 93 58 34 27 65 7 53 119 52 91 86 105 87 104 3 35 98 109 38 13 113 31 21 99 68 108 25 82 94 41 50 64 95 73 76 32 83 110 107 39
35 39 14 44 25 10 106 100 71 94 17 80 5 105 75 76 18 99 88 27 109 103 102 104 69 117 59 61 38 79 112 26 47 57 110 65 111 97 101 33 118 58 68 107 13 34 98 12 66 11 62 95 15 40 32 28 63 78 51 116 45 8 41 23 74 84 85 86 22 64 108 96 55 92 89 7 24 16 4 49 54 56 77 83 42 48 19 36 90 46 2 72 6 1 20 114 21 113 91 43
26 9 20 77 55 101 39 94 69 0 98 80 100 17 42 66 119 78 109 60 35 111 57 34 56 105 27 10 113 18 118 38 47 90 5 59 96 87 2 21 36 49 86 88 37 82 67 8 1 43 84 48 62 81 107 99 31 13 4 53 104 45 25 72 28 19 91 41 71 70 52 40 83 74 85 23 7 6 110 46 68 97 16 117 54 103 79 112 33 11 14 29 75 50 92 15 44 73 95 115
3 56 69 43 107 13 37 114 89 26 110 91 93 49 9 104 6 95 2 109 20 11 48 97 21 103 84 28 77 106 105 50 62 15 68 55 96 10 41 118 23 92 117 54 100 1 98 65 29 7 75 80 85 90 119 52 83 14 76 67 112 115 59 63 78 47 113 94 61 24 34 60 101 5 73 102 32 39 30 53 42 19 8 88 111 71 35 18 25 44 17 74 31 87 81 66 45 116 108 51
105 40 13 95 90 88 114 97 32 86 68 25 74 35 70 45 103 3 76 33 79 16 55 98 65 39 49 51 83 72 59 69 44 15 116 71 93 101 17 46 108 34 78 94 64 52 22 0 87 109 89 85 104 107 9 113 38 1 82 92 14 111 50 119 6 30 8 23 73 19 102 99 24 2 117 21 56 27 66 80 112 115 31 75 60 29 11 20 43 26 5 58 77 53 47 62 7 96 57 48
6 7 74 96 106 33 49 13 103 77 17 55 116 104 0 73 90 15 112 37 22 54 69 42 111 83 109 39 51 19 97 68 35 45 14 48 98 24 50 80 92 59 52 93 63 85 29 41 3 84 2 36 53 82 66 16 21 12 88 117 44 102 43 78 34 89 4 23 110 113 71 99 67 107 79 8 20 81 31 18 118 61 62 87 64 100 91 75 108 57 30 46 47 9 95 60 94 32 11 1
119 38 10 24 88 19 2 109 77 54 64 80 57 42 116 115 76 104 74 51 111 58 39 61 49 48 15 9 41 23 28 90 82 96 52 20 1 83 53 29 33 98 92 50 106 81 44 14 32 68 40 97 43 13 75 85 35 72 59 105 65 100 18 46 17 21 102 63 113 71 99 37 79 78 62 87 30 7 93 22 27 95 11 70 91 101 67 47 12 3 16 117 118 112 5 26 4 86 55 45
68 15 83 5 32 99 7 65 77 80 94 62 48 108 73 17 40 60 47 34 44 72 119 4 66 21 109 61 107 27 76 93 112 25 89 95 86 9 78 53 84 24 8 81 116 10 64 100 14 58 103 52 71 42 97 43 69 70 54 98 35 111 46 92 118 75 41 74 67 0 104 33 51 63 23 45 114 110 3 36 19 26 16 39 82 102 87 101 28 105 20 50 38 49 115 6 37 79 29 117
95 15 92 5 54 79 100 37 113 36 45 117 2 114 34 52 12 7 16 49 22 91 87 20 64 51 101 83 0 96 116 46 32 10 109 23 17 58 33 1 4 97 98 93 88 11 29 90 94 68 44 107 75 42 24 89 40 6 66 41 27 71 81 85 9 78 19 3 69 108 62 80 105 110 39 67 35 28 102 53 57 104 31 61 30 106 74 70 84 38 73 86 55 60 112 118 76 119 59 26
93 31 18 79 108 20 99 75 42 86 83 8 35 118 21 56 77 70 12 44 97 37 65 90 84 92 117 80 41 109 81 9 26 111 60 6 34 46 85 7 49 59 96 58 25 76 67 100 91 119 1 48 51 29 30 63 54 95 71 72 10 47 107 27 113 74 14 102 38 62 69 2 88 112 104 78 3 115 98 36 40 57 11 32 110 64 82 15 22 23 13 50 94 103 17 43 87 89 114 52
81 28 31 25 3 26 98 109 104 5 53 97 82 62 76 43 51 95 106 6 9 66 11 21 88 65 118 27 92 79 89 41 35 10 70 100 63 46 116 96 110 30 105 84 75 67 20 73 39 15 57 54 33 101 40 22 36 69 7 99 38 32 49 16 108 112 80 71 24 90 117 2 50 44 68 59 12 61 86 87 14 34 13 91 85 58 29 55 113 18 114 56 17 42 107 93 78 115 19 103
106 104 47 100 108 117 35 4 58 70 90 44 78 33 116 64 18 11 110 67 80 62 119 83 68 96 94 81 111 63 17 95 1 59 9 21 31 115 30 24 51 97 77 41 52 16 107 101 69 13 73 10 8 72 36 71 66 19 29 113 87 14 54 91 26 20 86 49 114 23 34 82 46 27 89 40 3 37 22 32 93 118 42 56 98 74 75 88 102 6 76 55 45 7 53 25 60 43 28 84
115 19 105 103 75 80 1 26 79 10 73 94 81 52 34 30 27 76 116 91 53 31 69 46 41 49 63 68 7 29 40 15 38 2 96 59 101 20 110 93 43 92 51 47 44 35 62 57 14 36 72 118 24 77 111 11 18 21 113 9 4 60 8 109 67 90 97 108 13 32 50 12 5 107 55 114 95 98 119 65 16 104 85 100 74 88 23 39 78 99 28 86 58 89 0 83 6 48 17 64
71 68 18 41 105 50 106 34 59 112 96 0 10 108 102 117 118 103 17 24 54 114 47 4 39 31 37 38 15 30 42 90 22 44 6 104 49 100 82 23 81 91 64 60 76 86 84 1 88 36 77 67 33 101 69 92 25 27 26 61 99 28 98 35 20 107 109 11 7 89 45 72 40 46 52 55 57 19 78 66 87 70 95 12 21 58 53 9 16 110 73 8 75 116 62 13 51 113 97 119
102 38 21 1 40 80 68 79 33 53 106 30 111 119 48 43 32 36 89 71 17 100 44 59 29 5 69 117 23 77 19 116 105 0 81 62 73 78 35 82 16 92 3 66 84 50 75 97 39 37 9 8 118 85 114 112 54 26 49 47 52 57 55 56 45 107 18 88 95 60 41 87 51 11 12 58 109 86 31 27 24 90 64 94 93 104 10 63 108 110 20 103 101 99 70 113 61 83 96 67
21 45 3 77 20 66 27 43 113 5 82 90 68 26 48 115 70 108 101 67 92 91 49 86 62 114 15 64 106 102 4 94 72 111 50 9 33 55 75 69 51 80 84 103 60 89 46 107 53 2 14 30 59 87 34 19 52 76 81 100 110 104 13 98 31 12 17 32 56 36 99 41 58 0 85 105 23 24 88 65 79 8 118 25 117 119 16 57 38 95 1 29 93 42 6 35 18 61 10 71
50 19 3 93 109 12 16 56 40 11 82 8 105 22 74 116 87 6 33 107 62 80 113 4 106 71 39 41 35 37 69 27 2 1 46 97 55 5 67 38 98 65 79 10 95 18 85 44 94 72 60 111 115 58 102 63 73 34 86 88 17 43 28 51 119 104 78 32 15 118 26 83 57 91 7 89 42 96 24 75 103 30 25 92 9 52 31 114 14 68 117 49 36 59 112 90 77 45 61 101
71 63 115 15 94 33 74 40 28 42 108 59 2 91 103 64 46 7 51 67 52 10 118 56 24 0 109 25 4 66 20 92 50 49 87 18 114 84 12 86 90 58 112 45 79 78 88 21 104 77 98 68 22 38 3 72 60 107 53 36 102 43 26 106 99 75 37 101 14 119 39 61 105 47 48 116 13 29 117 30 89 44 32 55 110 111 70 80 93 19 113 85 31 8 96 83 23 62 97 82
64 19 26 40 81 22 14 74 53 113 12 35 91 71 108 52 117 55 73 84 57 111 13 29 110 101 107 97 96 54 105 67 116 33 32 31 72 69 49 103 23 34 37 16 4 62 44 0 20 43 25 70 100 99 41 46 48 7 83 92 36 98 11 3 21 68 6 66 38 106 115 90 50 18 109 86 58 79 30 80 65 17 60 78 5 56 8 9 102 47 93 94 1 112 63 88 95 59 39 28
56 110 42 22 54 67 31 33 12 73 59 112 65 94 106 114 90 44 51 55 27 45 52 48 66 15 108 84 77 13 109 98 85 4 2 36 61 89 8 49 93 81 74 78 68 97 43 50 71 38 0 7 40 21 26 103 30 95 35 19 70 119 82 24 39 72 18 46 9 29 11 111 28 5 104 23 118 37 116 91 32 102 79 14 62 17 3 20 6 63 64 47 117 86 58 53 83 41 100 99
89 30 10 111 37 72 0 95 21 25 57 52 32 110 28 90 106 87 68 78 96 61 94 43 112 107 118 101 71 12 102 93 34 67 74 64 45 83 104 38 92 36 103 27 17 29 47 23 39 41 62 81 3 53 14 91 82 49 1 79 88 63 5 69 35 73 70 13 19 22 33 65 54 109 24 114 80 75 31 4 16 6 55 9 50 2 108 11 8 51 97 60 46 59 26 44 76 117 18 85
86 101 89 46 84 117 40 65 99 22 1 118 9 94 72 91 26 48 10 92 45 77 14 17 43 35 111 76 75 102 81 100 103 61 66 34 67 96 55 110 105 107 74 112 109 52 13 73 15 116 68 47 23 12 21 62 59 78 11 79 5 88 3 27 119 69 115 39 53 70 90 83 33 49 24 108 80 36 106 56 16 60 32 71 7 51 95 85 31 2 97 38 114 82 57 0 50 4 113 29
102 78 42 117 87 79 70 62 35 75 69 25 37 30 33 92 72 16 52 93 54 116 100 17 44 7 19 8 89 20 49 76 14 22 108 101 115 97 83 96 88 50 85 99 34 57 24 110 18 51 11 4 65 81 1 27 80 43 105 73 90 111 21 26 31 112 63 91 0 46 77 58 74 23 3 71 45 48 64 106 107 109 103 104 114 113 94 68 118 2 95 47 32 84 98 12 61 29 28 86
88 113 51 109 60 50 70 33 24 28 85 47 115 114 80 18 75 54 116 45 95 30 11 58 27 38 20 100 105 90 83 107 69 76 117 26 73 10 82 57 99 104 62 48 118 81 91 49 94 89 52 25 112 7 67 53 66 0 96 108 102 68 8 119 9 29 74 92 4 3 41 97 42 34 64 101 31 17 87 65 79 56 13 110 93 78 59 71 84 14 44 37 61 5 106 32 36 21 23 77
35 111 102 98 61 106 66 14 26 16 97 53 1 54 17 81 69 119 50 92 77 68 7 71 8 20 109 13 74 89 21 30 63 41 58 51 100 82 96 43 103 67 59 5 94 95 87 79 0 49 55 65 108 93 56 44 6 57 9 42 73 12 62 104 88 85 117 72 37 23 75 99 4 27 3 34 25 107 116 78 45 52 10 36 11 48 22 80 90 70 86 113 118 76 31 84 91 2 60 15
1 62 18 6 24 34 25 100 105 56 38 43 37 104 45 82 77 98 7 12 85 87 14 118 44 51 66 112 119 15 16 90 10 22 3 2 114 74 36 80 4 30 101 106 94 89 17 60 57 27 26 64 54 81 49 29 113 70 46 31 63 39 103 13 79 59 75 33 109 108 58 53 115 111 99 61 96 42 52 50 20 0 41 9 107 86 8 65 11 40 116 110 72 55 69 21 32 19 93 5
96 70 64 13 25 101 2 34 93 22 5 47 49 30 23 45 118 61 10 44 91 69 81 54 65 27 72 116 73 3 55 103 89 113 77 4 79 83 95 87 100 21 92 19 85 18 84 1 102 59 50 20 71 94 51 32 109 16 46 110 33 66 112 12 14 26 108 52 75 36 56 111 40 74 28 99 58 53 88 78 68 11 98 24 62 29 86 37 48 105 60 82 106 31 8 42 0 67 38 90
102 74 80 16 44 56 70 66 0 77 86 78 37 107 29 8 62 63 2 40 55 18 85 22 119 69 76 84 14 109 68 113 117 90 60 6 12 110 81 101 17 104 19 49 3 7 61 52 83 71 45 54 97 108 73 118 100 115 43 11 58 13 50 88 1 36 46 32 21 23 98 48 103 41 79 93 28 34 75 64 10 15 59 42 57 96 5 47 27 20 92 31 25 94 35 30 39 38 106 114
91 73 11 21 69 24 38 80 118 95 15 66 109 19 28 77 42 27 63 57 105 112 32 75 17 16 87 53 62 29 46 78 113 48 35 70 65 74 92 34 20 49 67 71 101 100 6 89 119 61 56 26 59 86 30 94 22 103 25 116 72 64 102 104 51 96 41 68 36 84 88 23 107 93 115 90 55 50 33 31 83 1 37 2 10 60 13 43 98 40 7 79 52 4 99 5 85 47 82 12
110 109 100 90 24 71 57 27 2 84 17 18 83 32 35 3 99 116 5 6 13 26 51 0 76 56 87 33 21 19 112 108 9 53 79 49 69 61 78 46 119 106 111 25 40 91 102 67 54 86 10 115 82 4 1 30 66 101 39 22 118 103 114 31 43 98 94 37 50 15 75 95 62 117 81 52 104 72 63 29 107 68 16 7 8 92 12 105 36 55 89 11 23 28 65 77 97 20 41 34
108 66 26 35 58 91 63 107 103 52 48 89 40 29 90 93 54 76 14 73 20 102 71 38 19 33 95 116 78 100 41 39 10 27 67 79 96 84 94 9 64 12 49 44 43 101 115 21 112 97 25 32 110 98 22 75 69 42 45 4 30 2 8 72 50 0 18 5 111 53 62 46 15 104 47 57 118 88 37 74 61 114 106 119 7 80 99 59 83 82 81 28 3 85 77 92 117 55 36 86
37 114 119 25 80 75 31 96 55 8 99 39 77 2 54 73 91 23 92 22 95 17 97 105 4 15 117 69 67 56 113 43 24 84 60 81 9 89 87 93 13 5 61 86 79 107 118 7 106 103 36 72 52 78 29 28 57 40 76 34 68 100 63 109 64 0 42 70 21 82 1 85 38 71 26 30 58 33 14 65 83 98 11 6 44 59 102 49 19 94 10 46 27 3 32 45 90 41 88 108
84 56 1 59 36 50 113 24 51 0 118 87 12 33 49 89 93 109 15 116 96 14 64 69 7 79 53 22 73 19 95 65 63 76 103 80 48 54 71 104 20 105 27 66 58 30 46 61 29 32 6 57 90 37 112 100 107 78 21 91 4 31 94 8 119 102 9 117 62 75 99 108 35 106 85 10 41 40 26 25 114 111 81 38 45 11 44 98 82 2 60 77 47 43 17 74 5 3 86 68
35 40 10 30 117 114 54 39 86 24 113 87 29 95 76 15 32 27 7 26 0 116 56 89 13 21 60 111 98 74 68 96 102 67 65 11 58 61 70 97 106 22 103 14 100 73 2 42 43 105 115 75 57 90 31 80 101 4 94 16 46 6 72 28 91 85 34 38 59 104 23 51 49 99 33 84 63 41 17 92 93 5 108 25 66 107 53 71 78 77 19 79 83 8 36 20 109 9 50 18
115 9 94 98 89 114 80 6 1 22 23 73 10 75 83 112 62 103 64 106 16 19 24 14 107 84 32 91 55 8 65 43 108 2 78 44 50 58 63 45 82 0 111 30 37 51 59 76 72 100 31 66 109 7 105 26 53 97 49 36 5 113 79 92 68 69 27 11 88 39 17 70 18 41 77 25 57 3 38 21 47 102 96 13 118 67 15 117 116 110 56 12 40 101 99 35 85 20 48 71
56 77 24 85 91 44 41 65 66 57 5 61 88 113 30 38 59 4 33 28 20 11 46 48 22 105 7 49 19 14 95 55 73 83 97 39 42 74 31 86 84 71 75 98 0 117 29 8 3 94 12 6 47 106 67 70 13 27 101 100 119 89 37 45 21 60 96 51 118 58 52 1 34 10 76 40 2 64 104 114 17 107 43 78 36 93 79 26 112 68 69 81 53 90 72 54 110 87 115 103
38 90 72 103 10 22 92 25 117 9 83 61 39 67 77 111 52 101 69 110 20 43 108 63 45 74 80 107 27 33 8 0 64 85 104 81 68 28 2 78 48 49 12 97 5 54 13 93 53 23 66 46 84 35 109 26 88 17 11 62 16 36 91 60 99 105 95 75 31 1 44 3 57 65 118 94 116 14 106 50 59 87 76 19 34 40 7 73 6 119 98 4 113 15 100 86 21 55 37 71
33 0 48 54 16 66 25 88 79 73 27 118 84 23 6 56 85 61 112 113 38 81 13 94 89 2 106 68 39 65 14 17 21 43 5 87 117 45 90 80 108 47 76 4 31 57 10 35 69 62 74 18 49 22 119 42 104 103 83 15 50 12 44 36 32 111 70 115 71 26 67 24 91 55 96 72 107 95 114 93 60 102 100 109 3 110 51 101 30 59 37 46 77 99 53 98 64 58 28 19
45 65 88 54 40 15 51 115 61 20 50 30 22 97 112 31 25 87 73 79 104 118 57 74 5 91 44 42 76 10 77 80 11 75 62 53 55 106 3 33 39 9 100 58 84 117 101 43 46 63 90 119 82 92 13 59 67 85 81 110 34 102 32 48 99 60 23 8 98 36 83 19 49 52 95 71 26 41 69 93 37 94 96 64 24 114 105 35 86 38 27 103 70 29 68 14 109 0 1 16
64 101 54 85 83 43 7 30 76 17 34 12 99 102 57 35 65 31 0 75 47 112 113 74 100 29 81 21 50 51 104 84 77 28 114 90 42 38 16 62 25 117 119 22 116 6 19 20 79 89 93 92 8 27 106 97 39 37 82 41 10 70 58 46 96 66 26 52 91 67 5 63 80 61 3 55 53 44 13 87 48 4 49 115 59 56 33 103 118 95 73 105 40 36 68 86 78 15 45 23
98 23 4 117 25 20 107 104 5 82 89 53 73 76 26 71 85 52 1 44 65 106 115 102 30 35 22 54 95 48 103 101 38 72 29 109 78 68 33 80 105 67 36 50 111 61 14 81 21 46 6 83 47 7 79 24 16 74 113 118 10 56 11 34 116 49 39 119 51 112 42 96 59 91 77 62 64 57 87 43 92 90 114 94 12 100 63 108 8 9 0 99 69 17 93 19 2 75 86 3
48 54 25 106 28 111 60 27 57 73 119 45 31 92 65 107 39 2 14 79 72 50 23 5 15 68 116 38 99 0 12 33 18 35 69 42 9 104 97 94 96 78 83 47 41 71 75 49 76 110 34 88 100 117 98 113 11 19 91 85 22 61 13 63 37 52 21 4 95 77 56 3 17 112 89 66 59 74 32 44 24 7 43 108 53 101 82 51 64 80 84 62 26 87 114 115 55 1 58 102
63 37 22 10 116 64 45 3 9 118 111 54 47 8 14 109 94 20 65 86 77 48 98 87 61 100 117 105 49 68 71 75 39 17 95 50 28 2 80 108 27 46 91 36 58 119 4 24 106 101 7 11 33 44 113 62 70 40 72 35 92 34 96 0 16 69 55 31 21 83 12 107 15 18 32 88 51 103 25 82 29 60 93 90 41 56 30 79 115 57 59 19 102 52 53 112 66 1 43 6
64 99 37 29 69 18 59 40 13 83 108 19 51 41 9 71 0 65 110 12 2 38 44 116 66 119 14 98 57 75 104 21 106 81 22 3 55 63 30 5 115 103 54 1 97 70 100 72 94 61 62 25 111 84 20 43 28 77 67 4 45 24 82 58 47 32 109 17 78 42 76 60 118 80 107 33 27 86 15 73 7 117 102 89 50 68 114 56 36 74 105 93 52 87 95 91 10 34 35 101
24 75 30 64 102 22 17 6 23 73 48 49 112 69 106 33 29 59 95 82 61 92 83 26 78 74 117 111 54 57 2 79 41 38 107 80 28 63 25 97 52 14 72 11 67 86 65 1 68 104 8 15 94 110 101 36 99 58 18 0 115 50 56 20 42 43 32 12 35 116 4 103 39 76 5 37 96 16 7 109 93 27 81 113 105 13 55 90 53 62 51 3 47 9 119 84 87 19 21 40
63 34 92 89 30 116 59 88 22 8 99 78 6 62 19 98 4 27 102 13 37 21 93 85 69 17 36 75 2 76 100 49 28 51 11 90 82 118 112 18 114 117 97 52 80 29 12 109 105 23 25 53 58 111 94 3 38 47 10 70 5 35 15 107 0 20 65 40 1 113 46 71 115 57 95 61 106 104 77 67 74 48 60 7 31 72 103 73 9 45 39 44 119 64 14 101 91 55 68 26
86 33 75 38 15 119 53 44 103 8 76 66 45 88 72 113 105 116 52 96 51 25 9 63 19 118 42 109 67 11 100 112 57 74 27 50 10 68 35 97 46 107 78 101 40 90 6 64 92 82 98 55 36 48 20 39 54 13 117 47 73 94 23 58 24 56 80 7 60 87 95 28 2 115 71 104 43 37 34 49 0 106 91 83 99 29 85 12 61 32 84 21 18 22 5 59 1 26 62 108
92 8 27 37 71 23 88 64 32 29 87 26 109 11 91 105 60 12 75 21 63 106 22 77 100 97 17 51 49 15 79 84 101 98 112 28 16 80 47 72 5 41 56 73 110 83 116 62 54 69 86 10 90 43 78 9 111 118 119 103 7 58 2 82 42 24 35 76 102 59 57 113 117 13 0 18 70 61 81 3 20 40 74 53 95 46 19 94 68 33 14 30 65 36 52 96 67 115 66 38
41 105 54 102 63 24 69 115 65 103 51 73 83 29 33 70 112 1 109 42 57 30 36 39 48 27 108 13 38 90 110 118 40 99 18 80 119 78 14 45 12 107 71 3 61 86 95 5 21 66 104 55 10 17 101 85 2 111 94 37 82 92 76 34 46 4 59 91 58 84 6 74 50 72 25 97 113 53 98 0 49 62 60 117 19 20 16 68 32 79 47 106 114 87 23 116 8 11 56 26
37 38 0 77 71 113 61 67 102 88 74 69 23 93 75 30 40 19 100 70 2 94 89 66 22 13 87 101 105 68 59 117 7 86 109 20 15 114 72 99 58 92 57 51 82 83 95 50 11 78 49 21 28 47 80 104 53 73 43 119 33 96 106 9 31 12 3 44 1 107 79 98 24 10 76 36 5 62 97 60 110 45 17 41 52 65 116 35 63 55 91 112 25 85 32 4 118 81 34 48
78 100 62 30 47 29 70 56 31 25 17 1 118 77 10 6 34 106 20 3 11 95 60 41 84 0 28 21 24 37 63 113 26 79 83 87 45 94 36 32 86 114 40 116 66 69 16 90 52 111 117 8 93 85 14 119 82 23 67 88 107 115 18 38 92 48 42 4 89 76 9 104 50 68 51 44 54 43 96 105 72 61 97 65 33 80 103 74 81 59 109 19 46 53 35 57 108 91 75 49
55 32 15 89 13 37 38 33 12 34 107 30 95 57 104 96 92 77 83 100 60 44 110 35 84 108 54 98 51 21 59 2 111 67 4 82 72 25 88 94 41 48 116 42 76 115 58 31 56 97 65 91 74 43 50 24 19 16 7 53 8 109 105 106 75 114 66 61 102 0 45 85 23 20 101 6 17 93 47 11 86 26 27 79 9 22 14 103 39 18 90 3 68 40 87 113 52 49 10 119
17 115 94 109 89 85 101 87 90 9 44 106 107 62 113 51 77 54 48 110 12 72 50 24 37 20 56 5 14 2 1 18 108 32 52 7 60 33 93 104 30 79 39 67 27 10 69 40 22 116 97 36 35 76 49 99 0 38 42 15 71 21 26 43 100 11 65 82 19 112 28 25 86 46 45 91 66 8 4 3 78 117 41 53 70 31 103 75 61 13 95 68 63 84 96 119 92 81 58 55
56 86 37 77 81 94 99 46 117 79 24 82 64 69 28 62 76 97 112 8 107 119 19 90 50 26 101 66 73 59 111 114 49 40 58 63 42 55 91 71 70 52 23 25 103 48 10 1 51 60 65 4 96 12 36 115 100 11 108 34 41 54 67 105 22 68 15 2 98 7 53 27 116 5 43 61 57 39 84 6 87 113 83 88 9 31 80 32 72 110 20 13 14 106 45 95 104 78 29 35
60 92 32 43 74 86 56 29 119 40 14 22 57 52 36 17 65 93 18 55 67 71 12 69 113 79 7 50 72 25 63 73 116 68 66 104 11 110 37 0 48 47 45 90 112 19 114 105 51 58 38 88 54 101 100 30 64 3 94 41 27 59 5 9 107 13 87 23 62 109 80 106 26 102 77 49 15 61 76 103 35 89 108 44 42 115 81 10 85 24 117 21 96 91 31 8 99 98 70 2
40 48 19 110 70 59 96 99 30 104 46 72 5 49 23 97 112 28 16 42 89 100 116 60 111 79 39 95 10 62 58 77 9 83 35 53 86 73 1 80 84 114 21 33 43 74 41 68 75 82 34 12 15 27 56 52 106 44 17 65 103 76 31 47 32 107 90 24 78 88 25 55 38 67 14 113 69 93 22 115 117 81 36 51 54 11 3 7 109 0 37 66 57 64 61 45 118 2 101 26
95 99 117 109 3 40 118 64 66 68 58 8 92 16 77 54 30 35 98 50 23 27 13 33 83 82 75 43 29 69 78 18 79 44 81 49 108 7 41 72 104 2 60 17 101 74 89 34 5 55 85 84 10 57 61 80 51 24 71 4 76 90 19 112 38 88 102 86 105 103 93 114 37 65 14 100 9 25 47 67 11 113 70 1 96 48 42 56 115 15 53 0 116 26 110 111 106 52 36 59
26 116 71 15 109 79 24 96 56 34 44 78 58 89 85 14 19 64 40 22 67 69 91 38 1 35 20 75 7 42 51 32 37 61 66 33 81 83 29 74 36 102 10 46 27 86 118 104 30 92 47 100 117 12 39 101 115 73 28 106 55 43 84 52 53 119 3 82 112 57 110 62 103 59 93 63 95 5 13 8 23 76 65 45 0 49 105 54 114 50 41 4 80 68 6 97 21 98 48 87
26 75 4 22 3 55 84 63 59 101 57 119 24 35 115 40 38 99 28 64 17 44 41 88 67 111 42 52 94 81 69 71 6 87 25 53 60 31 114 43 27 56 109 15 83 50 108 45 66 79 11 116 85 1 33 2 95 30 20 68 65 32 39 86 62 13 16 102 61 76 49 19 54 107 12 72 9 100 74 96 5 51 0 90 93 10 48 37 112 98 29 58 117 36 8 82 97 110 18 78
98 108 61 50 110 36 70 80 24 15 47 9 115 14 65 97 75 52 31 73 92 8 7 33 119 58 88 112 2 38 28 107 94 48 21 72 22 84 41 68 40 3 0 87 76 49 30 44 18 16 13 62 113 117 66 79 11 29 82 20 67 71 116 42 32 43 1 77 105 27 60 81 83 26 6 118 53 39 5 109 85 69 103 35 12 37 55 51 59 23 95 91 104 46 57 17 100 102 4 106
98 55 97 107 62 51 39 101 43 91 83 103 48 3 32 73 65 50 112 26 59 41 38 108 80 60 72 118 11 114 23 111 19 17 27 88 29 40 113 106 76 67 79 85 64 8 56 96 75 93 42 71 63 49 110 15 2 57 35 109 82 36 86 58 34 47 10 12 4 20 89 28 68 78 21 9 92 90 33 52 25 105 116 30 37 0 18 66 100 95 14 53 104 45 115 22 6 81 46 1
85 108 97 77 55 10 67 0 78 93 3 118 111 60 59 99 38 23 70 7 103 4 12 82 53 63 68 32 90 105 27 102 66 44 95 25 6 69 88 21 41 34 92 74 5 58 119 54 17 22 56 19 96 81 110 29 52 75 116 117 39 89 61 107 33 42 71 13 73 62 15 37 98 31 86 57 51 46 83 115 40 65 48 100 9 45 72 106 36 8 16 114 80 47 18 64 113 94 2 87
71 36 116 4 106 10 60 15 108 76 77 0 61 47 75 51 11 105 20 28 93 88 8 86 92 56 99 103 79 85 65 57 117 66 80 91 22 49 40 110 26 32 14 101 21 33 37 100 74 39 104 3 19 9 96 54 64 35 24 1 68 69 63 58 112 52 31 84 13 50 7 98 55 97 42 38 72 82 34 78 113 90 81 46 43 18 73 53 48 44 2 102 12 94 16 29 111 107 6 89
26 6 18 27 23 32 116 29 76 38 50 88 35 48 36 58 15 11 74 83 99 21 81 66 31 7 28 108 61 107 17 42 5 49 85 22 8 82 72 106 16 2 55 51 65 53 77 112 24 92 86 100 10 95 91 69 0 80 64 84 52 118 97 102 75 57 94 9 25 56 60 68 14 87 110 54 1 70 109 117 20 3 79 90 40 34 13 98 43 105 12 37 103 114 89 71 119 78 93 4
47 74 15 90 97 66 109 116 41 68 112 60 31 36 57 48 73 72 51 55 61 100 62 118 6 30 108 40 34 28 111 92 2 103 98 86 89 0 104 56 25 13 83 39 102 80 1 110 12 45 99 38 78 117 75 71 49 84 3 119 81 33 20 91 43 7 65 63 37 82 8 17 67 94 93 35 114 58 85 21 50 46 19 115 10 44 18 64 24 53 70 42 69 11 96 113 76 23 105 16
51 10 54 15 72 40 42 46 81 43 21 52 84 65 12 3 83 13 70 101 75 20 100 95 33 60 91 24 106 56 115 32 76 49 94 104 87 102 1 18 79 5 58 22 69 16 57 112 6 68 117 119 34 41 38 9 109 116 113 89 97 50 98 27 35 105 0 64 77 47 110 90 62 61 93 108 59 96 26 37 82 88 107 78 8 44 25 67 66 23 74 14 103 86 73 2 92 53 118 99
59 37 43 12 107 23 87 45 71 73 75 17 35 114 41 72 8 32 6 61 70 24 39 36 102 92 80 67 3 96 119 69 99 91 44 25 54 110 85 5 79 29 77 116 101 86 83 93 115 31 58 15 81 95 111 108 10 63 78 90 2 13 100 68 27 97 62 66 0 48 76 22 28 50 16 106 42 46 52 14 26 20 89 104 47 9 4 33 117 88 19 56 18 40 82 55 65 112 109 53
49 57 93 36 104 83 103 70 65 22 48 78 20 39 47 64 4 8 68 94 102 24 84 1 61 92 25 100 89 116 115 0 15 71 26 28 87 86 9 85 55 99 29 101 16 38 54 72 46 19 2 58 18 66 34 45 50 63 42 74 81 59 67 43 21 96 12 107 37 73 109 119 111 95 69 27 90 60 32 114 80 88 79 106 52 30 51 11 62 118 13 53 91 76 17 98 40 31 75 33
70 104 66 96 31 35 82 94 15 42 110 29 115 77 73 13 74 63 67 32 2 90 91 4 98 43 71 53 49 11 106 19 12 23 97 83 101 102 52 86 113 48 27 40 76 10 92 46 26 18 80 65 99 51 56 107 28 55 33 112 84 100 64 119 57 34 59 14 69 61 85 117 79 16 58 37 1 45 118 60 89 25 50 0 88 22 8 81 9 68 109 38 111 30 105 41 47 36 108 114
97 54 78 93 118 57 69 103 101 95 81 96 91 102 42 22 3 14 99 58 83 20 43 24 44 36 94 16 23 108 8 7 37 10 32 39 100 0 45 56 59 9 116 53 6 106 52 107 30 35 114 117 1 63 28 74 67 115 27 34 48 50 98 47 71 60 92 105 31 88 104 33 87 25 41 15 19 89 113 70 18 55 64 40 21 75 82 65 61 111 86 119 80 62 2 12 79 72 11 49
35 44 104 108 56 78 87 93 12 96 107 109 15 115 21 18 19 20 106 4 8 43 53 23 92 38 105 41 2 16 67 65 27 42 94 64 101 81 116 79 99 112 52 54 13 80 72 82 73 24 90 117 119 32 77 37 5 48 57 113 69 14 10 1 95 33 49 7 47 97 55 103 88 60 22 98 39 86 36 71 58 50 59 114 110 75 40 34 68 111 66 45 29 0 100 91 9 102 74 17
21 81 52 35 45 34 53 62 58 97 73 61 75 48 44 69 54 99 8 114 32 39 50 117 40 49 31 87 70 18 15 119 98 17 57 9 72 111 92 2 7 1 84 47 104 93 36 83 112 4 107 12 56 24 71 19 103 89 20 30 80 102 23 55 10 118 3 6 106 16 42 77 66 68 90 96 59 26 95 46 28 60 0 91 85 100 38 115 74 108 5 116 37 27 79 14 33 78 25 110
23 54 32 105 74 1 80 90 11 113 103 84 64 41 29 15 89 77 13 8 44 92 65 43 107 33 71 81 39 118 21 110 82 109 106 62 93 12 16 57 87 63 101 78 99 66 100 51 72 37 115 97 117 116 61 20 69 111 17 35 34 83 18 68 9 14 55 26 19 5 73 27 48 36 50 4 30 0 56 94 3 70 31 45 28 98 95 114 2 104 59 76 46 7 24 108 53 47 6 49
68 66 49 95 30 12 81 102 105 11 51 109 75 6 43 29 37 28 14 31 56 61 40 96 104 1 54 13 77 27 50 80 38 88 82 33 69 71 53 83 15 114 36 20 52 107 86 117 23 55 64 5 67 89 25 59 16 103 7 91 48 8 90 73 78 108 60 76 24 101 98 32 113 62 118 84 57 10 4 63 19 99 119 87 21 47 79 94 70 18 93 115 2 46 41 45 72 74 39 58
48 31 118 5 35 58 70 57 77 44 26 102 90 10 1 36 37 29 119 84 42 43 6 51 16 101 52 91 69 105 14 50 21 95 83 75 2 64 40 104 38 32 103 54 23 22 60 25 30 98 11 80 3 4 115 9 79 65 106 76 18 87 13 19 24 73 100 81 67 96 71 72 53 20 17 0 78 34 63 68 39 7 93 82 113 59 108 12 45 116 49 99 27 61 66 86 117 74 88 28
27 109 69 67 62 7 116 87 35 48 64 89 119 99 0 52 77 34 108 101 10 51 114 33 112 54 31 15 11 32 81 4 100 3 84 86 60 22 20 95 113 93 30 18 90 65 83 13 41 104 102 107 111 79 56 6 9 40 68 105 2 36 96 53 55 12 8 37 103 5 29 106 117 76 28 14 45 73 97 82 49 38 50 47 42 70 1 75 94 78 66 25 19 63 85 74 88 16 43 92
89 64 113 111 66 78 96 9 103 29 116 41 47 75 50 49 83 112 21 17 107 81 79 36 90 26 73 104 92 69 82 16 40 70 33 8 31 68 59 46 117 44 74 10 61 57 71 84 119 76 30 58 23 12 65 18 13 37 72 27 105 80 67 34 39 62 11 51 98 48 19 28 35 88 102 1 42 43 118 22 20 85 99 32 95 87 52 15 55 93 106 60 94 54 63 109 86 97 6 5
55 48 37 118 15 16 94 79 109 113 61 47 101 20 97 93 91 64 54 46 53 60 106 24 12 119 70 29 77 74 44 67 96 75 11 87 82 8 19 108 110 39 40 43 13 92 88 76 115 57 30 28 102 103 41 81 38 23 65 3 95 105 22 27 36 98 0 6 90 50 32 14 10 21 4 18 45 89 52 83 73 72 51 58 17 56 1 104 2 34 116 111 114 62 35 85 80 25 42 9
79 58 63 66 62 60 59 53 29 50 56 14 86 12 4 51 39 68 105 87 9 99 109 36 88 98 2 52 43 24 81 27 83 82 69 20 108 118 54 44 25 91 119 100 73 41 92 16 15 107 89 103 46 94 93 18 5 116 106 65 19 117 115 42 96 64 31 40 48 11 71 47 55 38 34 77 101 112 1 37 80 23 30 3 111 10 57 75 22 32 104 102 35 13 67 76 74 49 21 85
