0.000000000000000000e+00
0.000000000000000000e+00
0.000000000000000000e+00
0.000000000000000000e+00
0.000000000000000000e+00
0.000000000000000000e+00
0.000000000000000000e+00
0.000000000000000000e+00
3.017751479289940697e-01
9.585798816568047442e-01
8.165680473372780579e-01
6.923076923076922906e-01
4.911242603550295960e-01
4.082840236686390289e-01
1.834319526627218866e-01
1.005917159763313612e-01
5.917159763313609155e-02
4.142011834319526964e-02
0.000000000000000000e+00
0.000000000000000000e+00
