0.000000000000000000e+00
0.000000000000000000e+00
0.000000000000000000e+00
0.000000000000000000e+00
0.000000000000000000e+00
0.000000000000000000e+00
0.000000000000000000e+00
0.000000000000000000e+00
0.000000000000000000e+00
4.142011834319526964e-02
1.834319526627218866e-01
3.076923076923077094e-01
5.088757396449704595e-01
5.917159763313609711e-01
8.165680473372780579e-01
8.994082840236686804e-01
9.408284023668639362e-01
9.585798816568047442e-01
1.000000000000000000e+00
1.000000000000000000e+00
