0.000000000000000000e+00
3.157894736842105132e+01
6.315789473684210265e+01
9.473684210526315042e+01
1.263157894736842053e+02
1.578947368421052602e+02
1.894736842105263008e+02
2.210526315789473699e+02
2.526315789473684106e+02
2.842105263157894797e+02
3.157894736842105203e+02
3.473684210526315610e+02
3.789473684210526017e+02
4.105263157894736423e+02
4.421052631578947398e+02
4.736842105263157805e+02
5.052631578947368212e+02
5.368421052631579187e+02
5.684210526315789593e+02
6.000000000000000000e+02
