64 115 53 35 40 75 57 32 7 94 5 112 30 19 111 78 4 85 96 0 15 73 1 39 27 23 41 84 88 28 110 113 119 107 17 74 47 11 24 14 87 80 54 108 65 70 116 90 33 46 12 91 10 77 9 89 50 67 104 61 58 109 106 8 68 2 63 100 21 66 45 60 86 18 20 37 82 99 114 51 103 29 62 52 105 38 55 49 3 81 97 31 117 22 44 25 59 56 43 101
12 26 7 15 118 96 86 99 49 67 21 106 91 84 85 114 93 108 70 65 54 25 100 19 115 92 94 23 33 79 38 6 11 53 16 105 95 102 3 59 22 57 81 43 18 66 110 35 112 113 87 97 45 98 104 75 0 119 68 13 29 89 80 71 76 50 52 8 56 101 74 88 63 55 69 37 47 73 36 28 5 48 61 20 27 51 31 78 107 34 24 1 82 42 58 62 60 72 4 40
19 106 119 95 5 115 30 87 102 8 63 18 104 15 51 118 43 20 69 64 48 49 89 70 96 66 24 62 105 114 4 52 82 44 88 79 10 109 9 7 45 2 71 90 35 112 103 25 13 46 108 84 73 91 107 93 65 17 99 59 94 67 41 78 38 36 12 1 110 77 54 116 16 83 37 101 34 86 31 58 68 39 53 6 56 11 57 85 0 72 32 60 42 97 98 27 29 22 23 100
28 114 107 53 108 103 60 61 34 45 22 55 54 46 17 87 86 109 102 24 25 49 69 12 65 99 101 20 83 3 93 39 35 80 72 105 70 1 32 96 79 38 77 5 57 48 18 82 91 26 40 100 37 58 84 43 7 29 51 68 116 21 111 113 15 106 110 31 14 90 63 112 66 10 118 117 13 76 104 30 16 59 6 41 115 62 85 47 44 4 11 71 2 74 64 0 95 92 97 50
108 78 45 116 2 80 72 28 110 51 13 18 75 27 17 11 94 43 118 30 61 77 65 111 69 35 39 41 49 15 40 79 115 26 12 70 81 34 99 90 29 31 104 3 21 89 76 86 5 6 36 87 33 67 47 25 53 24 85 73 93 63 54 62 0 106 22 14 109 113 102 32 50 114 19 9 44 48 56 20 60 83 7 46 42 112 98 58 119 4 91 103 101 95 107 96 82 66 52 59
5 92 88 43 16 109 25 107 9 93 60 38 7 49 41 86 72 37 110 30 96 13 63 26 21 62 44 34 82 53 61 85 66 108 90 116 118 101 114 95 106 15 100 24 87 29 28 112 50 18 77 8 68 36 75 83 67 84 1 111 98 105 20 71 103 80 76 32 23 74 47 104 70 4 115 48 45 22 99 57 52 3 27 78 64 119 117 51 11 113 89 40 94 65 2 19 56 81 59 14
54 28 23 44 107 20 97 58 94 116 19 52 81 0 117 2 64 61 89 45 79 21 77 96 75 35 50 6 72 100 105 80 63 66 13 109 85 43 8 41 91 25 73 49 29 47 83 18 26 70 95 113 40 33 5 51 31 98 108 112 111 93 3 34 55 78 57 119 32 1 110 7 115 24 10 76 101 42 4 14 102 37 86 16 46 53 67 103 12 71 90 74 114 15 22 69 104 38 59 17
88 109 86 22 91 50 104 54 32 23 82 96 93 94 31 47 53 95 46 71 87 101 36 110 115 25 4 84 2 97 90 28 79 18 42 68 7 74 89 118 113 83 26 1 78 10 19 58 85 92 62 63 107 60 65 116 70 13 61 41 81 38 117 108 44 27 9 48 69 37 51 52 114 39 45 0 29 11 40 80 33 75 21 35 3 100 30 16 119 55 34 64 20 111 76 99 77 72 49 98
61 5 1 82 28 36 113 90 71 107 114 8 24 115 97 72 30 3 77 56 112 41 21 84 73 60 10 83 44 59 27 101 116 70 95 26 75 54 119 49 37 53 78 50 45 93 106 104 62 64 63 15 110 20 94 111 76 80 98 34 89 33 2 81 42 109 46 6 43 102 57 118 66 32 100 39 25 17 117 55 68 9 67 18 96 74 85 35 22 58 103 108 16 12 31 88 38 29 14 19
113 67 52 74 105 77 7 27 102 58 33 83 94 100 106 29 99 63 10 60 70 118 107 59 95 28 89 3 5 37 68 6 43 45 71 42 88 4 16 13 54 85 41 23 35 24 18 38 21 112 49 30 50 79 25 101 81 66 32 97 31 90 34 48 39 47 98 61 110 72 44 22 93 76 84 17 12 82 2 78 40 103 116 65 46 15 114 117 69 111 8 62 115 57 87 108 26 80 119 19
65 50 35 6 119 90 7 104 113 67 10 51 79 110 76 66 116 83 96 54 82 36 53 80 117 17 71 23 13 94 26 73 30 29 22 101 95 89 5 75 47 100 43 61 85 20 56 92 8 3 118 42 14 88 37 24 0 63 28 107 9 105 58 39 57 11 18 87 59 84 91 109 64 12 48 25 46 86 102 111 68 34 103 27 55 38 21 99 77 93 112 33 15 60 40 32 49 2 81 41
45 10 117 115 26 55 66 34 107 8 88 77 54 9 17 12 99 3 39 95 36 58 57 14 31 19 53 23 97 56 49 68 85 42 93 106 1 52 72 78 79 2 71 62 90 5 38 91 112 108 16 40 70 43 29 21 102 69 119 63 20 96 109 13 24 118 104 51 11 0 60 80 105 101 113 76 92 7 75 100 74 116 61 94 37 59 41 46 103 110 81 84 33 87 82 30 111 83 67 98
117 71 81 31 27 70 119 91 93 65 75 9 83 114 58 12 105 34 86 17 35 97 33 22 45 79 109 53 19 41 57 113 43 69 107 104 10 108 68 76 116 90 11 77 73 89 47 80 110 94 26 18 40 20 23 84 8 37 98 14 46 6 62 39 96 115 74 56 50 15 28 48 67 44 13 118 5 78 102 88 3 59 103 92 64 72 85 24 61 51 99 100 25 60 101 36 106 0 29 42
54 61 117 47 41 63 99 29 90 69 46 57 111 76 65 30 11 26 112 106 113 35 17 52 102 80 95 93 10 31 3 1 88 27 4 109 83 91 78 22 103 101 79 28 25 92 75 18 60 21 110 42 12 53 48 34 37 7 98 56 5 97 82 73 74 43 85 119 59 105 66 50 114 58 89 68 96 107 81 55 71 116 40 118 51 64 0 39 8 15 38 104 36 23 77 6 44 32 13 115
0 114 64 98 105 113 29 19 78 33 80 104 85 24 6 74 107 86 109 106 10 119 88 36 16 28 68 32 73 56 89 27 2 94 15 91 75 44 5 110 97 69 39 54 46 99 37 95 23 111 59 35 21 20 108 22 30 77 87 66 63 11 61 67 82 57 60 7 93 14 81 17 31 117 48 115 101 34 47 102 43 100 116 13 70 9 52 83 72 118 42 1 53 112 45 79 26 51 55 58
106 76 58 80 119 36 97 102 57 74 112 31 103 66 10 23 59 61 68 87 7 1 109 43 11 27 111 17 2 0 50 53 52 105 62 40 42 5 116 28 32 49 94 6 99 115 15 19 51 69 8 73 92 3 64 82 63 118 60 39 67 117 29 56 75 78 46 38 20 84 54 71 110 34 83 33 85 45 88 26 98 41 104 108 101 48 91 37 96 70 4 25 44 81 18 13 9 30 79 21
26 33 103 9 10 100 97 42 27 69 53 116 99 79 50 98 63 86 39 54 21 84 36 60 66 62 56 68 94 59 4 85 92 111 49 7 58 23 65 119 61 35 96 40 34 19 110 20 57 51 0 6 13 118 17 48 106 67 3 105 93 18 5 31 46 25 22 38 80 11 87 45 88 89 2 30 81 114 90 29 91 14 28 71 102 117 82 1 95 109 104 43 113 70 74 76 77 83 37 52
111 80 73 9 87 104 71 82 83 110 22 1 97 23 50 10 39 8 18 34 35 15 30 59 88 101 112 11 36 26 57 27 99 100 21 67 69 95 86 31 3 55 108 49 17 109 52 70 51 42 106 16 119 74 115 37 75 58 63 38 76 5 54 103 13 91 20 77 61 89 45 78 7 81 19 64 12 85 68 44 72 65 43 62 66 29 117 14 47 79 60 90 113 84 92 98 53 33 94 116
53 50 96 10 79 21 89 51 33 87 66 1 46 112 80 38 2 11 83 103 15 39 45 94 57 88 9 61 20 75 99 52 54 119 59 81 100 98 114 82 32 95 97 68 43 7 101 116 62 0 35 4 84 117 22 85 72 28 49 76 30 48 67 70 111 42 64 58 110 109 18 14 47 41 31 13 91 77 12 113 106 104 3 90 17 108 25 29 107 118 55 93 74 36 71 65 24 92 105 34
116 90 18 31 19 107 118 30 112 72 115 49 86 89 14 33 2 69 77 80 45 10 9 113 42 0 35 70 36 3 108 63 41 25 61 71 84 38 57 68 98 66 67 32 6 7 51 64 97 1 82 53 24 26 46 43 58 73 78 8 87 27 114 99 83 55 4 39 105 40 102 110 109 11 50 60 37 21 16 111 88 23 106 117 44 104 56 54 29 52 79 96 101 93 22 119 94 76 62 13
92 108 107 13 85 98 31 52 26 58 33 119 115 72 49 9 41 45 87 109 15 101 46 117 113 103 47 51 22 112 14 6 114 43 36 5 44 37 64 68 18 82 69 102 42 24 79 21 84 60 32 70 28 25 16 48 65 1 66 54 91 56 111 106 116 94 76 78 39 61 74 55 19 3 89 30 83 100 27 7 20 99 110 29 97 57 90 86 67 8 93 95 75 12 104 71 96 53 17 35
102 116 58 112 66 76 108 49 62 113 40 96 46 8 32 15 21 118 22 53 54 110 105 4 14 5 59 85 98 60 0 94 27 57 2 92 19 67 88 73 44 10 104 48 79 95 93 30 26 11 61 78 77 47 17 70 115 12 9 34 111 89 101 91 35 36 39 3 106 80 41 18 45 65 82 74 29 51 31 52 90 107 33 28 6 38 68 69 87 117 103 86 97 71 7 84 56 50 81 37
8 37 27 4 32 22 31 70 63 117 57 42 106 115 41 20 68 2 103 11 52 94 77 25 102 78 75 23 58 111 67 107 112 90 5 104 86 3 50 82 61 91 97 96 59 12 71 74 40 93 113 118 109 88 13 64 81 65 53 51 19 114 99 34 16 9 46 62 100 10 36 108 105 79 84 33 1 15 60 69 29 80 66 38 76 39 45 26 30 14 0 18 24 44 110 72 85 92 17 7
30 17 32 87 72 113 89 88 66 97 76 60 53 56 106 48 37 80 68 54 71 39 69 4 78 29 1 91 65 58 85 26 42 35 103 101 77 22 70 73 95 100 92 44 116 51 59 18 52 84 25 111 5 16 115 23 79 109 15 94 3 11 36 21 55 14 117 75 41 8 108 114 86 99 46 0 49 24 40 67 27 96 45 31 50 74 110 47 2 118 63 34 38 12 64 107 9 81 28 105
66 32 111 15 82 103 1 54 41 18 4 118 59 0 70 13 74 110 84 39 23 105 100 30 114 81 73 77 42 89 63 95 88 79 112 104 55 101 60 93 90 36 116 62 106 19 48 37 65 56 85 75 26 83 78 43 50 17 20 38 44 25 12 3 109 87 24 96 107 99 22 5 53 9 108 8 71 47 57 58 16 27 49 119 80 61 46 45 117 14 72 52 35 69 34 2 86 67 33 92
84 76 110 108 22 62 40 80 66 54 83 114 118 48 81 47 32 65 105 41 70 49 51 99 50 23 95 106 35 107 71 96 68 98 88 102 63 58 115 21 38 24 93 82 103 104 75 113 30 19 7 117 46 60 91 86 14 109 3 9 16 15 79 36 0 6 2 97 90 69 52 100 43 55 12 57 44 42 45 10 72 31 87 67 53 111 89 73 17 1 85 20 4 11 34 61 18 39 64 8
48 64 14 96 45 37 78 85 72 46 76 15 22 5 97 13 101 26 103 67 106 40 39 107 69 17 1 66 115 25 93 82 18 63 0 38 10 104 112 21 109 28 94 59 92 90 50 95 4 23 27 111 87 81 57 30 89 83 100 54 44 33 73 119 98 110 61 70 77 47 19 29 3 74 75 99 117 51 62 24 68 114 7 43 88 84 65 35 116 41 79 55 12 32 56 52 105 6 42 118
45 21 43 18 20 15 36 38 93 23 19 71 110 14 62 90 53 37 27 61 86 24 81 60 40 70 79 31 113 26 101 2 105 82 106 49 80 54 4 87 103 0 47 1 41 66 111 94 104 44 98 83 13 69 74 64 22 85 10 29 28 51 63 11 67 73 55 50 108 57 8 9 115 119 100 114 7 42 72 6 91 58 35 52 116 96 88 92 102 17 12 117 33 5 76 89 32 99 109 84
20 73 57 8 58 16 13 36 26 79 21 35 80 6 97 78 76 111 90 29 119 108 28 19 15 32 114 46 38 64 25 41 59 23 88 74 95 42 93 47 12 14 77 100 71 103 118 67 18 85 104 105 50 87 99 112 40 43 86 83 70 61 53 4 54 3 52 81 107 68 92 24 27 69 33 115 2 98 22 89 39 17 5 30 84 72 101 109 66 10 0 63 113 37 34 96 11 116 55 48
40 8 56 77 115 29 74 91 17 105 10 45 28 18 12 35 34 25 46 47 53 113 72 95 86 93 50 70 119 106 21 48 54 71 101 27 65 82 13 5 88 73 61 24 110 20 79 104 102 1 41 44 62 96 97 6 32 84 114 75 92 37 2 116 57 23 11 67 78 80 117 15 49 90 39 3 112 81 107 52 94 9 7 69 58 85 33 31 66 99 111 100 22 59 109 118 51 64 0 68
17 31 12 0 77 8 33 96 42 69 107 119 26 74 5 36 91 104 92 108 61 15 73 87 110 106 45 75 18 11 6 25 22 68 32 54 10 62 116 41 80 111 50 117 51 16 39 99 115 84 76 9 30 81 55 88 71 89 46 1 109 83 79 102 60 78 28 86 47 43 67 4 19 35 48 93 58 100 105 113 97 64 21 59 72 85 101 20 14 56 13 53 98 38 103 37 23 3 82 7
100 42 68 110 67 37 36 3 47 97 22 70 60 109 77 40 94 92 31 58 114 7 14 4 101 84 71 23 62 59 95 103 115 78 12 44 32 81 2 116 25 107 43 106 45 15 75 98 51 73 49 93 33 88 86 34 83 91 28 48 38 17 79 56 85 65 41 18 11 64 76 105 52 108 50 87 99 24 20 46 118 63 5 10 0 16 102 39 117 9 30 89 61 27 21 119 96 69 8 104
89 117 112 118 83 92 91 19 65 116 12 31 32 104 24 22 59 95 79 58 78 103 27 102 90 47 2 53 80 20 57 119 60 74 99 85 93 51 14 100 107 39 41 43 97 38 48 40 36 30 42 82 49 113 115 105 9 111 71 29 69 75 114 67 4 72 94 101 81 44 5 6 45 10 84 17 33 50 108 28 88 98 56 21 25 61 13 35 96 86 106 55 7 70 1 11 18 73 26 46
9 70 43 17 48 102 77 90 26 115 37 27 63 83 6 50 22 119 66 42 31 76 103 45 60 111 118 54 97 29 44 86 58 11 109 62 81 30 110 101 36 116 47 34 23 32 65 112 3 56 74 53 57 72 39 19 15 96 4 52 98 55 99 24 16 84 64 25 18 12 89 92 82 38 35 113 107 7 106 40 100 8 91 104 73 108 95 2 71 80 94 10 41 87 51 33 88 5 114 69
41 100 2 21 64 115 33 14 91 85 8 34 39 9 32 88 81 5 40 65 117 99 102 15 58 27 108 44 49 111 92 17 55 101 116 38 78 37 106 53 59 83 103 95 57 107 82 4 69 87 79 52 35 105 109 96 25 26 51 62 113 23 94 56 43 42 13 114 31 68 11 29 97 47 119 22 76 24 6 66 71 74 19 61 110 86 84 77 112 30 75 7 80 118 67 98 36 28 3 1
36 102 57 12 5 78 77 7 86 4 106 109 92 79 113 34 13 119 103 91 64 63 65 110 0 76 3 9 54 1 46 39 68 69 28 43 27 51 66 25 16 105 75 74 115 73 117 38 40 53 2 60 22 100 14 80 95 59 24 35 18 81 98 15 33 104 108 20 84 61 101 21 49 50 99 52 42 8 29 116 47 56 88 37 44 82 71 111 83 70 23 94 41 30 85 32 93 107 17 67
74 31 94 34 30 20 100 51 4 55 17 32 107 67 98 11 118 96 79 58 66 103 1 41 71 9 26 48 60 42 113 49 76 83 80 0 6 75 65 7 97 86 14 28 15 72 56 95 106 3 13 99 24 108 33 54 119 117 81 27 89 116 85 73 39 59 61 22 38 102 70 50 12 43 19 21 36 2 77 112 92 93 62 104 69 68 25 101 90 45 57 91 82 84 37 5 8 64 35 23
111 40 85 29 103 93 98 78 119 11 70 105 45 0 68 49 19 28 76 32 108 22 89 18 96 113 77 20 39 54 23 7 15 35 114 88 31 63 81 37 59 118 21 107 47 110 92 94 73 30 97 56 82 9 66 33 27 1 72 16 102 117 24 104 44 5 64 99 65 25 3 8 112 83 2 90 4 57 69 101 38 43 51 91 106 6 74 36 86 61 67 46 80 84 58 62 41 115 50 116
18 12 102 107 85 119 1 89 105 10 26 56 77 33 78 48 37 30 99 29 21 46 47 42 65 67 4 24 49 79 73 98 11 41 28 34 31 108 27 3 25 64 53 50 15 52 23 109 83 0 80 59 111 93 92 118 7 70 55 97 116 32 101 51 90 110 54 84 103 69 100 44 61 82 71 40 91 35 5 13 63 72 22 95 39 75 115 9 60 16 74 113 17 66 117 45 76 68 20 57
41 54 14 56 111 49 24 79 60 115 64 25 69 11 90 26 112 6 55 38 76 28 0 27 43 118 67 68 105 29 2 16 37 48 39 100 47 4 108 116 94 10 45 61 18 1 114 87 82 9 103 119 13 75 19 53 107 36 5 44 96 93 3 83 102 86 98 89 42 84 7 21 70 23 85 32 62 99 104 20 51 15 34 113 73 12 35 33 95 8 110 81 92 59 106 66 65 77 57 97
63 77 9 25 41 98 119 103 102 68 31 94 61 69 57 15 60 13 54 89 115 47 32 58 67 55 101 84 6 34 64 40 19 46 23 106 92 16 26 80 49 72 86 113 79 24 48 37 70 81 1 87 90 97 104 38 59 78 95 105 114 116 56 18 107 39 33 111 62 53 51 35 45 82 66 10 109 50 118 85 2 4 30 52 0 14 8 27 21 100 88 76 42 110 22 91 7 5 117 12
8 109 118 19 65 85 5 107 95 22 110 104 3 75 106 41 0 90 46 23 14 67 105 11 103 78 39 52 28 43 55 30 119 58 81 91 82 116 27 54 51 2 26 97 38 83 16 102 68 33 79 100 101 88 18 84 72 45 56 70 34 66 9 62 74 13 63 86 50 59 31 48 12 89 93 115 112 35 96 108 64 77 113 17 7 80 73 1 25 92 37 98 6 20 71 69 40 32 94 10
3 32 48 96 5 26 85 12 68 41 50 102 59 89 99 84 24 30 93 33 14 43 22 36 23 2 72 76 16 109 7 107 71 19 117 4 31 113 29 70 119 111 95 10 87 55 38 6 21 51 86 42 57 108 98 8 65 69 75 35 18 28 0 67 47 74 66 77 15 103 27 114 17 25 1 63 100 52 78 80 97 81 39 110 34 118 61 88 40 104 94 91 73 58 92 9 49 64 56 53
84 104 111 58 42 36 95 39 48 14 79 1 100 81 4 2 73 18 64 102 72 97 107 43 94 40 53 117 41 105 51 13 80 6 37 9 91 89 32 54 87 52 74 12 17 75 66 47 33 34 88 46 78 96 118 25 21 59 114 99 93 49 106 69 83 82 35 16 38 113 11 67 44 112 5 26 115 56 61 86 55 76 57 22 92 29 85 70 98 31 8 45 116 101 108 103 65 20 0 19
18 29 37 32 99 53 77 116 104 65 70 59 78 20 46 81 73 100 44 76 8 111 5 106 105 80 90 2 54 82 74 75 25 95 39 87 3 102 40 48 13 84 55 93 31 6 26 9 57 83 35 34 60 98 96 7 86 89 27 14 112 0 85 107 1 64 4 91 79 117 72 36 115 19 71 119 109 56 38 108 10 11 68 52 101 94 43 61 50 51 45 28 118 17 103 58 62 67 113 66
26 84 103 38 117 73 6 20 79 25 112 93 33 70 113 42 67 105 115 83 4 95 76 10 57 94 15 18 87 41 54 58 2 66 37 92 71 101 98 8 60 108 62 34 30 22 24 88 106 72 110 12 29 32 63 111 109 46 48 16 53 45 85 118 99 19 0 69 17 1 21 78 65 91 86 47 61 56 97 36 75 52 59 107 40 43 82 14 64 100 3 5 27 102 51 9 7 96 31 116
59 27 65 63 22 45 72 31 34 111 101 6 88 110 62 96 19 106 68 46 56 74 48 15 55 53 14 91 92 30 44 2 119 17 47 102 33 71 75 39 90 115 116 9 82 35 3 18 10 93 54 7 117 43 103 25 86 11 1 41 114 51 16 29 100 61 79 67 52 28 20 66 113 32 83 4 84 0 97 78 64 99 95 108 57 26 118 8 49 5 107 42 58 76 50 109 89 112 80 36
76 92 96 95 105 82 116 84 88 102 67 80 44 37 66 109 53 17 45 93 70 0 24 25 89 2 115 10 41 31 99 50 58 26 98 46 18 9 85 19 49 7 47 55 32 52 97 5 71 106 114 113 78 40 14 57 3 65 83 72 91 15 112 75 56 20 11 73 79 54 13 64 23 39 4 81 100 22 87 29 103 69 16 30 61 1 90 8 36 68 117 119 62 43 110 63 104 48 74 34
35 78 7 3 81 76 36 33 10 4 37 68 15 105 96 97 103 66 70 64 90 2 86 51 75 26 91 62 82 110 39 115 40 16 111 89 94 108 79 69 8 30 58 21 109 119 18 53 85 67 32 98 28 112 9 49 50 29 54 19 38 0 100 80 104 95 84 107 52 5 106 71 77 41 46 72 1 73 34 12 102 47 17 45 25 57 61 113 14 99 92 42 20 31 23 11 116 24 48 88
34 67 56 0 79 7 112 88 100 62 30 8 102 83 29 111 77 26 22 28 105 61 44 91 60 119 35 47 75 76 43 40 104 93 74 37 41 14 23 87 9 66 63 69 95 2 81 6 32 117 11 89 20 36 107 53 10 50 118 90 42 15 17 113 68 71 19 82 38 51 96 54 97 65 59 73 4 72 5 21 24 18 108 64 114 25 94 109 39 58 12 110 92 85 99 27 57 116 45 103
42 27 55 117 35 43 58 67 34 105 65 53 81 112 56 63 1 77 73 52 97 88 46 72 33 45 0 26 103 68 83 74 102 11 51 106 66 14 110 31 99 76 50 80 57 17 114 44 32 49 94 86 20 47 116 3 21 62 115 40 82 19 100 38 24 92 54 75 87 98 96 85 111 90 10 22 23 36 93 108 60 16 9 95 39 59 71 61 15 2 104 79 107 119 113 30 28 78 13 89
100 56 57 89 83 114 59 20 69 79 111 110 54 1 105 62 81 85 61 0 28 63 29 75 39 47 46 26 4 3 64 52 97 82 107 104 32 101 58 18 38 92 49 16 86 98 99 48 66 113 74 23 51 73 94 118 87 65 8 42 78 31 33 25 12 10 91 6 84 27 108 37 41 115 17 55 77 95 68 93 102 9 36 80 45 67 90 76 40 70 5 30 34 116 88 7 13 112 96 119
28 16 118 9 8 78 57 20 83 119 51 7 94 6 31 80 42 62 59 47 58 88 52 60 19 22 116 92 98 72 90 33 55 64 50 97 99 39 81 3 82 38 35 0 69 96 24 95 113 32 14 34 102 37 103 84 27 67 2 105 15 17 48 11 87 63 41 86 107 75 66 76 21 93 36 115 73 29 26 117 45 53 111 68 85 18 30 65 25 110 77 56 112 89 40 54 12 91 43 74
12 40 3 0 113 51 22 6 102 94 14 38 109 18 17 76 43 68 33 45 30 75 7 72 116 47 107 67 111 53 46 86 21 32 13 35 34 4 98 42 74 89 101 88 11 110 118 91 60 95 63 92 80 37 81 103 36 99 77 71 106 58 25 2 73 112 23 66 16 104 19 31 115 119 1 93 105 85 97 9 82 44 87 52 48 24 79 55 57 54 64 108 28 5 49 96 114 15 39 10
11 1 112 103 90 50 8 84 97 95 111 110 87 67 47 96 19 64 65 76 36 114 80 34 9 31 102 119 60 7 27 37 104 82 22 6 33 108 52 89 40 117 94 55 17 56 106 75 101 5 57 58 92 51 118 23 26 85 72 81 68 73 24 53 74 21 98 45 107 25 42 43 28 18 78 29 0 13 41 54 14 66 46 4 100 10 62 16 93 69 20 77 49 15 63 38 32 115 35 2
54 14 16 81 30 74 24 112 77 103 33 2 32 78 93 7 97 116 45 65 86 102 25 39 28 67 40 26 47 110 83 27 96 70 37 90 104 43 100 87 118 101 42 89 114 57 44 60 23 49 107 19 15 106 117 94 0 12 10 18 22 111 48 34 109 21 1 95 64 73 99 85 20 5 71 62 79 31 113 17 50 4 66 98 58 119 82 69 52 115 36 13 68 38 108 53 91 88 29 92
22 82 93 108 27 7 18 97 96 70 112 100 119 71 77 40 114 62 33 19 98 11 3 95 111 29 53 52 2 44 59 104 103 78 46 9 68 87 88 75 15 37 10 21 72 64 1 30 83 24 116 81 6 51 36 4 47 89 60 13 92 94 118 107 31 48 63 35 41 109 80 102 84 34 8 105 86 106 16 110 67 25 99 5 55 14 101 115 49 45 12 42 0 85 69 73 17 20 39 74
97 109 24 29 38 11 22 49 5 79 18 96 9 106 35 0 48 3 4 2 75 98 61 37 8 60 34 23 108 44 12 26 45 93 51 6 14 74 71 102 10 15 33 41 90 73 84 39 17 87 103 56 81 53 91 28 89 47 114 115 88 92 65 69 110 50 117 30 111 36 1 119 68 63 16 76 32 85 27 104 42 59 107 19 112 105 77 116 20 46 72 52 101 21 80 94 7 82 57 100
33 86 5 28 45 23 59 38 32 1 37 101 6 65 35 115 77 42 111 30 110 52 95 113 90 89 119 118 43 80 82 22 20 47 64 14 105 107 50 3 8 10 74 116 62 103 66 13 31 12 109 57 16 19 81 9 98 85 69 88 91 108 94 18 73 34 48 27 26 92 7 21 56 41 51 100 17 71 79 96 11 99 0 70 117 29 61 2 76 93 75 68 4 49 84 39 25 60 67 46
118 105 95 27 76 0 11 18 3 32 113 1 110 26 4 45 13 80 101 84 73 111 85 83 89 100 54 7 97 16 25 86 21 2 17 66 37 59 57 109 91 74 48 34 52 29 39 9 69 61 56 64 12 44 114 5 49 70 14 38 60 46 72 108 24 47 106 6 116 115 104 10 62 102 36 55 22 43 79 112 119 35 51 30 58 94 8 107 78 93 88 23 63 40 117 42 33 96 68 90
2 11 29 35 114 69 109 60 39 32 63 75 74 50 30 44 84 23 1 76 31 86 92 105 56 111 119 55 98 108 7 3 61 71 94 68 88 8 54 17 107 5 43 83 93 65 78 64 113 100 42 15 0 90 34 52 110 28 21 95 18 59 47 24 45 82 101 70 13 77 20 104 115 10 33 97 22 26 27 58 91 96 51 53 79 106 118 112 40 57 62 4 87 80 41 6 116 16 48 81
38 17 95 32 72 39 89 24 115 103 111 43 41 13 76 101 93 110 119 66 102 23 51 53 92 21 55 19 31 100 87 106 112 109 49 97 20 61 12 85 77 2 11 45 78 28 52 75 50 47 16 73 42 34 44 59 114 4 30 63 5 65 58 56 33 7 62 116 117 1 90 22 96 15 82 40 46 104 3 113 69 27 118 70 81 98 14 10 9 57 29 26 8 105 6 84 0 18 67 107
97 66 77 83 75 23 68 4 111 50 63 95 26 105 24 88 81 79 109 99 72 114 36 92 112 42 89 32 86 28 55 107 1 21 43 61 45 102 70 39 48 76 58 0 35 46 19 85 94 96 12 3 115 51 62 49 101 119 52 8 22 33 53 15 31 25 59 47 13 16 18 103 60 20 54 14 56 37 34 113 2 10 100 71 27 98 106 17 80 29 64 57 73 117 67 41 44 40 9 116
22 76 70 100 95 89 83 51 46 74 38 0 90 105 110 35 93 85 64 94 40 114 88 87 18 73 72 48 84 98 119 56 54 112 50 55 82 19 60 24 66 57 16 13 34 27 47 75 20 77 91 116 92 71 23 12 61 5 52 30 3 107 1 37 8 9 115 81 102 53 67 58 101 49 33 42 69 31 26 68 4 86 21 45 2 118 106 78 10 104 25 7 111 43 103 79 6 97 36 99
23 0 22 16 117 60 115 103 90 98 5 8 54 52 105 119 43 79 15 63 25 109 82 7 44 4 9 29 70 111 37 74 58 71 104 75 62 33 86 72 26 68 85 61 64 45 78 56 31 97 88 96 67 32 34 41 13 89 84 42 49 17 76 118 27 95 55 30 12 39 87 6 21 20 107 113 59 65 80 53 38 81 91 101 14 46 102 1 114 40 19 110 35 77 10 94 69 48 51 50
55 116 60 41 98 107 78 87 115 103 86 37 29 23 69 5 61 48 85 100 104 49 6 11 65 39 24 101 93 105 26 82 81 9 62 111 57 119 95 76 36 7 67 112 99 44 66 89 3 71 114 20 77 1 35 34 30 92 15 113 46 42 16 70 21 75 17 25 74 59 72 53 54 56 80 68 19 96 10 32 58 94 109 97 33 79 83 106 90 13 0 38 63 118 8 52 51 12 50 31
43 40 106 110 8 11 114 42 73 16 29 116 64 86 14 102 1 24 30 56 67 88 49 65 21 111 100 38 59 79 84 50 85 87 82 92 48 31 72 66 96 74 46 99 119 51 45 7 75 83 108 77 76 20 57 68 113 27 118 18 47 78 58 17 107 6 19 61 26 60 97 52 69 90 63 28 98 0 44 33 89 80 101 41 109 104 62 35 70 9 95 15 117 22 91 25 23 115 81 36
70 48 15 98 42 13 49 22 76 0 119 75 118 50 41 40 35 33 73 10 1 46 80 82 67 112 26 20 66 21 83 88 106 104 23 107 61 16 8 77 74 31 87 57 5 55 89 96 14 28 18 43 24 17 64 44 78 85 79 71 116 7 113 105 9 84 53 37 100 12 68 19 39 62 115 2 52 32 114 110 95 81 11 34 92 45 3 47 108 27 63 30 29 117 109 54 59 97 65 90
93 46 2 25 59 74 45 37 92 8 117 6 18 98 33 76 51 87 102 99 109 106 10 103 111 7 94 57 75 63 28 39 41 49 67 107 71 22 104 30 47 79 26 38 53 113 48 83 68 105 40 17 9 110 34 116 114 100 64 95 3 13 72 58 5 50 24 96 4 11 90 55 20 69 27 70 82 35 118 31 15 36 84 42 77 85 65 56 16 1 19 73 112 29 108 89 80 86 60 119
110 20 104 35 88 18 26 66 32 0 60 41 53 63 24 106 12 67 9 115 113 61 87 11 25 23 111 96 102 105 64 3 34 21 29 86 114 16 74 95 37 71 31 47 85 90 27 42 62 54 56 68 118 103 99 72 43 38 81 10 19 55 58 1 49 13 65 79 52 51 57 8 98 14 50 97 108 100 28 78 94 70 17 44 80 36 75 89 7 82 76 45 2 117 101 69 15 4 109 119
117 61 28 50 99 33 17 23 95 82 54 53 97 13 108 8 48 92 6 52 77 59 63 15 57 31 22 71 12 43 14 101 102 29 47 41 4 38 73 24 119 70 36 2 111 39 110 109 0 9 19 116 72 104 106 51 96 81 69 66 88 80 5 98 86 67 18 79 113 76 49 85 84 83 46 89 25 27 94 75 68 20 11 100 44 10 16 103 93 42 34 115 58 107 62 90 21 112 78 40
66 23 30 20 8 100 22 0 97 18 12 32 103 79 107 59 77 96 114 5 63 48 37 118 71 72 65 9 43 102 110 90 38 61 52 35 112 25 94 67 44 91 57 58 42 113 83 27 99 98 24 56 81 111 95 41 117 92 51 76 70 60 115 14 11 89 46 80 86 50 19 101 39 87 36 1 73 55 16 62 104 17 40 29 84 7 74 119 109 105 4 3 13 82 93 2 108 34 88 31
110 15 60 24 83 56 90 78 39 94 47 85 79 76 5 32 54 51 96 67 21 59 88 116 50 22 58 38 111 57 81 18 74 25 105 91 117 44 33 34 4 9 68 75 101 55 26 48 31 113 100 45 28 0 3 49 42 62 106 23 84 13 36 40 95 37 8 98 89 65 82 97 2 7 1 77 52 14 72 30 112 119 115 61 102 41 73 17 86 87 29 108 93 16 70 27 69 118 109 80
84 85 59 96 10 93 43 72 31 25 20 117 109 99 95 56 91 79 78 22 65 106 66 103 81 60 36 13 30 4 7 29 68 108 50 111 28 58 39 77 57 21 70 14 49 40 64 17 19 11 32 18 104 88 115 90 35 75 82 55 94 26 98 119 116 69 101 1 33 62 52 47 61 45 8 3 2 74 63 5 23 42 38 118 27 53 34 41 87 83 86 48 44 110 16 92 12 0 67 107
2 71 77 39 49 117 75 92 100 60 65 114 10 90 16 4 31 35 5 95 112 56 62 42 47 104 52 9 57 38 97 96 67 27 103 18 76 106 94 91 88 86 48 40 59 99 116 89 93 15 0 69 51 98 85 84 101 28 23 108 7 14 102 6 78 110 21 26 118 34 25 111 68 24 33 3 30 41 82 72 61 81 36 32 45 66 1 55 29 13 37 113 79 46 74 43 19 80 53 115
100 87 70 113 109 81 2 94 84 104 102 42 96 79 75 95 23 118 16 3 46 31 107 18 51 53 105 4 36 93 114 108 39 45 38 7 110 77 71 88 80 26 66 60 29 35 119 43 57 106 48 83 74 8 63 73 82 90 9 59 25 97 58 49 21 15 37 111 55 112 101 11 117 78 13 6 103 92 68 22 99 61 86 20 116 89 1 52 76 40 17 62 24 0 27 5 72 32 30 98
62 56 86 44 58 115 117 22 46 107 32 53 73 103 92 2 119 1 65 102 15 100 36 45 91 76 61 7 4 21 111 8 38 79 106 17 104 10 55 49 105 25 6 64 5 84 20 109 93 83 42 9 74 28 88 0 80 98 110 24 3 35 11 51 81 113 52 94 90 85 27 108 63 101 87 26 99 29 116 97 41 19 18 16 75 77 14 71 43 54 37 66 68 69 96 59 78 95 67 13
70 19 29 67 53 119 114 13 75 94 78 71 33 10 108 17 87 4 98 55 49 42 57 1 99 79 21 46 111 37 25 116 83 15 45 73 39 62 110 77 117 24 69 6 50 93 40 105 22 107 76 43 54 27 115 81 48 103 14 60 95 35 61 20 41 38 52 9 82 66 26 12 96 91 8 106 109 68 30 101 34 28 3 89 74 86 31 2 56 59 102 58 64 80 47 7 65 51 23 16
35 45 40 111 54 31 50 36 11 34 118 22 67 70 75 8 68 6 53 5 18 41 48 26 106 78 97 63 38 37 47 114 16 59 2 14 71 119 19 82 76 58 94 0 107 93 77 21 102 98 87 28 15 32 65 57 7 52 104 84 117 12 96 13 55 20 109 91 116 9 39 72 17 30 108 56 44 100 79 115 101 86 74 51 46 42 81 29 80 33 23 99 88 85 3 69 62 10 113 103
46 2 117 103 69 79 28 67 53 92 31 23 48 113 96 78 38 90 97 59 50 83 57 61 9 8 112 15 10 88 33 17 80 77 63 110 41 109 71 11 73 49 4 114 108 3 74 82 56 70 84 75 22 30 87 45 116 25 118 89 36 65 102 60 34 1 95 62 12 0 27 94 68 91 76 51 7 99 119 107 64 21 14 100 20 93 85 18 55 43 26 72 101 35 58 40 32 47 86 66
38 96 104 26 9 5 18 53 13 11 95 62 109 28 17 93 92 97 100 0 75 16 108 19 1 84 64 25 61 106 72 91 51 82 47 30 49 29 112 7 58 79 39 8 115 40 14 48 99 65 4 114 111 85 118 3 70 74 116 31 103 73 60 78 87 22 89 57 2 21 63 101 44 83 105 80 68 43 52 10 20 50 6 71 110 76 77 88 27 90 32 37 12 45 117 33 59 81 94 98
46 65 42 82 50 53 92 7 31 3 33 90 108 99 43 40 13 67 101 60 104 64 0 38 59 28 24 107 18 111 70 36 85 27 62 97 105 103 112 29 110 91 26 71 23 14 74 2 114 81 58 95 118 102 19 79 86 52 30 109 34 15 87 94 20 106 63 77 16 98 88 25 4 119 113 89 84 10 75 57 61 93 55 45 68 1 5 51 32 116 41 54 72 17 21 69 47 73 117 44
95 43 106 23 86 5 72 25 74 104 33 111 98 40 119 52 114 101 69 45 41 91 24 76 118 2 32 14 66 20 83 7 28 1 89 108 65 55 8 103 47 31 113 117 61 67 79 110 26 6 73 88 116 54 51 9 48 107 90 46 18 80 77 84 102 60 105 16 3 115 82 64 62 27 57 53 12 42 17 71 4 36 38 87 21 81 112 34 68 58 85 44 56 50 99 37 39 70 22 30
91 56 99 92 43 69 28 19 42 21 23 6 1 109 65 45 16 98 12 86 33 87 5 115 55 116 31 49 48 103 51 66 63 94 80 58 59 62 79 76 9 96 40 18 78 53 3 38 70 7 20 117 8 84 75 14 68 32 60 37 44 106 27 2 35 11 85 34 39 46 13 111 110 0 26 71 25 52 114 89 36 67 105 81 41 10 119 4 108 64 57 74 50 113 47 22 102 88 54 83
16 18 12 79 102 71 117 92 22 49 33 51 43 19 28 37 68 30 77 44 41 9 5 35 82 1 70 114 13 65 106 75 81 89 32 15 52 63 119 40 94 66 4 103 54 57 105 56 58 45 113 38 86 6 98 80 109 87 69 46 59 73 97 17 47 23 21 110 2 115 90 93 108 62 104 39 14 64 42 78 24 48 76 107 96 116 11 61 3 100 27 74 111 10 7 29 26 55 50 72
16 85 36 100 44 6 26 54 31 61 97 52 89 41 114 45 75 119 19 90 1 73 81 35 30 47 93 82 21 108 15 87 56 5 106 48 99 94 58 103 13 10 69 71 80 110 63 2 4 62 113 111 22 17 83 116 96 76 117 27 37 60 57 0 46 95 64 39 33 84 49 55 78 59 32 92 9 20 118 91 14 28 74 53 51 7 109 104 112 40 38 18 72 24 3 67 88 101 102 115
33 35 20 32 103 30 3 42 50 80 95 0 98 74 24 119 15 115 63 5 90 22 68 46 112 82 9 109 34 108 99 65 86 116 106 76 85 26 31 77 64 111 94 45 79 66 92 102 104 105 71 78 40 29 41 14 75 118 114 107 51 91 39 1 96 60 38 13 84 10 6 54 17 12 28 56 69 49 67 110 100 37 19 61 88 87 101 93 4 81 36 53 52 62 18 72 44 47 55 58
41 0 30 9 23 17 114 5 33 100 3 75 34 11 54 107 57 35 64 113 94 87 25 81 26 7 93 109 21 15 8 96 22 98 111 97 60 89 40 72 38 116 65 16 86 90 24 27 73 13 51 84 110 55 71 77 68 78 119 66 36 112 43 70 52 99 117 59 85 14 28 6 10 53 48 44 67 32 39 79 118 1 4 92 83 102 42 18 49 103 63 19 69 105 29 76 80 108 58 31
79 37 57 30 18 47 50 48 118 60 110 64 103 38 73 100 51 27 67 89 104 29 9 20 97 63 90 22 44 52 101 71 87 56 108 42 70 35 53 26 0 80 21 81 66 75 83 91 93 115 95 10 46 114 5 54 24 82 78 58 69 49 31 11 41 59 112 119 102 98 4 7 1 107 106 76 25 72 13 45 88 94 77 84 68 111 19 109 39 55 43 36 62 92 85 96 117 2 8 15
87 98 30 17 40 116 75 119 80 36 13 44 115 112 110 55 72 62 102 83 68 16 89 82 117 38 0 42 51 52 27 114 79 29 81 28 26 23 41 66 92 64 111 61 93 90 45 33 32 69 84 4 7 12 48 96 20 46 109 31 8 73 71 94 21 47 9 5 86 6 113 34 3 65 67 11 70 100 15 97 37 54 14 49 59 106 105 85 91 104 56 103 39 118 101 60 50 88 107 63
27 38 25 62 40 85 65 99 58 93 39 105 107 76 102 104 52 78 8 119 28 2 14 70 7 16 45 111 48 46 55 53 64 100 18 73 30 9 115 51 32 41 63 101 81 68 4 69 80 6 24 10 110 54 61 34 43 112 12 23 44 35 0 86 79 59 90 36 56 17 49 37 15 113 108 57 72 98 89 66 84 88 77 114 117 1 116 21 19 5 103 29 87 20 31 33 109 95 106 47
55 5 101 21 14 97 47 19 71 31 13 89 52 59 118 50 16 57 79 68 111 33 106 58 60 77 113 17 83 92 46 34 81 110 42 15 36 91 115 18 87 51 12 24 20 39 38 8 108 119 11 25 44 88 53 116 94 66 90 112 48 35 85 75 10 102 86 64 1 67 61 43 93 63 69 96 7 82 105 72 32 4 2 109 22 78 65 30 103 80 117 70 49 99 62 6 54 104 27 100
54 52 2 32 57 37 82 4 108 40 86 117 42 10 98 70 119 60 94 43 69 62 56 71 45 15 3 77 78 48 63 53 47 106 46 79 21 95 111 59 49 76 55 58 64 65 22 87 93 100 83 11 110 36 88 0 31 118 17 14 30 96 92 35 75 89 114 50 61 103 68 19 85 25 29 1 109 20 27 23 34 116 9 8 67 115 74 13 33 51 24 81 84 44 28 101 16 102 12 6
44 25 51 6 96 66 34 80 31 33 56 24 55 38 17 77 63 50 45 7 13 49 71 32 85 14 46 41 1 72 101 35 79 9 102 23 93 57 119 113 110 90 118 26 91 68 75 88 47 53 40 59 92 15 73 89 8 61 60 16 27 82 10 81 87 36 48 3 52 69 104 105 37 97 67 42 4 95 108 83 76 62 39 54 19 65 20 21 28 70 11 109 64 100 12 111 2 22 117 58
63 100 94 52 21 10 1 43 114 77 62 74 36 38 27 49 95 112 54 90 24 87 60 69 17 113 92 9 80 12 70 64 20 82 15 33 22 35 48 84 50 8 86 2 6 58 102 57 19 88 78 13 116 76 107 109 41 83 105 29 68 71 119 53 18 40 108 55 30 28 101 81 11 65 115 96 59 3 39 31 4 37 51 89 61 32 23 106 97 5 72 103 44 25 0 117 67 85 118 7
0 94 92 20 104 53 19 86 93 112 79 77 13 5 99 47 33 50 106 59 25 90 62 78 57 22 56 26 8 101 45 83 108 66 116 107 65 111 32 51 58 43 91 18 4 55 98 109 3 87 67 72 119 34 24 44 105 29 95 2 76 49 71 35 118 60 80 1 114 7 88 103 115 11 84 41 64 102 96 82 16 97 89 81 70 6 12 117 74 14 68 40 31 36 42 52 48 54 17 73
1 20 114 27 98 63 25 55 103 49 26 111 23 44 79 82 45 73 21 58 8 41 102 51 19 48 16 43 14 88 28 117 4 86 31 74 92 115 12 37 66 101 56 83 67 77 107 57 99 9 81 87 36 85 54 105 68 34 113 53 35 109 71 6 96 116 91 76 39 104 11 24 50 110 89 13 106 64 75 60 84 70 30 46 38 80 5 90 112 17 119 100 40 118 7 33 95 52 0 72
96 47 78 38 62 11 14 32 98 104 106 3 33 27 58 83 109 53 20 80 84 60 16 119 0 113 29 18 68 76 69 13 46 90 85 48 116 55 67 105 1 115 28 81 43 31 34 56 110 63 6 72 41 64 102 57 25 97 66 79 8 65 15 71 19 61 45 40 93 49 10 35 75 100 59 73 17 95 36 74 37 82 86 89 24 87 39 5 21 92 117 2 7 114 118 112 54 51 42 94
38 97 80 11 58 114 107 52 102 5 105 25 41 67 89 64 77 37 9 27 119 31 30 87 34 12 85 19 61 70 50 71 115 39 3 26 88 53 18 62 108 99 13 33 79 4 32 55 21 56 59 117 14 81 74 57 43 118 40 93 35 103 72 23 78 116 47 113 22 69 36 90 73 29 66 6 82 51 60 16 86 24 98 0 75 76 84 54 42 94 17 100 109 45 111 20 63 65 8 44
41 3 31 40 46 101 32 33 107 47 16 28 93 29 14 73 50 83 86 91 20 87 80 102 89 38 114 17 92 57 42 79 67 10 52 59 43 18 69 116 62 105 111 109 85 119 72 113 2 13 81 4 112 115 6 117 66 95 94 60 8 61 30 99 55 106 36 78 71 53 39 22 97 27 56 45 26 104 9 44 103 5 35 68 64 12 75 23 63 34 25 1 74 0 21 82 76 58 108 48
8 65 117 46 26 31 64 95 113 106 60 110 5 67 59 108 15 22 32 40 88 19 72 90 38 87 86 85 45 98 61 3 9 111 54 35 12 77 7 48 116 105 112 43 101 119 6 53 81 20 55 78 50 96 37 10 66 21 74 83 97 89 39 107 11 115 73 75 99 30 84 79 23 41 56 24 47 92 76 100 91 28 0 57 33 18 118 27 104 103 42 109 62 80 69 51 13 63 4 17
12 109 91 90 36 73 25 53 96 59 28 46 117 107 110 43 98 5 34 21 39 118 49 10 35 111 100 119 7 20 85 114 108 101 13 22 112 65 51 77 16 18 42 30 69 80 19 55 99 71 0 97 86 113 4 45 27 29 104 67 3 105 47 40 26 6 56 52 24 57 68 48 11 66 1 88 8 64 14 70 115 93 60 78 72 84 37 23 38 62 82 106 44 63 87 58 116 17 79 50
0 114 27 26 48 107 60 85 63 116 115 98 59 86 87 84 35 78 10 31 18 30 16 105 90 47 80 51 46 70 3 97 102 68 110 9 72 15 76 108 53 99 38 75 19 119 101 61 71 1 67 7 64 113 95 29 79 100 103 83 44 112 45 69 65 109 111 17 41 58 57 2 91 106 25 88 32 22 117 49 21 33 89 93 82 104 52 118 43 74 37 54 62 77 6 66 96 12 11 50
93 44 37 31 36 22 47 70 50 109 89 72 114 62 30 110 100 92 90 61 52 76 97 84 48 28 81 12 26 107 5 69 88 67 41 119 42 65 94 105 23 115 91 95 75 38 104 54 86 20 63 80 108 39 10 113 118 35 19 68 9 11 58 18 102 16 34 3 53 60 29 14 103 1 66 117 83 32 4 24 8 40 33 45 25 98 77 112 51 43 46 13 79 7 96 21 99 116 6 59
12 46 111 26 90 0 100 103 102 20 84 33 68 97 10 23 43 11 95 8 107 28 83 98 108 106 60 15 70 79 29 52 50 92 96 86 19 34 57 85 14 40 3 39 27 104 32 21 64 9 63 53 25 69 2 5 17 91 51 59 49 54 71 66 78 16 87 105 48 81 114 55 77 119 76 101 80 109 18 4 113 42 45 24 56 31 38 88 116 89 118 37 93 13 75 44 67 36 65 74
37 59 101 74 16 75 20 1 61 105 12 84 112 117 56 57 41 60 92 19 109 6 76 38 17 97 72 34 89 62 53 99 71 42 100 25 5 39 96 88 68 67 79 21 111 54 33 7 49 94 87 8 108 51 63 106 114 90 103 118 24 91 9 81 29 64 95 26 32 13 119 23 80 30 65 78 83 27 15 107 47 116 36 43 73 11 35 77 55 66 102 86 104 70 115 40 2 46 110 85
111 34 6 29 74 46 94 84 43 96 73 100 11 77 116 4 86 15 8 49 91 102 112 119 5 109 93 60 68 48 37 89 65 87 82 78 0 12 58 63 40 62 115 95 99 1 25 85 30 97 33 21 31 38 32 98 107 56 90 45 55 66 75 117 10 52 22 118 23 17 70 41 36 110 101 18 72 54 71 92 104 106 103 79 105 50 27 80 2 47 24 114 13 69 44 51 20 19 83 14
117 9 55 98 50 84 29 93 87 4 21 66 96 104 76 70 46 13 90 42 75 116 23 60 105 33 54 71 49 74 53 118 82 5 20 67 110 25 31 19 47 34 41 38 83 39 8 89 92 73 51 18 40 0 65 107 56 36 68 88 30 95 102 3 101 11 72 85 100 14 86 35 115 27 109 97 45 15 62 103 16 63 59 44 106 6 43 28 94 10 77 80 37 111 22 69 119 1 113 58
17 24 110 59 111 43 36 15 67 64 60 51 37 76 12 29 100 4 104 56 75 0 97 57 7 54 41 58 21 63 107 19 2 6 3 71 38 79 26 86 106 98 20 27 119 69 13 44 10 34 68 16 114 25 99 83 81 31 42 89 96 105 93 113 78 55 116 1 5 35 72 112 53 48 118 84 40 66 108 30 14 95 28 32 8 61 45 82 22 62 73 80 18 92 9 52 91 85 109 90
29 65 39 44 24 14 9 84 110 7 99 112 87 96 107 68 17 38 52 33 11 27 32 82 49 111 61 108 109 97 46 71 26 76 20 53 69 90 21 36 114 48 80 72 74 51 106 67 81 104 2 94 12 88 50 118 101 86 47 63 15 30 34 60 54 103 75 115 1 59 105 10 22 79 102 93 83 3 43 85 45 119 13 4 55 5 31 70 100 92 16 58 25 117 113 23 77 89 66 95
31 62 79 102 30 85 28 58 56 68 32 10 34 97 59 96 52 69 29 13 81 33 110 48 46 99 114 70 72 77 8 80 17 113 50 40 25 88 49 16 61 67 87 11 3 100 45 41 23 39 90 108 42 112 0 27 118 106 115 35 109 94 4 75 54 83 24 20 7 47 76 5 22 14 119 51 104 78 117 95 37 60 21 55 105 43 93 82 65 18 86 9 98 66 38 12 71 57 111 26
55 36 110 85 88 68 20 38 31 41 101 47 12 69 90 40 116 39 27 99 107 80 33 59 28 4 81 95 15 22 77 92 104 24 111 115 62 65 82 16 45 112 96 113 78 46 61 19 118 32 43 30 105 58 79 102 84 17 48 91 54 103 119 83 21 72 2 64 23 60 100 106 9 5 117 0 14 87 11 34 94 51 50 67 114 73 71 49 52 6 37 98 8 86 63 35 56 7 97 10
91 73 52 104 119 0 67 89 60 48 59 99 103 33 29 70 8 43 72 115 25 27 76 13 28 93 31 71 40 107 68 18 57 9 49 94 50 11 38 106 102 90 19 46 47 109 44 101 53 97 6 34 36 96 86 61 65 82 74 54 77 17 32 75 12 111 15 95 64 108 66 16 69 10 7 3 42 35 83 5 62 45 118 87 117 112 88 56 84 58 2 105 92 85 81 24 63 21 26 4
99 91 33 92 88 100 15 77 114 51 5 113 11 19 72 97 66 118 32 116 90 105 40 9 24 56 0 67 41 87 8 28 61 34 55 94 39 17 80 65 26 101 43 37 111 70 20 71 12 18 63 2 84 76 27 102 74 6 23 14 62 1 7 47 22 60 10 59 110 30 36 112 64 79 104 38 31 57 73 35 78 53 46 16 49 95 115 98 109 13 75 25 58 81 107 50 108 106 93 21
41 95 114 74 73 72 119 98 6 84 48 26 33 92 102 16 67 18 12 36 7 96 79 45 88 75 37 30 63 35 82 1 86 85 77 10 34 94 64 118 23 104 112 38 17 69 61 51 8 100 56 65 15 9 22 52 76 110 87 49 46 83 47 103 66 81 32 44 59 5 55 53 31 105 14 27 29 50 28 89 97 71 93 106 80 40 108 11 3 4 115 78 39 70 109 13 107 116 62 54
96 80 39 118 4 110 25 44 111 38 18 98 24 78 28 62 26 42 89 117 9 51 85 55 52 87 88 11 58 29 21 86 68 41 113 102 100 105 48 49 12 101 7 23 69 35 33 36 115 95 50 106 84 66 17 77 70 107 63 76 90 0 14 112 91 74 60 8 75 6 93 119 72 30 82 65 103 45 114 3 83 54 46 15 81 47 40 22 61 16 53 34 10 56 109 32 57 5 2 104
62 51 16 54 89 102 86 1 117 31 55 47 60 21 27 69 36 103 67 80 65 26 13 119 91 53 34 106 116 44 74 82 46 96 79 6 48 14 84 43 7 95 18 113 109 23 25 38 2 37 59 9 64 101 70 73 66 32 30 3 52 56 61 24 77 97 39 50 110 12 0 100 81 104 15 35 118 63 108 42 41 19 111 75 90 76 29 58 78 40 83 92 28 107 10 49 112 11 105 88
21 111 44 47 66 95 101 6 43 91 49 17 39 11 103 24 78 105 14 9 70 52 3 64 26 107 60 71 54 112 89 114 81 113 83 53 0 23 50 98 51 94 90 59 1 41 31 85 15 4 62 73 10 63 33 118 84 27 25 56 110 38 108 96 79 93 32 37 80 36 82 55 58 30 8 61 100 42 86 106 77 67 74 19 99 116 34 87 2 65 72 117 109 40 16 69 76 35 22 18
9 84 66 41 58 64 56 94 13 15 107 21 8 109 1 57 115 0 93 42 113 22 88 31 16 47 14 118 17 59 20 43 85 46 106 111 117 80 104 28 35 49 10 110 97 98 95 112 45 119 73 105 116 60 12 53 40 7 34 48 101 37 68 108 67 102 71 33 50 32 6 92 114 74 2 78 81 19 77 90 99 103 26 65 76 11 38 24 96 4 3 36 75 86 87 83 79 89 39 82
20 67 108 98 39 49 94 115 92 12 17 29 112 24 76 15 89 40 63 41 47 97 83 71 9 93 95 45 52 44 28 48 54 33 53 1 101 64 60 34 118 77 36 8 31 6 42 4 19 61 99 96 102 74 72 91 68 70 25 58 2 32 66 46 0 50 43 80 116 57 119 38 85 3 10 73 114 30 84 11 26 88 5 69 82 22 79 13 14 90 21 75 110 16 18 55 27 7 107 23
49 0 47 76 106 22 6 118 66 111 56 117 40 75 20 43 102 63 37 108 57 98 62 72 31 3 81 7 80 33 95 39 109 51 42 4 17 82 101 65 44 29 19 59 110 105 21 53 85 91 52 25 93 10 107 112 8 36 61 99 30 12 114 115 119 2 26 45 15 27 38 48 11 16 79 50 71 92 58 28 97 78 96 90 67 18 14 74 32 100 94 5 88 83 84 54 77 1 73 35
100 44 91 10 11 12 107 73 57 20 104 45 33 88 8 66 68 95 24 35 97 47 92 5 63 53 26 117 103 27 116 98 75 34 37 86 54 16 82 18 109 21 69 72 36 15 110 80 4 17 59 41 0 102 13 40 42 78 84 39 65 51 64 99 77 119 93 74 43 118 14 76 70 6 115 60 19 113 32 30 46 22 85 94 71 7 112 28 52 9 89 55 56 31 1 48 114 81 23 62
32 117 53 75 16 60 27 17 64 57 9 30 21 63 100 14 78 90 109 46 2 82 50 35 49 0 111 115 11 77 12 91 5 112 34 87 108 47 56 104 38 61 45 102 6 66 48 36 65 39 62 89 20 43 29 118 99 41 92 37 70 1 42 71 69 4 81 10 22 40 110 105 113 101 73 44 80 79 97 54 93 55 51 28 7 33 19 67 68 31 15 8 88 25 119 94 95 72 76 58
109 37 117 10 106 113 85 100 90 29 23 35 31 68 72 42 16 63 58 97 119 79 48 14 22 36 82 7 52 99 44 73 0 95 69 70 45 12 3 49 51 108 64 1 46 66 30 89 39 18 105 76 9 24 61 112 56 40 91 86 67 114 84 4 71 25 101 103 20 38 87 50 43 110 21 115 74 6 65 60 102 104 2 26 41 19 55 78 11 47 34 80 62 94 107 77 93 5 8 75
18 86 109 98 2 44 12 0 26 20 17 9 106 33 85 23 76 68 65 77 84 111 114 25 46 92 80 52 57 51 100 108 117 3 90 59 14 53 36 72 50 4 97 6 78 113 38 43 79 104 32 69 81 11 16 19 56 30 15 88 73 103 105 60 82 5 70 101 107 41 21 40 49 89 29 55 64 83 115 99 28 74 62 48 95 110 10 112 22 63 96 54 93 42 94 118 37 24 13 35
21 96 111 37 36 112 91 16 57 93 40 92 82 23 67 119 20 62 75 22 113 80 86 115 71 72 50 3 116 63 48 31 45 38 105 104 68 28 30 35 10 33 47 110 78 87 61 24 9 64 90 60 95 102 27 54 2 76 79 58 77 101 84 97 66 39 5 43 114 18 89 103 106 88 70 17 94 52 73 34 56 11 109 46 26 8 32 59 7 14 98 99 51 42 1 117 49 83 25 55
94 52 99 82 12 61 60 49 84 53 107 98 47 66 102 89 44 70 103 115 19 22 112 34 48 35 93 20 15 29 100 78 101 68 72 30 7 73 71 46 26 1 23 65 74 17 86 88 2 57 77 117 62 13 113 92 50 114 11 4 118 51 87 21 9 106 55 75 69 36 32 109 91 59 80 27 56 95 83 41 42 105 54 116 111 16 58 110 81 63 119 64 38 5 45 108 28 18 6 10
14 32 25 12 115 98 82 52 62 55 20 38 9 113 101 40 49 92 33 75 59 89 3 45 22 60 53 44 108 15 69 19 24 29 119 106 61 16 36 17 58 35 51 107 31 95 105 100 27 97 94 111 102 86 67 116 4 42 77 72 78 85 56 79 117 81 7 118 8 2 1 88 30 50 74 11 68 65 43 71 41 90 57 70 23 18 103 47 109 37 34 26 5 66 48 46 87 28 99 21
88 69 7 50 58 90 33 51 36 32 117 97 76 70 44 73 105 54 24 79 106 101 59 67 10 64 25 47 63 52 92 41 18 81 110 28 102 77 71 119 55 89 57 29 14 53 48 20 93 72 75 94 116 15 113 49 42 118 99 39 111 35 40 109 66 43 21 61 68 6 84 26 9 46 31 103 56 98 27 2 95 85 8 82 1 22 12 5 34 19 23 3 91 62 108 115 13 38 60 16
0 110 38 28 43 91 81 33 82 72 114 116 1 105 44 92 106 65 90 102 54 10 107 13 16 51 41 68 61 64 5 73 67 37 108 75 8 94 14 36 42 96 60 85 95 15 17 6 104 112 93 4 57 99 71 118 11 87 20 117 97 39 84 21 86 58 115 74 56 9 7 3 47 27 78 76 12 49 109 80 22 50 77 83 31 63 24 70 79 23 25 59 19 52 29 111 113 89 98 46
74 35 93 103 49 6 7 76 24 64 70 68 69 48 55 52 67 15 23 77 32 110 47 25 96 100 30 26 60 50 84 95 28 51 5 73 9 82 3 62 61 57 94 4 79 0 44 13 34 19 117 20 112 18 53 63 71 17 80 116 27 12 2 119 10 33 56 21 46 58 1 72 65 88 78 81 115 109 45 83 114 40 113 41 97 90 105 36 87 111 39 99 89 66 85 92 107 102 16 31
41 48 23 73 71 101 50 6 69 58 8 60 2 61 115 37 100 66 0 85 97 46 25 95 13 84 44 42 7 72 19 65 32 106 52 76 20 64 96 24 103 16 33 116 107 29 109 47 118 75 4 27 51 30 17 111 80 68 59 1 81 45 94 105 56 113 53 39 89 54 86 55 92 79 114 62 63 88 82 28 31 5 83 102 108 22 119 98 12 43 15 90 99 91 11 35 104 34 70 14
108 95 61 71 50 67 82 93 26 29 112 74 104 65 0 116 7 94 10 97 72 79 55 5 73 54 47 110 22 66 114 58 42 41 14 106 92 57 96 78 3 60 77 76 89 46 1 52 84 118 44 33 100 98 109 105 59 40 80 63 68 13 8 62 28 11 20 49 45 107 102 19 53 70 17 24 9 30 113 99 91 36 39 64 117 88 34 15 23 21 37 35 2 86 31 51 83 18 32 87
53 115 52 58 4 86 96 110 108 88 104 116 26 55 17 102 38 3 30 112 84 44 47 7 27 78 8 64 107 103 81 14 9 28 119 100 79 10 31 16 46 43 40 29 99 39 41 21 37 106 93 91 66 97 83 33 23 94 1 5 82 54 70 67 90 50 69 98 15 60 25 11 87 95 68 80 36 42 57 20 56 101 76 73 24 13 18 19 111 65 62 105 92 75 61 51 109 34 48 89
86 101 88 81 49 32 19 75 91 87 77 65 96 9 89 11 79 25 14 113 27 100 46 0 21 107 76 67 43 58 116 68 40 47 78 108 111 98 105 35 53 117 69 39 70 1 17 74 4 110 2 29 28 55 26 16 22 93 42 66 109 99 5 64 15 119 106 52 82 3 51 45 72 13 20 50 41 34 83 60 112 80 33 36 44 95 103 38 48 56 85 102 114 8 23 7 61 84 94 10
49 67 116 4 47 74 13 20 62 54 53 33 76 66 109 25 111 87 35 68 17 18 115 107 97 85 30 94 9 10 37 90 71 43 22 61 34 48 46 55 101 1 38 21 41 32 98 23 81 70 27 86 39 12 50 79 16 73 51 92 99 72 93 110 0 11 117 14 64 26 118 52 63 59 24 29 75 15 44 105 100 45 84 89 112 6 65 108 5 119 95 57 8 56 58 80 83 69 36 19
5 116 69 67 89 77 103 2 92 44 28 88 20 33 0 114 32 97 108 96 100 46 101 76 49 72 19 85 35 30 90 106 73 65 117 68 51 70 17 80 111 15 83 78 91 62 29 4 3 24 37 52 8 50 99 55 75 107 41 86 105 18 16 59 60 98 58 66 64 36 119 12 11 95 104 109 74 115 54 87 47 45 6 42 94 14 84 22 13 82 79 40 34 27 9 53 39 48 23 93
84 14 24 90 104 54 11 15 40 53 94 109 118 99 59 50 4 31 69 7 67 87 112 103 41 29 20 27 8 32 85 101 16 88 37 117 64 65 73 110 33 77 2 34 61 114 51 81 76 75 78 108 107 38 12 1 42 83 113 13 82 35 0 48 66 96 89 119 17 46 5 23 116 18 91 68 22 80 6 105 10 63 19 21 39 115 36 57 79 93 25 26 58 106 52 86 95 70 49 28
6 99 54 81 53 103 15 104 44 16 87 11 39 66 59 64 29 17 75 35 20 48 25 23 3 43 58 102 93 18 117 109 61 4 50 67 22 62 7 112 30 111 32 28 83 60 24 52 94 34 9 116 14 57 96 70 80 38 72 74 89 91 115 84 63 82 69 1 8 118 101 0 77 46 51 107 79 10 41 19 12 5 114 98 45 13 97 95 27 92 40 42 100 26 37 2 49 119 68 85
26 56 66 72 16 77 22 58 60 24 0 6 19 105 94 106 11 100 7 97 64 31 90 5 52 74 112 109 59 101 25 44 28 47 102 2 117 54 99 12 3 86 21 30 65 103 10 111 55 87 62 48 20 82 13 23 63 1 42 4 29 71 84 116 57 95 15 51 78 68 114 39 40 27 119 115 110 34 9 32 38 67 61 96 88 80 98 113 50 89 76 92 8 79 107 73 14 33 18 45
71 30 5 51 57 14 98 110 113 32 108 64 104 15 19 106 33 77 63 43 75 42 29 86 40 91 117 20 101 2 44 17 82 59 37 80 34 25 118 116 3 9 10 100 56 68 88 36 45 79 24 58 53 16 48 109 92 21 22 12 81 76 74 39 49 28 73 103 60 67 105 4 112 31 111 62 102 6 13 69 38 66 107 85 95 50 55 94 119 83 26 115 70 114 35 18 7 90 89 23
80 32 35 91 51 1 57 85 18 19 61 23 55 97 78 92 40 9 33 64 15 90 12 67 46 0 79 50 117 112 115 109 119 52 74 14 43 111 70 62 102 94 48 66 63 16 27 72 8 71 13 101 75 22 86 93 25 20 54 44 96 110 106 21 68 34 10 108 29 99 76 56 39 114 83 53 17 89 31 73 49 47 11 98 116 87 28 6 65 60 81 84 45 4 100 26 59 42 105 107
43 80 32 44 29 97 42 116 87 107 104 31 47 86 21 3 69 65 118 19 81 8 5 93 38 26 23 41 16 51 78 76 30 73 28 66 34 1 64 39 40 74 61 9 67 57 92 18 15 54 108 71 48 91 12 95 77 89 52 110 90 11 6 50 24 94 83 119 0 2 36 63 114 14 25 46 109 98 112 27 13 7 33 59 79 10 84 72 105 115 75 111 56 22 100 113 106 88 17 102
86 0 88 56 29 28 3 111 38 19 75 119 34 83 2 27 42 116 59 90 54 20 76 12 1 17 16 91 37 4 95 48 26 100 41 63 118 78 43 84 96 81 30 14 74 5 66 82 31 23 110 47 89 44 52 18 93 32 108 87 50 22 92 57 97 117 9 6 15 67 102 65 60 114 113 99 25 33 51 98 21 106 101 49 77 112 85 94 70 72 71 36 104 13 39 11 7 46 45 80
49 106 95 30 9 118 56 64 66 73 42 35 27 91 107 39 68 43 92 79 44 16 109 77 96 115 65 60 80 116 31 88 114 61 7 15 98 104 2 13 59 0 108 94 46 71 45 32 5 33 51 117 4 63 93 113 111 26 8 69 28 41 38 82 20 62 17 101 1 48 100 37 55 84 89 83 110 53 19 21 78 58 97 25 81 3 22 18 75 10 34 105 99 50 57 86 90 72 47 87
85 42 12 40 61 16 86 116 56 51 14 48 53 30 83 36 71 89 77 26 100 8 96 79 65 64 62 67 75 7 41 28 68 99 52 69 27 37 104 22 3 72 6 73 46 10 23 70 4 13 80 101 35 94 87 107 111 29 103 34 54 63 45 44 2 31 88 74 38 59 76 19 0 33 60 24 21 66 84 98 102 57 43 97 55 9 95 117 47 91 90 92 20 93 15 11 78 39 105 1
55 5 30 17 21 44 118 56 73 103 67 40 85 87 52 93 45 1 50 43 106 19 42 113 92 46 83 59 27 32 36 105 3 89 37 114 29 112 8 0 104 66 65 84 6 9 108 13 88 39 74 4 61 38 95 63 12 98 79 97 31 41 24 7 109 96 91 82 54 60 69 33 101 117 68 10 71 90 107 100 99 35 62 58 77 70 116 18 72 16 48 94 15 20 75 25 80 78 51 102
58 3 114 103 65 88 115 100 96 80 19 5 95 102 31 40 90 83 27 37 45 0 56 61 57 8 18 21 98 28 89 20 46 67 113 62 101 70 6 39 41 4 78 92 109 117 93 34 79 99 112 48 13 91 69 107 73 14 81 17 2 29 76 68 60 24 110 51 16 106 7 71 72 36 74 75 10 77 38 42 104 59 9 47 94 15 111 87 85 108 49 33 23 84 105 25 26 32 11 54
14 59 99 13 40 83 22 98 36 70 39 52 43 20 102 65 27 16 54 37 50 96 71 63 80 100 10 46 33 4 72 41 8 93 32 108 55 104 11 87 12 97 15 113 115 68 5 53 51 61 117 9 114 24 38 1 89 76 7 105 74 109 111 110 112 101 26 92 64 17 44 62 84 69 78 116 3 118 58 31 47 90 49 29 77 91 67 82 45 34 18 81 19 66 56 21 106 57 48 85
41 87 27 65 36 55 82 13 63 90 67 48 51 31 108 76 114 0 28 73 56 64 23 74 81 25 8 66 61 102 2 119 118 85 26 96 17 77 4 57 40 115 34 46 30 33 21 103 60 98 22 78 6 29 69 104 113 92 1 70 10 91 59 54 5 99 44 72 106 88 52 32 105 37 58 95 42 39 89 80 68 38 9 101 116 111 84 83 110 14 49 86 75 43 112 15 107 93 18 20
105 119 100 94 111 60 71 87 92 109 47 50 106 77 91 84 12 110 85 55 107 33 74 29 116 82 69 51 34 8 108 86 97 2 62 54 20 95 46 44 49 104 98 81 38 89 66 4 13 6 1 114 36 90 63 64 117 28 65 99 83 31 78 42 48 24 118 53 5 57 25 67 10 15 61 72 103 9 22 88 19 7 68 79 70 21 40 113 115 58 59 45 43 96 102 37 17 11 0 39
68 12 5 35 55 58 103 86 116 72 20 115 26 77 74 67 39 45 78 84 32 43 50 15 42 29 25 7 23 87 61 94 71 33 64 100 106 19 48 4 98 28 104 34 57 96 107 99 101 14 60 2 63 66 36 80 17 52 111 6 31 9 90 88 85 117 95 65 0 73 38 8 109 69 110 41 21 56 22 40 24 18 113 1 82 10 11 37 27 83 91 119 108 54 114 3 89 93 118 92
93 42 65 1 112 62 3 11 32 90 94 96 20 36 69 59 75 86 35 23 8 4 77 64 115 83 89 99 44 70 46 25 100 106 66 98 72 58 27 7 30 9 37 54 56 29 26 15 50 79 51 101 12 116 13 31 104 76 40 118 49 33 60 53 55 105 10 39 80 67 85 48 119 117 14 102 92 108 6 113 110 5 34 82 2 87 21 91 114 28 17 18 45 43 47 24 61 57 111 109
19 11 25 69 65 59 70 47 73 45 80 60 64 61 10 26 97 51 41 75 30 54 94 90 24 83 81 3 9 106 74 102 112 44 43 33 63 88 117 18 20 52 13 34 79 0 22 4 109 8 42 12 49 58 40 82 87 76 105 39 35 107 17 46 95 50 66 96 84 21 38 68 100 78 28 7 98 32 71 5 62 104 89 1 37 29 116 48 31 85 56 23 92 72 119 27 36 91 77 57
65 116 10 18 16 74 21 8 73 46 89 0 91 67 98 59 55 45 42 106 66 28 25 105 97 49 96 102 86 15 108 6 5 82 100 101 71 69 33 113 70 63 81 35 52 85 94 60 2 110 107 77 111 95 118 11 7 104 38 64 39 80 76 68 1 44 61 115 93 12 4 36 48 23 83 84 14 40 27 99 62 20 26 3 31 13 37 109 51 87 19 57 56 30 50 90 114 79 119 41
86 92 94 57 36 98 23 102 119 68 31 115 76 37 55 72 3 80 9 93 39 96 112 83 28 99 10 69 19 6 54 77 70 81 49 52 0 101 75 110 5 91 87 29 38 108 34 4 20 60 42 63 58 100 33 17 53 43 118 22 105 18 113 90 103 44 50 14 85 40 84 26 27 62 109 47 12 117 56 21 48 8 78 13 116 111 95 104 66 74 24 89 2 79 25 46 65 106 88 11
55 112 100 69 116 33 50 90 21 119 113 75 9 111 58 83 36 103 24 86 31 59 49 48 43 40 68 60 67 66 14 22 45 39 64 92 78 7 80 97 18 34 32 95 28 20 53 44 10 87 15 8 11 70 118 89 84 82 96 29 65 5 102 25 105 6 2 61 109 38 101 108 17 110 98 91 27 93 63 73 117 94 47 26 23 42 115 81 46 54 19 30 16 51 37 56 106 0 12 85
74 100 87 17 44 77 39 56 101 73 14 23 110 18 10 26 21 112 51 41 34 72 25 43 4 68 61 8 30 66 91 40 33 20 71 46 97 85 60 79 103 35 54 76 1 83 29 5 57 49 52 107 111 0 81 38 86 6 117 109 47 31 92 64 2 106 115 13 94 28 116 50 108 80 69 113 98 16 78 75 12 15 27 36 114 7 58 82 48 95 99 105 11 3 118 65 119 89 67 102
90 97 95 71 6 99 54 5 96 12 110 106 117 103 73 87 40 86 7 29 3 91 20 89 0 64 63 119 113 11 79 16 57 94 104 48 68 61 118 78 47 45 80 66 74 34 105 52 2 100 109 114 41 24 84 83 22 1 62 92 60 26 35 23 21 27 81 36 38 39 101 112 32 53 88 58 107 9 75 55 33 13 115 17 111 108 51 37 14 49 31 69 85 93 10 59 72 70 18 76
57 118 99 37 64 18 86 78 110 33 21 107 72 17 89 105 88 25 47 77 32 34 35 87 82 93 69 36 43 28 98 70 79 59 14 6 4 101 115 95 45 106 55 52 113 71 85 73 112 15 103 49 104 0 38 117 58 119 13 19 22 42 1 10 7 108 102 111 76 27 23 44 50 41 90 65 116 24 67 9 97 51 114 20 91 66 12 81 46 94 109 84 68 40 3 2 80 75 63 39
31 23 7 103 25 11 112 32 52 93 64 74 55 79 111 67 8 57 71 61 54 4 39 27 82 75 109 19 26 17 95 84 96 29 24 45 35 97 116 118 87 90 100 110 41 6 80 62 76 51 3 5 99 69 53 14 89 88 104 108 0 9 37 20 60 107 85 113 42 46 22 92 44 38 91 43 98 70 94 12 16 36 78 66 73 40 13 115 47 18 1 119 86 15 77 58 33 105 56 65
6 112 103 94 101 37 2 17 27 9 30 49 60 93 21 34 58 82 113 54 8 99 116 32 85 3 46 88 41 66 59 77 20 65 83 40 47 96 67 109 79 43 90 86 81 74 107 33 38 75 0 95 48 35 119 114 51 87 36 78 12 18 5 89 62 72 23 61 115 15 100 80 71 76 108 84 55 1 31 25 44 106 57 118 97 111 92 14 102 4 69 22 52 42 13 50 70 24 104 63
34 73 118 8 99 16 33 67 19 112 71 119 101 3 109 48 1 106 46 97 117 95 79 49 15 61 0 31 60 53 50 89 87 7 24 26 6 27 115 2 76 63 25 102 110 59 58 84 62 80 57 9 52 100 56 21 32 90 23 13 113 47 91 17 85 38 66 77 41 18 108 114 44 20 93 43 65 81 36 70 28 75 35 107 30 104 96 69 55 22 78 12 51 40 88 42 86 54 94 10
78 20 22 11 70 23 65 104 28 101 43 36 86 8 116 89 79 68 18 96 114 12 109 40 30 21 54 37 94 38 106 107 33 9 100 91 44 57 97 41 24 6 72 39 111 10 93 29 50 64 49 82 76 87 80 13 26 74 61 17 45 53 15 35 117 59 27 73 1 119 69 58 2 52 4 84 90 55 77 63 99 66 112 75 5 108 25 47 115 60 110 7 92 34 46 0 88 113 102 105
70 37 10 33 92 66 23 108 65 5 2 94 119 63 72 64 80 73 28 105 13 26 93 0 89 79 4 11 50 25 99 113 55 29 38 87 86 83 95 56 24 6 43 1 58 102 82 35 88 101 44 75 34 114 3 106 85 14 90 16 77 100 107 46 9 110 40 76 84 51 17 118 115 12 71 97 39 69 109 78 32 117 7 111 74 116 91 27 36 49 8 53 103 54 57 41 98 47 19 30
47 109 74 100 95 46 113 73 52 111 12 63 53 97 7 17 101 28 79 2 64 3 98 99 45 102 29 67 116 5 27 82 44 90 38 25 14 43 119 66 40 118 54 110 50 32 1 65 20 15 70 68 0 115 10 39 4 57 11 117 59 103 88 55 18 19 22 42 93 35 89 13 6 34 36 78 56 8 105 112 49 85 60 104 106 72 24 87 37 84 21 81 16 75 61 83 26 48 107 114
6 74 73 9 2 98 90 117 99 27 85 65 63 24 88 105 68 19 87 56 84 0 92 111 44 112 115 5 106 37 77 53 30 107 75 91 54 104 20 89 103 93 66 29 15 113 21 70 60 40 16 86 51 71 26 4 14 43 67 96 32 83 100 33 41 7 3 79 38 110 52 39 36 12 76 42 34 28 55 61 102 35 95 101 45 57 18 22 10 81 25 23 97 109 72 58 116 13 8 114
46 86 100 93 51 28 7 42 35 49 75 72 85 62 59 91 57 11 95 60 38 54 115 112 103 2 114 87 25 76 79 84 9 16 77 71 99 102 116 27 78 48 80 70 0 67 104 81 52 58 118 29 30 20 82 109 43 21 4 44 3 33 34 90 50 5 117 110 8 94 88 18 98 39 24 32 73 55 6 113 61 92 63 13 15 26 47 105 119 69 107 10 89 65 17 41 97 101 36 108
62 99 3 71 46 35 53 52 116 117 50 103 110 2 30 47 49 44 36 118 21 9 45 13 43 64 101 88 66 6 87 96 0 19 1 51 98 72 10 23 40 24 7 67 104 69 34 82 57 32 29 4 42 14 112 41 61 113 20 5 119 94 48 77 63 109 81 60 79 95 38 33 111 65 27 76 12 55 85 93 26 78 54 97 70 31 58 108 86 11 16 68 102 107 25 15 18 74 28 73
61 58 84 42 51 63 118 73 113 20 9 98 39 27 1 115 15 10 88 17 77 49 85 52 119 68 93 45 56 12 60 69 82 116 90 37 80 21 8 109 31 53 43 18 89 23 47 62 14 41 34 86 96 26 105 87 4 30 104 99 75 110 72 74 0 91 111 50 7 3 103 35 64 114 101 46 55 81 16 32 40 94 70 107 112 71 79 38 25 100 36 92 11 33 108 59 19 57 24 22
80 62 5 92 40 45 66 7 107 99 86 50 95 30 63 116 3 91 77 93 67 42 19 70 81 96 119 41 27 61 1 8 90 85 71 94 65 51 55 26 118 109 31 113 16 34 100 72 75 76 18 29 4 11 53 57 22 24 97 48 25 46 104 52 43 36 103 2 54 44 105 69 106 49 38 28 6 17 32 9 87 115 59 13 47 10 101 114 102 15 20 84 0 88 33 68 12 73 117 82
49 40 43 24 110 80 81 39 54 85 94 82 88 41 90 7 37 87 115 34 76 17 29 27 30 1 73 35 2 46 74 52 20 55 16 5 11 44 70 95 59 103 53 19 97 69 64 75 100 98 107 10 99 92 102 31 57 91 67 51 3 118 15 22 114 18 9 111 71 109 36 63 106 86 48 6 89 21 42 56 83 25 58 101 112 108 105 14 12 119 50 23 66 8 65 61 113 104 116 4
87 62 95 63 51 88 117 12 50 35 41 44 108 64 40 116 13 34 112 114 55 23 83 71 21 105 47 110 10 107 14 52 61 60 72 33 36 18 24 26 103 0 79 113 76 84 92 65 54 99 90 37 16 104 73 93 118 101 49 19 22 75 89 85 39 106 25 91 115 57 97 17 100 96 86 2 109 42 3 15 119 81 70 80 56 94 58 82 7 78 46 74 4 11 9 69 45 77 5 27
3 21 91 89 23 42 10 96 109 9 61 94 32 70 40 63 5 75 62 77 47 74 71 19 11 20 111 54 49 116 37 55 65 107 2 18 12 1 57 60 78 115 0 31 15 104 102 82 87 112 16 114 83 26 39 85 53 41 44 72 13 97 108 56 48 66 80 8 99 88 105 50 84 69 36 79 81 27 100 28 52 22 45 110 113 25 24 98 34 93 73 106 14 90 17 86 51 101 38 59
21 80 51 94 96 102 47 35 101 40 20 28 85 57 88 7 82 89 109 42 15 19 117 91 105 0 53 58 68 110 87 95 69 65 98 13 115 119 106 60 64 12 34 37 71 112 9 103 62 99 73 38 8 84 74 48 93 104 81 50 97 118 66 43 49 55 39 22 61 114 17 70 36 113 25 100 16 75 76 2 45 111 72 107 79 27 92 30 90 14 46 77 33 108 52 41 1 31 83 67
96 18 113 61 105 86 3 83 68 50 58 115 67 60 9 75 73 35 62 57 92 4 112 13 20 14 91 89 22 97 11 101 114 80 56 72 103 52 53 95 87 12 40 99 33 24 32 94 45 5 48 117 37 69 49 100 82 119 42 2 43 63 8 46 76 30 15 39 65 102 59 17 66 51 44 21 77 118 55 16 34 19 28 1 106 54 109 79 26 6 0 116 25 110 31 93 111 98 29 78
62 75 97 15 47 81 46 27 60 89 106 76 80 3 9 61 82 13 39 113 107 68 16 104 5 83 63 96 2 25 102 84 110 109 118 44 90 53 36 20 1 69 4 34 48 12 73 58 35 52 6 79 37 26 85 72 91 78 65 55 11 42 14 103 88 115 56 41 101 94 74 111 32 71 116 8 29 24 54 50 64 22 95 70 43 7 100 117 17 108 92 87 30 31 112 10 114 119 21 77
112 73 50 111 57 88 85 16 68 72 44 77 40 90 24 46 6 7 32 70 66 43 107 5 26 27 47 74 54 11 102 29 92 118 67 78 117 59 109 100 36 21 75 108 103 35 62 12 22 104 48 84 58 119 94 45 79 17 23 63 91 86 81 28 39 97 93 105 114 52 31 38 2 0 60 34 19 76 98 106 10 18 99 53 20 8 89 113 110 15 9 37 64 25 61 87 41 69 1 80
22 68 113 107 99 45 57 51 81 0 79 59 87 64 106 60 23 115 89 35 82 119 86 42 4 16 44 117 12 26 71 13 88 108 65 24 105 30 116 67 93 77 84 98 70 21 112 43 103 94 39 78 52 29 11 91 55 50 27 85 36 1 100 17 97 40 5 47 114 25 63 110 66 56 49 80 34 7 92 18 102 76 69 73 32 109 62 96 61 28 48 19 104 14 46 72 118 38 90 54
32 104 117 75 0 47 34 106 60 66 87 93 21 110 119 65 29 55 102 22 43 115 46 7 56 54 105 113 69 109 92 37 97 68 24 9 11 91 25 44 51 1 31 82 59 114 49 35 15 99 20 33 5 2 89 39 38 41 42 63 73 80 14 52 84 78 40 107 17 74 62 48 79 45 81 28 83 108 50 16 98 61 3 88 19 26 4 118 27 12 53 58 36 70 71 8 85 13 90 10
23 105 62 112 90 12 56 78 81 32 14 30 104 118 4 18 68 50 26 37 80 111 25 53 40 31 113 19 85 64 16 24 39 93 109 94 51 1 27 84 115 86 60 35 49 107 11 3 70 110 38 58 22 96 65 116 102 101 8 9 97 28 75 36 74 61 63 43 0 114 73 87 13 92 17 47 108 88 20 7 55 45 79 44 52 95 82 46 72 41 34 71 59 99 100 42 6 83 89 21
39 71 16 115 24 82 29 69 22 53 80 116 73 36 30 59 101 37 61 8 4 31 20 15 90 13 91 52 85 99 17 83 93 77 12 92 58 114 19 102 63 103 0 51 111 118 74 49 32 106 98 96 11 67 104 23 40 112 26 9 42 72 65 44 41 88 6 113 97 108 1 57 48 35 2 45 95 43 62 79 54 81 3 87 70 75 76 66 38 119 109 34 64 5 7 105 18 100 27 46
30 14 22 40 60 65 33 66 10 84 52 87 58 29 113 109 38 105 34 17 74 76 0 8 4 89 69 36 72 5 91 107 12 9 27 111 20 114 43 96 42 97 13 79 47 35 19 46 48 73 31 53 95 54 67 77 117 70 49 51 93 101 115 100 92 56 41 110 21 11 68 25 2 6 104 55 24 62 119 7 90 1 83 118 88 45 81 116 63 16 98 71 23 61 37 44 86 59 57 106
41 101 78 69 74 54 106 29 38 16 10 104 118 35 62 93 71 112 30 57 117 83 90 18 113 76 56 73 115 82 85 22 40 23 27 3 108 21 47 14 43 2 65 19 53 111 51 15 25 79 39 26 13 42 52 5 97 61 55 98 37 28 67 110 1 20 49 89 44 64 24 11 107 119 116 59 80 100 105 103 58 87 66 32 31 96 92 86 60 46 95 12 109 68 6 114 34 9 72 7
55 71 100 104 11 77 116 30 107 113 20 40 24 87 52 54 43 98 34 23 101 75 110 112 14 97 17 48 44 70 96 51 106 105 86 38 65 9 45 81 58 13 66 62 50 31 42 19 61 111 63 109 108 117 80 26 57 99 118 91 41 76 18 89 6 29 64 5 85 69 56 16 95 2 12 39 47 1 36 7 25 83 60 88 37 28 27 103 32 79 72 68 93 21 4 84 10 90 82 115
96 64 58 68 51 10 22 12 50 115 18 94 36 13 28 47 23 21 30 101 93 44 79 95 76 100 109 57 89 39 108 8 60 56 112 31 67 20 63 4 17 61 74 3 113 81 41 117 104 111 37 7 29 52 105 75 88 72 65 107 119 97 106 25 49 66 1 38 34 9 70 69 54 90 32 35 11 118 85 110 53 83 71 2 91 114 0 86 55 103 43 15 19 33 16 42 80 116 82 5
37 70 55 45 39 105 29 30 32 69 76 103 25 86 41 0 38 89 80 24 31 3 5 77 26 61 50 2 107 72 10 94 56 92 60 118 81 33 90 87 64 16 40 43 27 52 113 71 95 4 88 57 65 11 13 96 73 42 112 115 22 84 58 14 46 36 20 68 8 114 28 1 6 51 97 63 111 93 62 19 106 83 91 54 75 85 67 66 78 7 18 47 74 53 48 102 100 117 82 34
81 114 47 0 78 49 2 18 28 26 23 6 48 100 104 39 62 1 58 118 119 30 84 50 97 16 109 73 85 55 60 72 13 43 35 22 46 38 14 95 94 87 79 116 82 54 51 108 106 67 71 41 12 7 34 29 75 98 83 107 65 86 77 52 24 44 61 113 53 115 15 33 32 103 63 90 11 101 111 66 91 112 20 45 88 74 8 36 40 37 110 3 70 42 25 92 21 10 80 105
97 24 7 110 6 27 45 34 72 87 49 77 102 98 14 19 10 90 50 103 1 116 17 63 20 92 69 83 18 46 36 105 88 107 4 33 28 115 94 109 79 112 62 67 15 29 56 70 2 104 74 26 111 55 81 82 95 118 31 66 80 117 23 106 113 64 101 99 68 39 91 65 0 38 44 42 47 78 84 21 73 22 108 57 86 52 100 13 40 48 37 8 60 61 25 41 114 96 119 71
116 89 90 4 50 115 106 24 82 15 79 86 74 76 102 48 80 95 36 28 107 103 47 32 113 98 108 38 5 117 12 25 51 73 39 26 55 33 71 2 1 78 45 97 101 3 92 96 13 83 31 119 22 110 68 6 57 63 65 111 23 105 53 91 87 75 84 99 44 46 8 72 81 100 18 0 93 20 60 64 58 118 29 61 7 11 59 34 77 17 49 30 40 70 52 35 85 94 114 67
86 107 44 45 74 7 59 21 27 91 33 12 87 79 20 28 101 9 98 17 71 8 10 85 55 29 32 49 13 93 53 15 94 117 34 64 30 84 52 69 89 43 40 63 76 80 116 111 19 67 42 11 109 62 104 108 65 26 1 77 97 103 50 22 75 6 51 54 106 102 0 92 73 90 39 3 41 2 112 4 119 16 105 37 25 110 31 38 99 18 118 24 66 70 56 5 96 81 35 78
95 103 112 81 79 11 98 67 22 26 80 17 47 50 72 27 66 116 34 109 85 2 68 43 76 84 53 70 0 74 13 31 104 58 83 75 48 20 102 39 59 111 24 110 119 99 115 92 63 41 35 69 36 14 16 118 90 18 28 56 117 51 8 49 96 15 88 93 46 32 21 77 42 61 87 57 113 101 3 65 73 38 1 60 37 107 19 25 52 54 64 4 86 105 114 62 6 45 7 97
54 76 86 60 99 12 105 53 40 32 115 36 14 15 13 49 2 107 38 96 52 85 101 51 23 114 95 66 57 48 47 50 21 26 98 25 103 78 29 112 44 56 83 119 67 88 84 30 64 91 19 61 42 77 55 46 93 110 75 65 18 27 8 39 1 92 73 81 80 100 0 113 45 117 82 70 9 34 41 5 43 89 35 62 28 118 24 116 87 68 4 11 104 31 72 37 109 74 69 20
69 16 0 70 41 33 95 61 55 17 88 75 80 57 96 104 37 39 73 24 89 26 110 8 90 117 84 35 54 81 79 99 5 31 108 66 27 87 74 83 19 93 53 34 65 7 64 59 1 118 98 100 29 107 51 86 106 82 101 105 60 68 114 85 47 10 52 112 9 21 45 58 2 6 119 116 102 115 4 103 72 20 23 14 50 92 109 28 46 22 25 56 30 97 13 38 40 48 62 71
46 81 74 54 61 60 79 27 8 23 72 32 42 45 56 92 88 2 31 58 7 29 49 114 14 43 26 103 15 118 66 28 53 110 111 113 83 12 97 35 33 105 82 16 101 0 65 62 67 69 17 24 91 64 98 39 117 96 95 77 1 75 13 38 70 41 116 55 71 20 115 50 89 22 86 21 99 78 57 93 47 9 94 19 36 76 44 30 84 108 6 87 10 102 107 100 37 18 90 119
44 102 28 115 51 14 35 38 104 23 79 76 101 92 116 71 49 17 12 97 94 56 55 39 109 26 22 5 78 4 88 93 107 13 37 20 42 67 95 47 15 69 40 74 91 119 32 53 82 25 21 43 112 113 83 10 16 58 33 34 45 75 11 31 111 2 63 66 100 103 46 99 62 110 84 118 0 89 86 19 60 24 98 105 117 73 96 65 90 64 48 61 59 36 72 52 27 114 108 70
