79 59 4 69 34 52 86 101 43 104 112 49 103 85 6 77 91 64 12 55 93 117 115 53 44 27 106 5 62 78 50 21 57 89 13 84 95 29 71 10 82 51 36 39 35 24 114 41 8 76 73 63 26 17 68 11 2 58 0 100 20 109 80 61 16 105 60 1 56 46 32 3 119 66 48 70 54 22 38 108 90 67 88 118 14 45 18 19 25 9 81 37 30 111 75 102 99 110 74 15
75 115 101 109 53 92 62 49 34 86 30 107 68 89 18 111 119 45 5 98 71 39 19 58 24 110 106 17 56 40 0 32 33 55 102 113 36 91 26 3 88 61 117 47 25 82 95 72 20 15 85 69 21 42 38 8 70 6 48 81 43 112 64 80 65 77 35 93 4 23 104 9 114 83 1 51 7 100 44 41 78 11 96 76 59 2 57 108 37 118 10 60 79 94 31 29 13 63 22 103
70 73 1 105 44 71 4 61 84 89 67 110 106 15 94 46 64 97 115 109 72 19 76 119 60 81 22 99 78 45 16 9 47 51 23 34 103 117 11 59 6 53 92 54 62 31 86 7 57 24 42 17 93 63 32 27 68 28 95 37 88 39 38 18 52 13 69 33 20 98 118 0 8 83 107 90 26 87 2 104 14 108 114 102 35 111 55 80 5 96 66 12 10 43 50 82 101 25 48 91
62 105 31 100 75 98 29 64 83 68 52 30 80 72 118 47 97 49 81 39 82 1 24 92 107 56 61 102 4 79 19 26 46 8 20 58 33 3 42 43 18 115 112 86 5 74 113 22 94 114 15 77 48 96 110 103 51 95 21 34 84 66 73 88 57 23 67 7 71 11 38 108 85 99 13 2 63 36 28 117 93 45 40 54 101 9 0 111 90 89 59 119 12 60 37 53 27 104 109 76
97 29 64 39 56 3 30 48 24 51 7 54 83 25 23 93 101 71 55 116 110 2 32 28 38 78 87 107 16 106 27 8 62 112 79 42 80 10 17 26 20 114 95 58 74 109 89 53 36 82 77 111 65 46 34 68 99 37 15 76 84 69 50 88 59 94 117 52 12 103 45 75 49 21 40 98 18 14 61 9 86 33 81 41 1 105 11 118 13 92 85 104 47 115 5 57 67 0 73 113
40 12 67 52 78 115 97 41 19 114 55 65 11 4 99 112 10 91 60 26 119 59 63 54 7 53 100 37 44 3 94 46 93 69 113 23 83 89 72 108 50 82 39 110 48 71 33 61 85 27 22 88 15 24 29 96 86 74 92 81 90 68 0 56 51 28 58 38 117 14 116 6 34 57 104 70 75 43 47 109 106 1 95 2 25 42 84 31 102 45 16 98 66 101 118 79 87 21 64 30
119 79 86 31 87 110 102 49 24 5 18 89 83 30 70 74 91 85 81 52 32 37 61 101 108 39 77 28 3 92 46 23 17 58 116 12 104 26 82 35 44 115 38 117 72 67 98 0 84 27 78 55 62 15 75 11 40 25 118 76 47 36 69 51 68 54 105 29 59 48 45 50 14 19 7 4 57 21 53 8 41 90 99 103 100 88 111 97 20 9 16 71 106 66 107 2 22 64 93 6
56 95 70 87 103 72 67 106 60 105 50 5 61 84 92 62 116 26 89 37 4 71 32 111 11 57 8 16 23 14 99 10 0 21 55 82 96 28 51 65 45 15 77 44 42 94 102 40 18 20 79 17 108 114 6 75 31 100 69 49 24 80 64 101 59 97 7 112 110 43 91 48 73 27 1 35 38 29 47 118 68 41 78 104 119 66 52 83 36 53 86 98 13 88 76 19 22 34 117 81
31 78 74 17 73 33 60 59 19 95 37 70 0 51 43 21 44 91 106 56 29 42 15 105 101 7 18 47 12 67 76 27 10 53 115 24 89 77 118 40 90 85 119 71 109 50 98 92 57 96 103 5 110 20 84 49 104 11 80 100 72 97 35 112 54 61 117 48 63 30 86 62 68 83 55 81 1 66 107 75 58 45 116 111 32 99 41 8 13 69 39 87 94 36 114 14 65 64 46 88
74 43 44 39 109 114 38 29 41 118 31 57 104 86 87 47 71 10 58 12 14 100 49 89 88 108 23 55 27 28 46 111 99 73 8 64 2 95 60 80 82 103 115 40 17 21 112 69 72 65 26 78 61 16 110 22 77 79 76 85 15 102 83 68 106 84 33 107 51 117 94 24 35 91 52 37 0 101 62 54 19 30 18 59 75 6 32 45 7 90 97 66 92 119 20 11 4 105 56 13
24 59 69 41 31 89 112 115 3 46 55 27 52 14 65 12 102 25 67 83 99 101 23 100 90 62 73 6 5 94 84 79 35 43 54 63 56 88 1 86 51 53 58 19 80 103 91 18 108 17 39 76 117 8 68 40 11 96 77 2 106 47 4 42 10 32 71 0 22 36 74 78 64 107 97 34 113 111 33 16 20 66 70 28 29 61 7 81 44 114 95 37 110 105 15 9 38 93 30 98
67 43 60 99 64 31 12 65 92 102 98 58 104 54 69 82 10 86 100 118 44 25 97 87 0 40 1 57 39 63 18 90 47 62 68 14 71 19 53 80 13 11 112 20 37 6 111 103 105 117 28 59 24 3 16 88 23 45 116 77 49 96 51 41 70 94 34 101 76 66 2 78 113 32 73 22 106 75 52 27 7 17 21 79 107 83 110 42 93 109 119 115 5 55 74 89 29 48 36 61
58 105 74 77 4 18 109 60 30 27 0 78 90 34 69 46 39 85 88 81 119 36 75 79 10 56 7 29 1 116 61 25 93 43 35 99 89 66 106 47 70 37 107 19 71 50 118 14 52 57 96 76 28 73 92 20 23 65 112 103 8 80 53 97 111 63 3 5 49 16 115 12 26 45 9 101 40 55 6 91 100 108 22 95 87 21 64 24 83 17 44 11 114 42 104 68 32 72 48 82
36 91 59 21 78 2 60 14 92 77 29 96 106 50 53 5 109 108 26 52 101 1 32 3 19 4 115 83 102 20 73 12 68 98 43 37 64 8 13 35 46 16 89 66 22 84 74 38 81 6 28 62 87 93 76 42 45 72 34 0 112 58 80 70 10 118 30 40 23 61 67 117 44 33 88 69 11 39 110 56 107 116 94 57 65 48 49 15 17 86 104 55 71 25 113 95 82 105 99 111
82 73 20 60 42 106 3 110 46 26 105 79 112 19 38 14 34 72 54 113 57 88 17 41 10 91 94 65 119 11 7 107 93 99 0 116 25 66 104 55 43 90 83 36 2 117 50 23 109 31 32 21 48 64 96 8 28 51 68 95 9 70 18 29 115 103 16 69 78 5 53 101 4 80 61 1 92 84 49 77 97 75 67 108 45 47 44 111 98 12 71 24 85 33 74 39 81 22 35 63
68 81 64 21 117 44 71 109 35 38 102 1 33 118 97 28 25 11 17 114 49 26 6 94 9 10 5 45 105 54 39 37 95 30 99 110 16 69 113 84 40 55 4 0 34 96 58 119 87 93 112 23 15 29 116 41 72 2 57 85 115 108 56 83 103 36 13 104 8 89 92 80 46 3 88 32 90 111 31 78 74 66 91 75 63 106 22 100 65 70 24 101 60 51 50 107 52 67 7 43
48 83 115 5 24 4 17 1 99 13 112 19 51 113 68 15 95 42 55 103 40 2 119 67 31 101 79 34 98 44 35 33 116 39 36 108 61 0 63 9 117 30 71 27 12 75 94 28 90 52 21 43 54 91 111 88 106 72 7 8 89 65 102 87 93 29 85 3 20 62 97 80 69 105 46 32 107 49 45 37 60 92 66 64 114 56 77 82 78 84 57 76 11 26 73 74 10 81 96 86
118 102 51 55 19 9 93 28 107 48 12 53 47 82 40 61 37 2 24 56 41 29 63 7 54 76 83 18 46 69 110 39 86 34 30 67 15 84 13 117 98 109 23 90 108 60 78 101 73 116 72 10 49 92 43 0 99 33 105 66 45 74 44 91 68 20 80 4 22 65 14 64 52 50 85 32 35 112 75 106 103 113 115 77 17 25 38 11 57 89 104 21 6 3 81 114 88 96 62 36
46 52 72 3 100 22 101 9 24 107 93 111 32 15 21 1 108 45 38 103 28 117 65 86 115 75 71 83 70 67 26 89 79 109 34 99 27 11 33 25 50 36 63 92 42 12 74 57 17 47 64 49 114 14 106 30 80 119 96 18 110 98 73 20 102 35 66 77 105 40 8 37 90 16 4 84 59 7 5 31 116 29 78 91 43 58 55 44 69 53 6 97 112 61 41 0 39 54 95 19
94 45 60 59 20 105 49 22 92 3 0 44 116 18 8 79 19 84 58 11 97 85 81 69 108 21 34 43 100 54 86 25 42 39 76 24 102 26 98 38 109 88 53 68 56 104 113 17 75 37 10 111 91 83 106 15 103 119 72 12 50 36 41 99 62 74 107 40 16 115 32 9 66 63 90 114 73 78 23 31 70 93 118 77 47 65 87 67 2 30 110 7 80 29 95 4 13 57 117 27
76 114 43 51 105 16 108 32 89 117 2 58 101 3 68 96 92 5 31 97 14 85 24 98 111 63 55 84 42 64 103 90 4 57 49 100 52 107 94 53 112 83 39 20 118 110 46 79 113 33 77 35 37 22 116 71 34 88 29 65 13 61 66 109 44 25 86 102 56 59 45 82 40 17 106 60 81 99 36 0 41 50 19 74 104 67 70 47 75 7 93 23 78 72 12 28 27 18 119 80
18 76 56 44 50 47 65 9 15 21 89 40 4 66 70 78 12 17 69 104 13 25 93 29 117 41 26 10 115 81 43 77 38 2 1 109 58 103 80 64 39 51 87 91 97 88 8 86 36 74 62 63 24 32 53 45 92 48 59 68 61 67 95 107 37 60 7 20 71 116 96 94 34 85 72 23 19 42 75 110 108 5 57 105 0 113 31 82 54 27 11 28 84 112 49 46 33 114 118 6
79 17 58 55 5 113 117 71 53 92 1 95 7 75 68 102 31 104 44 86 30 51 35 109 33 111 29 74 83 100 4 114 96 60 64 59 10 61 8 32 48 62 67 73 87 84 78 12 20 56 107 14 41 72 118 18 2 81 52 115 11 6 25 21 34 39 54 112 24 9 70 22 65 66 76 47 15 13 27 106 98 37 94 108 85 110 57 91 99 50 0 16 116 89 119 77 90 88 28 40
11 49 65 9 63 112 64 107 41 114 88 5 113 76 8 84 43 19 67 12 38 79 70 54 101 78 77 16 82 57 50 93 73 60 46 98 21 51 89 91 28 36 45 25 58 69 75 87 22 34 6 59 68 109 81 33 55 2 94 90 27 106 119 61 92 26 15 99 24 96 95 40 42 110 31 20 85 39 105 115 74 72 102 116 48 17 1 62 7 29 111 117 71 4 23 30 37 66 80 14
87 56 62 86 80 116 104 32 26 6 22 97 89 74 95 63 5 82 105 52 110 19 53 46 60 77 65 44 21 109 117 29 36 10 68 115 40 11 57 72 64 102 61 20 51 2 41 54 73 58 114 83 47 39 71 30 42 37 13 78 0 35 76 1 106 94 66 49 43 81 113 69 99 91 112 23 25 92 98 45 107 90 34 17 18 24 103 75 4 93 118 70 8 55 9 67 31 84 38 28
42 65 18 0 23 87 38 12 47 66 20 27 94 15 90 75 49 115 21 104 7 118 55 86 31 10 74 58 29 77 112 88 8 2 43 13 96 97 68 25 28 33 114 53 107 34 50 26 54 82 84 6 119 32 71 62 35 59 11 9 14 72 17 45 89 93 39 98 105 48 30 103 109 52 46 67 106 70 51 83 5 1 78 73 92 113 99 80 116 101 40 63 37 3 19 110 76 44 81 57
105 42 66 46 11 107 5 26 59 62 93 43 21 19 74 23 68 77 15 88 90 83 6 30 89 69 32 102 1 57 45 73 22 61 104 106 3 40 48 91 39 76 17 10 92 97 55 4 111 117 12 113 25 7 75 50 56 60 115 52 53 63 84 36 27 82 16 101 37 9 72 65 67 33 116 51 0 24 78 94 86 71 58 110 70 28 119 103 95 99 85 81 20 87 29 38 79 98 54 18
116 28 49 68 74 56 72 34 67 5 101 46 59 27 60 13 1 86 112 84 103 39 87 37 8 10 30 89 107 61 88 75 18 91 109 79 119 53 110 12 118 31 69 70 20 76 111 100 78 16 65 58 83 85 36 25 38 0 94 102 14 71 55 114 64 9 54 99 41 92 48 73 90 42 117 93 29 105 3 26 22 50 24 23 35 57 52 66 45 96 40 4 15 108 81 17 115 6 21 51
57 113 115 16 73 24 9 40 96 71 10 101 51 2 1 12 64 118 86 35 17 102 38 84 0 26 4 93 108 106 85 52 19 43 66 70 56 45 22 116 80 25 87 59 104 5 13 15 78 74 20 100 94 6 7 89 62 48 79 92 18 50 119 42 75 63 8 107 34 72 98 81 65 14 44 109 60 67 53 31 58 21 77 30 114 29 39 28 23 37 88 68 69 36 27 90 97 91 111 117
96 38 9 81 64 48 85 102 20 110 46 54 113 11 40 10 16 55 89 23 80 82 18 66 67 76 1 62 35 4 74 12 97 59 77 27 118 36 29 72 117 42 58 99 86 88 93 79 19 103 61 73 78 108 44 114 65 39 30 112 84 5 34 31 21 15 53 45 24 68 94 51 63 56 100 92 8 26 50 107 98 7 60 52 83 69 111 75 115 87 47 105 33 25 2 28 3 91 49 104
102 28 72 111 81 82 108 14 55 10 6 113 5 75 30 31 22 95 106 110 46 94 118 26 115 84 71 77 38 69 80 1 103 11 117 23 39 89 116 37 49 67 79 8 104 66 17 68 107 64 18 74 109 78 43 91 87 76 50 33 52 44 2 90 36 51 60 9 114 32 16 47 93 62 13 20 41 73 101 92 19 58 86 83 45 34 3 48 12 25 54 29 15 35 7 65 96 63 59 105
42 45 74 77 39 71 85 68 100 25 37 34 88 62 51 108 28 114 80 3 9 94 82 12 118 26 18 116 40 48 93 69 103 41 19 0 17 16 105 61 36 97 109 8 83 15 22 14 30 11 2 6 20 102 89 112 98 5 66 96 87 55 91 67 86 23 56 10 113 101 32 35 90 72 106 46 110 70 38 21 50 64 65 57 79 52 31 54 1 76 115 104 73 27 44 117 111 47 59 49
30 69 15 50 46 119 75 62 5 78 93 67 64 19 54 66 114 36 87 23 63 6 74 98 76 65 104 82 81 57 72 13 34 105 56 77 83 38 44 0 84 17 85 101 1 11 8 29 60 59 89 95 37 10 97 102 61 92 4 14 45 31 55 53 47 21 94 113 91 103 40 106 28 79 48 32 99 80 3 88 41 110 111 24 73 86 39 116 33 52 112 108 70 16 118 18 22 42 20 117
114 85 77 101 20 95 113 22 102 32 68 47 14 13 51 30 86 119 33 3 84 82 98 104 4 78 39 6 83 45 106 27 41 53 64 115 70 61 24 63 25 17 19 108 46 8 34 91 37 109 28 55 40 15 59 38 90 36 93 9 26 117 87 112 89 58 103 18 23 92 21 29 12 110 107 75 74 79 1 48 73 67 116 71 76 81 62 60 56 66 42 118 97 0 54 99 50 111 94 44
19 69 97 13 86 23 100 57 15 102 46 53 14 81 56 112 63 114 98 103 73 95 43 4 24 5 101 2 54 58 110 71 76 35 61 119 104 65 30 113 108 64 47 83 118 49 39 78 16 41 90 116 42 79 105 70 115 59 37 75 38 40 18 31 66 77 36 93 117 8 55 89 99 51 25 94 44 27 80 33 34 21 0 92 111 88 20 91 60 1 109 7 82 32 22 6 67 12 52 48
105 32 115 42 70 101 4 31 109 104 36 52 106 28 56 44 33 5 81 23 113 38 79 118 39 61 76 19 37 92 59 13 53 68 24 96 85 66 108 93 94 73 57 22 69 62 119 26 46 30 63 95 40 77 99 78 100 34 75 29 64 25 21 45 17 82 74 55 50 49 47 80 2 117 97 20 71 14 103 9 111 91 116 16 72 107 1 112 83 88 110 67 86 0 89 11 43 65 98 35
14 49 24 94 29 76 68 18 55 36 66 41 107 117 33 65 81 32 115 46 109 54 27 78 83 56 101 73 0 105 31 40 12 62 45 26 11 58 95 82 90 118 5 64 100 3 17 110 59 77 8 111 108 69 9 80 114 57 63 60 67 119 51 23 103 7 4 52 97 96 70 25 50 48 104 113 91 10 43 87 30 102 74 21 112 116 44 61 22 6 35 37 53 92 1 86 98 2 13 75
30 35 79 33 24 73 26 19 44 71 17 20 116 11 40 103 111 75 118 84 41 63 107 52 78 16 22 49 3 57 10 21 64 117 46 88 81 92 1 39 6 104 0 13 23 25 109 27 38 68 100 29 7 119 61 32 9 86 31 67 102 113 76 53 108 85 90 55 4 97 51 2 34 95 89 14 74 37 12 77 110 80 87 5 91 54 58 8 94 18 83 36 105 65 115 43 70 99 69 48
53 43 111 57 99 97 38 30 11 0 36 115 98 72 19 58 83 117 66 105 56 62 37 81 21 102 71 54 112 32 13 79 44 84 9 33 88 27 10 78 64 29 61 89 104 109 24 90 101 14 8 75 65 100 60 73 1 41 69 85 39 6 35 46 51 52 108 40 23 118 2 49 20 17 86 91 93 28 68 103 16 18 106 76 25 96 3 55 116 47 50 59 22 31 45 107 5 119 34 110
74 45 52 58 114 15 80 94 68 97 107 51 40 54 59 61 39 103 41 16 76 72 38 30 18 73 70 88 119 93 2 5 34 7 64 66 43 48 116 98 110 49 84 11 57 56 78 106 79 102 14 0 100 108 92 87 23 62 63 33 29 91 42 118 6 12 115 113 82 27 50 13 3 86 32 67 81 21 36 19 96 89 111 35 20 112 101 75 105 117 25 26 22 109 83 8 31 55 28 69
112 23 107 50 83 5 38 49 43 2 97 90 33 100 62 89 54 118 109 55 14 51 104 98 19 115 46 42 9 1 77 22 47 64 116 17 99 0 86 79 66 92 24 113 6 94 26 29 36 68 12 72 117 108 31 105 110 32 21 101 27 70 87 13 95 71 96 34 59 61 11 58 57 53 69 30 52 28 111 3 102 35 20 106 39 119 60 75 91 65 16 45 10 80 114 25 73 85 67 93
9 87 70 25 67 13 59 50 31 15 0 12 77 19 85 110 89 18 58 22 75 76 95 71 17 97 27 10 103 96 4 111 56 48 98 6 114 100 24 116 43 46 80 60 5 82 64 57 108 47 83 29 41 107 119 73 30 14 1 37 45 99 8 105 94 36 63 79 86 90 101 84 51 35 55 49 81 92 26 16 102 3 106 34 65 38 112 104 52 33 74 78 66 40 69 109 28 113 2 32
47 70 35 106 101 20 117 54 26 98 68 74 44 109 28 39 41 88 111 104 66 64 119 92 62 50 107 115 19 71 118 81 97 36 79 58 6 52 0 63 65 43 103 49 90 75 114 105 99 51 84 30 100 29 73 9 4 85 24 91 23 59 40 45 34 102 3 56 93 38 18 69 46 80 2 53 33 8 112 113 22 55 72 32 89 16 83 60 12 77 82 15 87 7 108 94 37 110 76 116
107 70 20 84 42 65 77 64 15 50 102 116 73 36 16 54 81 95 38 10 79 83 51 85 119 21 113 80 8 98 109 89 30 55 74 111 66 35 45 58 46 71 43 39 105 2 23 60 40 103 118 57 112 76 22 86 101 17 94 52 25 104 18 61 59 114 88 92 12 87 47 26 49 0 100 33 6 3 13 44 62 9 53 27 19 48 67 115 4 63 75 24 7 69 34 96 29 91 82 37
58 87 119 19 85 71 56 12 41 98 100 57 91 115 10 36 64 89 5 42 62 67 79 48 101 22 84 37 39 90 13 29 30 38 11 109 114 43 116 18 7 6 113 61 24 112 104 105 72 86 118 53 27 52 78 97 14 2 66 88 77 96 20 33 75 9 51 1 92 32 28 59 83 99 80 26 81 55 74 108 110 94 70 95 47 31 4 15 3 103 35 65 60 49 117 8 34 23 63 17
113 75 97 44 57 41 13 28 68 114 32 10 119 77 87 3 99 21 66 89 2 80 95 49 16 51 98 7 88 22 62 108 112 46 55 36 48 20 11 53 29 61 40 107 76 0 59 30 50 33 45 90 58 19 104 4 65 102 43 1 35 74 103 31 34 109 79 52 106 69 6 117 23 24 78 96 5 116 70 64 91 25 38 14 56 18 54 26 60 37 72 85 110 47 27 82 12 39 111 94
67 15 116 110 53 37 66 49 82 44 85 76 83 87 58 98 46 4 81 13 69 105 64 62 73 55 0 51 25 94 50 108 20 36 47 40 11 91 28 101 22 26 68 23 90 24 77 12 112 31 19 41 117 34 33 106 92 102 32 6 100 118 56 89 103 107 14 97 88 65 61 43 74 48 109 3 52 104 5 96 115 54 38 71 84 99 63 79 30 111 75 72 27 10 1 93 45 42 60 78
30 14 31 26 62 4 79 114 76 63 101 99 115 49 12 47 73 119 117 58 86 44 59 77 69 104 84 19 109 41 42 18 98 5 15 56 46 96 87 83 60 29 97 75 108 13 113 78 106 1 10 70 22 23 67 64 90 68 40 25 38 20 3 74 66 71 55 110 52 7 33 72 28 102 45 81 94 2 21 89 54 116 85 34 111 36 35 0 105 103 107 91 112 82 80 50 17 6 65 95
51 55 63 80 118 10 101 65 70 28 9 119 93 21 48 99 108 49 77 62 81 41 102 46 84 45 116 33 23 59 56 54 113 14 24 79 32 106 110 97 5 17 1 16 50 22 35 58 3 53 26 73 42 37 68 8 95 27 87 92 107 47 83 57 7 20 30 44 76 91 40 114 13 29 75 88 67 61 90 18 111 60 104 74 112 82 100 69 109 66 78 6 103 64 52 115 98 105 31 11
16 57 116 56 27 51 78 15 52 79 77 29 86 34 98 39 48 33 21 82 66 71 76 32 31 14 73 101 109 40 59 17 20 100 115 49 64 43 92 113 104 114 37 91 61 72 23 107 65 70 7 68 102 93 74 1 81 10 69 96 85 3 45 89 119 62 88 50 112 60 106 9 42 111 87 103 24 46 54 90 110 4 30 63 83 6 105 25 22 47 108 12 35 11 18 80 8 84 67 53
115 9 89 12 50 48 80 11 104 45 70 32 73 93 102 64 15 110 1 81 30 96 38 42 59 18 117 77 3 113 83 85 112 118 17 105 88 68 39 44 99 72 109 16 29 19 28 94 67 71 60 51 22 65 5 54 98 35 27 37 82 4 114 62 7 49 84 92 90 66 100 58 0 34 55 119 43 107 25 79 21 57 111 106 52 97 69 63 36 103 10 74 24 6 31 76 13 47 95 26
112 46 4 10 37 5 44 11 80 40 15 50 2 105 68 42 63 117 48 98 89 22 100 60 21 106 66 65 51 107 119 92 111 38 102 110 113 85 20 104 56 43 67 83 19 24 82 33 31 3 114 18 12 0 17 16 8 23 14 118 108 93 115 25 55 99 109 87 27 9 35 72 103 62 30 39 13 75 54 70 88 76 78 61 84 95 57 86 69 32 91 64 101 97 94 28 90 41 96 58
115 58 110 33 27 69 106 98 31 101 14 50 9 112 87 92 42 12 0 55 102 82 105 108 56 86 61 6 79 35 107 4 20 37 89 7 74 48 15 23 25 5 91 103 73 30 94 95 8 88 104 17 52 117 34 119 72 11 81 116 93 59 28 40 53 19 43 80 77 51 16 57 36 47 41 90 83 118 22 84 78 66 76 44 109 67 1 32 49 63 29 100 113 60 97 68 96 85 54 71
55 108 14 99 33 32 26 75 38 41 53 51 21 57 119 5 116 105 8 69 23 106 3 13 78 60 6 91 29 96 28 9 56 45 70 20 110 2 63 104 65 88 90 0 86 58 66 16 111 115 25 83 113 77 4 43 1 76 117 54 59 97 24 19 30 102 72 18 42 64 81 52 61 101 10 40 44 71 39 47 15 85 36 22 79 50 94 98 114 49 107 67 27 89 12 92 11 48 80 7
109 48 40 8 53 98 96 38 93 30 118 11 64 116 107 75 90 26 31 84 25 104 92 49 55 108 106 60 62 36 113 43 65 101 20 5 69 52 66 19 23 57 111 83 78 51 24 12 110 41 94 74 33 105 32 88 100 45 76 18 114 34 29 103 14 22 89 63 67 56 99 79 77 117 27 58 61 35 42 13 70 81 37 28 85 39 4 71 80 21 2 44 16 50 0 46 15 119 112 9
115 16 29 2 74 42 20 60 59 54 97 109 53 104 116 96 39 11 30 57 102 93 18 38 1 101 67 5 24 0 95 28 44 79 37 73 106 82 17 58 108 47 92 75 32 6 48 98 91 72 63 3 35 81 80 50 41 7 45 19 49 94 110 8 56 107 89 12 40 61 119 52 90 84 46 114 66 113 9 88 34 86 99 64 21 26 31 65 83 4 69 78 14 68 27 87 103 118 112 36
87 4 53 118 28 25 71 34 97 6 26 106 16 91 7 12 92 65 29 111 116 21 36 100 56 68 17 50 0 90 66 60 75 33 77 52 1 76 32 9 24 101 114 3 95 38 11 105 58 62 27 69 45 46 42 64 8 108 70 61 83 14 55 22 85 30 19 20 2 112 72 81 113 94 59 40 47 15 96 80 107 117 115 51 10 49 104 39 82 67 73 93 43 48 89 103 23 98 35 79
39 79 27 100 101 77 40 98 13 4 7 83 105 20 84 72 15 86 88 46 67 23 8 29 51 119 92 18 97 63 47 118 62 66 113 5 91 50 103 21 110 106 1 60 33 78 37 55 111 22 19 90 31 58 6 59 30 96 108 44 117 95 70 61 24 53 107 64 116 115 82 10 54 2 42 104 80 73 0 11 52 94 102 57 35 34 68 89 87 25 3 75 81 32 26 28 109 112 74 16
75 105 87 45 17 39 83 116 41 103 50 14 60 97 65 68 25 98 73 79 11 55 117 91 32 96 74 102 20 3 1 33 48 99 104 84 85 31 42 107 118 44 115 54 82 51 89 112 16 7 13 36 27 69 18 58 37 93 29 119 35 26 66 64 67 43 34 9 56 114 80 77 53 113 30 78 40 101 19 59 46 15 86 21 100 10 62 70 61 109 110 4 108 57 0 47 6 71 28 38
110 76 30 96 24 92 108 107 49 58 63 9 117 118 66 6 94 86 14 119 113 2 53 52 41 39 38 68 83 7 0 103 44 111 112 51 11 77 5 21 97 62 101 16 71 100 82 8 80 20 95 10 1 88 61 48 35 45 81 40 56 116 42 27 54 104 34 15 47 89 115 79 12 29 87 99 84 114 106 105 46 72 67 17 32 91 60 109 93 65 64 57 33 69 31 98 13 37 25 18
45 7 24 73 114 20 40 66 78 76 57 53 115 23 89 0 60 25 90 39 110 84 85 92 21 87 12 118 47 71 13 33 106 65 77 112 101 119 50 109 3 36 93 59 58 96 26 81 97 88 98 9 34 14 83 35 86 37 1 79 22 27 82 63 19 44 16 70 28 15 64 52 48 104 108 54 18 32 111 80 105 103 5 49 67 62 100 46 55 10 4 31 107 74 94 61 51 68 75 6
76 86 57 108 80 100 63 9 35 99 67 11 73 53 6 26 117 58 23 87 13 65 46 69 90 20 93 106 88 104 38 45 7 116 107 0 113 59 55 95 15 112 17 64 56 18 47 2 51 33 78 48 30 21 85 114 89 36 41 39 40 118 60 4 5 29 71 66 1 31 82 24 72 81 43 110 50 105 32 98 102 115 3 19 61 12 79 14 62 16 94 92 97 91 119 84 37 28 25 83
2 94 32 55 58 72 42 34 21 0 65 96 75 9 17 52 104 26 40 77 61 49 78 85 71 105 31 6 88 95 8 25 103 114 19 73 57 106 39 70 37 76 112 111 35 101 79 102 3 48 54 89 62 15 115 118 16 12 44 53 60 74 33 119 24 7 27 99 50 86 11 81 29 110 80 20 36 92 113 97 18 30 45 93 38 10 66 109 46 91 82 100 117 59 14 1 84 90 63 43
111 102 38 119 101 86 31 51 11 73 21 103 71 113 68 26 30 4 22 62 18 82 20 55 92 8 24 7 81 80 57 95 35 61 47 23 59 1 66 100 53 56 118 75 60 115 32 28 85 0 76 83 91 112 10 36 90 94 72 97 39 25 27 48 58 2 9 105 29 6 79 13 70 37 88 15 46 40 104 34 19 16 54 110 77 116 65 87 5 49 98 106 45 33 109 52 99 17 78 44
74 90 87 26 92 113 107 67 6 13 106 19 68 109 15 116 88 80 83 75 62 38 29 86 104 47 71 96 119 22 81 34 3 33 41 52 0 31 77 65 46 70 28 73 91 43 76 53 49 30 78 61 72 1 103 97 35 105 5 100 45 27 112 69 4 37 9 25 117 56 39 60 66 44 101 51 2 79 59 12 99 110 115 23 108 57 54 98 111 114 21 50 89 58 85 64 24 7 55 17
86 112 103 110 78 0 45 81 13 87 97 11 9 91 46 62 105 14 100 12 57 3 63 10 20 99 113 109 102 73 43 117 19 84 106 55 39 68 90 49 92 76 60 4 118 85 111 47 41 18 65 42 33 23 101 24 8 98 1 52 16 51 88 54 116 96 56 7 93 17 67 30 28 38 74 2 50 69 70 25 21 26 82 31 89 53 58 35 107 27 71 115 80 5 72 77 83 59 44 34
95 21 40 35 10 92 96 52 36 107 63 97 81 27 116 57 111 49 75 47 44 25 7 65 50 86 78 53 61 77 8 13 31 87 72 5 100 68 33 45 117 88 38 112 11 55 89 6 51 37 109 54 46 94 58 99 41 104 114 67 56 22 83 32 28 113 9 16 73 106 118 12 119 80 15 3 110 85 1 103 105 30 0 39 2 64 93 70 59 4 71 48 101 79 43 98 29 23 60 76
7 45 108 9 14 34 78 8 114 63 93 105 56 2 101 111 87 4 82 73 119 69 17 12 70 29 33 27 38 13 22 15 113 25 83 59 79 118 67 35 16 0 61 54 107 47 74 89 10 84 52 115 66 75 46 110 32 51 96 109 65 55 77 11 53 36 57 44 31 112 85 100 64 23 28 49 30 91 80 26 98 76 6 94 18 116 3 43 68 20 39 99 37 19 62 24 21 95 41 88
32 0 102 67 54 83 2 15 79 60 13 108 94 4 41 70 95 36 104 89 21 78 68 75 37 100 19 22 72 119 59 46 61 103 57 101 52 66 110 5 7 82 113 24 86 51 38 77 74 87 30 28 42 58 34 29 65 11 14 45 84 53 63 115 48 105 71 85 114 92 90 44 31 107 111 109 91 98 43 17 26 73 12 9 99 80 69 3 18 62 27 25 55 49 50 8 39 1 76 16
29 74 37 42 109 0 6 104 73 84 51 20 53 75 64 98 59 91 25 95 108 2 14 80 8 17 44 92 41 7 58 111 110 114 71 70 101 93 35 11 30 89 83 72 49 24 38 86 117 23 1 116 63 52 56 68 82 100 45 99 26 22 36 46 5 54 113 81 27 118 12 61 48 103 3 13 19 9 90 43 47 32 69 112 79 31 28 21 76 67 16 62 15 106 85 94 105 87 115 65
102 107 11 69 50 2 24 88 76 52 35 103 68 33 82 26 41 110 75 104 72 111 49 99 117 62 80 29 61 27 58 18 9 81 39 89 119 0 1 73 4 10 3 92 98 84 118 47 46 31 86 51 22 16 54 66 97 28 115 13 17 108 78 5 55 48 60 40 64 90 14 20 96 70 59 87 71 93 7 44 21 42 85 116 91 105 109 23 43 74 32 8 63 100 45 113 65 38 25 15
56 96 70 67 115 41 81 61 44 72 35 15 91 19 48 100 82 40 45 26 54 92 13 16 38 12 21 118 24 23 93 59 11 116 88 20 76 99 108 49 2 89 46 18 69 50 95 102 53 85 110 0 105 33 4 106 97 55 63 9 103 5 37 101 58 30 109 84 22 31 6 28 43 64 90 113 17 1 98 25 62 68 107 10 117 14 75 77 79 47 65 51 8 87 60 114 83 39 36 112
90 92 39 99 52 25 115 49 51 31 116 22 78 12 95 46 9 55 103 34 10 45 113 14 40 8 58 71 43 96 53 47 106 16 59 107 17 44 26 98 109 38 29 68 111 114 76 6 57 119 66 50 97 87 4 24 20 118 64 35 70 21 5 63 0 41 33 67 73 83 56 79 85 110 91 108 102 86 104 100 72 84 42 36 105 28 60 112 75 80 2 32 15 54 11 27 89 69 18 19
44 94 23 56 111 100 54 89 71 105 76 113 58 5 66 64 69 46 22 115 109 80 86 26 59 21 12 98 51 87 35 70 10 106 33 3 108 39 18 68 15 25 85 45 53 117 118 84 90 107 31 72 14 65 83 74 17 13 28 119 102 41 96 43 116 114 37 81 49 63 60 62 95 9 61 82 79 36 20 55 73 88 50 91 52 11 40 77 104 67 16 101 47 1 112 92 75 4 30 2
94 86 83 9 112 16 64 33 80 8 78 38 50 103 79 106 88 95 59 52 48 44 2 0 72 32 42 24 111 68 93 55 53 105 82 1 22 65 7 113 49 87 17 118 41 102 30 58 74 28 117 97 75 62 116 81 69 104 101 85 11 56 34 119 57 47 35 73 110 76 63 70 14 29 43 31 107 3 114 96 25 21 61 36 39 4 115 12 90 92 67 40 6 109 10 100 98 60 46 26
76 50 22 92 62 21 52 114 71 83 58 33 59 77 47 5 14 16 80 78 86 3 79 115 10 64 38 28 2 51 53 46 75 48 94 37 99 60 72 9 30 90 116 61 40 7 84 23 117 118 35 95 81 68 54 85 34 108 20 55 18 89 32 57 119 1 107 112 27 69 44 82 6 109 17 63 11 113 91 8 65 29 66 4 103 42 45 25 41 88 100 74 111 31 93 96 13 15 102 26
65 4 85 45 44 33 19 17 78 74 39 109 1 9 55 52 62 38 27 64 28 79 104 14 68 95 40 101 75 77 89 32 51 37 56 118 47 107 53 84 61 46 18 105 100 96 12 0 23 49 106 67 98 24 102 50 94 76 82 90 88 112 63 110 57 80 73 69 54 60 26 117 70 83 15 43 115 2 5 31 41 103 3 92 48 6 87 72 13 34 25 71 59 58 22 119 113 10 29 97
24 2 112 42 99 78 102 96 69 31 116 25 100 45 82 9 68 118 13 44 94 16 73 54 79 119 34 27 114 57 83 72 117 7 33 103 108 15 92 4 71 110 53 32 10 18 19 55 17 76 39 95 86 84 6 56 1 51 37 80 105 67 38 21 87 12 35 36 62 23 104 14 5 66 115 59 97 106 88 101 22 3 90 43 60 28 40 29 41 26 85 75 20 52 91 48 11 93 107 50
94 98 63 106 61 112 32 69 67 56 60 62 1 6 115 58 84 92 107 117 103 80 34 76 109 14 64 100 52 12 101 11 79 73 37 35 85 57 86 25 53 10 49 93 3 21 78 55 105 113 114 65 36 24 46 95 43 81 97 17 18 22 71 102 2 48 82 77 28 29 26 88 42 83 91 89 20 5 110 27 8 104 7 4 119 50 45 72 23 111 96 116 31 68 70 0 40 87 33 16
23 62 47 64 50 100 33 3 12 92 20 85 67 51 74 105 44 8 17 103 15 70 63 6 43 95 107 49 39 26 116 10 72 119 53 22 110 93 34 31 52 14 38 84 101 83 71 79 80 91 69 78 90 104 112 19 81 18 37 89 68 114 5 11 113 48 21 42 111 102 98 28 76 40 77 41 56 82 87 32 75 55 4 13 66 24 106 30 35 0 94 45 27 59 117 109 86 118 1 96
68 23 56 88 19 69 66 96 18 74 73 98 24 114 7 49 111 79 72 77 59 80 20 83 38 0 97 4 47 46 21 84 82 119 100 107 89 37 29 16 87 54 34 51 106 81 110 14 41 99 11 57 85 105 62 40 27 58 64 5 9 104 31 112 118 30 60 22 33 91 15 61 1 25 101 48 35 65 75 13 43 78 6 45 2 50 32 86 67 90 36 70 26 3 109 52 53 8 17 102
94 85 28 112 12 17 58 39 96 104 47 1 71 15 10 95 97 19 66 5 4 34 44 48 87 114 51 3 82 61 57 107 103 73 62 81 25 76 53 42 29 59 78 115 55 52 56 23 118 7 0 91 89 14 60 92 13 98 24 45 68 43 93 37 72 102 116 38 40 65 9 18 105 54 27 70 49 20 46 100 69 77 113 63 79 50 88 86 35 75 106 11 119 2 31 110 67 26 22 33
99 29 106 4 35 97 1 19 102 116 60 70 21 67 113 37 49 45 32 6 25 52 62 12 98 114 13 54 30 46 26 66 34 36 73 80 10 72 90 50 105 42 96 83 88 14 112 28 38 40 77 71 81 79 89 95 109 117 24 39 78 118 85 100 56 33 61 48 59 76 108 74 15 7 17 91 16 115 63 82 20 5 23 92 41 31 65 111 53 110 103 9 44 58 64 86 75 51 93 2
41 0 38 61 30 112 55 92 76 46 102 114 20 86 53 29 117 77 104 90 113 59 82 107 63 65 49 52 106 3 17 9 81 39 116 94 98 83 22 97 71 70 10 19 56 42 28 111 103 35 100 80 101 68 109 37 8 24 43 119 34 57 13 91 115 14 32 11 60 18 36 23 69 110 26 16 95 6 62 25 47 21 33 15 118 64 108 96 93 54 51 27 50 99 72 67 5 45 79 105
24 1 44 0 8 116 84 59 90 88 110 64 33 74 49 17 55 35 7 34 50 73 3 82 42 25 58 15 52 99 92 27 70 105 57 94 112 54 101 108 96 22 85 51 104 10 12 106 26 80 18 71 66 62 98 89 6 9 60 39 75 91 30 13 97 19 23 83 46 81 63 31 79 20 65 47 21 103 53 16 36 76 56 41 93 113 2 32 117 72 95 87 109 28 67 4 119 45 37 38
67 7 103 26 76 111 6 75 107 49 39 85 66 84 53 15 110 64 106 42 63 73 56 52 18 57 100 114 91 3 50 89 4 102 19 61 32 43 20 96 98 99 108 90 37 29 93 60 33 44 62 35 12 68 28 5 55 25 0 58 95 40 87 51 65 1 27 24 11 74 83 2 86 8 21 14 94 105 104 79 69 97 81 22 119 112 92 118 117 88 16 48 115 59 82 54 116 77 101 34
55 11 114 97 51 70 60 103 79 30 63 90 53 84 88 116 6 72 81 49 9 94 1 65 26 86 92 71 37 54 109 13 105 61 10 47 95 85 34 100 107 89 43 7 41 19 64 77 23 80 18 28 22 3 16 108 44 2 76 69 33 74 83 35 111 58 21 75 39 29 27 31 15 93 67 12 38 42 91 32 119 73 113 101 102 45 78 66 110 87 5 50 8 24 59 52 62 46 0 17
3 24 30 33 65 94 71 43 38 20 86 117 12 31 68 104 90 41 53 27 77 116 44 72 56 75 36 55 40 112 60 93 2 103 119 39 46 32 50 8 115 48 97 81 98 57 106 111 37 79 69 88 73 113 35 87 118 91 70 10 49 9 62 74 1 114 58 0 18 110 19 99 51 89 85 11 14 80 95 26 82 28 84 78 64 15 4 102 16 59 7 83 34 61 29 109 101 108 105 54
53 5 83 33 15 106 65 101 112 66 72 67 28 54 42 35 111 75 40 64 108 94 13 1 110 46 4 93 24 62 78 85 7 20 88 95 22 16 49 43 118 34 27 41 76 29 37 58 30 57 71 14 86 69 104 105 38 99 12 3 50 51 100 0 56 103 55 45 8 113 70 25 89 98 18 39 60 74 116 96 10 68 2 6 90 48 31 84 59 97 32 26 63 73 109 92 19 9 17 91
64 97 108 32 69 114 91 85 31 34 74 53 107 94 60 54 39 22 71 14 10 7 43 45 50 57 115 30 4 55 72 29 109 11 41 23 27 73 15 42 103 51 13 59 76 25 26 75 18 19 84 35 5 104 102 17 106 70 6 113 61 98 78 24 89 65 8 63 1 62 83 3 44 105 118 79 101 77 86 49 90 111 21 119 88 95 56 0 46 48 112 9 81 92 37 20 100 116 28 38
66 67 38 21 75 113 60 46 7 34 72 42 108 117 94 103 61 19 59 77 93 92 87 96 57 55 40 0 3 63 76 111 88 90 99 39 70 32 115 82 118 62 1 116 45 51 52 30 79 65 25 6 73 100 114 89 10 15 16 9 12 26 110 86 112 64 104 101 17 83 68 4 28 78 109 49 102 44 8 84 20 33 50 24 81 54 5 106 18 23 85 48 119 37 29 43 41 97 31 56
24 7 54 41 115 92 61 94 78 112 90 53 6 8 56 83 91 4 1 47 85 66 114 77 108 26 43 36 27 28 104 107 45 84 70 58 20 71 30 106 13 34 118 119 99 98 29 3 25 5 86 15 38 40 72 52 22 48 96 17 117 95 11 44 65 80 82 68 87 93 73 23 10 12 0 67 101 116 69 33 19 110 42 35 49 39 100 109 97 21 75 9 51 50 57 79 102 31 37 89
32 94 22 8 7 19 113 15 0 104 26 24 115 63 99 9 50 38 105 111 98 40 72 62 18 80 56 10 17 12 106 37 21 68 90 70 53 64 65 39 103 20 27 55 69 66 45 57 76 96 23 71 81 28 14 59 95 29 79 77 47 35 11 46 97 86 42 61 5 116 41 33 16 49 25 58 87 78 117 6 93 13 108 114 48 43 52 44 1 85 60 51 4 107 89 74 92 83 3 119
26 16 10 20 19 105 9 22 64 23 27 84 76 115 101 57 87 100 47 97 7 107 104 117 85 103 44 34 8 81 110 86 29 14 94 2 4 25 109 59 37 106 51 42 119 6 108 21 75 24 50 48 36 60 112 89 83 49 114 38 98 67 79 65 90 11 56 58 12 52 40 18 96 80 13 77 99 118 78 88 45 46 91 74 95 54 33 61 92 31 62 35 116 0 111 73 39 32 17 3
15 115 53 56 31 52 110 116 43 55 39 80 86 21 34 100 89 118 117 71 87 13 75 82 42 59 4 107 5 104 70 19 23 44 25 95 26 111 94 29 38 17 60 66 41 65 74 9 50 30 51 33 72 84 76 8 0 61 3 91 101 20 69 113 85 62 2 1 98 73 106 79 112 12 64 32 114 103 108 119 78 40 57 28 6 99 96 14 63 67 11 88 48 92 24 35 105 77 109 97
98 26 96 2 80 32 105 6 28 109 84 37 86 10 52 119 70 15 67 83 41 36 114 4 64 89 55 68 110 97 75 78 63 1 31 11 69 50 29 65 34 74 112 62 51 19 44 94 73 58 61 5 42 107 56 49 117 103 16 60 101 0 82 88 38 102 46 93 108 115 106 116 71 20 24 100 39 54 22 104 8 17 77 76 27 53 43 45 111 57 92 79 66 21 87 113 23 18 81 30
101 44 63 53 119 47 56 25 65 81 73 12 78 91 114 32 99 67 8 51 76 116 84 46 69 83 36 68 105 93 49 108 13 107 34 85 62 66 94 64 59 61 52 18 97 88 103 10 15 11 55 5 95 86 90 16 35 41 9 54 71 38 79 98 1 39 58 82 19 111 112 74 30 110 6 104 4 29 43 26 50 0 92 100 3 45 75 2 17 42 102 72 80 37 33 31 70 109 57 113
69 91 61 59 70 64 71 60 37 33 107 102 48 113 15 58 78 39 54 52 27 46 49 81 35 75 7 109 9 63 43 41 26 45 112 105 90 44 72 6 98 88 22 99 55 21 0 4 17 68 83 12 32 95 36 11 84 101 25 73 119 2 14 16 24 117 5 104 47 97 74 80 3 19 34 93 103 18 40 1 94 110 53 62 13 23 28 50 96 77 100 57 111 114 65 106 51 38 85 8
55 11 107 76 77 6 50 16 22 23 83 100 37 84 93 18 104 102 61 46 72 101 57 15 65 115 90 98 48 32 85 27 0 74 19 92 49 5 109 39 33 25 116 106 40 63 118 75 3 68 117 60 21 114 30 69 70 17 56 91 79 29 67 12 108 113 64 35 28 51 36 87 13 73 54 38 8 97 34 43 95 103 112 99 41 59 47 62 89 82 110 88 42 58 52 14 44 96 2 4
48 108 61 20 103 88 29 60 75 13 4 25 5 41 95 54 96 10 106 102 83 57 2 118 117 113 49 3 7 11 119 62 50 59 18 27 77 63 93 36 34 55 112 115 76 91 45 79 12 101 64 69 105 89 32 47 28 0 38 94 39 6 1 40 109 44 85 14 111 78 9 70 86 80 116 17 30 68 58 90 53 87 114 51 66 92 107 74 52 84 99 72 42 81 16 65 37 43 8 26
104 114 35 103 89 97 30 78 66 107 92 34 33 100 94 5 19 4 40 15 11 62 29 59 57 21 95 10 31 87 25 109 9 74 56 85 75 83 24 55 118 91 13 46 45 54 110 39 105 14 80 90 27 93 48 101 98 38 81 61 28 113 82 60 79 7 111 43 70 16 1 102 22 76 6 88 26 53 96 64 52 106 115 68 50 20 51 2 119 49 37 71 44 67 84 41 23 58 3 69
11 47 113 43 79 115 35 100 41 74 114 118 50 4 6 52 3 54 31 18 36 30 39 14 82 104 57 89 45 15 32 119 60 85 44 25 28 29 78 109 17 61 108 92 83 12 26 95 69 8 88 53 16 70 40 13 75 68 38 71 81 22 97 33 27 65 64 49 9 112 37 90 10 103 62 67 51 86 117 63 1 48 98 99 19 110 7 80 111 116 2 20 59 34 58 77 73 42 76 102
75 85 27 30 58 18 21 23 19 9 50 113 17 112 7 59 91 88 35 101 94 47 95 6 22 65 66 109 2 15 38 14 42 67 76 1 103 69 117 16 68 31 57 102 73 114 96 40 64 24 36 29 82 72 79 28 97 0 54 106 43 105 45 107 26 74 52 10 104 3 48 12 86 34 100 108 20 116 39 41 119 93 99 115 90 61 77 37 11 110 13 81 32 33 70 46 92 98 56 62
56 18 66 86 108 39 22 8 116 102 110 17 57 10 36 4 62 105 114 11 55 92 48 33 49 118 29 89 53 113 115 6 38 99 103 50 71 107 78 100 91 94 27 16 13 12 0 43 79 46 112 70 2 5 98 37 40 60 82 31 35 63 23 32 67 47 101 72 24 44 7 34 30 76 88 59 41 15 96 117 74 52 28 21 95 106 87 104 111 26 14 65 73 64 97 20 19 68 3 61
107 57 112 61 84 15 66 58 44 88 48 5 104 77 55 72 0 38 36 45 116 87 51 59 39 86 80 29 62 19 30 74 99 67 11 50 46 91 53 69 78 6 25 76 1 41 8 37 68 111 92 113 52 94 12 100 106 60 47 75 89 105 97 33 43 16 96 102 3 27 17 110 115 4 34 2 14 20 54 73 81 56 35 40 118 93 9 23 26 10 64 49 79 42 95 22 90 21 83 13
104 69 108 20 87 65 115 72 68 42 43 96 61 9 112 88 54 38 41 118 27 55 17 77 103 35 84 62 73 46 113 119 16 40 24 52 13 82 76 98 6 111 1 60 78 92 90 31 36 107 15 53 7 22 21 49 34 45 93 86 105 23 85 44 101 117 18 116 32 30 106 59 79 75 95 29 3 37 19 8 4 11 94 89 5 58 28 109 114 97 57 74 99 33 2 67 110 12 47 66
66 48 11 40 63 88 41 37 24 81 8 94 64 104 38 33 18 86 85 1 50 57 82 97 65 28 95 59 42 35 51 100 115 103 73 19 0 27 114 58 71 43 54 39 75 108 22 15 84 34 60 102 14 79 91 20 9 72 49 67 77 111 5 80 29 53 90 61 52 69 6 89 55 68 31 87 107 17 46 99 106 25 3 12 30 16 10 44 119 78 98 113 70 116 74 105 4 117 83 2
29 95 40 35 87 28 20 11 37 117 52 98 94 109 81 47 77 34 91 89 44 71 72 3 96 39 70 59 49 9 68 99 57 102 51 42 22 100 112 41 69 111 61 2 107 5 31 6 32 86 113 97 85 105 16 58 116 38 65 43 90 27 23 8 80 74 55 119 53 103 75 115 82 62 79 84 7 64 106 13 60 4 101 104 12 78 0 18 50 46 21 45 48 76 92 118 114 73 24 67
67 15 54 78 11 73 95 10 19 97 7 76 32 88 89 34 30 45 116 1 98 77 82 114 85 63 113 13 40 29 96 8 53 115 16 93 111 6 26 118 25 5 83 64 46 94 24 51 105 59 74 27 102 80 4 28 84 75 14 57 72 110 3 50 99 38 69 21 91 42 86 37 65 56 101 48 79 119 71 61 92 70 9 106 66 12 55 47 35 33 60 100 0 43 68 58 117 39 108 20
57 119 3 100 81 83 77 10 65 68 63 14 11 61 1 87 9 7 30 82 38 24 112 105 22 116 109 51 29 27 118 58 108 107 52 72 80 2 84 43 60 39 36 33 16 53 15 34 101 23 89 90 70 5 13 32 49 69 91 88 17 40 95 19 41 20 44 117 75 103 71 56 42 66 73 45 67 85 106 35 6 55 54 92 8 79 21 37 114 28 0 104 93 74 94 26 4 18 48 62
45 12 70 35 59 81 97 80 36 103 30 24 2 17 51 21 31 27 3 82 28 91 86 9 20 102 112 11 94 53 8 5 43 113 22 110 89 68 32 105 54 111 41 71 57 10 50 33 83 108 85 52 73 66 39 13 4 29 88 109 62 48 44 95 0 56 74 1 115 26 58 40 23 104 47 18 75 16 38 67 87 76 19 90 84 55 118 60 98 114 63 79 99 96 93 106 34 100 72 6
78 96 87 39 12 100 56 33 2 74 45 77 73 81 54 119 93 3 57 50 14 47 117 30 83 75 84 72 102 23 51 44 36 38 63 71 92 35 11 49 61 55 48 18 67 110 42 34 106 94 52 4 111 59 113 27 26 22 85 107 69 65 0 99 24 62 13 98 90 5 19 43 64 104 6 105 60 58 66 1 91 109 20 95 41 15 82 103 7 70 8 79 114 118 115 25 46 97 116 17
0 76 46 80 12 63 110 27 107 5 75 20 59 56 13 55 45 72 48 66 3 28 74 9 91 109 119 101 17 22 96 51 50 117 60 86 64 24 92 90 26 85 34 58 71 37 8 77 52 104 14 113 93 57 65 62 30 67 114 47 38 112 40 41 44 49 108 111 36 21 31 100 29 16 54 32 33 103 4 10 68 53 106 99 102 2 116 25 73 6 79 70 95 19 81 118 89 115 42 1
23 113 13 27 117 7 81 1 86 21 105 17 62 116 80 56 84 61 94 90 3 111 18 75 101 50 52 65 119 15 118 49 26 5 66 22 63 103 72 60 87 37 76 97 45 14 43 25 107 114 42 29 53 28 99 20 108 35 19 95 79 24 9 55 2 67 93 64 31 68 102 71 41 11 8 36 100 78 16 106 58 110 77 88 39 73 115 12 46 96 69 6 30 91 38 82 59 44 47 10
59 31 71 105 32 17 49 119 21 99 110 4 87 68 13 64 40 30 37 107 35 22 5 7 66 39 9 18 93 56 3 103 25 108 80 102 61 58 12 50 23 73 41 101 1 115 67 95 86 118 46 72 14 74 36 47 10 75 45 6 54 15 111 16 77 63 114 90 2 112 76 48 116 81 106 0 78 33 29 43 8 26 98 84 88 11 104 20 57 82 24 109 42 113 83 69 65 28 44 34
58 44 3 104 73 114 30 55 53 2 34 31 96 77 6 67 10 49 50 8 84 85 16 119 14 65 40 48 35 86 41 89 32 98 88 11 94 33 72 42 9 56 64 91 1 7 76 37 20 95 21 60 15 93 87 57 70 80 51 47 13 38 39 109 0 26 68 115 102 107 28 83 69 112 12 97 59 103 19 117 78 106 74 116 27 108 36 111 43 110 101 90 62 100 79 118 17 99 61 18
11 118 20 77 1 87 96 25 105 6 74 26 55 36 47 81 106 24 117 10 31 50 57 89 84 15 23 22 80 39 9 92 52 88 73 4 85 7 109 40 75 38 19 29 62 32 90 48 113 79 46 99 2 112 68 33 94 98 100 103 14 58 8 5 27 60 53 93 65 37 66 107 71 95 82 16 0 76 54 56 97 12 64 102 104 34 59 41 86 18 69 21 114 30 17 91 51 45 67 111
79 32 23 83 94 34 113 117 116 105 50 35 39 30 25 95 119 77 55 62 24 2 67 89 88 18 12 53 60 100 14 59 19 61 7 1 106 64 96 97 52 10 41 114 4 99 21 54 20 44 71 38 36 103 5 84 108 82 109 112 98 92 6 110 86 118 72 29 101 74 115 11 40 90 37 111 65 13 22 47 73 45 9 28 85 33 102 3 42 46 81 69 49 87 68 80 16 57 48 43
24 25 27 57 47 6 110 104 23 12 4 76 99 70 113 11 8 77 63 105 95 85 0 30 9 91 58 73 66 45 96 16 50 90 84 46 19 32 53 88 74 54 1 35 115 69 31 103 28 14 62 44 116 52 64 109 92 36 83 56 2 93 21 82 111 75 114 33 41 55 78 72 39 118 107 3 94 102 98 61 119 108 101 10 71 106 29 60 81 67 43 100 51 59 49 42 48 15 40 86
43 67 89 60 118 52 40 56 5 106 9 6 68 98 74 103 107 45 66 86 108 117 115 99 114 59 21 50 4 13 1 62 116 85 71 24 81 113 119 57 83 19 7 44 82 105 63 11 36 38 31 97 33 47 61 34 8 42 88 46 91 77 110 94 17 41 26 49 70 37 12 10 73 3 90 102 14 84 18 65 51 16 27 101 79 54 20 87 64 55 35 111 25 75 95 96 78 76 93 48
36 31 95 60 72 56 98 35 73 53 83 93 115 92 19 70 10 77 39 66 37 96 38 113 16 111 24 101 63 54 51 94 81 116 74 42 30 17 62 59 32 89 2 49 108 13 85 18 57 33 48 0 6 8 100 21 11 64 86 97 12 9 104 90 52 28 119 75 71 4 80 45 23 118 25 20 82 105 14 55 87 44 110 61 50 79 40 3 68 88 1 15 114 103 76 34 22 65 67 43
28 79 85 0 55 2 24 40 91 14 58 17 46 98 99 96 45 105 65 25 29 71 31 86 59 32 109 5 87 112 3 34 8 90 12 52 51 6 43 19 80 13 1 115 67 48 50 23 76 102 118 68 103 74 18 62 56 75 89 15 73 57 82 27 47 97 64 117 53 77 66 69 107 72 106 38 10 88 39 63 60 30 113 22 26 21 119 101 7 42 70 20 9 16 78 92 110 83 95 93
5 114 72 23 13 48 68 98 111 84 78 118 92 91 51 47 32 15 14 90 108 22 26 69 10 38 59 43 63 6 81 4 0 25 116 1 83 82 9 117 41 55 97 64 115 19 36 103 50 33 29 27 24 18 87 70 12 54 42 53 94 95 58 104 110 79 3 85 100 101 76 40 65 61 75 112 88 74 60 34 52 102 96 46 20 7 56 39 66 57 28 80 30 77 31 119 21 86 35 107
110 65 67 45 25 21 15 47 29 42 77 107 11 105 94 49 18 30 101 72 37 62 39 115 109 113 50 100 34 4 16 96 40 17 78 79 27 19 86 116 10 63 54 118 70 31 32 8 93 71 38 52 13 66 112 89 41 92 74 82 88 0 76 43 114 75 44 119 104 12 117 80 91 9 56 103 58 84 97 99 106 33 48 6 61 64 90 98 55 51 2 85 14 68 5 95 20 22 81 69
49 7 116 51 18 47 38 11 102 71 28 113 9 5 62 60 88 114 106 104 74 119 15 66 42 1 46 110 37 44 6 107 59 50 63 78 70 21 81 48 29 105 52 72 56 35 45 75 98 68 16 95 108 100 34 40 64 73 8 3 22 20 53 109 55 12 67 90 65 84 43 23 76 57 24 39 96 13 33 82 93 17 10 83 94 79 61 89 92 85 4 111 99 101 117 2 77 54 58 14
87 19 34 0 114 9 91 3 49 101 59 55 111 119 14 17 109 63 102 110 11 22 60 62 117 44 30 36 28 29 70 100 78 85 35 90 80 40 72 113 75 83 6 38 115 92 41 27 16 82 89 66 45 71 99 84 48 116 53 52 24 107 93 68 25 105 33 112 13 61 74 108 98 73 95 86 118 12 18 46 69 32 51 43 21 10 47 67 97 7 76 104 37 50 31 26 5 88 77 94
40 3 38 81 33 32 105 92 78 59 16 6 48 47 109 43 5 91 108 94 63 30 114 66 0 13 10 34 52 41 77 83 28 37 53 56 51 85 54 61 107 27 76 64 9 18 58 82 46 102 104 12 50 96 68 44 4 22 39 60 99 80 26 79 35 97 23 65 87 62 17 21 67 103 74 98 11 42 20 100 57 55 75 86 110 25 14 31 89 29 24 1 115 8 7 95 70 84 36 45
31 30 33 0 18 15 67 93 113 98 65 19 7 40 36 66 43 55 116 57 13 94 37 108 63 11 59 28 92 4 53 87 52 68 105 60 84 14 17 106 16 10 107 88 25 42 97 72 78 80 34 64 74 32 5 76 100 75 91 117 44 58 82 79 12 69 110 26 3 61 83 99 90 77 49 23 35 114 104 27 9 50 71 2 81 51 112 56 47 73 86 118 41 24 115 54 95 89 85 62
14 114 91 83 88 9 80 17 5 84 15 110 61 56 64 72 96 52 86 101 94 26 116 85 65 111 58 100 53 109 71 60 70 28 68 6 36 90 106 107 115 39 3 102 45 33 95 7 22 119 12 89 32 11 18 108 13 92 44 21 38 2 78 40 81 41 10 99 19 69 4 24 63 46 1 20 74 67 0 97 30 75 62 76 16 98 104 31 112 117 35 37 29 118 50 93 47 49 48 82
27 59 85 114 75 23 84 55 36 100 0 30 8 119 109 24 80 10 86 79 31 44 13 108 117 99 88 90 48 61 103 107 68 45 110 29 101 118 42 50 51 16 64 70 65 102 46 82 5 87 73 6 115 17 98 97 4 1 113 54 66 43 12 25 49 41 91 32 20 77 53 63 52 116 111 76 35 26 56 47 83 18 38 2 69 71 37 58 40 95 19 67 96 57 60 33 11 89 34 7
61 78 64 29 69 119 4 0 110 103 8 53 40 43 24 21 46 52 58 3 28 18 68 26 99 14 116 109 65 72 91 44 90 45 105 5 1 111 23 16 86 100 49 15 117 56 34 22 17 9 89 66 32 48 115 92 114 12 10 51 76 54 83 104 30 25 79 98 33 19 27 39 93 96 113 35 101 75 108 73 106 112 7 67 82 47 71 37 62 74 6 107 31 63 59 41 13 55 118 11
92 73 30 87 9 24 4 96 107 15 64 84 91 89 102 25 110 71 13 21 78 16 33 57 72 98 63 80 70 28 100 76 86 40 75 105 99 65 44 55 119 93 90 49 113 115 38 83 67 23 54 118 3 10 36 111 47 116 50 77 69 79 27 41 22 56 101 104 60 37 20 29 39 114 11 14 34 19 103 42 117 109 106 88 74 108 66 52 45 12 94 7 43 35 2 0 32 61 85 26
96 98 64 36 30 33 99 6 50 102 63 79 118 83 43 60 76 49 86 17 44 105 78 46 81 14 65 67 23 4 2 41 28 74 104 45 72 40 111 22 57 116 115 10 61 0 97 94 21 80 3 15 119 107 12 25 95 11 7 27 77 9 58 53 51 68 24 59 48 103 38 16 108 82 56 66 39 88 109 31 37 84 5 8 47 87 114 100 20 35 113 91 34 55 85 62 26 19 106 73
86 47 24 103 114 56 34 9 29 61 89 77 41 48 49 102 65 87 88 94 55 30 95 60 108 62 91 19 37 42 43 23 82 112 69 75 52 90 11 2 40 26 84 14 73 3 58 101 17 38 15 59 93 68 104 4 79 71 72 74 76 12 109 0 6 46 115 45 98 44 25 119 35 16 96 10 78 32 21 92 70 5 63 22 28 107 80 106 1 99 13 64 20 53 27 36 57 105 100 33
96 68 88 4 90 22 117 54 84 75 52 105 9 79 13 62 2 28 12 32 112 3 74 72 86 63 41 100 85 114 108 48 26 24 34 37 87 15 116 71 45 97 59 102 103 106 49 10 77 8 17 56 104 76 25 66 31 65 67 51 109 107 73 11 115 78 29 18 7 60 16 53 46 47 110 27 6 36 69 50 81 21 99 111 113 43 38 19 82 57 61 91 92 35 30 94 93 58 23 33
119 26 48 71 52 107 70 116 9 51 82 5 47 110 32 55 62 69 40 67 61 115 83 39 49 53 92 57 41 77 6 73 98 27 34 50 22 100 93 15 64 2 88 68 75 29 114 87 19 81 30 102 109 43 13 113 4 0 16 84 35 80 79 38 8 72 103 59 31 3 76 17 89 46 28 101 108 25 14 94 91 1 66 86 90 12 23 104 44 117 33 18 21 10 112 7 99 63 42 37
5 8 39 36 95 51 93 19 110 2 119 109 34 24 106 96 6 111 7 35 82 37 9 14 86 71 107 60 75 91 27 113 66 42 11 90 45 3 4 87 56 30 105 43 103 65 92 68 99 29 48 47 15 70 83 13 50 89 33 18 32 22 74 94 54 76 46 12 63 79 61 98 108 58 69 53 112 38 117 25 81 102 23 44 49 57 28 115 118 10 0 84 73 16 85 1 26 78 62 40
46 20 8 117 68 38 101 56 106 102 93 39 32 112 74 45 118 82 57 0 36 61 87 89 6 65 83 10 24 116 119 67 28 60 17 75 4 31 76 18 43 58 54 15 44 14 25 88 69 42 1 96 72 52 105 19 113 35 94 53 81 97 92 78 22 114 16 33 62 66 64 80 104 79 21 49 29 27 100 9 47 26 51 5 110 11 13 99 111 90 71 7 95 34 55 103 63 91 40 107
88 40 90 103 12 81 10 2 67 19 72 92 32 70 83 53 111 115 99 114 69 80 1 95 102 109 43 22 41 85 15 82 35 76 24 118 34 51 11 49 112 30 84 104 46 56 101 8 62 54 87 110 65 59 66 78 44 73 105 16 45 89 98 3 17 48 55 31 108 74 119 26 68 39 38 75 93 20 28 9 27 36 63 6 50 100 13 97 14 23 52 113 18 107 106 61 33 4 117 60
95 20 98 31 59 15 106 39 74 42 40 105 94 38 45 44 117 11 9 89 63 116 75 6 62 18 86 5 79 64 96 10 69 47 93 52 7 73 92 91 36 46 32 30 65 70 80 111 97 48 60 29 83 61 90 115 26 27 35 81 54 2 109 8 14 37 22 13 33 43 55 114 50 51 25 57 12 53 118 34 103 0 3 110 1 100 58 24 66 101 19 108 76 88 72 112 84 28 113 16
53 32 42 107 72 96 25 84 92 117 91 1 106 46 68 18 24 86 115 80 15 48 50 17 62 105 41 8 0 74 66 11 119 27 87 45 82 73 104 9 28 29 111 22 36 49 14 113 75 95 58 2 59 63 31 56 94 76 57 93 51 71 55 85 67 26 23 3 69 10 5 52 34 21 100 97 116 79 81 88 65 4 110 13 20 16 99 101 44 112 19 64 77 70 83 7 98 102 61 60
12 3 13 4 105 70 116 2 115 72 38 89 84 24 40 74 22 66 117 44 58 46 96 48 111 68 42 9 5 103 93 17 71 73 67 69 62 26 31 20 0 108 59 1 101 50 61 91 8 107 95 55 23 110 41 36 102 28 65 77 47 106 35 15 100 78 45 80 76 32 52 10 64 112 88 19 83 82 114 75 33 90 119 18 34 6 51 56 25 60 118 57 53 113 86 104 39 97 29 94
70 66 10 25 76 103 112 72 52 117 85 79 71 53 43 35 24 7 18 13 51 119 75 74 40 104 110 96 118 16 19 32 27 42 116 55 30 95 4 59 99 8 56 109 3 100 94 61 67 82 62 20 26 115 86 48 31 113 15 29 5 6 22 33 60 50 87 111 106 38 83 89 21 84 36 54 34 23 81 57 9 80 64 17 90 44 92 88 45 69 91 14 41 102 58 47 11 0 77 101
39 17 47 104 83 36 109 62 53 57 80 86 32 30 64 112 16 113 59 69 107 37 72 99 31 20 7 74 85 46 101 35 95 111 38 77 93 76 61 23 118 84 52 63 78 41 3 94 98 19 0 67 70 55 24 1 27 105 11 110 10 65 114 4 45 115 89 5 108 6 79 50 68 73 2 26 29 119 60 81 18 58 56 71 106 91 90 48 116 102 97 82 14 15 54 42 44 117 8 87
20 117 63 40 94 24 90 107 5 115 32 76 2 38 119 96 10 12 62 103 21 49 52 109 73 83 60 116 68 45 42 95 92 6 30 88 71 118 3 29 31 106 36 80 14 51 98 16 81 70 113 97 19 33 18 72 25 79 13 0 15 114 34 4 56 110 58 9 65 99 93 37 64 105 43 77 35 84 17 61 86 75 54 23 50 91 111 47 108 74 104 41 46 59 101 69 55 82 11 78
16 27 20 67 72 92 65 117 45 40 95 31 108 33 66 115 87 77 38 116 29 7 13 91 35 97 93 4 112 79 114 43 73 104 62 37 118 25 5 3 80 8 75 64 30 57 78 107 48 68 103 81 96 69 90 76 42 51 113 17 70 44 109 46 26 100 15 110 55 47 105 22 58 63 52 101 18 106 88 34 23 12 85 71 84 74 28 41 119 11 36 111 60 19 14 6 2 89 24 0
69 102 60 75 58 61 42 34 110 1 62 29 84 109 33 88 21 107 27 94 79 13 63 2 70 19 3 93 65 4 99 17 106 108 78 53 36 104 115 30 47 82 73 89 91 96 37 22 43 7 59 117 86 9 83 41 119 48 15 55 32 38 98 116 71 16 51 95 105 18 23 56 49 10 112 74 5 77 54 26 14 40 20 92 80 11 50 24 85 12 76 103 114 90 46 44 31 25 57 118
111 8 90 59 99 35 25 72 89 98 6 103 76 24 55 83 54 32 26 37 39 9 66 85 14 112 16 80 45 88 95 108 109 20 63 62 86 38 23 12 13 70 57 73 22 81 50 3 0 19 87 68 96 4 51 100 56 74 10 78 44 106 117 71 116 77 27 113 11 48 69 30 60 47 36 94 105 84 40 5 1 29 101 93 97 107 118 49 64 52 41 7 91 102 110 58 31 17 2 61
106 98 100 7 94 46 5 50 53 91 10 30 69 16 45 6 61 102 64 57 38 87 113 67 36 11 9 3 118 82 17 22 1 43 63 8 48 101 39 109 60 4 27 104 2 86 92 88 59 14 19 20 15 90 56 80 24 51 93 73 65 99 83 49 33 13 35 37 110 0 31 52 29 76 89 108 78 116 79 81 74 96 40 84 107 62 111 55 97 44 75 54 25 26 66 115 105 85 103 112
25 67 93 8 48 52 100 106 46 118 9 30 87 99 28 101 42 32 72 0 6 56 88 39 16 78 79 70 85 117 102 53 45 50 51 13 96 74 82 76 114 64 44 31 11 94 38 47 35 27 5 14 68 54 98 113 40 23 7 15 95 4 91 112 41 55 20 18 104 84 115 66 77 110 103 49 57 71 62 61 86 108 111 75 22 17 58 119 80 92 116 69 29 1 83 81 109 12 2 107
72 58 37 105 6 94 110 63 19 27 8 26 23 92 117 16 100 77 57 112 60 1 14 106 13 28 38 17 46 76 66 39 2 107 32 82 0 15 65 43 75 20 89 12 73 40 79 68 53 54 59 99 93 64 52 33 80 3 71 83 10 108 69 4 84 11 113 95 49 102 101 90 51 119 42 86 114 81 103 67 7 22 18 30 31 44 24 74 109 55 25 34 96 111 29 104 47 35 45 5
83 33 4 77 65 119 24 58 13 37 109 91 67 10 88 115 108 64 11 27 74 114 101 94 116 21 43 79 23 117 70 60 29 5 35 113 84 47 103 38 69 50 73 32 104 71 30 31 92 81 54 78 86 40 36 72 42 112 95 59 93 80 107 97 17 75 41 68 26 25 20 118 110 44 66 45 98 87 90 49 111 100 22 9 28 19 82 46 53 12 15 85 96 6 106 18 52 57 3 39
91 112 77 39 87 69 48 96 35 49 100 76 94 28 98 57 45 19 53 15 117 55 90 109 88 26 102 50 63 89 0 62 93 29 41 104 111 99 107 113 101 74 17 25 97 105 33 31 2 12 5 22 13 21 32 60 38 59 20 27 79 78 54 3 24 44 84 23 47 71 67 16 116 64 92 36 6 70 14 40 65 68 110 73 103 81 80 66 51 95 75 7 61 82 10 119 18 9 42 30
26 95 86 91 61 111 16 1 69 72 30 105 76 54 117 100 7 46 63 17 85 108 2 51 52 67 24 19 33 107 48 110 70 103 82 73 106 35 88 47 44 8 27 92 25 39 32 49 71 58 41 57 38 43 81 29 36 83 118 98 113 59 12 28 56 119 42 9 10 68 55 75 78 96 22 77 79 112 21 13 60 74 90 34 109 87 50 18 116 40 89 14 64 65 97 0 114 115 37 31
13 6 55 38 56 63 37 109 73 20 3 45 80 97 60 48 115 102 34 66 90 89 71 88 117 110 91 77 113 30 74 41 95 67 53 105 112 28 114 4 65 54 106 78 64 12 72 24 22 35 21 83 47 81 42 76 27 85 14 116 70 107 26 33 32 7 19 118 31 11 119 99 40 61 104 69 58 1 49 96 25 103 51 0 15 44 100 50 79 10 43 86 94 68 92 62 84 93 52 98
113 100 97 89 115 64 70 35 88 51 76 63 28 2 104 16 82 98 83 47 114 40 117 55 101 23 65 61 26 107 19 93 6 56 53 3 75 110 17 81 46 34 112 0 5 90 80 94 39 4 18 45 71 58 32 30 102 49 85 8 41 14 77 27 67 66 36 68 21 7 103 78 106 50 116 44 99 48 29 1 111 118 15 62 22 86 69 25 24 84 9 74 96 42 38 92 33 54 11 12
46 82 2 107 75 56 76 36 110 59 62 109 57 50 78 14 45 74 81 77 63 58 19 72 11 16 69 106 80 70 39 12 7 97 54 1 40 61 112 93 53 99 15 17 43 3 60 24 25 90 31 4 98 9 95 116 20 48 117 71 5 0 13 18 52 115 33 41 83 32 100 88 119 85 118 94 64 103 67 49 113 104 79 108 101 102 111 28 91 30 27 114 42 47 22 37 29 44 51 26
55 40 59 98 84 20 37 8 29 24 6 23 65 64 89 107 53 7 32 46 109 21 17 34 28 30 90 119 22 12 5 74 93 66 99 88 85 54 0 108 83 116 61 38 63 51 18 95 47 71 44 52 42 75 80 35 103 45 106 87 11 76 39 1 31 82 112 2 96 27 86 77 114 33 100 113 94 60 104 68 9 3 91 67 79 110 111 101 78 13 102 115 19 16 73 36 26 58 25 4
64 107 2 36 51 12 110 28 88 116 27 108 50 56 24 69 30 17 48 109 14 9 10 47 43 86 39 76 1 87 25 100 44 38 102 114 54 26 95 83 20 63 49 42 74 61 105 70 59 115 15 33 37 71 57 68 65 66 60 75 35 85 96 13 31 111 106 52 84 104 82 16 94 32 118 58 34 93 19 97 101 5 8 113 62 77 67 72 29 117 112 91 81 46 11 53 55 99 98 89
44 84 24 37 93 58 88 38 56 89 16 100 98 68 96 76 111 11 109 28 107 18 70 82 60 105 108 14 81 119 106 29 71 91 25 87 110 13 31 65 79 47 32 26 41 39 63 8 102 33 22 57 48 78 43 90 42 77 21 3 2 92 67 116 75 69 115 10 83 118 74 12 55 62 23 114 0 40 27 52 15 7 9 30 112 97 61 86 53 85 103 99 4 72 35 49 80 113 46 64
66 12 50 77 33 115 78 116 7 107 18 34 65 119 118 29 74 75 23 108 59 104 27 47 91 80 1 68 87 9 83 94 96 10 112 20 14 31 45 113 0 76 69 35 15 90 48 55 49 6 4 19 36 70 22 101 40 57 73 98 85 3 44 114 89 71 79 105 2 51 8 28 26 56 63 13 32 97 100 61 82 102 38 39 86 62 58 16 53 109 60 106 17 103 25 11 30 52 72 54
79 95 109 16 99 116 105 4 65 10 49 18 29 113 51 46 87 50 88 2 69 93 68 15 64 100 40 115 107 58 56 44 85 7 36 70 21 30 104 59 106 80 23 94 43 84 102 75 9 27 101 78 35 98 74 76 61 8 111 89 71 13 12 118 6 77 26 97 72 91 17 31 114 22 11 119 110 45 14 39 42 103 73 63 55 117 67 66 28 62 83 32 96 19 53 37 0 20 24 92
61 20 108 67 1 33 5 110 26 86 10 17 47 68 0 64 14 23 109 90 107 54 93 62 41 78 8 52 34 65 7 18 104 105 24 35 111 16 57 19 116 99 89 36 59 55 79 119 48 39 66 6 21 72 3 51 85 15 113 44 31 37 43 60 70 25 94 76 112 9 75 49 30 77 50 13 69 81 91 92 28 38 74 27 12 22 101 95 87 80 84 102 46 83 103 11 4 106 114 71
40 46 118 102 26 84 74 104 106 5 114 77 53 49 28 18 37 44 95 67 32 92 15 43 76 91 6 47 94 41 20 98 13 113 48 85 66 50 24 19 31 25 23 87 101 12 10 52 57 56 36 63 14 90 38 4 99 30 39 0 97 116 82 61 65 89 16 27 68 88 81 35 73 59 109 54 71 58 72 119 3 1 80 107 93 60 108 62 115 100 33 86 55 75 42 22 69 111 34 103
47 34 67 10 58 29 75 86 35 7 41 65 73 113 51 104 101 18 79 31 2 4 94 61 70 50 49 110 30 95 38 71 81 119 33 24 59 87 105 114 111 46 27 6 91 28 15 69 89 22 26 66 64 37 78 97 108 13 21 99 42 118 96 56 12 90 72 19 25 16 55 84 88 0 60 40 39 107 76 52 17 68 92 106 3 36 8 54 74 83 5 117 62 45 63 44 20 11 102 14
36 52 23 0 86 28 46 76 18 114 95 63 43 105 4 102 106 72 78 35 20 16 39 89 34 5 75 22 58 118 32 13 111 57 96 91 100 21 110 53 38 87 17 51 119 42 70 30 2 59 9 54 92 107 103 15 11 62 81 10 80 84 60 45 73 97 24 71 12 66 112 98 101 88 1 109 108 74 25 48 64 31 115 99 7 77 26 104 55 33 3 68 50 14 41 85 117 8 83 90
100 38 109 46 10 42 3 32 20 45 77 21 83 57 49 99 28 22 35 118 23 54 75 70 11 86 74 114 41 47 113 76 37 29 56 48 92 111 14 116 51 53 0 66 61 43 98 115 18 91 4 71 39 64 69 102 55 44 52 58 96 1 80 24 30 84 105 17 50 2 60 67 9 87 65 25 6 93 89 90 88 85 72 8 117 7 12 26 13 103 106 59 101 104 15 82 33 112 107 16
81 72 29 32 48 51 26 98 0 89 53 36 9 91 3 73 102 63 92 84 55 15 74 41 24 54 70 104 38 95 86 8 85 107 119 87 59 49 34 116 37 71 22 113 1 77 10 88 12 90 100 110 11 52 108 40 43 27 17 44 65 39 101 76 20 112 80 105 103 118 46 114 109 28 50 111 69 82 16 78 18 56 21 35 30 23 31 2 6 64 58 47 115 68 93 62 7 117 42 79
69 67 77 90 105 56 59 117 91 104 110 60 42 12 62 41 39 19 11 76 58 111 14 79 37 57 22 93 98 108 66 3 118 68 97 21 28 99 15 27 92 80 32 82 103 44 50 70 9 101 51 30 116 34 73 38 23 94 72 106 112 88 8 95 29 5 65 83 61 78 86 119 75 55 43 45 4 54 40 52 20 63 6 53 46 114 24 16 1 84 10 13 71 2 47 0 107 36 31 26
