28 90 45 9 70 78 111 110 83 0 48 7 53 66 76 89 97 26 17 61 47 71 29 84 72 105 35 65 51 102 55 103 22 20 119 86 12 104 11 96 19 33 38 50 74 10 79 116 114 94 13 44 41 108 4 73 87 117 68 21 1 8 112 57 46 109 16 75 77 81 30 6 100 49 118 42 80 82 32 27 24 31 91 98 93 58 40 67 95 85 14 99 54 37 25 107 113 115 63 23
89 117 74 49 14 107 85 50 92 109 22 54 27 78 77 95 35 79 47 102 46 73 29 59 19 68 110 5 91 84 23 94 101 25 60 30 86 18 56 61 55 4 80 15 42 31 8 112 40 106 71 34 97 52 76 11 113 45 81 58 119 6 0 39 69 21 64 104 96 20 13 3 70 37 83 10 7 24 93 111 63 108 62 38 75 65 114 2 32 17 41 103 26 12 100 1 90 33 36 72
9 67 104 68 0 117 35 39 15 87 26 116 75 6 48 93 25 81 30 88 72 7 59 78 37 36 23 113 118 51 92 28 69 29 10 114 109 76 34 12 16 80 58 89 94 55 19 77 102 1 2 106 60 96 107 65 31 43 38 61 108 33 115 97 86 100 112 98 22 105 85 74 47 66 40 41 90 50 27 53 57 42 111 99 110 64 45 17 82 103 84 101 21 44 63 56 20 32 119 24
14 69 48 95 53 60 41 12 43 61 15 67 108 50 28 81 34 98 52 36 75 6 42 5 30 27 85 105 91 119 109 99 90 86 25 104 97 79 31 80 21 33 112 88 117 56 68 32 8 10 116 96 38 22 70 2 107 106 0 49 118 58 101 82 115 65 7 18 17 72 23 3 54 92 59 45 89 103 51 47 71 29 84 77 16 19 20 4 111 76 40 102 63 62 57 87 44 114 78 64
11 27 101 7 59 68 5 22 84 9 14 82 6 13 87 97 49 24 104 33 67 55 118 63 43 23 41 38 117 91 17 116 28 73 40 71 70 39 85 64 37 16 26 111 21 20 103 72 61 65 32 51 35 44 36 45 54 89 107 60 98 92 57 99 52 75 10 112 88 58 106 29 48 69 31 3 95 66 56 46 83 4 80 12 90 105 119 110 15 2 34 114 42 100 81 62 77 0 109 1
11 62 5 99 116 18 119 65 28 49 87 44 101 77 35 78 37 86 88 68 19 15 105 50 58 47 115 55 63 25 79 90 51 0 2 20 26 45 14 21 56 92 97 110 34 53 60 103 40 108 29 6 94 89 17 95 83 73 74 100 3 75 59 54 111 33 7 16 24 114 93 61 80 107 81 39 23 1 38 96 13 71 70 30 109 41 67 82 98 112 113 104 64 102 36 4 69 117 12 43
51 39 16 43 107 42 109 52 28 78 1 34 53 89 68 86 35 21 106 4 17 103 105 71 96 119 100 12 69 22 81 24 99 38 92 74 48 20 58 112 67 84 63 75 31 101 88 110 8 30 56 70 95 3 72 32 62 7 76 98 87 54 117 29 5 91 23 49 104 114 83 25 65 0 61 60 11 118 9 116 108 93 15 14 37 2 46 10 64 85 45 55 41 47 19 94 57 73 26 59
110 98 4 44 112 60 11 37 59 25 17 62 97 69 36 5 64 42 61 49 12 8 66 33 82 103 75 47 109 79 19 48 58 3 65 102 107 28 41 13 1 16 45 88 26 57 7 10 101 83 91 115 117 15 0 51 89 29 113 22 39 55 81 24 14 84 87 72 77 53 104 18 68 46 32 52 96 38 20 2 100 119 6 93 56 106 78 63 99 31 67 30 105 95 76 90 118 34 74 116
22 3 93 1 43 39 19 108 77 20 88 101 14 83 29 38 112 53 46 105 82 78 44 84 118 102 95 0 61 56 107 35 25 15 64 59 115 79 17 60 4 40 68 36 7 45 57 49 42 74 119 47 99 91 81 75 28 66 76 109 62 48 94 80 110 96 34 2 6 90 27 92 24 100 10 58 104 89 26 54 117 111 37 113 50 103 106 13 52 33 55 114 87 12 98 16 73 65 32 63
89 11 49 57 61 92 41 113 101 18 3 91 34 30 93 88 76 58 14 98 48 81 60 62 1 9 43 105 72 100 42 56 103 108 75 54 47 95 104 40 20 15 82 33 4 55 73 25 63 111 19 13 109 10 38 96 67 21 87 53 0 16 39 74 70 52 110 115 59 69 119 102 50 36 68 5 6 107 7 114 35 29 45 117 22 97 24 23 26 65 90 64 116 84 31 112 86 80 85 99
39 14 1 6 107 51 17 69 118 31 13 66 104 84 10 71 33 27 75 105 116 4 50 57 0 92 74 100 111 80 38 68 103 85 110 54 73 59 115 62 79 11 55 32 72 8 119 37 24 64 90 108 52 23 70 21 97 47 36 89 94 41 30 93 19 53 106 60 88 91 45 42 76 35 15 58 16 22 95 65 82 109 87 98 12 117 5 63 26 102 81 18 77 29 7 61 114 48 28 56
28 100 86 119 87 106 99 108 92 46 101 4 84 50 82 98 81 10 9 113 61 60 77 73 5 53 25 45 34 93 56 40 107 22 6 14 70 44 57 26 72 19 79 11 18 49 75 89 23 83 115 15 66 80 55 36 13 8 114 62 74 0 109 17 64 94 105 69 29 97 103 12 31 102 21 68 118 111 63 112 85 48 33 42 35 30 110 2 116 3 67 65 41 20 58 52 104 27 16 47
91 109 10 2 5 84 70 108 101 62 20 51 36 41 113 98 81 59 45 92 67 18 29 103 111 82 90 30 24 19 37 22 66 71 17 64 80 107 65 34 23 105 72 85 47 60 53 104 1 55 89 116 4 31 58 95 110 76 49 63 33 106 52 75 9 35 26 0 3 69 6 16 13 40 94 32 74 39 87 56 97 78 99 88 77 50 83 114 44 57 68 79 8 48 61 102 28 25 11 115
117 104 8 61 55 10 34 96 49 70 115 2 108 95 103 69 28 37 54 71 112 12 75 89 29 36 58 1 80 93 35 21 82 51 48 50 32 92 26 111 7 99 15 119 90 53 91 17 86 59 25 24 31 84 20 5 83 68 44 98 94 43 73 79 63 47 3 45 39 64 57 116 110 105 65 18 23 19 41 56 101 42 38 74 109 4 113 107 9 6 85 14 102 27 0 106 114 62 30 40
19 50 30 51 16 74 112 110 66 9 8 100 33 106 52 86 6 102 62 42 119 20 13 55 85 15 48 97 108 58 31 41 45 43 116 67 39 57 7 10 18 88 11 84 91 72 77 44 95 76 27 107 79 24 81 14 26 5 0 36 117 71 3 90 99 87 98 75 49 28 73 115 61 89 23 29 105 92 63 25 83 12 109 37 17 40 46 96 53 2 80 69 59 82 68 104 34 4 35 64
7 117 108 93 15 36 34 66 92 59 23 111 84 105 19 72 50 61 4 5 47 116 41 60 22 86 104 64 31 8 67 81 98 119 87 97 30 12 49 56 91 11 65 29 3 26 9 57 16 77 89 88 55 75 78 118 14 1 20 110 32 74 54 43 53 73 71 28 0 90 27 51 37 33 38 62 63 85 18 44 76 106 115 10 101 40 24 94 35 68 79 58 69 42 107 95 48 83 17 82
34 105 10 102 79 0 20 55 40 90 91 36 16 100 56 46 58 72 61 64 97 81 101 110 104 66 103 112 69 1 49 96 7 85 41 77 42 14 47 83 24 44 106 28 67 48 62 84 86 78 25 17 37 118 35 6 68 11 114 63 82 80 50 12 45 52 31 119 107 30 29 43 3 99 19 98 22 87 32 88 76 13 73 57 33 54 18 27 108 95 26 53 113 117 4 115 23 74 2 5
115 118 43 97 60 62 72 117 25 0 34 1 54 6 116 75 40 102 100 111 44 93 27 7 56 110 47 28 79 91 41 30 26 63 18 20 57 8 108 114 12 83 5 101 49 82 113 36 87 88 89 13 35 46 70 106 37 9 39 15 24 86 16 74 99 90 38 78 103 52 17 81 94 71 67 85 96 21 92 33 104 95 4 55 29 19 73 68 109 22 3 65 84 48 11 42 98 112 69 53
93 34 61 108 70 118 19 99 116 63 24 52 96 27 92 91 2 56 60 38 97 32 105 36 80 44 58 41 94 21 76 104 31 78 28 11 39 74 107 51 109 49 115 71 65 55 68 69 95 13 100 15 42 6 110 75 0 89 66 22 72 67 53 86 113 54 30 9 1 88 87 7 81 46 40 79 33 119 25 47 29 114 37 26 43 73 5 50 62 8 20 101 90 48 82 59 117 16 18 106
63 81 15 10 40 104 98 110 107 32 87 0 22 37 118 34 58 109 54 42 30 112 52 33 60 23 62 43 88 80 74 76 55 18 12 20 24 66 5 106 86 29 69 84 31 48 59 111 79 6 46 56 21 91 36 78 35 19 7 95 17 72 4 28 75 89 71 119 50 113 67 38 85 1 103 47 96 25 102 108 39 116 92 11 64 53 49 61 13 51 57 41 97 83 16 27 77 114 93 99
30 14 110 38 100 22 80 116 51 62 77 76 68 32 94 24 1 49 47 23 74 34 92 11 15 97 107 39 8 87 82 69 57 7 44 43 61 42 79 115 46 19 0 13 35 98 83 20 25 59 73 89 108 10 17 36 18 65 71 109 70 55 95 72 53 102 33 28 104 93 112 37 21 54 84 86 90 60 56 63 114 16 58 85 67 40 6 31 4 5 117 29 9 103 106 52 105 41 66 45
57 1 12 15 22 89 4 74 87 75 49 110 114 24 21 99 25 9 27 20 5 119 30 71 41 43 107 63 106 111 42 103 16 23 52 73 50 72 35 47 54 38 81 64 51 69 45 76 70 91 33 100 39 7 48 102 68 32 105 96 6 36 116 26 0 78 77 14 80 84 104 19 44 60 92 86 17 3 58 53 62 83 115 29 108 11 65 34 55 112 101 67 94 79 85 109 10 28 18 46
90 2 22 96 17 102 69 65 47 54 93 107 31 24 104 60 62 50 110 71 70 11 56 119 67 23 1 114 49 46 118 9 75 84 111 88 109 12 25 13 106 37 105 21 41 33 15 99 44 113 100 16 55 6 45 48 103 98 64 59 72 63 117 57 7 19 61 32 53 82 39 36 92 87 81 30 10 83 74 14 52 29 8 26 76 73 115 79 94 85 43 112 78 66 116 95 86 58 20 51
43 38 97 117 22 27 79 16 101 67 17 102 50 39 35 18 86 46 20 44 82 98 75 56 36 40 7 83 57 110 48 72 118 32 6 114 49 66 80 33 10 92 28 95 61 4 11 12 94 76 81 37 54 31 88 69 59 42 85 47 108 55 29 103 90 77 78 111 45 21 26 65 109 115 107 2 41 0 99 30 70 1 119 63 73 87 96 64 84 112 116 19 8 25 105 34 93 60 15 23
80 84 29 3 17 10 115 96 28 107 24 2 83 109 59 76 86 53 58 14 99 45 64 36 75 114 41 47 20 111 48 6 7 108 116 32 39 37 74 54 97 19 22 23 79 89 69 112 95 100 52 21 61 46 8 88 55 13 87 66 50 90 44 9 12 15 34 68 4 77 103 62 42 26 5 51 105 110 72 78 25 81 27 70 73 106 98 56 102 16 63 67 104 1 101 35 31 71 18 40
115 21 110 10 16 36 35 5 53 44 46 83 49 68 82 41 95 2 32 51 20 59 98 66 63 111 27 96 64 92 3 61 8 4 54 81 88 108 102 76 9 71 90 40 104 0 91 6 45 55 69 67 13 74 109 19 65 56 1 38 78 93 30 60 72 85 103 116 107 100 17 106 58 34 7 80 119 62 12 97 84 114 26 89 73 112 99 52 28 22 11 43 24 118 105 70 33 14 79 23
100 47 95 117 93 9 78 89 13 30 98 32 12 101 21 25 104 109 72 108 4 45 46 22 66 118 26 61 87 23 114 116 84 105 81 94 16 92 76 51 37 5 86 10 14 57 63 97 75 44 64 48 67 90 28 53 111 91 29 96 106 31 52 49 34 17 2 24 38 39 3 20 107 43 41 112 102 65 50 69 8 40 110 70 6 42 82 103 36 11 115 119 0 15 59 35 33 27 113 99
75 68 0 102 106 59 58 66 107 16 24 35 95 6 42 118 91 45 30 20 73 26 29 65 28 2 70 5 71 116 52 57 12 22 96 17 48 90 40 64 3 62 111 9 89 13 51 61 7 21 94 76 87 15 88 93 79 105 41 119 44 112 53 109 81 4 110 25 10 27 60 78 14 54 37 92 36 72 97 32 38 18 82 69 67 83 46 104 33 113 117 39 49 77 86 108 74 115 80 19
36 23 63 0 24 119 106 25 103 61 39 113 84 45 54 21 4 41 76 31 43 6 65 22 111 91 59 92 42 73 79 46 85 72 35 69 13 30 48 71 101 58 116 102 97 12 77 20 56 66 82 18 117 112 114 11 89 15 68 108 81 118 64 29 78 2 44 32 51 14 5 100 93 70 107 87 74 60 26 8 115 53 28 3 95 94 47 83 86 55 75 19 96 105 34 1 9 90 110 62
90 19 26 12 64 96 47 3 118 54 63 119 84 44 1 98 74 65 100 116 38 35 115 69 93 112 21 9 78 85 108 40 88 2 103 102 24 73 51 15 61 82 89 52 107 97 0 17 77 43 37 81 114 66 59 49 99 86 111 41 95 29 20 46 50 101 31 76 109 6 67 117 22 8 23 53 14 68 92 70 34 30 39 110 55 10 25 28 94 16 62 106 42 27 32 60 105 87 72 18
29 12 62 52 41 11 47 81 74 104 92 17 4 66 94 109 76 68 20 9 86 36 96 105 45 35 80 108 30 98 39 79 21 16 100 48 51 75 34 37 112 58 23 78 1 31 5 111 64 110 44 101 55 102 22 19 95 63 67 117 13 107 7 10 28 46 116 91 87 83 42 0 26 25 53 50 33 40 97 15 84 89 69 60 27 49 73 119 114 38 56 57 70 65 18 32 103 85 82 113
1 47 70 84 103 35 89 56 106 96 118 16 72 19 54 41 86 110 119 108 116 62 99 73 45 98 38 88 36 32 64 83 7 82 5 95 28 113 4 94 74 15 24 25 69 31 57 87 80 14 26 93 8 29 63 44 23 50 60 109 13 61 30 46 79 0 85 3 117 9 91 81 2 55 78 22 17 51 27 12 43 6 10 53 21 42 34 100 11 112 101 58 52 75 105 33 115 76 107 37
111 0 57 73 85 112 8 44 117 30 22 69 33 20 115 90 31 81 18 28 59 16 9 65 102 45 91 3 52 67 71 72 48 37 58 70 109 101 54 113 17 107 94 11 43 84 80 79 41 25 24 76 2 104 86 97 5 49 19 88 74 38 4 89 103 118 14 106 100 21 34 105 46 87 47 55 63 12 6 7 93 83 96 13 98 35 51 110 53 95 23 66 116 1 15 68 119 10 27 32
97 107 73 83 53 30 58 76 81 20 49 103 17 4 84 67 0 47 22 74 101 65 68 75 28 85 39 60 66 55 100 86 57 14 95 78 104 36 45 112 88 69 115 44 48 24 79 6 106 23 59 18 98 33 35 70 91 31 96 109 1 63 80 29 92 37 87 38 2 32 9 89 77 51 116 34 11 64 99 7 56 108 113 19 16 25 90 61 43 21 12 10 15 94 27 117 52 102 42 8
13 62 97 68 2 17 53 37 6 42 115 112 9 76 107 75 83 77 73 28 59 22 118 5 21 14 61 105 71 66 113 20 43 19 82 32 67 24 96 34 64 99 40 46 65 80 0 10 106 70 119 90 36 79 35 29 41 18 103 85 50 74 48 78 56 116 54 101 3 102 25 98 104 87 44 27 49 117 7 58 84 114 57 45 86 88 12 92 15 94 52 60 31 33 30 69 1 72 47 89
14 53 73 16 92 84 99 97 19 9 88 28 108 63 15 75 106 23 74 68 109 69 27 91 85 46 93 44 11 49 105 56 30 3 114 29 26 10 52 82 95 103 87 34 59 104 101 39 64 47 107 76 32 83 0 18 67 77 6 4 58 33 119 2 17 102 38 54 24 1 31 112 94 62 100 40 110 80 36 79 60 57 118 111 20 115 65 113 89 7 71 117 35 96 61 78 70 48 72 37
79 84 88 17 13 54 18 20 38 98 64 21 68 53 77 23 41 52 92 116 39 29 37 99 62 46 33 2 117 71 8 27 70 85 56 28 59 65 66 78 119 61 45 69 10 63 55 14 43 115 44 118 48 90 60 80 82 76 86 36 72 49 81 25 73 12 102 16 95 74 97 101 58 22 110 9 112 1 40 6 103 32 42 108 91 106 35 87 114 94 30 11 109 19 75 105 107 5 4 93
101 9 113 86 37 107 61 17 12 90 95 1 109 96 111 88 105 114 73 7 44 36 119 59 15 0 92 64 112 66 56 42 6 39 31 97 82 38 21 60 89 67 116 13 104 78 24 85 75 35 20 29 84 53 71 45 57 69 94 103 46 79 83 93 63 72 33 18 52 77 27 23 100 99 74 81 68 34 76 10 65 3 26 70 62 117 49 16 41 22 118 115 19 91 110 47 51 106 58 28
14 23 26 112 19 43 96 12 102 111 56 85 108 69 3 40 46 16 61 41 86 48 114 87 32 66 28 33 90 115 6 36 68 47 27 5 78 97 74 98 113 44 99 103 84 71 106 64 72 4 59 75 0 70 104 82 89 107 119 49 9 110 39 118 17 7 83 10 65 31 24 2 117 18 116 52 8 109 37 92 42 77 60 93 57 80 81 25 30 50 100 76 11 1 73 94 21 101 20 22
94 115 68 45 19 21 71 85 106 75 23 93 44 65 100 4 20 66 98 34 38 42 39 51 63 55 43 89 70 114 8 107 6 67 9 30 83 49 91 12 111 50 25 64 37 2 13 62 113 46 24 87 102 16 109 88 119 116 101 59 1 78 84 69 40 7 95 72 27 86 82 17 36 105 54 117 41 35 56 31 92 15 112 99 5 22 58 81 28 97 79 10 57 103 74 80 32 11 52 29
7 79 17 80 87 8 115 85 104 95 76 65 82 23 60 39 59 9 74 106 56 29 102 68 96 63 48 5 75 32 83 58 41 2 112 20 51 100 4 92 107 71 64 77 28 81 101 33 98 72 69 114 35 49 37 52 110 91 88 118 18 94 3 47 53 27 34 109 61 30 0 84 86 38 24 73 66 40 99 14 90 13 19 97 70 45 11 15 57 54 105 62 93 22 50 43 42 10 44 119
106 58 23 94 92 8 115 84 98 75 108 22 26 88 40 80 1 119 19 82 87 62 99 97 83 11 68 73 111 12 28 90 89 9 44 3 64 61 53 32 21 35 52 63 5 39 15 57 41 56 30 72 71 70 2 95 76 7 81 59 100 109 105 47 6 79 110 77 107 102 103 101 38 60 65 43 0 91 118 45 37 14 117 46 36 51 116 34 96 33 55 78 74 86 10 104 42 18 50 17
30 13 102 27 77 20 8 33 71 45 84 35 46 26 92 62 100 0 50 64 18 54 24 31 52 101 97 38 17 36 117 32 115 29 11 67 12 60 69 22 73 72 28 70 56 99 2 113 65 86 53 116 105 81 39 37 23 66 95 78 58 40 109 90 79 34 114 82 63 4 80 112 118 74 47 55 76 42 48 107 57 106 9 59 108 98 119 94 49 104 25 41 51 111 89 15 5 91 83 44
42 103 65 59 99 111 101 13 79 91 102 72 85 89 36 104 15 107 41 105 11 16 12 119 114 7 40 43 5 47 100 29 45 1 83 63 68 51 19 71 52 118 53 115 35 6 97 86 78 30 18 58 75 62 44 25 14 34 21 54 17 66 37 32 50 2 23 94 80 88 98 64 60 95 49 108 113 55 96 0 87 8 10 117 46 33 4 81 3 27 69 24 22 76 56 57 90 70 77 61
99 104 24 110 69 56 85 64 29 88 40 119 26 13 17 118 2 75 63 116 33 71 101 14 105 89 31 50 44 66 73 46 47 18 3 1 102 100 113 70 86 77 41 6 62 54 95 84 15 11 9 49 82 115 90 45 108 7 12 72 79 4 91 42 30 92 39 22 106 93 65 83 51 58 28 32 97 68 43 34 80 10 25 5 98 21 38 103 23 60 57 114 109 55 36 94 112 111 61 37
3 69 26 22 7 60 101 42 94 24 44 28 71 92 36 17 50 15 27 4 95 56 82 35 11 37 64 30 109 105 23 112 0 115 2 21 72 12 20 81 32 65 9 68 107 8 49 73 40 83 80 88 111 63 57 89 86 87 53 77 31 33 110 103 51 5 39 114 58 104 113 55 102 1 61 41 48 84 25 74 52 106 67 108 38 59 90 117 100 70 47 91 97 98 75 96 34 19 79 6
67 57 10 43 2 9 66 114 104 60 49 8 68 34 38 35 45 7 61 110 77 25 71 3 29 78 40 112 48 84 98 23 116 96 17 13 37 14 102 18 82 15 16 108 74 91 118 41 80 75 47 117 19 26 5 6 62 0 65 22 72 85 86 70 93 63 88 113 119 42 32 106 89 107 76 50 105 53 94 103 56 58 73 64 79 92 24 27 52 115 4 95 1 33 54 36 21 30 28 87
76 53 91 95 81 65 4 22 40 26 86 17 8 83 104 23 9 59 103 61 106 27 101 66 77 48 50 79 85 100 113 89 15 105 12 68 44 112 64 0 110 45 7 11 78 118 74 25 43 114 80 117 20 5 111 108 28 90 98 75 88 32 39 6 21 36 72 34 2 3 71 82 102 13 67 107 62 73 16 69 93 42 55 52 115 41 1 46 35 10 24 38 96 51 18 14 87 57 33 92
98 67 28 38 10 50 70 117 5 86 103 29 83 59 90 80 3 93 22 49 51 1 46 106 33 108 34 82 113 77 11 64 54 23 66 96 31 35 94 53 72 110 25 118 21 88 0 20 37 30 107 8 97 92 48 61 87 102 105 12 24 9 84 6 17 71 26 45 63 47 19 89 119 114 68 69 101 91 79 56 104 15 99 36 2 65 100 73 14 111 18 16 78 60 112 58 43 55 27 115
35 66 113 106 13 38 42 18 107 11 119 28 87 104 47 3 16 99 4 76 77 7 93 75 98 48 1 57 109 34 14 118 24 95 37 101 53 12 29 63 82 20 31 5 43 30 100 78 86 15 19 103 105 51 110 74 23 46 22 45 21 92 60 71 58 27 97 88 56 55 83 10 32 65 108 73 44 102 90 62 33 41 8 17 52 117 59 54 64 116 39 25 96 49 94 89 81 91 50 115
10 18 14 84 98 72 29 64 9 62 112 76 111 89 15 39 59 107 119 73 108 52 4 82 36 27 23 87 42 2 99 92 63 114 109 102 50 100 0 96 85 13 5 19 95 117 30 12 24 77 41 11 37 67 83 22 21 8 91 45 110 116 33 46 3 68 86 74 32 35 55 54 43 78 28 60 69 57 105 7 75 113 31 104 66 20 88 101 40 106 103 90 48 53 17 71 81 56 115 44
66 107 86 41 111 23 99 22 80 55 72 14 71 45 42 18 3 91 109 2 43 73 101 46 48 74 63 60 52 32 104 27 36 31 7 85 25 1 89 54 12 51 4 17 105 115 68 13 87 6 106 57 59 117 65 69 112 83 108 118 56 49 113 37 78 103 92 102 70 90 67 76 88 15 61 94 79 10 39 24 75 44 62 8 110 40 114 30 33 16 29 97 20 81 34 95 53 100 84 47
11 64 54 113 80 46 73 91 36 1 74 25 69 0 8 22 63 26 14 105 29 53 116 17 48 96 114 10 79 32 27 62 106 65 2 98 58 101 100 61 84 39 86 56 118 108 60 68 95 9 20 94 77 71 12 76 30 7 40 31 75 16 45 111 109 102 41 67 97 49 82 87 59 103 119 93 117 104 107 78 89 115 88 35 24 37 112 44 21 110 42 83 81 55 34 70 5 19 50 28
104 34 46 105 24 89 68 36 93 1 85 65 78 102 96 103 2 4 66 109 0 71 58 31 97 19 17 9 57 92 84 53 8 75 39 56 62 107 47 14 43 49 32 80 116 15 91 83 115 87 52 51 30 18 63 28 26 33 73 41 61 22 64 98 69 70 88 55 16 54 81 86 37 100 76 6 101 119 111 48 95 40 50 20 99 79 94 72 45 67 5 44 7 114 25 118 42 27 110 23
12 115 69 119 57 10 51 52 17 99 11 25 107 47 39 65 105 88 83 63 100 27 87 50 78 9 90 73 114 82 32 21 85 86 8 103 19 24 34 108 68 64 36 3 15 33 77 54 75 106 70 116 31 20 13 61 96 89 14 58 62 56 42 2 94 118 53 7 102 45 22 71 59 28 72 30 97 16 117 98 104 6 46 109 29 91 5 23 49 0 18 43 60 79 26 37 66 81 74 101
97 42 6 105 11 48 51 90 116 12 109 40 14 9 1 28 26 80 71 93 30 3 118 53 39 63 99 36 20 46 64 76 19 29 31 113 111 108 55 33 88 101 85 61 87 84 15 91 72 24 10 96 62 32 47 13 2 37 23 114 0 74 66 54 45 92 43 18 95 34 35 41 107 16 8 17 56 4 98 103 58 83 112 70 44 75 117 100 81 38 22 25 67 49 79 5 7 82 77 73
26 31 96 99 64 52 5 89 100 47 41 67 1 18 77 75 71 50 66 30 36 117 86 27 101 9 113 3 60 109 72 4 56 116 112 83 95 33 87 15 94 24 11 97 62 57 78 61 91 39 49 51 59 102 32 114 7 119 8 63 19 22 68 118 103 42 29 106 20 104 81 58 10 53 92 23 98 90 12 82 108 54 38 74 93 111 80 69 0 35 40 110 115 45 48 65 2 84 6 34
13 10 50 72 104 55 1 2 57 110 43 106 76 0 118 117 78 105 23 3 27 113 86 83 11 51 66 91 41 48 52 71 45 21 80 59 47 49 94 4 87 79 81 112 108 18 37 24 8 88 29 85 20 75 12 44 84 60 89 107 17 100 65 30 28 119 33 16 40 109 7 82 92 6 93 97 63 102 73 90 31 70 26 115 103 95 99 58 64 114 39 67 101 36 111 35 61 34 62 56
2 12 98 100 6 81 27 43 84 54 29 58 85 87 117 65 25 48 115 68 37 1 59 34 113 109 96 80 83 20 55 53 88 90 8 3 94 61 14 16 110 44 86 30 15 70 99 116 22 75 62 33 95 79 19 74 47 112 0 17 21 40 73 114 69 60 108 67 49 92 111 105 103 93 106 5 72 10 104 9 45 36 4 11 63 31 102 35 101 118 42 107 119 13 18 52 51 32 39 66
78 10 95 114 54 102 89 9 13 113 91 104 14 56 30 5 119 70 88 93 109 107 63 1 52 69 18 26 11 31 77 47 62 98 112 108 44 29 23 7 4 100 36 68 16 8 55 83 75 45 49 27 80 12 72 50 35 46 15 71 60 48 103 59 111 67 21 81 42 64 51 57 110 85 41 79 86 82 116 32 101 66 19 97 20 115 17 90 2 39 96 0 6 24 25 76 94 40 28 43
51 12 105 94 115 61 28 49 89 92 63 76 47 29 26 69 32 23 33 8 71 106 117 21 119 95 78 93 6 1 56 14 15 103 84 50 53 55 30 25 74 19 64 38 65 2 42 27 58 44 99 104 54 70 16 10 87 11 57 24 72 4 41 40 31 109 48 90 86 39 80 45 118 43 7 114 79 0 66 46 3 116 36 52 17 101 22 112 83 37 85 18 81 62 5 60 9 34 96 77
11 99 44 60 119 38 3 33 14 62 59 80 93 111 96 94 24 83 41 71 112 58 103 82 105 1 5 27 68 57 87 89 110 109 84 74 40 113 55 50 22 117 118 47 28 108 52 2 65 18 51 115 106 67 29 54 15 34 26 23 48 45 0 102 56 42 104 101 77 8 10 78 85 98 20 43 86 72 32 9 114 46 88 30 16 49 90 31 19 100 4 69 92 70 76 61 107 97 7 17
79 15 16 107 109 95 4 83 57 49 35 18 50 102 20 43 98 97 85 63 117 51 46 47 100 65 111 34 82 10 19 52 77 61 24 8 28 1 26 105 36 69 84 53 0 17 59 3 2 21 87 62 88 64 96 41 67 115 113 27 119 12 118 40 68 23 48 93 112 56 92 25 106 108 99 44 30 70 55 31 72 91 29 114 104 38 66 39 58 37 81 74 94 75 6 14 71 42 22 9
67 110 79 46 92 72 0 60 100 107 3 45 109 21 14 55 89 97 26 108 80 34 6 91 68 104 69 15 8 48 35 29 54 43 70 93 111 76 37 50 13 78 82 22 36 2 10 27 61 102 58 9 106 49 112 94 99 24 52 57 101 12 53 114 44 105 63 25 40 95 18 7 73 19 65 83 119 4 87 103 23 96 88 42 75 117 16 47 84 71 20 66 38 90 1 33 74 41 64 77
68 40 2 57 53 81 114 25 59 90 5 42 47 55 71 65 22 78 48 37 89 66 7 14 6 63 91 50 112 39 11 8 9 31 60 104 38 64 12 24 62 93 88 13 0 76 99 115 105 95 18 67 102 10 103 1 3 113 116 4 111 23 58 27 85 51 110 43 87 34 108 26 119 109 30 92 41 77 100 79 54 86 29 70 35 49 118 83 101 61 72 46 97 36 74 15 28 94 98 75
31 34 75 107 113 8 6 98 57 10 38 72 32 119 16 58 42 91 99 54 39 59 20 50 56 12 95 117 17 13 89 94 62 82 73 92 106 77 78 36 88 24 27 49 60 96 81 26 45 40 67 116 51 52 68 80 7 5 29 9 41 103 90 18 48 61 110 118 71 66 46 97 22 3 74 30 25 109 115 100 2 70 15 14 79 112 28 84 93 35 83 85 87 19 101 104 111 108 43 55
23 11 71 115 86 79 40 97 48 13 30 72 52 35 78 39 25 56 76 69 0 19 55 74 3 9 88 26 75 5 109 46 36 60 17 93 6 91 107 98 63 111 43 47 106 92 70 1 113 53 68 80 24 29 73 66 94 31 58 8 2 57 7 27 51 20 96 83 50 105 15 33 89 67 84 103 117 62 110 59 82 81 16 21 77 28 61 34 99 37 87 101 100 12 114 64 42 49 4 102
28 106 71 95 60 84 34 75 5 46 63 82 0 41 40 102 79 29 115 49 97 57 56 15 39 87 104 113 33 13 93 107 114 94 99 20 42 80 7 73 47 52 6 43 101 62 68 59 27 35 24 58 8 45 86 91 32 110 103 118 18 2 19 90 70 108 51 37 81 61 30 17 55 48 53 64 3 77 38 69 85 65 16 83 111 25 14 96 98 36 88 72 10 54 74 100 116 23 89 109
55 59 73 56 101 28 112 29 84 76 90 52 25 102 60 53 12 10 78 72 3 109 98 36 108 100 19 75 104 22 114 21 6 77 105 81 42 96 46 106 80 83 41 51 4 27 74 93 16 61 8 37 89 116 7 69 63 9 24 49 40 35 32 103 30 45 15 48 65 111 64 107 39 67 14 31 94 68 26 88 5 70 115 38 119 99 79 13 2 91 43 1 113 118 97 11 50 82 33 95
30 38 99 16 43 41 20 54 36 97 110 60 98 57 62 112 113 71 67 111 19 104 68 77 106 114 14 2 109 105 92 101 5 74 45 37 59 88 107 1 27 21 63 29 39 115 4 13 40 34 31 42 86 28 94 50 79 103 51 61 46 11 25 119 83 22 73 85 35 118 56 26 33 75 24 17 93 9 96 117 80 66 69 100 52 23 8 58 6 55 18 116 95 3 89 82 78 64 90 32
117 26 11 55 23 44 61 101 97 32 16 9 88 79 107 31 100 77 71 27 115 17 60 64 19 81 80 90 66 69 41 105 15 108 82 59 18 56 53 40 76 1 47 46 4 35 57 104 114 119 106 99 65 74 43 111 62 110 49 113 92 25 0 50 89 8 94 103 13 96 21 86 42 24 85 30 95 12 10 91 51 52 7 98 28 102 39 48 67 73 78 6 36 118 116 112 22 87 37 58
102 0 73 38 63 4 21 100 9 34 61 60 78 67 19 79 103 64 113 112 46 48 58 99 108 25 82 95 80 89 90 104 88 93 11 40 5 107 66 26 12 68 24 29 111 44 98 81 14 83 75 109 114 110 22 51 117 94 18 86 101 28 84 8 115 31 50 54 41 15 77 96 37 118 39 23 2 13 10 62 49 1 74 43 36 20 119 87 32 7 47 56 45 6 27 3 57 116 69 17
97 77 117 70 14 40 18 19 39 26 96 67 57 82 10 94 30 11 103 76 28 7 87 100 22 45 44 56 116 1 75 53 86 61 5 79 71 109 34 16 24 113 42 95 29 66 112 23 65 83 38 60 9 64 48 8 31 52 105 88 41 55 37 81 0 63 119 27 84 58 20 51 68 35 118 4 62 101 15 107 73 54 17 114 21 115 80 91 50 99 59 36 98 12 106 104 32 78 102 111
39 12 85 10 80 8 109 44 71 72 49 5 104 119 26 16 82 115 93 103 4 107 47 6 81 20 101 15 19 116 114 59 78 57 99 100 37 30 23 86 76 41 31 90 34 33 73 63 66 68 83 36 62 95 60 67 70 92 94 64 56 25 108 48 102 105 65 110 84 13 14 50 54 74 43 91 61 9 52 77 21 51 3 7 75 55 2 106 113 97 58 17 88 42 24 11 112 45 0 89
36 77 41 27 61 8 90 38 58 71 82 32 102 75 44 117 43 14 98 4 112 52 113 12 17 48 119 100 92 10 51 13 111 96 99 65 118 47 20 6 59 19 78 62 107 76 108 70 22 42 31 101 11 87 110 35 74 0 79 33 16 86 115 50 105 29 91 67 1 103 26 23 81 25 63 15 57 37 24 34 114 49 109 106 40 94 7 53 69 21 104 66 116 83 30 68 85 56 2 46
20 103 63 39 117 24 111 7 48 76 45 87 73 29 99 56 114 65 60 69 84 79 104 23 33 94 108 59 55 115 27 71 54 31 107 6 11 112 75 15 62 58 32 88 64 28 14 102 68 16 95 18 86 41 2 26 100 10 0 3 25 43 13 19 80 22 46 82 37 92 116 40 49 30 77 106 74 97 81 17 47 90 4 83 36 98 67 96 113 91 109 21 93 119 52 42 70 110 5 1
95 91 67 99 81 105 2 12 68 83 31 82 98 48 5 44 6 27 52 87 75 15 93 37 65 43 38 63 13 70 100 29 111 42 22 41 119 51 84 4 64 66 60 103 110 45 114 113 35 72 8 74 86 58 0 9 90 47 17 7 16 33 26 36 34 24 109 18 79 106 55 115 71 57 112 80 76 14 19 61 85 96 28 53 88 50 56 54 107 89 23 102 1 97 3 10 20 118 101 78
43 34 42 19 61 70 18 45 65 56 98 54 93 39 71 82 87 75 23 20 29 8 113 112 52 85 31 41 74 35 89 107 38 3 12 1 48 104 96 69 24 95 21 10 119 51 11 26 117 80 33 15 49 109 58 0 59 77 108 14 40 5 102 67 103 6 92 13 17 63 94 81 76 30 47 83 22 50 115 114 116 118 36 9 64 66 55 62 2 84 16 111 7 32 27 60 101 79 4 110
119 17 34 13 77 79 96 97 3 7 8 83 57 59 69 114 30 20 19 15 36 43 21 38 92 5 70 9 24 42 111 40 29 82 22 68 35 103 117 116 55 2 66 85 54 72 104 12 37 56 105 10 23 110 53 81 11 118 64 74 100 52 84 109 14 48 27 46 61 63 108 25 98 62 95 89 47 78 16 18 65 99 86 33 31 76 106 44 28 87 50 0 67 58 41 49 39 45 71 91
18 111 17 30 97 21 113 65 45 98 37 56 35 95 62 52 64 88 8 104 112 2 119 90 28 20 73 63 94 100 49 106 39 7 38 92 76 116 93 32 41 82 40 78 72 51 55 24 74 68 3 101 13 46 86 91 109 89 103 42 96 81 9 58 16 23 79 53 1 99 27 12 71 4 102 54 59 115 84 105 36 43 48 108 57 22 80 15 29 77 75 47 19 107 34 25 5 50 70 6
6 44 25 64 15 37 117 50 107 62 27 116 79 84 23 83 53 12 60 2 97 78 49 56 115 5 75 96 80 43 40 58 71 106 102 46 99 68 17 57 109 85 0 88 87 72 36 66 7 52 95 70 61 28 112 42 113 63 92 110 34 69 93 22 76 47 114 91 89 35 3 119 38 105 104 20 8 4 32 10 39 81 48 118 33 11 9 74 1 41 54 103 19 30 21 77 82 98 67 59
22 79 95 74 39 60 4 118 12 100 96 63 65 21 33 26 103 82 101 27 56 59 51 1 91 8 62 23 88 92 57 78 64 61 6 116 58 38 68 77 90 86 119 35 81 16 85 42 13 11 40 7 28 83 111 104 17 76 93 66 89 20 2 29 31 52 30 34 115 41 32 15 105 109 19 113 36 84 69 67 75 110 117 14 80 46 106 48 114 45 24 98 72 54 107 44 71 108 55 73
70 103 89 36 106 71 39 5 85 40 75 17 34 25 90 2 68 8 96 52 110 7 27 72 119 76 31 43 62 88 99 46 12 93 35 42 104 44 92 26 116 97 20 83 10 29 0 65 57 58 30 9 98 112 13 14 81 61 78 101 23 55 95 47 102 108 64 51 53 37 80 56 33 84 50 21 49 1 114 28 118 41 22 38 48 18 94 66 73 77 105 4 11 15 45 60 67 3 115 74
71 7 5 51 97 84 101 22 0 100 58 9 56 119 49 105 17 98 69 107 108 113 80 60 78 46 38 28 90 86 48 33 29 41 117 55 21 6 66 85 96 112 73 42 25 81 13 116 77 67 20 50 91 111 75 104 92 79 32 118 35 61 34 24 10 72 99 102 36 16 109 94 2 65 12 93 63 106 27 44 68 88 26 103 37 89 45 19 1 4 83 59 39 76 74 30 23 52 70 40
73 110 40 74 45 92 36 11 78 4 72 8 90 24 64 59 9 44 118 111 13 115 31 102 16 55 61 113 107 114 109 98 30 22 46 112 14 51 26 37 56 81 1 19 105 6 77 33 47 100 96 117 27 101 68 106 62 69 70 41 50 84 75 15 104 71 103 57 0 18 97 79 58 23 89 54 95 63 2 28 88 20 49 43 86 93 5 48 21 83 76 87 7 65 85 119 116 3 38 25
42 59 49 81 28 32 99 8 41 35 51 20 45 34 60 112 7 92 46 95 114 103 26 62 53 69 3 67 84 71 17 85 100 1 65 50 105 106 83 39 107 72 30 27 104 11 89 12 94 48 2 19 97 6 25 115 98 15 82 5 10 31 23 117 61 90 75 119 74 40 18 24 14 57 78 68 73 102 29 64 13 56 101 118 66 88 16 55 38 86 77 47 21 108 79 110 70 9 87 109
12 114 2 107 73 119 27 55 10 62 116 43 94 84 91 88 48 106 44 81 80 22 18 95 25 36 14 89 115 61 78 41 112 46 16 87 76 118 117 1 58 103 26 108 3 11 83 23 65 42 37 70 45 69 54 66 111 72 35 47 57 19 38 49 20 75 102 77 50 34 86 40 79 52 67 71 7 68 97 33 21 92 60 82 28 74 90 64 93 98 39 99 110 5 31 4 100 8 109 53
94 1 39 22 50 118 53 7 60 13 12 19 42 11 9 92 8 91 70 43 46 55 103 77 106 83 66 54 75 113 86 23 26 116 14 28 33 4 44 63 84 41 65 58 61 97 34 117 40 111 78 79 72 32 0 96 36 115 57 18 2 81 15 49 95 31 52 68 51 105 104 48 56 67 119 93 73 47 109 37 69 38 21 25 82 88 110 59 45 101 89 87 64 80 100 107 112 62 102 16
49 4 117 67 61 115 1 55 103 37 72 83 93 64 90 23 12 73 77 81 47 92 48 17 6 57 78 89 5 43 95 28 91 99 44 100 27 85 94 97 20 32 118 8 7 3 102 66 87 50 79 42 101 15 84 18 70 60 114 98 45 9 33 104 116 36 58 46 88 111 38 59 19 25 2 113 76 65 106 80 63 52 75 13 109 24 29 40 39 14 71 26 53 21 51 11 107 82 16 108
16 102 79 99 54 11 30 27 97 6 80 8 117 25 81 62 34 101 50 70 45 88 98 24 94 100 47 40 84 113 89 85 73 71 53 37 64 63 56 19 3 22 61 108 31 83 36 59 17 20 107 7 51 35 76 32 13 10 52 67 0 72 48 74 106 86 42 15 104 49 4 90 57 18 82 9 103 58 28 46 5 115 116 1 96 118 69 23 111 14 41 114 78 68 66 55 44 29 92 21
98 6 21 107 1 20 101 50 106 65 4 32 114 54 38 18 62 16 12 49 83 80 84 52 7 108 47 42 14 104 55 115 37 41 28 70 73 22 82 103 61 116 3 78 48 45 72 85 93 94 56 17 35 27 102 71 10 53 30 26 81 79 64 109 39 118 119 67 2 74 92 46 66 111 40 60 113 43 110 90 76 8 15 58 36 75 89 9 59 11 95 69 19 0 97 13 25 34 24 31
107 78 32 26 82 7 57 46 94 36 15 74 21 61 45 114 22 14 43 77 67 44 72 55 75 56 97 31 47 62 106 30 12 52 118 98 116 49 25 24 27 91 65 50 58 37 108 117 18 112 88 34 68 39 54 119 102 3 16 79 63 59 73 87 110 103 104 109 53 89 48 9 96 64 1 8 2 99 28 80 23 38 93 85 11 35 115 86 105 92 20 10 0 5 33 29 19 81 17 83
8 22 44 89 35 20 105 104 10 11 19 45 15 7 111 40 63 79 67 18 103 30 95 57 4 38 72 42 43 16 37 96 39 46 0 115 60 55 3 54 13 27 118 108 80 66 69 36 98 101 78 65 86 6 107 28 9 106 58 73 53 83 61 68 32 17 109 85 88 34 94 77 87 21 99 2 49 50 33 119 52 81 31 110 25 82 92 84 41 117 97 64 91 12 5 29 90 74 71 113
6 26 47 3 62 87 9 85 56 79 35 115 38 1 112 16 32 68 36 17 92 113 93 22 46 14 59 44 116 83 103 28 77 71 110 64 24 108 23 109 91 89 84 104 57 61 111 105 88 43 90 98 53 100 95 13 0 58 118 31 45 4 99 8 65 15 5 67 7 2 42 97 76 78 70 19 69 40 102 12 117 51 10 81 34 41 74 52 54 106 39 75 63 21 29 94 114 55 50 60
104 95 22 86 115 79 119 26 43 90 108 53 77 91 4 9 18 11 8 41 56 13 97 10 89 101 29 24 68 3 1 84 37 109 81 75 23 58 61 71 116 0 67 94 27 31 106 118 105 32 85 59 12 57 112 35 107 66 63 113 20 25 114 33 47 55 5 40 78 46 34 103 110 65 19 111 45 14 60 64 88 100 6 69 74 21 92 36 49 76 93 73 96 72 16 15 62 82 42 50
20 40 93 44 111 87 81 41 60 67 55 88 102 119 104 101 13 112 82 57 65 96 110 77 51 12 66 108 68 49 109 73 61 99 16 6 74 106 35 1 25 103 116 47 4 91 115 92 62 84 59 63 98 30 29 72 3 64 42 48 80 117 11 52 27 90 37 19 0 45 46 75 32 36 94 24 22 56 23 15 76 31 113 39 5 7 85 105 34 89 53 97 10 70 9 21 78 2 8 33
82 58 51 81 3 114 88 95 9 54 103 5 37 52 63 107 91 59 13 117 50 60 16 105 34 104 74 32 40 8 65 90 79 118 56 101 23 64 17 84 68 109 61 71 66 62 83 92 78 112 7 94 22 33 38 119 67 36 48 18 89 35 86 98 26 57 102 72 96 31 80 44 28 77 39 70 47 12 19 100 11 85 76 42 14 75 4 111 15 21 41 0 115 116 27 30 49 69 24 53
109 99 49 115 72 64 5 48 75 39 26 98 42 7 38 113 114 22 54 76 89 35 65 18 68 62 6 63 0 86 112 91 11 55 17 8 36 50 53 102 3 40 60 69 87 107 83 34 57 15 81 104 16 25 67 94 117 37 43 79 4 110 74 24 46 56 12 78 2 96 77 9 90 93 27 59 28 92 95 58 32 19 111 106 45 61 82 41 44 118 70 10 116 33 31 1 20 47 66 105
29 14 21 19 91 37 72 51 40 107 32 80 6 9 116 18 87 25 12 54 38 48 95 17 82 61 96 31 113 10 20 2 45 28 11 27 89 64 111 106 13 46 22 59 53 102 24 78 8 49 84 119 108 93 109 86 97 100 35 105 58 118 44 26 79 66 68 90 76 101 75 60 33 47 50 85 1 71 5 63 3 43 55 52 73 88 30 81 99 62 115 98 36 7 110 92 117 69 74 0
48 83 47 45 7 44 100 72 80 49 51 25 53 73 86 87 89 117 34 66 74 36 42 17 33 104 3 0 46 94 60 58 13 6 56 69 8 70 37 61 12 85 99 59 24 84 35 57 50 77 63 30 32 115 105 18 96 28 109 1 97 91 23 78 54 108 26 16 64 93 29 116 2 102 75 39 103 107 67 111 11 76 38 40 110 113 31 14 5 4 15 112 98 118 27 21 71 20 90 95
31 91 119 58 84 103 65 82 85 62 89 118 36 12 14 96 90 23 27 100 105 72 40 92 117 38 9 41 52 94 106 88 44 69 54 93 25 98 87 22 110 42 50 39 51 19 80 114 35 7 59 28 102 8 81 109 53 107 111 13 4 71 108 48 97 29 63 43 32 33 15 77 76 86 18 6 45 79 5 75 95 78 47 21 10 26 2 99 66 55 3 46 74 70 61 113 68 17 56 30
36 85 5 0 112 82 12 74 13 48 37 76 29 86 27 99 42 113 108 31 93 90 101 20 6 56 38 68 88 87 83 22 62 39 67 75 45 14 47 95 78 60 25 17 105 46 2 69 34 11 16 89 79 10 57 92 35 84 44 110 63 104 54 94 33 40 59 80 77 9 53 107 4 28 103 98 7 61 97 65 51 32 114 91 100 24 81 3 43 49 50 66 58 8 117 96 30 72 18 19
53 50 79 90 45 5 86 40 31 99 59 96 10 76 35 49 46 75 116 60 82 112 58 16 8 111 18 55 52 0 15 98 48 91 36 2 78 4 38 24 80 72 32 68 64 43 66 30 20 97 94 42 19 106 26 7 29 33 105 115 23 13 11 85 92 77 83 101 81 95 22 113 108 14 54 9 88 62 3 41 100 25 107 84 117 114 69 104 74 56 73 93 61 57 109 27 47 51 70 37
115 92 35 102 72 58 55 56 9 26 78 30 15 8 1 16 37 110 57 3 19 51 50 52 61 45 11 117 2 118 24 31 96 93 20 5 36 41 17 75 104 91 49 60 77 76 82 29 95 79 80 48 22 23 34 13 63 101 68 71 64 43 103 108 21 38 73 62 109 39 28 33 14 99 85 65 54 44 89 106 81 10 100 90 7 105 66 42 114 98 69 32 59 119 40 46 47 0 111 112
2 55 80 95 113 102 60 94 46 39 75 100 7 42 22 119 59 83 108 87 85 69 29 3 38 77 32 18 9 21 67 19 34 37 16 93 107 49 4 74 17 112 97 33 72 104 81 99 91 92 25 57 31 13 115 70 0 105 117 1 101 103 73 41 15 45 24 86 44 114 54 27 66 53 110 88 63 47 65 61 12 109 90 8 26 28 40 48 71 50 5 35 20 96 58 118 23 64 36 10
64 116 82 94 32 111 36 62 11 43 87 12 71 99 97 104 86 119 34 19 44 65 88 10 115 60 90 35 118 48 78 105 42 55 3 15 33 25 81 7 63 95 92 56 51 37 100 28 74 8 61 22 79 91 5 13 38 107 113 96 9 93 17 75 4 24 69 47 72 101 20 2 68 66 73 77 114 49 21 31 45 29 59 98 80 27 58 50 117 39 102 57 110 40 85 0 41 112 109 16
41 69 107 46 114 38 73 53 113 9 40 57 20 92 21 34 112 44 25 51 86 56 48 100 72 49 22 27 66 26 43 10 28 50 89 7 60 117 95 78 116 80 2 110 12 103 91 90 99 18 17 13 39 4 16 52 105 68 88 32 29 83 97 5 84 70 79 19 76 71 42 67 93 6 98 23 96 30 55 11 58 87 102 62 33 75 61 94 109 47 45 115 104 35 1 81 106 54 65 37
74 41 44 117 43 112 2 34 58 89 109 10 9 92 105 56 84 47 94 15 104 11 24 76 7 78 77 118 64 27 13 114 98 36 96 25 0 35 48 16 12 88 106 103 31 46 55 86 110 62 40 95 28 17 66 87 30 51 19 42 22 21 39 26 20 33 8 3 73 50 69 60 85 91 81 45 71 14 4 54 57 107 52 6 1 119 116 93 79 90 38 5 18 67 23 61 97 32 75 49
101 80 107 21 119 55 79 38 40 48 54 30 67 10 45 105 56 14 42 44 2 95 99 27 57 13 46 97 33 112 7 84 31 114 19 73 53 59 70 78 66 110 1 86 82 5 4 23 43 100 47 109 51 111 25 83 81 8 65 75 118 93 3 29 50 52 6 74 37 76 28 24 89 68 98 18 49 63 103 91 39 62 117 115 92 104 90 85 12 69 72 22 77 26 102 17 71 116 64 94
105 38 77 45 14 40 2 94 44 29 114 8 37 10 9 107 100 36 72 16 97 80 74 17 64 47 96 62 0 24 54 108 55 18 25 98 113 88 75 115 3 6 48 87 26 70 118 111 83 81 57 117 13 106 27 46 63 92 11 28 79 85 69 103 34 99 110 19 60 41 116 119 90 56 39 104 61 52 67 51 15 59 76 31 35 78 86 5 32 84 101 23 22 95 1 58 102 68 89 43
81 26 63 78 66 6 60 58 117 49 39 85 9 74 86 84 7 13 20 79 48 80 44 3 41 110 89 97 87 108 96 30 76 29 62 27 33 116 1 14 50 101 106 19 36 104 18 100 4 93 111 34 73 25 72 42 98 112 24 54 71 10 113 69 118 59 38 61 99 75 119 68 109 47 46 91 77 32 105 8 12 65 37 0 64 115 103 114 31 70 94 40 92 11 90 51 82 35 5 95
39 30 29 104 56 43 40 102 41 27 61 66 90 109 12 72 88 119 103 58 108 100 0 114 60 46 21 70 49 85 107 117 6 62 118 50 94 80 13 38 28 74 44 54 35 32 4 36 34 116 64 95 86 96 83 15 79 2 76 26 115 48 77 24 106 87 14 20 75 11 22 7 111 47 81 55 16 59 5 33 89 97 10 84 31 8 92 110 51 17 45 101 69 78 105 98 112 68 42 19
51 107 28 39 53 78 63 61 111 66 52 65 64 13 71 102 36 0 31 59 95 77 108 30 80 38 25 19 9 62 23 56 43 117 84 50 17 35 20 114 86 72 16 54 7 1 109 58 2 110 55 89 76 79 45 88 11 67 5 93 69 34 27 26 48 49 70 68 42 116 103 21 74 97 12 113 4 99 106 40 83 3 8 91 15 60 92 104 32 119 90 101 6 94 75 10 37 22 29 46
34 119 14 90 39 102 83 44 28 65 10 41 31 21 81 19 38 8 52 17 107 6 59 3 118 47 98 94 61 114 67 4 89 105 29 79 104 106 66 36 5 70 40 45 56 111 115 87 54 12 95 13 86 116 80 46 35 11 78 68 1 27 24 26 30 18 42 20 55 75 92 32 16 117 110 33 73 84 22 63 109 49 60 58 0 9 76 93 71 43 50 113 7 15 91 88 37 69 64 97
45 31 40 14 76 20 10 66 86 8 21 103 32 42 101 81 98 102 11 110 52 115 79 58 33 117 60 69 53 65 108 100 23 105 96 37 73 107 29 6 75 17 26 93 78 49 4 44 16 13 119 83 95 112 38 12 104 5 80 70 114 41 90 85 36 24 39 57 34 71 56 59 22 51 47 43 55 28 74 30 9 3 61 84 2 97 87 48 118 111 94 35 15 18 63 77 68 7 89 27
22 66 64 105 58 99 46 3 52 116 9 91 81 27 110 83 6 55 36 68 4 26 37 14 8 74 85 57 40 33 42 51 49 78 67 118 1 32 24 59 113 84 7 48 0 35 109 53 69 107 62 82 2 70 12 76 17 63 28 100 23 20 90 29 103 50 102 73 112 98 96 13 44 75 10 79 11 119 16 21 115 106 71 39 43 80 93 34 38 97 77 111 25 61 19 15 30 95 87 101
72 60 107 103 14 52 30 49 101 119 18 102 65 82 109 78 10 25 3 106 86 36 95 31 79 85 100 98 20 39 11 93 105 12 35 29 67 115 28 45 99 1 38 97 84 34 47 0 80 118 63 91 61 114 112 110 8 57 44 87 117 42 5 22 59 55 33 24 66 69 108 90 75 81 43 58 15 88 113 23 53 56 104 77 76 9 7 89 73 4 64 6 70 16 96 83 111 62 13 37
5 48 44 72 113 83 101 15 10 3 114 0 1 28 67 19 75 25 41 49 112 77 45 108 11 24 38 79 17 22 78 9 52 61 85 47 54 8 76 88 31 26 53 63 115 59 84 69 74 27 43 86 55 71 50 13 102 96 34 95 33 107 21 20 105 62 14 35 23 117 81 98 37 30 87 36 56 97 42 51 2 32 18 93 6 68 100 39 57 65 64 16 4 106 73 110 89 119 109 118
104 57 18 68 45 84 41 77 80 16 61 53 70 17 46 89 64 116 12 32 94 91 86 65 0 49 42 62 47 105 83 81 1 118 119 25 39 76 69 78 35 43 21 8 54 37 31 24 71 106 10 98 14 44 4 38 97 114 60 52 3 23 34 90 96 13 82 19 63 102 79 87 50 2 11 67 27 117 51 15 93 111 6 29 109 108 58 107 110 115 100 92 9 112 113 85 72 40 26 56
34 35 25 112 106 100 58 51 119 15 114 70 54 109 13 32 1 53 108 102 118 22 66 73 89 75 61 52 9 62 45 92 27 24 59 103 41 37 82 12 39 26 18 5 42 83 113 87 116 7 78 84 63 104 96 20 72 68 56 2 117 11 90 16 28 10 99 30 81 38 101 79 67 85 0 23 29 94 105 14 3 93 31 49 77 50 6 69 4 115 86 44 46 98 43 8 57 74 71 107
51 110 11 57 21 33 90 0 40 55 8 74 53 85 26 103 108 106 84 114 42 18 91 116 6 61 92 29 81 22 9 101 10 87 95 107 79 41 52 115 54 16 17 102 63 64 13 66 72 60 47 50 83 86 119 109 31 113 39 59 93 69 2 117 35 14 4 1 27 49 76 44 32 73 71 96 15 45 25 5 111 88 97 75 99 94 19 82 62 112 77 78 24 34 46 98 104 30 20 23
65 75 11 27 97 77 71 31 53 44 5 88 20 49 41 22 91 60 67 45 28 63 17 30 119 12 78 115 96 37 116 101 66 56 86 47 19 94 34 100 25 33 109 105 14 38 98 51 92 89 80 24 104 68 90 59 106 111 113 118 16 112 81 35 48 7 54 58 39 32 46 23 72 55 26 6 85 84 62 69 9 36 15 114 108 82 73 21 79 70 3 83 74 8 103 95 43 107 102 18
8 9 67 72 73 109 66 27 94 13 53 92 118 76 52 5 98 91 115 1 49 75 19 34 43 64 74 25 99 36 28 20 37 114 95 41 59 107 7 12 31 106 87 71 103 24 102 11 58 96 22 89 50 63 48 29 4 57 10 78 113 68 38 26 82 83 6 104 119 86 110 45 79 116 56 77 80 42 35 85 70 39 30 65 111 2 14 33 84 54 100 55 101 15 32 69 16 60 51 81
81 78 88 46 80 45 82 14 113 13 116 36 49 111 44 40 29 57 62 83 60 101 108 64 71 54 79 100 105 48 31 114 42 85 4 73 115 95 84 7 17 90 68 2 20 119 51 43 67 16 35 77 106 75 93 22 34 58 1 41 26 24 63 103 0 112 21 27 86 59 3 11 39 30 6 104 76 38 12 97 92 50 47 89 5 70 72 65 28 32 102 61 87 107 109 96 91 117 110 98
10 17 78 111 54 27 113 1 117 7 97 19 50 40 103 12 89 26 76 46 64 98 119 90 70 39 45 74 49 96 94 101 95 5 71 22 66 83 2 38 80 52 57 93 72 81 86 100 58 37 11 61 43 53 77 8 107 23 29 104 4 87 35 33 92 34 108 110 84 18 6 67 15 32 51 99 109 115 48 44 59 47 14 28 42 69 118 21 30 24 13 68 60 0 114 16 75 82 20 62
33 32 18 42 62 58 83 69 114 85 88 36 8 40 96 80 43 72 79 57 45 12 35 21 93 105 26 39 84 61 10 66 87 49 112 110 3 76 31 78 108 63 15 1 70 119 52 17 67 77 16 23 65 37 6 30 115 100 118 60 91 92 0 11 81 44 71 4 14 98 59 2 107 38 53 102 113 89 103 54 27 22 47 111 104 106 7 19 5 74 117 99 9 20 64 29 50 56 28 73
27 105 115 38 18 93 62 67 103 68 88 29 47 116 4 83 30 92 5 77 0 39 36 10 35 2 81 32 49 112 78 94 66 108 57 98 86 44 20 113 85 24 97 106 89 17 101 91 25 21 48 41 75 46 45 110 60 61 104 72 96 87 59 58 26 99 54 22 50 118 15 107 14 16 70 100 111 13 40 37 28 34 56 117 1 55 11 114 90 119 43 12 102 82 71 74 109 80 7 51
70 115 39 87 94 16 88 21 52 71 79 50 77 9 91 112 75 61 45 60 57 99 13 62 105 109 96 68 59 18 90 51 36 40 92 29 63 28 27 108 100 119 22 1 89 111 41 10 103 107 20 8 53 46 17 58 85 102 98 34 14 116 49 93 64 74 6 12 84 81 37 95 35 78 19 114 55 76 47 32 72 83 31 106 48 69 38 5 80 54 67 118 44 104 7 117 86 11 0 65
30 75 48 20 116 60 115 80 22 7 59 70 10 82 117 37 46 29 55 57 63 84 8 74 87 56 52 101 32 54 61 3 93 78 9 97 27 16 38 113 35 19 77 23 71 107 1 4 92 47 106 83 104 33 2 90 17 88 13 51 12 98 73 50 18 67 40 0 72 65 41 14 45 58 69 64 119 79 24 6 25 76 109 103 26 43 5 112 118 95 96 28 102 44 31 108 100 49 114 39
60 27 59 16 50 68 90 81 66 77 75 72 51 114 116 36 11 103 40 54 104 23 98 78 70 13 67 87 96 1 97 115 109 71 26 21 117 110 100 42 94 102 28 62 106 76 17 65 99 5 108 52 30 35 4 41 112 95 84 22 82 118 34 38 39 2 101 33 25 89 10 18 24 31 74 119 92 43 93 80 47 56 0 79 88 48 19 14 37 107 113 58 9 15 91 73 61 44 83 86
66 0 112 85 101 15 64 78 65 75 22 68 56 50 5 31 97 116 111 51 82 32 113 23 89 77 4 53 99 41 107 83 3 67 18 46 60 92 42 10 84 61 30 104 12 45 73 20 21 59 11 6 34 14 40 58 2 117 76 54 87 106 57 13 81 29 26 16 28 37 35 110 114 1 19 38 24 8 47 17 108 105 9 43 96 115 103 33 100 88 52 74 7 98 119 71 55 102 44 79
21 56 11 45 88 113 5 67 90 97 6 116 31 71 109 13 43 9 63 117 112 98 108 57 66 8 107 15 26 78 33 68 64 70 55 36 96 82 54 22 24 99 20 4 46 14 93 75 41 44 51 30 114 19 50 42 94 10 101 17 49 91 104 102 1 119 61 72 106 18 32 58 2 81 79 69 105 0 100 111 86 65 76 47 115 62 25 73 12 83 59 87 52 39 35 37 95 3 77 103
104 97 23 102 73 39 115 56 44 32 54 119 48 41 113 10 71 64 38 89 95 55 2 117 80 45 15 46 9 24 58 27 33 22 96 7 57 19 81 108 79 17 101 14 1 28 67 5 109 63 43 53 94 20 11 42 103 90 35 13 60 85 65 66 105 83 0 72 50 40 25 31 87 84 16 3 100 51 8 47 70 111 99 62 21 93 107 6 30 106 82 29 88 34 69 61 118 26 49 36
93 31 23 81 66 54 61 52 89 19 62 104 33 47 87 84 8 24 11 37 109 18 110 51 75 102 35 80 68 55 30 2 13 15 115 32 39 99 50 58 96 43 34 46 106 45 69 65 38 78 98 74 5 116 101 83 27 70 16 97 17 10 64 40 63 48 12 76 117 36 28 72 14 113 82 53 3 86 7 1 42 85 41 90 26 67 21 105 25 91 49 20 103 9 6 73 95 57 92 71
92 29 30 26 10 50 33 57 101 12 52 90 81 88 105 112 13 84 24 80 28 113 36 60 97 75 58 63 78 51 93 109 8 111 40 14 9 99 43 110 103 65 21 100 115 119 76 0 69 41 32 79 31 83 22 102 4 56 38 68 27 17 3 45 46 39 118 61 11 94 48 34 66 25 16 70 108 37 1 15 91 54 104 2 74 6 73 77 95 47 20 87 7 55 18 67 64 62 117 49
28 53 108 37 87 79 63 98 72 0 110 90 1 106 112 114 42 116 70 45 82 107 40 85 103 93 83 12 46 16 43 71 50 32 92 61 67 91 13 55 75 23 39 24 31 117 100 38 47 115 104 88 22 48 96 26 30 69 89 62 57 66 60 27 101 34 36 80 8 81 58 3 86 21 97 111 105 78 29 15 4 64 6 59 74 51 84 73 119 35 65 18 19 14 17 52 118 11 95 33
41 20 85 111 44 76 74 28 104 119 100 108 69 4 62 116 40 117 80 90 51 27 50 38 56 55 67 48 17 77 7 45 118 3 97 29 101 70 39 112 47 72 53 93 107 43 61 1 30 6 91 63 12 109 32 78 25 64 46 88 16 31 81 102 94 75 58 87 34 49 71 37 110 115 57 15 86 92 106 103 84 10 73 65 42 33 14 105 19 13 59 2 54 5 79 36 98 24 83 11
8 93 37 9 46 53 111 77 60 96 15 39 21 34 14 68 75 50 16 13 61 62 5 110 28 102 80 0 27 114 81 25 38 97 4 48 33 71 26 55 92 119 44 70 72 94 41 56 30 35 79 100 43 90 104 112 6 105 10 17 67 95 20 65 117 107 76 106 49 87 24 83 82 57 54 118 11 69 19 73 98 59 88 109 116 52 3 51 32 2 7 47 115 45 85 66 18 12 23 101
28 8 30 34 84 106 11 52 104 31 119 53 0 76 112 33 111 61 6 68 78 24 93 109 81 57 23 21 27 71 38 73 64 113 18 92 118 14 101 1 67 62 63 43 88 107 49 16 97 69 25 4 39 87 80 20 13 108 82 2 85 10 22 89 12 91 77 5 44 70 90 37 45 102 116 26 35 50 72 7 86 32 41 51 56 117 79 100 58 36 103 40 29 55 42 75 96 46 110 47
69 12 111 90 18 17 35 75 78 58 0 13 23 62 67 36 86 22 26 64 43 49 30 2 68 10 80 24 96 66 28 29 113 71 100 46 110 14 79 108 84 98 74 51 1 19 37 8 25 61 89 7 4 92 9 59 88 42 76 112 77 117 87 45 20 48 105 97 63 53 85 116 94 38 115 104 15 21 3 65 44 107 54 56 83 5 11 102 103 41 114 33 52 73 72 82 47 34 106 91
74 107 9 78 28 113 20 104 59 77 17 106 37 103 47 111 49 53 83 97 19 112 45 91 79 23 69 63 61 46 2 58 54 0 7 72 36 89 73 27 64 43 55 34 13 101 94 40 65 118 21 98 57 5 99 8 56 29 93 84 44 12 42 16 10 75 95 86 81 67 39 50 85 62 31 52 110 48 80 68 88 38 115 108 24 102 109 3 4 30 116 87 105 66 14 71 76 1 25 33
102 54 42 1 21 55 59 66 3 49 117 95 31 99 64 119 65 39 73 72 29 10 88 67 109 12 57 25 14 90 32 75 69 84 113 71 94 81 100 74 101 112 15 107 68 33 60 56 0 4 85 40 89 50 36 104 76 86 62 7 22 19 30 118 48 5 108 115 16 106 6 23 47 77 46 28 34 105 87 13 2 53 96 111 18 45 37 20 24 58 92 44 78 51 110 61 35 41 91 93
40 32 45 56 24 105 81 58 38 116 55 23 12 79 118 10 109 110 16 48 92 102 8 37 111 65 117 93 27 47 36 91 41 51 115 74 88 57 63 2 9 71 64 89 61 60 19 39 3 78 68 86 44 108 34 52 119 21 107 33 43 113 54 53 42 96 85 7 28 84 31 82 26 90 25 59 1 15 0 67 70 17 62 73 14 49 106 97 99 76 6 103 13 98 18 69 94 95 5 112
116 82 80 75 3 92 16 66 77 103 15 62 23 71 13 36 44 63 106 68 47 78 25 91 102 101 1 54 104 18 30 6 45 2 65 57 0 42 93 83 33 56 27 38 5 4 40 86 60 74 88 115 119 81 46 76 107 43 85 24 96 28 114 19 29 64 111 48 7 89 70 109 79 87 95 26 117 97 14 98 110 59 51 37 100 34 17 41 58 9 90 55 67 94 105 49 22 53 52 118
104 31 89 20 113 42 6 60 40 55 8 48 62 56 47 21 73 115 111 39 5 92 105 57 66 10 87 28 23 114 95 109 77 70 22 112 108 27 34 101 68 45 19 1 78 103 82 96 16 29 43 94 107 74 63 4 75 97 52 25 98 83 12 64 81 13 2 69 67 53 80 14 36 84 102 90 59 11 116 93 32 15 17 24 37 50 44 46 0 91 85 7 51 100 117 54 33 88 35 79
2 44 15 48 62 0 65 72 113 110 20 55 88 94 11 34 27 98 111 67 117 47 73 54 31 21 4 22 24 86 107 63 116 36 99 33 39 23 10 74 59 43 56 93 51 3 28 66 90 103 46 9 80 16 77 25 106 95 12 8 70 32 29 13 50 112 104 42 108 6 78 61 96 82 92 102 89 114 18 91 1 52 41 53 100 71 75 45 87 26 64 109 119 97 40 7 81 60 30 38
85 28 12 89 104 35 61 106 48 33 92 20 14 52 67 47 118 46 65 42 39 102 100 9 10 117 40 74 98 55 2 17 87 38 30 26 78 66 8 13 23 18 109 115 72 113 73 108 63 54 84 110 62 119 24 59 6 86 21 36 68 29 71 60 58 4 69 27 114 51 0 82 41 99 53 1 93 44 56 97 88 49 5 77 34 32 94 64 16 25 111 103 50 3 95 107 70 79 45 75
23 67 56 37 16 106 73 96 107 117 49 81 18 22 75 109 91 110 79 105 92 28 68 57 97 85 30 14 65 43 19 51 58 62 35 12 4 50 64 100 80 38 47 83 102 95 112 5 74 114 82 10 63 40 94 78 71 113 34 27 104 46 6 20 103 86 9 7 52 48 15 33 2 42 59 88 25 60 119 0 13 111 53 45 26 72 41 69 39 31 66 44 11 76 29 98 90 101 108 116
56 91 75 81 23 89 51 109 29 22 117 67 84 21 27 79 100 38 28 33 5 39 26 85 34 19 98 8 82 66 18 97 96 70 119 78 57 47 11 41 69 7 58 86 102 95 43 45 116 12 62 48 114 54 111 74 4 36 65 99 25 44 72 104 14 80 20 118 61 112 13 31 68 53 115 94 106 90 59 42 103 2 113 110 37 49 52 73 9 46 107 60 40 76 63 55 10 24 35 92
70 19 51 118 54 61 11 108 47 41 55 38 95 44 23 85 12 25 62 28 69 32 5 110 115 67 2 42 37 31 82 68 45 76 50 91 6 112 74 113 27 30 7 20 15 26 36 88 80 72 93 96 60 111 21 58 56 94 66 116 18 29 40 99 92 106 52 9 59 4 109 75 100 14 105 79 107 22 63 84 65 33 77 98 104 101 10 114 87 102 46 81 13 119 34 73 71 57 48 90
3 23 111 94 36 70 6 27 28 110 41 4 59 34 80 39 14 113 65 17 50 91 84 67 81 77 15 93 103 98 55 100 119 8 73 90 66 9 117 40 19 108 45 107 56 82 0 33 30 42 52 92 49 31 53 63 1 96 48 69 105 61 74 102 35 13 97 44 43 18 12 47 72 114 101 37 16 32 7 106 95 87 116 21 24 99 88 85 62 68 112 54 86 22 78 58 11 79 89 5
72 22 111 94 83 64 112 92 23 55 109 107 113 1 56 57 8 3 9 36 118 54 52 115 46 88 37 86 30 17 75 45 7 60 4 59 110 31 15 27 11 29 82 73 24 65 66 63 84 33 99 67 114 19 106 100 0 28 32 61 6 76 14 49 16 78 53 25 12 42 77 18 21 70 105 101 119 81 89 90 43 44 13 95 108 10 85 117 97 2 20 68 103 48 87 62 40 102 91 69
41 96 79 24 101 69 115 25 21 17 28 73 82 105 78 36 5 27 110 16 103 13 68 108 102 39 4 94 7 59 117 76 44 87 47 10 67 60 112 19 6 22 62 8 46 45 31 30 23 37 91 54 81 116 92 61 56 38 106 83 26 58 32 65 99 89 104 88 35 93 33 71 29 64 3 55 84 0 12 72 53 100 50 63 98 40 9 52 75 95 119 80 18 70 20 74 42 57 49 114
52 119 22 19 23 63 86 108 55 100 79 83 1 94 38 44 4 69 12 48 84 0 29 25 5 3 99 60 82 62 41 110 85 47 67 26 106 53 59 71 105 112 68 27 21 34 16 40 9 17 45 73 50 49 20 28 77 80 111 76 7 75 107 87 97 72 89 43 32 109 46 98 42 30 61 96 14 37 116 88 70 24 117 64 78 2 10 13 74 18 6 113 11 57 115 93 35 51 102 65
50 0 89 115 30 6 28 49 63 93 3 59 76 95 12 61 86 23 32 16 116 94 53 113 7 54 15 11 37 19 56 87 4 25 51 88 109 18 69 81 83 112 35 1 58 107 114 84 118 20 46 119 43 52 22 42 29 64 8 21 74 26 108 33 100 45 65 57 105 75 78 44 99 77 14 67 27 102 96 85 66 79 103 73 117 101 68 110 92 72 24 9 48 90 34 91 17 41 60 80
52 14 115 38 47 11 114 22 33 7 37 69 76 55 101 98 65 8 61 59 79 19 99 18 51 68 48 45 95 105 97 58 34 2 16 17 92 113 66 72 21 29 24 56 13 86 83 41 15 28 9 63 20 30 81 117 73 53 110 84 50 60 103 109 85 23 42 6 25 0 32 116 107 71 74 36 40 77 96 87 35 90 64 5 4 78 49 10 102 46 94 89 57 54 43 26 1 88 119 108
23 10 81 32 19 1 104 16 78 55 11 40 79 51 20 109 44 92 18 6 46 102 83 7 86 95 31 13 28 96 107 2 9 41 98 118 37 116 100 73 97 62 14 49 22 38 25 89 64 117 66 105 63 70 30 56 99 3 114 27 29 35 26 113 69 50 39 45 90 71 17 91 115 48 74 43 94 106 24 84 42 85 103 21 36 53 67 54 110 112 119 76 5 34 80 52 77 82 58 88
2 3 113 61 100 77 105 74 99 46 18 31 79 73 40 21 59 35 108 72 75 5 112 93 12 34 97 82 83 38 89 84 102 66 8 116 55 19 27 65 10 106 36 33 30 6 1 91 63 104 15 7 58 118 54 67 80 114 70 16 43 115 0 4 49 86 76 24 103 95 20 117 71 53 110 22 119 25 50 107 92 109 37 14 85 23 101 11 32 98 51 88 78 47 90 94 87 48 62 68
20 115 100 36 34 30 89 85 109 9 15 45 21 71 111 74 113 99 87 3 98 5 79 31 27 83 16 63 80 60 17 13 37 95 56 7 51 12 1 90 2 58 29 92 73 10 25 62 43 103 39 77 78 116 93 68 106 0 94 82 53 119 44 40 14 96 50 54 28 52 117 114 72 70 66 11 118 42 75 18 59 33 57 69 61 41 67 105 101 47 35 97 64 49 91 81 23 38 84 65
114 73 14 100 53 84 85 35 27 25 12 56 96 7 51 17 79 33 4 81 69 106 0 71 107 113 76 28 66 19 59 34 55 37 117 31 23 68 15 3 57 90 60 89 105 29 47 42 16 119 98 65 88 116 86 41 8 111 75 72 52 93 20 43 13 97 80 83 64 112 48 1 2 11 39 91 38 115 22 54 58 118 32 104 67 103 6 61 95 78 74 40 77 108 109 9 63 30 102 49
79 104 64 41 27 117 19 47 66 84 31 59 15 39 108 95 62 88 2 101 13 118 76 48 53 115 45 111 92 113 96 36 17 0 35 77 63 40 42 97 116 10 44 1 8 80 9 49 109 85 52 28 50 100 91 103 54 6 78 29 105 94 81 65 21 51 26 71 18 102 38 32 37 67 70 14 56 57 3 12 69 82 110 89 34 107 58 99 112 87 33 93 74 24 20 68 43 61 16 11
72 20 88 42 34 96 47 3 92 77 86 51 25 80 97 8 9 26 7 32 13 113 78 45 4 43 100 91 29 28 118 76 82 57 102 116 73 65 36 68 84 16 35 99 83 22 6 49 33 23 79 10 81 59 111 75 66 105 39 30 114 21 38 94 117 46 64 62 87 61 0 11 50 19 85 31 55 71 107 44 12 115 48 112 56 41 63 90 40 70 15 52 60 14 108 54 27 106 18 98
13 99 117 27 72 25 76 63 39 45 89 107 104 59 37 24 118 3 94 86 116 91 52 9 46 92 80 101 87 79 43 84 102 10 40 31 100 98 33 47 108 53 38 75 64 61 78 77 55 58 106 30 12 51 65 93 7 90 6 22 83 50 85 20 4 97 17 35 2 88 8 74 44 69 26 105 0 110 36 81 113 57 66 112 41 14 67 71 28 42 18 48 96 60 82 109 62 115 32 56
84 28 44 119 91 114 21 40 56 82 81 6 112 51 16 45 86 2 76 72 20 32 43 85 38 49 106 48 15 98 99 95 108 74 77 57 90 61 96 14 94 63 25 18 104 70 1 101 27 113 9 80 54 68 73 11 93 118 71 109 4 39 100 66 58 19 78 33 41 79 13 55 42 75 115 87 24 10 7 30 35 111 67 116 89 8 92 107 64 60 83 53 97 17 88 26 103 3 50 46
79 23 45 58 78 92 40 64 98 86 0 70 37 108 25 119 111 41 62 30 24 109 46 50 117 29 75 101 73 63 8 3 113 56 5 80 77 44 9 93 42 74 67 69 87 82 52 66 97 100 31 114 12 96 49 65 68 99 95 19 90 61 91 11 115 36 57 85 17 27 106 20 110 103 104 26 116 43 33 32 53 13 102 55 60 81 105 15 89 4 107 16 22 21 112 47 1 72 54 76
113 23 117 3 32 26 25 91 89 14 86 55 11 68 24 28 38 27 42 13 110 116 0 4 2 60 67 72 95 35 22 101 65 33 102 76 58 44 19 51 78 87 98 93 69 10 30 106 6 84 15 71 47 37 31 7 59 17 82 114 75 57 48 39 20 56 63 96 73 36 16 18 70 34 100 80 45 1 77 9 99 54 94 62 119 74 66 64 41 109 21 29 112 111 97 118 103 105 115 43
114 110 88 50 27 3 55 59 34 14 29 92 31 102 116 1 58 4 75 95 71 8 79 48 57 51 62 70 105 76 19 16 91 38 85 45 22 94 25 6 64 90 42 56 20 73 21 2 11 24 54 60 33 100 111 10 7 97 81 35 118 44 74 72 13 67 77 12 26 89 65 104 107 113 49 5 63 82 86 78 83 108 47 96 30 68 103 66 17 39 112 106 43 119 46 84 115 23 40 32
61 95 14 71 119 22 68 46 111 117 0 51 96 26 112 49 12 70 81 2 62 93 105 27 19 75 104 86 89 34 29 25 88 77 78 84 60 116 41 48 5 44 97 10 113 65 101 63 52 50 114 55 13 108 8 57 74 59 18 109 9 15 56 31 92 110 64 39 85 87 3 100 40 11 115 45 1 42 98 69 38 106 16 67 90 36 17 7 72 43 73 83 103 4 91 30 80 99 28 24
116 106 59 92 54 45 42 111 21 47 90 19 28 20 51 26 8 48 32 117 101 107 119 95 97 108 80 84 41 13 55 109 71 31 73 112 4 6 10 58 18 72 15 16 56 2 76 115 100 23 68 98 86 65 81 57 96 104 118 53 22 11 61 46 27 69 12 30 67 77 63 34 75 43 70 94 87 9 88 82 38 85 40 99 3 110 113 83 0 29 103 33 93 114 44 102 35 62 7 89
93 87 17 0 115 13 20 68 61 27 83 104 67 69 43 106 117 108 7 8 5 4 57 19 79 100 95 110 21 62 109 50 90 70 34 89 63 119 2 16 23 74 118 32 51 80 55 52 113 64 9 11 86 38 78 12 98 10 49 103 33 114 26 76 46 40 84 66 15 101 94 31 42 102 85 39 99 65 107 29 37 88 6 14 72 47 41 92 44 112 82 28 45 71 59 1 48 30 18 105
69 48 12 20 87 40 104 114 68 112 7 80 4 13 83 106 81 58 62 119 47 18 17 3 35 24 98 44 22 61 14 91 57 55 53 37 76 102 41 111 15 49 72 46 84 60 110 19 65 67 38 1 75 92 21 113 74 117 116 85 101 93 109 79 28 33 42 97 71 36 39 99 52 96 11 105 8 95 90 23 51 100 27 63 70 32 50 5 31 54 2 26 78 77 86 30 108 103 6 29
37 36 10 57 80 75 9 55 102 6 50 114 28 44 38 26 30 40 119 3 59 95 34 77 96 110 11 23 42 2 94 92 14 117 53 56 63 74 33 97 24 39 79 20 47 113 1 100 61 32 70 81 108 78 99 90 84 106 91 85 51 43 48 68 115 67 86 17 83 49 73 98 64 12 16 8 4 76 82 105 46 19 35 62 18 31 54 25 71 15 60 52 21 69 93 111 7 104 41 58
49 47 68 118 90 78 97 106 38 28 59 119 45 100 19 34 37 26 11 114 40 20 89 77 4 60 107 8 87 66 73 18 117 30 113 95 86 50 23 105 12 103 98 74 111 36 69 41 33 46 55 81 88 35 51 16 70 56 64 42 1 82 43 110 92 96 75 84 115 112 62 83 3 99 108 65 57 102 101 79 85 32 14 116 24 9 44 5 31 15 80 67 2 22 53 104 58 25 63 7
93 4 97 36 12 3 35 87 86 81 74 37 28 100 14 99 57 16 119 30 7 89 26 56 113 32 31 66 15 72 59 102 77 118 27 112 33 90 46 39 22 88 63 115 42 111 18 23 49 13 79 114 47 19 25 67 44 68 73 95 96 109 10 103 70 17 71 69 48 85 83 92 34 101 8 51 52 0 61 24 98 64 1 58 11 76 29 110 50 116 106 84 2 40 65 55 54 53 117 80
14 59 13 38 51 109 115 63 3 47 80 96 110 27 24 46 42 43 50 78 45 9 66 7 103 15 64 11 95 114 107 73 108 70 77 55 90 82 83 60 91 34 117 36 25 33 18 57 35 112 68 4 75 17 19 98 23 100 71 40 16 8 1 12 2 74 111 72 102 54 6 104 39 84 52 41 22 93 30 76 48 106 92 119 69 88 86 67 32 85 97 26 0 89 28 58 118 29 105 5
31 62 43 76 63 109 71 13 84 99 41 59 75 118 105 28 49 108 40 9 18 56 36 4 67 102 35 27 106 10 29 74 66 37 39 83 88 117 114 1 55 0 89 44 47 82 19 54 46 14 104 24 33 52 21 6 22 107 113 34 53 11 87 58 94 100 17 23 101 68 78 79 81 57 86 93 2 115 42 70 91 51 5 97 12 25 61 116 85 38 30 98 92 96 3 8 80 50 72 48
67 106 110 0 22 28 61 73 88 81 80 1 90 111 112 51 38 78 98 116 64 20 84 45 62 39 108 8 93 40 100 50 99 17 118 87 10 44 95 2 29 113 43 52 89 107 9 46 5 115 33 12 71 48 23 72 77 18 26 11 94 47 49 7 103 105 24 97 34 32 86 21 119 79 25 31 55 69 6 27 19 53 59 68 54 66 83 36 104 57 75 37 63 101 82 109 14 16 60 91
4 106 27 15 64 110 58 55 37 19 93 113 26 28 3 12 54 21 100 117 71 22 57 46 118 101 29 95 50 90 1 9 104 47 79 105 45 107 115 2 61 62 67 112 108 49 25 74 116 7 69 13 99 87 16 98 92 53 119 86 77 17 73 14 43 80 114 56 35 81 88 78 0 6 8 41 5 63 97 96 36 18 103 72 44 84 32 89 75 102 40 83 91 76 70 52 33 48 24 31
53 107 28 35 108 93 3 89 46 84 37 100 86 5 92 77 119 38 67 76 113 63 16 51 23 0 42 21 80 36 112 78 32 30 83 117 8 50 102 103 68 110 104 99 115 33 118 95 60 52 59 105 109 88 2 70 74 9 116 7 26 91 97 55 24 58 13 45 111 25 43 10 48 71 64 75 106 20 31 66 114 14 19 82 40 47 12 72 41 79 69 39 15 11 56 94 98 85 17 49
108 113 45 67 109 51 78 65 27 74 60 81 17 35 91 58 19 37 43 86 115 7 116 83 62 47 61 99 57 6 14 69 26 77 89 98 10 59 11 29 66 55 68 94 119 117 46 41 75 0 39 1 15 8 33 102 9 50 105 20 114 48 32 100 111 53 88 107 93 22 79 80 56 31 38 40 87 118 63 44 70 3 76 34 21 71 23 24 16 106 112 42 92 25 5 84 28 104 18 72
82 105 75 92 30 9 28 101 72 83 107 6 62 68 112 5 15 8 84 113 90 49 93 21 77 11 66 116 103 13 58 86 88 32 118 16 80 59 31 29 110 35 39 119 102 115 65 45 98 60 42 117 71 34 56 10 104 78 44 79 64 41 20 61 63 94 99 48 33 87 38 47 114 85 0 1 97 17 81 40 76 37 12 89 25 4 91 96 106 36 43 109 19 108 57 3 46 69 74 22
90 45 47 76 114 73 44 64 56 41 109 104 0 21 7 77 5 103 88 13 85 25 11 107 115 74 105 117 82 53 113 35 27 60 110 78 118 75 14 89 15 112 8 106 97 100 91 65 55 71 69 23 80 20 54 61 50 18 68 86 9 29 87 57 28 83 96 17 52 43 111 102 48 66 6 12 24 99 101 81 26 36 84 1 40 98 67 16 2 92 30 93 39 72 42 79 108 19 33 62
82 36 55 56 76 88 46 74 116 45 64 52 104 12 37 14 100 18 10 87 80 113 71 23 58 42 26 44 16 29 97 9 39 40 3 115 103 27 33 60 81 62 2 84 86 32 4 8 92 68 95 49 108 43 93 19 0 79 6 78 98 114 21 13 31 106 89 48 50 72 67 22 24 1 57 101 53 66 110 41 85 96 117 15 112 63 30 75 107 20 25 69 77 54 61 119 70 38 118 34
75 106 23 116 113 93 102 29 0 67 12 70 54 99 82 66 40 8 28 108 38 33 81 91 97 109 89 21 63 35 95 111 30 83 51 71 64 104 44 55 114 37 14 53 20 32 15 48 17 110 88 7 16 56 22 117 52 62 42 80 115 9 69 100 79 36 90 57 101 31 4 72 41 1 47 107 92 34 59 85 27 24 61 112 26 49 118 96 105 84 58 6 13 119 87 3 46 11 103 73
119 78 87 89 43 101 115 88 22 52 17 13 29 10 77 105 8 94 95 72 20 110 24 11 57 1 23 67 54 118 27 66 39 63 56 58 2 59 84 25 81 107 96 75 31 83 5 102 106 3 60 116 38 48 103 86 7 41 113 80 74 14 19 100 55 37 93 112 71 33 4 76 44 92 85 47 16 108 109 28 65 68 9 104 51 97 79 18 82 73 0 26 62 61 42 21 30 49 98 40
45 5 44 37 31 8 90 83 101 38 76 86 9 87 14 51 72 50 0 111 95 11 116 43 33 100 1 22 56 52 41 66 60 102 53 82 21 4 113 65 57 119 55 62 13 26 81 107 7 69 40 10 84 2 89 34 99 42 77 110 74 25 105 3 27 19 17 12 63 115 75 32 20 97 104 18 30 98 67 73 71 49 108 54 88 79 114 61 109 39 103 48 117 93 59 15 94 96 29 106
21 74 42 7 116 78 9 94 82 48 0 14 79 107 60 118 36 16 106 2 41 99 62 13 49 57 83 63 113 58 11 30 15 64 86 75 119 96 47 68 72 65 90 52 28 12 6 33 46 24 76 73 3 27 43 70 114 31 8 34 95 18 87 108 38 77 110 109 32 35 69 51 103 105 59 53 67 4 112 39 17 111 80 102 40 19 50 20 56 29 37 61 97 1 55 44 93 5 91 10
33 76 15 20 85 108 4 25 61 18 56 104 81 21 89 44 22 48 36 93 53 118 1 10 50 115 16 83 42 37 35 5 34 106 30 51 49 40 78 116 113 66 79 3 58 54 24 67 13 17 8 73 74 96 111 52 88 109 14 101 105 112 7 82 77 29 31 2 43 12 95 100 63 91 64 102 99 72 86 75 90 65 11 98 62 28 84 47 60 23 68 57 55 46 39 32 0 69 41 103
10 88 51 118 116 86 108 20 69 64 57 40 42 115 83 78 100 23 61 79 12 11 36 32 73 43 47 70 30 55 45 16 52 110 107 18 109 97 7 17 65 37 77 99 3 89 35 71 53 54 2 106 27 94 66 112 74 1 81 92 28 41 21 113 33 101 82 84 39 75 48 85 111 19 4 8 98 50 117 31 80 96 119 44 72 56 15 105 62 38 26 63 58 90 5 6 0 87 91 59
37 109 19 53 91 83 33 93 4 12 92 87 40 89 54 6 73 67 13 112 114 94 20 29 14 103 98 28 3 57 105 15 79 110 52 5 23 99 68 63 36 88 32 61 35 95 25 74 21 59 56 45 66 47 106 30 72 49 97 39 1 31 9 81 46 101 27 0 58 62 10 55 43 22 18 77 69 16 86 7 38 11 90 102 60 117 64 24 44 76 17 104 50 118 8 75 85 113 71 48
7 40 32 31 119 104 88 23 60 17 1 83 69 57 29 52 49 33 110 11 96 46 102 27 26 72 42 116 54 61 111 117 97 103 44 112 30 74 109 62 10 2 73 38 75 89 0 71 56 35 41 36 65 50 13 64 48 19 28 34 14 59 80 24 76 93 55 101 90 108 25 66 95 43 113 105 91 118 9 5 94 18 84 51 92 98 63 77 22 115 100 21 114 87 99 37 67 45 85 16
96 111 7 108 41 81 47 118 23 76 2 5 103 78 35 60 84 52 61 69 21 79 12 18 104 29 112 1 82 50 101 49 117 10 32 88 33 94 92 100 105 114 107 91 40 24 63 0 4 116 42 75 70 71 64 17 54 20 97 80 95 48 59 58 39 119 13 86 106 14 98 30 77 110 19 53 45 16 9 113 102 27 28 25 74 109 87 34 99 62 43 68 6 89 55 67 72 36 66 22
61 41 45 0 110 57 104 62 42 7 66 18 94 116 109 93 97 65 67 44 84 50 108 55 29 88 48 2 54 27 21 117 37 51 6 98 102 89 91 78 68 81 87 73 69 119 107 4 22 60 10 80 114 79 101 13 58 8 92 36 47 46 86 31 72 90 95 53 5 112 85 28 17 14 40 71 74 56 52 3 77 115 96 33 75 20 82 106 38 83 64 103 118 111 19 9 34 1 76 59
68 101 93 82 104 63 92 109 34 20 119 48 81 3 98 65 58 6 28 47 71 60 89 80 67 40 5 113 17 41 22 79 15 56 25 52 36 45 26 14 96 57 107 87 66 86 61 13 29 50 30 74 72 90 97 21 42 12 43 95 1 64 62 10 99 59 39 31 114 16 0 2 19 11 8 49 37 115 7 83 46 23 76 110 106 94 84 88 103 116 108 70 78 4 118 53 75 100 9 51
92 56 33 114 112 96 67 1 74 100 38 37 60 40 99 13 28 24 113 52 82 45 95 25 46 17 72 29 88 63 75 27 66 39 3 65 4 87 10 68 83 93 57 105 79 116 91 69 111 32 15 71 101 119 106 107 0 102 48 80 49 54 12 55 16 42 94 51 70 14 78 89 26 97 21 73 47 11 118 86 62 20 108 18 30 22 90 36 115 50 43 81 23 8 35 109 64 103 5 61
70 15 109 45 38 99 19 117 71 26 75 55 2 6 24 13 42 102 58 93 47 17 116 40 34 90 78 64 7 81 16 43 49 95 11 10 30 104 108 25 35 79 87 67 66 80 105 48 114 39 92 3 62 60 82 37 88 28 63 46 54 77 89 84 94 44 112 56 65 113 86 36 29 74 1 31 72 51 97 27 106 85 91 100 5 8 107 115 53 110 50 18 69 22 32 0 21 59 12 98
