36 74 96 11 81 59 16 90 111 29 57 44 3 1 82 17 114 54 91 88 109 60 94 117 31 5 13 97 98 115 56 45 103 113 112 102 30 87 63 25 116 42 21 93 51 66 12 62 68 39 89 50 100 41 18 70 49 4 43 99 19 55 9 67 61 35 14 72 118 108 20 33 80 27 78 37 84 101 6 65 2 48 75 10 85 28 15 95 52 53 40 58 83 73 76 0 24 77 119 26
52 85 116 28 97 11 16 103 7 18 34 68 118 33 15 94 115 17 95 55 13 119 102 80 83 76 90 6 113 61 54 8 30 31 106 117 5 51 62 1 21 4 104 111 98 42 99 44 43 81 65 101 74 63 25 48 49 93 35 0 91 22 53 20 107 39 105 64 12 66 24 100 41 57 112 72 45 77 71 108 19 79 69 56 67 110 84 73 109 23 29 40 70 78 38 87 14 75 2 88
2 30 27 69 1 57 9 7 77 72 78 109 33 98 42 15 66 92 118 93 73 54 44 29 100 63 3 12 31 18 49 83 94 96 74 64 86 62 40 20 22 34 79 67 113 13 117 75 103 89 106 0 28 58 47 55 65 84 39 48 90 46 114 4 119 99 70 10 111 116 19 21 107 24 88 105 14 112 26 32 110 38 11 36 71 23 61 41 6 43 101 76 52 102 87 82 8 81 60 5
37 73 117 45 64 83 28 110 97 89 71 109 35 32 51 11 59 85 34 80 119 61 100 17 31 56 116 105 40 52 23 108 118 78 74 77 84 49 5 10 92 21 99 79 18 115 72 101 75 66 36 107 62 7 33 22 42 2 90 50 25 54 53 46 114 12 0 27 91 102 87 96 26 38 95 15 9 44 82 13 48 1 70 57 94 103 86 104 30 4 68 39 20 81 47 43 55 19 41 16
108 87 2 75 50 40 44 105 24 102 107 31 70 26 25 13 3 118 27 22 106 1 23 42 67 21 104 89 10 29 84 59 116 74 47 101 78 90 34 81 95 88 68 119 92 57 19 61 98 38 64 62 65 97 94 56 73 33 85 110 39 103 111 71 51 99 113 54 8 83 63 45 15 36 16 117 30 96 91 14 112 66 76 60 7 53 32 11 0 55 12 28 100 69 114 6 80 86 9 4
13 73 58 42 59 1 88 31 104 26 107 109 16 94 66 115 63 108 28 89 101 96 85 117 98 95 24 44 27 83 70 74 4 91 52 65 45 102 12 5 72 93 11 51 76 100 68 56 30 41 61 35 105 55 17 47 32 103 67 29 87 111 86 113 116 54 14 39 9 2 60 6 43 34 23 7 33 90 46 15 62 80 82 114 19 38 110 64 25 10 0 92 69 81 3 37 21 71 22 97
53 102 23 21 69 98 72 18 28 15 68 42 59 75 104 116 118 103 110 17 48 54 1 47 50 82 90 52 30 80 117 29 5 49 57 70 8 92 115 16 35 7 105 85 63 39 38 62 86 83 0 77 33 95 88 43 66 55 6 51 113 79 31 101 65 10 36 37 19 109 78 58 24 20 64 93 106 81 96 71 100 61 32 45 44 41 119 25 84 13 74 87 4 97 14 2 40 56 73 22
72 94 91 106 10 8 117 56 92 105 78 37 83 65 12 98 31 60 86 96 49 63 16 0 50 113 36 99 40 45 75 25 70 114 4 90 54 118 107 85 103 47 116 82 6 41 80 13 7 27 18 62 101 15 74 42 24 21 81 97 51 2 67 5 119 59 17 110 22 61 53 14 68 66 58 32 87 1 30 52 55 23 44 115 79 88 46 112 35 108 69 100 9 26 109 104 11 20 76 111
26 76 41 112 72 7 17 23 118 101 89 70 43 59 77 108 58 81 94 119 37 12 107 5 18 35 8 27 87 80 52 39 62 29 98 19 114 50 34 83 66 36 31 63 25 55 84 15 69 104 91 1 95 24 21 46 16 28 6 115 82 22 111 88 65 116 56 110 33 109 103 53 20 60 78 106 42 51 92 0 105 3 68 54 32 40 113 99 38 48 61 64 67 90 86 2 102 79 9 30
11 36 32 93 68 114 9 73 16 118 39 116 63 71 35 19 91 21 64 69 89 62 29 59 54 74 108 45 80 50 48 2 109 103 3 86 20 98 55 53 107 81 12 104 44 97 72 4 41 14 77 25 28 42 43 70 100 119 84 85 111 18 51 17 22 102 76 34 5 113 10 58 56 40 106 90 83 101 92 47 13 67 95 52 24 61 7 46 49 88 6 78 57 115 30 23 99 105 66 38
6 31 14 11 68 21 72 64 92 38 70 90 16 87 36 24 99 115 75 55 33 60 47 28 82 35 18 69 97 3 50 20 10 63 34 23 100 22 76 67 30 119 29 81 73 17 95 86 48 49 57 79 114 25 41 88 43 104 61 74 65 85 80 39 42 44 13 54 5 59 105 98 111 84 1 9 62 83 51 66 108 112 53 4 58 110 71 94 45 93 107 118 117 2 27 46 56 103 7 32
46 63 87 110 28 68 61 20 109 62 41 67 16 65 98 105 26 4 102 106 7 76 6 58 43 23 91 92 1 24 97 111 35 83 86 119 104 2 34 78 13 42 94 79 88 12 101 55 25 90 96 108 116 14 52 64 15 56 75 54 89 31 47 22 18 19 48 81 71 39 60 9 70 50 49 44 66 69 74 53 17 36 32 59 117 11 80 3 0 100 113 103 72 21 99 40 33 114 57 82
60 107 25 106 96 7 62 80 71 28 108 13 34 14 115 83 35 4 39 47 100 67 101 117 84 114 63 40 8 75 49 32 61 70 87 119 89 9 68 86 5 44 76 77 72 29 31 58 56 118 103 82 104 21 112 79 22 85 0 64 95 50 55 116 42 15 97 92 59 65 66 54 102 45 16 43 12 19 17 93 33 46 57 27 69 51 52 78 23 2 99 73 91 81 24 11 26 94 41 48
35 93 41 16 110 64 44 90 21 83 25 34 79 98 88 1 40 82 76 60 30 87 13 42 27 57 108 17 36 66 103 69 118 114 55 113 81 0 43 96 70 85 61 72 74 117 89 59 107 95 54 37 106 20 94 80 24 23 84 46 115 52 4 22 78 10 111 7 65 32 3 77 9 105 39 119 68 33 56 15 26 19 109 11 116 5 104 28 112 73 101 6 38 71 45 31 102 12 97 91
9 26 92 54 41 27 23 0 18 77 19 10 3 39 45 113 6 88 85 42 105 82 28 75 7 50 24 101 100 76 14 116 69 90 15 46 80 48 44 5 91 55 65 119 95 99 13 38 35 86 51 64 74 81 56 8 93 17 62 110 107 31 25 33 102 73 79 21 60 16 72 20 1 30 89 43 66 49 108 106 104 83 78 32 111 36 115 34 87 53 68 114 57 118 103 112 59 67 29 94
68 70 78 17 13 58 103 39 44 4 43 95 18 96 30 97 5 72 71 34 77 21 54 31 114 67 79 20 27 37 100 80 83 49 53 86 60 82 24 14 3 81 7 55 104 22 8 16 105 46 101 92 66 111 94 57 9 102 1 15 29 42 107 75 12 98 0 52 40 76 48 99 6 63 110 116 115 106 45 64 36 69 19 32 35 25 2 59 108 28 62 65 50 11 47 87 38 56 89 113
61 31 69 105 112 22 104 44 3 101 57 111 12 102 33 63 10 116 67 46 98 56 52 36 9 96 29 114 27 118 11 24 34 94 25 109 115 30 113 20 55 100 16 18 95 1 82 83 21 0 8 68 49 89 58 51 74 71 19 62 59 119 117 39 90 64 5 17 93 6 76 60 99 81 79 15 53 23 103 32 42 45 78 87 38 43 65 50 7 35 28 73 26 48 4 40 2 86 14 91
47 87 79 101 99 51 110 4 89 52 61 82 80 69 116 60 3 40 53 50 24 30 19 26 44 13 71 64 97 27 33 48 18 117 73 56 25 41 59 28 20 1 81 91 92 36 14 63 37 67 107 113 86 8 76 68 15 45 12 100 38 93 7 114 103 90 108 72 43 83 6 98 119 66 105 9 78 21 2 23 65 102 95 34 74 35 39 42 106 32 75 57 115 85 94 70 111 58 5 112
3 101 13 70 105 46 83 98 97 63 33 65 9 82 45 21 66 27 42 78 86 28 106 12 95 90 0 77 81 29 55 67 72 103 19 56 49 48 91 14 73 111 117 22 31 51 109 116 60 112 114 110 118 32 18 84 30 11 71 44 15 41 35 47 79 57 54 26 5 89 85 61 25 20 108 76 113 104 74 16 53 7 24 10 102 34 17 88 2 36 43 94 23 100 4 58 99 50 6 92
24 26 61 42 79 107 78 96 62 51 110 98 23 18 8 0 1 35 20 94 111 6 119 63 58 65 34 43 75 29 67 112 106 84 14 105 38 33 86 27 55 118 32 56 39 100 2 117 60 74 19 16 44 31 48 85 92 113 114 25 89 82 22 95 7 80 72 104 49 103 102 30 13 93 116 10 12 81 54 91 17 108 71 66 11 76 97 68 90 101 53 109 69 36 28 45 59 64 70 5
17 66 119 55 53 74 76 83 6 43 109 13 24 79 73 10 110 64 111 116 38 75 80 26 51 90 19 16 48 101 2 86 97 60 71 88 3 68 0 82 100 28 9 14 95 106 1 30 37 52 4 21 11 5 77 45 104 117 115 25 32 15 54 44 114 63 7 58 70 22 40 46 33 113 67 91 31 105 20 99 50 62 34 61 102 65 59 118 18 84 108 96 8 41 23 47 103 81 107 87
104 28 48 93 116 42 118 19 47 6 50 99 88 82 26 101 85 78 77 86 75 31 66 76 69 7 114 63 58 27 84 29 39 115 103 97 98 37 87 61 117 18 40 49 23 73 8 51 15 13 91 71 90 45 30 46 79 56 74 34 102 14 89 106 3 96 53 10 12 11 83 55 44 32 57 2 67 68 111 92 59 119 17 52 16 105 65 21 72 38 80 62 1 64 95 94 41 60 109 20
55 51 63 101 23 11 39 117 32 42 33 83 52 119 30 74 24 102 85 4 15 66 76 37 34 29 92 35 108 97 107 5 60 59 70 45 90 104 87 77 100 61 22 17 62 43 57 25 79 110 14 118 111 99 95 20 86 28 56 12 80 94 2 98 75 96 78 21 88 68 40 89 72 3 18 54 58 67 13 44 81 114 64 7 53 69 27 38 46 91 48 47 116 8 6 106 65 105 73 115
88 80 38 106 52 71 50 30 112 65 61 93 10 17 1 34 23 46 103 44 0 15 95 7 89 47 49 74 87 33 42 113 39 76 21 69 67 117 68 48 86 56 98 75 14 85 90 83 25 20 63 13 41 11 115 53 99 28 12 5 18 110 60 4 24 119 57 118 45 70 116 105 16 79 96 100 26 8 27 114 84 97 22 55 59 31 81 51 78 2 94 3 64 102 92 77 66 101 72 40
23 1 49 28 119 37 11 4 83 24 14 36 61 80 109 12 84 65 81 78 59 3 106 93 112 21 115 68 99 45 18 85 35 60 91 90 66 41 26 74 9 116 48 58 2 19 54 51 77 42 76 62 31 111 107 98 118 82 30 25 95 96 7 64 29 73 16 8 103 55 22 57 46 34 50 100 27 97 63 114 101 38 10 70 108 110 105 69 20 6 75 72 113 0 79 44 39 33 89 92
68 28 88 24 116 50 13 46 25 104 37 55 18 66 107 44 67 94 41 60 59 56 32 27 35 101 11 114 3 45 9 26 53 65 14 64 17 15 36 52 71 20 73 51 16 86 5 83 76 112 72 103 63 6 33 99 23 82 74 31 85 2 34 48 10 79 69 57 97 119 106 110 80 40 100 109 42 92 89 61 0 29 77 8 30 4 115 75 87 102 108 113 47 90 54 7 43 78 39 12
100 4 117 70 82 29 35 10 112 93 49 26 9 89 94 103 6 41 109 42 76 104 85 17 68 55 110 45 36 106 33 34 18 98 118 60 61 50 116 81 84 21 73 24 67 54 80 13 51 102 39 99 48 44 28 71 97 64 14 46 11 22 2 52 65 16 30 66 47 74 7 88 96 79 105 37 92 15 20 1 57 91 27 77 107 43 72 40 3 75 69 58 31 95 101 25 83 115 63 59
85 57 8 34 73 18 51 63 90 65 114 45 55 43 16 107 81 28 6 115 36 52 84 3 1 101 110 5 9 118 24 116 86 53 91 14 108 42 4 22 17 12 62 64 38 33 102 66 0 32 59 61 93 82 109 41 71 15 83 96 68 99 35 88 98 46 105 30 2 89 50 21 29 27 104 26 25 112 20 111 106 113 100 48 87 11 74 56 92 37 77 70 31 23 49 19 94 47 39 40
68 14 44 78 105 69 93 90 96 57 33 65 111 37 15 11 35 13 23 64 1 79 26 112 97 0 72 10 52 25 92 18 45 108 91 54 113 24 70 49 115 42 119 86 103 40 28 74 36 27 53 59 56 16 71 62 6 89 80 21 76 100 47 3 41 95 117 55 2 17 60 22 82 38 5 118 51 114 75 12 39 20 48 67 32 116 81 29 61 77 19 106 8 84 101 50 107 102 87 9
117 84 61 18 72 109 5 25 64 92 12 105 60 47 1 76 4 38 35 75 73 17 106 11 70 62 57 37 20 110 53 93 103 65 30 88 26 71 15 6 95 42 111 68 56 113 118 94 24 34 74 80 114 52 89 36 14 116 104 46 22 23 10 33 77 49 39 58 28 66 91 13 102 96 8 98 112 2 107 29 100 48 59 44 19 21 79 45 41 99 81 69 27 51 67 108 82 115 0 55
115 75 57 43 80 21 16 93 84 52 61 108 10 67 70 83 46 47 118 76 48 17 27 24 23 31 15 25 111 28 81 13 106 96 114 60 94 19 12 49 55 42 18 1 4 86 85 8 116 36 102 105 109 41 33 14 32 29 39 113 104 63 82 9 53 6 51 78 89 100 44 92 99 37 26 77 98 74 66 2 45 58 87 0 40 62 65 71 88 34 64 35 20 7 38 56 90 101 107 95
101 62 63 16 21 32 69 22 106 56 14 40 73 25 57 118 76 80 28 35 12 55 44 1 98 70 92 24 8 115 94 96 86 79 93 117 110 75 111 97 51 52 95 85 60 13 39 107 72 2 105 33 102 82 68 4 104 91 78 74 119 43 90 9 34 67 114 5 48 87 27 49 45 31 100 37 64 50 10 53 46 84 41 89 19 77 116 81 113 99 17 18 71 20 6 59 23 38 88 58
109 104 20 64 28 57 41 74 85 112 69 114 95 79 65 99 53 61 5 47 0 102 87 16 19 4 14 11 6 106 8 35 103 80 13 18 26 119 77 84 93 25 42 22 7 62 92 33 43 24 30 71 12 86 83 115 66 1 97 70 32 27 101 59 54 23 100 113 56 76 51 50 88 37 68 29 81 46 21 39 75 48 9 72 116 38 2 118 36 44 110 78 111 45 58 15 89 82 98 10
91 43 105 115 80 51 74 52 16 113 79 59 78 98 118 40 56 110 19 97 100 58 60 39 61 84 23 6 94 106 13 102 31 57 37 50 36 114 15 44 38 83 46 65 17 90 116 30 109 14 104 9 35 77 111 2 70 103 11 0 47 75 20 64 48 24 21 69 27 1 71 5 22 41 96 101 12 10 49 89 119 93 29 45 33 32 63 76 67 26 86 7 107 81 42 88 3 4 25 92
71 14 53 75 111 8 86 93 21 94 4 68 31 79 77 89 24 48 84 55 17 65 49 1 82 20 101 78 104 105 64 58 62 117 35 5 6 25 54 92 91 99 43 11 63 3 85 95 2 116 0 44 33 108 46 83 110 115 16 42 88 36 56 34 74 57 10 50 22 81 103 113 32 60 67 90 52 13 7 9 70 38 72 28 47 96 118 29 87 30 61 66 51 41 98 80 114 23 40 100
37 32 38 19 49 93 108 117 35 50 41 47 81 5 113 54 95 11 92 72 107 28 14 4 63 89 87 46 76 59 91 110 29 53 58 98 73 68 74 34 85 8 80 96 79 111 64 112 31 51 13 2 48 70 22 33 7 88 25 20 106 84 77 30 39 103 1 114 36 12 102 118 97 101 9 52 57 65 119 78 115 40 42 62 60 16 18 10 43 24 45 99 116 17 27 15 109 105 66 0
51 16 61 9 49 10 83 92 60 97 15 104 28 81 54 11 22 33 46 67 56 6 8 47 105 62 87 63 117 84 96 107 95 30 74 85 115 101 108 53 20 79 88 7 18 70 44 82 13 78 12 1 43 3 112 14 21 23 106 64 36 89 69 100 39 45 50 24 25 103 98 35 99 65 55 111 73 40 116 48 113 31 72 94 42 29 34 59 32 77 109 93 5 75 110 71 19 66 4 17
74 75 50 111 76 25 116 55 35 73 29 59 89 40 64 6 16 60 80 56 98 83 33 70 108 0 7 36 90 8 85 49 39 110 15 46 93 32 48 63 105 42 41 27 18 69 22 78 65 43 82 71 81 103 112 19 28 52 100 79 45 4 101 24 102 114 14 53 95 99 91 26 113 13 54 84 58 17 87 86 109 119 11 97 10 34 72 38 30 1 12 3 67 47 57 2 107 104 51 20
99 119 101 7 28 114 40 6 59 70 48 16 118 95 82 61 81 56 54 62 111 27 113 21 94 109 117 32 115 75 31 88 51 29 63 83 79 11 36 41 1 89 2 77 53 3 78 116 43 5 35 34 12 64 97 49 105 96 18 108 92 26 65 85 103 47 58 19 84 69 0 107 52 13 100 112 42 66 55 33 38 71 9 106 102 50 57 110 45 73 76 93 10 87 24 44 25 23 67 17
28 69 63 66 74 93 56 35 87 43 118 15 105 90 108 107 95 48 46 89 82 114 113 44 62 53 112 23 42 79 75 92 91 109 104 100 57 65 4 33 86 61 68 9 72 88 116 40 37 30 73 20 81 3 83 52 106 55 50 96 54 101 58 64 27 102 22 85 119 60 71 26 17 7 18 99 39 84 76 8 1 59 14 34 111 10 32 29 51 16 115 80 19 45 78 25 2 49 70 13
94 37 108 85 93 26 41 106 20 0 118 87 27 38 56 53 10 22 21 16 58 42 61 23 99 105 55 40 15 44 31 34 91 109 73 12 59 97 76 62 82 28 113 19 51 78 89 43 3 57 32 98 114 75 45 2 17 47 70 18 14 110 36 92 107 90 11 6 30 88 4 52 80 84 102 65 54 79 117 5 24 67 60 39 72 8 46 25 35 1 50 74 66 95 29 71 63 83 68 9
101 89 25 37 61 71 63 119 108 22 19 10 74 86 30 0 26 21 54 50 69 116 56 31 67 42 12 65 45 58 99 60 40 13 7 20 82 27 53 91 83 59 112 49 76 88 17 109 38 113 93 51 117 78 6 104 48 62 66 75 39 16 55 115 28 95 9 87 80 8 79 77 5 70 96 84 14 4 110 103 24 106 34 94 92 98 3 15 33 18 118 47 2 35 57 32 44 41 36 29
108 112 3 111 14 110 99 46 105 63 20 15 102 116 48 2 59 34 10 103 61 35 44 95 73 40 1 16 106 96 100 56 52 12 64 117 39 7 79 84 5 70 57 53 72 80 83 26 38 0 93 60 27 82 76 118 4 36 17 22 90 114 94 42 89 49 85 30 119 67 101 37 66 23 97 6 55 69 19 50 115 77 25 92 41 86 104 98 32 75 91 28 62 9 107 8 78 29 58 109
17 43 81 34 56 89 20 108 104 84 107 46 41 97 29 72 15 114 0 27 5 48 42 115 92 54 16 99 66 105 32 23 38 60 109 1 75 119 96 47 86 68 87 31 44 79 62 10 76 40 9 22 13 98 69 52 90 50 35 71 63 118 110 12 93 61 14 94 18 21 78 116 59 65 55 19 53 7 80 4 103 64 117 49 24 25 39 106 111 102 36 77 51 95 67 2 112 45 57 85
3 7 9 70 5 83 19 31 10 101 108 43 39 14 87 76 94 64 74 80 54 6 119 41 117 63 66 110 49 11 103 20 85 32 88 100 36 45 68 86 78 97 99 51 69 104 16 26 77 23 79 71 1 114 59 50 115 13 28 47 38 0 91 2 118 55 112 89 105 96 29 8 82 67 111 95 21 46 18 81 98 40 75 60 12 44 4 25 106 61 72 24 102 93 109 113 34 62 52 37
76 0 67 118 64 22 95 88 111 57 40 31 60 108 113 81 110 89 70 25 115 101 94 86 29 41 74 1 12 112 10 46 78 33 13 24 75 84 18 37 100 92 43 66 107 93 53 71 63 9 20 56 44 45 65 21 82 26 83 96 69 17 36 79 48 104 14 117 116 97 32 7 49 99 6 91 59 87 52 73 58 47 3 38 28 90 11 109 105 80 102 98 15 85 34 119 4 42 106 103
57 81 83 76 6 28 69 88 73 27 24 78 67 43 105 35 116 55 96 118 45 30 63 72 53 111 48 47 79 117 36 61 18 97 7 46 99 33 2 115 9 44 38 39 42 102 41 11 19 64 58 51 37 90 112 54 82 14 98 25 16 70 113 56 103 8 5 93 108 109 23 119 107 50 20 52 71 100 106 86 31 12 22 34 114 60 26 110 95 74 68 66 104 75 29 80 49 92 91 59
57 13 45 107 75 55 41 21 8 50 2 71 56 17 95 100 63 15 24 1 10 32 77 74 22 78 97 112 94 16 84 105 0 47 48 119 30 65 60 72 92 7 89 70 66 99 28 39 25 6 102 73 42 106 62 18 113 86 4 19 46 44 23 20 82 111 14 53 37 38 52 3 35 96 98 67 69 64 88 80 31 115 29 43 36 109 61 9 59 117 12 108 34 27 114 87 101 79 81 110
38 71 70 117 34 103 78 66 86 90 50 69 88 79 59 44 36 115 80 77 96 100 74 99 84 55 98 12 112 114 35 54 57 87 83 97 105 11 13 1 68 92 33 31 22 37 113 52 14 26 49 2 46 107 47 53 40 32 17 43 64 106 65 63 58 24 85 39 3 94 110 18 5 27 10 109 95 41 67 45 118 20 101 48 56 60 75 29 51 73 42 91 21 0 119 19 76 61 62 93
107 82 11 13 6 27 74 4 34 102 42 23 68 61 92 65 36 73 28 101 51 100 112 90 54 1 37 97 75 45 87 16 30 21 39 89 38 29 31 15 57 114 78 55 84 79 64 3 88 63 14 118 99 5 81 59 119 35 96 52 108 94 103 115 43 67 24 95 32 56 113 69 10 9 25 26 18 60 44 98 71 8 105 86 7 85 12 0 33 117 62 41 53 46 70 48 106 110 50 72
89 59 19 98 102 69 114 7 4 65 117 116 105 78 110 14 2 62 67 79 72 115 26 51 101 77 80 92 36 27 100 41 56 54 20 23 49 12 45 5 108 39 111 118 18 119 71 52 9 48 10 106 53 46 40 13 32 44 113 88 31 15 60 99 33 63 112 95 24 11 16 17 76 84 29 61 109 21 91 81 96 93 50 22 6 73 37 8 28 74 107 103 0 66 85 3 82 42 87 86
95 90 84 27 13 34 18 20 72 49 110 33 101 61 91 71 69 92 37 6 0 107 96 52 12 43 46 25 26 60 116 39 1 30 102 50 81 28 98 15 112 16 63 47 66 104 17 87 97 77 57 59 19 111 73 76 32 83 51 62 10 56 23 70 14 40 115 67 114 79 42 2 11 103 88 58 7 94 68 21 5 106 74 99 105 31 93 22 48 118 36 100 53 82 86 41 108 75 109 38
57 49 8 98 88 109 89 25 27 50 101 76 83 62 70 65 60 45 107 71 29 68 114 46 111 43 106 100 112 78 91 13 10 37 0 92 119 9 3 53 59 90 79 15 11 5 87 51 7 95 17 19 103 40 55 61 74 24 110 1 117 23 63 80 28 96 105 52 86 72 31 6 41 2 82 47 32 75 30 54 104 14 115 102 4 33 64 12 35 20 73 58 44 81 99 21 39 69 94 34
15 81 63 85 43 115 24 118 16 58 77 22 23 70 0 87 101 17 4 65 73 79 102 109 37 11 96 13 107 27 19 95 110 97 86 93 64 59 112 117 104 56 90 100 78 66 41 5 116 51 47 54 33 20 89 45 1 52 35 10 30 106 88 6 28 53 84 108 7 75 26 113 39 83 69 3 55 80 48 50 32 71 111 74 18 98 29 68 31 38 92 57 8 36 82 91 42 94 49 72
79 17 119 69 100 71 5 80 95 113 75 49 101 41 86 45 31 105 98 87 114 85 18 0 112 20 43 76 73 48 60 97 102 8 93 32 21 96 16 78 54 36 38 34 82 9 94 12 89 70 92 84 57 99 35 108 62 63 109 64 33 40 74 26 47 23 46 90 83 66 53 61 39 15 11 116 30 81 27 42 51 44 10 22 7 28 56 58 19 68 88 65 118 110 52 55 14 91 2 13
68 15 75 97 96 94 31 37 101 89 44 61 46 16 33 39 27 78 29 35 57 0 62 50 70 106 115 10 102 14 99 2 82 13 23 87 12 114 38 109 20 24 4 25 53 34 21 8 107 26 111 116 55 1 65 59 42 112 51 110 11 95 69 43 54 32 36 60 117 100 30 48 79 86 113 91 83 28 85 3 98 63 9 45 118 105 67 92 22 71 19 103 119 49 7 41 90 17 108 58
60 37 20 82 6 12 22 117 97 88 27 92 113 55 52 57 74 69 119 34 84 7 40 93 35 53 66 31 96 24 70 85 90 15 17 105 8 68 42 67 2 43 116 80 45 54 4 62 50 102 48 73 21 112 106 87 59 65 100 114 61 89 110 25 95 108 104 39 23 38 13 78 41 86 111 107 32 56 51 5 63 58 91 79 1 0 101 9 36 19 99 44 26 49 64 18 11 103 75 30
10 8 116 64 13 75 63 70 73 79 57 82 15 113 0 20 98 18 48 53 31 87 94 49 16 76 47 77 65 97 29 43 107 112 56 41 33 58 51 5 74 91 62 40 11 7 52 96 27 93 80 109 95 39 4 78 25 19 3 103 28 111 21 110 66 92 101 72 60 37 61 26 38 86 90 55 42 34 44 14 71 32 68 108 106 2 119 69 100 17 9 102 22 30 46 85 36 6 54 59
41 7 86 104 56 82 112 111 45 30 88 116 13 29 60 103 38 27 118 52 19 76 39 117 69 119 83 50 35 24 20 32 64 94 8 33 57 107 11 36 97 23 98 59 37 114 58 68 91 66 108 1 16 93 21 44 75 49 48 109 63 105 18 12 31 53 43 87 54 89 96 55 17 73 6 90 25 26 3 99 79 95 10 74 4 2 65 34 51 28 15 62 0 77 115 42 40 47 100 78
23 33 38 64 12 60 13 17 6 71 41 75 46 118 3 25 36 26 58 92 74 57 10 99 94 47 114 14 51 32 24 40 65 98 68 16 101 42 95 56 89 78 2 97 102 34 115 55 86 88 0 77 44 52 27 50 18 110 79 22 54 15 63 20 21 90 48 96 103 119 106 4 5 116 105 87 67 70 85 29 91 107 8 83 104 73 35 9 19 84 81 28 66 30 43 82 1 53 45 80
73 67 104 108 31 87 94 114 2 20 9 47 6 107 26 71 0 27 62 106 18 68 113 48 44 112 43 33 116 74 29 15 97 81 65 5 11 105 40 3 69 41 96 14 39 22 25 111 19 118 52 95 8 1 49 51 50 84 55 110 32 46 7 82 115 85 90 76 78 59 86 70 13 54 10 21 60 28 75 88 61 45 77 109 38 72 100 101 117 64 56 119 80 92 24 91 37 34 93 66
29 7 108 4 47 63 16 70 99 80 9 37 10 55 2 15 72 44 94 41 69 57 36 73 49 17 64 103 117 101 33 54 93 40 1 88 43 19 116 21 68 30 26 83 20 62 28 25 111 98 56 46 34 106 82 48 87 58 24 35 32 12 76 105 6 107 60 71 79 27 115 66 92 112 85 78 50 90 97 51 109 45 75 67 104 8 110 86 118 52 84 114 59 65 119 42 5 61 77 95
116 17 77 64 27 108 46 21 51 118 78 102 73 10 83 14 45 110 85 113 20 26 90 88 82 55 109 114 5 101 72 6 31 13 112 68 3 24 87 25 36 50 105 104 0 93 76 96 30 23 103 48 99 94 43 58 84 2 19 119 62 9 12 15 32 22 67 44 74 86 7 47 41 70 107 61 52 39 35 63 60 4 65 38 111 54 28 69 59 66 79 37 40 115 106 117 34 75 80 29
77 0 30 5 27 47 106 43 38 78 31 39 101 113 33 59 53 10 103 28 69 116 94 110 95 40 29 12 37 26 56 70 108 61 85 20 15 84 23 41 104 93 114 96 71 90 58 18 52 102 1 74 72 97 82 9 81 2 66 75 42 34 46 117 98 14 25 115 60 55 80 51 19 8 67 44 32 105 57 16 88 63 64 21 50 100 35 109 83 99 49 62 4 91 22 112 111 24 92 107
4 30 85 46 92 105 15 20 36 110 106 114 61 95 19 3 94 22 6 43 39 71 86 52 84 44 75 28 12 5 101 80 98 49 77 76 99 63 2 54 97 96 93 11 62 78 53 70 112 102 108 60 48 14 9 51 83 59 65 68 118 116 21 73 37 10 34 13 115 88 35 47 66 23 42 58 119 56 74 91 117 26 100 89 25 87 64 81 38 109 27 8 7 31 82 104 55 69 16 67
20 103 116 45 30 16 108 109 48 65 93 59 107 113 25 72 5 22 70 41 68 95 62 96 112 47 99 80 97 3 14 23 7 71 0 100 89 55 61 51 39 79 19 110 90 60 88 8 106 83 94 32 49 43 75 84 81 1 56 18 35 29 66 38 119 40 77 101 11 2 69 50 73 78 53 42 26 87 46 28 9 105 114 63 6 15 104 57 27 58 44 4 82 21 92 17 74 24 102 37
51 64 72 48 70 80 55 111 68 83 30 103 75 69 17 77 28 114 117 91 22 89 12 88 38 106 25 41 65 108 34 24 42 27 1 36 23 71 47 96 14 57 46 18 6 20 54 60 112 109 37 110 101 93 13 16 67 53 15 44 39 113 86 66 119 104 95 92 98 21 79 50 116 40 45 78 32 0 97 118 52 99 84 5 115 63 43 10 82 9 2 74 3 33 105 61 107 11 56 35
62 68 91 56 115 50 61 49 23 55 110 2 78 59 39 93 97 37 69 21 40 19 10 53 108 82 72 41 44 89 86 54 112 74 24 101 116 67 13 103 31 75 17 20 51 96 64 99 48 35 95 87 104 22 111 83 38 84 102 4 16 6 63 27 5 25 88 0 12 66 11 85 47 42 18 15 113 65 114 98 105 100 45 43 94 8 3 36 73 32 26 9 46 80 81 57 60 14 90 119
92 97 110 94 22 113 28 105 77 117 78 109 9 104 4 24 87 83 54 96 84 13 51 19 95 106 89 8 66 33 43 60 64 73 76 10 48 42 55 1 37 81 12 32 61 34 21 14 103 102 56 114 36 6 67 53 23 75 45 29 16 30 58 39 0 41 63 74 31 93 3 35 79 49 7 46 108 40 65 70 59 69 27 88 100 2 90 116 101 26 118 25 15 80 57 112 50 5 62 99
3 104 45 8 67 47 91 20 108 32 51 116 33 112 60 119 55 97 66 37 50 27 80 46 38 52 53 79 10 106 98 89 0 110 11 14 29 88 94 18 19 82 90 30 103 61 24 28 73 85 72 117 48 6 15 71 84 102 49 17 35 100 57 95 99 69 4 74 64 31 105 26 23 92 113 56 65 1 109 34 68 25 114 115 13 83 75 63 118 70 36 54 96 12 5 9 44 77 111 40
87 48 68 53 77 16 21 88 63 0 50 55 14 83 5 69 79 15 72 66 100 93 71 58 33 78 94 95 75 35 34 3 70 11 96 39 23 105 97 106 62 12 29 103 24 61 64 82 57 32 104 27 26 31 2 30 52 86 36 114 108 115 107 6 59 37 22 40 42 13 60 10 117 113 9 80 25 1 76 54 45 28 119 116 65 118 102 4 43 99 41 101 47 111 18 90 56 74 46 51
39 90 89 4 109 28 54 107 101 106 102 49 114 38 74 6 34 35 112 2 59 63 1 108 48 60 19 21 97 26 62 10 93 99 56 98 72 46 77 73 80 40 66 67 23 57 68 55 111 69 36 75 71 29 76 79 65 44 92 18 116 37 84 117 85 115 30 91 41 51 53 58 52 50 81 13 103 17 20 45 83 31 43 8 61 95 47 7 96 64 82 110 113 88 78 9 118 94 70 27
31 67 91 11 29 52 92 77 114 116 71 33 4 42 58 75 47 100 80 2 81 51 68 7 28 119 103 113 50 60 54 8 74 37 3 61 16 104 99 48 27 45 9 66 101 41 87 102 117 62 40 88 59 15 94 23 57 18 25 70 32 73 112 93 55 6 86 36 17 111 110 64 30 118 43 34 35 69 19 98 109 10 24 65 44 89 14 72 108 38 105 22 21 1 20 115 56 96 82 0
68 107 92 36 16 98 21 51 18 77 2 78 49 39 114 32 37 52 8 108 58 88 113 31 76 56 11 66 90 64 81 96 91 112 19 86 116 65 44 83 73 40 22 27 82 17 80 3 57 117 43 50 70 84 85 45 48 9 30 61 26 25 115 34 54 106 55 79 1 13 10 20 60 46 24 29 47 5 89 104 87 59 4 110 35 97 53 33 42 71 119 105 118 109 93 0 99 69 6 41
1 2 89 47 57 44 9 71 106 86 96 49 41 75 80 58 35 25 76 99 98 82 48 60 115 118 39 87 55 38 112 59 102 26 103 97 53 34 92 78 83 28 13 64 119 54 81 52 33 45 66 93 43 10 5 62 32 65 73 22 61 56 107 31 0 77 36 94 79 50 23 8 3 24 101 70 117 74 67 105 110 46 27 108 19 18 100 21 11 4 51 15 88 29 20 116 6 40 84 114
88 73 75 49 58 119 17 39 1 101 18 99 30 32 110 90 103 52 63 106 114 24 12 46 43 102 108 111 2 14 0 23 50 19 83 25 34 81 33 96 35 76 36 31 115 80 45 6 27 97 79 57 69 77 61 98 3 29 107 113 55 5 21 54 15 56 71 48 117 41 62 118 94 37 91 7 78 9 67 100 10 40 44 85 65 60 11 16 104 4 92 38 68 87 74 105 109 26 116 28
118 62 68 117 59 113 93 9 11 90 115 25 101 21 42 24 102 80 3 15 36 0 45 65 61 54 85 96 48 46 87 22 72 98 28 103 79 67 88 38 4 37 8 58 111 64 51 20 86 19 106 69 81 104 73 44 83 2 5 30 17 6 50 43 60 32 75 41 29 112 34 18 12 35 23 95 16 13 7 74 89 66 107 27 116 119 108 94 109 105 33 77 31 52 82 92 97 47 40 55
57 32 107 82 49 3 105 97 0 67 93 108 86 63 94 44 64 55 95 1 12 10 39 52 118 18 25 27 71 16 111 51 88 89 33 99 77 91 62 9 59 114 102 45 104 85 21 15 84 58 103 72 42 101 54 100 2 109 116 31 48 56 46 98 36 112 38 83 74 26 96 70 13 11 40 5 113 78 53 73 66 92 60 19 6 17 68 69 117 37 22 20 47 115 24 106 43 7 4 65
80 81 116 47 114 20 52 67 107 38 83 91 61 21 42 98 60 46 26 28 39 72 43 16 8 19 36 84 68 32 93 111 50 110 65 14 97 6 90 76 104 85 7 106 34 62 70 109 37 64 41 115 94 2 87 118 18 86 30 59 55 99 96 79 73 74 92 51 117 119 103 66 15 33 24 78 3 75 4 25 71 40 11 35 45 100 108 13 63 53 57 48 102 89 95 12 29 22 5 0
67 26 24 35 7 13 38 0 23 52 104 32 49 47 103 100 95 76 17 5 88 75 117 28 31 74 91 94 65 71 59 42 16 77 10 107 41 116 12 115 97 43 19 57 46 36 25 63 68 86 51 81 69 98 92 90 89 80 30 18 48 101 66 102 40 108 44 50 70 106 96 37 112 56 99 1 87 6 39 34 83 33 62 53 79 22 109 11 4 9 14 114 20 58 82 2 15 3 55 78
30 105 76 31 63 26 12 25 112 58 7 22 23 54 91 13 111 4 52 20 24 116 101 33 107 78 40 43 110 60 28 51 53 62 71 106 68 35 50 97 49 108 75 27 65 88 61 109 11 1 34 104 74 19 2 113 47 98 92 44 115 77 83 9 45 95 96 80 118 72 0 10 59 29 70 93 99 66 56 67 16 64 38 46 55 81 85 3 48 87 79 15 32 42 82 8 86 100 14 18
21 85 93 1 19 9 43 31 35 103 26 92 65 44 111 10 107 83 113 76 5 33 98 79 73 94 88 36 2 34 51 12 119 84 17 100 38 0 49 118 24 117 112 41 54 15 37 86 91 57 105 52 50 80 32 81 14 101 60 77 72 53 108 16 90 61 3 63 22 95 97 42 71 82 110 59 13 106 87 27 68 29 45 64 48 89 7 46 74 66 109 69 104 70 6 78 4 18 99 11
9 72 34 102 15 101 90 19 22 70 94 46 105 109 58 113 116 56 106 1 6 95 12 53 13 39 99 64 71 21 66 91 7 60 57 32 4 61 54 107 93 100 118 3 80 35 33 114 78 67 28 24 0 97 16 37 84 77 25 59 82 47 79 73 23 18 117 14 75 50 88 89 69 68 86 11 42 44 103 62 48 115 2 92 36 74 10 110 17 26 5 111 112 49 104 30 38 119 85 52
78 23 102 7 116 52 15 35 86 36 92 4 22 0 103 31 96 68 21 29 77 11 79 105 43 82 5 50 67 18 93 48 84 72 109 112 81 57 41 32 20 27 10 6 95 71 60 61 118 99 74 24 45 90 38 39 33 59 107 70 12 111 88 34 64 94 1 9 97 108 56 80 65 117 114 87 98 51 14 17 91 75 30 42 55 3 25 40 110 28 69 115 106 76 19 85 113 119 63 16
100 82 92 69 78 43 94 117 50 21 23 72 97 98 47 115 29 3 74 112 99 93 90 51 77 34 83 4 87 89 18 56 109 86 84 114 80 35 118 7 107 73 71 68 101 67 28 14 12 62 110 54 11 27 88 9 70 58 13 10 15 81 103 64 76 113 32 30 105 26 49 75 46 119 63 96 44 0 57 95 60 37 108 116 41 106 55 61 85 6 5 8 59 38 42 53 17 25 66 22
86 78 113 22 58 75 33 34 93 116 80 52 30 16 115 77 60 32 48 50 111 95 88 102 85 107 101 74 27 28 51 49 20 44 89 68 112 15 26 24 99 38 82 71 40 23 65 54 67 55 100 91 70 62 12 76 18 25 109 94 105 56 83 1 57 119 66 47 4 79 108 103 21 104 97 61 72 73 13 114 81 90 9 11 106 69 3 64 98 10 46 92 39 84 117 0 43 96 8 5
71 2 82 8 68 96 77 92 102 34 69 67 95 23 43 110 111 42 105 36 41 80 11 84 45 117 94 50 63 91 89 19 114 51 72 7 97 27 32 107 100 28 74 6 20 66 26 1 14 101 49 13 119 53 59 16 58 93 35 55 61 60 30 37 112 25 54 46 98 115 85 56 78 73 81 22 29 90 4 52 64 113 88 24 108 33 106 47 103 5 65 3 104 9 12 118 38 10 87 83
28 4 0 14 108 105 73 79 25 76 99 30 27 101 104 36 72 12 84 53 103 18 97 94 34 23 117 66 70 69 10 100 71 46 107 49 29 61 114 89 119 31 115 67 113 40 7 93 22 87 78 16 90 3 21 59 62 42 96 13 43 80 50 106 98 1 74 2 45 57 51 58 33 56 19 75 82 112 91 83 11 81 9 54 102 85 111 37 20 24 77 118 65 109 39 92 26 68 48 38
96 72 47 43 52 1 19 94 23 17 48 18 15 26 41 63 4 54 88 28 61 30 93 84 105 3 78 113 86 11 110 95 38 119 42 58 53 32 77 97 75 65 44 21 27 40 91 59 20 31 82 89 56 99 37 116 101 80 114 68 9 92 90 34 46 76 117 22 111 98 33 24 25 14 13 16 12 108 67 81 100 57 85 66 103 118 83 51 10 2 7 50 6 79 73 115 106 45 71 29
52 32 106 112 67 68 111 40 23 69 24 55 49 94 13 105 60 21 77 29 18 95 28 17 89 65 53 57 70 16 72 103 27 30 99 118 15 114 7 90 113 2 46 14 6 39 84 25 85 71 10 1 64 75 83 81 73 108 110 51 36 93 3 5 41 100 9 86 31 26 54 12 19 104 0 20 38 44 62 119 37 107 42 79 74 50 102 43 48 8 87 22 33 58 96 115 59 82 109 101
51 17 47 99 83 8 103 63 117 37 35 100 77 76 118 9 115 36 67 21 91 3 92 90 59 86 88 5 30 20 110 93 16 1 65 87 98 113 75 105 22 64 72 48 62 12 104 33 116 40 58 14 32 34 2 44 55 26 107 96 45 79 13 38 97 18 94 102 70 49 71 42 61 69 6 0 4 19 68 31 85 41 56 60 106 11 46 10 53 84 108 74 24 15 28 50 43 23 78 95
28 108 35 59 95 64 98 40 75 42 29 68 24 11 5 105 63 119 70 15 22 8 19 87 83 69 92 32 106 62 56 112 78 46 89 111 60 72 57 33 43 41 37 31 97 52 116 25 107 49 84 34 50 74 110 73 67 115 6 81 36 58 117 16 66 44 47 17 94 30 23 3 82 10 71 76 54 55 96 114 100 39 93 51 113 65 53 12 99 9 102 86 91 101 79 45 88 90 77 14
57 108 112 92 6 3 44 15 114 1 10 80 90 84 95 118 24 61 65 38 99 94 25 81 27 42 28 97 63 105 79 48 17 107 83 76 32 89 40 91 11 111 74 30 67 13 60 29 109 73 41 53 78 26 102 12 7 45 23 58 116 51 16 68 8 36 62 37 113 77 19 88 93 115 86 52 87 46 21 100 103 110 39 31 54 72 50 18 5 35 0 106 85 64 98 96 34 2 69 66
78 88 74 46 4 16 119 75 41 3 26 59 70 81 7 15 13 111 61 69 49 97 110 28 86 48 113 71 56 21 25 67 115 76 87 68 38 79 99 109 104 108 22 77 72 112 10 116 14 5 64 96 83 118 8 85 6 1 11 19 51 31 95 20 29 91 39 2 57 17 101 89 55 34 32 65 105 36 100 37 52 0 18 12 63 23 102 94 114 66 54 73 9 62 93 40 92 47 44 35
109 67 110 101 74 84 77 93 41 12 60 105 10 42 8 50 19 80 62 70 92 0 87 16 54 115 82 106 22 57 24 14 73 103 43 18 6 44 102 58 107 25 79 97 113 65 108 100 2 33 95 117 45 81 4 30 23 68 21 56 64 9 59 104 51 53 114 34 7 86 5 89 119 20 17 90 48 96 52 40 69 76 36 31 29 71 37 55 85 38 98 27 94 63 61 3 28 88 47 91
39 102 14 115 56 117 77 38 35 26 11 3 16 73 69 18 109 114 78 95 118 57 21 94 90 8 36 58 64 45 37 47 28 0 68 108 113 98 104 72 32 42 7 116 99 67 70 19 40 20 112 89 15 96 9 50 119 97 100 30 111 2 51 55 80 59 52 107 49 54 106 83 93 103 81 66 92 85 1 110 41 71 10 29 27 22 25 74 43 4 75 87 82 13 88 23 33 62 46 44
56 55 21 99 16 48 110 109 60 96 67 79 27 106 2 10 32 63 30 54 83 117 91 12 5 19 108 97 14 31 41 70 53 33 11 90 66 85 9 29 74 86 38 92 24 68 42 75 103 71 89 88 25 13 80 69 34 50 102 22 47 40 81 77 82 94 0 93 44 65 18 95 39 4 57 36 118 76 101 98 49 84 87 6 1 7 45 20 113 119 116 72 104 35 112 28 23 64 15 17
57 29 74 18 105 71 113 61 33 28 104 41 118 80 82 37 16 100 73 6 54 7 95 83 108 92 51 112 85 22 93 45 50 110 76 26 9 12 49 87 119 13 68 94 114 89 115 11 15 62 111 53 14 17 60 10 97 35 42 72 46 30 39 90 56 79 48 103 5 34 0 8 91 86 78 59 99 70 102 23 4 88 20 109 55 43 77 38 75 21 107 116 32 98 81 44 96 24 63 27
90 83 52 37 65 17 25 105 51 5 43 91 10 45 79 75 60 59 100 55 77 18 27 78 63 86 22 48 97 29 102 118 12 24 2 7 112 56 15 0 4 34 44 115 3 98 54 92 72 69 57 26 64 46 88 119 101 6 1 103 82 23 66 107 13 71 116 36 28 109 104 76 96 50 89 38 87 11 114 20 31 81 19 74 95 47 40 110 94 108 111 35 93 80 117 113 84 73 68 49
77 66 119 58 72 6 25 82 39 102 13 12 90 116 108 1 75 101 44 104 105 69 89 16 11 91 0 93 21 83 60 52 45 96 57 71 23 2 15 51 4 115 43 28 64 46 53 79 76 117 56 113 41 36 54 9 32 42 92 20 84 109 24 62 73 95 5 118 114 38 81 103 27 74 49 70 7 3 78 88 14 50 37 67 110 111 61 40 26 107 99 85 63 94 47 59 19 30 65 29
114 62 61 59 84 12 23 97 88 75 6 14 28 80 10 38 11 71 8 49 52 58 15 13 45 95 3 46 82 100 112 50 26 63 69 87 16 27 44 66 102 19 56 5 105 92 103 113 74 9 60 83 42 93 18 24 68 43 78 109 77 2 36 108 111 48 81 17 0 110 76 94 65 33 31 116 119 7 34 72 55 30 57 4 64 96 91 47 41 40 1 85 35 101 117 79 73 107 115 51
11 75 64 65 33 81 79 26 59 49 96 76 88 15 31 62 55 69 18 119 105 117 8 87 63 73 86 90 10 40 100 74 106 61 92 72 85 83 6 28 4 2 97 24 116 34 7 98 95 93 107 113 0 51 82 42 103 89 52 108 21 14 80 29 30 114 111 9 43 36 99 16 102 45 58 23 109 56 70 27 1 17 47 78 46 50 44 13 101 54 5 19 94 68 12 39 118 104 77 91
0 54 42 1 9 94 36 31 82 29 70 20 26 63 32 109 30 23 99 77 91 44 83 92 103 35 112 51 102 13 117 111 72 56 5 12 50 81 71 47 97 19 119 25 45 60 114 104 27 78 93 48 90 11 34 2 96 95 21 75 53 49 58 84 110 85 61 69 62 18 10 86 73 28 66 107 41 24 108 22 17 67 79 89 15 55 3 37 39 101 88 46 6 68 98 57 87 40 100 65
84 7 34 119 94 60 81 68 50 90 0 4 51 36 77 48 103 69 108 59 95 73 111 112 92 114 33 101 86 72 85 44 55 96 61 39 2 25 3 49 32 42 118 16 66 20 45 40 21 43 78 38 41 5 74 15 26 93 87 106 89 76 105 100 80 9 64 23 29 58 8 10 28 109 62 82 63 70 75 99 27 110 14 56 115 113 30 52 11 54 97 91 6 12 117 65 31 83 18 107
91 95 39 85 31 12 83 20 112 61 89 82 102 0 11 99 93 5 119 87 53 92 6 90 29 46 77 43 59 72 50 109 105 56 69 19 34 116 101 40 58 81 64 18 70 35 74 33 37 2 22 100 79 52 86 115 62 65 28 97 3 49 60 94 98 7 9 30 45 63 54 36 118 96 88 10 23 108 42 47 27 38 75 1 44 114 21 8 24 16 48 25 68 41 103 104 84 26 71 67
72 53 68 23 18 86 64 11 13 96 31 79 0 99 27 88 20 116 94 87 93 78 30 84 45 110 24 103 117 90 75 33 71 58 40 61 80 82 55 65 73 16 85 14 1 69 3 98 21 41 108 32 51 119 37 106 48 5 36 107 49 83 66 91 70 25 22 52 112 115 35 74 10 46 118 102 57 47 17 113 95 44 114 105 12 43 62 77 63 50 59 56 6 2 4 67 19 54 8 81
10 24 64 26 9 87 75 59 78 104 98 37 82 36 89 12 102 47 1 99 3 107 74 56 58 27 20 35 4 77 79 46 14 114 71 117 21 31 67 66 80 22 119 57 84 54 76 2 94 53 11 38 28 65 30 42 39 116 109 85 72 34 96 93 40 70 111 118 108 44 49 23 51 110 95 63 69 18 100 32 7 88 73 33 45 60 105 52 43 86 16 50 97 5 106 62 6 19 83 48
93 99 77 52 89 32 65 109 70 101 45 113 7 118 88 40 37 94 31 3 59 4 62 61 116 28 80 44 54 17 49 87 9 83 72 41 42 106 63 69 115 27 51 67 1 95 0 105 30 43 85 71 86 39 97 35 81 112 92 18 90 33 102 13 119 29 14 53 96 104 79 82 21 36 8 20 19 23 68 74 91 58 60 57 114 38 110 108 55 111 107 5 6 24 11 50 84 47 56 66
109 26 96 108 115 31 112 103 39 93 83 37 88 46 7 1 91 40 14 8 45 52 92 2 58 89 66 79 49 95 67 59 17 73 11 18 41 86 23 87 44 113 24 72 15 42 77 74 51 98 90 28 106 38 118 3 78 54 94 61 75 107 82 105 99 0 101 80 16 85 47 81 33 65 55 60 34 20 62 119 35 13 19 27 114 111 57 36 69 70 5 63 76 84 100 6 56 104 50 97
102 98 33 80 84 109 14 41 54 44 18 79 71 30 78 16 73 116 81 34 64 35 86 56 61 91 85 49 32 97 88 37 57 29 92 10 83 9 70 62 117 46 15 42 24 22 89 31 11 82 25 112 47 28 95 13 23 38 58 113 51 59 43 0 3 8 66 40 108 17 101 94 52 67 50 93 36 12 114 74 111 87 69 5 118 63 19 53 103 6 26 100 65 55 68 106 39 96 4 1
66 57 14 49 12 80 71 113 45 9 13 98 92 60 19 48 52 68 29 54 1 23 47 6 78 39 87 31 7 93 99 20 105 104 81 16 101 15 44 100 70 86 2 108 76 43 111 17 72 96 3 94 59 32 51 89 61 56 28 74 53 27 106 58 18 107 26 119 50 117 91 118 34 35 73 65 84 46 85 36 75 79 77 116 102 64 55 21 83 114 0 4 30 25 22 97 38 95 63 10
115 99 77 7 88 110 70 44 55 15 85 116 39 107 79 50 24 97 111 109 73 31 84 42 57 49 82 78 52 2 93 92 54 103 43 41 14 56 66 25 47 108 119 32 113 62 69 18 35 114 89 10 91 68 40 9 90 1 83 16 53 46 19 74 0 38 112 98 36 65 6 87 20 13 105 95 45 4 80 5 3 81 48 118 23 60 61 63 27 28 75 21 117 11 58 76 51 33 106 100
48 22 53 56 111 37 82 113 79 64 34 85 35 14 88 38 47 43 46 32 13 80 39 115 30 57 105 74 96 2 70 71 25 62 42 87 15 73 83 33 21 24 55 61 69 0 17 78 118 114 29 117 7 106 98 45 10 95 77 4 8 28 104 93 86 97 112 40 67 18 84 44 94 72 68 26 91 109 89 102 76 23 63 12 11 36 101 6 103 3 66 52 49 50 90 119 107 59 31 9
38 92 78 111 26 100 67 63 56 5 73 12 119 104 47 33 116 29 11 115 106 23 51 10 72 69 52 16 102 32 54 87 82 68 110 19 25 66 3 46 17 4 59 71 80 20 21 28 45 74 40 2 118 62 6 112 117 55 58 22 86 31 107 114 61 24 94 41 64 35 42 76 88 95 60 75 13 81 96 14 91 108 70 85 36 79 15 105 39 18 83 109 48 27 89 103 93 98 34 90
101 21 79 23 55 93 96 63 15 39 36 11 18 32 38 20 74 59 86 25 51 116 54 69 102 85 81 42 37 107 28 100 48 9 56 89 91 27 52 47 118 66 57 90 75 24 110 19 109 43 58 22 106 16 98 78 34 84 0 65 114 97 73 7 108 26 5 33 104 35 46 94 119 95 64 112 31 30 61 99 60 10 67 113 71 53 88 13 105 92 50 49 4 115 87 12 29 17 2 40
57 31 10 32 97 33 28 63 34 92 77 39 69 75 49 93 9 66 65 87 51 42 101 68 16 47 82 90 26 17 79 116 88 41 60 46 12 86 74 113 115 22 83 19 111 94 114 20 104 30 44 107 85 59 96 4 71 23 37 80 38 106 25 99 119 78 84 43 11 29 21 102 40 53 95 61 110 108 58 14 48 72 109 18 35 81 13 100 55 103 54 24 7 3 117 2 105 27 89 15
2 113 57 48 54 67 117 88 58 73 34 116 66 42 71 100 44 31 98 90 104 0 68 99 97 46 21 80 75 38 79 81 50 6 22 83 72 35 105 30 9 86 36 60 110 114 94 108 111 37 14 32 91 29 63 3 28 53 118 103 87 96 7 4 70 102 101 95 24 107 5 106 77 10 115 47 85 69 112 1 17 119 13 78 76 40 16 74 27 92 109 8 19 41 39 45 26 64 15 62
45 78 79 31 27 87 90 55 100 7 41 24 38 80 65 61 103 22 49 32 94 23 105 9 112 76 72 64 4 99 12 106 67 43 107 118 28 18 110 97 115 17 71 101 8 30 58 84 48 88 56 40 44 113 54 16 60 93 10 53 69 11 59 37 92 116 35 86 34 75 15 66 21 46 19 81 1 82 47 63 68 5 50 85 52 33 114 36 13 89 6 104 57 0 96 74 77 111 25 95
98 106 11 117 46 27 59 36 50 26 23 61 7 63 64 69 77 82 13 70 20 51 93 22 14 66 32 57 21 100 99 45 78 72 86 74 112 109 17 29 18 35 88 9 8 52 10 79 76 19 95 1 110 115 41 4 101 90 113 68 103 0 116 58 73 119 62 2 44 97 118 104 91 71 16 96 53 56 24 65 105 40 48 31 28 15 43 81 83 55 34 12 33 85 94 60 75 102 111 39
89 99 47 104 81 23 52 12 115 80 43 74 79 3 39 73 92 113 64 4 9 61 111 60 27 26 19 116 55 109 13 63 6 90 105 53 40 34 108 38 32 36 0 10 110 69 15 56 77 57 93 50 85 94 48 83 14 16 31 66 20 7 107 11 21 8 101 100 75 25 71 22 102 33 17 41 95 24 28 87 106 18 58 62 119 51 44 114 5 29 46 103 54 84 98 65 67 70 1 37
12 16 106 29 82 7 34 42 84 14 3 0 55 107 23 72 37 103 85 35 64 73 65 58 74 45 15 97 44 26 51 32 102 77 6 41 95 30 110 93 69 9 22 81 49 46 70 53 88 105 108 117 8 109 86 56 17 115 5 11 68 38 4 2 52 118 119 21 112 80 28 39 63 114 20 75 67 100 60 90 33 19 66 27 113 91 1 96 71 40 47 98 111 104 76 43 10 36 24 79
10 63 43 5 104 67 22 45 39 33 1 53 29 79 8 27 117 70 94 34 82 68 0 31 119 77 54 93 62 19 15 51 115 14 110 105 118 74 38 97 113 96 80 25 52 3 75 26 92 11 57 18 50 12 36 41 30 84 55 37 100 109 102 16 61 107 58 98 101 65 86 40 48 7 44 76 64 28 4 24 89 17 23 9 46 78 87 72 59 42 108 60 88 95 85 13 91 112 114 47
29 108 80 68 14 102 101 117 50 54 35 61 12 79 11 55 111 18 43 106 67 20 3 53 88 15 104 60 103 2 62 38 97 71 8 90 76 51 46 66 17 92 45 64 113 32 22 73 5 56 0 28 41 74 99 26 19 39 9 94 91 16 33 7 114 77 84 98 89 30 83 110 25 81 4 100 65 23 118 109 48 112 6 85 82 1 44 21 58 95 52 93 116 37 31 70 86 49 75 13
84 101 63 31 94 50 102 112 4 59 114 41 92 40 62 19 97 74 95 23 48 51 89 45 54 53 8 71 25 91 118 56 68 110 65 55 99 109 34 60 69 93 96 17 39 72 44 26 113 80 104 52 73 46 35 106 32 105 22 98 76 5 43 6 37 33 20 108 15 83 115 10 3 13 47 7 116 86 66 70 81 82 117 14 42 111 11 30 61 78 107 27 18 16 64 12 0 58 119 77
72 48 58 27 59 81 33 114 4 45 40 16 74 34 15 69 112 0 3 11 44 13 31 78 37 23 57 92 84 56 94 53 109 61 7 76 2 66 100 25 41 110 62 107 22 39 77 1 50 52 6 60 117 96 19 95 67 80 111 29 115 75 118 99 36 18 97 68 89 85 55 106 26 65 103 30 35 82 47 105 73 54 87 64 9 17 101 104 32 20 113 12 8 46 28 49 71 21 98 10
40 94 21 98 48 9 100 36 80 20 6 110 55 88 85 5 28 105 82 95 56 15 72 18 112 34 92 115 104 107 25 84 57 19 69 58 37 2 89 46 101 7 79 47 33 42 97 93 41 106 73 8 65 11 114 26 81 4 108 54 0 76 45 117 1 96 111 63 39 66 74 50 52 67 62 86 35 70 3 113 119 32 60 51 59 14 10 43 53 109 17 71 12 75 91 49 16 87 30 29
50 68 10 109 60 47 42 8 78 83 99 98 63 67 113 36 119 108 0 13 22 41 4 74 117 52 84 11 111 24 30 65 35 102 16 115 85 51 21 48 89 118 5 103 33 72 58 28 9 80 101 70 87 40 90 56 37 105 15 27 64 17 71 59 114 32 29 57 23 25 2 76 19 88 86 81 38 110 75 97 82 34 77 20 49 91 44 69 1 79 46 43 112 45 107 73 54 53 92 104
118 29 47 112 61 59 100 101 67 66 98 44 72 68 110 111 62 113 26 20 82 95 63 54 65 33 106 74 37 117 3 108 30 45 19 91 46 94 31 105 71 17 13 7 36 64 92 8 43 41 40 69 103 70 109 87 58 107 39 16 83 81 27 51 21 85 15 73 6 48 52 77 55 12 25 14 96 104 24 116 60 75 38 119 11 99 89 32 42 97 5 53 114 86 18 9 79 1 88 93
75 107 97 113 27 73 108 118 13 36 35 52 44 112 60 111 24 91 50 51 88 57 45 5 83 65 8 2 48 76 98 25 81 19 38 11 72 104 78 90 106 37 95 114 39 46 42 23 71 29 34 92 22 16 26 69 1 43 7 59 101 94 109 0 33 80 67 9 64 79 18 84 87 96 86 56 63 12 54 105 21 74 82 85 31 62 10 77 4 53 20 6 3 40 116 70 110 115 30 32
8 42 76 86 73 100 115 89 107 75 62 51 113 48 66 65 17 90 37 106 27 63 23 2 14 102 20 95 15 22 6 10 69 29 34 112 25 21 105 85 96 54 108 61 93 44 79 64 4 68 43 9 91 16 109 3 31 97 18 118 74 82 59 70 58 35 30 83 52 92 67 11 117 49 56 12 101 13 41 19 55 60 26 103 36 7 77 110 80 99 78 81 28 40 57 119 98 38 53 5
94 36 6 106 25 76 41 111 29 35 86 54 103 108 99 66 13 38 9 84 104 71 77 37 109 83 98 89 82 80 12 28 2 21 116 100 31 74 119 115 32 52 7 47 18 92 10 8 45 95 102 113 19 68 101 56 118 42 87 16 49 15 11 39 46 50 30 64 44 60 105 97 79 22 48 57 58 51 5 107 70 112 81 91 59 117 24 23 78 75 67 73 33 40 14 20 114 55 72 63
1 112 38 69 8 65 30 118 28 13 32 99 45 60 48 10 110 42 16 43 50 70 96 78 53 59 82 63 86 41 18 114 23 33 80 24 61 75 51 117 44 85 119 92 37 39 40 71 11 34 111 12 25 73 76 36 4 105 115 19 9 20 56 97 21 107 72 54 3 66 7 2 35 77 47 67 64 90 5 31 14 57 81 74 113 104 100 55 52 84 93 101 95 15 87 26 98 49 6 109
111 100 45 72 7 54 105 19 23 34 56 85 102 67 107 33 22 94 37 29 81 17 91 39 93 114 66 62 25 88 70 97 86 53 96 15 104 73 110 87 108 1 115 89 84 90 69 99 112 50 8 27 71 68 9 13 12 92 79 5 77 58 21 60 38 76 116 2 109 83 4 64 18 103 82 55 26 44 75 20 57 118 48 31 46 52 119 10 98 63 16 11 47 51 59 24 6 49 80 74
1 51 64 5 31 88 109 43 80 99 85 100 74 97 73 87 71 86 59 17 83 46 101 34 61 94 36 26 119 77 19 25 68 41 20 4 112 57 0 93 45 79 8 58 106 38 52 92 37 90 54 35 113 63 95 107 103 3 48 117 60 40 89 10 11 2 102 114 96 15 78 82 70 49 118 98 6 24 65 111 12 75 53 104 72 44 9 47 32 110 21 50 30 13 33 28 27 23 39 18
12 38 72 92 7 40 97 28 74 14 19 34 86 24 115 44 58 64 118 105 63 3 79 18 95 22 80 65 26 39 35 108 56 43 61 29 68 17 75 52 110 114 36 90 81 13 9 91 85 99 89 21 70 117 4 49 27 116 23 8 102 5 87 113 84 33 45 37 69 73 57 111 48 94 51 119 107 54 106 96 53 101 77 93 55 76 32 16 31 67 0 46 25 6 47 42 50 83 66 100
66 26 43 9 50 119 93 34 55 89 46 116 41 115 84 31 106 17 44 10 13 90 64 1 7 22 80 38 70 78 97 56 99 16 53 63 59 117 65 85 15 35 68 76 25 3 45 111 104 86 87 28 79 109 32 112 29 5 98 57 8 23 21 37 18 39 60 100 52 73 118 95 91 81 12 40 54 74 58 19 102 114 69 48 2 6 103 62 101 83 49 108 92 33 20 96 27 67 42 71
10 113 110 45 88 38 77 119 3 65 34 7 106 109 28 30 43 48 97 61 85 115 37 42 58 60 33 96 82 64 95 4 112 25 12 114 66 100 1 36 21 54 11 31 23 107 118 69 68 75 47 67 76 79 78 63 83 14 52 57 16 13 27 40 116 92 50 46 90 2 41 5 98 105 87 103 72 93 56 51 22 39 19 15 99 102 104 91 80 35 111 9 70 26 18 20 71 84 74 49
0 84 65 78 62 22 106 61 34 95 75 68 117 14 57 119 12 92 48 104 91 64 67 38 93 70 44 109 83 31 76 55 36 96 107 97 60 13 8 33 111 27 86 42 9 43 24 1 40 73 37 112 89 11 29 66 16 87 23 115 74 81 10 54 25 88 45 41 99 90 2 18 79 19 102 118 32 26 69 59 46 77 35 105 47 30 71 50 58 82 72 7 20 103 108 28 85 17 52 5
115 55 100 33 69 73 9 18 91 34 45 2 86 43 101 41 15 29 5 90 103 97 80 16 95 57 32 94 54 113 79 89 99 36 13 26 112 24 66 46 44 7 3 4 105 59 48 60 51 98 109 81 104 118 117 72 68 67 76 1 35 107 85 23 110 116 74 42 30 12 71 40 75 92 53 11 63 39 52 64 37 119 27 49 56 108 106 38 19 8 21 65 17 78 88 22 84 96 93 47
115 50 42 24 27 3 5 117 66 13 53 68 102 118 45 37 1 97 58 104 60 8 73 55 116 14 19 17 11 84 56 114 92 62 70 51 39 18 108 35 44 82 57 93 59 69 25 9 29 111 21 38 107 31 74 80 22 65 41 48 75 81 7 119 99 10 101 85 83 46 32 113 71 94 33 77 98 61 112 89 105 67 88 49 2 23 63 15 43 106 78 54 90 110 6 76 86 52 47 0
72 111 26 19 39 2 45 25 88 27 78 51 54 66 114 9 75 49 58 65 76 80 7 35 90 23 63 0 14 103 47 107 84 59 98 89 102 21 116 52 118 112 92 36 62 94 31 69 91 64 28 85 40 108 119 79 12 61 18 86 15 50 53 105 41 101 110 97 37 17 33 48 8 44 56 81 43 5 109 74 34 100 104 4 83 32 82 24 93 6 3 55 42 106 96 13 30 68 99 60
63 80 96 57 119 72 55 25 28 59 79 77 87 109 32 66 21 70 1 36 35 29 23 62 65 6 37 85 69 22 34 50 67 19 51 75 8 48 103 46 71 105 18 24 0 78 43 84 111 110 97 93 53 17 54 38 76 13 95 14 45 3 58 73 94 49 115 102 91 42 90 113 116 30 40 10 104 68 12 64 15 2 61 47 33 26 7 107 117 60 108 101 52 16 81 39 83 82 86 31
48 90 88 42 17 1 74 29 43 58 68 54 49 114 12 46 30 41 52 94 28 25 78 59 55 107 19 23 62 38 4 81 118 6 110 60 7 99 8 73 113 45 69 93 106 34 64 77 98 14 109 79 3 97 117 92 87 10 100 53 105 13 21 70 33 83 2 47 27 91 111 67 26 108 84 102 95 101 72 0 57 119 11 15 22 65 103 61 51 39 37 116 82 24 9 66 80 18 40 56
98 29 38 59 28 105 27 34 119 67 11 93 69 71 108 33 84 65 99 1 12 42 118 40 26 104 72 110 70 74 102 35 64 13 66 91 41 6 101 96 57 112 87 56 43 61 107 113 37 95 16 51 30 114 90 48 23 80 39 115 9 83 82 2 8 36 75 106 76 97 62 31 79 45 52 5 53 3 88 7 77 103 50 109 49 78 21 73 46 116 100 24 58 54 0 19 47 81 55 68
39 49 60 89 115 113 56 9 16 45 1 21 71 24 77 90 57 30 114 69 53 111 81 109 94 82 93 75 116 87 74 18 29 14 15 102 112 27 31 32 17 64 104 5 85 8 103 48 11 108 50 97 65 54 67 10 3 59 25 33 7 61 23 58 51 66 42 44 2 43 83 100 47 37 91 4 68 13 106 19 63 35 88 41 92 0 72 80 84 73 62 22 55 117 20 28 38 46 12 98
104 93 36 35 58 37 91 55 60 16 0 72 21 46 41 62 17 18 20 92 80 19 32 13 97 15 103 64 111 100 9 61 109 8 2 47 66 11 50 4 7 78 10 42 14 86 22 56 52 45 116 38 69 59 44 6 27 5 68 26 112 67 3 40 1 95 70 83 31 113 115 107 94 106 25 77 29 108 12 82 75 102 57 53 105 114 110 81 33 51 28 101 63 39 76 54 73 96 48 79
84 79 80 67 12 32 40 69 92 0 71 46 102 23 116 105 95 88 101 112 9 72 104 99 73 97 37 63 5 28 21 76 44 56 13 86 17 70 7 55 78 103 75 98 107 10 35 38 11 58 43 24 114 61 26 108 41 48 91 47 4 118 110 68 89 3 29 111 6 90 113 117 30 36 34 27 66 74 57 94 8 93 62 18 14 83 77 19 31 22 49 16 115 81 2 33 64 100 20 54
45 54 34 50 35 8 90 100 27 58 72 113 83 73 67 81 40 6 109 17 78 32 61 13 63 16 62 111 119 52 64 116 99 69 84 57 108 41 118 70 103 1 77 85 68 24 75 0 4 91 76 89 65 59 87 66 23 25 20 97 101 38 18 93 115 10 102 49 96 19 104 33 29 43 94 2 28 9 56 15 79 39 107 44 114 30 53 46 95 60 110 5 22 7 12 86 71 51 47 48
70 29 82 109 119 66 39 13 63 94 42 87 115 36 45 1 9 40 14 43 58 89 80 64 2 27 35 65 60 12 34 117 30 71 17 54 104 38 56 106 33 103 90 7 4 32 102 97 57 98 61 118 96 79 88 86 49 23 85 105 55 19 100 21 83 110 76 28 72 78 48 84 31 114 47 74 15 77 108 91 62 6 67 46 5 50 8 10 11 3 73 51 75 93 59 44 95 113 81 20
23 7 29 38 69 8 92 106 36 72 88 33 78 19 75 53 85 83 114 119 48 71 96 51 79 35 68 110 109 46 6 2 56 39 84 94 41 107 11 27 116 16 62 43 15 0 117 59 101 52 67 47 9 82 54 76 100 10 87 81 70 89 73 20 58 1 17 65 60 50 102 112 97 93 30 118 113 37 13 104 108 31 61 57 18 26 99 55 40 74 45 91 5 111 80 42 98 28 34 14
87 92 29 57 81 40 108 58 86 52 2 26 112 93 42 79 19 82 48 59 8 91 107 3 36 83 73 10 78 11 96 23 109 104 116 32 64 14 60 55 30 102 94 72 74 0 95 56 16 51 34 45 118 25 37 41 88 6 106 115 50 1 103 27 17 44 13 28 4 61 33 75 111 7 113 20 77 43 98 71 101 65 80 66 69 110 53 24 47 68 9 18 54 49 39 62 38 84 35 31
89 119 50 70 67 0 1 64 71 102 16 5 17 12 43 58 77 14 42 115 22 60 57 49 76 101 85 98 103 99 113 51 106 91 39 18 96 31 20 74 41 90 88 105 30 118 112 65 6 116 79 34 93 54 73 28 21 55 72 11 94 61 33 87 78 108 24 27 25 8 32 29 100 84 86 111 80 53 68 69 2 62 4 52 81 36 83 104 75 37 114 13 117 107 10 15 56 92 44 59
95 67 118 55 38 5 45 90 32 19 117 57 33 14 53 66 99 79 25 10 61 92 18 3 93 108 104 62 56 36 48 43 54 31 77 17 58 29 69 101 13 74 100 88 2 49 51 75 44 78 34 96 63 114 23 40 41 9 39 26 72 82 73 11 81 20 27 21 65 12 103 1 102 89 71 115 42 28 119 111 109 85 60 8 94 97 52 4 50 98 0 64 7 76 105 6 15 113 68 30
38 79 15 97 92 108 95 94 7 45 20 104 90 12 102 78 29 107 34 3 59 37 110 43 74 72 41 69 8 81 26 82 84 19 91 118 96 75 14 85 109 54 67 114 61 46 99 50 63 10 22 53 52 117 100 47 23 51 17 71 6 113 56 76 68 44 64 39 60 48 112 33 103 28 58 115 2 106 87 66 25 70 105 18 93 88 4 32 62 57 55 101 24 119 0 21 111 40 13 1
93 96 63 78 6 91 62 29 98 28 66 25 1 43 72 32 114 44 87 101 24 5 22 117 84 90 58 103 77 116 23 60 26 68 11 75 16 97 67 53 94 104 61 2 55 59 34 18 57 106 112 14 118 108 4 39 9 95 113 54 80 8 82 36 115 76 19 3 0 48 12 81 70 56 88 110 107 49 17 105 119 42 27 71 74 52 51 10 92 47 20 13 41 38 45 85 83 30 65 111
58 8 78 42 89 21 84 116 27 79 77 30 115 63 91 49 101 18 81 55 36 103 95 24 51 92 32 93 64 59 65 38 46 6 82 1 86 48 88 17 113 5 106 99 112 35 100 14 85 70 66 102 40 62 72 75 114 69 111 4 105 25 47 12 19 73 9 76 44 104 87 13 119 10 29 3 97 71 34 96 56 83 52 16 39 68 2 110 98 61 0 109 15 90 50 33 53 108 67 74
11 74 14 59 108 76 37 22 110 4 65 31 106 54 83 103 77 8 19 75 43 47 39 105 5 69 78 117 113 30 41 45 9 93 100 20 58 34 15 112 66 40 7 67 89 21 53 12 73 2 91 50 44 46 88 51 38 92 18 96 119 35 48 23 26 94 86 104 84 60 107 55 1 42 85 62 116 81 27 72 29 0 10 64 115 79 97 90 101 63 114 118 61 13 80 28 82 3 57 70
63 33 76 51 4 96 109 34 42 81 15 19 47 87 107 119 99 40 103 45 46 75 13 58 83 79 7 32 39 97 20 67 1 24 2 65 53 9 55 108 12 64 17 16 49 11 72 29 112 25 61 94 74 90 66 106 21 23 48 43 118 71 105 5 28 70 91 73 111 93 38 104 41 57 27 3 52 35 92 26 69 54 84 82 44 100 68 113 89 62 60 102 22 88 101 85 110 98 37 80
62 44 8 104 101 76 67 80 72 59 86 89 110 99 60 88 32 17 61 77 119 28 103 54 83 93 58 4 107 95 98 10 116 78 50 45 111 106 85 14 35 51 39 82 33 81 9 27 7 114 41 20 42 38 21 18 96 36 3 30 40 47 56 26 31 43 94 117 79 65 12 11 5 66 92 84 1 87 74 108 90 118 46 71 64 91 75 19 29 70 63 15 23 57 53 102 68 6 34 52
6 110 104 33 111 62 70 112 66 42 98 7 19 89 10 53 17 101 43 79 116 106 30 21 103 80 31 37 13 25 59 22 82 61 102 92 118 52 12 119 40 14 3 77 117 11 84 64 115 26 36 68 73 74 86 44 109 2 81 78 60 54 71 32 50 48 18 8 35 46 90 49 15 72 58 29 95 83 108 96 69 1 45 113 5 63 94 0 34 23 105 41 75 56 91 114 16 88 28 57
0 71 56 105 76 42 18 46 84 97 6 37 79 17 63 62 104 43 51 11 25 35 69 82 112 66 85 77 93 75 9 30 88 31 3 21 101 44 52 73 81 118 2 54 7 48 60 59 50 4 20 72 106 78 107 90 29 39 53 70 119 45 109 23 12 102 24 95 14 10 16 32 111 8 91 89 86 58 15 5 83 115 41 1 98 40 27 33 55 108 67 38 22 26 114 117 13 47 49 80
80 113 116 20 0 96 84 55 51 68 94 6 76 47 45 95 14 30 42 1 82 31 79 105 9 34 33 28 81 67 92 38 74 57 8 19 89 5 35 109 102 7 115 114 65 23 104 101 71 18 110 54 69 83 26 66 2 49 60 98 32 88 58 118 86 13 107 85 108 106 117 36 73 64 50 70 61 91 16 97 93 39 52 77 87 44 78 15 112 41 90 111 63 46 43 29 53 56 22 12
43 46 9 83 34 89 10 115 80 39 25 104 102 22 21 117 108 60 67 92 41 88 38 118 66 105 101 24 79 81 3 15 17 31 12 75 95 97 74 16 112 72 42 52 119 70 4 19 6 64 63 7 87 54 56 93 82 84 68 100 91 99 113 48 53 107 116 78 69 28 110 40 55 26 0 73 98 109 35 50 114 71 103 44 58 90 59 11 29 14 36 47 111 8 62 86 57 1 49 96
88 37 85 71 15 33 60 2 7 45 75 111 54 0 77 118 115 24 83 30 84 109 72 57 48 98 113 104 66 6 39 65 63 114 35 40 52 34 20 92 70 23 53 96 4 43 97 93 36 78 76 67 16 91 42 58 28 61 87 95 82 107 112 1 10 79 26 99 18 64 27 38 89 31 11 69 55 49 51 3 29 12 41 102 44 59 73 32 81 119 100 86 105 25 22 19 68 116 117 5
44 97 110 4 95 51 94 64 55 66 96 18 17 102 24 36 60 38 73 93 99 90 104 28 89 100 72 86 87 6 70 33 59 22 62 106 61 75 5 2 103 69 82 79 23 25 101 84 109 98 35 42 92 26 10 54 47 76 14 48 8 88 13 112 45 12 20 91 3 9 30 31 77 15 83 71 115 63 34 85 7 27 108 49 21 53 52 74 16 32 39 1 114 78 105 118 29 113 68 67
18 8 96 90 26 46 102 113 56 17 6 25 95 83 44 81 79 98 14 80 3 93 109 24 116 43 71 63 32 119 4 7 61 52 33 50 9 54 64 28 108 47 13 94 104 34 65 62 40 86 45 69 29 91 78 41 35 31 70 21 22 53 101 115 60 36 2 105 10 107 77 75 15 57 16 117 39 20 92 111 103 74 12 68 100 84 42 73 82 67 5 88 99 1 19 118 27 87 110 89
41 117 34 61 23 90 114 52 47 74 116 14 0 38 16 2 101 69 64 57 88 44 106 89 20 104 30 43 9 113 112 110 19 66 72 115 102 54 67 56 70 6 91 39 119 49 60 10 42 109 21 48 83 13 50 87 3 73 28 98 8 29 22 75 85 32 12 80 99 53 103 107 82 100 37 96 26 81 97 55 17 78 65 33 27 79 5 18 94 59 68 84 46 58 93 86 25 1 63 118
10 23 50 92 4 86 46 98 102 65 76 52 18 8 113 2 70 115 73 88 3 71 29 93 58 11 80 55 27 104 5 36 16 78 54 106 108 99 95 109 25 30 118 64 90 26 72 69 85 103 75 119 40 100 31 20 17 51 53 112 12 110 111 15 84 21 66 14 116 41 1 57 82 39 19 107 28 101 89 0 67 38 33 22 117 68 9 79 42 49 62 43 77 7 81 24 48 56 34 91
20 52 101 30 12 98 66 115 47 37 96 92 67 32 27 71 19 22 14 15 29 16 49 90 5 69 59 118 104 4 117 108 2 93 73 23 24 91 54 70 79 82 106 45 11 109 87 100 17 78 80 107 77 83 18 116 26 102 94 119 99 65 39 34 21 56 114 112 57 46 89 53 86 110 68 95 41 76 35 6 10 113 63 31 40 44 51 84 33 1 81 64 25 55 62 85 7 74 43 42
20 34 48 52 63 95 62 14 106 74 9 72 101 117 80 43 57 116 24 25 71 12 91 32 68 82 102 119 8 51 44 61 109 105 99 83 107 5 37 27 93 22 2 16 65 4 1 76 85 15 115 45 77 86 97 10 56 50 92 53 79 36 69 46 73 30 13 35 47 108 88 0 78 81 26 118 84 113 38 64 59 100 66 60 21 112 89 87 103 40 98 42 114 55 67 49 41 6 111 31
45 86 7 69 99 68 103 113 35 53 14 2 61 105 74 1 41 40 102 25 46 76 71 21 94 118 37 100 0 116 77 66 12 111 29 60 47 78 104 27 92 64 96 32 59 109 49 57 51 43 90 89 31 79 56 11 75 36 16 38 108 10 30 26 50 24 117 33 44 82 80 72 18 83 9 34 55 107 114 48 54 70 62 15 42 5 22 63 81 65 88 101 98 112 17 84 91 28 4 3
32 65 36 30 99 85 56 103 3 18 54 19 31 49 55 16 50 4 70 1 102 61 24 119 96 84 13 6 68 97 44 26 67 107 83 88 38 91 116 66 75 35 87 117 59 27 81 80 118 40 21 37 33 39 110 78 105 2 29 11 104 43 106 74 41 25 95 10 93 113 72 71 47 12 100 94 82 14 53 7 0 101 112 89 28 77 86 46 73 5 45 63 76 52 79 57 58 48 92 17
18 32 14 88 1 84 4 108 28 57 0 79 98 52 53 109 101 3 95 67 104 43 107 114 47 49 106 111 27 50 103 16 48 73 51 94 40 29 89 39 34 21 75 87 97 80 33 11 5 7 74 23 110 77 58 2 10 35 46 45 86 78 118 69 41 24 22 42 25 8 112 9 17 85 96 83 115 54 105 63 31 61 30 102 64 72 19 66 116 20 44 36 91 93 59 81 13 26 6 65
69 11 83 14 106 8 88 42 10 40 100 53 16 67 32 19 23 85 55 68 35 15 65 0 89 73 119 98 117 118 50 33 113 90 115 93 39 17 97 49 22 75 81 5 105 87 86 3 62 58 9 116 79 46 84 31 43 27 1 36 44 108 114 70 48 26 101 4 82 45 92 37 6 71 103 7 99 13 74 107 78 30 94 57 112 38 28 25 80 111 76 56 29 63 64 34 91 20 21 47
118 82 59 49 57 26 30 96 60 70 25 85 95 54 40 23 106 18 65 32 47 97 36 53 72 84 38 34 20 74 80 8 28 52 16 87 86 2 37 15 7 41 76 33 90 19 31 9 42 13 107 93 61 46 79 43 50 29 6 0 1 17 113 112 117 64 75 88 77 48 101 109 110 98 62 44 66 63 78 116 104 51 108 45 21 35 4 3 68 83 10 105 92 89 115 91 94 119 67 24
0 50 72 103 55 62 28 71 110 39 9 22 35 42 76 69 5 59 117 32 12 82 63 33 104 68 10 61 43 3 108 116 79 58 84 13 34 38 40 21 73 41 56 54 115 99 19 91 30 90 7 17 85 70 65 81 96 36 98 107 94 109 23 11 93 25 89 88 14 100 78 16 51 44 57 67 60 8 53 77 4 106 86 74 46 47 20 113 111 102 64 97 92 49 101 18 2 15 75 114
80 97 58 94 16 19 47 21 116 34 40 92 114 100 14 0 78 37 28 29 9 27 22 50 74 48 51 38 95 90 55 118 98 83 62 63 3 35 73 108 87 107 17 39 77 113 11 85 109 7 42 115 68 103 104 99 10 75 119 66 52 36 84 110 112 1 61 56 4 49 93 81 106 76 32 91 82 86 79 43 8 59 67 2 45 15 24 54 25 72 101 105 64 44 18 46 102 31 6 53
99 77 90 29 66 30 36 92 60 63 111 89 20 105 50 100 56 24 72 43 116 97 93 44 58 38 87 19 21 13 28 71 53 115 67 41 9 16 14 119 104 70 91 65 33 68 42 108 37 4 112 10 55 2 113 46 109 98 6 78 82 101 95 107 54 85 31 1 118 80 79 62 110 32 84 73 86 103 22 114 51 40 64 61 96 17 15 34 23 27 69 117 106 0 25 47 59 26 49 75
24 105 14 16 2 15 30 74 23 78 115 68 102 107 113 45 118 104 32 10 66 106 22 62 47 75 19 58 100 1 85 0 17 110 93 95 56 90 36 63 97 69 50 51 114 87 116 111 27 108 65 29 94 55 5 6 38 72 103 112 18 9 26 80 53 3 86 20 109 67 13 98 84 83 64 7 31 99 60 59 70 28 41 77 8 34 119 92 79 49 43 88 40 11 57 89 39 37 12 117
108 63 16 30 97 35 46 80 52 98 81 67 91 44 19 77 28 41 84 113 78 79 5 65 13 55 39 34 43 112 25 102 68 70 0 76 9 59 14 42 10 61 50 49 115 53 119 33 117 15 64 40 109 94 56 31 2 116 7 88 24 32 71 114 100 69 18 111 86 37 54 85 103 36 92 48 99 58 72 118 1 6 95 27 93 57 107 51 82 75 47 96 23 106 11 83 22 73 38 20
36 77 117 8 47 100 113 83 2 70 28 85 53 27 115 37 35 55 26 88 39 116 23 32 110 84 54 75 41 10 72 43 118 59 112 13 11 69 21 60 114 22 109 24 15 82 40 98 65 17 107 57 73 76 0 74 1 18 108 16 90 106 92 62 12 31 93 94 29 95 61 68 9 46 58 63 50 64 66 89 42 104 81 79 101 71 99 19 14 86 33 30 67 49 20 7 3 102 105 38
68 41 89 66 118 32 110 11 73 56 85 57 13 79 5 27 96 93 40 86 45 36 83 84 9 113 64 26 70 12 17 0 25 37 101 15 119 60 39 58 107 99 22 112 35 80 81 4 50 29 116 28 82 33 31 2 106 87 77 23 19 76 20 102 7 47 30 3 104 14 90 71 105 63 8 91 62 78 44 21 42 18 55 114 109 74 69 111 72 65 59 1 115 75 61 34 16 10 52 24
109 110 12 105 55 108 81 68 107 48 5 87 77 79 36 23 50 33 16 32 53 56 30 11 97 114 88 111 35 29 4 45 69 42 85 102 117 0 82 37 84 64 57 99 58 71 91 103 41 19 22 73 95 104 62 3 20 27 70 9 65 54 119 31 10 8 94 116 96 72 18 106 59 115 92 46 67 2 17 44 28 86 113 93 52 21 75 40 1 66 39 98 118 74 89 13 90 51 7 26
87 80 45 53 75 88 90 65 69 70 86 28 31 93 79 64 40 91 13 22 50 14 97 16 57 60 111 12 101 116 96 4 30 117 1 108 44 103 98 99 59 67 55 115 35 74 20 37 61 113 68 23 15 9 52 94 26 114 29 47 119 32 109 58 17 82 83 33 63 73 24 36 39 66 51 112 84 106 21 78 89 85 25 38 48 49 56 46 107 95 100 34 18 3 110 77 27 19 11 0
101 93 2 16 113 75 26 31 82 36 119 58 44 59 99 73 63 3 34 110 43 117 24 70 41 97 114 45 61 10 77 19 74 90 107 62 103 17 11 35 4 112 65 32 96 72 115 6 8 55 76 85 20 64 54 15 116 79 60 28 66 95 57 111 91 0 87 98 13 67 30 78 86 33 89 53 84 39 22 80 51 23 5 47 48 100 38 69 52 81 29 104 1 18 105 118 9 71 68 49
30 84 68 119 53 118 70 31 19 63 77 57 22 112 92 55 11 115 7 46 23 117 48 49 64 90 16 74 80 34 81 1 35 58 67 113 17 108 26 8 100 41 111 114 91 95 103 4 21 72 36 107 110 94 102 60 50 105 39 5 38 62 93 116 51 73 104 109 3 33 98 18 79 42 106 87 15 56 86 69 24 32 43 13 99 47 96 78 82 66 61 88 40 65 6 45 89 83 44 37
32 35 53 111 47 34 27 92 28 61 45 43 89 98 33 15 93 1 68 90 109 114 56 60 41 2 20 46 64 80 13 66 59 54 30 108 57 37 29 110 58 25 22 101 0 75 85 104 21 77 11 71 52 49 119 115 118 79 67 62 12 95 96 3 69 39 44 78 19 94 73 65 74 91 31 40 9 113 82 83 107 5 99 8 42 16 51 88 106 50 86 112 26 14 70 7 81 24 84 116
38 98 115 69 27 52 67 66 101 65 108 7 78 99 25 81 70 37 74 10 11 0 55 77 44 61 34 118 113 24 68 88 114 79 14 50 56 36 47 93 60 64 48 5 111 51 63 41 86 45 84 53 102 92 17 18 28 110 95 19 8 105 30 75 82 97 76 54 91 49 89 4 73 62 57 23 107 26 20 109 59 2 1 46 22 80 100 33 15 104 21 71 72 31 32 12 29 16 103 87
83 68 32 65 5 58 60 34 9 95 10 101 119 14 89 107 1 0 117 104 36 110 20 12 28 24 76 94 56 51 71 88 102 30 3 67 90 99 87 113 79 62 84 47 70 98 41 38 45 59 17 49 61 72 22 42 8 18 19 73 43 23 82 78 48 55 6 39 75 115 103 77 112 4 64 116 111 96 54 63 7 16 86 74 25 108 2 13 118 97 52 35 109 100 26 93 69 92 81 29
70 103 56 33 12 118 90 105 16 31 109 98 93 38 65 15 18 102 104 50 49 86 32 39 61 64 4 35 7 63 6 8 36 62 58 11 81 29 110 26 112 87 74 113 30 100 19 24 97 54 34 73 40 80 107 51 66 82 1 21 67 76 41 101 45 99 55 17 0 85 115 68 114 106 116 3 9 84 83 5 94 59 43 117 111 42 46 95 77 78 22 47 71 10 108 28 69 91 48 60
98 2 76 88 102 85 100 15 21 87 30 45 59 79 52 77 63 117 1 38 92 72 93 0 66 44 86 48 58 106 23 46 42 62 78 5 91 41 29 57 9 35 89 34 32 16 115 14 90 12 101 50 22 74 43 112 39 60 95 80 73 69 105 10 3 104 11 4 116 37 114 49 40 61 75 54 24 111 36 68 108 94 56 70 103 55 82 33 110 20 19 18 64 107 6 8 113 7 119 118
113 89 49 53 42 20 86 60 118 83 14 94 34 114 69 75 105 25 61 48 107 23 33 109 73 41 87 31 37 55 19 76 2 9 90 93 111 26 32 95 16 56 8 110 47 4 17 82 64 91 108 21 5 27 70 115 81 116 15 74 103 119 101 63 117 51 22 72 66 29 85 35 45 58 46 99 67 7 100 30 50 78 62 40 28 12 3 59 6 52 79 1 96 68 71 24 57 112 104 102
3 98 119 101 115 77 68 17 41 99 64 38 105 89 4 76 58 57 25 116 82 109 72 35 50 94 66 67 71 92 80 37 19 29 5 18 9 102 75 73 7 93 112 85 91 30 12 110 40 107 42 90 46 63 47 113 43 34 24 53 61 117 86 103 26 65 87 51 16 36 22 97 59 8 88 95 31 62 32 79 33 60 15 23 49 81 21 6 111 54 2 114 55 0 28 44 39 69 20 56
105 116 107 43 32 96 17 36 71 106 114 94 48 85 80 78 103 118 84 2 55 12 13 75 4 1 44 7 100 86 27 0 97 91 81 28 73 58 67 89 68 16 64 70 41 88 93 11 66 112 119 63 92 21 37 60 5 47 18 87 23 101 22 8 79 117 98 30 25 38 104 31 9 77 65 72 62 95 14 90 53 57 115 49 69 61 83 40 102 109 54 20 26 59 50 82 33 29 108 99
36 70 5 42 107 95 10 15 113 81 31 7 86 72 118 73 78 98 29 24 84 55 34 21 38 18 117 17 100 23 57 25 66 97 37 96 30 115 62 22 0 3 20 93 112 13 104 91 54 47 111 74 40 61 94 50 64 99 60 85 68 106 52 16 80 43 101 63 69 90 89 92 53 109 39 33 103 114 108 59 6 11 105 77 79 49 14 4 8 65 51 88 58 119 67 44 32 46 82 102
44 118 47 109 91 57 101 40 33 30 21 22 27 56 107 64 94 82 52 63 26 46 86 98 80 50 117 67 110 65 73 115 1 17 45 25 71 113 31 76 28 58 78 42 99 102 32 105 18 74 90 77 84 34 37 119 36 5 69 108 104 96 92 19 51 68 103 55 62 24 43 70 61 95 41 8 11 2 14 15 4 75 35 49 60 16 10 20 114 93 89 106 116 111 88 72 38 39 6 53
