
45 10 38 108 43 79 58 84 55 116 37 69 32 35 77 14 118 107 9 8 87 65 112 4 44 49 98 63 47 46 42 50 101 0 19 16 72 25 2 36 48 22 5 27 3 90 85 96 97 18 95 83 105 28 68 52 61 59 54 60 34 106 11 70 89 21 26 100 56 74 75 57 92 80 66 13 109 81 113 17 6 94 33 102 40 82 91 41 20 73 76 23 114 1 29 24 103 51 12 71
60 98 116 54 0 16 106 89 33 43 7 83 38 10 118 91 104 107 101 108 90 82 73 93 5 15 45 77 80 44 23 99 55 96 62 37 63 53 95 9 51 3 76 4 12 35 28 6 105 39 59 25 84 103 119 113 112 2 81 85 94 34 11 47 18 117 36 70 66 1 17 32 19 21 58 29 67 50 8 86 71 56 72 114 22 46 75 78 42 20 68 48 13 14 92 88 65 111 52 115
35 0 51 13 37 82 101 118 95 119 7 55 107 92 87 104 43 72 113 16 38 108 12 61 105 33 42 114 96 22 48 40 20 115 21 28 102 81 11 1 18 71 89 25 116 78 68 58 73 97 77 57 110 54 17 59 31 109 67 111 5 9 84 19 79 76 103 60 14 74 46 23 64 85 90 86 15 99 32 26 29 91 98 93 112 56 44 70 45 27 8 30 34 62 49 10 50 75 66 6
40 62 36 21 13 112 71 84 119 88 31 87 68 53 35 17 73 66 18 74 54 98 11 55 76 75 83 6 85 78 80 99 57 96 32 45 93 46 9 33 95 1 94 14 24 39 90 0 97 110 70 12 50 48 15 43 47 58 105 63 22 113 69 92 37 7 86 72 108 89 81 102 34 101 103 79 26 5 2 44 114 77 107 104 65 64 117 67 118 106 16 10 82 91 61 20 38 25 8 49
117 62 50 9 35 14 28 106 91 3 44 86 93 39 80 12 94 1 54 118 16 66 29 101 111 31 38 77 108 79 96 45 22 68 71 64 47 7 70 119 58 103 20 88 85 26 32 18 84 69 49 34 23 105 27 114 30 90 75 36 57 113 53 99 17 115 51 19 109 13 11 8 112 61 73 5 42 67 83 82 46 78 10 98 2 87 63 76 56 104 89 116 59 107 43 52 65 41 110 81
54 44 22 83 79 114 13 77 92 110 34 103 56 29 35 87 58 24 61 63 108 99 65 68 4 20 31 3 39 71 85 16 52 89 57 9 90 30 59 107 55 32 106 73 7 1 70 67 43 74 15 95 51 109 28 115 45 102 72 91 94 0 86 10 66 48 6 36 21 104 26 100 101 80 117 76 116 5 96 105 37 42 2 53 40 17 111 23 82 14 112 97 98 88 8 12 119 19 75 60
99 93 24 18 4 28 0 110 36 45 92 46 109 27 116 118 32 25 111 73 11 68 16 97 29 6 8 43 115 113 20 98 89 74 101 91 108 35 112 90 1 30 83 59 82 23 106 62 103 70 41 104 80 2 67 71 40 37 79 14 26 33 53 117 56 96 22 3 19 61 100 10 77 55 119 17 7 12 81 54 49 51 5 63 48 94 75 66 87 47 95 65 85 13 58 21 44 52 31 76
10 22 97 71 21 118 104 39 43 105 106 81 90 108 72 41 114 94 31 40 26 55 68 63 35 36 82 25 100 95 0 66 3 11 19 45 34 88 102 13 98 54 80 76 46 2 50 15 67 6 60 32 44 64 113 84 79 85 20 5 87 115 91 117 8 9 51 112 38 86 4 56 119 14 59 48 17 37 57 7 33 107 65 27 42 93 73 29 1 77 18 99 78 58 101 47 30 24 28 109
78 96 76 99 98 88 57 0 60 47 106 64 70 69 11 113 68 73 4 108 30 5 59 9 31 48 84 92 6 43 91 82 22 44 80 56 62 85 36 53 102 55 87 18 8 34 119 105 10 49 65 58 21 116 20 103 23 1 39 54 94 40 51 12 29 97 19 74 15 13 93 66 104 46 17 16 114 107 24 71 27 72 52 42 63 50 90 2 101 26 118 81 110 67 117 111 37 95 86 45
14 15 103 47 84 42 82 119 29 11 34 95 35 50 49 21 7 10 80 6 83 23 18 89 26 104 55 118 56 16 61 92 40 99 13 77 117 3 57 113 62 20 94 58 108 31 88 43 79 67 107 37 96 74 93 110 9 111 33 25 66 97 54 98 51 75 69 2 63 71 114 48 45 102 112 70 41 68 105 36 53 116 39 59 65 52 86 115 64 101 12 81 0 8 19 5 90 22 24 87
96 95 116 57 72 47 10 59 77 49 11 14 43 1 66 16 35 89 37 46 93 68 15 4 29 92 111 12 6 113 108 106 70 115 87 75 114 99 23 39 62 51 5 107 21 33 85 81 97 65 25 78 44 98 18 13 9 17 109 8 54 64 69 48 0 42 7 91 61 56 58 67 84 45 19 100 3 28 76 41 52 27 101 80 34 38 24 22 90 79 110 26 104 53 36 63 105 30 55 117
117 2 80 95 100 103 59 101 54 28 86 35 81 69 79 38 22 92 65 3 11 66 63 18 105 49 26 93 21 62 16 36 96 107 84 53 64 50 4 33 112 85 17 114 46 44 5 82 47 87 77 88 42 30 113 115 32 48 13 39 14 116 76 73 43 37 45 57 97 20 98 10 118 29 8 9 104 106 67 27 61 102 70 7 12 25 109 72 24 110 90 41 78 68 15 75 1 89 108 99
92 41 1 78 30 69 119 86 93 102 37 7 67 50 94 36 96 44 73 46 95 23 116 42 20 3 62 118 77 51 72 81 40 54 22 9 26 80 14 34 17 35 68 97 6 107 90 74 104 25 75 113 43 61 110 4 100 66 82 64 87 84 63 91 12 70 45 98 71 99 19 53 88 105 111 21 57 59 52 18 27 32 85 8 76 49 117 0 109 115 15 114 31 108 60 79 2 48 11 38
113 108 22 0 111 97 47 68 59 27 91 86 81 118 104 20 114 115 57 4 76 28 83 16 48 24 54 93 51 99 66 103 36 33 98 89 117 88 84 63 11 62 7 35 17 109 40 13 55 9 110 25 43 5 6 60 87 3 32 26 58 2 44 10 90 95 75 71 65 79 85 105 80 49 18 107 101 15 52 37 45 69 30 82 14 102 78 53 61 96 74 67 73 31 41 1 29 77 23 70
53 92 18 22 15 48 69 97 7 62 74 44 78 71 61 39 2 116 10 86 43 81 28 26 57 32 93 73 68 84 76 77 85 56 3 110 41 21 59 45 107 67 72 47 4 95 6 31 50 82 66 109 52 37 75 33 114 80 36 63 34 100 65 105 79 104 83 12 13 23 35 64 51 101 113 0 25 98 19 88 8 1 24 30 90 99 11 103 17 118 38 9 70 55 108 102 96 94 106 40
101 110 27 74 119 65 11 84 64 92 113 61 59 21 109 49 0 42 48 67 82 91 73 97 33 29 39 83 93 18 100 95 4 63 79 106 78 7 8 71 2 44 22 76 51 96 69 9 66 36 88 77 99 111 58 115 105 13 47 62 53 24 116 37 46 40 19 85 81 108 14 103 112 117 34 41 12 28 50 43 10 80 57 52 90 23 89 104 30 107 70 15 31 25 87 114 38 86 72 60
75 59 114 12 74 108 0 16 54 30 35 64 11 112 10 24 32 25 115 117 101 87 84 40 96 72 38 58 68 18 41 102 56 107 47 29 37 110 69 90 9 80 109 93 82 44 91 62 60 76 14 13 48 34 98 28 20 2 17 78 26 55 105 116 66 23 15 67 71 6 88 103 4 45 95 7 5 85 89 70 36 86 61 106 27 53 81 77 104 79 97 51 73 43 83 21 118 39 111 19
9 20 38 74 77 81 104 72 113 117 53 43 73 30 49 12 91 119 34 2 29 8 82 56 31 28 3 24 65 84 108 83 64 58 13 42 32 16 37 50 52 68 96 89 103 23 1 112 110 62 40 41 61 105 76 44 27 114 70 116 17 106 48 46 94 67 115 90 100 45 33 109 111 92 5 26 14 10 66 21 0 59 4 98 39 85 78 22 101 79 57 75 102 18 93 107 55 25 86 99
28 55 97 93 85 67 86 72 14 42 109 33 25 62 116 0 57 105 2 92 24 91 81 15 45 104 75 22 117 119 32 8 58 63 102 82 10 83 43 111 38 5 51 80 69 1 34 19 12 16 27 110 61 114 47 29 100 56 46 71 17 89 36 13 103 90 35 107 41 60 84 31 113 50 49 6 54 66 48 118 68 95 73 40 20 39 21 87 30 98 78 26 65 96 37 44 4 99 9 7
11 15 89 5 64 90 96 29 54 34 17 95 4 102 81 32 60 85 13 50 25 91 117 116 7 79 78 9 18 0 82 109 21 70 66 106 74 20 111 12 24 35 59 103 39 37 14 77 52 99 40 23 47 83 16 65 41 104 92 56 57 93 98 2 63 101 42 62 61 46 80 113 115 10 6 43 114 58 100 48 87 107 75 88 31 110 68 84 45 118 19 73 51 86 3 8 27 71 67 38
19 92 55 13 117 30 45 99 10 42 43 37 65 78 9 91 26 69 118 28 79 29 7 87 50 40 56 96 77 70 63 6 51 54 116 76 107 15 95 88 31 22 27 113 24 62 83 64 94 58 8 46 86 74 36 60 4 14 80 68 93 35 38 3 110 61 100 108 20 106 115 90 16 101 48 105 33 114 98 32 21 66 103 84 119 41 47 39 52 67 34 1 25 5 73 0 23 49 59 104
76 36 71 58 82 94 115 57 25 17 102 77 66 61 100 109 93 1 92 37 98 73 34 95 32 59 88 68 90 63 13 103 108 30 19 42 107 33 97 79 64 114 41 38 113 54 46 18 119 12 72 2 43 99 44 74 10 45 91 83 49 5 75 3 50 60 53 9 48 27 39 89 69 96 14 86 16 56 81 29 11 104 117 40 106 15 6 47 22 67 8 105 110 7 85 101 80 21 0 35
25 37 78 20 21 117 119 68 57 110 104 112 9 26 3 52 35 5 111 31 15 115 6 54 82 38 84 0 22 113 23 106 108 91 73 7 2 42 28 66 12 70 50 29 44 116 61 49 40 19 30 100 85 36 4 63 99 114 60 34 55 90 103 46 13 18 69 109 107 89 10 71 79 72 101 83 58 88 62 105 95 96 65 32 102 41 74 33 1 64 47 43 92 27 14 75 11 16 24 59
108 32 92 52 58 75 98 74 31 21 34 23 35 9 45 117 7 104 60 106 70 107 114 87 5 41 48 71 27 24 95 99 17 103 83 93 0 110 91 54 38 14 68 85 105 86 62 65 88 96 119 102 101 37 64 72 43 76 97 61 63 2 28 59 11 111 20 100 66 77 15 84 109 112 115 16 82 18 13 26 116 53 29 6 49 55 118 90 8 1 36 89 30 33 69 4 39 113 25 80
2 104 19 89 115 58 56 60 11 34 53 100 27 76 62 29 9 103 10 38 110 12 61 70 118 90 113 46 37 105 96 83 18 36 5 33 3 106 81 50 32 55 39 47 67 21 78 54 40 17 71 74 87 95 80 57 75 28 43 84 49 119 88 25 72 7 91 111 20 69 112 66 31 30 42 116 68 93 98 73 65 24 48 63 52 35 82 16 101 114 99 6 23 102 15 4 26 59 22 51
10 94 22 80 14 103 89 35 26 0 7 42 61 32 46 99 55 21 37 104 23 18 15 59 50 65 41 3 6 64 8 85 74 96 78 33 62 53 106 105 29 95 68 60 100 49 88 63 52 40 36 107 83 93 110 97 92 38 69 118 119 77 70 102 13 51 20 81 19 5 43 17 44 116 73 28 114 1 101 91 56 111 66 2 76 71 75 34 31 79 72 90 108 112 86 109 4 24 58 82
65 12 78 110 17 83 27 30 114 79 44 39 19 102 95 45 37 109 15 113 107 88 7 105 57 31 10 104 117 91 26 116 47 89 11 34 111 1 5 101 80 70 64 0 16 25 75 94 46 85 35 18 13 20 115 36 32 40 41 66 43 2 58 96 29 38 53 100 108 24 81 4 56 59 106 63 3 14 99 103 87 93 33 60 42 84 112 55 28 72 61 97 71 92 54 9 82 119 77 62
115 12 63 77 18 111 31 16 105 6 118 102 19 30 93 38 45 40 66 78 76 106 92 29 97 48 87 62 116 22 54 89 67 34 52 85 103 35 41 37 20 21 56 79 110 44 91 64 61 108 51 58 13 32 27 11 69 15 60 50 109 4 74 53 23 26 3 10 82 59 68 70 57 14 42 75 117 90 104 5 112 33 86 113 88 96 80 94 65 2 100 39 0 8 9 25 47 7 73 36
66 35 12 61 67 52 41 8 94 91 105 50 13 6 64 51 43 71 54 59 100 106 114 55 87 1 77 23 37 83 101 5 16 69 27 29 15 119 19 45 58 40 118 60 90 28 57 113 24 81 26 4 0 31 76 38 99 10 112 78 104 97 107 85 98 74 18 79 116 110 42 86 36 63 95 82 96 46 92 17 53 108 72 33 56 102 88 2 32 47 65 80 117 25 7 20 48 62 115 3
95 67 107 54 87 94 66 112 80 51 4 9 103 115 47 88 104 46 53 44 59 100 27 49 108 43 92 101 110 79 14 42 29 64 0 23 111 18 118 69 76 97 72 105 78 26 6 117 21 33 38 52 99 45 62 39 11 109 41 74 60 12 22 84 31 119 32 91 24 75 55 81 15 40 16 83 19 71 116 2 5 63 70 37 17 82 28 35 7 57 113 77 93 98 106 25 30 1 34 56
64 10 2 61 22 25 4 31 24 90 92 114 65 105 100 14 67 27 89 101 30 81 33 76 79 36 103 63 29 5 28 86 73 45 57 12 68 18 99 72 75 78 44 20 66 53 117 54 110 91 48 77 49 0 95 58 46 32 70 94 116 38 106 15 60 40 42 85 8 115 11 104 69 59 51 47 118 19 41 80 26 82 71 112 97 83 88 37 56 16 17 34 23 1 87 21 52 108 9 3
89 104 14 103 97 98 94 78 32 24 42 99 4 22 71 49 68 9 85 90 93 25 86 92 77 57 60 43 41 45 102 44 117 81 39 5 74 19 106 66 107 6 109 8 56 83 2 87 20 118 69 47 31 62 91 46 82 16 96 10 88 67 113 114 76 1 51 61 3 101 100 65 80 28 59 55 70 0 108 50 23 105 52 27 64 30 33 110 79 116 54 115 40 15 84 12 48 7 37 53
118 87 96 105 91 11 71 85 31 64 47 35 36 48 9 98 53 19 44 78 114 72 15 83 89 10 57 108 50 74 81 82 18 52 102 28 46 110 1 16 67 106 99 70 30 88 86 12 59 107 43 37 58 66 22 27 29 26 69 76 90 73 17 111 3 112 13 56 97 68 117 84 8 5 113 62 100 23 42 45 55 61 93 77 103 24 119 80 63 39 20 54 25 6 4 21 101 79 41 2
94 42 18 22 59 98 102 101 119 95 40 74 93 79 81 46 54 78 64 62 11 50 71 88 38 33 31 107 83 57 60 84 6 109 52 8 55 56 87 16 77 69 32 45 114 49 67 29 61 96 27 99 112 43 75 44 116 37 14 58 115 39 1 34 4 82 48 65 0 73 19 25 104 72 3 113 89 36 5 103 28 91 86 97 118 41 53 105 7 80 9 13 85 26 2 47 10 90 12 111
33 51 21 32 75 26 28 73 70 76 113 101 19 81 36 12 1 38 31 45 35 98 111 79 112 67 106 53 59 64 42 0 95 91 107 96 43 69 116 14 110 102 13 39 82 65 109 15 41 40 83 29 54 6 117 3 89 4 119 22 97 52 103 49 2 30 20 90 11 48 66 58 63 5 114 10 88 86 115 92 56 46 108 9 85 104 84 105 23 47 17 60 71 37 57 99 74 72 93 8
70 48 66 68 118 7 9 38 88 21 56 77 32 17 49 41 84 97 55 31 47 28 60 59 83 43 87 114 107 19 78 25 116 24 4 95 61 79 11 54 40 0 20 81 89 94 76 10 22 112 58 42 57 8 65 44 117 5 69 37 98 85 13 50 45 67 111 91 108 2 16 104 34 3 103 96 1 75 119 6 35 86 14 53 26 100 93 105 80 72 30 52 23 29 102 27 51 18 106 71
39 57 72 4 85 7 66 95 87 52 9 79 36 31 100 82 14 119 69 115 32 28 12 84 25 49 63 67 3 99 70 106 21 90 46 2 83 73 50 15 108 94 10 103 13 102 40 42 109 47 54 96 118 8 33 68 56 18 62 37 35 76 65 77 30 29 27 75 81 112 60 61 41 45 110 91 43 51 98 44 17 71 11 1 0 48 64 89 6 113 74 53 114 38 23 16 117 24 105 22
46 118 73 14 34 76 21 74 32 99 39 111 36 70 42 44 87 24 72 103 27 15 63 100 13 81 49 53 6 4 64 3 71 1 37 62 12 91 119 95 50 18 67 102 19 69 92 5 106 98 108 105 84 31 85 16 61 28 45 68 83 2 52 97 9 79 33 113 26 109 104 25 38 116 57 65 117 78 54 101 20 86 40 41 11 7 48 23 51 29 8 59 66 56 82 43 107 17 10 110
57 3 41 72 68 18 17 62 93 106 54 28 111 119 85 25 59 76 110 29 99 81 70 71 11 33 9 98 104 45 49 13 102 90 8 15 88 67 6 16 55 91 20 65 112 86 10 89 82 107 52 64 97 77 14 58 5 21 47 1 66 116 39 84 48 34 78 27 74 42 117 7 69 30 101 43 60 38 105 114 53 83 63 92 12 108 75 73 23 19 32 46 0 35 40 36 96 118 26 109
64 49 52 76 63 90 118 71 8 93 74 83 99 13 60 25 27 113 17 3 65 20 42 39 106 47 110 4 37 112 68 91 87 73 26 18 54 66 34 28 105 7 75 61 5 41 40 62 1 48 109 81 115 19 85 98 57 16 2 79 119 72 80 10 86 50 116 97 38 117 43 21 45 36 35 23 44 70 0 56 30 95 67 78 104 14 111 59 96 55 6 114 9 12 11 58 107 101 92 33
92 38 65 118 2 66 12 51 69 96 11 116 17 10 25 27 53 52 67 14 45 72 36 5 97 44 49 4 107 63 54 109 99 35 111 108 48 70 103 77 101 91 50 21 60 7 59 30 71 13 81 86 119 85 100 74 42 29 75 0 84 76 115 9 46 90 15 80 87 24 43 40 16 79 112 6 1 64 55 117 88 61 57 114 56 105 93 8 32 19 73 26 47 20 104 62 78 68 37 22
30 1 100 5 69 81 11 37 59 23 95 75 96 24 28 44 98 17 101 10 41 67 53 22 109 92 50 119 45 79 110 86 117 52 33 112 80 76 68 43 48 9 3 104 2 55 14 91 0 87 105 97 36 6 27 42 38 18 88 107 62 25 83 77 34 82 47 74 54 40 111 113 90 116 102 93 39 58 7 73 56 72 35 13 26 20 85 12 61 4 16 99 65 84 21 108 46 106 31 32
65 22 112 31 5 96 54 110 7 17 114 88 80 98 0 97 57 6 18 91 102 51 101 35 73 84 119 13 59 118 43 23 34 99 42 40 27 72 60 95 64 94 90 116 53 109 45 26 75 87 24 56 100 107 62 29 104 68 83 111 55 67 89 3 30 82 44 10 28 58 117 16 49 19 1 33 113 52 20 66 41 106 8 71 12 105 21 115 79 39 85 2 32 11 61 50 70 74 37 86
30 67 34 31 13 36 2 77 9 48 93 66 118 10 50 71 88 119 82 78 11 79 19 52 25 6 108 98 63 45 112 89 28 96 100 4 84 73 83 32 95 115 47 92 58 35 65 104 43 102 23 26 8 51 106 57 16 44 33 105 109 99 113 59 21 91 69 116 62 7 53 97 80 24 117 86 22 68 60 37 40 111 5 1 81 29 90 54 18 14 15 56 49 107 85 61 110 55 76 75
98 91 118 49 100 105 89 73 64 8 47 97 88 44 37 45 108 71 14 59 25 13 22 56 46 4 54 15 7 79 94 116 113 17 55 86 1 9 70 76 16 2 20 95 58 103 35 61 83 102 27 11 75 84 40 77 85 67 93 119 87 107 114 26 112 18 65 82 24 23 32 62 99 115 36 92 48 33 3 31 69 38 78 90 0 80 104 30 51 60 68 41 43 109 19 106 53 81 6 5
103 82 105 30 36 4 2 5 7 97 43 94 65 112 86 64 9 39 72 89 73 57 35 80 90 19 88 14 38 100 117 102 18 76 93 55 44 41 95 68 33 66 118 101 54 61 104 37 12 49 15 56 114 21 84 96 53 92 78 77 52 48 59 23 24 13 27 71 20 119 47 115 25 107 75 6 111 116 31 10 0 110 51 17 99 26 62 50 32 28 87 70 8 46 42 22 60 63 58 109
0 22 52 83 97 93 34 10 66 112 78 105 14 95 37 32 7 59 98 55 8 39 62 49 108 15 2 58 20 64 75 68 65 45 101 88 3 71 91 1 51 107 100 13 74 85 96 4 70 41 90 29 19 63 117 114 94 109 6 18 28 43 81 35 5 67 46 31 87 103 110 113 38 27 99 12 60 25 42 80 26 50 53 92 23 44 72 77 48 56 116 33 24 115 76 54 21 73 118 47
6 91 4 116 14 113 103 71 51 17 57 99 23 39 69 85 62 110 16 106 115 10 32 63 12 19 43 104 101 5 58 97 21 11 68 48 20 53 70 18 52 109 117 105 96 75 26 50 84 30 89 79 22 111 100 13 66 25 118 36 67 8 41 65 59 76 88 112 78 37 44 35 60 61 47 93 80 55 74 29 31 114 42 27 56 9 77 28 34 72 82 95 102 83 7 38 3 87 2 0
116 71 21 104 20 5 105 92 82 79 83 42 47 70 28 17 112 118 103 34 32 57 3 101 16 73 11 90 53 97 67 24 33 48 111 99 107 81 69 30 110 44 94 7 80 4 86 43 29 40 100 59 58 114 77 65 31 95 87 0 15 93 63 27 68 56 61 19 14 9 98 39 10 109 96 46 22 74 51 108 85 35 6 115 52 76 117 26 102 1 60 36 91 12 41 66 25 75 55 89
14 30 44 46 98 7 39 37 1 113 9 32 111 13 103 51 59 57 90 2 49 47 68 84 79 35 67 99 70 80 87 17 106 107 5 53 43 56 25 26 86 4 20 31 42 50 41 115 40 83 64 73 34 10 74 108 38 8 12 116 78 100 27 96 91 82 63 94 60 85 93 21 102 66 95 101 23 55 52 54 0 6 110 11 33 36 109 118 77 76 18 28 48 119 69 75 104 81 89 29
30 95 76 61 21 59 20 104 0 70 63 116 41 103 110 115 51 38 83 37 46 108 71 68 88 118 26 12 22 27 64 111 34 94 109 13 18 58 33 5 75 48 100 65 6 39 81 4 42 57 45 96 119 17 50 16 9 43 114 29 93 113 107 91 102 69 25 31 10 60 98 92 80 40 90 36 72 84 86 82 97 105 47 53 62 49 101 54 89 87 3 78 11 66 44 52 23 112 117 15
58 17 47 0 89 70 90 32 81 83 59 67 46 113 105 86 2 76 71 36 107 104 77 48 92 106 24 118 114 101 84 12 11 93 97 45 42 40 108 63 15 5 72 1 91 52 22 33 78 28 8 29 10 57 110 119 98 49 37 26 94 43 56 112 117 3 53 44 31 115 18 16 39 102 4 99 109 103 27 23 20 35 66 14 79 73 19 30 13 85 75 96 60 68 34 95 82 25 9 7
51 107 115 76 34 58 104 78 22 71 49 92 97 46 54 2 85 48 66 102 93 114 44 82 79 61 59 16 6 20 43 0 81 45 112 26 42 75 32 94 19 64 95 103 23 1 4 118 29 11 3 96 10 119 56 35 116 117 86 47 111 88 90 57 14 99 52 41 55 25 38 17 8 27 101 7 40 100 70 80 105 74 13 60 110 50 89 113 77 62 83 37 68 5 84 9 30 18 108 31
10 109 21 81 30 32 78 0 101 6 22 113 70 91 31 61 43 114 1 74 37 23 116 99 83 105 64 119 46 24 90 106 52 60 63 68 97 34 88 118 57 3 84 54 45 98 95 94 92 5 62 65 75 80 69 4 2 77 48 15 25 53 108 7 110 50 100 35 40 41 27 9 111 8 14 29 16 28 33 42 82 102 18 104 73 103 71 93 79 44 87 12 58 107 96 47 117 38 72 76
112 32 35 30 42 28 103 59 116 14 51 61 92 78 5 101 17 68 53 72 0 19 110 26 106 12 22 114 85 10 102 104 81 34 93 84 37 97 36 76 108 86 55 117 89 6 21 31 48 107 13 111 18 44 118 73 2 1 39 87 82 46 74 69 80 60 95 94 20 75 83 40 45 9 7 113 70 119 63 64 33 47 96 56 67 90 24 109 58 25 8 99 79 100 62 98 4 11 29 57
11 118 113 80 97 17 5 43 1 3 102 117 107 69 79 53 85 34 98 68 63 35 19 49 65 60 114 51 111 36 8 2 25 56 39 78 73 52 58 31 9 112 48 44 33 30 89 23 0 21 32 24 50 92 82 108 41 12 84 106 13 18 37 40 96 26 6 77 76 70 46 66 105 103 109 59 45 42 14 100 91 72 110 94 87 10 47 99 101 90 88 71 83 57 28 75 62 16 86 54
27 23 5 106 94 90 2 93 64 50 37 100 87 103 1 61 48 49 91 107 12 108 70 36 58 83 11 110 66 78 44 34 10 105 54 14 75 114 16 77 0 86 60 40 29 43 63 38 96 80 51 53 81 118 26 68 15 4 115 41 72 116 117 101 104 85 13 102 95 99 112 56 7 109 55 67 17 24 52 82 47 30 46 73 113 89 3 21 59 35 25 8 119 57 84 22 88 33 20 97
107 57 4 8 17 28 68 63 100 95 9 66 39 6 74 77 71 84 34 99 43 104 62 50 94 33 52 92 65 5 118 119 111 89 98 40 112 64 103 25 80 51 72 49 59 60 97 81 87 55 93 32 82 69 26 22 106 76 88 7 13 105 114 116 48 11 101 36 47 83 70 16 14 85 20 102 29 15 54 115 27 37 86 24 18 3 79 53 19 44 61 10 73 91 31 78 41 58 42 56
45 47 73 19 76 42 39 87 41 56 106 50 13 20 71 64 97 98 111 4 69 5 115 67 65 60 22 94 113 116 110 104 66 8 49 63 44 29 34 100 38 107 57 95 80 54 83 40 26 89 82 99 15 9 103 109 86 79 75 112 7 43 62 31 72 52 48 119 84 59 16 23 35 32 17 21 68 102 92 108 88 61 2 30 36 0 70 12 114 77 53 11 55 91 18 1 24 10 58 105
13 38 8 99 61 66 68 109 36 79 93 0 31 40 6 73 45 18 32 22 87 47 55 19 56 44 113 15 88 69 80 108 59 10 81 118 95 26 106 48 5 33 24 58 75 101 70 117 37 54 35 103 14 84 46 86 104 28 53 43 65 76 64 42 21 30 98 102 119 2 51 41 34 7 74 67 4 16 50 52 107 11 83 62 115 89 111 9 105 27 17 77 57 12 63 25 92 85 112 1
3 39 87 105 59 21 23 96 26 78 73 16 8 27 17 10 68 82 13 91 44 47 115 28 88 80 51 24 55 76 48 65 106 71 53 114 108 19 90 25 15 43 103 9 20 6 94 7 46 18 58 33 29 95 62 79 41 84 0 60 85 66 34 49 99 64 31 69 61 50 63 113 4 92 14 118 72 116 37 77 109 2 35 67 12 1 89 101 74 30 112 81 98 5 75 119 70 104 22 40
115 1 59 78 77 28 25 83 34 23 117 102 118 37 24 50 45 89 18 60 56 26 0 79 39 14 92 93 69 91 76 82 61 95 16 119 48 84 66 65 72 114 74 4 22 87 71 104 35 12 81 55 97 103 70 31 67 86 10 53 105 21 2 99 98 40 6 113 63 68 36 42 19 9 88 51 33 46 100 30 17 54 64 38 110 57 94 41 13 107 111 80 90 7 116 112 3 85 75 44
72 5 4 68 7 71 44 113 30 105 26 92 110 67 61 106 11 112 57 48 63 74 82 104 53 84 46 13 114 9 47 83 77 60 93 81 21 66 88 41 115 75 23 119 6 38 98 31 90 17 59 101 97 18 33 54 87 80 55 89 108 2 69 51 24 70 3 96 29 14 42 95 52 76 43 12 102 22 79 111 28 116 78 8 99 91 56 49 34 36 40 107 58 86 37 39 50 16 20 73
95 39 88 61 8 93 55 63 110 74 99 57 118 7 82 111 43 67 76 92 44 117 0 36 26 70 89 83 96 35 30 65 91 94 56 21 105 13 51 80 66 50 78 40 42 100 109 73 97 69 11 54 77 4 85 112 62 90 59 24 12 33 45 31 114 60 18 119 108 38 16 29 115 20 34 106 28 46 41 15 25 1 52 79 9 17 103 86 32 23 102 72 2 81 22 53 64 75 49 3
100 89 86 66 54 82 85 15 65 50 1 108 21 35 32 110 42 98 103 47 61 77 22 112 76 95 25 7 0 27 8 79 114 107 20 5 41 105 28 99 13 40 16 115 109 12 74 48 90 101 26 18 56 4 63 17 91 49 113 60 96 58 59 43 119 19 92 75 55 116 67 93 46 88 6 24 70 80 83 69 64 104 52 2 84 94 10 111 117 87 33 44 30 23 29 36 78 45 71 102
101 84 59 49 41 43 39 78 73 66 57 86 37 89 23 109 54 99 8 114 31 102 33 30 92 5 16 71 85 45 53 69 74 12 107 106 72 98 27 96 51 3 110 81 60 18 0 13 70 105 58 17 24 82 77 6 55 80 118 32 97 61 67 28 90 76 87 40 9 112 111 68 7 25 34 62 47 14 46 94 38 10 29 88 35 50 75 64 11 19 56 119 52 36 4 83 48 115 26 108
24 116 51 54 107 39 4 9 117 13 112 115 0 53 87 32 88 63 45 108 6 46 31 82 50 2 26 86 94 90 10 36 100 75 38 12 76 15 73 89 43 70 106 1 92 74 42 114 58 102 110 62 21 68 60 5 69 59 79 81 105 29 11 113 77 22 80 52 25 3 96 37 97 57 18 44 84 91 23 40 7 30 16 20 35 61 109 118 65 49 41 119 95 101 98 47 14 104 67 17
58 31 7 40 47 57 83 38 97 85 84 18 8 37 33 55 116 65 53 4 2 100 108 6 52 45 51 44 28 118 41 90 71 91 115 104 77 111 34 119 98 112 113 78 1 99 107 66 93 103 110 54 67 42 76 26 102 62 64 80 95 21 23 117 61 92 82 46 3 69 74 59 60 25 63 24 89 11 15 19 79 94 88 29 17 87 12 75 9 32 73 56 13 0 35 105 106 101 16 10
102 47 15 3 104 27 30 73 116 108 2 6 10 56 112 60 94 72 118 98 26 50 49 7 55 34 81 68 87 96 79 33 16 23 14 105 95 62 9 25 57 8 18 12 54 83 84 77 119 115 35 91 4 20 31 48 70 21 85 69 117 71 41 53 28 99 82 80 89 32 19 110 76 40 93 114 66 100 17 113 52 103 11 5 65 0 29 51 67 111 75 45 107 36 59 44 58 37 74 24
31 48 29 54 105 44 96 106 87 119 33 9 80 68 108 103 23 21 85 77 69 14 100 66 41 15 95 3 89 64 50 71 2 111 97 6 20 18 102 99 60 59 1 49 94 67 86 115 0 62 78 47 109 70 40 92 75 117 4 82 35 51 81 73 17 30 63 32 16 57 45 91 38 88 24 43 8 46 12 110 74 27 84 11 107 61 55 98 22 53 52 10 72 83 39 112 116 113 101 37
118 15 101 114 115 37 16 32 102 72 55 76 111 71 62 58 93 38 112 49 28 17 5 89 108 96 82 12 92 21 59 47 11 10 31 56 87 25 53 27 7 84 23 94 42 40 30 65 50 54 44 100 26 109 64 57 107 105 52 70 41 61 104 68 36 116 45 73 90 119 60 19 78 85 77 8 2 63 34 99 103 67 43 113 18 4 51 9 29 110 91 66 69 88 33 83 0 74 22 6
80 116 34 103 78 12 49 88 47 99 41 106 119 3 43 109 73 61 32 5 39 63 91 13 20 90 37 64 96 114 18 4 79 59 108 74 101 6 67 45 60 14 48 102 53 22 86 8 11 26 65 82 112 70 42 57 24 92 51 118 0 16 46 7 15 107 10 95 29 9 52 21 113 33 83 68 54 94 38 62 77 25 56 1 111 35 105 110 115 36 76 2 40 117 98 66 85 72 84 23
94 20 105 28 104 2 101 19 116 39 77 110 0 65 1 38 37 76 54 80 47 46 114 95 14 18 32 17 12 89 99 42 21 93 107 29 108 4 58 25 60 73 112 56 69 79 16 115 27 35 52 111 44 71 75 62 81 13 34 48 118 86 70 49 61 88 87 91 3 23 15 57 67 22 10 78 83 85 74 97 31 64 117 8 53 63 90 113 5 66 24 92 103 51 33 102 43 59 106 36
24 59 40 44 109 116 46 85 75 47 97 51 1 73 42 38 26 91 32 53 110 65 52 78 105 94 119 9 76 23 111 27 33 82 112 45 31 34 104 28 62 106 102 7 4 63 83 81 30 117 0 19 88 108 80 18 113 17 86 74 56 50 99 67 89 100 58 2 96 22 92 98 118 61 95 57 114 55 79 6 84 14 115 70 43 68 20 5 107 54 3 60 103 36 13 90 39 29 16 71
50 73 116 7 53 83 45 6 84 67 4 78 101 25 47 39 118 9 23 40 57 62 55 61 56 112 5 109 52 99 86 98 38 18 54 76 79 80 13 103 100 20 48 89 17 97 90 3 26 107 58 31 60 71 16 66 41 114 29 19 115 93 14 63 82 119 51 105 21 44 12 117 10 2 91 27 102 43 75 88 92 68 77 22 65 111 37 108 96 24 36 35 87 0 72 70 81 85 69 64
23 39 35 40 74 54 73 33 92 82 104 47 91 13 102 51 103 38 12 19 63 80 118 17 28 78 4 112 65 116 49 52 7 41 15 50 67 53 60 0 90 36 93 106 6 31 83 101 30 94 107 34 84 61 95 44 18 58 81 5 27 62 79 11 22 72 37 1 2 14 111 75 110 88 99 3 29 46 117 9 105 113 45 109 87 77 8 115 85 96 66 59 55 57 76 100 86 68 48 89
2 82 19 73 5 22 84 53 42 91 96 38 14 109 108 12 11 37 60 1 95 85 64 61 113 16 90 63 43 47 99 97 59 110 118 58 32 41 33 15 3 87 7 81 76 79 117 94 100 67 71 13 112 78 103 30 18 21 54 105 20 86 9 102 26 23 116 68 45 29 0 39 83 98 35 25 75 17 107 93 66 111 6 40 77 65 69 31 101 28 34 10 89 55 70 88 119 115 56 57
45 43 68 77 93 20 65 19 96 14 114 36 82 111 2 98 52 105 41 64 28 3 101 8 109 88 47 112 27 84 39 12 51 40 115 55 49 54 56 66 4 94 70 71 5 33 53 113 17 118 18 21 37 31 73 29 107 100 72 117 67 75 119 30 110 92 25 10 61 89 32 116 86 79 103 81 38 91 59 13 46 34 63 11 99 102 83 80 57 108 60 22 104 16 23 95 42 44 85 6
76 89 73 34 104 40 86 20 106 22 92 59 38 66 114 116 56 68 3 90 51 18 77 91 46 65 97 12 7 2 13 21 5 61 117 64 95 17 69 71 58 42 88 31 41 93 101 107 60 74 110 14 115 85 11 44 67 103 109 32 94 119 43 84 83 27 81 52 62 10 28 55 112 63 23 36 82 49 102 105 72 0 78 4 47 113 19 48 15 8 9 70 111 118 16 108 98 33 24 100
119 75 71 109 59 43 107 50 68 38 92 45 19 118 87 51 23 83 116 40 0 76 78 90 35 22 34 49 31 117 101 12 67 97 74 1 25 47 91 102 11 99 84 26 112 13 63 98 5 96 16 48 57 64 6 60 18 93 56 81 10 85 110 73 114 30 17 69 41 28 21 106 58 36 115 8 77 29 27 62 52 105 72 100 4 82 104 7 53 37 14 46 103 70 66 88 33 113 9 80
111 51 93 55 2 112 81 52 95 15 58 73 13 30 96 29 116 104 8 102 107 21 7 10 69 91 97 63 16 56 77 1 114 4 66 60 35 103 101 46 70 65 79 24 100 110 109 3 25 105 99 37 83 39 28 32 113 86 74 44 80 84 62 59 68 14 106 108 22 26 18 40 72 67 45 90 43 87 11 5 54 34 41 6 115 20 78 47 27 9 48 61 85 53 31 119 0 49 89 23
70 77 56 106 80 116 99 119 76 41 110 111 1 103 17 73 82 15 42 36 102 11 57 45 9 92 4 26 50 38 30 86 51 62 29 93 46 84 100 88 63 8 71 108 90 37 35 14 109 48 118 67 13 96 91 23 19 113 87 79 24 117 31 68 49 33 60 69 64 114 98 32 105 104 53 115 20 6 112 12 65 61 66 27 54 5 40 2 78 43 89 44 28 7 101 10 95 47 25 16
25 95 81 14 99 10 70 75 15 118 76 2 46 61 119 6 28 105 17 56 55 112 113 38 87 91 11 69 82 30 86 88 92 51 31 62 93 20 47 35 40 49 109 4 97 73 80 102 50 19 39 34 1 57 27 111 64 43 68 90 107 110 77 42 0 74 5 115 58 100 44 41 45 16 101 71 94 83 22 53 12 72 98 117 9 24 33 96 63 13 78 18 54 29 3 114 108 65 89 103
111 19 49 51 102 74 9 87 53 28 103 13 29 116 1 66 30 118 94 64 60 95 11 26 81 91 8 52 43 14 56 42 25 104 80 10 105 55 16 100 72 58 82 57 12 7 76 78 109 73 98 3 107 24 96 77 115 79 99 33 113 67 62 34 89 27 101 108 83 92 45 88 110 106 112 18 40 47 86 4 75 54 38 35 85 70 117 15 68 97 37 2 119 31 84 23 69 63 17 71
28 115 17 86 83 90 117 18 3 20 19 84 80 57 16 104 47 109 88 14 64 108 10 1 22 7 61 105 103 65 29 119 55 113 49 4 39 51 37 81 30 116 99 95 93 62 58 118 0 53 27 40 63 75 11 12 67 73 26 85 100 111 69 5 50 106 87 54 6 23 2 31 13 60 32 15 82 8 25 24 9 97 46 59 76 66 77 79 112 21 98 33 45 52 70 56 89 43 78 42
45 47 62 56 72 98 60 46 32 40 82 20 44 103 105 71 34 102 66 30 104 63 91 75 7 22 15 112 57 24 109 25 28 86 80 73 52 113 18 41 81 69 11 48 5 12 43 29 17 90 14 78 88 9 50 65 79 61 49 114 110 6 89 70 118 38 68 85 21 100 87 116 8 55 2 92 58 31 95 108 3 0 23 37 67 19 26 74 27 35 101 77 96 119 94 39 53 93 59 51
111 59 86 72 44 73 87 31 88 74 91 28 103 71 18 55 10 97 8 112 96 17 65 7 119 29 82 12 4 104 108 36 77 69 93 27 83 63 40 50 39 105 24 116 75 51 1 106 66 35 85 115 79 117 32 6 60 49 114 90 20 22 26 53 5 15 57 56 84 62 30 43 107 16 14 0 67 21 19 78 81 2 13 95 64 61 33 47 80 9 54 99 98 42 70 92 68 52 109 94
66 40 28 45 31 34 11 15 104 13 29 37 106 94 32 47 81 51 76 73 20 69 4 35 115 102 89 72 1 70 19 118 7 24 9 117 83 100 80 30 78 112 95 71 55 10 119 52 12 68 17 6 22 33 101 116 58 63 57 114 74 14 42 46 92 75 56 53 18 107 105 26 103 82 25 109 41 39 97 113 98 99 108 84 27 44 21 79 91 88 59 96 2 86 36 8 93 0 43 85
53 28 7 102 11 36 39 23 86 115 57 45 111 78 35 33 101 48 25 50 109 72 8 105 99 0 104 98 56 64 61 22 47 83 16 68 93 63 1 19 71 96 58 95 69 38 29 108 12 90 65 107 52 88 42 14 40 113 100 18 84 91 103 32 51 76 2 37 87 79 4 62 74 85 106 17 80 92 13 94 82 112 55 34 67 117 21 6 3 5 46 75 43 49 89 119 97 30 77 44
75 94 27 58 51 54 1 46 10 68 113 39 109 9 55 18 6 28 72 96 50 111 21 22 90 89 112 106 49 99 45 110 81 40 15 98 11 79 52 8 104 47 29 85 7 64 61 86 62 44 114 71 69 23 4 119 14 34 97 95 35 19 60 108 30 93 101 88 33 36 24 65 67 84 17 118 82 91 26 63 74 48 43 66 102 5 0 20 56 70 77 37 73 31 59 107 42 2 92 76
25 23 55 101 47 65 72 80 100 109 63 28 89 64 95 114 11 20 49 56 16 2 34 74 44 60 117 0 111 116 48 54 9 58 17 5 4 91 97 43 106 7 10 70 45 113 18 79 93 50 32 96 37 77 61 75 57 62 46 67 19 12 33 112 76 53 13 21 104 30 59 107 85 94 115 73 52 81 40 15 35 110 26 14 41 102 22 1 119 88 68 6 78 98 31 3 42 27 118 99
65 25 118 5 114 17 15 117 28 105 23 90 115 2 49 112 56 43 20 93 19 32 45 7 62 8 94 16 22 14 13 64 78 83 69 106 84 99 1 41 6 34 3 50 104 81 58 95 72 31 87 26 29 68 96 44 75 88 39 70 38 119 91 102 4 110 103 60 76 97 86 18 107 82 47 9 40 113 36 100 79 111 109 48 61 77 71 33 35 30 55 53 11 101 116 0 80 21 92 59
22 49 39 115 30 110 20 107 92 69 93 94 100 84 109 98 50 3 119 28 47 15 6 85 53 79 12 44 82 103 95 60 1 25 113 108 26 118 76 106 21 64 86 40 63 62 24 74 29 89 58 45 65 57 51 4 8 97 117 16 105 41 2 34 31 14 36 102 104 101 90 7 27 13 99 59 17 11 66 37 9 10 23 35 0 19 91 32 70 78 96 71 61 73 72 88 46 33 111 38
69 83 110 68 57 21 85 47 107 117 1 90 66 26 74 101 8 62 61 105 92 113 106 93 45 28 15 13 53 89 100 81 96 60 16 76 9 97 7 114 95 54 111 4 49 14 56 39 19 67 79 119 59 102 42 34 20 73 0 6 2 17 44 109 50 99 65 86 18 43 88 46 30 38 41 55 75 63 5 94 64 24 51 98 104 72 40 22 78 32 48 91 108 37 80 82 52 115 3 70
71 29 30 72 62 103 84 4 70 75 22 45 33 60 117 95 94 104 12 51 116 66 91 26 102 97 105 13 99 65 47 100 14 49 112 61 50 6 55 119 77 96 111 40 48 87 46 107 76 32 64 56 67 59 58 5 31 69 25 23 1 54 34 115 43 17 81 109 42 106 37 68 118 3 79 20 92 38 18 7 36 0 9 16 88 41 10 11 53 85 89 113 57 35 101 90 2 15 93 74
67 80 107 85 7 91 22 103 35 63 111 97 109 98 47 86 55 53 115 10 14 39 60 44 26 37 33 69 57 114 28 15 58 108 29 54 59 88 104 92 45 89 113 25 23 112 3 21 99 19 83 11 52 94 95 93 56 18 75 34 84 1 66 77 102 105 117 68 50 0 43 6 74 62 64 110 27 81 101 71 17 9 5 30 65 96 72 90 13 119 41 116 20 16 46 42 76 32 24 79
80 78 117 108 102 115 54 28 9 4 76 26 10 59 30 65 57 60 97 96 16 39 53 38 103 50 3 33 104 89 24 118 36 12 18 69 14 58 70 93 35 62 106 119 77 100 42 107 87 101 43 116 32 23 99 68 114 17 55 8 7 20 91 73 46 66 61 22 29 64 45 81 2 113 110 21 5 31 82 90 67 25 79 27 109 34 0 49 41 92 47 15 51 105 19 86 40 98 11 94
61 69 12 68 45 58 67 105 4 1 24 36 117 71 46 17 107 98 47 35 22 7 28 70 23 39 13 9 50 37 72 101 94 82 92 64 63 53 77 57 104 59 29 111 84 34 2 100 116 6 89 32 27 80 15 38 48 83 86 112 78 115 55 110 119 93 109 25 52 0 43 30 75 118 87 108 5 26 42 81 96 49 18 66 10 33 76 41 79 97 14 21 91 60 51 65 11 44 102 88
96 86 35 53 93 16 112 92 98 12 119 41 83 4 101 7 9 17 89 10 61 40 57 18 90 111 64 75 50 28 103 6 56 71 24 77 55 65 42 20 82 47 70 104 109 106 14 49 44 87 108 27 95 99 114 29 105 78 72 118 43 48 37 51 38 117 22 102 21 0 74 15 97 66 36 46 31 32 58 85 116 3 100 23 19 62 73 26 1 45 59 5 115 68 11 52 88 91 39 63
4 30 60 49 7 2 44 61 67 108 109 47 96 102 57 116 90 51 16 48 86 27 24 13 53 46 77 18 65 56 71 50 63 76 88 0 40 39 87 1 36 82 10 100 54 99 64 25 23 43 5 26 97 89 92 11 83 104 105 70 31 3 91 17 75 72 74 55 73 66 79 12 114 62 101 85 107 14 15 81 19 52 33 119 58 20 21 6 110 112 9 84 45 69 42 37 103 35 32 29
71 23 22 69 80 111 62 26 33 65 64 92 83 47 81 45 17 68 49 51 75 16 70 38 46 0 86 34 88 21 104 3 110 37 2 50 109 100 85 27 4 55 63 99 19 95 61 73 40 98 113 59 41 76 53 7 30 28 24 87 91 77 9 82 6 78 108 97 54 57 116 96 94 74 39 101 67 93 36 25 48 13 118 14 56 44 20 117 32 58 72 107 18 79 112 89 42 103 66 84
18 1 49 85 106 31 62 34 22 102 42 88 16 55 7 110 79 116 89 117 83 13 72 35 75 15 104 69 76 24 71 47 111 99 12 36 28 94 93 92 54 32 17 29 114 14 84 52 9 8 39 78 10 64 73 46 21 82 113 40 5 30 70 53 66 43 118 109 98 20 74 67 38 3 105 112 11 65 4 108 25 44 115 107 103 60 48 58 51 63 91 101 56 80 81 119 50 77 45 61
22 112 25 0 63 119 102 33 111 30 78 54 19 85 84 74 57 59 98 90 71 88 94 109 97 117 29 18 66 108 77 23 110 37 52 83 53 44 99 5 87 56 58 32 47 79 35 51 60 49 92 12 80 104 86 65 101 75 39 106 13 93 11 103 70 68 116 50 114 64 3 82 118 107 40 2 95 89 61 21 27 26 38 34 105 115 7 42 81 17 24 113 45 73 91 4 10 67 28 43
2 24 15 31 84 17 57 41 35 104 68 107 100 106 55 22 42 3 94 98 105 50 58 0 1 64 85 65 29 62 81 37 4 63 75 18 10 14 110 49 87 56 34 8 112 71 108 114 16 20 99 70 21 27 72 51 43 53 96 30 90 39 47 32 11 101 113 80 25 26 86 23 69 5 7 73 28 89 91 109 67 19 111 13 52 60 12 33 36 82 119 38 92 66 45 78 9 76 74 79
34 28 60 118 115 40 22 15 111 93 53 46 74 6 26 81 54 97 16 55 98 116 9 36 56 31 24 76 11 50 79 30 99 96 89 45 3 64 92 52 37 57 42 25 119 39 67 27 62 68 41 10 43 78 84 80 33 21 109 63 29 23 14 13 105 58 20 94 75 77 17 73 91 47 65 66 51 69 83 61 2 18 38 110 0 1 86 4 71 8 49 5 102 107 85 117 113 95 72 12
37 56 22 35 58 100 19 71 109 44 98 92 21 84 9 107 80 96 64 70 38 90 28 67 7 78 95 42 1 36 45 61 104 68 119 77 111 101 69 65 72 112 105 5 24 0 47 118 33 52 73 108 43 6 16 48 30 103 17 34 83 53 89 15 93 74 13 102 79 49 41 114 46 117 91 116 57 82 51 25 99 4 66 32 11 115 60 26 54 3 113 62 106 63 50 40 55 94 31 2
81 37 6 96 36 52 109 32 102 106 86 47 110 30 99 78 15 42 40 101 54 75 100 111 74 88 107 76 18 97 13 89 118 56 90 82 119 94 20 65 71 27 12 80 0 114 46 83 68 70 39 92 9 8 23 14 2 115 28 38 77 95 85 26 98 91 103 62 10 5 17 41 25 53 63 79 87 3 44 43 59 11 4 69 57 51 45 22 21 105 112 72 16 67 64 61 58 35 55 34
27 19 16 112 83 8 23 76 47 0 80 79 42 48 113 88 102 3 61 71 117 41 43 59 9 73 58 12 82 63 99 10 49 60 68 44 100 46 118 111 34 31 106 92 75 65 11 69 87 107 25 4 53 97 110 119 115 94 104 26 98 20 91 72 52 13 14 78 95 22 21 28 89 55 35 24 30 86 6 67 66 64 54 96 40 101 109 114 103 37 85 105 15 29 84 1 32 93 50 77
58 102 108 80 65 12 16 71 28 43 97 24 76 44 99 51 103 31 67 20 78 41 36 46 81 45 87 91 116 109 62 114 73 59 64 119 69 18 9 105 74 49 104 14 42 17 110 21 48 53 29 100 26 118 115 50 56 32 4 8 95 38 77 79 101 70 93 25 22 72 0 63 83 35 90 117 106 3 111 89 7 6 75 60 37 88 15 10 82 112 5 57 47 13 66 96 40 94 98 68
78 107 22 112 11 74 55 61 17 93 101 52 87 69 65 92 7 116 106 80 51 43 71 29 60 68 34 104 16 58 72 6 90 3 4 118 110 75 63 39 100 95 89 86 13 76 42 28 108 103 38 36 35 25 1 111 8 66 53 102 21 27 49 40 82 30 97 41 88 79 15 57 26 0 115 37 62 48 77 114 94 44 23 98 64 96 81 84 83 31 70 5 117 14 99 113 9 59 32 73
2 64 44 37 42 116 113 60 32 0 106 12 41 4 53 1 76 98 119 61 33 81 85 86 18 99 118 50 54 87 67 62 93 31 79 51 24 65 92 96 34 68 23 3 11 70 103 47 109 16 75 63 89 59 95 102 114 19 83 49 94 91 14 80 22 101 74 110 8 69 112 73 78 20 6 13 66 15 35 111 29 48 100 26 58 36 52 5 115 7 82 72 46 55 38 40 90 107 117 9
50 12 40 87 37 4 68 1 36 112 97 42 32 61 83 39 23 119 25 75 71 51 16 54 99 30 5 96 77 84 100 46 14 60 13 94 24 106 105 80 53 15 117 10 7 82 55 92 88 109 29 89 62 111 41 57 45 20 31 8 107 65 91 17 114 79 93 63 78 102 58 108 85 70 69 73 38 49 110 74 11 33 118 116 56 90 101 27 9 3 95 76 2 44 22 67 35 103 19 0
30 108 43 85 87 112 95 82 37 118 59 101 16 104 45 109 31 93 2 20 79 73 97 64 62 60 23 46 19 76 116 39 25 83 51 70 6 94 90 56 99 91 50 14 67 96 36 7 0 15 115 3 111 10 80 13 84 12 17 65 21 74 1 110 103 71 9 34 92 18 75 88 69 42 41 72 4 54 55 24 113 81 26 89 119 53 117 44 68 114 63 66 58 8 98 38 29 27 100 61
25 19 84 98 78 21 103 1 14 107 66 40 57 83 74 48 96 93 101 85 81 108 90 51 37 61 71 22 104 64 36 110 59 115 26 73 50 42 99 62 56 28 11 5 116 114 47 92 23 16 105 12 24 63 2 109 102 111 7 82 30 45 60 119 18 54 58 95 70 53 13 86 41 0 33 80 89 65 72 88 39 31 117 77 52 112 6 43 38 49 79 94 27 69 10 97 35 100 106 87
45 75 71 91 76 25 86 96 20 102 85 100 113 57 39 36 2 111 23 118 41 82 10 69 42 119 62 14 81 27 110 98 49 66 26 94 31 54 104 80 1 13 3 115 38 9 4 72 35 84 87 83 29 97 7 16 95 48 22 101 112 74 30 11 70 116 47 99 19 73 37 108 52 12 79 34 33 32 8 103 89 92 117 105 17 90 78 43 64 93 0 77 68 106 58 50 56 21 114 107
101 98 103 105 112 59 85 46 4 39 74 40 82 1 111 77 116 60 71 62 95 115 19 107 108 81 65 31 93 110 0 30 17 26 80 28 83 34 23 33 58 97 61 18 69 32 5 20 21 42 54 37 49 11 6 84 3 66 41 94 118 113 96 35 79 87 44 76 86 43 106 78 64 15 50 57 55 100 38 88 99 22 56 48 104 114 47 24 91 9 67 7 75 70 10 73 92 63 13 109
41 75 55 12 89 72 34 33 96 97 29 19 30 98 3 64 24 9 61 10 44 38 17 13 93 60 27 54 31 11 110 102 46 26 20 65 1 84 67 52 82 116 106 7 113 71 85 80 78 45 86 15 104 22 16 58 53 8 118 107 49 103 4 99 115 56 92 28 50 21 5 32 76 35 73 83 100 40 87 108 25 63 91 70 18 90 66 81 23 79 6 95 47 42 94 14 57 88 74 77
94 78 103 34 104 3 93 51 15 45 2 49 99 106 43 0 117 46 119 8 4 39 24 98 70 102 81 1 42 27 57 85 36 61 64 11 72 110 48 83 13 100 118 26 19 80 77 47 29 21 60 115 95 56 97 96 65 68 71 31 114 90 63 76 7 67 74 35 5 40 25 82 87 32 92 10 113 54 66 79 18 17 91 6 53 105 16 28 69 88 44 20 62 116 52 50 38 101 9 89
95 112 104 2 76 8 27 60 11 71 35 87 28 50 65 52 0 47 114 74 89 49 84 93 44 43 17 57 9 69 61 83 97 102 20 53 82 46 16 24 12 3 18 100 66 54 98 59 78 15 62 91 86 56 25 63 55 29 22 85 21 42 26 1 108 81 70 36 13 109 79 51 41 14 99 94 105 72 88 103 32 106 7 107 118 68 77 67 48 75 96 101 30 45 6 117 39 111 37 19
2 63 62 6 117 49 82 20 9 41 78 55 99 101 96 69 50 102 119 77 27 15 118 72 39 58 25 92 75 60 87 74 109 30 105 88 89 36 3 81 21 108 80 68 29 100 1 47 32 26 38 24 114 16 94 17 79 31 107 33 44 93 35 7 57 40 103 14 112 85 76 116 110 48 111 37 22 8 113 70 18 52 65 46 73 11 97 95 43 4 67 10 5 45 61 19 54 66 23 115
16 27 51 110 87 81 6 11 89 105 20 109 111 77 80 117 18 82 73 10 106 118 104 56 85 119 102 7 53 92 1 36 88 26 100 41 95 71 76 115 39 29 66 72 33 70 24 43 84 0 74 63 45 96 44 57 46 8 37 5 65 3 2 98 79 25 90 21 32 116 112 28 91 103 13 64 67 97 93 23 42 15 47 17 86 108 83 49 12 62 107 30 60 94 40 59 114 22 55 54
63 94 87 77 67 114 101 44 4 116 103 22 40 36 100 12 56 117 75 42 92 73 50 0 113 27 24 35 70 9 81 93 66 69 97 10 19 30 49 95 119 5 23 2 109 8 43 16 41 58 57 108 65 7 89 91 28 37 38 46 82 112 98 90 32 78 48 80 25 72 52 110 111 1 83 21 17 54 60 34 45 79 47 76 15 105 102 20 86 33 51 115 74 13 59 107 71 84 88 29
46 30 39 23 14 76 81 54 9 87 21 6 13 80 92 24 74 38 65 37 35 86 36 106 57 118 50 96 110 98 15 114 44 33 103 84 40 99 55 12 64 25 89 67 94 52 63 19 8 0 75 7 78 61 116 48 29 108 119 79 91 95 11 100 101 73 88 115 3 113 31 17 18 69 1 82 90 26 83 5 56 85 72 62 10 20 49 71 42 47 60 43 45 105 97 51 70 109 34 107
71 57 96 33 28 31 45 68 81 49 47 103 82 109 48 106 19 41 55 111 15 65 22 20 52 14 5 69 87 39 77 100 97 56 102 13 92 27 119 80 113 36 89 46 99 98 117 76 93 6 66 116 78 2 10 8 114 115 4 105 17 37 108 90 42 35 118 60 50 91 16 51 75 112 110 73 61 63 26 59 11 70 1 24 101 54 72 62 18 29 79 43 83 107 32 58 34 94 0 85
68 7 46 90 85 12 2 110 33 87 60 21 22 74 54 31 41 91 53 0 3 10 48 75 89 78 49 47 40 97 63 76 115 77 51 16 20 113 114 109 4 112 8 1 6 69 34 24 64 5 119 83 55 106 72 118 102 14 15 84 62 52 18 35 19 58 104 61 108 50 79 71 67 23 99 45 65 13 27 32 100 30 36 28 59 95 9 37 81 105 96 117 25 17 66 42 111 38 88 56
82 50 76 57 79 0 9 21 103 18 48 52 6 95 97 106 111 108 5 14 40 80 58 70 104 53 66 100 65 83 36 99 1 102 113 41 84 71 11 61 86 19 88 43 8 47 13 45 28 60 16 26 35 114 56 59 33 96 93 107 55 15 29 105 10 46 101 75 32 7 68 74 4 67 17 109 87 64 20 118 94 92 69 25 39 38 27 31 44 24 98 117 115 42 23 2 34 116 91 30
37 28 40 112 2 13 18 88 68 10 20 19 27 51 42 100 47 79 35 44 32 5 90 6 46 30 66 82 108 86 4 22 106 0 84 115 107 77 11 7 116 16 9 103 23 93 119 29 34 71 39 49 118 15 94 21 43 38 55 83 52 91 98 96 102 41 31 3 101 25 76 59 50 60 99 87 95 24 57 109 69 85 12 104 65 81 54 17 92 110 48 36 61 74 73 56 80 97 1 45
41 0 118 3 97 63 18 53 10 44 81 61 50 105 72 80 52 62 32 102 107 9 92 60 13 88 51 78 54 106 23 114 39 59 48 115 8 99 46 112 1 11 77 113 96 93 66 7 71 15 65 100 103 58 67 104 68 109 86 12 74 16 89 34 4 70 31 42 22 49 57 111 14 91 36 56 69 83 64 19 28 116 21 85 40 108 25 47 17 79 117 5 94 55 29 33 76 73 27 98
50 63 116 76 1 78 91 104 53 39 84 35 41 34 2 87 100 88 11 118 113 99 67 92 94 66 89 107 101 72 6 52 117 16 13 8 102 97 12 114 54 110 29 109 68 21 86 111 81 22 115 28 7 93 32 96 119 48 77 42 106 83 49 17 61 74 26 4 10 9 46 60 58 14 79 20 0 51 43 27 31 5 59 37 105 64 73 23 3 75 45 90 56 65 36 80 85 98 44 103
43 26 21 100 19 73 77 0 104 60 39 107 61 4 95 119 63 29 96 84 74 108 118 99 49 70 92 8 68 94 16 81 66 109 113 85 20 117 53 103 67 89 57 32 72 7 11 87 36 1 101 111 52 105 88 2 38 114 46 14 30 51 79 12 93 33 34 35 45 69 80 15 22 44 116 112 71 6 41 64 24 58 106 83 37 78 115 62 102 97 3 28 47 27 59 110 25 65 50 31
63 104 0 3 43 50 47 109 28 7 67 59 6 62 105 29 1 27 77 25 111 41 114 34 52 33 57 107 40 14 87 21 65 88 45 92 66 96 74 73 118 98 102 11 49 95 116 20 78 83 68 86 13 5 99 76 79 69 71 32 115 64 89 90 53 101 19 110 22 4 39 18 100 82 42 36 31 24 94 38 8 17 60 56 81 37 16 84 106 117 46 61 2 9 54 112 12 26 80 119
15 2 77 44 67 61 37 63 69 49 54 1 43 93 71 20 78 109 70 50 94 0 32 102 107 90 4 115 110 68 31 101 84 13 24 26 57 9 40 55 30 79 91 22 33 88 27 58 72 105 48 46 12 95 116 111 19 96 23 29 74 97 53 64 17 25 89 113 62 11 38 3 21 92 86 118 16 5 98 10 6 106 35 85 73 28 66 56 112 80 8 114 65 18 76 39 100 42 99 60
20 64 26 80 119 72 40 71 118 73 81 9 37 53 30 76 106 49 109 84 7 34 31 42 92 101 1 39 59 60 51 62 96 99 93 78 33 25 114 13 111 52 91 102 55 24 116 74 61 0 3 22 87 48 105 82 32 65 4 5 17 29 27 63 98 97 2 46 58 56 36 88 11 18 19 110 16 90 50 21 83 35 28 86 43 10 79 108 15 45 117 8 38 75 112 67 41 77 57 66
20 104 71 66 34 23 93 70 61 98 15 45 44 105 38 49 81 54 72 36 65 119 111 110 40 50 5 69 95 89 37 73 30 16 57 100 59 90 56 18 52 112 80 11 96 68 118 26 63 97 62 28 39 42 74 7 114 109 117 92 64 94 14 99 6 58 77 9 75 31 1 55 84 67 12 10 35 21 47 29 0 48 82 2 108 32 102 25 24 8 3 33 103 86 78 116 87 43 107 51
118 63 40 81 90 106 32 105 29 1 0 8 74 15 76 4 103 7 70 116 87 38 66 85 54 101 72 41 28 115 59 14 98 9 65 82 16 84 20 37 108 60 80 52 48 97 91 25 88 47 62 56 22 113 89 53 96 100 12 6 77 43 42 94 79 67 24 117 107 102 68 35 36 86 119 71 92 58 5 45 10 109 18 23 83 78 3 21 34 104 26 64 110 33 51 57 30 17 39 73
94 53 72 64 17 20 102 73 65 7 12 43 50 103 92 23 10 1 4 87 112 90 82 74 79 69 110 66 24 19 46 55 71 85 52 44 97 31 59 54 2 30 60 6 100 114 80 5 37 95 36 58 16 101 40 83 84 56 25 34 99 63 8 42 22 47 81 39 9 26 89 78 29 45 0 11 115 98 107 18 68 118 76 88 109 49 116 35 41 108 13 32 93 96 77 14 51 91 106 61
100 108 115 109 79 73 2 57 56 30 80 42 83 76 8 32 5 25 41 1 6 107 38 103 20 27 31 18 113 19 64 81 52 71 65 117 105 40 74 16 62 11 49 84 102 3 37 46 50 92 28 17 93 51 98 63 114 99 22 14 82 118 60 58 24 90 4 78 119 94 33 45 88 97 12 10 69 85 111 95 43 7 26 53 70 59 35 9 66 112 110 86 61 29 23 91 34 77 116 0
82 17 38 68 60 114 67 109 30 13 66 36 112 32 115 27 116 12 64 40 3 74 58 87 73 6 1 92 51 106 23 29 10 90 110 108 103 97 80 78 42 44 9 62 104 19 7 46 48 105 26 28 4 100 2 33 57 59 118 119 75 61 69 14 22 52 81 18 47 11 94 70 49 79 53 96 56 8 89 88 5 15 84 16 99 93 0 45 98 101 72 54 76 39 107 65 113 95 21 20
73 79 67 90 75 86 9 55 87 89 83 4 88 61 118 23 36 102 97 96 98 114 25 58 63 93 38 54 105 16 6 104 57 26 84 119 103 3 0 21 12 101 39 52 37 28 111 42 11 107 8 17 113 77 71 91 68 31 117 19 13 109 2 30 43 29 110 60 27 20 56 32 34 46 5 62 33 69 18 78 40 99 74 65 66 10 59 49 81 95 22 115 51 7 24 116 50 14 108 35
2 85 22 24 109 94 65 62 74 18 82 33 91 58 52 31 36 118 28 0 63 5 112 1 17 48 102 108 37 104 107 86 11 75 29 43 80 8 110 92 35 27 105 20 93 54 25 42 60 15 9 23 3 12 14 10 44 117 47 38 88 115 96 26 76 103 106 49 114 83 39 67 84 100 101 51 71 73 68 119 89 19 69 53 13 16 72 7 41 98 95 77 50 97 81 6 87 57 40 55
79 36 31 38 37 74 19 67 55 43 59 87 115 117 17 57 98 103 54 52 29 100 33 102 96 86 20 64 47 92 5 35 53 24 111 41 58 119 110 93 109 104 32 45 63 48 39 49 94 89 72 76 34 6 51 85 27 8 107 10 40 25 99 21 28 70 81 42 68 66 91 78 95 15 22 65 30 18 71 7 73 14 80 44 13 1 4 23 26 3 114 97 106 82 16 61 83 62 101 0
93 83 25 76 55 13 27 73 57 11 102 109 116 2 84 28 29 17 70 117 75 68 87 52 37 35 115 61 62 94 66 36 95 20 104 67 4 51 23 64 74 43 79 100 15 80 65 101 113 45 19 114 88 89 112 119 34 9 59 10 6 49 103 1 24 72 105 54 5 12 48 71 30 44 38 40 106 18 63 82 56 85 118 32 7 21 50 69 41 96 107 46 110 60 16 3 99 90 78 86
107 37 105 50 98 18 24 43 40 36 4 90 14 56 28 103 16 83 31 75 20 0 34 106 26 71 111 110 72 82 99 62 64 113 97 21 1 69 23 32 74 76 95 94 92 41 51 6 81 47 85 44 2 10 27 101 9 108 25 104 60 45 78 35 117 87 89 68 80 13 7 46 79 118 93 91 102 12 115 59 11 30 53 55 3 15 114 58 77 100 119 57 116 86 48 54 66 38 52 42
64 6 44 83 56 24 119 118 11 110 2 54 4 48 10 102 9 62 101 46 77 34 19 115 52 35 37 61 103 109 45 107 117 89 73 93 59 116 63 22 16 21 49 28 43 60 104 29 58 38 1 94 82 86 85 15 23 7 112 30 91 14 20 106 41 68 47 18 5 80 66 78 33 0 55 87 13 67 108 72 96 12 3 81 26 31 51 74 42 40 27 79 98 39 57 8 90 100 111 97
18 10 63 15 87 42 83 46 19 38 41 65 11 20 7 103 43 60 12 54 49 66 82 5 1 37 9 31 36 28 85 2 76 48 115 112 62 67 89 92 39 78 13 51 81 70 90 100 24 101 114 109 75 8 74 108 80 29 22 94 40 30 72 104 6 61 84 98 99 52 16 68 21 97 27 34 116 77 44 71 91 96 3 88 23 86 26 110 117 58 64 35 105 57 69 106 59 32 17 25
49 30 39 5 115 24 77 97 57 69 70 100 65 111 25 56 41 1 89 82 73 83 16 31 33 6 2 55 94 58 7 44 27 8 43 12 85 105 42 102 40 47 64 68 106 52 67 114 90 113 0 59 98 19 79 104 101 91 80 48 61 34 99 86 116 22 66 23 18 28 71 75 96 9 93 88 46 51 60 26 84 72 103 54 110 118 38 63 45 62 112 21 53 74 15 95 14 17 10 32
59 26 23 39 95 20 107 76 66 105 50 45 71 10 6 83 2 33 85 42 77 89 73 87 114 110 7 32 75 86 14 16 51 101 119 17 113 34 55 88 118 40 96 108 112 19 1 111 43 100 11 72 106 21 109 81 82 64 61 84 104 93 37 41 65 4 78 117 25 24 44 97 90 67 68 27 48 103 70 52 36 99 58 3 63 28 46 91 5 115 116 74 79 49 94 29 47 22 98 80
103 115 0 46 65 56 43 11 38 13 60 114 66 32 67 10 74 94 34 98 51 117 72 93 100 84 69 24 21 107 109 75 68 88 49 63 79 3 52 59 104 77 71 113 96 20 76 39 54 2 50 25 33 81 40 92 118 4 22 42 1 7 44 119 31 73 116 102 95 36 110 29 111 15 35 83 37 23 28 5 62 99 17 82 97 86 47 30 26 27 8 87 41 57 112 108 78 91 45 19
13 53 44 20 43 74 112 38 40 110 4 69 96 98 103 41 1 6 32 58 115 105 99 106 5 16 83 29 75 46 26 111 34 21 85 28 48 22 15 62 78 60 64 8 17 108 59 47 31 119 52 114 45 109 18 94 63 65 97 27 91 90 11 68 87 49 81 67 95 0 89 42 35 116 37 76 55 9 92 66 2 19 12 3 102 54 79 70 86 36 56 118 88 33 30 61 73 107 82 10
48 113 103 19 64 116 104 10 82 107 73 106 52 94 11 27 71 61 44 98 8 28 36 68 66 70 80 6 25 0 9 30 1 62 84 81 78 88 74 50 108 45 3 16 69 119 43 111 92 79 35 12 21 15 40 42 29 54 112 109 17 2 20 87 65 93 41 56 72 97 24 22 46 49 39 26 31 33 96 23 55 117 110 89 114 101 59 100 51 83 7 85 57 75 5 95 90 58 47 118
105 91 47 11 72 22 82 108 57 112 17 60 12 85 84 18 52 5 111 71 44 95 32 4 104 34 39 117 107 75 27 65 80 73 103 20 119 110 16 115 28 41 40 90 106 87 114 93 8 77 76 19 45 29 99 23 100 74 70 48 69 56 79 53 113 46 10 81 96 36 55 38 1 42 98 61 89 63 2 0 37 83 26 97 88 14 25 6 109 67 3 43 116 102 31 58 35 54 50 33
99 1 46 23 44 80 84 33 42 87 113 106 2 45 32 35 69 65 75 73 68 117 30 11 16 109 112 41 31 10 51 114 61 57 100 39 71 85 26 111 72 3 82 96 88 22 34 83 104 28 29 36 18 7 14 19 79 62 110 102 60 67 74 115 108 17 58 4 116 86 5 13 95 47 93 56 90 20 52 43 98 107 59 50 89 91 76 25 55 37 105 64 53 70 0 24 9 118 63 12
65 44 94 61 30 36 17 4 2 90 78 115 92 54 100 16 47 39 117 49 113 107 98 38 12 110 95 50 74 66 77 109 33 20 27 58 14 46 31 57 60 118 26 59 84 85 21 10 8 112 51 87 23 80 25 108 82 42 64 18 48 62 76 73 19 96 69 34 9 37 56 102 45 7 43 40 1 119 32 104 11 89 6 70 111 15 71 41 97 55 75 116 68 91 13 86 53 93 81 29
19 78 107 117 44 12 33 5 24 84 49 106 28 71 81 17 64 68 63 70 103 111 52 99 21 53 90 11 105 4 118 48 109 87 13 20 47 86 75 56 80 82 46 6 15 119 26 38 74 112 67 45 55 91 42 18 73 115 94 96 23 113 110 50 34 69 41 31 102 16 60 100 101 2 83 3 14 36 0 9 1 95 10 85 43 7 66 116 27 97 35 88 89 37 98 54 104 62 61 72
33 81 13 93 37 52 76 38 69 113 68 46 4 1 114 106 34 59 118 95 56 102 58 99 47 32 79 12 91 89 75 20 31 16 23 112 0 22 48 72 29 21 62 2 90 65 54 24 57 96 5 117 86 17 80 51 64 73 101 39 7 30 77 71 107 94 111 15 11 36 9 27 43 40 108 83 104 18 10 92 103 55 87 84 70 53 60 6 105 119 66 14 8 26 25 116 35 63 45 67
92 118 28 46 95 60 83 11 113 36 81 115 90 16 7 94 25 93 10 52 3 12 26 23 75 103 13 107 27 6 1 87 112 64 116 49 104 77 40 65 29 106 100 41 4 15 0 31 114 33 22 45 85 80 55 5 99 37 73 20 62 21 50 86 8 110 101 82 39 43 17 69 35 109 14 51 24 71 44 119 47 72 32 70 9 96 102 108 57 68 88 63 58 91 79 19 38 117 84 98
112 59 58 21 31 70 94 93 119 76 104 30 0 68 116 28 57 114 1 2 34 6 33 80 51 36 20 22 40 52 117 13 91 110 56 67 49 27 74 111 82 24 25 46 17 45 53 62 75 54 107 15 37 79 64 43 44 18 102 35 92 101 108 10 95 69 29 14 81 109 12 23 96 61 63 97 99 98 118 71 38 83 77 32 16 105 89 73 113 100 7 26 84 39 86 8 88 19 47 103
42 49 28 108 92 73 100 19 64 20 84 109 31 65 50 115 29 2 87 70 44 69 56 102 30 119 81 103 38 1 41 5 16 33 114 43 36 34 62 106 83 21 39 52 68 82 6 105 90 104 58 40 25 113 88 94 45 18 117 93 76 17 9 74 48 14 89 61 53 54 47 71 23 101 75 13 8 32 37 51 112 96 67 91 3 66 78 97 80 27 77 22 59 26 15 86 85 24 0 98
40 85 2 32 23 78 89 105 117 13 5 11 76 26 94 68 79 38 14 39 58 107 43 103 50 36 49 106 108 47 4 102 113 110 92 88 12 80 22 77 69 119 72 35 98 1 31 63 37 15 57 59 33 116 27 54 104 10 84 67 60 64 75 96 95 41 70 73 51 44 118 74 21 7 52 53 28 83 29 0 55 90 19 71 99 20 81 115 61 56 62 111 91 87 101 42 18 9 93 82
109 114 1 66 5 29 58 87 80 62 110 117 20 64 51 98 105 90 75 38 34 71 79 85 69 52 35 119 33 115 63 41 43 36 57 19 6 104 95 2 3 18 73 99 60 59 92 24 96 91 0 106 22 9 39 17 40 37 31 65 32 102 76 44 100 86 89 53 42 26 28 25 83 84 49 30 88 74 10 97 93 113 94 14 72 13 107 48 54 45 70 116 55 50 23 16 46 61 8 12
17 68 23 16 30 52 104 90 31 111 2 63 24 75 103 91 37 105 107 36 97 83 27 73 82 8 118 85 45 62 9 65 42 7 49 43 69 29 106 108 80 119 113 117 34 84 100 6 98 39 88 46 79 109 89 70 93 26 95 58 74 77 78 115 1 35 25 14 87 38 4 12 110 21 55 3 18 66 72 60 92 13 56 22 44 48 114 51 112 64 57 40 19 0 94 33 50 71 47 116
47 60 107 46 59 98 8 2 118 50 48 36 37 31 51 52 85 11 24 99 33 15 87 42 1 62 10 28 102 49 76 74 89 100 75 23 106 12 43 90 40 81 17 110 9 70 101 96 108 54 53 94 115 105 6 79 112 68 19 57 116 44 0 58 30 82 26 21 55 86 7 18 109 83 69 111 35 72 97 114 39 77 67 3 73 38 61 88 84 63 16 14 22 45 32 13 41 29 56 91
111 12 32 21 25 101 106 14 88 76 90 1 94 115 36 89 96 97 22 82 84 7 119 108 16 53 117 43 86 70 78 19 107 87 0 58 54 118 100 116 91 80 8 62 74 98 6 23 112 31 57 34 15 45 42 41 20 10 68 18 81 35 29 61 67 83 102 73 9 93 85 39 103 27 56 26 33 24 60 55 11 50 17 51 44 13 105 71 40 49 52 3 63 110 79 66 2 64 30 37
18 40 30 36 51 31 105 111 13 75 84 54 21 96 101 102 7 113 82 22 55 47 112 28 69 38 26 41 70 99 12 78 60 117 104 67 66 103 106 116 39 77 109 108 72 4 88 85 98 100 23 42 35 80 16 91 45 29 107 87 8 92 79 110 81 93 48 57 1 59 114 32 49 50 90 89 34 10 53 73 20 46 94 61 27 65 0 19 62 97 76 17 64 11 118 119 43 58 83 15
6 46 50 47 65 104 90 86 21 92 91 113 105 72 33 49 66 94 15 102 57 12 44 107 26 73 31 27 41 109 79 106 3 77 52 103 71 45 7 28 24 62 97 82 14 10 116 22 34 85 17 43 58 39 8 93 75 2 1 84 36 56 115 96 80 88 87 118 74 13 70 119 111 100 48 61 25 110 112 55 95 42 51 11 76 4 89 9 37 81 53 64 117 38 30 29 63 0 98 16
57 50 66 62 73 39 5 112 116 113 101 85 28 56 8 74 117 110 103 37 38 109 98 86 34 106 88 72 69 79 54 78 118 3 94 80 77 41 48 36 45 18 0 16 4 25 84 111 99 17 71 55 26 63 102 12 64 23 42 7 87 61 93 92 81 29 19 115 97 52 15 82 21 58 114 43 24 14 27 31 65 70 30 107 20 104 108 11 46 75 44 53 76 89 119 35 83 47 6 67
8 60 72 86 84 99 3 103 38 20 108 97 6 30 59 69 98 36 106 49 41 66 11 25 2 117 73 96 39 12 115 35 78 50 55 90 1 54 83 43 58 92 111 4 29 79 105 82 26 22 62 75 33 81 61 94 28 51 53 68 65 87 88 112 34 5 9 104 16 45 42 109 44 101 80 48 64 56 32 91 71 74 63 113 23 40 119 77 76 107 27 114 89 7 102 93 0 47 85 110
82 97 94 20 46 4 21 109 54 60 58 61 103 37 75 112 62 74 28 78 44 96 7 84 67 83 12 43 45 59 24 98 76 110 77 39 90 80 18 32 48 55 16 104 101 118 63 10 41 13 33 0 35 86 49 92 111 93 68 38 42 57 102 56 95 105 50 29 17 117 64 19 30 25 66 70 65 53 73 3 116 2 79 81 113 11 15 9 26 107 27 31 99 91 22 108 100 14 47 88
49 75 83 64 33 117 66 101 8 4 21 81 113 12 42 20 9 16 26 99 34 90 18 73 38 103 36 71 46 37 85 109 17 19 79 48 94 61 76 31 111 6 28 88 105 80 82 118 3 53 43 74 68 115 78 10 110 44 13 67 50 91 57 51 92 72 93 63 95 77 52 29 47 40 97 41 0 70 24 116 104 58 119 69 14 39 114 25 107 60 98 11 65 54 45 27 108 56 23 22
4 73 48 16 87 0 38 92 75 19 43 74 57 34 103 47 99 60 30 31 11 84 62 42 97 89 32 5 96 85 64 2 17 29 94 14 86 70 8 23 24 90 61 59 12 46 52 101 78 41 9 102 26 37 68 108 77 54 50 98 88 91 106 104 28 115 80 27 81 53 49 25 111 107 105 51 3 110 117 21 113 71 15 72 67 55 116 33 56 7 1 35 69 93 44 6 36 10 112 114
86 108 4 41 73 44 104 28 72 95 15 113 68 107 9 21 43 79 106 2 100 51 40 101 14 20 61 32 19 27 55 29 33 110 85 8 37 111 35 84 92 30 90 56 24 45 105 75 10 93 39 60 6 76 1 16 13 74 38 118 70 99 103 119 66 12 82 64 114 83 89 48 91 59 25 88 18 31 34 96 65 80 112 81 78 47 23 63 67 62 49 52 98 102 53 26 117 5 11 116
26 6 56 68 25 0 116 29 71 31 111 83 32 7 62 53 101 107 97 5 10 119 33 45 88 11 40 13 90 18 114 106 84 36 93 9 27 66 17 28 30 99 43 21 117 35 86 100 87 42 50 61 15 63 38 91 79 58 69 8 92 81 19 54 105 51 46 112 113 59 82 39 80 95 103 1 49 23 3 60 110 64 98 22 14 94 65 115 12 72 52 102 96 67 75 109 76 77 34 20
7 3 40 110 109 76 78 8 11 24 42 10 66 51 112 82 25 15 103 67 72 86 114 59 70 106 43 80 63 32 18 64 2 30 46 17 75 27 26 20 22 79 119 36 39 99 68 9 62 102 116 52 87 48 85 34 107 117 29 104 38 108 71 5 73 6 13 45 4 92 44 47 41 21 56 54 16 118 115 58 12 97 88 105 69 74 101 93 89 77 90 31 0 81 60 111 49 28 94 100
84 85 118 17 38 98 73 86 35 25 42 10 64 62 100 83 39 43 18 75 45 76 40 4 82 69 80 51 5 11 92 81 48 13 74 34 57 106 9 93 20 52 97 109 14 8 119 78 15 66 23 41 54 68 108 102 95 3 72 88 104 116 29 112 21 36 30 47 37 111 110 87 1 117 55 89 31 70 59 71 90 33 7 65 46 58 16 107 27 22 63 60 44 50 114 26 79 2 49 99
13 40 66 46 80 102 68 74 89 32 91 116 88 98 53 5 111 2 36 79 61 82 20 23 38 54 35 115 17 11 33 107 21 8 73 25 49 81 28 92 67 26 7 48 113 9 112 29 19 118 12 50 27 103 86 4 57 104 15 87 0 76 42 108 77 64 100 96 56 45 22 101 52 85 60 24 51 105 94 119 117 83 44 75 41 37 84 39 59 95 109 34 110 70 97 78 65 3 31 43
34 42 116 13 57 47 119 79 41 39 14 24 53 32 82 93 16 84 86 114 74 102 58 25 28 106 48 55 62 115 111 73 49 23 91 43 89 50 104 38 29 18 17 2 20 8 95 37 69 66 60 81 45 19 109 100 0 65 10 56 11 22 70 46 101 105 71 98 88 1 92 64 30 35 97 63 110 87 117 52 21 83 103 113 108 72 118 78 77 67 51 4 99 6 9 12 94 76 90 26
39 58 73 72 47 90 35 28 11 94 9 32 70 34 115 100 79 110 10 83 49 21 5 104 24 118 14 96 109 108 23 57 117 93 15 69 107 56 53 97 38 91 80 84 22 64 76 29 27 8 78 67 45 87 50 88 59 6 12 111 46 55 40 43 0 77 116 16 99 105 119 106 52 1 30 63 42 26 44 37 101 68 66 102 17 3 19 89 54 113 85 71 98 51 81 25 4 95 48 31
98 116 97 9 25 115 112 45 73 78 56 104 12 107 93 44 52 99 65 77 19 90 74 114 92 35 57 62 18 72 2 88 96 71 119 16 64 43 0 3 113 42 86 54 79 20 13 48 10 26 69 105 118 53 11 75 89 32 23 14 63 94 4 30 110 6 117 17 47 61 95 40 36 102 87 84 15 101 82 51 34 50 83 1 109 85 21 106 103 33 70 28 49 55 91 7 41 68 31 38
87 81 6 116 94 99 10 89 70 41 61 77 3 80 113 44 65 15 18 107 83 20 111 56 58 92 84 23 118 64 110 40 62 114 69 38 93 53 28 30 106 34 46 54 7 85 97 37 29 55 68 47 25 72 75 112 14 52 109 63 104 100 27 60 21 108 11 19 57 17 119 74 67 2 66 90 13 79 42 73 49 48 33 4 8 22 5 35 105 78 51 101 9 115 1 50 24 117 103 26
35 10 115 15 98 8 65 9 78 103 70 85 23 3 69 118 33 21 108 1 105 100 77 59 99 83 5 42 29 32 110 95 0 45 102 112 114 82 117 31 49 52 67 84 107 19 94 116 26 109 72 40 74 36 39 106 91 54 89 51 64 55 2 87 20 22 38 17 46 73 57 24 44 47 48 90 76 18 16 25 58 96 81 86 92 41 60 43 119 93 30 12 71 63 37 75 88 80 56 4
50 15 114 1 79 59 71 103 46 75 113 57 58 44 27 100 116 26 53 106 85 56 97 52 78 47 115 7 70 68 21 83 39 62 54 13 41 35 9 96 111 94 33 102 63 82 49 43 109 48 10 55 101 11 24 88 18 2 32 19 119 69 77 81 4 105 8 76 84 40 73 87 65 95 99 107 31 72 12 93 108 28 37 16 89 91 90 38 23 60 36 67 112 22 30 118 14 117 51 110
108 26 84 36 58 28 117 93 85 67 72 50 8 2 37 16 29 12 13 101 25 76 91 118 97 110 19 56 88 40 111 102 41 92 100 33 47 52 87 53 32 46 107 35 24 15 61 9 68 64 38 57 55 75 104 6 71 83 49 43 22 4 18 14 5 65 44 86 30 105 62 3 106 103 79 17 109 31 11 23 66 10 39 34 59 60 119 90 69 7 63 95 27 73 48 54 96 45 21 42
42 105 0 16 44 30 19 54 48 5 3 66 18 6 36 97 46 94 20 87 100 8 76 56 112 116 89 102 4 85 28 68 23 70 81 45 11 72 69 12 2 78 60 74 25 99 108 40 33 90 103 86 13 77 80 64 67 91 58 34 79 47 110 96 50 10 98 7 29 107 106 43 95 57 71 118 15 1 101 113 9 55 93 92 82 104 109 31 73 21 117 84 65 61 37 53 75 24 52 115
69 102 46 17 97 9 40 37 41 50 106 21 74 60 42 19 95 98 116 28 10 20 54 25 12 48 110 72 65 47 67 73 89 27 22 49 55 87 13 38 78 5 112 118 24 14 58 101 35 59 61 66 80 6 51 111 91 94 0 70 90 56 71 119 93 34 33 16 3 45 75 92 99 39 7 113 96 29 79 8 115 62 2 109 30 86 52 32 100 84 76 18 63 36 108 82 81 107 77 83
85 86 42 17 81 57 92 18 98 84 0 87 54 58 96 38 9 119 2 94 110 107 117 50 21 89 3 60 25 114 115 62 1 64 32 75 106 24 7 15 66 27 93 40 108 6 33 47 35 103 77 104 14 70 55 30 74 82 43 10 36 100 39 44 59 16 31 63 68 34 53 88 19 69 118 12 73 13 101 113 83 102 78 116 111 48 4 61 112 80 8 97 67 76 45 22 91 46 49 51
91 9 119 79 16 18 115 62 69 15 55 108 36 80 82 118 57 99 64 42 88 116 5 87 20 106 8 19 77 81 35 107 70 92 68 111 96 48 75 11 112 93 49 67 46 1 63 24 4 3 54 105 33 31 41 27 34 0 52 97 102 90 44 28 86 50 100 51 58 26 113 40 32 66 43 78 109 60 29 65 17 39 117 76 83 10 94 23 14 47 25 101 21 74 22 114 12 56 104 95
5 88 22 59 67 74 33 45 66 109 50 83 69 32 37 24 84 115 46 17 6 51 28 72 20 9 10 60 68 3 26 41 79 44 12 23 31 13 34 113 0 100 119 16 114 98 1 54 48 53 35 101 21 91 90 64 18 107 77 58 106 49 116 8 105 111 25 97 27 75 36 117 103 43 112 42 70 85 92 39 52 40 11 55 15 110 89 65 78 30 57 29 14 104 61 87 95 38 94 99
53 0 119 40 96 13 101 75 56 6 3 77 34 105 2 109 36 9 1 19 12 33 73 54 100 23 67 60 16 116 91 10 20 62 8 69 84 4 24 15 22 72 87 104 113 29 82 102 21 58 92 51 38 65 80 32 7 46 111 83 66 43 115 86 88 85 30 70 50 31 110 11 79 57 94 99 93 107 26 45 64 98 39 18 74 42 108 27 78 47 114 59 25 55 61 118 63 35 48 44
108 109 74 101 69 26 97 93 87 110 80 75 22 47 15 24 14 42 119 2 40 39 112 37 43 25 68 13 77 116 102 86 41 67 98 36 10 118 59 65 64 78 35 34 44 107 6 83 106 117 31 71 63 58 72 79 52 5 3 76 73 92 49 28 33 114 19 51 90 104 50 88 27 17 54 55 7 60 91 1 56 57 62 89 82 105 23 46 18 21 81 11 115 99 29 16 94 48 4 100
20 7 85 68 113 84 47 110 102 104 48 36 105 107 106 37 28 34 54 96 78 16 59 87 2 101 77 24 21 5 18 15 3 71 56 103 70 57 33 1 86 82 83 44 17 63 75 90 81 10 13 69 117 80 11 64 108 66 67 97 12 100 46 95 55 32 74 40 23 115 79 98 27 111 72 112 94 8 99 29 38 4 76 119 89 73 39 26 60 0 30 22 53 35 114 41 31 51 88 43
68 17 105 30 38 56 63 97 46 74 26 54 88 103 110 29 89 61 45 47 3 109 71 37 90 57 83 51 11 33 73 39 64 115 80 25 21 92 77 4 22 79 101 9 98 72 49 52 118 19 7 86 112 87 60 104 42 43 58 0 75 8 36 6 69 108 119 107 66 100 70 44 67 27 94 96 114 28 78 53 5 40 35 95 85 48 14 32 82 59 116 91 24 106 31 16 81 93 10 62
70 33 60 17 100 102 104 97 0 3 6 20 65 81 85 27 98 112 119 41 71 96 14 101 44 50 25 40 8 62 58 111 53 61 18 30 68 12 59 78 10 49 22 113 37 5 1 93 105 21 114 26 67 64 75 115 116 77 36 92 56 87 91 110 76 19 108 48 16 11 109 83 34 9 86 74 69 99 79 46 84 94 43 31 52 54 73 51 103 55 88 80 28 90 23 47 106 66 118 89
90 79 2 10 60 28 18 69 17 93 84 86 82 113 62 52 33 50 27 64 98 67 8 99 21 54 66 111 43 30 63 102 77 116 1 31 13 40 118 42 73 24 58 6 88 115 72 3 51 94 95 36 107 103 16 7 57 85 55 20 70 101 106 104 38 41 35 4 9 105 75 117 74 76 0 15 59 89 25 32 61 47 37 11 34 78 91 39 45 23 92 97 53 112 87 114 56 48 81 22
5 63 112 118 85 95 10 35 47 57 12 24 32 51 64 76 116 109 105 87 20 25 23 53 11 108 88 13 106 6 74 36 27 22 111 69 37 81 84 92 79 40 80 93 96 31 68 29 86 60 119 89 70 52 97 55 16 73 72 50 39 75 2 46 56 59 41 99 117 8 91 82 54 26 19 9 0 62 100 98 28 3 17 49 110 38 107 77 94 30 45 43 4 102 66 114 14 78 58 61
31 24 67 92 66 87 81 37 119 9 108 84 103 56 17 98 105 55 48 62 104 1 100 116 23 72 109 6 54 118 71 47 59 42 101 0 75 79 3 70 53 115 39 96 10 13 15 21 20 58 69 68 111 76 102 11 25 117 93 78 40 57 38 41 86 88 43 30 74 49 94 28 33 106 110 5 89 97 46 14 16 32 4 63 45 99 107 73 85 51 80 64 35 29 12 19 91 112 90 113
15 39 22 24 71 87 91 28 66 58 81 88 45 11 80 108 64 96 111 74 79 63 61 10 32 82 105 33 30 21 76 18 5 50 95 94 46 40 90 78 17 12 104 110 31 60 84 0 26 54 102 49 62 69 98 75 29 93 73 109 77 68 56 25 43 106 97 86 107 55 48 41 103 3 113 52 37 100 38 47 59 67 16 51 35 8 6 57 117 42 36 13 1 85 89 2 14 7 83 9
