
54 76 25 88 35 24 18 28 71 85 8 4 51 47 72 16 87 53 77 37 57 113 42 20 50 7 32 56 99 30 116 26 21 43 46 9 66 100 67 39 118 69 84 112 70 49 19 80 91 103 40 83 23 2 60 5 101 108 34 0 106 105 55 94 95 114 29 14 13 78 44 93 22 45 58 111 3 68 15 38 89 117 36 110 41 59 107 52 65 6 115 17 79 73 86 48 74 31 81 96
69 77 40 11 27 75 44 31 74 83 93 8 68 86 98 14 85 92 109 24 90 5 2 12 87 54 46 84 99 29 62 39 17 45 105 63 4 7 110 72 19 65 95 112 36 55 73 51 103 33 43 101 67 76 79 18 52 50 56 35 107 116 97 88 111 57 6 34 117 80 89 115 1 113 102 28 32 108 64 42 70 38 13 48 53 71 49 41 118 20 82 119 47 96 23 0 100 9 66 16
58 67 86 37 32 40 64 9 115 34 71 49 54 81 76 105 72 0 7 56 119 33 77 103 91 117 20 59 114 68 102 96 3 28 43 5 6 66 44 51 82 85 38 63 47 57 93 92 108 24 25 30 104 80 1 89 99 75 12 111 74 79 15 2 106 97 95 118 36 23 107 87 13 29 78 116 18 83 48 60 21 109 73 46 45 16 42 101 113 27 88 4 69 110 39 70 14 53 22 94
109 89 85 71 33 51 73 34 98 38 15 36 12 107 86 84 26 28 106 16 119 64 92 30 87 69 57 35 37 2 110 58 67 53 81 94 60 59 66 31 101 63 20 44 65 96 74 75 9 4 70 95 8 93 18 76 42 104 45 90 55 11 80 49 82 62 83 40 10 54 17 91 0 114 29 56 117 50 19 47 7 25 79 13 23 5 111 39 3 52 21 61 97 88 48 78 115 24 32 108
88 75 26 8 24 21 106 69 111 85 12 84 86 90 71 40 38 3 104 77 19 65 53 98 27 16 101 7 99 51 47 97 28 113 4 11 1 61 110 36 108 59 82 37 48 105 58 91 17 94 46 6 42 115 114 116 14 119 32 15 92 44 70 33 60 72 73 22 109 95 103 35 9 68 83 67 118 45 55 20 66 25 10 89 29 30 93 80 76 54 31 102 112 74 64 5 81 62 57 52
94 80 88 70 56 54 2 15 1 3 13 75 9 74 85 101 28 71 36 41 17 97 99 72 108 105 22 46 11 104 100 32 110 98 12 81 42 6 39 66 49 38 30 64 111 117 119 84 29 86 77 57 92 87 68 90 106 21 79 60 96 89 102 103 83 109 55 52 44 5 67 48 61 26 114 118 19 10 107 51 24 50 82 40 35 18 23 95 78 112 31 0 43 73 69 113 45 34 7 47
25 64 107 72 10 34 23 86 13 4 52 96 113 91 55 15 97 54 16 76 38 62 88 27 37 18 89 40 66 80 30 60 103 59 20 94 117 12 104 45 118 69 61 39 5 70 58 74 53 108 84 100 28 75 6 92 1 77 0 17 93 83 19 110 14 9 48 98 2 51 63 29 106 47 35 41 112 73 116 99 68 32 49 43 42 24 109 82 115 7 119 33 101 21 57 44 90 105 79 31
98 34 113 45 11 77 64 2 72 51 95 48 8 4 44 56 42 62 90 50 27 58 38 30 9 1 49 37 16 81 31 117 101 55 109 35 28 67 83 84 87 24 85 111 6 68 104 25 115 82 41 59 108 18 53 96 112 46 57 94 116 88 66 22 65 89 103 39 36 86 99 7 63 91 43 47 61 23 97 69 54 79 21 118 15 80 13 70 114 60 74 102 0 5 29 71 33 19 3 78
88 38 55 49 112 54 64 99 61 119 0 93 97 16 36 101 69 30 86 77 22 72 31 62 28 20 95 2 43 1 63 79 96 100 76 57 74 87 12 94 40 114 50 34 89 60 35 44 117 47 52 65 17 42 84 110 83 102 73 14 109 24 98 13 75 27 51 82 39 23 91 116 37 29 8 113 33 85 21 104 118 5 59 26 48 107 68 115 32 58 6 18 56 9 19 81 78 106 105 66
50 93 90 108 31 69 102 92 65 84 83 26 42 104 113 27 35 110 60 101 4 3 74 58 6 76 47 91 95 118 14 23 75 20 112 41 115 106 49 119 21 19 114 87 34 10 78 25 85 99 55 109 39 77 51 59 61 111 11 116 32 29 0 22 28 68 30 17 12 13 5 15 52 82 37 18 56 81 62 53 100 48 71 70 38 89 105 73 2 9 54 72 97 96 8 57 46 36 107 117
109 81 45 83 9 0 101 87 118 60 117 34 56 108 43 50 105 24 53 17 103 22 36 4 67 42 110 18 99 79 28 112 51 107 40 47 11 116 29 21 86 1 14 44 96 69 115 27 2 80 49 25 74 113 31 15 89 57 85 102 90 23 76 35 97 13 54 46 33 20 58 88 3 16 94 73 84 71 30 65 7 77 91 39 92 98 59 119 111 93 95 62 26 37 72 66 8 114 48 41
22 80 102 68 27 65 24 99 107 69 78 59 23 47 85 8 1 75 61 0 42 38 71 98 3 119 63 43 93 83 60 41 54 5 40 95 37 106 15 115 17 31 33 72 112 28 97 103 7 114 6 66 55 13 25 14 74 53 89 108 79 32 51 118 36 35 100 64 84 67 10 96 105 76 70 2 21 86 88 16 109 104 29 12 117 77 45 110 58 113 46 9 18 11 82 20 62 81 101 44
32 92 64 54 20 7 28 42 16 107 39 89 1 110 55 8 82 26 117 96 68 17 86 13 10 43 9 24 57 58 29 30 5 50 116 111 108 79 61 78 84 106 85 22 100 69 2 87 112 118 35 66 44 18 60 59 102 76 34 99 49 88 46 51 31 98 33 103 38 56 95 23 81 73 6 0 115 21 37 11 40 52 48 72 75 53 105 77 15 3 119 62 41 36 114 67 113 19 101 63
103 45 91 56 107 32 9 7 65 60 39 42 99 97 29 71 27 52 96 17 85 88 1 118 6 43 70 3 16 75 58 14 119 104 110 69 81 114 89 35 8 31 10 54 18 113 108 66 79 28 55 19 80 100 63 5 93 98 46 112 62 90 48 67 34 37 20 36 78 2 95 92 50 77 41 82 49 61 84 21 40 59 83 15 44 111 115 53 4 24 101 13 38 76 109 22 102 0 57 87
13 98 71 5 91 112 72 42 16 1 115 76 43 2 99 86 52 23 109 24 6 66 25 103 80 117 32 100 47 10 70 77 61 96 87 104 55 51 21 45 101 82 14 22 30 38 48 93 113 105 68 64 35 84 75 20 69 106 102 58 27 78 34 88 97 19 114 15 28 119 49 53 12 9 46 107 73 94 60 57 81 0 7 118 116 59 33 3 95 11 40 67 31 79 37 50 56 83 26 36
10 116 105 1 112 57 97 36 75 8 88 94 104 20 110 30 26 65 15 18 35 118 87 67 0 108 34 72 111 41 114 62 101 83 60 31 73 63 23 79 38 44 109 103 28 70 40 80 58 82 68 54 46 50 49 99 119 48 32 69 106 96 2 24 37 14 81 113 66 21 90 85 33 47 86 11 74 29 59 5 64 52 77 16 115 43 89 95 100 13 17 71 7 117 45 25 4 56 98 61
44 92 57 62 100 59 9 6 16 10 30 46 110 47 109 107 23 31 25 89 33 58 55 85 21 40 1 102 34 75 48 86 14 63 5 60 101 3 54 84 29 18 112 111 20 49 97 73 90 93 27 105 117 41 88 38 72 82 108 56 103 45 12 0 24 50 42 13 32 79 69 4 96 99 65 115 35 114 36 95 113 83 70 71 39 26 51 98 8 52 22 53 77 66 2 119 78 87 76 68
16 100 32 4 33 109 9 75 35 51 93 96 90 111 26 47 20 34 18 30 6 53 112 55 50 60 61 17 71 114 37 84 74 19 22 3 80 8 82 108 104 48 69 103 97 36 115 40 106 39 88 28 86 70 29 107 110 1 87 102 63 27 66 98 113 59 65 78 0 92 119 117 12 85 42 58 101 52 24 105 25 64 23 81 118 62 79 13 11 83 116 89 41 10 73 72 54 43 44 94
83 38 75 98 99 108 87 58 34 66 106 96 41 19 13 8 88 17 76 23 1 97 92 70 77 50 81 117 25 118 47 65 107 15 57 100 67 11 14 2 72 68 91 84 94 110 90 32 28 22 56 52 27 89 45 10 62 95 3 36 12 55 74 71 113 112 69 42 6 78 60 59 48 79 49 119 111 35 73 105 82 53 101 33 103 63 51 85 21 40 64 5 39 20 46 0 93 80 86 18
29 7 49 31 101 50 19 105 3 11 20 67 6 2 10 59 83 1 26 110 92 97 34 43 79 82 69 98 16 37 17 108 57 5 30 66 33 115 99 96 8 15 77 100 38 68 44 90 86 116 111 61 47 81 27 107 36 88 114 22 51 62 21 103 4 53 52 25 12 40 102 78 14 73 46 87 112 71 48 0 106 32 39 85 24 9 75 91 18 56 113 28 94 118 80 23 117 89 45 84
34 56 1 43 83 81 29 69 28 49 64 33 94 8 39 31 108 25 22 32 41 117 45 103 66 111 53 12 90 38 40 109 68 6 50 82 119 112 113 3 97 4 78 91 30 84 105 92 0 98 60 35 107 37 58 93 2 9 5 99 61 63 51 95 75 114 118 27 115 62 42 70 67 86 26 36 65 20 17 100 47 24 15 71 76 14 59 72 73 116 89 21 85 18 77 74 23 57 10 101
1 111 90 32 105 59 79 19 46 68 2 12 99 0 25 38 34 102 93 119 4 91 21 108 20 15 64 87 40 57 16 92 115 24 26 84 39 103 75 98 3 14 30 6 58 106 17 63 5 22 86 61 78 71 117 97 116 11 53 81 52 83 43 23 29 62 73 85 76 112 8 95 55 50 44 60 89 65 51 110 70 96 54 56 82 36 18 13 33 101 113 49 45 80 118 66 35 77 31 28
48 52 17 102 82 85 29 7 81 60 37 36 105 0 58 76 21 111 74 117 55 49 41 92 28 2 112 25 71 27 96 107 23 78 12 63 95 66 77 42 104 57 119 98 90 86 46 34 83 61 15 8 89 88 53 103 72 35 94 87 11 114 10 1 110 106 39 80 56 4 47 24 5 32 62 109 91 14 18 73 50 65 20 6 75 26 84 69 100 54 30 40 108 22 93 68 116 97 67 99
56 51 6 32 27 59 81 7 23 82 60 68 9 38 15 12 79 61 19 58 29 86 75 115 55 70 39 28 69 105 111 107 97 41 14 47 91 87 33 92 103 48 34 17 109 1 53 64 78 40 18 24 10 44 72 113 71 112 52 95 49 66 114 110 88 21 4 73 108 31 104 84 98 30 106 65 3 43 76 74 90 20 77 63 8 36 99 118 100 45 89 35 11 96 117 46 83 13 25 26
46 24 21 44 19 85 34 51 29 26 60 4 14 90 32 92 43 12 22 2 96 6 77 83 57 66 38 94 69 71 25 95 33 18 48 61 65 30 107 63 36 109 79 93 91 89 40 101 3 99 50 20 104 113 49 62 0 105 87 84 17 42 81 97 56 35 82 8 70 76 27 98 119 111 110 10 39 102 64 116 52 37 115 31 45 53 74 75 58 112 114 72 108 73 88 47 67 55 78 59
48 87 104 79 70 37 81 0 40 107 63 8 98 33 89 61 13 53 102 109 68 111 17 32 44 57 72 26 106 27 76 25 69 80 119 67 74 49 28 35 115 60 45 34 15 91 75 43 51 65 10 110 39 3 5 59 36 42 117 20 24 99 50 12 64 94 85 21 18 84 100 30 78 66 108 112 47 31 95 2 14 23 101 96 92 86 73 113 93 77 1 22 116 114 90 103 71 52 105 11
79 52 88 72 110 0 115 24 53 97 28 22 76 83 64 23 89 80 70 39 43 98 19 12 118 58 44 35 57 62 78 113 91 49 104 1 11 112 47 15 31 51 2 32 20 60 25 21 17 16 9 56 66 6 65 69 36 92 119 14 106 61 93 85 55 81 105 86 71 74 96 34 114 95 13 37 90 38 5 33 116 99 108 46 45 42 84 82 10 29 109 101 77 54 30 94 7 117 59 75
104 26 49 84 53 93 41 38 4 90 109 101 14 15 27 111 62 46 2 5 6 25 68 18 3 36 116 69 117 78 60 103 102 20 48 52 29 114 92 12 87 63 85 37 21 47 58 34 66 71 59 113 30 112 0 50 88 57 8 67 119 89 35 75 81 77 73 108 43 105 9 51 100 115 45 31 11 32 70 56 97 110 7 72 86 33 55 10 42 94 24 39 61 99 118 17 106 76 96 82
60 95 111 32 23 17 38 25 4 48 20 106 86 87 5 94 109 26 105 31 97 65 55 104 116 110 30 80 114 88 7 61 40 57 107 11 93 115 62 13 69 63 53 39 22 14 2 67 50 37 81 73 118 46 51 66 56 83 47 103 113 36 71 108 74 102 90 92 84 0 72 52 6 44 117 68 27 91 45 98 15 43 77 85 41 28 99 33 58 82 112 8 18 79 78 24 16 64 100 96
12 75 2 20 64 55 19 25 115 74 15 24 21 23 58 37 43 63 59 22 56 94 95 30 71 40 26 6 84 81 80 14 92 35 8 101 67 97 102 85 13 119 98 48 16 0 51 90 86 96 114 44 107 17 89 7 78 104 83 87 70 88 100 5 99 11 42 49 31 33 66 3 38 47 103 68 39 61 72 50 53 10 111 109 32 62 105 36 45 73 108 112 9 57 79 34 41 76 110 4
106 45 100 85 78 97 96 9 11 76 35 52 29 28 70 42 59 58 119 61 71 88 16 111 12 77 92 74 13 72 18 7 73 108 116 63 105 83 37 109 0 82 103 98 1 2 8 93 68 5 30 91 34 86 60 95 19 17 23 41 118 22 4 75 69 113 104 84 66 114 80 49 94 43 64 25 110 27 47 15 107 46 102 50 14 53 38 36 44 3 10 55 90 112 21 31 20 87 39 57
19 38 70 94 37 40 102 2 49 105 85 27 18 106 29 41 34 114 4 95 88 21 84 75 8 100 48 103 45 71 107 26 22 47 53 118 12 42 77 99 67 51 65 64 79 52 0 80 14 9 69 10 23 3 13 66 58 20 43 90 56 44 15 1 60 81 31 11 115 86 76 78 33 112 116 109 7 97 57 82 96 101 50 6 73 61 25 30 110 72 98 92 117 62 55 89 16 108 46 104
50 9 89 99 90 26 53 12 100 15 75 112 17 65 60 31 57 77 55 5 14 48 33 62 20 13 107 59 18 67 96 85 34 54 108 3 58 27 70 32 114 63 68 92 41 80 94 116 23 73 10 22 30 78 86 43 47 69 109 113 40 76 71 56 51 103 16 66 35 74 21 104 105 97 4 81 98 36 118 44 119 117 29 49 38 83 72 11 2 46 64 106 42 1 52 102 6 79 24 95
24 19 10 17 87 96 56 1 59 89 63 107 4 69 34 42 33 43 70 110 58 83 109 18 28 6 86 50 3 75 53 102 27 38 103 106 60 88 32 101 74 39 66 95 84 49 85 20 114 46 91 5 98 14 35 51 13 80 31 112 16 44 52 25 118 37 36 2 62 30 0 108 55 68 72 54 94 26 64 97 7 105 99 67 8 11 45 21 15 117 73 65 71 104 92 78 47 113 81 9
44 3 18 104 114 37 95 86 41 25 14 10 72 52 13 74 8 16 31 47 51 15 83 7 94 97 88 12 35 115 76 69 2 91 59 17 62 66 98 90 55 110 81 111 1 28 96 38 4 6 93 43 118 23 79 56 46 24 89 26 82 45 67 78 64 32 50 77 80 9 29 73 20 39 57 65 42 75 60 22 108 33 102 68 113 109 36 99 105 48 71 63 19 84 119 11 87 40 70 100
53 14 8 85 41 16 36 52 80 79 61 83 38 73 30 35 70 99 3 48 12 100 64 75 31 20 71 117 103 118 66 93 25 44 22 45 29 62 65 113 40 69 86 56 57 67 114 104 116 111 7 11 96 92 6 19 49 15 50 63 98 84 87 72 51 39 102 89 0 24 10 110 27 108 107 77 58 74 1 23 91 33 82 47 68 43 119 106 105 76 78 32 5 54 2 90 95 37 59 109
93 50 104 55 116 117 56 16 91 66 103 108 64 105 51 13 111 10 73 28 69 119 46 53 25 41 118 42 1 78 36 54 81 65 20 22 6 82 24 109 3 8 100 115 26 71 19 112 30 67 40 99 101 95 74 107 34 4 39 23 44 88 110 27 29 35 62 11 37 17 106 80 5 52 68 47 12 58 21 59 38 61 86 76 102 77 63 49 113 94 97 43 83 0 33 14 45 75 79 87
98 28 26 107 113 103 78 68 50 20 7 31 88 109 42 117 2 90 81 100 95 49 34 93 47 18 0 106 43 51 44 66 119 55 29 108 70 71 5 72 46 65 85 87 48 53 92 91 41 116 75 80 112 10 97 16 33 111 101 45 77 23 22 63 84 14 89 32 8 35 38 114 105 64 40 102 30 27 60 1 15 110 74 104 24 9 82 11 94 83 61 58 52 3 86 6 54 67 36 99
115 21 22 14 34 98 84 61 74 103 112 68 99 7 89 58 90 66 24 60 25 63 2 110 56 102 47 79 8 28 70 51 1 12 35 5 48 117 116 73 97 67 9 77 19 10 106 37 75 41 96 81 17 43 11 85 38 71 44 55 80 27 62 101 15 26 107 100 83 6 3 113 82 36 59 53 69 31 108 111 40 92 13 39 4 18 114 30 118 46 109 23 0 50 65 119 42 91 72 57
37 119 79 33 11 85 99 93 4 27 14 103 61 106 0 30 75 24 115 15 9 86 52 77 74 94 23 105 32 117 97 13 67 89 100 45 95 16 34 68 1 21 25 112 64 83 36 92 7 6 113 87 44 71 108 28 59 57 39 47 90 63 78 62 109 29 49 38 40 12 66 81 31 118 46 111 107 101 2 17 102 76 114 80 104 88 8 91 10 56 51 5 26 19 43 22 82 69 70 98
11 79 117 67 4 6 50 25 49 75 77 54 1 55 21 33 68 20 2 101 65 72 26 69 113 100 39 13 110 16 93 34 84 103 52 97 44 28 87 27 3 43 71 18 102 32 91 0 95 38 51 58 119 5 23 24 98 40 109 118 46 64 22 14 70 89 73 35 48 61 112 30 80 78 56 9 88 111 37 94 59 76 116 105 19 107 60 90 74 53 17 41 7 29 108 114 62 57 99 10
23 110 38 94 7 72 97 118 114 100 55 61 62 73 92 20 109 86 58 21 41 113 14 49 39 81 104 2 83 84 48 90 8 19 91 105 18 102 44 69 106 27 112 116 13 76 43 11 107 3 101 70 65 53 79 78 95 12 6 88 119 82 16 28 4 46 67 51 1 36 63 108 47 30 87 25 32 24 89 71 10 59 74 80 0 31 115 42 57 99 50 117 35 45 26 60 17 15 68 54
53 20 118 78 48 63 58 43 7 88 104 41 97 83 51 112 55 6 89 91 113 74 71 110 87 32 26 119 102 4 39 115 81 79 17 59 38 49 75 109 52 93 18 82 67 29 103 42 21 13 95 116 85 36 80 108 16 84 2 96 69 77 86 19 107 70 72 40 92 47 50 99 45 33 11 100 101 37 64 65 8 57 105 98 73 60 106 90 117 3 14 35 54 62 68 10 5 76 114 28
52 11 35 109 51 115 93 42 15 90 118 56 62 98 58 1 2 69 96 13 23 116 55 103 81 25 30 105 4 53 83 88 76 28 89 82 70 27 31 113 0 40 57 91 14 6 77 41 72 45 38 20 112 108 32 59 17 39 87 34 80 68 36 47 33 49 74 46 101 75 9 94 65 79 29 99 37 117 95 12 78 64 110 67 50 16 84 86 5 106 8 19 26 22 114 54 92 48 24 73
102 118 90 14 114 100 119 32 62 34 43 30 85 84 115 46 66 76 7 23 36 27 20 19 41 35 116 58 80 74 13 107 101 67 56 83 49 16 75 117 10 72 18 68 6 79 95 97 91 89 28 77 98 110 61 57 40 15 73 78 33 59 69 29 99 105 2 94 51 111 106 52 63 38 96 86 82 71 9 53 108 42 24 26 112 88 37 113 93 54 25 11 65 3 44 81 109 48 0 47
111 34 69 14 108 113 94 91 7 62 30 67 85 96 98 115 104 87 32 66 70 72 2 86 68 109 77 37 9 27 100 28 12 26 83 82 21 76 89 39 50 103 95 43 35 112 11 51 8 106 64 1 119 46 48 93 31 4 79 117 101 116 80 15 71 6 54 63 110 17 16 49 3 59 60 118 24 56 41 38 97 114 42 47 92 44 40 90 18 102 53 36 105 5 25 29 81 22 13 88
109 115 60 15 46 119 114 56 91 37 112 107 102 40 111 59 49 33 73 32 71 55 84 75 103 100 108 18 96 116 65 48 44 63 20 118 9 81 39 45 22 90 0 4 30 11 95 29 28 57 79 87 36 16 41 13 78 72 5 23 31 14 54 58 66 98 52 94 8 17 12 70 50 53 19 34 47 89 69 113 62 93 88 110 35 42 3 83 38 1 97 21 82 77 86 68 51 101 76 2
86 80 77 52 1 119 85 84 33 96 24 75 57 39 5 38 12 14 37 109 72 92 117 17 2 100 51 64 45 55 89 104 111 74 18 36 91 118 94 50 44 0 58 112 76 66 13 69 108 103 63 47 105 8 35 22 67 110 23 113 40 78 83 15 115 43 20 28 3 7 102 25 32 31 93 101 82 106 81 73 79 88 27 98 16 114 21 59 70 95 87 68 65 97 10 26 29 42 6 46
56 28 93 24 42 11 75 117 64 73 45 46 74 57 86 10 104 43 18 61 21 30 5 25 38 49 111 78 19 58 66 77 59 37 7 9 87 83 27 94 0 39 84 1 101 20 22 26 55 106 82 2 72 52 98 31 12 6 113 96 90 23 41 4 34 62 15 110 115 47 69 114 91 70 89 40 118 92 16 119 116 48 88 112 79 36 109 32 8 103 80 85 81 29 97 100 50 105 67 95
54 24 37 88 33 39 43 73 31 46 0 80 34 85 21 116 2 6 86 38 83 52 71 58 66 99 109 67 5 119 13 106 113 104 63 53 92 75 107 36 78 87 26 77 70 89 17 84 51 9 11 45 96 20 82 56 100 23 64 72 95 105 25 18 111 16 42 28 102 15 61 110 69 55 22 91 90 62 93 7 10 74 103 97 30 76 57 108 94 1 118 41 98 29 101 117 49 40 3 14
24 65 6 47 38 112 15 32 113 101 63 115 56 68 2 41 16 51 29 25 23 82 64 99 4 12 66 69 39 37 81 106 35 92 43 111 8 119 20 98 104 3 44 52 88 60 10 79 117 116 86 19 95 70 59 110 50 36 46 55 0 57 61 108 96 80 62 77 78 109 22 85 89 73 71 13 14 91 67 118 21 105 107 18 114 76 28 83 58 33 90 7 34 53 54 17 31 74 27 42
23 95 32 55 76 64 57 28 119 50 37 73 94 16 21 108 8 56 118 97 103 38 68 12 2 74 91 99 17 96 104 101 88 80 85 61 67 19 112 82 13 34 58 114 115 60 10 44 87 35 52 40 22 93 107 111 79 116 1 105 20 7 30 33 24 29 43 66 39 113 51 36 92 86 42 63 54 84 71 3 69 81 5 109 65 31 47 11 72 46 45 70 49 9 77 18 83 27 89 15
98 70 19 99 46 50 32 43 88 31 15 89 96 68 55 94 106 30 103 119 77 71 110 109 53 39 85 57 80 90 8 25 58 13 67 102 75 5 82 36 114 7 116 51 81 1 87 40 4 34 78 52 97 56 60 118 86 59 66 28 113 38 76 42 21 14 37 49 73 93 3 11 41 45 44 48 92 54 23 107 33 63 74 65 100 64 91 83 17 115 27 6 9 2 105 26 61 35 12 29
91 114 68 62 15 49 25 9 3 78 112 95 59 35 51 23 60 36 87 43 14 29 118 75 20 17 47 85 45 16 106 2 22 73 88 31 54 109 90 105 67 116 10 7 104 113 101 8 33 74 46 21 93 12 1 5 86 61 65 92 94 55 40 82 119 102 70 84 48 32 26 108 66 13 110 80 24 37 56 39 81 50 18 79 64 57 41 69 28 11 52 4 34 19 98 27 100 0 96 71
101 46 66 91 108 98 115 79 49 100 54 85 31 57 81 5 14 50 114 35 60 64 26 39 62 22 1 106 107 104 28 18 7 92 33 16 103 70 67 90 27 41 15 76 96 53 87 32 65 102 69 86 112 43 17 13 36 12 113 89 109 99 58 25 97 34 37 21 47 75 10 95 84 77 52 111 45 2 40 94 71 68 6 38 29 20 44 105 9 48 116 11 82 51 73 63 24 72 59 61
15 71 64 43 45 114 75 111 40 70 101 2 51 69 11 55 91 8 117 22 81 116 42 100 29 37 63 86 96 62 26 1 108 31 84 35 44 12 79 13 32 6 56 112 65 0 41 113 3 95 104 83 61 107 72 93 103 7 110 46 39 67 87 48 21 9 4 49 50 98 33 97 38 34 78 88 18 77 58 25 73 36 99 118 17 23 94 60 105 16 57 30 47 90 52 68 74 82 14 92
101 115 66 21 1 17 106 28 64 36 109 26 15 24 49 52 72 80 42 74 27 77 113 55 14 8 78 23 53 89 41 116 22 100 25 2 5 62 58 102 19 43 117 38 30 88 48 67 87 90 84 0 50 18 111 16 13 12 83 103 70 86 9 69 29 56 39 33 7 93 99 98 59 45 57 112 118 20 73 3 61 110 79 119 31 46 54 11 65 34 63 32 6 51 60 81 68 114 97 35
36 33 70 77 8 2 93 119 68 105 65 67 114 69 111 98 25 109 31 22 44 1 95 78 46 58 40 48 37 13 28 118 16 47 26 92 61 106 29 62 91 45 75 23 49 5 96 20 115 53 88 74 3 11 30 19 66 57 82 101 9 73 83 7 59 112 113 79 60 42 85 6 55 15 84 81 39 56 72 107 41 50 34 100 43 97 89 38 102 86 17 10 14 24 99 21 52 54 63 108
101 73 26 71 59 113 68 8 18 118 77 86 28 111 9 78 119 48 22 32 6 97 37 108 80 106 112 82 72 19 104 0 11 46 79 58 25 2 51 27 55 24 116 23 88 15 65 99 98 115 69 107 14 62 83 4 110 10 91 102 5 84 33 61 114 95 100 60 52 35 85 53 13 75 117 94 92 29 42 76 3 7 89 20 90 109 17 31 56 47 45 57 50 43 39 49 67 93 1 34
101 54 19 86 51 1 77 9 55 97 118 90 12 6 88 63 37 27 30 36 67 35 47 28 24 34 62 44 85 89 60 79 109 95 53 69 117 13 92 29 40 23 84 104 33 43 114 75 32 0 52 73 4 64 68 102 48 91 50 22 58 72 108 7 25 38 56 65 113 74 16 11 98 71 94 70 80 66 59 107 39 17 18 119 20 46 15 14 2 82 96 99 83 110 106 78 93 45 21 81
65 103 71 13 1 4 53 22 12 73 34 39 55 26 93 15 58 21 90 117 95 54 18 10 74 33 68 32 112 61 47 77 24 51 63 8 29 91 11 23 111 46 85 110 80 87 114 81 50 104 20 79 105 5 89 56 109 116 36 101 64 30 25 75 31 14 48 3 102 38 99 118 62 78 60 100 76 94 7 82 119 66 6 2 98 83 72 9 70 43 37 0 41 84 108 106 44 88 40 16
20 66 56 2 98 90 57 82 41 39 8 101 53 1 16 32 33 27 68 17 93 73 37 60 72 119 110 96 47 64 77 6 89 111 61 99 71 36 28 109 107 15 49 67 97 3 70 79 30 104 42 4 46 106 24 11 118 23 0 74 10 103 113 44 69 83 65 19 84 108 116 26 50 78 29 31 88 14 52 40 114 45 76 13 35 9 81 86 117 100 105 38 18 63 85 54 59 21 12 92
76 73 31 35 103 42 68 110 8 78 90 46 97 119 61 114 50 70 79 25 101 116 118 72 32 22 58 51 16 99 36 82 43 28 27 15 24 94 87 57 91 29 106 37 17 88 0 67 109 39 38 77 9 13 1 115 60 6 14 98 92 108 44 107 23 41 86 30 2 48 113 84 33 64 96 56 40 11 63 54 53 20 47 117 75 45 65 7 89 93 105 80 81 3 62 111 69 112 95 12
33 76 77 16 86 97 92 23 4 93 25 59 2 89 109 88 42 100 96 48 52 37 80 20 11 46 75 3 78 36 41 102 26 14 112 74 40 24 114 22 64 0 5 82 95 106 87 103 32 119 50 118 104 67 63 1 7 45 27 90 54 28 72 34 111 84 110 29 117 68 79 108 8 6 55 38 43 49 107 47 44 35 19 94 58 73 39 113 56 9 13 81 12 60 91 105 99 31 101 51
53 23 110 47 29 64 119 56 21 44 43 83 27 103 51 89 79 1 75 96 90 32 34 22 33 88 94 17 117 49 97 14 4 41 10 40 5 112 69 31 76 81 30 98 65 67 26 7 13 19 78 107 108 114 85 54 61 106 87 101 72 102 62 28 18 12 91 20 36 37 93 16 48 15 105 55 24 100 39 99 11 84 73 70 8 68 6 95 92 9 57 46 113 82 3 86 116 74 42 38
89 63 25 20 21 74 97 71 1 80 53 40 110 99 27 31 98 33 6 70 7 93 116 100 57 81 78 28 105 19 95 4 84 48 77 10 26 29 58 59 18 35 92 76 39 24 79 101 72 30 13 66 96 117 47 64 15 91 43 36 69 11 62 82 3 65 45 104 109 2 41 111 38 113 86 46 5 54 85 68 42 9 108 73 50 17 83 55 44 60 107 87 0 23 94 119 32 12 115 103
85 92 89 15 74 59 44 116 68 97 119 96 82 60 11 58 81 21 70 2 102 10 65 22 111 36 117 7 87 79 31 106 47 23 99 71 63 28 75 61 108 84 77 5 17 93 83 33 113 55 51 46 52 62 112 80 3 72 107 48 30 26 100 66 103 104 13 45 27 88 14 4 19 109 32 57 18 110 95 41 25 37 38 114 53 49 78 94 39 8 9 1 98 6 35 0 29 50 64 42
24 6 95 31 104 15 113 13 25 21 34 3 72 55 61 87 54 99 47 16 38 98 52 9 91 53 45 67 33 20 60 85 23 30 28 8 96 93 68 111 109 108 77 116 59 62 66 97 73 10 90 17 37 82 63 69 102 71 112 78 18 2 43 118 64 7 22 14 40 94 46 89 119 75 27 88 36 65 81 57 48 83 29 32 80 70 100 110 42 4 79 117 101 35 50 106 49 12 107 74
49 25 40 4 14 93 2 45 20 83 34 115 105 12 119 67 91 23 116 79 66 70 103 52 81 3 59 98 106 100 95 75 1 107 30 16 64 9 71 54 68 69 41 73 55 8 94 28 38 104 19 26 117 86 76 88 111 15 50 87 110 44 56 18 39 58 102 32 7 21 82 97 17 35 92 6 112 13 118 48 33 53 74 10 57 89 109 5 77 11 85 62 29 61 65 101 114 80 37 43
56 25 16 54 21 63 84 49 48 90 92 38 101 59 47 13 71 17 102 23 2 7 67 65 89 74 106 77 109 28 1 115 55 12 31 76 58 37 113 45 111 79 104 91 117 42 57 46 20 33 36 10 61 68 85 5 99 6 66 110 51 96 15 70 105 97 39 64 32 87 83 9 24 69 50 40 107 95 52 34 78 19 8 119 18 26 4 62 43 103 60 72 3 108 41 53 86 112 44 93
2 115 36 56 9 117 100 95 66 52 18 116 114 83 98 69 49 112 15 53 6 24 59 0 87 48 13 80 104 29 16 102 63 84 71 25 88 65 61 76 89 55 75 113 46 51 82 33 57 68 47 41 40 60 67 30 73 106 28 90 42 110 119 105 109 34 72 64 118 96 54 11 94 92 22 81 31 39 86 14 58 99 62 45 32 38 43 70 17 79 12 5 101 74 97 19 23 77 50 85
97 32 75 95 73 77 114 59 13 24 48 0 93 89 88 87 39 25 20 79 21 71 1 38 101 17 57 84 37 111 106 62 64 52 4 68 80 56 27 9 72 29 117 58 14 43 108 35 113 105 5 66 78 92 51 45 99 11 94 28 2 22 65 16 67 109 41 118 102 7 104 119 19 82 100 18 33 31 115 8 69 26 81 44 60 53 86 91 50 70 40 42 34 10 116 110 61 3 36 55
113 25 47 83 94 51 109 54 44 28 34 70 73 61 48 106 6 18 93 52 115 119 53 98 2 99 85 7 118 31 36 15 16 39 26 90 80 29 17 59 110 49 0 60 22 88 79 71 78 24 35 108 82 65 101 76 38 104 50 111 96 117 40 69 43 103 95 97 72 107 116 68 30 64 92 45 33 89 105 46 57 74 3 62 55 84 67 58 37 41 56 81 27 87 63 42 1 4 77 12
97 69 7 94 40 14 68 57 55 64 84 78 71 1 89 26 73 31 114 66 47 85 5 10 8 67 103 45 24 115 18 74 25 65 9 116 3 101 59 27 37 6 53 100 19 106 13 56 30 50 107 36 16 58 86 92 28 108 43 95 22 113 110 38 48 17 4 104 54 32 111 11 72 81 12 33 76 29 34 51 93 91 77 41 61 2 21 88 118 102 42 105 119 87 39 20 44 49 75 23
93 59 42 26 83 104 30 69 27 65 118 36 40 80 0 91 13 47 45 23 94 46 7 74 28 95 106 24 84 99 76 64 88 50 55 87 112 48 8 44 54 77 66 103 51 16 92 10 32 37 21 25 43 38 3 67 20 79 34 58 111 114 110 72 113 41 105 97 101 19 29 81 73 68 35 31 6 82 119 4 33 108 60 49 18 11 9 71 63 56 12 61 96 57 75 52 5 15 107 2
26 16 53 61 106 1 44 20 15 92 86 66 96 82 54 31 77 119 70 34 18 79 27 58 49 72 80 84 35 93 113 46 12 73 36 59 108 109 38 67 74 32 2 71 103 116 97 6 88 33 99 14 75 43 60 37 24 47 111 48 50 95 98 62 22 112 101 23 13 114 40 5 8 42 107 90 118 7 64 30 85 11 89 68 28 87 3 65 78 63 117 102 29 10 104 4 115 52 56 100
107 70 88 104 103 16 35 48 51 29 1 63 40 0 66 24 54 95 80 9 85 20 37 86 10 113 45 87 7 119 56 81 50 105 108 92 31 101 25 27 67 78 28 93 21 43 33 4 65 59 32 3 109 47 12 19 97 79 115 110 55 17 23 14 49 39 53 30 91 42 76 82 58 106 118 6 52 61 34 8 102 90 75 64 11 98 94 5 71 15 26 116 68 100 46 73 57 114 18 112
99 96 54 10 88 24 87 53 13 80 73 100 34 65 9 55 18 109 114 51 6 1 30 66 118 32 19 84 15 76 45 63 82 7 78 86 105 31 110 5 14 39 41 60 70 47 52 90 111 50 37 57 28 11 3 104 115 46 26 44 101 102 79 98 29 56 4 112 43 106 69 27 72 42 21 117 64 103 25 119 0 59 67 8 22 91 36 92 12 61 38 113 68 35 20 77 107 23 94 97
71 100 5 51 112 38 72 81 58 16 74 21 7 15 28 26 41 30 93 110 86 63 55 89 18 45 48 83 4 43 73 84 2 70 116 87 114 12 94 98 22 115 64 96 106 33 52 92 60 65 9 103 42 27 39 36 23 13 61 3 113 37 57 10 75 77 67 99 11 90 97 118 17 69 62 66 95 50 8 29 105 49 107 68 0 104 108 32 53 20 46 79 25 1 78 91 40 102 24 117
108 103 19 8 115 49 2 52 68 56 51 50 88 24 76 80 21 29 0 3 13 48 101 90 47 39 43 85 54 70 81 31 107 18 1 44 79 35 110 95 12 42 67 119 113 55 27 71 61 41 75 46 10 62 91 69 5 63 11 45 66 83 14 117 102 89 111 84 82 58 87 106 17 16 94 100 15 78 7 9 64 4 114 96 20 86 93 72 6 97 59 99 28 98 32 109 118 36 77 53
116 35 17 5 44 109 101 2 85 15 43 16 97 96 72 113 117 69 84 79 31 46 7 68 71 6 21 24 33 103 64 19 110 78 20 118 90 88 94 81 22 49 12 42 60 55 70 76 40 28 23 26 36 30 82 75 80 119 108 11 89 57 14 59 52 51 37 62 99 77 53 58 3 27 8 102 9 0 39 105 25 54 65 67 50 10 38 13 93 104 115 18 98 63 74 86 47 92 66 48
92 55 111 33 10 106 103 114 31 60 56 5 107 28 101 108 72 58 45 23 25 104 100 3 40 12 53 86 77 115 66 110 96 102 78 38 57 32 117 84 4 34 0 62 37 15 43 85 91 2 47 97 44 69 51 82 116 29 95 52 87 8 22 80 19 118 48 49 94 79 112 90 41 42 75 64 6 71 21 9 98 109 7 50 17 67 65 24 39 36 26 54 11 83 119 20 30 63 35 68
53 78 80 3 115 31 24 82 36 20 76 45 64 50 113 10 110 101 111 32 29 65 44 48 25 28 71 46 18 106 66 119 34 112 41 108 79 19 117 87 52 49 107 75 91 60 9 92 94 83 15 23 43 33 63 109 93 90 58 37 88 89 27 57 97 67 22 69 1 95 118 61 72 4 102 56 12 103 39 81 14 21 73 55 85 86 5 77 8 70 0 54 42 68 98 2 30 6 105 74
38 64 62 1 29 95 54 94 10 100 97 2 56 57 93 73 0 40 87 43 17 79 23 110 49 26 39 82 6 67 30 105 53 81 83 36 25 90 69 91 50 3 80 71 12 107 33 47 14 114 65 88 78 77 15 115 84 37 18 42 109 92 63 96 51 46 22 27 28 113 21 4 45 58 19 117 7 61 119 75 76 106 116 101 118 9 72 103 34 70 13 20 31 8 74 44 102 104 16 59
1 15 41 22 12 91 18 16 69 116 78 2 61 20 47 8 52 38 19 60 10 29 55 100 109 43 25 84 13 105 80 89 86 85 112 88 74 24 70 93 77 83 67 104 44 27 34 7 49 42 6 117 26 14 33 48 64 32 30 90 81 101 0 79 23 111 3 17 113 87 110 50 73 108 35 99 118 94 54 106 36 66 46 97 9 115 37 21 5 76 95 71 4 63 75 107 119 40 51 58
47 116 49 6 3 104 59 110 52 97 100 10 51 70 15 81 29 88 63 34 95 46 13 53 11 0 38 60 45 48 76 109 58 73 8 44 90 31 23 17 41 69 26 112 89 54 66 33 30 24 111 67 1 40 103 61 2 93 75 96 64 101 9 50 27 39 25 119 16 91 85 22 20 36 35 14 107 86 4 118 77 28 21 18 42 68 114 79 71 105 12 62 78 80 5 65 19 56 7 99
56 29 32 84 104 77 92 18 26 116 78 63 82 111 61 6 94 53 54 27 66 74 39 7 30 73 34 23 71 38 86 12 20 98 103 5 22 42 112 95 108 101 113 46 2 64 62 117 68 16 114 105 83 52 37 97 96 90 0 24 25 47 51 75 99 109 49 106 43 59 31 100 35 119 36 60 80 50 13 40 110 76 33 87 44 14 102 69 67 58 21 72 88 17 8 65 79 3 118 107
109 55 32 42 4 73 9 34 33 43 88 101 99 84 61 54 74 2 31 116 83 100 111 115 8 86 112 97 36 41 44 18 12 17 65 96 26 118 102 22 64 69 1 103 3 14 40 94 13 68 58 6 81 117 87 108 0 38 27 79 19 82 45 110 67 104 76 49 113 62 15 92 5 80 37 10 77 59 39 90 52 46 20 11 57 93 60 106 51 70 66 23 105 53 25 91 95 119 28 78
79 88 67 4 60 46 5 80 34 19 113 84 47 74 45 31 23 30 114 97 54 12 49 106 107 73 98 77 44 115 78 62 52 18 8 110 13 83 57 22 26 51 64 15 81 53 10 103 82 42 116 37 99 39 17 24 35 41 29 87 95 76 75 104 0 55 21 63 69 58 85 25 92 96 20 32 40 70 94 66 61 72 28 9 111 33 36 7 117 16 105 65 27 91 56 3 86 38 118 90
75 50 58 85 99 10 55 46 32 70 9 118 45 29 43 56 24 89 49 57 6 27 52 87 17 41 3 19 78 42 100 38 47 2 8 11 20 36 108 39 18 90 66 67 113 31 91 33 80 96 23 64 72 54 88 97 1 65 82 86 25 106 112 117 116 68 69 7 92 93 12 63 48 73 15 111 51 26 101 83 74 98 77 62 76 59 103 61 71 35 79 34 84 28 114 119 16 60 21 109
45 115 26 2 16 91 54 39 59 43 82 73 15 53 80 48 46 110 113 4 111 24 50 70 5 117 64 66 101 95 33 47 11 31 27 71 78 76 90 119 109 98 37 8 104 38 96 9 25 112 55 63 118 40 114 32 84 88 41 3 94 49 83 107 20 74 61 51 44 105 58 67 86 22 116 69 75 93 79 56 19 103 14 81 34 29 87 1 35 23 42 17 89 99 57 52 62 7 108 100
106 99 104 85 6 90 101 23 58 108 13 80 71 4 44 67 46 89 15 24 59 74 22 42 32 118 26 55 103 64 92 5 35 47 65 83 3 34 68 50 14 1 79 115 21 54 20 100 27 72 81 0 77 82 19 96 2 84 62 16 70 78 94 9 12 112 11 10 25 97 38 93 36 111 60 7 117 75 66 45 69 86 102 63 107 28 110 31 52 49 37 41 91 98 51 8 29 48 116 73
72 112 39 91 31 29 47 80 102 88 52 108 92 40 22 68 74 105 103 67 77 37 32 19 45 75 71 78 111 58 60 36 57 12 33 10 25 2 84 85 97 119 79 59 110 42 34 95 89 35 27 61 62 54 64 66 49 101 4 1 17 63 24 94 30 106 86 11 93 16 73 53 38 83 104 90 6 13 18 107 82 70 76 7 43 117 9 87 50 41 15 96 20 69 118 100 116 21 0 8
59 72 114 12 71 1 74 100 10 22 99 31 75 103 81 35 43 93 14 26 61 49 117 8 24 17 80 78 60 30 33 23 42 91 48 66 36 96 5 39 69 32 110 62 70 76 65 46 89 16 94 38 98 4 11 21 118 54 73 7 108 53 25 56 0 87 47 29 83 119 64 34 112 2 107 106 18 92 58 13 86 113 51 28 15 102 79 90 50 45 52 101 116 77 115 88 44 27 57 109
83 33 112 68 87 31 71 3 34 81 85 24 118 22 54 84 86 105 101 50 110 69 102 6 32 103 2 46 43 61 90 66 11 45 67 82 79 26 48 19 9 55 100 96 106 47 88 1 13 60 78 80 62 114 40 92 14 64 113 119 63 42 39 7 52 98 8 94 17 95 107 51 97 44 35 65 73 10 104 53 117 37 15 70 89 16 49 75 74 76 5 109 28 91 111 38 99 27 25 12
30 66 59 60 42 100 62 69 110 7 109 32 34 71 94 50 97 81 10 73 6 4 54 48 77 21 13 40 22 20 70 68 101 99 8 2 91 3 61 27 47 24 65 76 82 117 90 102 15 88 93 28 31 23 17 57 107 112 105 12 87 9 37 119 25 67 33 19 104 14 95 86 64 45 85 113 103 55 51 108 106 72 74 58 0 75 84 18 11 114 46 36 89 98 49 41 111 39 56 1
13 83 79 118 53 65 33 4 1 6 100 99 29 20 77 48 0 106 56 51 46 108 64 27 68 115 42 66 22 62 86 43 40 88 81 60 31 74 52 104 21 94 58 114 90 47 19 25 26 23 107 45 8 11 44 55 59 16 112 67 3 78 35 32 39 101 34 87 12 2 72 73 69 76 70 109 119 113 50 41 80 105 57 54 38 98 17 24 75 102 28 61 85 36 96 116 111 15 84 14
54 76 99 42 12 79 3 103 66 68 108 1 32 97 22 118 56 96 37 81 77 7 6 80 25 117 49 78 70 45 43 0 9 82 93 71 67 34 26 112 113 114 110 69 83 33 53 30 107 101 35 61 4 116 86 20 18 2 44 100 84 87 104 17 19 115 65 75 10 74 5 24 52 105 98 106 92 109 27 90 60 23 58 51 91 31 72 119 39 14 40 88 13 57 28 46 29 50 41 73
95 73 64 37 56 5 20 92 51 74 79 63 46 85 31 3 57 28 26 98 27 109 42 59 53 15 113 38 47 70 8 89 69 116 60 75 108 84 100 36 82 107 32 102 44 30 16 6 2 72 87 105 66 118 17 77 86 91 39 49 115 97 0 94 76 41 22 13 68 34 99 78 119 67 11 106 58 54 29 93 104 50 45 90 103 4 10 12 55 9 61 14 40 83 35 80 25 7 111 101
50 89 26 13 15 58 35 0 19 52 93 108 116 105 100 78 3 8 54 82 61 107 2 23 115 20 74 9 45 21 40 96 53 101 34 33 7 10 112 39 57 87 64 63 51 103 11 69 117 46 67 92 17 55 6 43 42 76 12 29 75 56 77 24 70 119 41 71 5 59 47 113 118 97 80 28 65 36 49 104 31 83 18 1 109 30 27 114 85 106 66 98 110 68 38 22 84 62 88 79
3 103 17 36 81 40 15 26 90 110 9 25 78 42 63 105 79 96 93 109 13 47 119 113 44 59 70 108 92 39 107 53 22 95 4 6 116 111 2 82 8 99 54 91 94 0 57 114 48 14 83 1 35 89 88 76 77 102 12 100 61 69 74 38 73 37 55 20 45 21 30 31 62 101 43 112 11 23 66 106 16 46 58 10 34 68 71 32 60 18 27 33 29 64 56 80 75 117 28 85
100 75 23 13 56 112 53 24 114 22 113 92 93 119 70 71 90 27 67 116 105 68 61 97 104 4 21 6 15 69 55 87 77 63 26 43 72 47 45 111 66 84 110 5 95 74 39 9 37 65 36 34 82 33 7 91 48 106 57 3 107 98 80 54 29 10 76 0 40 118 59 96 35 44 88 41 31 14 46 108 1 109 115 32 99 20 49 62 81 101 83 28 102 58 12 79 30 64 52 19
98 95 25 37 106 99 48 14 39 61 115 1 30 45 13 114 80 100 85 113 43 41 3 36 16 109 63 26 92 108 72 40 90 6 0 12 60 117 24 50 81 11 97 31 65 68 9 84 34 119 22 104 51 96 17 73 35 59 27 19 107 29 38 110 47 118 89 57 83 77 10 2 103 8 54 91 32 33 75 62 15 93 82 7 56 87 52 64 18 46 74 105 102 55 53 4 112 42 44 67
60 12 73 43 61 18 8 40 49 59 86 34 7 71 95 94 5 41 104 68 16 65 83 50 48 21 27 42 111 116 67 93 6 70 114 64 109 82 91 97 112 38 96 10 46 55 58 47 102 105 53 1 44 84 15 115 33 30 19 100 57 119 37 56 0 81 80 13 36 110 66 106 2 77 20 35 107 88 85 9 24 26 113 63 23 11 101 79 89 108 87 103 74 45 72 52 62 69 98 39
67 117 59 61 66 82 88 105 19 119 79 99 43 115 57 56 92 28 9 87 101 78 98 74 76 113 55 53 85 83 8 33 17 71 37 64 112 75 86 13 68 62 42 48 1 96 89 41 49 91 118 90 93 46 107 110 6 54 65 45 38 69 72 52 11 47 94 21 30 106 32 104 16 51 35 31 63 44 4 102 81 36 20 18 2 22 0 39 111 70 40 34 10 23 116 24 29 27 73 15
95 50 49 18 37 51 96 67 45 16 66 38 34 25 48 43 9 93 17 87 57 30 55 24 54 44 69 19 82 5 7 73 8 56 102 85 64 108 31 117 109 105 106 99 52 116 114 14 100 53 1 63 40 74 79 42 118 15 88 77 4 101 89 90 3 112 80 39 75 107 113 115 13 47 10 86 36 76 29 23 104 97 72 110 92 83 111 91 70 71 6 21 103 27 32 84 98 12 0 78
86 38 67 22 115 48 34 92 35 54 94 11 39 59 68 110 74 16 30 44 15 43 12 46 5 51 0 114 79 9 75 33 109 7 29 106 87 57 89 71 103 97 83 55 117 102 4 119 32 113 105 36 19 3 70 73 72 96 42 13 88 76 28 47 23 49 56 26 82 85 63 108 6 8 65 27 78 61 40 81 118 77 37 31 104 20 80 58 52 21 112 10 14 18 53 101 100 91 41 95
76 47 88 57 54 1 15 90 63 50 62 32 31 37 111 101 110 46 114 29 18 64 71 41 58 59 73 92 83 52 5 75 67 11 51 77 91 39 65 30 42 109 93 74 115 20 78 23 107 13 27 106 113 69 19 4 72 89 48 100 44 56 84 79 40 9 36 16 95 45 24 102 103 10 26 43 105 53 33 82 85 25 98 49 6 22 55 68 116 80 0 99 117 81 38 119 12 104 94 7
23 70 42 32 71 80 4 20 62 45 54 86 69 15 28 47 107 108 58 61 50 68 83 76 21 113 30 5 6 105 79 77 19 27 10 44 104 102 78 112 53 24 52 43 93 16 39 40 116 74 106 114 22 48 25 7 65 0 26 67 63 117 94 9 84 37 90 115 118 64 12 49 98 57 66 119 14 85 38 88 51 87 95 17 3 96 60 1 33 13 8 101 36 56 55 109 99 110 82 35
79 96 92 51 106 34 30 118 81 9 109 37 83 2 29 87 22 66 47 27 41 50 5 63 7 74 75 102 40 60 80 42 6 69 88 105 54 93 52 25 36 43 46 48 86 108 26 21 100 70 23 3 115 98 94 45 104 31 0 82 119 38 39 59 53 61 32 107 56 1 71 103 78 49 113 4 33 67 91 24 84 8 68 14 89 28 35 65 72 15 62 77 97 90 101 11 13 17 64 55
1 51 59 11 53 90 36 37 112 79 63 116 108 99 69 44 57 100 85 103 95 77 107 96 14 42 74 94 31 115 43 34 84 28 62 60 83 109 68 21 67 47 104 98 35 38 92 46 82 55 16 32 93 72 8 20 23 65 118 66 6 113 3 18 114 41 73 5 10 13 64 76 88 15 33 0 61 4 75 45 48 106 30 97 105 54 25 111 50 52 7 24 22 9 70 29 91 89 87 19
56 15 70 77 68 41 85 38 118 117 53 24 87 88 40 102 83 82 78 49 66 98 5 103 61 110 13 27 71 96 112 116 114 69 60 62 93 47 16 104 79 55 106 52 63 81 18 86 105 89 34 94 67 111 44 26 19 37 74 12 6 31 51 8 32 65 25 113 11 30 58 35 14 107 22 46 45 95 33 99 101 84 48 80 50 17 4 64 29 2 92 119 59 109 9 100 108 75 72 39
111 10 87 55 88 16 71 47 26 48 98 2 19 45 105 69 28 42 49 58 30 40 90 59 84 3 44 57 62 109 104 64 50 51 9 35 23 33 108 56 22 24 97 80 39 41 75 77 60 61 68 113 25 110 54 116 102 7 103 15 38 86 82 117 119 92 18 73 96 27 65 46 36 83 114 13 5 72 67 74 115 52 43 8 94 101 76 63 29 93 95 37 0 79 12 6 106 17 20 11
23 48 10 16 6 107 67 60 12 106 74 99 61 59 85 33 102 0 101 35 52 115 87 93 26 108 116 46 112 30 5 64 103 97 66 43 19 82 40 78 2 11 90 17 44 8 76 18 37 100 4 105 32 54 53 29 77 41 15 45 91 7 3 56 34 9 113 24 83 55 36 104 92 47 51 111 49 79 117 65 75 58 57 114 70 80 94 89 39 1 25 71 21 22 28 13 69 38 27 72
56 54 55 90 15 33 64 101 13 95 18 89 0 97 3 114 85 50 25 107 19 78 60 75 43 30 110 71 76 109 2 99 91 38 81 32 47 74 28 57 36 65 118 9 46 84 61 87 66 92 70 22 5 72 88 102 80 16 49 62 7 98 106 42 6 24 8 34 63 58 77 17 53 94 104 111 67 35 68 29 12 11 59 48 23 1 93 4 115 96 116 105 40 14 45 86 100 31 21 10
89 69 64 53 99 83 25 97 6 40 115 56 32 12 92 0 17 100 51 61 55 105 43 91 86 71 15 72 3 74 9 98 88 44 103 10 77 90 24 45 54 34 39 84 8 85 18 87 31 21 82 112 80 30 93 22 33 73 4 63 109 111 101 58 20 26 110 119 16 113 23 50 65 95 38 62 94 27 60 29 116 46 42 106 79 49 114 68 2 37 5 66 107 52 75 104 70 118 19 36
27 97 25 68 37 1 80 91 93 7 2 14 22 24 5 118 45 40 99 71 100 4 57 90 47 86 63 67 23 119 102 81 76 104 38 26 18 48 49 65 89 75 109 20 54 87 69 35 39 17 105 70 0 8 61 3 52 106 11 21 112 115 98 116 58 28 113 9 83 117 56 114 79 66 13 108 64 44 51 62 92 36 88 59 78 95 94 96 30 72 73 42 77 82 55 111 19 101 15 41
49 15 75 21 84 8 14 33 7 30 108 109 67 17 23 91 53 5 2 34 52 89 42 69 10 22 40 87 116 24 110 48 20 12 74 102 92 101 68 54 78 71 36 97 85 104 19 115 1 59 44 16 118 119 35 61 70 29 32 88 65 28 98 43 58 62 45 79 46 27 94 18 76 31 114 77 106 11 26 60 6 103 47 55 99 73 96 3 86 95 56 66 112 117 93 81 72 4 80 83
40 115 83 100 55 7 64 41 46 56 54 96 80 93 107 15 38 116 87 105 111 42 104 51 35 39 110 84 21 11 71 76 1 118 37 5 49 45 53 52 8 4 6 92 70 77 94 18 13 106 23 88 112 62 3 14 68 48 72 85 67 61 74 65 32 86 99 79 12 81 69 10 97 102 19 82 113 57 28 27 89 91 103 20 0 95 26 16 47 98 119 30 31 44 34 73 90 17 78 24
96 84 22 98 103 78 86 2 92 60 25 11 118 105 5 93 8 51 35 33 14 13 110 97 9 31 85 79 39 12 111 83 16 23 19 112 107 53 20 45 61 56 37 76 32 64 74 119 102 66 43 47 67 7 44 94 55 71 26 68 106 116 72 27 100 0 30 59 50 62 10 28 63 89 73 77 6 87 3 109 69 113 42 91 81 40 117 104 75 17 1 29 80 101 21 88 4 46 57 18
87 32 35 33 4 7 53 59 49 14 86 34 61 105 36 109 52 71 70 44 68 84 101 62 13 18 54 106 10 64 88 67 107 63 98 78 28 42 102 23 85 48 57 56 15 6 43 21 95 119 29 81 93 16 112 17 118 60 89 26 110 39 22 9 12 50 83 76 117 99 116 75 91 30 82 2 96 37 100 58 115 27 92 69 108 46 114 24 11 20 40 94 73 104 3 55 5 38 111 1
32 73 53 14 61 115 74 97 4 2 40 88 55 49 20 98 0 85 84 80 117 105 22 27 81 106 26 96 30 21 13 72 107 67 23 24 65 10 69 41 94 87 45 75 89 111 110 104 50 25 82 77 56 34 19 64 51 38 108 16 36 62 17 68 66 28 113 12 52 33 31 43 63 59 57 1 39 114 95 29 15 86 42 48 60 119 92 8 54 37 47 18 109 7 71 3 112 6 90 83
91 107 63 80 22 72 48 81 54 44 78 25 94 102 98 39 118 87 14 29 28 32 69 57 56 66 13 10 50 89 60 76 112 77 21 103 99 0 64 31 113 30 46 109 2 42 35 115 88 6 51 52 58 37 38 95 93 45 8 68 106 18 85 86 49 5 67 16 61 83 15 96 1 26 17 3 7 55 65 116 47 119 74 75 97 70 12 40 23 82 104 19 79 20 111 41 105 73 100 110
94 73 107 20 115 41 28 24 53 18 50 113 80 11 101 6 72 102 61 103 8 90 79 46 13 54 75 0 30 15 37 19 93 83 71 51 111 74 84 100 2 4 97 32 52 91 55 89 60 48 92 95 82 87 77 117 110 14 86 70 66 27 3 25 119 98 69 7 1 10 16 68 33 99 88 76 38 118 39 57 108 49 9 43 96 78 34 62 45 26 85 35 29 63 12 44 64 106 116 31
15 73 21 109 27 91 11 44 43 3 63 82 5 86 106 19 47 79 88 70 7 59 112 51 117 97 77 62 17 35 28 64 116 65 52 105 42 80 98 13 16 96 22 57 89 92 55 107 36 4 114 118 103 87 8 71 81 53 20 85 67 102 25 75 14 45 72 90 94 24 93 54 37 119 32 30 115 33 0 1 46 41 48 68 29 10 2 50 76 56 104 61 26 60 6 39 108 12 83 99
37 106 104 96 30 108 14 26 31 105 16 24 90 88 93 76 13 60 23 81 32 47 111 49 65 94 0 98 57 74 61 54 56 63 118 27 3 53 87 83 15 100 21 6 91 33 107 117 73 35 85 9 12 78 67 39 8 34 64 19 48 17 68 77 29 4 62 119 22 10 28 18 99 45 50 11 2 84 72 109 1 70 66 102 25 36 55 75 79 38 69 86 42 110 46 51 5 116 82 7
32 105 50 26 25 21 55 85 51 52 66 8 35 100 14 114 83 92 68 19 64 30 104 12 11 67 54 87 111 46 77 0 75 16 43 65 24 36 39 106 94 78 109 86 118 98 95 84 103 79 45 4 48 37 61 71 90 56 116 40 88 97 41 29 76 13 110 62 72 23 60 15 42 9 33 47 53 5 27 89 20 102 10 91 117 101 107 22 80 99 17 59 1 73 31 38 112 58 108 18
110 117 3 118 56 31 97 94 112 71 76 9 2 25 12 32 104 64 95 98 61 33 21 89 75 108 49 24 40 79 20 81 85 86 80 65 119 14 43 27 36 109 72 62 34 88 70 13 28 53 84 69 102 106 57 44 29 92 11 74 103 7 46 99 93 4 113 116 17 23 22 90 5 55 101 68 18 6 54 16 105 114 42 66 0 45 77 48 87 1 96 115 107 15 58 82 63 30 111 60
57 21 100 86 42 109 22 69 115 6 106 107 95 64 26 83 7 58 60 2 24 23 10 36 18 98 40 113 33 77 94 96 54 47 38 45 43 55 82 53 93 117 59 68 14 70 5 118 20 84 17 103 30 99 56 51 105 4 80 62 79 78 46 12 28 61 87 16 71 88 29 72 32 41 104 110 1 101 85 34 13 31 3 9 108 74 0 92 48 81 39 73 116 8 66 65 89 111 76 97
12 94 96 56 8 109 13 113 81 50 95 102 29 42 52 105 108 86 14 1 21 30 35 74 78 17 64 110 60 90 104 51 93 27 20 69 19 7 91 33 63 18 38 87 23 118 73 53 44 0 25 47 43 3 88 77 37 92 49 97 116 66 55 34 26 36 117 89 45 62 98 101 85 16 5 2 107 9 115 4 72 22 11 39 71 15 68 103 119 41 24 82 83 80 100 67 70 31 6 75
119 93 89 17 40 87 57 5 46 9 95 3 75 108 43 92 32 47 106 6 68 24 0 18 11 114 82 53 55 60 67 94 79 30 8 90 48 25 27 12 4 16 86 63 100 96 52 61 7 77 20 98 31 34 50 103 80 10 58 76 44 84 59 45 66 49 112 117 109 107 13 83 71 105 102 101 15 56 74 28 81 73 69 22 26 14 88 70 113 65 1 64 99 36 38 21 116 111 104 2
114 71 106 51 75 88 34 25 20 10 0 38 58 9 104 100 5 40 41 81 68 55 52 57 69 46 49 64 116 109 96 112 74 92 60 63 17 35 61 93 21 47 19 6 53 72 39 97 107 23 83 86 44 7 43 70 56 95 26 94 76 30 78 62 45 54 91 14 29 118 8 12 32 90 4 11 101 117 85 99 28 33 27 24 42 67 2 80 79 103 77 50 16 119 105 1 37 18 31 84
42 116 82 55 83 13 24 84 107 112 16 33 34 0 73 97 47 17 39 58 7 38 65 12 61 23 80 94 62 45 28 74 79 40 66 68 117 109 20 89 71 52 56 59 99 4 8 29 10 37 118 111 21 101 53 69 6 90 105 51 85 50 5 88 57 60 72 30 48 14 75 114 32 49 86 119 98 108 76 113 102 25 96 19 41 46 44 70 100 92 93 2 1 31 26 27 106 15 22 95
59 107 116 68 1 85 54 0 98 95 9 6 119 63 89 53 60 39 69 30 4 2 38 58 55 20 80 31 96 40 11 77 29 24 27 111 17 15 109 14 92 41 35 83 28 99 65 106 71 117 25 32 101 19 43 46 84 75 118 23 44 51 57 90 74 112 110 104 49 82 62 45 56 16 97 108 61 42 88 79 34 91 87 36 86 102 76 67 13 48 103 37 50 52 72 8 47 26 3 94
66 60 30 0 7 64 47 89 38 43 40 2 24 14 20 92 98 102 4 31 12 28 49 48 65 69 93 112 86 72 62 10 70 16 44 79 103 91 73 101 53 1 22 56 117 35 88 50 100 97 78 33 6 115 39 45 119 104 90 59 106 105 42 116 68 15 8 74 96 87 63 34 3 41 94 21 113 108 25 26 111 51 95 83 54 32 81 110 52 29 11 71 85 82 76 13 37 18 58 109
85 47 83 59 42 74 40 76 28 7 81 46 112 45 4 18 62 32 50 5 110 52 11 3 72 90 49 96 108 105 48 95 17 27 89 14 24 12 97 63 36 100 103 53 21 93 104 65 86 1 118 64 30 16 61 26 54 31 68 101 29 113 71 116 77 37 114 67 109 13 34 2 39 66 6 15 20 43 19 79 73 80 38 41 57 9 91 60 55 10 69 94 51 117 106 44 78 23 56 82
115 43 96 71 103 104 118 17 34 99 9 62 64 91 76 45 33 46 66 24 73 117 88 100 81 52 42 67 87 97 41 89 51 12 50 6 80 20 77 37 10 55 107 70 54 68 83 95 53 4 14 60 16 21 57 30 82 85 106 108 114 29 26 15 58 94 56 72 18 27 32 61 119 19 101 8 111 3 93 92 0 112 90 116 102 47 5 63 65 11 40 113 22 28 31 79 35 38 44 69
31 40 41 46 23 89 65 85 22 52 72 113 66 29 69 34 12 104 18 58 101 98 17 119 68 16 112 3 47 37 106 48 2 42 117 111 35 96 32 71 39 114 30 55 28 7 38 54 70 5 84 105 78 50 19 100 63 92 44 36 79 82 60 10 59 81 14 4 26 49 87 33 11 1 88 94 62 95 77 45 64 86 43 83 15 27 99 118 97 107 76 108 51 21 57 74 56 20 24 109
119 99 36 106 8 97 20 70 89 112 47 22 24 105 72 35 48 60 41 25 61 19 110 46 23 50 32 90 79 66 81 103 85 53 115 88 12 69 54 100 116 83 58 34 5 114 94 10 11 74 21 6 29 102 78 104 76 57 59 17 87 1 9 52 40 91 107 49 13 37 51 44 26 109 39 7 43 65 93 80 95 117 18 84 64 77 33 55 45 27 30 67 68 63 31 28 111 82 113 3
58 22 92 31 60 74 62 48 69 119 16 19 106 87 76 12 55 8 10 108 116 101 5 72 42 6 61 21 115 64 103 53 51 1 86 118 17 40 90 15 75 82 91 18 41 80 45 84 46 98 35 9 56 65 117 63 30 4 50 93 107 39 114 13 81 59 7 88 34 25 105 83 3 66 70 23 27 100 104 96 26 43 97 95 113 109 78 77 33 111 52 2 110 29 57 67 89 44 37 14
12 58 90 109 52 79 66 94 73 7 75 29 100 28 31 81 63 8 30 91 15 48 97 38 113 118 27 2 32 39 0 9 40 98 111 114 3 36 78 1 43 37 46 103 80 93 71 49 33 74 45 68 84 110 72 44 101 23 47 82 96 34 77 35 70 108 6 21 22 55 85 92 62 54 117 115 56 99 64 41 4 24 86 89 51 107 10 53 88 76 105 11 83 69 17 13 104 67 16 112
40 80 58 116 24 114 91 54 7 96 94 39 49 86 41 26 44 95 70 3 56 115 48 66 22 118 51 110 73 16 4 102 19 32 77 117 72 6 59 111 97 101 69 79 88 103 83 42 84 1 76 38 53 119 82 47 90 93 33 105 106 14 17 8 63 13 25 37 81 107 18 15 34 29 108 74 50 57 27 64 23 65 43 60 85 100 46 10 78 109 0 113 11 92 55 31 30 71 52 12
70 2 91 9 20 10 18 113 30 66 13 69 51 65 49 44 29 41 39 40 115 4 6 45 67 71 62 54 106 75 103 33 117 94 48 116 84 37 52 22 102 34 25 47 105 43 28 99 109 68 53 92 101 59 7 8 78 24 31 46 50 80 86 118 72 114 38 15 14 17 21 5 90 104 110 11 64 111 19 26 12 85 1 56 119 89 87 32 107 100 108 88 0 61 74 16 77 76 42 112
75 41 3 26 57 87 23 102 6 13 18 27 1 81 114 77 14 48 16 72 83 15 63 25 37 86 62 113 117 34 67 10 39 9 66 19 82 79 94 64 2 103 71 32 93 68 92 12 80 61 70 44 100 119 116 17 105 54 8 53 21 76 47 60 69 73 40 11 52 51 43 89 42 59 29 85 97 38 112 91 30 24 106 0 99 111 45 95 108 36 20 22 33 110 56 104 90 101 35 58
103 119 106 83 35 108 25 100 10 34 45 44 107 65 55 114 50 11 38 48 94 84 42 56 20 16 46 99 88 37 96 91 41 115 43 118 49 110 1 52 76 15 92 77 89 85 17 112 82 80 61 113 81 3 101 28 86 31 69 59 111 63 13 72 21 23 68 12 51 116 26 64 5 105 36 54 87 47 53 4 24 9 102 62 29 98 8 67 18 75 57 39 27 90 14 66 2 109 73 93
8 46 96 117 54 40 87 89 31 49 65 1 77 13 29 93 32 104 36 64 74 115 91 102 101 81 85 15 3 22 71 76 48 42 34 52 41 16 5 38 63 110 109 70 57 73 55 113 23 79 108 67 30 82 94 27 106 0 28 14 114 18 86 119 17 61 9 72 58 11 25 69 75 33 43 60 80 99 98 6 103 88 111 26 118 53 107 68 51 116 105 95 20 2 84 39 19 78 92 62
55 13 108 89 115 2 30 51 95 110 83 23 31 44 78 77 49 61 24 102 26 16 103 87 60 111 117 57 73 54 80 63 17 3 1 33 114 101 14 36 71 39 59 22 29 19 94 76 90 41 85 109 35 56 104 27 75 15 37 118 62 113 25 6 70 7 97 107 10 42 34 32 86 72 82 9 47 12 93 106 4 52 116 46 81 11 48 88 112 98 58 0 53 64 91 28 38 43 66 50
92 100 69 39 4 31 99 79 59 101 29 17 77 51 62 85 63 8 96 115 7 116 118 45 76 24 67 89 35 41 93 58 112 26 105 68 87 57 38 33 0 28 55 15 20 72 3 82 21 47 6 18 104 81 65 37 34 113 23 108 53 50 46 86 10 9 13 43 22 32 42 109 83 103 30 106 1 44 19 88 16 80 25 97 114 95 49 117 40 74 56 36 48 64 111 12 27 110 91 5
50 82 57 64 27 51 115 116 58 92 80 4 87 83 35 14 101 75 26 44 70 104 2 34 74 10 39 97 33 109 65 66 24 22 30 16 56 42 62 86 63 5 8 106 90 84 72 81 18 95 96 1 119 107 110 55 21 29 71 99 114 89 118 78 88 93 36 76 9 53 47 69 68 43 17 91 23 113 73 79 37 48 85 67 108 19 12 20 111 61 60 6 41 59 54 7 13 98 45 94
10 93 73 94 41 25 31 105 1 8 82 63 79 71 50 0 29 12 56 17 86 37 87 117 112 70 100 76 4 111 67 60 88 66 107 26 49 21 81 15 85 113 75 55 58 22 40 16 62 5 92 98 13 42 116 114 9 43 45 36 14 103 3 33 65 35 23 95 115 89 52 54 119 78 53 34 46 51 106 20 32 44 91 11 7 64 83 99 19 110 24 48 6 109 96 57 47 2 38 102
31 16 101 23 79 102 11 118 27 81 30 99 109 19 88 67 100 119 91 103 38 90 56 1 117 10 113 72 85 54 39 107 50 25 52 71 13 42 94 108 21 92 73 66 74 48 61 63 44 112 104 47 114 17 75 80 9 33 35 43 97 15 58 76 86 8 28 98 57 116 0 65 115 70 106 18 36 34 6 5 53 89 20 41 59 22 87 95 14 24 32 49 64 60 105 111 110 7 68 29
80 65 96 32 2 114 59 111 93 3 73 89 113 50 110 91 72 45 101 116 67 4 56 70 117 95 18 107 86 14 52 106 20 100 25 82 83 31 48 41 16 108 62 87 104 21 60 13 112 76 35 44 105 94 66 51 12 64 19 8 61 81 118 71 98 34 75 30 5 55 27 42 92 26 37 33 22 103 77 74 97 7 119 46 1 6 102 43 17 38 40 53 68 88 24 28 11 79 10 39
95 1 19 23 79 26 7 111 82 65 2 76 13 102 6 98 116 0 54 4 63 105 45 10 25 113 62 60 5 51 57 42 41 28 69 22 89 97 107 3 83 64 11 20 36 35 56 115 106 94 33 43 32 93 38 78 30 61 39 114 86 29 12 49 17 118 90 109 117 27 74 87 96 88 14 108 24 15 77 16 91 59 46 81 72 99 40 103 84 104 73 110 119 71 8 31 75 66 112 58
99 71 101 48 64 34 35 24 75 51 60 104 110 9 50 86 44 45 80 32 111 96 94 36 72 93 52 11 68 42 22 33 90 76 0 2 118 30 25 79 7 14 112 97 12 98 40 4 77 95 41 28 91 66 116 3 61 46 82 18 84 54 1 106 92 16 103 74 73 13 39 62 5 109 65 113 114 87 49 29 31 102 63 26 67 8 108 56 53 115 19 10 55 20 17 27 119 69 57 15
27 100 94 88 62 114 73 36 58 56 19 51 49 119 55 24 28 44 13 8 17 105 37 4 26 83 14 64 109 35 25 77 9 99 20 106 22 18 48 104 5 42 38 11 115 91 3 53 43 60 31 65 30 81 57 110 0 89 50 41 79 40 67 90 34 71 46 87 82 97 52 2 1 59 86 16 33 69 72 68 96 85 39 80 12 21 15 6 107 101 70 102 66 74 29 63 7 103 117 92
90 38 47 108 51 86 88 69 105 65 101 80 110 5 31 70 26 118 43 64 39 3 74 73 10 97 49 21 18 57 54 40 83 28 79 114 46 23 92 76 116 50 67 113 53 93 24 22 9 78 117 87 42 98 100 62 106 119 32 7 112 56 29 12 68 48 71 25 4 89 11 13 91 103 27 37 44 16 102 107 30 66 52 41 58 45 63 14 84 96 115 20 109 85 99 19 94 77 15 75
67 25 4 13 50 43 48 116 8 83 93 40 3 29 65 74 0 92 26 61 60 95 80 47 91 115 86 14 117 6 30 90 113 105 56 108 104 21 94 96 76 51 81 106 44 64 1 62 46 18 99 10 42 57 9 98 68 45 84 59 15 69 36 33 72 101 53 119 37 110 79 85 38 22 114 5 112 87 54 88 49 58 27 17 78 24 11 63 97 55 20 23 12 71 32 77 102 28 16 39
106 82 113 74 81 70 20 41 40 10 71 16 39 51 0 2 36 33 115 96 91 66 6 22 62 58 37 108 85 68 4 67 95 50 86 32 77 92 64 21 87 107 44 45 57 5 76 111 94 56 63 60 11 59 49 47 79 97 30 52 34 89 24 38 53 93 99 55 13 98 42 72 117 78 90 69 102 35 112 83 84 116 26 7 100 31 105 43 61 119 28 27 103 3 29 65 8 17 80 73
10 35 77 12 19 68 5 21 105 112 62 73 7 17 25 28 18 24 75 11 43 58 109 76 47 13 3 119 4 52 87 9 31 40 6 81 113 84 15 100 79 53 51 70 71 65 99 74 67 89 104 16 29 90 22 1 85 95 54 66 106 83 33 23 111 107 38 20 14 56 116 118 110 64 2 46 55 26 80 32 72 101 115 97 102 39 117 61 34 27 93 44 59 96 91 82 69 0 78 94
94 26 114 4 109 60 91 10 34 12 67 5 29 77 111 28 14 31 112 73 89 46 9 96 21 52 86 92 100 16 87 36 88 27 76 0 57 97 24 58 23 17 43 13 32 63 37 56 110 75 90 30 104 18 19 78 59 39 55 98 61 47 118 38 93 41 70 3 108 53 49 11 54 69 82 66 80 83 113 74 15 85 79 45 71 116 44 117 103 95 101 84 20 68 65 22 2 115 48 1
10 12 119 76 74 8 92 118 53 113 48 87 112 63 35 82 1 5 17 97 24 95 26 67 78 20 101 39 15 45 11 30 83 106 66 68 19 56 6 99 89 54 64 36 16 109 51 42 108 62 79 88 61 81 57 14 105 85 37 104 90 107 65 25 84 75 91 13 80 93 38 86 47 44 40 71 60 110 115 111 7 9 103 50 58 116 77 21 72 34 28 33 100 41 22 73 46 18 49 29
74 42 89 80 106 50 63 31 82 13 117 67 78 91 46 62 3 77 26 95 37 73 70 96 84 28 49 11 40 101 33 38 32 72 107 81 53 99 41 29 98 14 39 68 52 108 5 113 22 16 24 4 23 75 10 97 47 83 88 64 110 115 109 90 59 103 1 76 12 19 51 57 118 21 20 104 45 61 7 56 94 0 27 8 119 71 9 55 116 93 65 66 54 60 112 86 17 111 25 69
1 98 89 58 66 3 97 26 71 52 114 110 90 20 84 82 25 40 109 10 61 102 67 65 35 42 74 13 8 63 69 48 47 104 7 101 93 78 115 36 116 50 83 88 87 100 9 80 108 94 0 2 105 111 73 19 12 55 96 22 62 34 5 44 53 18 118 32 39 75 117 56 17 41 95 68 92 57 106 51 11 81 24 27 6 77 59 70 33 29 45 16 64 103 49 60 72 14 91 99
88 58 113 34 57 45 64 32 82 74 7 8 13 36 28 99 19 110 75 43 81 93 1 54 118 6 42 55 104 98 11 100 108 116 119 50 41 112 101 2 91 83 73 22 15 48 79 66 27 115 5 29 77 30 40 65 21 49 95 59 3 70 63 106 12 37 20 76 114 52 26 61 105 117 103 23 78 38 39 96 111 80 85 87 90 35 94 56 71 97 10 84 33 47 53 72 102 24 17 18
43 107 76 79 70 2 28 13 21 68 46 62 56 32 15 88 82 10 27 113 18 17 86 104 26 109 78 112 7 30 69 6 95 42 64 14 37 31 115 84 8 102 100 59 71 114 39 101 83 40 72 77 99 12 116 92 103 0 111 118 9 97 53 34 54 55 50 66 29 48 87 52 1 93 98 49 85 96 65 57 20 47 110 81 11 80 63 90 119 38 74 41 51 73 89 4 22 94 61 25
113 10 44 74 14 22 84 116 90 19 65 55 53 38 86 11 20 102 2 88 33 1 15 49 23 110 92 103 17 43 52 73 82 71 115 9 54 7 24 83 18 72 62 69 5 58 100 67 51 106 26 61 0 45 46 85 36 40 97 37 108 91 13 112 117 64 98 80 107 16 8 4 63 30 39 57 95 59 6 101 76 109 87 105 111 119 118 34 77 66 31 3 75 21 50 56 29 28 32 35
20 13 117 7 40 57 75 47 107 46 2 113 99 60 115 103 85 22 101 83 66 28 112 51 118 78 58 31 91 82 3 17 76 98 95 19 111 9 5 49 16 119 110 44 106 52 1 108 69 62 14 32 50 39 30 41 88 59 63 61 34 35 80 29 93 37 105 26 70 68 102 74 90 65 96 0 104 8 11 36 77 21 56 53 116 6 100 4 81 64 84 72 55 73 38 18 54 25 94 48
17 91 8 79 94 76 50 114 27 84 34 4 113 57 108 3 103 29 12 69 92 85 73 119 111 100 46 97 109 110 88 2 10 21 11 99 9 48 43 81 0 77 35 59 16 70 19 71 44 61 104 106 86 87 49 33 105 89 56 23 65 112 45 39 55 15 26 40 25 74 6 54 30 13 62 66 98 52 14 63 102 116 38 93 22 118 58 64 117 18 95 7 80 60 115 47 53 1 101 78
76 33 40 17 42 34 70 72 28 6 63 57 7 58 105 5 64 112 61 55 104 32 51 2 4 113 14 84 101 90 78 85 114 96 9 79 62 98 91 3 8 75 74 80 47 117 52 93 53 29 86 36 49 41 23 12 60 45 26 1 21 39 19 59 10 106 81 107 20 118 48 25 11 108 31 115 94 65 56 97 100 103 119 30 13 24 88 111 44 37 67 99 71 46 83 43 15 110 38 89
81 93 47 103 27 88 109 51 71 9 87 57 73 78 84 61 79 55 117 82 86 60 66 15 36 113 50 65 0 58 22 95 43 54 92 75 102 56 105 59 24 110 77 67 63 116 49 112 6 45 89 38 23 111 4 69 20 1 100 8 72 19 91 97 76 98 2 108 104 83 70 119 18 114 41 13 31 106 101 30 37 25 48 33 12 39 46 64 118 80 85 44 53 34 14 11 94 52 90 62
100 95 26 54 11 108 81 21 82 7 39 2 31 3 55 48 78 1 115 35 86 20 75 76 91 63 67 33 64 98 56 47 71 70 94 40 53 118 0 24 117 4 88 12 65 25 9 8 68 34 29 107 45 17 41 90 5 51 23 110 18 93 102 106 99 89 16 52 13 113 38 116 73 79 92 50 69 19 6 105 111 74 96 59 27 58 119 83 104 28 36 61 22 77 42 60 112 101 14 10
109 20 110 13 88 2 81 32 53 16 40 113 22 107 79 52 34 57 83 33 93 5 103 70 11 7 28 84 85 30 101 55 112 67 63 100 50 12 47 0 58 64 65 44 92 1 43 91 48 89 62 82 46 80 14 102 106 31 23 60 104 56 95 35 116 19 115 114 61 21 118 73 74 86 76 117 72 42 51 18 99 77 119 90 75 10 78 41 25 26 49 69 36 27 111 8 6 96 37 105
49 59 38 36 92 107 5 71 89 30 54 110 86 112 108 22 43 114 95 119 102 56 40 19 3 6 47 73 72 76 42 2 80 21 11 55 1 46 31 85 104 81 75 26 66 8 45 12 18 57 35 41 67 29 37 20 74 111 13 25 94 39 91 90 48 51 83 17 84 58 78 116 87 50 98 23 34 44 113 7 109 101 93 14 117 77 60 16 70 27 99 68 32 69 96 103 28 61 24 63
79 116 94 58 53 49 83 92 91 95 84 67 7 5 77 118 29 16 43 88 44 10 109 105 26 72 117 34 65 57 87 0 15 24 56 110 80 19 70 89 98 42 64 21 25 101 113 41 37 61 71 8 14 82 74 93 40 36 18 9 73 45 78 48 112 39 66 106 97 6 4 81 85 52 55 103 102 107 99 47 51 119 38 54 3 63 20 32 115 75 90 22 59 50 33 46 68 17 76 69
40 107 43 41 65 95 58 80 89 1 48 93 17 21 9 32 2 84 101 28 113 30 81 105 103 62 102 49 11 53 18 69 7 112 117 114 97 55 33 98 16 50 56 34 79 83 104 71 75 90 15 14 73 37 109 19 64 86 45 39 68 78 23 8 57 74 3 4 63 24 116 106 60 29 82 115 38 118 26 92 72 35 6 36 77 87 31 96 91 27 88 51 0 44 85 61 66 99 25 67
9 87 70 45 96 102 64 18 41 35 46 3 81 111 119 62 94 75 50 89 65 10 117 85 23 57 99 5 4 15 48 77 7 90 112 115 20 16 32 30 36 44 67 66 49 17 71 55 88 108 21 116 27 103 100 58 31 56 2 84 43 98 68 6 63 54 25 11 42 28 53 76 110 60 19 73 38 33 29 79 80 78 37 8 118 13 40 97 101 1 113 26 0 22 107 52 91 59 86 93
13 18 59 64 37 10 101 63 103 89 32 43 42 50 117 80 49 94 91 22 17 15 102 30 6 3 110 115 72 119 93 74 114 11 104 90 88 107 99 61 46 31 2 108 73 23 106 70 12 1 38 7 44 75 97 52 98 116 79 112 77 19 28 53 27 118 96 25 45 76 4 71 109 87 113 16 65 34 41 21 9 92 51 5 0 67 95 48 33 20 85 68 24 66 14 62 105 47 111 82
4 2 114 55 100 58 53 40 77 23 111 115 92 81 34 113 102 86 98 116 59 29 109 101 24 74 85 66 118 43 82 73 48 45 25 26 17 8 119 88 47 42 83 64 54 15 57 117 107 0 89 50 21 28 112 36 72 75 65 84 49 18 19 5 78 106 61 69 33 110 95 37 70 12 13 10 27 96 105 67 11 39 52 22 31 51 44 94 71 46 32 62 38 6 104 93 68 108 1 76
87 45 75 109 50 106 116 69 95 16 33 51 15 59 10 8 90 93 79 77 47 49 110 67 27 58 40 62 98 118 102 14 81 43 66 36 103 57 119 53 96 6 48 63 54 84 70 42 86 2 4 64 65 74 80 68 83 91 26 3 56 11 82 39 35 88 100 37 71 101 19 21 114 92 104 89 1 105 29 0 28 117 61 76 112 41 78 25 5 73 32 94 38 108 99 9 72 111 55 20
46 35 72 43 23 96 80 91 4 34 44 59 114 64 117 70 1 2 3 51 73 56 87 14 94 48 62 37 99 28 5 116 68 52 108 88 76 78 81 21 12 84 9 27 106 110 32 92 71 112 100 31 105 0 29 19 25 39 33 67 55 83 98 79 26 30 41 60 97 11 10 113 16 111 38 50 13 63 90 42 57 22 89 93 115 107 6 118 17 75 7 15 77 82 86 95 53 66 85 47
57 5 0 74 113 17 84 116 91 56 55 53 102 99 26 12 115 39 24 73 82 62 107 111 67 15 30 109 96 94 69 4 58 60 13 47 1 42 41 18 43 119 25 77 112 14 19 2 51 40 34 61 100 59 104 83 81 37 23 54 45 16 79 29 101 48 8 117 97 9 11 108 33 90 35 65 6 95 52 118 7 92 85 75 38 22 44 28 76 80 50 89 31 27 10 71 103 78 49 3
92 80 100 45 57 97 75 17 98 9 71 34 3 78 79 12 26 31 13 99 74 29 22 65 118 106 83 24 53 111 28 109 119 46 25 35 0 108 112 102 88 72 14 115 23 84 1 68 90 69 101 116 77 96 58 114 7 49 117 63 60 89 86 61 62 27 44 41 37 103 52 11 48 59 76 110 91 19 10 33 5 82 16 67 43 113 2 87 18 21 32 40 42 51 38 54 104 93 94 20
65 105 20 104 38 83 61 26 115 79 35 95 0 57 84 103 87 59 60 11 118 51 58 111 80 66 2 101 113 94 102 5 76 78 86 33 47 28 16 106 37 1 97 46 30 96 42 93 89 4 85 36 24 44 90 14 43 67 92 23 18 27 63 15 77 73 81 119 54 72 48 71 13 55 116 98 31 22 100 6 99 21 88 62 50 45 7 3 109 64 19 32 68 75 39 108 117 70 114 49
61 4 45 119 12 57 55 115 66 46 42 54 70 83 90 93 116 101 62 20 100 52 43 40 94 50 102 77 78 39 53 24 14 109 19 59 87 97 15 68 35 9 13 63 6 67 49 27 31 114 85 17 65 71 72 91 69 8 81 10 111 74 36 75 99 3 56 1 89 11 117 105 32 64 7 16 29 108 106 5 103 2 41 0 107 21 118 92 58 44 51 23 82 84 76 88 18 112 28 22
34 89 48 101 23 43 58 29 14 73 33 8 24 108 78 99 103 12 38 41 13 51 5 69 62 0 47 40 94 30 85 68 16 87 64 4 55 110 54 32 50 106 27 82 18 77 86 6 118 20 116 105 9 113 61 39 26 102 75 98 96 2 93 107 17 117 59 84 57 95 35 71 104 81 119 70 111 90 19 45 80 115 21 79 83 10 36 114 49 42 109 44 88 53 15 65 11 28 37 97
34 41 53 92 35 30 73 11 36 111 51 25 58 0 19 101 115 42 66 98 39 63 116 94 88 65 107 17 28 102 9 48 24 104 85 83 56 33 70 7 74 79 109 50 46 20 18 108 31 47 78 3 86 95 81 82 112 96 43 87 118 54 100 8 10 67 55 4 97 72 5 44 26 45 64 22 106 110 119 117 13 32 29 93 16 2 21 89 37 27 59 57 103 105 23 84 75 69 49 61
25 52 115 55 76 9 62 88 93 38 83 103 77 63 47 26 36 31 22 105 81 21 99 79 67 39 54 37 34 14 111 112 91 106 68 89 49 60 92 48 117 65 19 78 3 50 4 51 100 66 27 61 5 73 75 85 2 0 56 98 101 87 74 10 64 20 109 113 18 72 45 116 114 35 102 16 40 69 33 119 97 6 23 110 24 108 11 57 96 86 42 71 32 29 80 58 118 43 107 90
29 45 4 2 95 34 65 21 28 13 107 51 101 119 1 67 32 102 59 81 30 98 26 73 42 72 99 108 76 116 15 83 14 19 89 93 118 90 85 6 27 18 53 115 41 88 8 112 25 24 22 3 33 100 84 9 50 75 70 87 57 94 44 91 12 43 5 38 17 7 80 48 111 103 114 56 39 61 0 58 16 20 71 31 105 23 64 69 92 54 37 110 46 60 62 36 96 10 49 86
87 15 6 106 34 73 50 109 86 21 71 102 99 41 62 66 97 77 32 92 18 43 118 7 22 56 60 70 10 54 100 52 38 115 108 93 67 31 20 119 64 58 95 114 117 42 48 44 110 19 63 61 29 69 45 49 107 83 55 40 79 112 81 84 53 82 88 78 80 28 5 9 76 16 57 3 51 1 75 26 14 47 13 96 101 68 37 85 33 36 74 90 35 113 17 30 25 105 39 11
4 77 105 78 60 54 84 2 22 99 43 92 7 85 59 39 46 21 53 18 6 110 62 72 3 32 86 69 82 63 108 38 8 26 30 57 5 68 16 73 34 19 48 93 65 15 14 98 113 42 94 83 33 90 107 58 23 12 64 51 10 52 87 111 67 100 112 41 71 95 74 88 13 27 76 20 47 106 80 0 37 81 117 45 101 1 70 50 89 115 103 114 35 9 56 40 49 109 116 66
12 53 77 113 11 72 83 79 46 41 63 26 90 110 100 4 43 27 105 15 10 81 20 76 64 88 24 107 112 92 60 39 82 62 45 80 91 44 2 23 98 42 36 66 74 114 70 93 84 49 22 40 111 119 17 29 48 78 31 115 116 50 52 32 59 75 33 3 25 35 101 8 118 34 58 102 89 67 51 95 9 68 57 13 86 54 117 96 56 94 85 87 108 61 99 97 21 14 38 69
50 22 26 61 51 96 112 10 80 101 19 111 13 88 2 119 48 37 98 85 99 14 30 107 40 95 54 78 41 109 33 75 86 17 64 29 25 62 68 59 118 76 104 4 84 81 102 8 110 46 67 72 36 44 27 42 89 38 11 83 24 97 63 105 74 91 94 32 60 114 52 20 53 15 16 9 28 39 21 55 35 87 5 31 70 65 69 92 58 100 77 103 108 56 71 3 117 116 7 45
56 12 40 17 102 118 63 28 24 18 55 8 106 86 78 92 45 5 57 53 113 30 80 82 46 109 100 95 111 119 37 2 21 62 16 74 13 7 52 15 36 72 94 3 19 65 79 41 35 43 42 58 9 47 90 27 88 69 103 76 101 38 108 44 25 83 0 70 31 10 99 26 73 71 104 114 34 6 105 87 1 49 23 11 116 20 117 33 110 66 50 84 81 32 60 54 68 61 97 98
116 26 65 11 48 35 56 22 71 119 77 113 61 95 58 8 59 111 92 45 69 93 53 20 31 2 107 72 49 54 70 73 38 114 78 23 50 82 13 7 51 104 33 43 103 90 39 57 102 75 66 117 46 34 109 85 83 32 63 30 14 5 60 40 74 0 29 15 55 99 4 108 110 96 16 3 115 98 9 112 41 47 87 89 52 18 86 101 68 44 12 81 42 27 10 91 118 21 6 62
66 56 104 76 8 111 69 58 108 78 30 99 53 70 2 81 7 60 27 20 57 51 82 23 42 93 31 59 12 47 73 24 67 61 5 0 119 13 77 45 21 40 33 72 11 32 17 18 10 105 113 107 89 25 85 109 102 112 52 63 98 9 110 28 22 88 74 43 92 26 50 103 86 36 48 64 96 14 68 118 116 41 39 97 46 114 95 106 4 90 94 55 54 91 34 3 80 6 15 38
16 4 35 71 96 109 62 111 90 94 39 8 99 77 61 66 19 79 98 32 5 13 53 40 81 73 30 114 23 56 68 29 118 12 24 34 9 107 75 67 49 82 87 105 6 44 48 93 52 106 25 88 18 21 50 11 27 7 55 92 38 57 37 41 89 3 76 33 60 70 91 2 42 63 15 14 54 80 97 83 20 95 17 102 22 58 45 74 46 100 113 108 110 31 119 101 65 72 103 117
