Interval=	0.00025 s
ExcelDateTime=	4.2696564851361203e+004	11/22/2016 13:33:23.157608
TimeFormat=	StartOfBlock
DateFormat=	
ChannelTitle=	RMG	Stim
Range=	10.000 V	10.000 V
29.2175	1.123	0.000
29.21775	1.097	0.000
29.218	1.080	0.000
29.21825	1.071	0.000
29.2185	1.062	0.000
29.21875	1.045	0.001
29.219	0.998	0.000
29.21925	0.926	0.000
29.2195	0.840	0.000
29.21975	0.755	0.001
29.22	0.677	0.000
29.22025	0.612	0.000
29.2205	0.564	0.000
29.22075	0.532	-0.000
29.221	0.529	0.000
29.22125	0.553	0.000
29.2215	0.591	0.000
29.22175	0.620	-0.000
29.222	0.629	0.000
29.22225	0.629	-0.000
29.2225	0.627	0.000
29.22275	0.623	0.000
29.223	0.614	0.001
29.22325	0.601	0.001
29.2235	0.584	0.000
29.22375	0.566	0.000
29.224	0.551	0.000
29.22425	0.542	0.001
29.2245	0.540	0.000
29.22475	0.541	0.000
29.225	0.545	0.001
29.22525	0.550	0.000
29.2255	0.545	0.001
29.22575	0.522	0.000
29.226	0.482	-0.000
29.22625	0.440	0.000
29.2265	0.404	0.000
29.22675	0.384	0.001
29.227	0.385	0.000
29.22725	0.402	0.000
29.2275	0.424	0.000
29.22775	0.449	0.001
29.228	0.482	0.001
29.22825	0.517	0.001
29.2285	0.547	0.001
29.22875	0.574	0.001
29.229	0.599	0.000
29.22925	0.631	0.000
29.2295	0.667	0.000
29.22975	0.694	0.001
29.23	0.699	0.000
29.23025	0.681	0.000
29.2305	0.652	0.000
29.23075	0.625	0.001
29.231	0.595	0.000
29.23125	0.558	0.000
29.2315	0.511	0.000
29.23175	0.454	0.000
29.232	0.392	0.000
29.23225	0.318	0.000
29.2325	0.221	0.000
29.23275	0.092	0.000
29.233	-0.045	0.000
29.23325	-0.170	0.000
29.2335	-0.268	-0.000
29.23375	-0.338	0.001
29.234	-0.385	0.000
29.23425	-0.424	0.000
29.2345	-0.464	0.000
29.23475	-0.480	0.000
29.235	-0.448	0.000
29.23525	-0.341	0.000
29.2355	-0.150	0.000
29.23575	0.073	-0.000
29.236	0.274	0.000
29.23625	0.409	0.000
29.2365	0.446	4.956
29.23675	0.663	4.957
29.237	0.606	0.000
29.23725	0.504	0.000
29.2375	0.423	0.001
29.23775	0.361	0.000
29.238	0.316	0.001
29.23825	0.270	0.000
29.2385	0.181	0.000
29.23875	0.017	0.000
29.239	-0.227	0.000
29.23925	-0.507	-0.000
29.2395	-0.756	0.000
29.23975	-0.953	0.000
29.24	-1.060	0.000
29.24025	-0.992	0.000
29.2405	-0.714	0.000
29.24075	-0.331	0.000
29.241	-0.043	0.001
29.24125	-0.044	0.000
29.2415	-0.433	-0.000
29.24175	-1.154	0.000
29.242	-1.921	0.000
29.24225	-2.317	0.000
29.2425	-2.061	0.000
29.24275	-1.122	0.000
29.243	0.265	0.000
29.24325	1.701	0.000
29.2435	2.873	0.000
29.24375	3.650	0.001
29.244	4.083	0.000
29.24425	4.221	-0.000
29.2445	4.074	0.000
29.24475	3.772	0.001
29.245	3.423	0.000
29.24525	3.092	0.000
29.2455	2.806	0.000
29.24575	2.579	0.000
29.246	2.419	0.001
29.24625	2.303	0.001
29.2465	2.205	0.000
29.24675	2.105	0.000
29.247	2.000	0.000
29.24725	1.895	0.000
29.2475	1.796	0.001
29.24775	1.713	0.001
29.248	1.649	0.000
29.24825	1.607	0.001
29.2485	1.579	0.001
29.24875	1.558	0.000
29.249	1.540	0.000
29.24925	1.530	0.000
29.2495	1.535	0.000
29.24975	1.555	0.001
29.25	1.595	0.000
29.25025	1.653	0.001
29.2505	1.762	0.001
29.25075	1.968	0.000
29.251	2.204	0.001
29.25125	2.396	0.001
29.2515	2.516	0.000
29.25175	2.573	0.001
29.252	2.575	0.000
29.25225	2.519	0.001
29.2525	2.425	0.000
29.25275	2.324	0.000
29.253	2.253	0.001
29.25325	2.226	0.000
29.2535	2.230	0.001
29.25375	2.253	0.000
29.254	2.284	0.000
29.25425	2.304	-0.000
29.2545	2.305	0.000
29.25475	2.292	0.001
29.255	2.272	0.001
29.25525	2.273	0.000
29.2555	2.291	0.000
29.25575	2.290	0.000
29.256	2.223	0.000
29.25625	2.032	0.000
29.2565	1.730	0.001
29.25675	1.393	0.001
29.257	1.090	0.001
29.25725	0.893	0.000
29.2575	0.826	0.000
29.25775	0.836	0.000
29.258	0.866	0.001
29.25825	0.872	0.001
29.2585	0.830	0.001
29.25875	0.741	0.000
29.259	0.636	0.000
29.25925	0.552	0.000
29.2595	0.508	0.000
29.25975	0.507	0.000
29.26	0.507	-0.000
29.26025	0.518	0.001
29.2605	0.570	0.000
29.26075	0.634	0.001
29.261	0.567	0.000
29.26125	0.287	0.000
29.2615	-0.103	4.956
29.26175	-0.275	4.958
29.262	-0.790	0.001
29.26225	-1.398	0.001
29.2625	-1.911	0.000
29.26275	-2.212	0.000
29.263	-2.216	0.001
29.26325	-1.980	0.000
29.2635	-1.670	0.000
29.26375	-1.454	0.000
29.264	-1.402	0.000
29.26425	-1.417	0.000
29.2645	-1.409	0.000
29.26475	-1.304	0.000
29.265	-1.079	0.000
29.26525	-0.834	0.000
29.2655	-0.549	0.000
29.26575	-0.375	0.001
29.266	-0.786	0.000
29.26625	-2.040	0.000
29.2665	-3.879	0.000
29.26675	-5.635	0.001
29.267	-6.719	-0.000
29.26725	-6.874	0.000
29.2675	-6.057	0.001
29.26775	-4.485	0.000
29.268	-2.568	0.000
29.26825	-0.681	0.000
29.2685	0.951	0.001
29.26875	2.234	0.000
29.269	3.180	0.000
29.26925	3.823	-0.000
29.2695	4.199	0.001
29.26975	4.361	0.000
29.27	4.385	0.001
29.27025	4.298	0.000
29.2705	4.121	0.000
29.27075	3.892	0.001
29.271	3.662	0.000
29.27125	3.441	0.001
29.2715	3.220	0.001
29.27175	2.990	0.000
29.272	2.755	0.000
29.27225	2.526	0.000
29.2725	2.318	0.000
29.27275	2.140	0.000
29.273	1.987	0.001
29.27325	1.861	0.000
29.2735	1.767	0.000
29.27375	1.698	0.001
29.274	1.658	0.000
29.27425	1.647	0.000
29.2745	1.660	0.000
29.27475	1.696	0.000
29.275	1.744	0.001
29.27525	1.799	0.001
29.2755	1.884	0.001
29.27575	1.978	0.001
29.276	1.937	0.000
29.27625	1.707	0.000
29.2765	1.298	0.000
29.27675	0.825	0.001
29.277	0.433	0.001
29.27725	0.153	0.000
29.2775	0.022	0.000
29.27775	0.046	0.000
29.278	0.133	-0.000
29.27825	0.250	0.000
29.2785	0.427	0.001
29.27875	0.690	0.000
29.279	1.024	-0.000
29.27925	1.428	0.000
29.2795	1.901	0.000
29.27975	2.395	0.000
29.28	2.857	0.000
29.28025	3.321	0.000
29.2805	3.675	0.000
29.28075	3.744	0.001
29.281	3.453	0.001
29.28125	2.859	0.000
29.2815	2.156	0.000
29.28175	1.564	0.001
29.282	1.185	0.000
29.28225	1.018	0.000
29.2825	1.020	0.000
29.28275	1.133	-0.000
29.283	1.304	0.000
29.28325	1.524	0.001
29.2835	1.776	0.000
29.28375	2.024	0.000
29.284	2.239	0.001
29.28425	2.400	0.000
29.2845	2.514	0.001
29.28475	2.567	-0.000
29.285	2.443	0.000
29.28525	2.087	0.000
29.2855	1.562	0.001
29.28575	0.997	0.001
29.286	0.474	0.000
29.28625	0.070	0.000
29.2865	-0.209	4.955
29.28675	-0.125	4.957
29.287	-0.206	0.001
29.28725	-0.256	0.001
29.2875	-0.203	0.001
29.28775	-0.113	0.001
29.288	0.046	0.000
29.28825	0.367	0.000
29.2885	0.628	0.000
29.28875	0.470	0.000
29.289	-0.195	0.001
29.28925	-1.144	0.000
29.2895	-1.975	0.000
29.28975	-2.443	0.000
29.29	-2.453	0.000
29.29025	-1.887	0.000
29.2905	-0.785	0.000
29.29075	0.541	0.000
29.291	1.727	0.000
29.29125	2.286	0.001
29.2915	2.047	0.000
29.29175	1.255	0.000
29.292	0.397	0.001
29.29225	-0.259	0.001
29.2925	-0.536	0.000
29.29275	-0.263	0.001
29.293	0.449	0.000
29.29325	1.368	0.000
29.2935	2.290	0.000
29.29375	3.084	0.000
29.294	3.708	0.000
29.29425	4.158	0.000
29.2945	4.442	0.001
29.29475	4.563	0.000
29.295	4.553	0.000
29.29525	4.469	0.000
29.2955	4.357	0.000
29.29575	4.256	0.001
29.296	4.169	0.001
29.29625	4.078	0.000
29.2965	3.964	0.001
29.29675	3.815	0.000
29.297	3.639	0.001
29.29725	3.453	0.000
29.2975	3.268	0.001
29.29775	3.096	0.000
29.298	2.941	0.000
29.29825	2.795	0.000
29.2985	2.622	0.001
29.29875	2.409	0.001
29.299	2.152	0.001
29.29925	1.743	0.000
29.2995	1.145	-0.000
29.29975	0.408	0.001
29.3	-0.346	0.001
29.30025	-0.924	0.001
29.3005	-1.168	0.000
29.30075	-1.048	0.000
29.301	-0.650	0.001
29.30125	-0.068	0.001
29.3015	0.600	0.000
29.30175	1.214	0.000
29.302	1.655	-0.000
29.30225	1.860	0.001
29.3025	1.867	0.000
29.30275	1.748	0.001
29.303	1.622	0.001
29.30325	1.573	0.000
29.3035	1.608	0.001
29.30375	1.710	0.000
29.304	1.873	0.000
29.30425	2.078	0.000
29.3045	2.284	0.000
29.30475	2.463	0.001
29.305	2.588	0.000
29.30525	2.653	0.000
29.3055	2.673	0.000
29.30575	2.668	0.000
29.306	2.644	0.000
29.30625	2.600	0.000
29.3065	2.525	0.000
29.30675	2.425	0.000
29.307	2.301	-0.000
29.30725	2.085	0.000
29.3075	1.760	0.001
29.30775	1.368	0.001
29.308	0.996	0.000
29.30825	0.716	0.000
29.3085	0.540	0.000
29.30875	0.458	0.000
29.309	0.485	0.000
29.30925	0.664	0.000
29.3095	0.976	0.000
29.30975	1.331	-0.000
29.31	1.657	0.000
29.31025	1.919	0.000
29.3105	2.126	0.000
29.31075	2.283	0.000
29.311	2.394	0.001
29.31125	2.469	0.000
29.3115	2.532	4.956
29.31175	2.860	4.957
29.312	2.916	0.000
29.31225	2.876	0.001
29.3125	2.822	0.001
29.31275	2.788	0.001
29.313	2.773	0.000
29.31325	2.762	0.000
29.3135	2.733	0.000
29.31375	2.677	0.000
29.314	2.602	0.001
29.31425	2.520	0.000
29.3145	2.447	0.000
29.31475	2.388	0.000
29.315	2.353	0.000
29.31525	2.316	0.000
29.3155	2.166	0.000
29.31575	1.674	0.000
29.316	0.816	0.000
29.31625	-0.334	0.000
29.3165	-1.698	0.001
29.31675	-3.028	0.001
29.317	-4.011	0.000
29.31725	-4.417	0.001
29.3175	-4.199	0.000
29.31775	-3.476	0.000
29.318	-2.445	0.000
29.31825	-1.298	0.000
29.3185	-0.202	0.000
29.31875	0.772	0.000
29.319	1.597	0.000
29.31925	2.257	0.000
29.3195	2.756	0.000
29.31975	3.126	0.000
29.32	3.380	0.000
29.32025	3.518	0.000
29.3205	3.561	0.000
29.32075	3.499	0.001
29.321	3.334	-0.000
29.32125	3.069	0.001
29.3215	2.657	0.000
29.32175	2.123	0.000
29.322	1.578	0.000
29.32225	1.098	0.000
29.3225	0.665	0.000
29.32275	0.302	0.000
29.323	0.072	-0.000
29.32325	0.022	0.000
29.3235	0.112	0.001
29.32375	0.255	0.000
29.324	0.418	0.000
29.32425	0.592	0.000
29.3245	0.654	0.000
29.32475	0.552	0.000
29.325	0.347	-0.000
29.32525	0.068	0.000
29.3255	-0.188	0.001
29.32575	-0.242	-0.000
29.326	-0.201	0.000
29.32625	-0.527	0.000
29.3265	-1.424	0.000
29.32675	-2.628	0.000
29.327	-3.730	0.000
29.32725	-4.457	0.001
29.3275	-4.667	0.001
29.32775	-4.401	0.000
29.328	-3.742	0.001
29.32825	-2.787	0.000
29.3285	-1.834	0.000
29.32875	-1.150	0.001
29.329	-0.751	0.001
29.32925	-0.482	0.001
29.3295	-0.201	0.000
29.32975	0.188	-0.000
29.33	0.687	0.000
29.33025	1.094	0.000
29.3305	1.263	0.000
29.33075	1.207	0.000
29.331	0.972	0.000
29.33125	0.643	0.001
29.3315	0.320	0.000
29.33175	0.068	0.000
29.332	-0.044	0.000
29.33225	0.026	0.000
29.3325	0.254	0.000
29.33275	0.597	0.000
29.333	1.002	0.000
29.33325	1.381	0.000
29.3335	1.638	0.000
29.33375	1.778	0.000
29.334	1.870	0.000
29.33425	1.953	0.000
29.3345	2.038	0.000
29.33475	2.150	0.000
29.335	2.267	0.001
29.33525	2.359	0.001
29.3355	2.467	0.001
29.33575	2.427	0.001
29.336	1.892	0.001
29.33625	0.689	0.001
29.3365	-0.957	4.955
29.33675	-2.271	4.957
29.337	-3.310	0.001
29.33725	-3.747	0.001
29.3375	-3.697	0.000
29.33775	-3.439	0.000
29.338	-3.062	0.001
29.33825	-2.546	0.000
29.3385	-2.013	0.000
29.33875	-1.572	0.001
29.339	-1.298	0.001
29.33925	-1.287	0.000
29.3395	-1.407	0.000
29.33975	-1.442	0.000
29.34	-1.308	0.000
29.34025	-0.944	0.000
29.3405	-0.392	0.000
29.34075	0.009	0.000
29.341	-0.080	0.000
29.34125	-0.778	0.000
29.3415	-1.740	0.001
29.34175	-2.374	0.000
29.342	-2.387	0.000
29.34225	-1.813	0.000
29.3425	-0.752	0.001
29.34275	0.525	0.001
29.343	1.744	0.000
29.34325	2.769	0.000
29.3435	3.529	0.001
29.34375	4.018	0.000
29.344	4.279	0.001
29.34425	4.380	-0.000
29.3445	4.370	0.000
29.34475	4.270	0.000
29.345	4.107	0.000
29.34525	3.906	0.000
29.3455	3.680	0.000
29.34575	3.443	0.000
29.346	3.222	0.000
29.34625	3.020	0.000
29.3465	2.827	0.000
29.34675	2.640	0.000
29.347	2.465	0.000
29.34725	2.305	0.000
29.3475	2.165	0.000
29.34775	2.046	0.000
29.348	1.948	0.000
29.34825	1.868	0.001
29.3485	1.811	0.001
29.34875	1.775	0.000
29.349	1.762	0.001
29.34925	1.771	0.001
29.3495	1.797	0.000
29.34975	1.821	-0.000
29.35	1.777	0.000
29.35025	1.606	0.000
29.3505	1.318	0.000
29.35075	1.052	0.001
29.351	0.890	-0.000
29.35125	0.702	0.000
29.3515	0.319	0.000
29.35175	-0.181	0.000
29.352	-0.603	0.000
29.35225	-0.839	0.000
29.3525	-0.979	0.000
29.35275	-1.166	0.001
29.353	-1.406	0.000
29.35325	-1.762	0.000
29.3535	-2.110	0.000
29.35375	-2.236	0.001
29.354	-2.103	0.000
29.35425	-1.822	0.001
29.3545	-1.437	0.000
29.35475	-0.894	0.001
29.355	-0.172	0.000
29.35525	0.661	0.001
29.3555	1.464	0.000
29.35575	2.129	0.000
29.356	2.608	0.001
29.35625	2.857	0.000
29.3565	2.914	0.000
29.35675	2.873	0.000
29.357	2.813	0.000
29.35725	2.738	0.000
29.3575	2.612	0.000
29.35775	2.447	0.001
29.358	2.282	0.000
29.35825	2.127	0.001
29.3585	1.948	0.001
29.35875	1.677	0.001
29.359	1.286	0.000
29.35925	0.861	0.000
29.3595	0.512	0.000
29.35975	0.225	0.000
29.36	-0.046	0.000
29.36025	-0.384	0.000
29.3605	-0.806	0.000
29.36075	-1.160	0.000
29.361	-1.295	0.000
29.36125	-1.232	-0.000
29.3615	-1.080	4.956
29.36175	-0.676	4.957
29.362	-0.579	0.001
29.36225	-0.545	0.001
29.3625	-0.422	0.000
29.36275	-0.222	0.001
29.363	-0.216	0.001
29.36325	-0.581	0.000
29.3635	-1.292	0.000
29.36375	-2.285	0.001
29.364	-3.241	0.000
29.36425	-3.810	0.000
29.3645	-3.835	0.000
29.36475	-3.410	0.001
29.365	-2.689	0.001
29.36525	-1.903	0.000
29.3655	-1.342	0.000
29.36575	-1.276	0.000
29.366	-1.705	0.000
29.36625	-2.522	0.000
29.3665	-3.455	0.000
29.36675	-4.123	0.000
29.367	-4.229	0.001
29.36725	-3.584	0.001
29.3675	-2.257	0.000
29.36775	-0.592	-0.000
29.368	1.097	0.000
29.36825	2.590	0.000
29.3685	3.759	-0.000
29.36875	4.582	0.001
29.369	5.106	0.000
29.36925	5.396	0.000
29.3695	5.510	0.000
29.36975	5.472	0.000
29.37	5.323	0.001
29.37025	5.103	0.001
29.3705	4.842	0.000
29.37075	4.557	0.000
29.371	4.270	0.000
29.37125	3.990	0.001
29.3715	3.711	-0.000
29.37175	3.429	0.001
29.372	3.147	0.000
29.37225	2.877	0.001
29.3725	2.622	0.000
29.37275	2.387	0.000
29.373	2.167	0.000
29.37325	1.946	0.001
29.3735	1.674	0.000
29.37375	1.263	0.001
29.374	0.752	0.000
29.37425	0.268	0.001
29.3745	-0.185	0.000
29.37475	-0.606	0.000
29.375	-0.934	0.001
29.37525	-1.080	0.000
29.3755	-1.015	0.000
29.37575	-0.788	0.000
29.376	-0.450	-0.000
29.37625	-0.036	0.000
29.3765	0.387	0.001
29.37675	0.796	0.000
29.377	1.185	0.001
29.37725	1.531	0.001
29.3775	1.730	0.001
29.37775	1.656	0.001
29.378	1.166	0.001
29.37825	0.195	0.000
29.3785	-0.867	0.000
29.37875	-1.614	0.000
29.379	-2.032	0.000
29.37925	-2.267	0.000
29.3795	-2.386	0.001
29.37975	-2.321	0.000
29.38	-2.045	0.000
29.38025	-1.568	0.000
29.3805	-0.892	0.000
29.38075	-0.012	-0.000
29.381	0.885	0.000
29.38125	1.454	0.000
29.3815	1.528	0.000
29.38175	1.256	0.000
29.382	0.928	0.001
29.38225	0.740	0.000
29.3825	0.811	0.001
29.38275	1.140	0.000
29.383	1.641	0.000
29.38325	2.153	0.001
29.3835	2.485	0.000
29.38375	2.564	0.000
29.384	2.385	-0.000
29.38425	2.027	-0.000
29.3845	1.653	0.000
29.38475	1.393	0.000
29.385	1.390	0.000
29.38525	1.525	0.000
29.3855	1.568	0.000
29.38575	1.376	0.000
29.386	0.935	0.000
29.38625	0.453	0.000
29.3865	0.147	4.955
29.38675	0.326	4.957
29.387	0.292	0.001
29.38725	0.112	0.000
29.3875	-0.079	0.001
29.38775	-0.159	0.001
29.388	-0.038	0.001
29.38825	0.237	0.001
29.3885	0.492	0.000
29.38875	0.627	0.000
29.389	0.719	0.001
29.38925	0.841	0.000
29.3895	0.854	0.000
29.38975	0.543	0.000
29.39	-0.037	0.001
29.39025	-0.746	0.000
29.3905	-1.582	0.000
29.39075	-2.582	0.000
29.391	-3.783	0.000
29.39125	-4.924	0.000
29.3915	-5.721	0.000
29.39175	-5.975	0.001
29.392	-5.463	0.000
29.39225	-4.190	0.001
29.3925	-2.447	0.000
29.39275	-0.594	0.000
29.393	1.138	-0.000
29.39325	2.613	0.000
29.3935	3.751	0.000
29.39375	4.549	0.001
29.394	5.069	0.000
29.39425	5.367	0.001
29.3945	5.489	0.001
29.39475	5.485	0.000
29.395	5.402	0.000
29.39525	5.270	0.000
29.3955	5.102	0.000
29.39575	4.909	-0.000
29.396	4.716	0.001
29.39625	4.527	0.001
29.3965	4.330	0.000
29.39675	4.116	0.000
29.397	3.887	0.000
29.39725	3.648	0.001
29.3975	3.399	0.001
29.39775	3.148	0.001
29.398	2.904	0.000
29.39825	2.676	0.000
29.3985	2.467	0.000
29.39875	2.277	-0.000
29.399	2.069	0.000
29.39925	1.838	0.000
29.3995	1.636	0.000
29.39975	1.260	0.000
29.4	0.484	0.000
29.40025	-0.541	0.000
29.4005	-1.482	0.000
29.40075	-2.052	0.000
29.401	-2.128	0.001
29.40125	-1.840	0.000
29.4015	-1.480	0.000
29.40175	-1.185	0.000
29.402	-0.932	0.000
29.40225	-0.574	0.000
29.4025	-0.118	0.000
29.40275	0.220	0.000
29.403	0.146	0.001
29.40325	-0.569	0.001
29.4035	-1.905	0.000
29.40375	-3.484	0.000
29.404	-4.728	0.001
29.40425	-5.207	-0.000
29.4045	-4.838	0.000
29.40475	-3.822	0.000
29.405	-2.448	0.000
29.40525	-0.904	0.000
29.4055	0.649	0.000
29.40575	2.028	0.001
29.406	3.118	-0.000
29.40625	3.889	0.001
29.4065	4.350	0.000
29.40675	4.522	0.000
29.407	4.488	0.000
29.40725	4.347	0.000
29.4075	4.154	0.000
29.40775	3.942	0.001
29.408	3.735	0.001
29.40825	3.559	0.000
29.4085	3.413	0.000
29.40875	3.249	0.000
29.409	2.918	0.001
29.40925	2.393	0.000
29.4095	1.810	0.000
29.40975	1.258	0.000
29.41	0.864	0.001
29.41025	0.577	0.000
29.4105	0.162	0.000
29.41075	-0.438	0.000
29.411	-1.177	0.000
29.41125	-1.919	0.000
29.4115	-2.412	4.956
29.41175	-2.271	4.958
29.412	-2.077	0.001
29.41225	-1.743	0.001
29.4125	-1.251	0.001
29.41275	-0.805	0.001
29.413	-0.555	0.001
29.41325	-0.437	0.001
29.4135	-0.302	0.000
29.41375	-0.108	0.001
29.414	0.128	0.001
29.41425	0.417	0.000
29.4145	0.815	0.000
29.41475	1.209	0.000
29.415	1.282	0.001
29.41525	0.935	0.000
29.4155	0.176	0.000
29.41575	-1.027	0.000
29.416	-2.537	0.001
29.41625	-4.059	-0.000
29.4165	-5.167	0.000
29.41675	-5.508	0.000
29.417	-4.981	0.000
29.41725	-3.756	-0.000
29.4175	-2.106	0.000
29.41775	-0.320	0.000
29.418	1.338	0.000
29.41825	2.744	0.000
29.4185	3.845	0.000
29.41875	4.647	0.000
29.419	5.197	0.000
29.41925	5.517	0.000
29.4195	5.624	0.000
29.41975	5.570	0.000
29.42	5.405	0.000
29.42025	5.163	-0.000
29.4205	4.882	0.000
29.42075	4.598	0.001
29.421	4.334	-0.000
29.42125	4.088	0.000
29.4215	3.844	0.000
29.42175	3.586	0.000
29.422	3.308	0.000
29.42225	3.023	0.001
29.4225	2.739	0.000
29.42275	2.459	0.000
29.423	2.194	0.000
29.42325	1.952	-0.000
29.4235	1.737	0.001
29.42375	1.553	0.000
29.424	1.391	0.000
29.42425	1.173	0.000
29.4245	0.845	0.000
29.42475	0.444	-0.000
29.425	0.077	-0.000
29.42525	-0.170	0.000
29.4255	-0.446	0.001
29.42575	-0.963	0.000
29.426	-1.741	0.000
29.42625	-2.562	0.001
29.4265	-3.069	0.000
29.42675	-3.104	0.000
29.427	-2.764	0.001
29.42725	-2.302	0.000
29.4275	-1.992	0.000
29.42775	-2.032	0.001
29.428	-2.362	0.001
29.42825	-2.851	0.000
29.4285	-3.252	0.000
29.42875	-3.317	0.000
29.429	-2.961	0.000
29.42925	-2.178	0.000
29.4295	-0.947	0.000
29.42975	0.568	0.001
29.43	2.087	0.000
29.43025	3.401	0.001
29.4305	4.417	0.000
29.43075	5.111	0.000
29.431	5.489	0.000
29.43125	5.567	0.000
29.4315	5.427	0.000
29.43175	5.189	0.001
29.432	4.947	0.000
29.43225	4.803	0.000
29.4325	4.693	0.000
29.43275	4.470	0.000
29.433	4.022	0.000
29.43325	3.377	0.000
29.4335	2.660	0.000
29.43375	1.999	0.000
29.434	1.461	0.000
29.43425	1.041	0.000
29.4345	0.693	0.000
29.43475	0.288	0.000
29.435	-0.338	0.000
29.43525	-1.154	0.001
29.4355	-1.986	0.000
29.43575	-2.656	0.000
29.436	-3.051	0.000
29.43625	-3.104	0.000
29.4365	-2.860	4.956
29.43675	-2.112	4.957
29.437	-1.576	0.001
29.43725	-1.180	0.001
29.4375	-0.890	0.000
29.43775	-0.645	0.000
29.438	-0.294	0.000
29.43825	0.213	0.001
29.4385	0.699	0.001
29.43875	0.965	0.000
29.439	0.951	0.001
29.43925	0.758	-0.000
29.4395	0.563	0.000
29.43975	0.463	0.000
29.44	0.380	0.000
29.44025	0.275	0.000
29.4405	0.290	0.000
29.44075	0.322	0.000
29.441	0.052	0.000
29.44125	-0.646	0.001
29.4415	-1.580	0.001
29.44175	-2.414	0.000
29.442	-2.761	0.000
29.44225	-2.449	0.000
29.4425	-1.626	0.000
29.44275	-0.524	0.000
29.443	0.649	0.001
29.44325	1.726	0.000
29.4435	2.610	0.000
29.44375	3.285	0.000
29.444	3.763	0.000
29.44425	4.072	0.000
29.4445	4.249	0.000
29.44475	4.318	0.001
29.445	4.299	0.000
29.44525	4.223	0.000
29.4455	4.122	-0.000
29.44575	4.007	0.000
29.446	3.894	0.001
29.44625	3.787	0.000
29.4465	3.673	0.001
29.44675	3.542	-0.000
29.447	3.390	0.000
29.44725	3.223	0.000
29.4475	3.047	0.000
29.44775	2.864	0.000
29.448	2.679	0.001
29.44825	2.504	0.001
29.4485	2.350	0.001
29.44875	2.223	0.000
29.449	2.122	0.000
29.44925	2.041	0.000
29.4495	1.957	0.000
29.44975	1.793	0.000
29.45	1.522	-0.000
29.45025	1.121	0.000
29.4505	0.563	0.000
29.45075	-0.111	0.000
29.451	-0.937	0.000
29.45125	-1.940	0.000
29.4515	-2.955	-0.000
29.45175	-3.823	0.000
29.452	-4.328	0.000
29.45225	-4.289	0.000
29.4525	-3.709	0.000
29.45275	-2.764	0.000
29.453	-1.718	0.000
29.45325	-0.749	0.000
29.4535	0.060	0.001
29.45375	0.622	0.000
29.454	0.919	0.000
29.45425	0.975	0.000
29.4545	0.931	0.000
29.45475	0.977	0.000
29.455	1.252	0.000
29.45525	1.745	0.000
29.4555	2.366	0.000
29.45575	2.990	0.000
29.456	3.400	0.000
29.45625	3.318	0.001
29.4565	2.725	-0.000
29.45675	1.796	0.000
29.457	0.799	0.001
29.45725	0.074	0.001
29.4575	-0.173	0.000
29.45775	-0.042	0.000
29.458	0.266	-0.000
29.45825	0.536	0.000
29.4585	0.698	0.000
29.45875	0.784	0.000
29.459	0.822	0.000
29.45925	0.836	0.000
29.4595	0.856	0.000
29.45975	0.867	0.001
29.46	0.818	0.001
29.46025	0.615	0.000
29.4605	0.217	0.000
29.46075	-0.327	0.000
29.461	-0.906	0.000
29.46125	-1.401	0.001
29.4615	-1.695	4.956
29.46175	-1.410	4.957
29.462	-1.077	0.001
29.46225	-0.593	0.000
29.4625	-0.063	0.000
29.46275	0.364	0.000
29.463	0.671	0.000
29.46325	0.940	0.000
29.4635	1.188	0.000
29.46375	1.454	0.001
29.464	1.786	0.000
29.46425	2.086	0.000
29.4645	2.188	0.000
29.46475	2.062	0.000
29.465	1.812	0.000
29.46525	1.631	0.001
29.4655	1.668	0.001
29.46575	1.763	0.000
29.466	1.501	0.000
29.46625	0.607	0.000
29.4665	-0.754	0.000
29.46675	-2.024	0.000
29.467	-2.670	0.000
29.46725	-2.509	0.001
29.4675	-1.723	0.000
29.46775	-0.576	0.000
29.468	0.706	0.000
29.46825	1.888	0.000
29.4685	2.818	0.000
29.46875	3.468	0.001
29.469	3.894	0.000
29.46925	4.159	-0.000
29.4695	4.305	0.001
29.46975	4.357	0.000
29.47	4.337	0.000
29.47025	4.265	0.000
29.4705	4.160	0.001
29.47075	4.041	0.000
29.471	3.927	0.000
29.47125	3.816	0.001
29.4715	3.697	0.000
29.47175	3.557	0.001
29.472	3.399	0.000
29.47225	3.233	0.001
29.4725	3.064	0.000
29.47275	2.893	0.000
29.473	2.753	0.001
29.47325	2.592	0.000
29.4735	2.203	0.000
29.47375	1.531	0.000
29.474	0.631	-0.000
29.47425	-0.347	0.000
29.4745	-1.201	0.000
29.47475	-1.758	0.000
29.475	-1.950	0.000
29.47525	-1.819	0.001
29.4755	-1.516	-0.000
29.47575	-1.258	-0.000
29.476	-1.154	0.000
29.47625	-1.118	0.000
29.4765	-1.030	0.001
29.47675	-0.796	0.001
29.477	-0.492	0.001
29.47725	-0.203	0.000
29.4775	0.069	0.001
29.47775	0.205	0.000
29.478	0.109	0.000
29.47825	-0.093	0.000
29.4785	-0.395	0.000
29.47875	-0.891	0.000
29.479	-1.423	0.000
29.47925	-1.845	0.000
29.4795	-2.008	0.000
29.47975	-1.796	0.000
29.48	-1.239	0.000
29.48025	-0.434	0.000
29.4805	0.435	0.000
29.48075	1.190	0.000
29.481	1.758	-0.000
29.48125	2.150	0.000
29.4815	2.424	0.000
29.48175	2.618	0.000
29.482	2.729	0.001
29.48225	2.795	0.000
29.4825	2.877	0.000
29.48275	3.044	-0.000
29.483	3.226	0.000
29.48325	3.200	0.000
29.4835	2.674	0.000
29.48375	1.582	0.000
29.484	0.151	0.000
29.48425	-1.345	0.000
29.4845	-2.682	0.000
29.48475	-3.786	0.000
29.485	-4.650	0.000
29.48525	-5.194	0.000
29.4855	-5.307	0.001
29.48575	-4.933	0.000
29.486	-4.048	0.000
29.48625	-2.772	0.000
29.4865	-1.308	4.956
29.48675	0.405	4.957
29.487	1.729	0.001
29.48725	2.767	0.001
29.4875	3.562	0.001
29.48775	4.106	0.000
29.488	4.372	0.000
29.48825	4.451	0.000
29.4885	4.454	0.001
29.48875	4.403	0.000
29.489	4.273	0.000
29.48925	4.044	0.001
29.4895	3.758	0.000
29.48975	3.473	0.000
29.49	3.281	0.000
29.49025	3.162	0.000
29.4905	2.736	0.000
29.49075	1.660	0.000
29.491	-0.177	0.000
29.49125	-2.510	0.000
29.4915	-4.800	0.000
29.49175	-6.554	0.001
29.492	-7.340	0.001
29.49225	-7.002	0.000
29.4925	-5.796	0.000
29.49275	-4.151	-0.001
29.493	-2.373	0.000
29.49325	-0.645	0.001
29.4935	0.905	0.001
29.49375	2.218	0.000
29.494	3.249	0.000
29.49425	4.010	0.001
29.4945	4.548	0.000
29.49475	4.899	0.000
29.495	5.094	0.000
29.49525	5.153	0.000
29.4955	5.111	0.000
29.49575	4.990	0.000
29.496	4.819	0.000
29.49625	4.617	-0.000
29.4965	4.389	0.000
29.49675	4.146	0.000
29.497	3.893	0.000
29.49725	3.631	0.000
29.4975	3.357	0.000
29.49775	3.078	-0.000
29.498	2.803	0.001
29.49825	2.545	0.000
29.4985	2.313	0.000
29.49875	2.109	0.000
29.499	1.940	0.000
29.49925	1.810	0.000
29.4995	1.710	0.000
29.49975	1.617	0.001
29.5	1.495	0.000
29.50025	1.320	0.000
29.5005	1.117	0.001
29.50075	0.911	0.000
29.501	0.627	0.000
29.50125	0.224	0.001
29.5015	-0.253	0.001
29.50175	-0.754	0.000
29.502	-1.339	0.000
29.50225	-2.044	0.000
29.5025	-2.760	0.001
29.50275	-3.327	0.000
29.503	-3.703	0.000
29.50325	-4.035	-0.000
29.5035	-4.482	0.000
29.50375	-4.911	0.000
29.504	-5.019	0.000
29.50425	-4.634	0.000
29.5045	-3.750	-0.000
29.50475	-2.441	0.000
29.505	-0.870	0.000
29.50525	0.786	0.001
29.5055	2.334	0.000
29.50575	3.567	0.000
29.506	4.300	0.000
29.50625	4.433	-0.000
29.5065	4.005	0.001
29.50675	3.310	0.000
29.507	2.695	0.000
29.50725	2.333	0.000
29.5075	2.150	0.000
29.50775	1.993	0.001
29.508	1.727	0.000
29.50825	1.400	0.000
29.5085	1.145	0.000
29.50875	1.008	0.000
29.509	0.992	0.000
29.50925	1.130	0.000
29.5095	1.417	0.000
29.50975	1.776	0.000
29.51	2.129	0.000
29.51025	2.442	0.001
29.5105	2.547	0.000
29.51075	2.233	0.000
29.511	1.410	0.001
29.51125	0.148	0.000
29.5115	-1.373	4.956
29.51175	-2.660	4.957
29.512	-3.953	0.001
29.51225	-4.874	0.000
29.5125	-5.272	0.001
29.51275	-5.127	0.001
29.513	-4.524	0.000
29.51325	-3.591	0.000
29.5135	-2.472	0.000
29.51375	-1.320	0.000
29.514	-0.253	0.000
29.51425	0.667	0.000
29.5145	1.414	0.000
29.51475	1.994	0.000
29.515	2.445	-0.000
29.51525	2.871	-0.000
29.5155	3.272	0.001
29.51575	3.316	0.000
29.516	2.640	0.001
29.51625	1.128	-0.000
29.5165	-0.827	-0.000
29.51675	-2.568	0.000
29.517	-3.540	0.001
29.51725	-3.528	0.001
29.5175	-2.731	0.000
29.51775	-1.473	0.001
29.518	-0.057	0.000
29.51825	1.264	0.000
29.5185	2.345	0.000
29.51875	3.163	0.001
29.519	3.751	0.000
29.51925	4.167	0.001
29.5195	4.442	0.000
29.51975	4.587	0.000
29.52	4.611	0.001
29.52025	4.537	0.000
29.5205	4.385	-0.000
29.52075	4.183	0.000
29.521	3.960	0.000
29.52125	3.729	0.000
29.5215	3.490	0.000
29.52175	3.239	0.001
29.522	2.998	0.000
29.52225	2.791	0.001
29.5225	2.632	0.000
29.52275	2.507	0.000
29.523	2.391	0.000
29.52325	2.269	0.000
29.5235	2.137	0.000
29.52375	1.992	0.000
29.524	1.818	0.001
29.52425	1.606	0.000
29.5245	1.385	0.000
29.52475	1.144	0.001
29.525	0.855	-0.000
29.52525	0.532	0.000
29.5255	0.232	0.000
29.52575	-0.021	0.000
29.526	-0.269	0.000
29.52625	-0.542	0.000
29.5265	-0.789	0.000
29.52675	-0.914	0.000
29.527	-0.913	0.000
29.52725	-0.963	0.000
29.5275	-1.108	0.000
29.52775	-1.188	0.000
29.528	-1.081	0.000
29.52825	-0.735	0.000
29.5285	-0.171	0.001
29.52875	0.435	0.001
29.529	0.973	0.000
29.52925	1.332	0.000
29.5295	1.327	0.000
29.52975	0.983	0.000
29.53	0.487	0.000
29.53025	-0.065	0.001
29.5305	-0.568	0.000
29.53075	-0.870	0.000
29.531	-0.941	0.000
29.53125	-0.923	0.000
29.5315	-0.936	0.000
29.53175	-0.989	0.000
29.532	-0.989	0.000
29.53225	-0.753	0.000
29.5325	-0.265	0.001
29.53275	0.166	0.000
29.533	0.286	0.000
29.53325	0.103	0.000
29.5335	-0.195	0.000
29.53375	-0.404	0.000
29.534	-0.397	0.000
29.53425	-0.177	0.000
29.5345	0.142	0.000
29.53475	0.473	0.001
29.535	0.782	0.000
29.53525	1.057	0.000
29.5355	1.354	0.000
29.53575	1.708	0.000
29.536	1.982	0.001
29.53625	1.962	0.000
29.5365	1.532	4.955
29.53675	1.031	4.957
29.537	0.151	0.001
29.53725	-0.670	0.001
29.5375	-1.198	0.000
29.53775	-1.352	0.000
29.538	-1.127	0.001
29.53825	-0.636	0.001
29.5385	-0.022	0.001
29.53875	0.582	0.000
29.539	0.935	0.000
29.53925	0.935	0.000
29.5395	0.667	0.000
29.53975	0.312	0.000
29.54	0.054	0.000
29.54025	-0.077	0.000
29.5405	-0.271	0.000
29.54075	-0.756	0.000
29.541	-1.629	0.000
29.54125	-2.789	0.000
29.5415	-3.898	0.001
29.54175	-4.674	0.000
29.542	-4.901	-0.000
29.54225	-4.496	0.000
29.5425	-3.513	0.000
29.54275	-2.097	-0.000
29.543	-0.487	0.001
29.54325	1.089	0.000
29.5435	2.472	0.000
29.54375	3.567	0.000
29.544	4.358	0.000
29.54425	4.867	0.000
29.5445	5.148	0.001
29.54475	5.257	0.000
29.545	5.230	0.000
29.54525	5.107	0.000
29.5455	4.920	-0.000
29.54575	4.689	0.000
29.546	4.442	0.000
29.54625	4.187	-0.000
29.5465	3.920	0.000
29.54675	3.649	0.000
29.547	3.379	0.000
29.54725	3.086	0.000
29.5475	2.756	0.000
29.54775	2.393	0.000
29.548	2.003	0.001
29.54825	1.614	0.001
29.5485	1.255	0.000
29.54875	0.965	0.000
29.549	0.771	0.001
29.54925	0.673	0.001
29.5495	0.651	0.000
29.54975	0.670	0.000
29.55	0.695	0.000
29.55025	0.715	0.001
29.5505	0.734	0.000
29.55075	0.766	0.000
29.551	0.811	0.000
29.55125	0.859	0.000
29.5515	0.873	-0.000
29.55175	0.859	0.000
29.552	0.855	0.000
29.55225	0.868	-0.000
29.5525	0.932	0.000
29.55275	1.018	0.000
29.553	0.929	0.000
29.55325	0.560	0.000
29.5535	-0.074	0.000
29.55375	-0.922	-0.000
29.554	-1.924	0.001
29.55425	-2.921	0.000
29.5545	-3.715	0.000
29.55475	-4.183	0.000
29.555	-4.237	0.001
29.55525	-3.860	0.000
29.5555	-3.088	0.000
29.55575	-2.030	0.001
29.556	-0.851	0.000
29.55625	0.278	0.000
29.5565	1.269	0.000
29.55675	2.102	0.000
29.557	2.713	0.000
29.55725	2.981	0.000
29.5575	2.847	0.000
29.55775	2.362	0.000
29.558	1.725	0.000
29.55825	1.178	0.000
29.5585	0.724	0.000
29.55875	-0.038	0.000
29.559	-1.365	-0.001
29.55925	-3.163	0.000
29.5595	-5.003	0.001
29.55975	-6.489	0.000
29.56	-7.415	0.000
29.56025	-7.640	0.001
29.5605	-7.115	0.000
29.56075	-5.975	0.001
29.561	-4.432	-0.000
29.56125	-2.757	0.000
29.5615	-1.180	4.956
29.56175	0.446	4.957
29.562	1.557	0.001
29.56225	2.332	0.001
29.5625	2.863	0.001
29.56275	3.237	0.000
29.563	3.524	0.001
29.56325	3.680	0.001
29.5635	3.643	0.000
29.56375	3.398	0.000
29.564	2.978	0.000
29.56425	2.505	-0.000
29.5645	2.113	0.000
29.56475	1.737	0.000
29.565	1.181	0.000
29.56525	0.317	0.001
29.5655	-0.857	0.001
29.56575	-2.138	0.001
29.566	-3.277	0.000
29.56625	-4.263	0.001
29.5665	-5.133	0.000
29.56675	-5.783	0.000
29.567	-5.986	0.000
29.56725	-5.558	0.000
29.5675	-4.501	0.000
29.56775	-2.996	0.000
29.568	-1.302	0.000
29.56825	0.319	0.000
29.5685	1.687	0.000
29.56875	2.696	0.000
29.569	3.334	0.000
29.56925	3.671	0.000
29.5695	3.809	-0.000
29.56975	3.838	0.000
29.57	3.815	0.000
29.57025	3.779	0.000
29.5705	3.750	0.000
29.57075	3.732	0.000
29.571	3.731	-0.000
29.57125	3.732	0.000
29.5715	3.725	0.000
29.57175	3.682	0.000
29.572	3.573	-0.000
29.57225	3.394	0.000
29.5725	3.168	0.000
29.57275	2.921	0.000
29.573	2.670	0.001
29.57325	2.436	0.000
29.5735	2.238	-0.000
29.57375	2.108	0.000
29.574	2.061	0.000
29.57425	2.078	0.000
29.5745	2.112	0.000
29.57475	2.092	-0.000
29.575	2.005	0.000
29.57525	1.873	0.001
29.5755	1.718	0.000
29.57575	1.569	0.000
29.576	1.466	0.000
29.57625	1.441	0.000
29.5765	1.505	0.000
29.57675	1.637	0.000
29.577	1.760	0.000
29.57725	1.789	0.000
29.5775	1.716	0.000
29.57775	1.587	0.001
29.578	1.438	0.001
29.57825	1.304	0.000
29.5785	1.204	0.000
29.57875	1.151	0.000
29.579	1.158	0.000
29.57925	1.240	0.000
29.5795	1.382	0.000
29.57975	1.541	0.000
29.58	1.653	0.000
29.58025	1.665	0.000
29.5805	1.569	0.000
29.58075	1.391	-0.000
29.581	1.121	0.000
29.58125	0.785	-0.000
29.5815	0.443	0.000
29.58175	0.143	-0.000
29.582	-0.093	0.000
29.58225	-0.311	0.000
29.5825	-0.555	0.000
29.58275	-0.815	0.000
29.583	-1.022	0.001
29.58325	-1.169	0.000
29.5835	-1.378	0.000
29.58375	-1.671	0.000
29.584	-1.936	0.000
29.58425	-1.998	0.001
29.5845	-1.797	0.000
29.58475	-1.419	0.000
29.585	-1.014	0.000
29.58525	-0.721	0.000
29.5855	-0.560	0.000
29.58575	-0.499	0.001
29.586	-0.492	0.000
29.58625	-0.457	0.000
29.5865	-0.353	4.956
29.58675	0.094	4.957
29.587	0.377	0.001
29.58725	0.671	0.001
29.5875	1.002	0.001
29.58775	1.332	0.000
29.588	1.568	0.001
29.58825	1.579	0.000
29.5885	1.400	0.001
29.58875	1.040	-0.000
29.589	0.322	0.000
29.58925	-0.816	0.000
29.5895	-2.088	0.000
29.58975	-3.148	-0.000
29.59	-3.814	0.000
29.59025	-4.193	0.000
29.5905	-4.663	0.000
29.59075	-5.317	0.000
29.591	-6.082	0.000
29.59125	-6.929	0.000
29.5915	-7.810	0.000
29.59175	-8.531	0.000
29.592	-8.678	0.000
29.59225	-7.935	0.000
29.5925	-6.334	0.000
29.59275	-4.190	-0.000
29.593	-1.888	0.000
29.59325	0.273	0.000
29.5935	2.119	0.000
29.59375	3.564	0.000
29.594	4.599	0.000
29.59425	5.267	0.000
29.5945	5.614	0.000
29.59475	5.710	0.000
29.595	5.620	0.000
29.59525	5.392	0.001
29.5955	5.074	0.000
29.59575	4.700	-0.000
29.596	4.300	0.001
29.59625	3.898	0.001
29.5965	3.502	-0.000
29.59675	3.113	0.000
29.597	2.736	-0.000
29.59725	2.382	0.000
29.5975	2.056	0.000
29.59775	1.764	0.000
29.598	1.510	0.000
29.59825	1.294	0.001
29.5985	1.113	-0.000
29.59875	0.966	0.001
29.599	0.847	0.001
29.59925	0.726	0.000
29.5995	0.594	0.000
29.59975	0.472	0.000
29.6	0.387	0.000
29.60025	0.354	0.001
29.6005	0.379	0.000
29.60075	0.455	0.000
29.601	0.523	0.000
29.60125	0.555	-0.000
29.6015	0.578	0.000
29.60175	0.613	0.000
29.602	0.646	-0.000
29.60225	0.666	0.000
29.6025	0.660	0.000
29.60275	0.663	0.000
29.603	0.722	-0.000
29.60325	0.847	0.001
29.6035	1.054	0.000
29.60375	1.349	-0.000
29.604	1.710	0.000
29.60425	2.099	0.000
29.6045	2.475	0.000
29.60475	2.762	0.000
29.605	2.879	0.000
29.60525	2.852	0.000
29.6055	2.761	-0.000
29.60575	2.663	0.000
29.606	2.583	-0.000
29.60625	2.492	0.000
29.6065	2.358	0.000
29.60675	2.211	0.000
29.607	2.092	-0.000
29.60725	2.016	0.001
29.6075	1.996	0.000
29.60775	1.991	0.000
29.608	1.879	-0.000
29.60825	1.610	0.000
29.6085	1.239	0.000
29.60875	0.871	0.000
29.609	0.613	0.000
29.60925	0.514	0.000
29.6095	0.535	0.000
29.60975	0.624	0.000
29.61	0.738	0.000
29.61025	0.823	0.000
29.6105	0.827	0.000
29.61075	0.735	-0.000
29.611	0.547	0.000
29.61125	0.280	-0.000
29.6115	-0.028	4.955
29.61175	-0.059	4.957
29.612	-0.326	0.001
29.61225	-0.615	0.001
29.6125	-0.827	0.001
29.61275	-0.951	0.000
29.613	-1.037	0.000
29.61325	-1.107	0.000
29.6135	-1.125	0.001
29.61375	-1.083	0.000
29.614	-1.005	0.001
29.61425	-0.915	-0.000
29.6145	-0.818	0.000
29.61475	-0.719	0.001
29.615	-0.668	0.000
29.61525	-0.685	0.001
29.6155	-0.850	0.000
29.61575	-1.351	0.000
29.616	-2.477	0.000
29.61625	-4.200	0.000
29.6165	-6.272	0.000
29.61675	-8.184	0.000
29.617	-9.371	-0.001
29.61725	-9.451	0.000
29.6175	-8.617	0.000
29.61775	-7.004	0.000
29.618	-5.053	0.000
29.61825	-3.064	0.000
29.6185	-1.225	-0.000
29.61875	0.397	0.000
29.619	1.772	0.001
29.61925	2.869	0.000
29.6195	3.681	0.000
29.61975	4.242	-0.001
29.62	4.581	0.000
29.62025	4.740	0.000
29.6205	4.775	0.000
29.62075	4.712	0.001
29.621	4.577	0.000
29.62125	4.388	0.000
29.6215	4.153	0.000
29.62175	3.873	-0.000
29.622	3.559	0.000
29.62225	3.228	0.000
29.6225	2.895	0.000
29.62275	2.568	0.000
29.623	2.259	0.000
29.62325	1.973	0.001
29.6235	1.710	-0.000
29.62375	1.472	-0.000
29.624	1.258	0.000
29.62425	1.072	-0.000
29.6245	0.911	0.000
29.62475	0.775	0.000
29.625	0.648	0.000
29.62525	0.489	0.000
29.6255	0.313	0.000
29.62575	0.120	0.001
29.626	-0.092	0.000
29.62625	-0.284	0.000
29.6265	-0.405	0.000
29.62675	-0.434	-0.000
29.627	-0.373	0.000
29.62725	-0.230	0.000
29.6275	-0.021	0.000
29.62775	0.230	0.000
29.628	0.464	0.000
29.62825	0.648	0.000
29.6285	0.789	0.001
29.62875	0.845	-0.000
29.629	0.791	0.000
29.62925	0.692	0.000
29.6295	0.628	-0.000
29.62975	0.639	0.000
29.63	0.732	0.000
29.63025	0.896	0.000
29.6305	1.118	0.000
29.63075	1.393	0.001
29.631	1.703	0.000
29.63125	1.992	0.001
29.6315	2.197	0.000
29.63175	2.293	0.000
29.632	2.275	0.000
29.63225	2.127	0.000
29.6325	1.901	0.000
29.63275	1.653	0.000
29.633	1.425	0.000
29.63325	1.162	0.000
29.6335	0.702	0.000
29.63375	-0.100	0.001
29.634	-1.255	-0.000
29.63425	-2.518	0.000
29.6345	-3.601	-0.000
29.63475	-4.323	0.000
29.635	-4.540	0.000
29.63525	-4.212	0.000
29.6355	-3.438	0.001
29.63575	-2.395	0.001
29.636	-1.265	0.000
29.63625	-0.202	0.000
29.6365	0.708	4.956
29.63675	1.682	4.957
29.637	2.184	0.000
29.63725	2.411	0.001
29.6375	2.461	-0.000
29.63775	2.394	0.001
29.638	2.241	0.000
29.63825	2.018	0.000
29.6385	1.733	0.000
29.63875	1.410	0.000
29.639	1.076	0.000
29.63925	0.735	0.000
29.6395	0.313	0.000
29.63975	-0.205	0.000
29.64	-0.740	-0.000
29.64025	-1.232	0.000
29.6405	-1.748	0.000
29.64075	-2.343	-0.000
29.641	-2.919	0.000
29.64125	-3.422	-0.000
29.6415	-3.800	0.000
29.64175	-3.978	-0.000
29.642	-3.899	0.001
29.64225	-3.549	0.000
29.6425	-2.983	0.000
29.64275	-2.234	0.000
29.643	-1.374	0.000
29.64325	-0.540	0.000
29.6435	0.142	0.000
29.64375	0.639	0.000
29.644	0.991	0.000
29.64425	1.258	0.000
29.6445	1.472	0.000
29.64475	1.564	0.000
29.645	1.463	0.000
29.64525	1.203	0.000
29.6455	0.874	0.000
29.64575	0.574	0.000
29.646	0.424	0.000
29.64625	0.448	-0.000
29.6465	0.565	-0.000
29.64675	0.717	0.000
29.647	0.882	0.000
29.64725	1.041	0.000
29.6475	1.163	0.001
29.64775	1.244	-0.001
29.648	1.317	0.000
29.64825	1.396	0.000
29.6485	1.476	0.000
29.64875	1.542	0.000
29.649	1.577	0.000
29.64925	1.583	0.001
29.6495	1.570	-0.000
29.64975	1.544	0.001
29.65	1.508	0.001
29.65025	1.464	0.000
29.6505	1.419	0.000
29.65075	1.373	0.000
29.651	1.325	0.000
29.65125	1.272	0.000
29.6515	1.215	0.000
29.65175	1.158	0.000
29.652	1.103	0.000
29.65225	1.037	0.000
29.6525	0.901	0.000
29.65275	0.675	0.000
29.653	0.422	0.000
29.65325	0.191	0.000
29.6535	0.012	0.000
29.65375	-0.124	0.001
29.654	-0.234	0.000
29.65425	-0.292	0.000
29.6545	-0.296	0.000
29.65475	-0.290	-0.000
29.655	-0.330	0.000
29.65525	-0.463	-0.000
29.6555	-0.658	0.000
29.65575	-0.896	0.000
29.656	-1.152	0.000
29.65625	-1.364	0.000
29.6565	-1.464	0.000
29.65675	-1.433	0.000
29.657	-1.306	0.000
29.65725	-1.114	0.000
29.6575	-0.872	0.000
29.65775	-0.589	-0.000
29.658	-0.314	0.000
29.65825	-0.072	0.000
29.6585	0.137	-0.000
29.65875	0.330	0.000
29.659	0.511	0.000
29.65925	0.672	0.000
29.6595	0.801	0.000
29.65975	0.910	0.000
29.66	1.007	0.000
29.66025	1.083	0.000
29.6605	1.136	-0.000
29.66075	1.158	0.001
29.661	1.140	0.000
29.66125	1.097	0.000
29.6615	1.053	4.955
29.66175	1.291	4.957
29.662	1.277	0.000
29.66225	1.191	0.001
29.6625	1.097	0.000
29.66275	0.998	-0.000
29.663	0.841	0.001
29.66325	0.580	0.001
29.6635	0.266	0.001
29.66375	-0.027	0.000
29.664	-0.241	0.000
29.66425	-0.352	0.000
29.6645	-0.377	0.000
29.66475	-0.318	0.001
29.665	-0.199	0.000
29.66525	-0.207	0.000
29.6655	-0.558	0.000
29.66575	-1.250	0.000
29.666	-2.171	0.000
29.66625	-3.246	0.000
29.6665	-4.414	0.000
29.66675	-5.517	0.000
29.667	-6.237	0.000
29.66725	-6.332	0.000
29.6675	-5.809	0.000
29.66775	-4.877	0.000
29.668	-3.765	0.000
29.66825	-2.648	0.001
29.6685	-1.590	0.000
29.66875	-0.685	0.000
29.669	-0.007	0.000
29.66925	0.448	0.000
29.6695	0.712	0.000
29.66975	0.835	0.000
29.67	0.907	-0.000
29.67025	0.963	0.000
29.6705	1.002	-0.000
29.67075	1.028	0.000
29.671	1.087	0.000
29.67125	1.199	0.000
29.6715	1.336	-0.001
29.67175	1.449	0.000
29.672	1.520	0.000
29.67225	1.541	0.000
29.6725	1.511	0.000
29.67275	1.435	0.000
29.673	1.321	0.000
29.67325	1.177	0.000
29.6735	1.012	0.000
29.67375	0.835	0.000
29.674	0.653	0.001
29.67425	0.480	0.001
29.6745	0.327	0.000
29.67475	0.192	0.000
29.675	0.077	0.000
29.67525	-0.018	0.000
29.6755	-0.092	0.001
29.67575	-0.145	0.000
29.676	-0.176	0.000
29.67625	-0.186	0.001
29.6765	-0.178	0.000
29.67675	-0.150	0.001
29.677	-0.105	0.000
29.67725	-0.045	0.000
29.6775	0.026	0.000
29.67775	0.108	0.000
29.678	0.202	-0.000
29.67825	0.307	0.000
29.6785	0.422	-0.000
29.67875	0.548	0.001
29.679	0.683	0.000
29.67925	0.823	0.000
29.6795	0.933	0.000
29.67975	0.982	0.000
29.68	0.943	0.000
29.68025	0.823	0.000
29.6805	0.681	-0.000
29.68075	0.566	0.001
29.681	0.495	0.000
29.68125	0.430	0.000
29.6815	0.366	0.000
29.68175	0.353	-0.000
29.682	0.419	0.000
29.68225	0.552	0.001
29.6825	0.739	0.000
29.68275	0.956	-0.000
29.683	1.162	0.000
29.68325	1.328	-0.000
29.6835	1.448	0.000
29.68375	1.521	-0.001
29.684	1.567	0.000
29.68425	1.607	0.000
29.6845	1.648	0.000
29.68475	1.686	0.000
29.685	1.717	0.000
29.68525	1.727	0.000
29.6855	1.696	0.001
29.68575	1.608	0.000
29.686	1.448	0.000
29.68625	1.239	0.000
29.6865	1.014	4.956
29.68675	1.061	4.957
29.687	0.820	0.000
29.68725	0.426	0.000
29.6875	-0.013	0.000
29.68775	-0.393	0.000
29.688	-0.662	0.000
29.68825	-0.796	0.000
29.6885	-0.796	0.000
29.68875	-0.683	0.001
29.689	-0.489	0.000
29.68925	-0.264	0.000
29.6895	-0.036	0.000
29.68975	0.165	0.001
29.69	0.294	0.000
29.69025	0.346	0.000
29.6905	0.271	0.000
29.69075	0.000	0.000
29.691	-0.439	0.000
29.69125	-0.990	0.001
29.6915	-1.585	0.000
29.69175	-2.116	0.000
29.692	-2.482	0.001
29.69225	-2.643	0.000
29.6925	-2.579	0.001
29.69275	-2.274	0.000
29.693	-1.746	0.000
29.69325	-1.076	0.000
29.6935	-0.375	-0.000
29.69375	0.276	0.000
29.694	0.833	0.000
29.69425	1.296	0.000
29.6945	1.659	-0.000
29.69475	1.853	-0.000
29.695	1.818	-0.000
29.69525	1.592	-0.000
29.6955	1.284	0.000
29.69575	0.988	0.000
29.696	0.813	0.000
29.69625	0.788	0.001
29.6965	0.862	0.000
29.69675	0.979	0.000
29.697	1.108	0.000
29.69725	1.230	-0.000
29.6975	1.330	0.000
29.69775	1.402	0.000
29.698	1.449	0.000
29.69825	1.472	0.000
29.6985	1.473	0.000
29.69875	1.466	0.000
29.699	1.453	0.001
29.69925	1.434	0.000
29.6995	1.411	0.000
29.69975	1.383	-0.000
29.7	1.356	0.000
29.70025	1.333	0.000
29.7005	1.314	0.000
29.70075	1.297	0.001
29.701	1.280	0.000
29.70125	1.255	0.000
29.7015	1.209	0.000
29.70175	1.136	0.000
29.702	1.052	0.000
29.70225	0.969	0.000
29.7025	0.896	0.000
29.70275	0.842	0.000
29.703	0.822	0.000
29.70325	0.845	0.000
29.7035	0.895	0.000
29.70375	0.922	0.000
29.704	0.882	0.000
29.70425	0.792	0.001
29.7045	0.679	0.000
29.70475	0.538	0.000
29.705	0.363	0.000
29.70525	0.185	0.000
29.7055	0.042	0.000
29.70575	-0.108	0.001
29.706	-0.310	0.000
29.70625	-0.520	0.000
29.7065	-0.703	-0.000
29.70675	-0.877	0.000
29.707	-1.025	0.000
29.70725	-1.128	-0.000
29.7075	-1.179	0.000
29.70775	-1.154	0.001
29.708	-1.066	0.000
29.70825	-0.953	0.000
29.7085	-0.800	0.000
29.70875	-0.598	0.001
29.709	-0.360	0.001
29.70925	-0.098	0.000
29.7095	0.174	0.000
29.70975	0.441	0.000
29.71	0.695	0.001
29.71025	0.933	0.000
29.7105	1.146	0.000
29.71075	1.323	0.000
29.711	1.446	0.000
29.71125	1.505	0.000
29.7115	1.524	4.955
29.71175	1.791	4.957
29.712	1.773	0.001
29.71225	1.655	0.000
29.7125	1.521	0.001
29.71275	1.389	0.001
29.713	1.249	0.000
29.71325	1.092	0.000
29.7135	0.928	0.000
29.71375	0.768	-0.000
29.714	0.631	0.000
29.71425	0.523	-0.000
29.7145	0.451	0.000
29.71475	0.412	0.000
29.715	0.399	-0.000
29.71525	0.400	0.001
29.7155	0.376	-0.000
29.71575	0.299	0.001
29.716	0.104	0.000
29.71625	-0.315	0.000
29.7165	-0.906	0.000
29.71675	-1.522	0.000
29.717	-2.032	0.000
29.71725	-2.357	0.000
29.7175	-2.440	-0.000
29.71775	-2.251	-0.000
29.718	-1.801	0.001
29.71825	-1.186	0.000
29.7185	-0.511	0.000
29.71875	0.104	0.000
29.719	0.510	-0.000
29.71925	0.651	0.000
29.7195	0.598	-0.000
29.71975	0.491	0.000
29.72	0.444	0.000
29.72025	0.541	0.000
29.7205	0.760	-0.001
29.72075	1.035	0.000
29.721	1.317	0.000
29.72125	1.576	0.000
29.7215	1.783	0.000
29.72175	1.922	0.000
29.722	1.989	0.001
29.72225	1.994	0.000
29.7225	1.943	0.000
29.72275	1.850	0.001
29.723	1.732	0.000
29.72325	1.598	0.000
29.7235	1.456	-0.000
29.72375	1.319	0.000
29.724	1.190	0.000
29.72425	1.064	0.000
29.7245	0.940	0.000
29.72475	0.817	0.000
29.725	0.699	0.000
29.72525	0.573	-0.000
29.7255	0.390	0.000
29.72575	0.123	0.000
29.726	-0.235	0.000
29.72625	-0.628	-0.001
29.7265	-0.974	0.001
29.72675	-1.222	-0.000
29.727	-1.347	-0.000
29.72725	-1.337	0.000
29.7275	-1.194	0.000
29.72775	-0.938	0.000
29.728	-0.598	0.000
29.72825	-0.229	0.000
29.7285	0.115	0.000
29.72875	0.398	0.000
29.729	0.614	0.000
29.72925	0.775	0.000
29.7295	0.897	0.001
29.72975	0.982	-0.000
29.73	1.010	0.000
29.73025	0.948	0.000
29.7305	0.802	-0.000
29.73075	0.625	0.000
29.731	0.468	0.000
29.73125	0.356	-0.000
29.7315	0.289	0.000
29.73175	0.226	0.000
29.732	0.163	0.000
29.73225	0.105	0.000
29.7325	0.075	0.000
29.73275	0.082	0.000
29.733	0.127	0.000
29.73325	0.206	0.001
29.7335	0.321	0.000
29.73375	0.471	0.000
29.734	0.653	0.000
29.73425	0.858	0.000
29.7345	1.058	0.001
29.73475	1.228	0.000
29.735	1.353	0.000
29.73525	1.426	0.001
29.7355	1.453	0.000
29.73575	1.437	-0.000
29.736	1.357	-0.000
29.73625	1.208	0.000
29.7365	1.043	4.955
29.73675	1.160	4.957
29.737	1.024	0.001
29.73725	0.833	-0.000
29.7375	0.682	0.001
29.73775	0.604	0.000
29.738	0.579	0.001
29.73825	0.557	0.000
29.7385	0.523	0.000
29.73875	0.476	0.001
29.739	0.427	-0.000
29.73925	0.385	0.000
29.7395	0.316	0.000
29.73975	0.200	0.000
29.74	0.066	0.000
29.74025	-0.086	0.000
29.7405	-0.320	-0.001
29.74075	-0.728	-0.000
29.741	-1.491	0.001
29.74125	-2.965	0.000
29.7415	-5.056	0.000
29.74175	-7.215	0.000
29.742	-8.836	0.000
29.74225	-9.449	-0.000
29.7425	-9.273	-0.000
29.74275	-8.124	0.000
29.743	-6.373	-0.001
29.74325	-4.343	-0.000
29.7435	-2.342	0.001
29.74375	-0.566	0.000
29.744	0.863	0.000
29.74425	1.903	0.000
29.7445	2.583	0.000
29.74475	2.965	0.000
29.745	3.114	0.000
29.74525	3.091	0.000
29.7455	2.945	0.001
29.74575	2.724	-0.000
29.746	2.474	-0.000
29.74625	2.217	0.000
29.7465	1.958	0.000
29.74675	1.697	-0.000
29.747	1.432	0.000
29.74725	1.173	0.001
29.7475	0.928	0.000
29.74775	0.698	0.000
29.748	0.485	-0.001
29.74825	0.297	-0.000
29.7485	0.129	0.000
29.74875	-0.016	0.000
29.749	-0.138	0.000
29.74925	-0.236	0.000
29.7495	-0.308	0.000
29.74975	-0.352	0.000
29.75	-0.370	0.000
29.75025	-0.361	0.000
29.7505	-0.323	0.000
29.75075	-0.259	-0.000
29.751	-0.175	0.000
29.75125	-0.072	0.000
29.7515	0.036	0.000
29.75175	0.138	0.000
29.752	0.241	0.000
29.75225	0.346	0.000
29.7525	0.450	0.000
29.75275	0.555	0.000
29.753	0.662	-0.000
29.75325	0.769	-0.001
29.7535	0.876	0.000
29.75375	0.982	0.000
29.754	1.093	-0.001
29.75425	1.212	0.000
29.7545	1.339	-0.000
29.75475	1.462	-0.000
29.755	1.562	0.000
29.75525	1.637	-0.001
29.7555	1.696	-0.000
29.75575	1.742	-0.000
29.756	1.775	0.000
29.75625	1.795	0.000
29.7565	1.802	0.001
29.75675	1.800	0.001
29.757	1.788	0.000
29.75725	1.769	0.000
29.7575	1.741	0.001
29.75775	1.707	0.000
29.758	1.666	0.001
29.75825	1.619	0.000
29.7585	1.567	-0.001
29.75875	1.508	0.000
29.759	1.443	0.000
29.75925	1.372	0.000
29.7595	1.299	0.000
29.75975	1.224	0.000
29.76	1.154	0.000
29.76025	1.088	0.000
29.7605	1.029	0.000
29.76075	0.977	0.000
29.761	0.924	0.000
29.76125	0.868	-0.000
29.7615	0.823	4.955
29.76175	1.061	4.957
29.762	1.036	0.000
29.76225	0.931	0.000
29.7625	0.819	0.001
29.76275	0.719	0.001
29.763	0.629	0.000
29.76325	0.535	0.000
29.7635	0.425	0.000
29.76375	0.304	0.000
29.764	0.186	-0.000
29.76425	0.076	0.000
29.7645	-0.018	0.001
29.76475	-0.095	-0.000
29.765	-0.153	0.001
29.76525	-0.195	0.000
29.7655	-0.232	0.000
29.76575	-0.249	0.000
29.766	-0.244	0.000
29.76625	-0.239	0.001
29.7665	-0.287	0.000
29.76675	-0.429	0.000
29.767	-0.631	0.000
29.76725	-0.841	0.000
29.7675	-1.019	0.000
29.76775	-1.146	0.000
29.768	-1.249	-0.000
29.76825	-1.345	-0.000
29.7685	-1.404	-0.000
29.76875	-1.404	0.000
29.769	-1.339	-0.001
29.76925	-1.206	0.000
29.7695	-1.004	-0.000
29.76975	-0.739	0.000
29.77	-0.426	-0.000
29.77025	-0.095	0.001
29.7705	0.225	-0.000
29.77075	0.512	0.000
29.771	0.766	0.000
29.77125	0.986	0.000
29.7715	1.164	0.000
29.77175	1.293	0.000
29.772	1.372	0.000
29.77225	1.412	0.000
29.7725	1.419	0.000
29.77275	1.396	0.000
29.773	1.348	0.000
29.77325	1.281	0.000
29.7735	1.201	0.000
29.77375	1.114	0.000
29.774	1.024	0.000
29.77425	0.934	-0.000
29.7745	0.848	0.000
29.77475	0.768	0.000
29.775	0.697	0.000
29.77525	0.634	-0.000
29.7755	0.577	0.000
29.77575	0.526	0.000
29.776	0.480	0.000
29.77625	0.438	0.000
29.7765	0.402	-0.000
29.77675	0.372	0.000
29.777	0.350	0.000
29.77725	0.333	0.000
29.7775	0.322	0.000
29.77775	0.313	0.000
29.778	0.309	0.000
29.77825	0.313	0.001
29.7785	0.326	0.000
29.77875	0.344	0.001
29.779	0.359	0.000
29.77925	0.382	0.000
29.7795	0.414	0.000
29.77975	0.436	0.000
29.78	0.425	0.000
29.78025	0.385	0.000
29.7805	0.331	0.000
29.78075	0.259	0.000
29.781	0.168	0.000
29.78125	0.063	0.000
29.7815	-0.036	0.000
29.78175	-0.107	-0.000
29.782	-0.164	0.000
29.78225	-0.246	0.000
29.7825	-0.346	0.000
29.78275	-0.431	0.000
29.783	-0.468	0.000
29.78325	-0.444	0.000
29.7835	-0.361	0.000
29.78375	-0.229	0.000
29.784	-0.066	0.000
29.78425	0.113	0.000
29.7845	0.286	-0.001
29.78475	0.430	0.000
29.785	0.533	0.000
29.78525	0.591	0.001
29.7855	0.619	0.001
29.78575	0.631	0.000
29.786	0.639	0.000
29.78625	0.652	-0.000
29.7865	0.689	4.956
29.78675	1.012	4.957
29.787	1.033	0.001
29.78725	0.942	0.000
29.7875	0.828	0.001
29.78775	0.730	0.000
29.788	0.655	0.001
29.78825	0.592	0.000
29.7885	0.526	0.000
29.78875	0.455	0.000
29.789	0.381	0.001
29.78925	0.312	0.001
29.7895	0.254	0.000
29.78975	0.213	0.000
29.79	0.176	-0.001
29.79025	0.138	0.000
29.7905	0.061	0.000
29.79075	-0.117	0.000
29.791	-0.404	0.000
29.79125	-0.912	0.000
29.7915	-1.695	-0.000
29.79175	-2.573	0.000
29.792	-3.320	-0.000
29.79225	-3.841	-0.000
29.7925	-4.136	0.000
29.79275	-4.177	0.000
29.793	-3.955	0.000
29.79325	-3.537	0.000
29.7935	-3.007	0.001
29.79375	-2.418	0.000
29.794	-1.793	0.000
29.79425	-1.159	0.000
29.7945	-0.569	0.000
29.79475	-0.090	0.001
29.795	0.243	0.000
29.79525	0.447	0.000
29.7955	0.562	-0.000
29.79575	0.631	0.000
29.796	0.691	0.000
29.79625	0.771	0.000
29.7965	0.874	0.000
29.79675	0.975	0.000
29.797	1.066	0.000
29.79725	1.137	0.000
29.7975	1.177	-0.000
29.79775	1.178	0.000
29.798	1.136	0.000
29.79825	1.057	0.000
29.7985	0.955	0.000
29.79875	0.842	0.000
29.799	0.724	0.000
29.79925	0.608	0.000
29.7995	0.493	0.000
29.79975	0.384	0.000
29.8	0.282	0.000
29.80025	0.191	0.000
29.8005	0.113	0.000
29.80075	0.056	0.000
29.801	0.022	0.000
29.80125	0.012	0.000
29.8015	0.019	-0.000
29.80175	0.038	0.000
29.802	0.061	0.000
29.80225	0.090	0.001
29.8025	0.126	0.000
29.80275	0.173	-0.000
29.803	0.232	0.000
29.80325	0.302	-0.001
29.8035	0.382	0.000
29.80375	0.473	0.000
29.804	0.574	0.000
29.80425	0.688	0.001
29.8045	0.810	0.001
29.80475	0.927	0.000
29.805	1.021	0.000
29.80525	1.091	0.001
29.8055	1.145	0.000
29.80575	1.188	0.000
29.806	1.223	0.001
29.80625	1.263	0.000
29.8065	1.308	0.000
29.80675	1.350	0.000
29.807	1.375	0.000
29.80725	1.376	0.001
29.8075	1.358	-0.000
29.80775	1.329	0.000
29.808	1.296	-0.000
29.80825	1.263	0.000
29.8085	1.227	0.000
29.80875	1.185	-0.001
29.809	1.137	0.000
29.80925	1.092	0.000
29.8095	1.050	-0.000
29.80975	1.013	-0.000
29.81	0.980	0.000
29.81025	0.948	0.000
29.8105	0.917	0.000
29.81075	0.889	0.000
29.811	0.865	0.000
29.81125	0.841	0.000
29.8115	0.824	4.956
29.81175	1.097	4.957
29.812	1.096	0.001
29.81225	1.012	0.000
29.8125	0.914	0.000
29.81275	0.817	0.000
29.813	0.725	0.001
29.81325	0.633	0.000
29.8135	0.532	0.000
29.81375	0.423	0.000
29.814	0.317	0.000
29.81425	0.219	-0.000
29.8145	0.135	0.000
29.81475	0.070	0.000
29.815	0.035	0.000
29.81525	0.039	0.000
29.8155	0.086	0.000
29.81575	0.165	0.001
29.816	0.261	0.000
29.81625	0.350	0.000
29.8165	0.362	0.000
29.81675	0.280	0.000
29.817	0.150	0.001
29.81725	-0.011	0.001
29.8175	-0.210	0.001
29.81775	-0.474	0.000
29.818	-0.789	-0.000
29.81825	-1.106	0.000
29.8185	-1.366	0.001
29.81875	-1.528	0.000
29.819	-1.575	0.000
29.81925	-1.500	0.000
29.8195	-1.303	0.000
29.81975	-1.004	0.000
29.82	-0.649	0.000
29.82025	-0.280	0.000
29.8205	0.068	0.000
29.82075	0.374	0.000
29.821	0.647	0.000
29.82125	0.879	0.000
29.8215	1.056	0.000
29.82175	1.177	0.000
29.822	1.246	0.000
29.82225	1.278	0.000
29.8225	1.278	0.000
29.82275	1.254	0.000
29.823	1.211	0.000
29.82325	1.153	0.000
29.8235	1.086	0.001
29.82375	1.018	0.000
29.824	0.932	0.000
29.82425	0.813	0.000
29.8245	0.674	0.000
29.82475	0.533	0.000
29.825	0.409	0.000
29.82525	0.316	0.000
29.8255	0.259	0.000
29.82575	0.243	-0.000
29.826	0.263	0.000
29.82625	0.312	0.000
29.8265	0.380	0.000
29.82675	0.458	-0.000
29.827	0.532	0.000
29.82725	0.595	0.000
29.8275	0.644	0.000
29.82775	0.679	0.001
29.828	0.707	0.000
29.82825	0.727	-0.000
29.8285	0.739	0.001
29.82875	0.747	0.000
29.829	0.751	0.000
29.82925	0.762	0.000
29.8295	0.784	0.000
29.82975	0.806	-0.000
29.83	0.810	0.001
29.83025	0.796	-0.000
29.8305	0.772	0.000
29.83075	0.740	0.000
29.831	0.701	-0.000
29.83125	0.657	0.001
29.8315	0.613	0.000
29.83175	0.566	0.000
29.832	0.520	0.000
29.83225	0.475	0.001
29.8325	0.432	-0.001
29.83275	0.391	0.000
29.833	0.355	0.000
29.83325	0.323	0.000
29.8335	0.289	0.000
29.83375	0.253	-0.000
29.834	0.220	-0.000
29.83425	0.198	0.000
29.8345	0.186	0.000
29.83475	0.163	0.000
29.835	0.122	-0.000
29.83525	0.080	0.000
29.8355	0.046	-0.000
29.83575	0.014	0.001
29.836	-0.010	0.000
29.83625	-0.019	0.000
29.8365	0.014	4.956
29.83675	0.377	4.957
29.837	0.501	0.001
29.83725	0.557	0.001
29.8375	0.601	0.001
29.83775	0.648	0.001
29.838	0.692	0.000
29.83825	0.725	0.001
29.8385	0.736	0.000
29.83875	0.723	0.001
29.839	0.691	-0.000
29.83925	0.646	0.000
29.8395	0.600	0.000
29.83975	0.560	0.000
29.84	0.536	0.000
29.84025	0.527	-0.000
29.8405	0.454	0.001
29.84075	0.194	0.000
29.841	-0.298	0.000
29.84125	-1.057	0.000
29.8415	-1.951	0.000
29.84175	-2.744	0.000
29.842	-3.289	0.000
29.84225	-3.595	-0.000
29.8425	-3.690	0.000
29.84275	-3.555	0.000
29.843	-3.158	0.000
29.84325	-2.563	0.000
29.8435	-1.858	0.000
29.84375	-1.110	0.000
29.844	-0.390	0.001
29.84425	0.252	0.000
29.8445	0.795	-0.000
29.84475	1.230	0.001
29.845	1.545	-0.000
29.84525	1.735	-0.000
29.8455	1.815	0.000
29.84575	1.808	0.000
29.846	1.747	0.000
29.84625	1.649	0.000
29.8465	1.525	-0.000
29.84675	1.384	-0.000
29.847	1.242	0.000
29.84725	1.117	0.000
29.8475	1.005	0.001
29.84775	0.892	0.000
29.848	0.774	0.000
29.84825	0.653	0.001
29.8485	0.528	0.000
29.84875	0.404	0.000
29.849	0.286	0.000
29.84925	0.180	0.000
29.8495	0.093	0.000
29.84975	0.027	0.000
29.85	-0.008	0.000
29.85025	-0.010	0.000
29.8505	0.007	0.000
29.85075	0.035	0.000
29.851	0.071	0.000
29.85125	0.111	0.000
29.8515	0.153	0.000
29.85175	0.194	0.000
29.852	0.238	0.000
29.85225	0.285	0.000
29.8525	0.336	0.000
29.85275	0.393	0.000
29.853	0.454	0.001
29.85325	0.520	0.000
29.8535	0.584	0.000
29.85375	0.647	0.000
29.854	0.707	0.000
29.85425	0.780	0.000
29.8545	0.866	0.000
29.85475	0.955	0.001
29.855	1.034	0.000
29.85525	1.089	0.000
29.8555	1.124	0.000
29.85575	1.141	0.000
29.856	1.139	-0.000
29.85625	1.121	-0.000
29.8565	1.089	0.001
29.85675	1.048	0.001
29.857	0.999	0.000
29.85725	0.945	0.000
29.8575	0.890	0.000
29.85775	0.834	0.000
29.858	0.782	0.000
29.85825	0.740	0.000
29.8585	0.711	0.000
29.85875	0.694	0.001
29.859	0.684	0.001
29.85925	0.674	-0.000
29.8595	0.659	0.001
29.85975	0.637	-0.000
29.86	0.607	0.000
29.86025	0.575	0.000
29.8605	0.545	0.000
29.86075	0.519	0.000
29.861	0.494	0.000
29.86125	0.468	0.000
29.8615	0.457	4.955
29.86175	0.737	4.957
29.862	0.742	0.001
29.86225	0.665	0.001
29.8625	0.581	0.000
29.86275	0.504	0.001
29.863	0.404	0.000
29.86325	0.276	0.000
29.8635	0.129	0.000
29.86375	-0.023	0.000
29.864	-0.159	0.001
29.86425	-0.269	0.000
29.8645	-0.345	0.001
29.86475	-0.370	-0.000
29.865	-0.332	0.000
29.86525	-0.238	0.001
29.8655	-0.108	0.000
29.86575	0.037	-0.000
29.866	0.140	-0.000
29.86625	0.121	0.000
29.8665	-0.028	0.000
29.86675	-0.234	0.000
29.867	-0.420	-0.000
29.86725	-0.591	0.000
29.8675	-0.800	0.000
29.86775	-1.058	0.000
29.868	-1.331	0.000
29.86825	-1.560	0.000
29.8685	-1.705	0.000
29.86875	-1.756	0.001
29.869	-1.705	0.000
29.86925	-1.545	0.000
29.8695	-1.271	0.000
29.86975	-0.896	0.000
29.87	-0.468	0.000
29.87025	-0.048	0.000
29.8705	0.326	0.000
29.87075	0.638	0.000
29.871	0.892	0.000
29.87125	1.093	0.000
29.8715	1.227	0.000
29.87175	1.292	0.000
29.872	1.303	-0.001
29.87225	1.273	0.000
29.8725	1.215	0.000
29.87275	1.138	0.000
29.873	1.046	0.001
29.87325	0.955	0.000
29.8735	0.873	0.001
29.87375	0.800	0.001
29.874	0.733	0.000
29.87425	0.673	0.000
29.8745	0.614	0.000
29.87475	0.553	0.000
29.875	0.486	0.000
29.87525	0.418	0.000
29.8755	0.356	0.000
29.87575	0.301	0.000
29.876	0.263	0.000
29.87625	0.247	0.000
29.8765	0.247	-0.000
29.87675	0.256	0.000
29.877	0.268	-0.000
29.87725	0.286	0.000
29.8775	0.305	0.000
29.87775	0.312	0.000
29.878	0.300	0.000
29.87825	0.271	-0.000
29.8785	0.233	0.000
29.87875	0.186	0.000
29.879	0.081	0.000
29.87925	-0.113	0.000
29.8795	-0.370	0.000
29.87975	-0.664	0.000
29.88	-0.977	0.000
29.88025	-1.246	0.001
29.8805	-1.393	0.000
29.88075	-1.360	0.000
29.881	-1.131	0.000
29.88125	-0.752	-0.000
29.8815	-0.295	0.000
29.88175	0.160	0.000
29.882	0.556	0.001
29.88225	0.862	-0.001
29.8825	1.079	0.000
29.88275	1.222	0.000
29.883	1.301	0.000
29.88325	1.328	0.000
29.8835	1.292	0.000
29.88375	1.192	0.000
29.884	1.054	0.000
29.88425	0.900	0.000
29.8845	0.741	0.000
29.88475	0.551	0.001
29.885	0.295	0.001
29.88525	-0.015	0.000
29.8855	-0.326	0.000
29.88575	-0.616	0.000
29.886	-0.857	0.000
29.88625	-1.015	0.000
29.8865	-1.056	4.956
29.88675	-0.712	4.957
29.887	-0.573	0.001
29.88725	-0.478	0.000
29.8875	-0.347	0.001
29.88775	-0.173	0.000
29.888	0.018	0.000
29.88825	0.203	0.000
29.8885	0.373	0.000
29.88875	0.537	-0.000
29.889	0.692	0.000
29.88925	0.823	0.000
29.8895	0.918	0.000
29.88975	0.969	0.000
29.89	0.981	0.000
29.89025	0.957	-0.000
29.8905	0.857	-0.000
29.89075	0.597	0.000
29.891	0.139	0.000
29.89125	-0.645	0.000
29.8915	-1.890	0.000
29.89175	-3.404	-0.000
29.892	-4.841	0.001
29.89225	-5.917	-0.000
29.8925	-6.467	0.000
29.89275	-6.409	-0.000
29.893	-5.756	0.000
29.89325	-4.660	0.000
29.8935	-3.356	0.001
29.89375	-2.028	0.000
29.894	-0.826	0.001
29.89425	0.155	0.001
29.8945	0.883	0.000
29.89475	1.379	0.000
29.895	1.683	0.000
29.89525	1.849	-0.000
29.8955	1.927	-0.001
29.89575	1.948	0.000
29.896	1.938	0.000
29.89625	1.902	0.000
29.8965	1.828	0.000
29.89675	1.715	0.001
29.897	1.569	0.000
29.89725	1.399	0.000
29.8975	1.209	0.000
29.89775	1.005	0.000
29.898	0.803	0.001
29.89825	0.614	0.000
29.8985	0.442	0.000
29.89875	0.288	0.001
29.899	0.156	0.000
29.89925	0.037	0.000
29.8995	-0.067	0.000
29.89975	-0.148	0.000
29.9	-0.208	0.000
29.90025	-0.249	0.000
29.9005	-0.275	0.000
29.90075	-0.288	-0.000
29.901	-0.294	0.000
29.90125	-0.293	0.000
29.9015	-0.280	0.000
29.90175	-0.250	0.000
29.902	-0.205	0.000
29.90225	-0.146	-0.000
29.9025	-0.074	0.001
29.90275	0.013	0.001
29.903	0.113	0.000
29.90325	0.217	0.000
29.9035	0.326	-0.000
29.90375	0.434	0.000
29.904	0.538	0.000
29.90425	0.650	-0.000
29.9045	0.772	0.000
29.90475	0.889	0.000
29.905	0.980	0.000
29.90525	1.042	0.000
29.9055	1.076	0.000
29.90575	1.090	0.000
29.906	1.088	0.000
29.90625	1.072	0.000
29.9065	1.050	0.000
29.90675	1.028	-0.000
29.907	1.009	0.000
29.90725	0.997	0.000
29.9075	0.987	0.000
29.90775	0.974	0.000
29.908	0.958	0.000
29.90825	0.940	0.000
29.9085	0.920	0.001
29.90875	0.896	0.000
29.909	0.871	-0.001
29.90925	0.840	0.000
29.9095	0.802	-0.000
29.90975	0.764	0.000
29.91	0.730	0.000
29.91025	0.696	0.000
29.9105	0.657	0.000
29.91075	0.613	0.000
29.911	0.565	0.000
29.91125	0.507	0.000
29.9115	0.453	4.955
29.91175	0.683	4.957
29.912	0.643	0.001
29.91225	0.535	0.001
29.9125	0.434	0.000
29.91275	0.355	0.001
29.913	0.296	0.000
29.91325	0.253	0.000
29.9135	0.212	0.001
29.91375	0.167	0.000
29.914	0.117	0.000
29.91425	0.059	0.000
29.9145	-0.001	0.000
29.91475	-0.055	0.000
29.915	-0.100	0.000
29.91525	-0.125	0.000
29.9155	-0.140	0.001
29.91575	-0.149	0.000
29.916	-0.170	0.000
29.91625	-0.273	0.001
29.9165	-0.552	0.000
29.91675	-1.024	-0.000
29.917	-1.657	-0.000
29.91725	-2.432	0.000
29.9175	-3.303	0.001
29.91775	-4.131	-0.001
29.918	-4.751	-0.000
29.91825	-5.032	0.001
29.9185	-4.937	0.000
29.91875	-4.497	0.000
29.919	-3.776	0.000
29.91925	-2.861	0.000
29.9195	-1.856	0.000
29.91975	-0.868	0.001
29.92	0.021	0.000
29.92025	0.757	0.000
29.9205	1.316	0.000
29.92075	1.712	0.000
29.921	1.973	0.000
