Interval=	0.00025 s
ExcelDateTime=	4.2696564859723469e+004	11/22/2016 13:33:23.880108
TimeFormat=	StartOfBlock
DateFormat=	
ChannelTitle=	RTA	Stim
Range=	10.000 V	10.000 V
29.94	-0.021	-0.000
29.94025	-0.021	0.000
29.9405	-0.021	0.000
29.94075	-0.021	0.001
29.941	-0.021	-0.000
29.94125	-0.021	0.001
29.9415	-0.021	-0.000
29.94175	-0.021	0.000
29.942	-0.021	0.000
29.94225	-0.021	0.000
29.9425	-0.021	0.000
29.94275	-0.021	0.000
29.943	-0.021	0.001
29.94325	-0.021	0.000
29.9435	-0.021	0.000
29.94375	-0.021	0.000
29.944	-0.021	-0.000
29.94425	-0.021	0.000
29.9445	-0.021	0.000
29.94475	-0.021	0.000
29.945	-0.021	0.000
29.94525	-0.021	0.000
29.9455	-0.021	0.000
29.94575	-0.021	-0.000
29.946	-0.021	0.001
29.94625	-0.021	0.000
29.9465	-0.021	0.000
29.94675	-0.021	0.000
29.947	-0.021	0.000
29.94725	-0.021	0.000
29.9475	-0.021	0.001
29.94775	-0.021	0.000
29.948	-0.021	0.000
29.94825	-0.021	0.001
29.9485	-0.021	0.000
29.94875	-0.021	0.000
29.949	-0.021	0.001
29.94925	-0.021	-0.000
29.9495	-0.021	-0.000
29.94975	-0.033	0.000
29.95	-0.046	-0.001
29.95025	-0.058	-0.000
29.9505	-0.061	0.000
29.95075	-0.050	0.001
29.951	-0.030	0.000
29.95125	-0.011	0.000
29.9515	-0.004	-0.001
29.95175	-0.005	0.000
29.952	-0.010	0.000
29.95225	-0.022	0.000
29.9525	-0.045	0.000
29.95275	-0.075	0.000
29.953	-0.096	0.000
29.95325	-0.103	0.001
29.9535	-0.104	0.000
29.95375	-0.103	0.001
29.954	-0.100	0.000
29.95425	-0.089	0.000
29.9545	-0.070	0.000
29.95475	-0.047	0.000
29.955	-0.024	0.000
29.95525	-0.003	0.000
29.9555	0.019	0.000
29.95575	0.046	0.000
29.956	0.067	0.000
29.95625	0.048	0.000
29.9565	-0.035	-0.000
29.95675	-0.172	0.000
29.957	-0.334	-0.000
29.95725	-0.497	0.000
29.9575	-0.648	0.000
29.95775	-0.765	0.001
29.958	-0.826	0.000
29.95825	-0.838	0.000
29.9585	-0.825	-0.000
29.95875	-0.795	0.000
29.959	-0.744	0.000
29.95925	-0.675	0.000
29.9595	-0.584	-0.000
29.95975	-0.455	0.000
29.96	-0.287	0.001
29.96025	-0.130	0.000
29.9605	-0.029	-0.000
29.96075	0.031	0.000
29.961	0.081	-0.000
29.96125	0.078	-0.000
29.9615	-0.044	4.955
29.96175	-0.249	4.957
29.962	-0.391	-0.000
29.96225	-0.375	0.000
29.9625	-0.261	0.000
29.96275	-0.164	0.001
29.963	-0.111	0.000
29.96325	-0.065	0.000
29.9635	-0.017	0.000
29.96375	0.005	0.000
29.964	-0.003	0.000
29.96425	-0.010	0.000
29.9645	0.006	0.000
29.96475	0.035	0.000
29.965	0.059	0.001
29.96525	0.056	0.000
29.9655	-0.002	0.000
29.96575	-0.129	-0.000
29.966	-0.294	0.000
29.96625	-0.435	0.000
29.9665	-0.511	0.000
29.96675	-0.523	0.000
29.967	-0.487	0.000
29.96725	-0.416	0.000
29.9675	-0.316	0.000
29.96775	-0.196	0.000
29.968	-0.068	0.000
29.96825	0.053	-0.000
29.9685	0.146	0.001
29.96875	0.192	0.000
29.969	0.186	0.000
29.96925	0.136	0.000
29.9695	0.061	0.000
29.96975	-0.021	0.000
29.97	-0.103	0.000
29.97025	-0.176	0.000
29.9705	-0.227	0.000
29.97075	-0.235	0.001
29.971	-0.198	0.000
29.97125	-0.139	0.000
29.9715	-0.092	0.000
29.97175	-0.076	0.000
29.972	-0.085	0.001
29.97225	-0.104	-0.000
29.9725	-0.122	0.000
29.97275	-0.133	0.000
29.973	-0.130	0.000
29.97325	-0.103	-0.000
29.9735	-0.052	-0.000
29.97375	0.019	0.000
29.974	0.107	0.000
29.97425	0.209	0.000
29.9745	0.314	-0.000
29.97475	0.401	0.001
29.975	0.456	0.000
29.97525	0.480	0.000
29.9755	0.479	0.000
29.97575	0.448	0.000
29.976	0.378	0.000
29.97625	0.259	-0.000
29.9765	0.096	0.000
29.97675	-0.093	0.000
29.977	-0.276	-0.000
29.97725	-0.418	0.000
29.9775	-0.503	0.000
29.97775	-0.535	0.001
29.978	-0.514	0.000
29.97825	-0.441	0.000
29.9785	-0.328	0.000
29.97875	-0.197	0.000
29.979	-0.064	0.000
29.97925	0.065	0.000
29.9795	0.180	0.000
29.97975	0.265	0.001
29.98	0.314	0.000
29.98025	0.338	0.000
29.9805	0.337	0.000
29.98075	0.289	-0.000
29.981	0.170	0.000
29.98125	-0.002	0.000
29.9815	-0.185	0.001
29.98175	-0.353	0.000
29.982	-0.514	-0.000
29.98225	-0.672	0.000
29.9825	-0.798	0.000
29.98275	-0.843	0.001
29.983	-0.790	0.000
29.98325	-0.666	0.000
29.9835	-0.515	0.000
29.98375	-0.375	0.000
29.984	-0.280	0.000
29.98425	-0.248	0.000
29.9845	-0.247	0.000
29.98475	-0.205	0.000
29.985	-0.094	0.000
29.98525	0.041	0.000
29.9855	0.148	0.000
29.98575	0.248	0.000
29.986	0.367	0.000
29.98625	0.441	0.000
29.9865	0.368	4.955
29.98675	0.179	4.957
29.987	0.040	-0.000
29.98725	0.072	0.000
29.9875	0.213	0.000
29.98775	0.335	0.001
29.988	0.404	0.001
29.98825	0.472	0.000
29.9885	0.555	0.000
29.98875	0.618	0.000
29.989	0.664	0.000
29.98925	0.733	0.000
29.9895	0.813	0.001
29.98975	0.824	0.000
29.99	0.712	0.000
29.99025	0.509	0.000
29.9905	0.232	0.000
29.99075	-0.188	0.001
29.991	-0.809	-0.001
29.99125	-1.518	0.000
29.9915	-2.064	0.000
29.99175	-2.259	0.000
29.992	-2.127	0.000
29.99225	-1.813	0.000
29.9925	-1.429	0.000
29.99275	-0.994	0.000
29.993	-0.523	0.000
29.99325	-0.068	0.000
29.9935	0.314	-0.000
29.99375	0.618	0.000
29.994	0.865	0.000
29.99425	1.051	0.000
29.9945	1.147	0.001
29.99475	1.148	0.001
29.995	1.097	-0.000
29.99525	1.035	0.000
29.9955	0.952	-0.000
29.99575	0.813	0.000
29.996	0.618	0.000
29.99625	0.410	0.000
29.9965	0.235	0.000
29.99675	0.094	0.000
29.997	-0.035	-0.000
29.99725	-0.167	0.000
29.9975	-0.306	0.000
29.99775	-0.440	0.000
29.998	-0.545	0.000
29.99825	-0.589	-0.000
29.9985	-0.564	0.000
29.99875	-0.497	0.000
29.999	-0.429	0.000
29.99925	-0.378	0.000
29.9995	-0.335	-0.000
29.99975	-0.275	0.000
30	-0.185	0.000
30.00025	-0.069	0.000
30.0005	0.050	0.000
30.00075	0.146	0.000
30.001	0.208	-0.000
30.00125	0.250	-0.000
30.0015	0.291	0.000
30.00175	0.334	0.000
30.002	0.361	0.000
30.00225	0.363	0.001
30.0025	0.354	0.000
30.00275	0.350	0.000
30.003	0.345	0.000
30.00325	0.321	0.000
30.0035	0.273	-0.000
30.00375	0.210	-0.000
30.004	0.145	0.000
30.00425	0.080	0.000
30.0045	0.013	0.001
30.00475	-0.060	0.000
30.005	-0.145	0.000
30.00525	-0.246	0.000
30.0055	-0.351	0.000
30.00575	-0.434	0.000
30.006	-0.480	0.001
30.00625	-0.489	0.000
30.0065	-0.462	0.000
30.00675	-0.397	0.000
30.007	-0.304	0.000
30.00725	-0.203	0.000
30.0075	-0.100	0.000
30.00775	0.027	0.000
30.008	0.177	0.000
30.00825	0.306	0.000
30.0085	0.363	0.000
30.00875	0.347	0.000
30.009	0.291	0.000
30.00925	0.211	-0.000
30.0095	0.102	0.000
30.00975	-0.025	0.000
30.01	-0.142	0.000
30.01025	-0.237	0.000
30.0105	-0.306	0.000
30.01075	-0.318	-0.000
30.011	-0.250	0.000
30.01125	-0.161	0.000
30.0115	-0.152	4.955
30.01175	-0.220	4.957
30.012	-0.221	0.000
30.01225	-0.055	0.001
30.0125	0.168	0.000
30.01275	0.207	0.001
30.013	-0.051	0.000
30.01325	-0.484	0.000
30.0135	-0.862	0.001
30.01375	-1.041	0.000
30.014	-1.025	0.000
30.01425	-0.904	-0.000
30.0145	-0.764	0.001
30.01475	-0.649	-0.000
30.015	-0.568	0.001
30.01525	-0.545	0.000
30.0155	-0.616	-0.000
30.01575	-0.797	0.000
30.016	-1.041	0.000
30.01625	-1.254	0.000
30.0165	-1.353	-0.000
30.01675	-1.291	0.001
30.017	-1.071	-0.000
30.01725	-0.743	0.000
30.0175	-0.388	0.000
30.01775	-0.070	0.000
30.018	0.194	0.000
30.01825	0.414	0.000
30.0185	0.597	0.000
30.01875	0.731	0.000
30.019	0.804	0.000
30.01925	0.811	-0.000
30.0195	0.741	0.000
30.01975	0.599	0.000
30.02	0.414	0.000
30.02025	0.244	-0.000
30.0205	0.137	0.000
30.02075	0.097	0.001
30.021	0.082	0.000
30.02125	0.042	0.000
30.0215	-0.050	0.000
30.02175	-0.183	-0.000
30.022	-0.327	-0.000
30.02225	-0.452	0.000
30.0225	-0.557	0.000
30.02275	-0.653	0.000
30.023	-0.738	-0.000
30.02325	-0.769	0.000
30.0235	-0.690	0.000
30.02375	-0.491	0.001
30.024	-0.229	0.000
30.02425	0.014	-0.000
30.0245	0.173	0.000
30.02475	0.222	0.001
30.025	0.187	0.000
30.02525	0.155	0.000
30.0255	0.218	0.000
30.02575	0.385	0.000
30.026	0.571	0.001
30.02625	0.714	-0.000
30.0265	0.844	0.000
30.02675	0.976	0.000
30.027	0.998	0.001
30.02725	0.745	0.000
30.0275	0.216	0.000
30.02775	-0.376	0.000
30.028	-0.807	0.000
30.02825	-1.022	0.000
30.0285	-1.100	0.000
30.02875	-1.094	0.000
30.029	-0.997	-0.000
30.02925	-0.810	0.000
30.0295	-0.576	-0.000
30.02975	-0.326	0.001
30.03	-0.056	0.001
30.03025	0.228	0.000
30.0305	0.493	0.000
30.03075	0.719	0.000
30.031	0.915	0.000
30.03125	1.080	0.000
30.0315	1.183	0.000
30.03175	1.201	0.000
30.032	1.163	0.000
30.03225	1.119	-0.000
30.0325	1.075	0.000
30.03275	1.000	0.000
30.033	0.886	0.000
30.03325	0.768	0.000
30.0335	0.692	0.001
30.03375	0.668	0.000
30.034	0.656	0.000
30.03425	0.601	-0.000
30.0345	0.474	0.000
30.03475	0.282	0.000
30.035	0.045	0.000
30.03525	-0.212	0.000
30.0355	-0.428	0.000
30.03575	-0.512	-0.000
30.036	-0.445	0.000
30.03625	-0.354	0.000
30.0365	-0.399	4.955
30.03675	-0.591	4.957
30.037	-0.773	0.001
30.03725	-0.810	0.001
30.0375	-0.720	0.001
30.03775	-0.600	0.000
30.038	-0.478	0.000
30.03825	-0.315	0.000
30.0385	-0.102	0.000
30.03875	0.126	0.000
30.039	0.342	-0.000
30.03925	0.551	0.000
30.0395	0.716	0.000
30.03975	0.714	0.000
30.04	0.423	0.000
30.04025	-0.153	0.000
30.0405	-0.850	0.000
30.04075	-1.457	0.000
30.041	-1.840	0.000
30.04125	-1.963	0.000
30.0415	-1.836	-0.000
30.04175	-1.483	0.000
30.042	-0.967	0.000
30.04225	-0.390	0.000
30.0425	0.166	0.000
30.04275	0.669	0.001
30.043	1.110	0.000
30.04325	1.473	0.000
30.0435	1.744	0.000
30.04375	1.932	0.000
30.044	2.035	0.000
30.04425	2.023	0.000
30.0445	1.877	0.000
30.04475	1.637	0.000
30.045	1.369	0.000
30.04525	1.112	0.000
30.0455	0.875	0.000
30.04575	0.666	0.000
30.046	0.494	0.000
30.04625	0.360	0.000
30.0465	0.261	0.000
30.04675	0.207	-0.000
30.047	0.198	-0.000
30.04725	0.194	0.000
30.0475	0.146	0.000
30.04775	0.044	0.000
30.048	-0.069	0.000
30.04825	-0.148	0.000
30.0485	-0.197	0.000
30.04875	-0.256	0.000
30.049	-0.352	0.000
30.04925	-0.450	0.000
30.0495	-0.471	-0.000
30.04975	-0.366	0.000
30.05	-0.189	0.000
30.05025	-0.064	-0.000
30.0505	-0.083	0.000
30.05075	-0.227	0.000
30.051	-0.410	0.000
30.05125	-0.568	0.000
30.0515	-0.692	0.000
30.05175	-0.780	0.000
30.052	-0.807	0.000
30.05225	-0.742	0.000
30.0525	-0.598	-0.000
30.05275	-0.434	0.000
30.053	-0.321	0.001
30.05325	-0.288	0.000
30.0535	-0.303	0.000
30.05375	-0.298	0.000
30.054	-0.223	0.000
30.05425	-0.097	0.000
30.0545	0.043	0.001
30.05475	0.214	0.000
30.055	0.461	0.000
30.05525	0.732	0.001
30.0555	0.845	0.000
30.05575	0.654	0.000
30.056	0.241	0.000
30.05625	-0.142	0.000
30.0565	-0.303	0.000
30.05675	-0.257	0.000
30.057	-0.119	0.000
30.05725	0.036	0.000
30.0575	0.199	0.000
30.05775	0.358	0.000
30.058	0.476	0.000
30.05825	0.538	-0.000
30.0585	0.569	-0.000
30.05875	0.600	-0.000
30.059	0.626	0.000
30.05925	0.612	-0.000
30.0595	0.523	0.000
30.05975	0.351	-0.000
30.06	0.112	0.000
30.06025	-0.152	0.000
30.0605	-0.383	-0.000
30.06075	-0.531	0.001
30.061	-0.630	-0.000
30.06125	-0.794	0.000
30.0615	-1.099	4.956
30.06175	-1.466	4.957
30.062	-1.716	-0.000
30.06225	-1.758	0.000
30.0625	-1.658	0.000
30.06275	-1.517	0.000
30.063	-1.331	0.000
30.06325	-1.032	0.000
30.0635	-0.601	0.000
30.06375	-0.097	0.000
30.064	0.408	0.000
30.06425	0.858	0.001
30.0645	1.176	0.001
30.06475	1.275	-0.000
30.065	1.120	0.000
30.06525	0.766	0.000
30.0655	0.321	0.000
30.06575	-0.117	0.000
30.066	-0.471	-0.000
30.06625	-0.673	0.000
30.0665	-0.674	0.000
30.06675	-0.491	0.000
30.067	-0.203	0.000
30.06725	0.101	0.001
30.0675	0.382	0.001
30.06775	0.640	-0.000
30.068	0.873	0.000
30.06825	1.048	-0.000
30.0685	1.124	0.000
30.06875	1.111	-0.000
30.069	1.075	0.001
30.06925	1.083	0.000
30.0695	1.134	-0.000
30.06975	1.181	-0.000
30.07	1.183	0.001
30.07025	1.147	0.000
30.0705	1.087	0.000
30.07075	0.994	0.000
30.071	0.861	-0.000
30.07125	0.710	0.000
30.0715	0.580	0.000
30.07175	0.497	0.000
30.072	0.455	-0.000
30.07225	0.416	-0.000
30.0725	0.311	0.000
30.07275	0.093	0.001
30.073	-0.190	0.000
30.07325	-0.418	-0.000
30.0735	-0.545	0.000
30.07375	-0.681	0.001
30.074	-0.966	0.000
30.07425	-1.385	0.000
30.0745	-1.764	0.000
30.07475	-1.945	0.000
30.075	-1.912	0.000
30.07525	-1.741	0.000
30.0755	-1.495	0.000
30.07575	-1.186	0.000
30.076	-0.813	0.000
30.07625	-0.394	0.000
30.0765	0.019	0.000
30.07675	0.354	0.000
30.077	0.581	0.000
30.07725	0.750	0.001
30.0775	0.943	0.000
30.07775	1.160	0.000
30.078	1.312	0.000
30.07825	1.320	0.001
30.0785	1.202	0.000
30.07875	1.043	0.000
30.079	0.893	0.000
30.07925	0.748	0.000
30.0795	0.601	0.000
30.07975	0.469	0.000
30.08	0.368	0.000
30.08025	0.295	0.000
30.0805	0.260	0.000
30.08075	0.294	0.000
30.081	0.394	0.000
30.08125	0.493	0.000
30.0815	0.514	0.000
30.08175	0.442	-0.000
30.082	0.309	0.000
30.08225	0.123	0.001
30.0825	-0.142	0.000
30.08275	-0.482	-0.000
30.083	-0.840	0.000
30.08325	-1.153	0.000
30.0835	-1.382	0.000
30.08375	-1.487	0.000
30.084	-1.416	0.000
30.08425	-1.155	0.000
30.0845	-0.766	-0.000
30.08475	-0.366	0.000
30.085	-0.060	0.000
30.08525	0.139	0.000
30.0855	0.315	0.000
30.08575	0.539	0.000
30.086	0.716	0.000
30.08625	0.633	-0.000
30.0865	0.219	4.956
30.08675	-0.286	4.957
30.087	-0.527	0.001
30.08725	-0.382	0.001
30.0875	-0.020	0.000
30.08775	0.358	0.000
30.088	0.694	0.001
30.08825	0.985	-0.000
30.0885	1.173	0.000
30.08875	1.219	0.001
30.089	1.195	0.000
30.08925	1.201	0.000
30.0895	1.240	0.000
30.08975	1.238	-0.000
30.09	1.165	0.001
30.09025	1.067	0.000
30.0905	0.989	-0.000
30.09075	0.930	-0.001
30.091	0.887	0.000
30.09125	0.876	0.000
30.0915	0.911	-0.000
30.09175	0.966	0.001
30.092	1.004	0.000
30.09225	1.007	0.000
30.0925	0.994	0.000
30.09275	0.992	-0.000
30.093	1.004	-0.000
30.09325	1.011	-0.000
30.0935	1.008	0.000
30.09375	1.002	0.000
30.094	0.981	0.000
30.09425	0.887	0.000
30.0945	0.657	0.000
30.09475	0.286	0.001
30.095	-0.167	0.000
30.09525	-0.636	0.000
30.0955	-1.078	0.000
30.09575	-1.442	0.000
30.096	-1.651	0.001
30.09625	-1.660	0.000
30.0965	-1.514	-0.000
30.09675	-1.329	0.000
30.097	-1.191	0.000
30.09725	-1.118	0.000
30.0975	-1.105	0.000
30.09775	-1.167	0.000
30.098	-1.307	-0.000
30.09825	-1.455	0.000
30.0985	-1.504	0.000
30.09875	-1.413	0.000
30.099	-1.240	-0.000
30.09925	-1.065	-0.000
30.0995	-0.895	-0.000
30.09975	-0.695	0.000
30.1	-0.459	0.000
30.10025	-0.215	0.001
30.1005	0.021	0.001
30.10075	0.256	0.001
30.101	0.482	0.000
30.10125	0.687	0.001
30.1015	0.900	0.000
30.10175	1.153	0.000
30.102	1.361	0.000
30.10225	1.336	-0.000
30.1025	0.963	0.000
30.10275	0.345	0.000
30.103	-0.279	0.000
30.10325	-0.729	0.000
30.1035	-0.955	0.000
30.10375	-0.986	-0.000
30.104	-0.864	0.000
30.10425	-0.637	0.000
30.1045	-0.355	0.000
30.10475	-0.072	0.000
30.105	0.138	-0.000
30.10525	0.185	0.001
30.1055	0.038	0.000
30.10575	-0.221	0.000
30.106	-0.459	0.000
30.10625	-0.615	0.000
30.1065	-0.714	0.001
30.10675	-0.776	-0.000
30.107	-0.766	0.000
30.10725	-0.656	0.000
30.1075	-0.479	0.000
30.10775	-0.303	0.000
30.108	-0.157	0.000
30.10825	-0.025	0.000
30.1085	0.119	0.000
30.10875	0.275	0.000
30.109	0.422	0.000
30.10925	0.542	0.000
30.1095	0.647	0.000
30.10975	0.752	0.000
30.11	0.837	-0.000
30.11025	0.857	0.000
30.1105	0.816	0.001
30.11075	0.793	0.000
30.111	0.850	0.000
30.11125	0.918	0.001
30.1115	0.848	4.955
30.11175	0.564	4.956
30.112	0.130	0.001
30.11225	-0.338	0.001
30.1125	-0.763	0.000
30.11275	-1.097	0.000
30.113	-1.281	0.000
30.11325	-1.275	0.001
30.1135	-1.099	0.000
30.11375	-0.797	0.000
30.114	-0.409	0.001
30.11425	0.012	0.000
30.1145	0.378	0.000
30.11475	0.634	0.000
30.115	0.805	0.001
30.11525	0.939	0.000
30.1155	0.994	0.001
30.11575	0.866	0.000
30.116	0.541	0.000
30.11625	0.165	0.000
30.1165	-0.074	0.000
30.11675	-0.107	0.000
30.117	-0.003	0.000
30.11725	0.150	0.000
30.1175	0.328	0.000
30.11775	0.543	0.000
30.118	0.783	0.000
30.11825	1.006	0.000
30.1185	1.177	-0.000
30.11875	1.299	0.000
30.119	1.391	0.000
30.11925	1.455	0.000
30.1195	1.466	0.000
30.11975	1.399	0.000
30.12	1.267	0.000
30.12025	1.114	-0.000
30.1205	0.973	0.000
30.12075	0.829	0.000
30.121	0.642	0.000
30.12125	0.387	0.000
30.1215	0.080	-0.000
30.12175	-0.232	0.001
30.122	-0.502	0.000
30.12225	-0.698	0.001
30.1225	-0.811	0.000
30.12275	-0.851	0.000
30.123	-0.845	-0.000
30.12325	-0.833	0.000
30.1235	-0.865	0.000
30.12375	-0.970	0.000
30.124	-1.141	-0.000
30.12425	-1.329	0.000
30.1245	-1.484	0.001
30.12475	-1.574	0.000
30.125	-1.575	0.000
30.12525	-1.452	0.000
30.1255	-1.178	0.000
30.12575	-0.765	-0.000
30.126	-0.268	0.000
30.12625	0.231	0.000
30.1265	0.655	0.000
30.12675	0.947	0.000
30.127	1.088	0.001
30.12725	1.096	0.000
30.1275	1.020	0.000
30.12775	0.917	-0.000
30.128	0.849	0.000
30.12825	0.855	0.000
30.1285	0.925	0.000
30.12875	0.989	0.000
30.129	0.967	0.000
30.12925	0.828	0.001
30.1295	0.608	0.000
30.12975	0.369	0.000
30.13	0.139	0.000
30.13025	-0.085	-0.000
30.1305	-0.285	0.000
30.13075	-0.418	0.000
30.131	-0.462	0.000
30.13125	-0.449	0.000
30.1315	-0.413	0.000
30.13175	-0.333	0.000
30.132	-0.162	0.000
30.13225	0.086	0.001
30.1325	0.355	0.000
30.13275	0.646	0.000
30.133	1.023	0.000
30.13325	1.455	0.000
30.1335	1.733	0.000
30.13375	1.644	0.000
30.134	1.203	0.000
30.13425	0.618	-0.000
30.1345	0.061	-0.001
30.13475	-0.469	-0.000
30.135	-1.015	0.000
30.13525	-1.511	-0.000
30.1355	-1.804	0.000
30.13575	-1.805	0.000
30.136	-1.561	0.000
30.13625	-1.193	0.000
30.1365	-0.776	4.955
30.13675	-0.314	4.957
30.137	0.198	0.001
30.13725	0.701	0.000
30.1375	1.085	-0.000
30.13775	1.290	0.001
30.138	1.343	0.001
30.13825	1.312	0.000
30.1385	1.243	0.000
30.13875	1.154	0.000
30.139	1.060	0.000
30.13925	0.969	-0.001
30.1395	0.868	-0.000
30.13975	0.748	0.000
30.14	0.616	0.000
30.14025	0.479	0.000
30.1405	0.319	-0.000
30.14075	0.127	0.000
30.141	-0.049	0.000
30.14125	-0.141	-0.000
30.1415	-0.156	-0.000
30.14175	-0.207	0.000
30.142	-0.405	0.000
30.14225	-0.740	0.000
30.1425	-1.078	0.000
30.14275	-1.280	0.001
30.143	-1.288	0.000
30.14325	-1.119	0.000
30.1435	-0.802	0.000
30.14375	-0.372	0.001
30.144	0.114	0.001
30.14425	0.591	0.000
30.1445	1.008	0.000
30.14475	1.342	0.000
30.145	1.583	-0.000
30.14525	1.721	0.000
30.1455	1.763	0.001
30.14575	1.729	-0.000
30.146	1.641	0.000
30.14625	1.508	-0.000
30.1465	1.347	0.000
30.14675	1.193	0.000
30.147	1.085	0.000
30.14725	1.023	0.001
30.1475	0.980	0.000
30.14775	0.918	0.001
30.148	0.810	0.000
30.14825	0.633	0.000
30.1485	0.367	0.000
30.14875	0.025	0.000
30.149	-0.338	0.000
30.14925	-0.653	0.000
30.1495	-0.854	0.000
30.14975	-0.901	-0.000
30.15	-0.808	0.000
30.15025	-0.646	0.001
30.1505	-0.497	0.000
30.15075	-0.386	-0.000
30.151	-0.291	0.000
30.15125	-0.201	-0.001
30.1515	-0.113	0.000
30.15175	0.028	0.000
30.152	0.312	0.000
30.15225	0.761	0.000
30.1525	1.278	0.001
30.15275	1.726	0.000
30.153	2.011	0.000
30.15325	2.058	0.000
30.1535	1.785	0.000
30.15375	1.202	0.000
30.154	0.483	0.001
30.15425	-0.108	0.000
30.1545	-0.407	0.000
30.15475	-0.425	0.000
30.155	-0.271	0.000
30.15525	-0.054	0.000
30.1555	0.144	0.000
30.15575	0.271	0.000
30.156	0.305	0.000
30.15625	0.252	0.000
30.1565	0.138	0.000
30.15675	0.010	-0.000
30.157	-0.074	0.000
30.15725	-0.077	0.001
30.1575	-0.004	0.000
30.15775	0.104	-0.000
30.158	0.208	0.000
30.15825	0.293	0.000
30.1585	0.381	0.000
30.15875	0.503	0.000
30.159	0.661	0.000
30.15925	0.808	0.000
30.1595	0.901	0.001
30.15975	0.931	0.000
30.16	0.905	0.000
30.16025	0.827	0.000
30.1605	0.731	0.001
30.16075	0.694	0.000
30.161	0.758	0.000
30.16125	0.858	0.001
30.1615	0.895	4.955
30.16175	0.880	4.957
30.162	0.926	0.001
30.16225	1.100	0.000
30.1625	1.328	0.001
30.16275	1.465	0.001
30.163	1.424	0.000
30.16325	1.222	0.000
30.1635	0.947	0.000
30.16375	0.680	0.000
30.164	0.434	0.000
30.16425	0.159	0.000
30.1645	-0.180	0.000
30.16475	-0.537	0.000
30.165	-0.821	0.000
30.16525	-0.970	0.000
30.1655	-0.957	0.000
30.16575	-0.759	0.000
30.166	-0.377	0.000
30.16625	0.117	0.000
30.1665	0.610	-0.000
30.16675	1.020	0.001
30.167	1.318	0.000
30.16725	1.501	0.000
30.1675	1.581	0.000
30.16775	1.589	-0.000
30.168	1.548	0.000
30.16825	1.447	0.000
30.1685	1.270	0.000
30.16875	1.046	-0.000
30.169	0.841	0.000
30.16925	0.701	0.000
30.1695	0.630	0.000
30.16975	0.618	-0.000
30.17	0.653	-0.000
30.17025	0.719	0.000
30.1705	0.795	0.000
30.17075	0.872	-0.000
30.171	0.953	-0.000
30.17125	1.031	0.000
30.1715	1.097	-0.000
30.17175	1.149	0.000
30.172	1.191	0.000
30.17225	1.207	0.000
30.1725	1.174	0.000
30.17275	1.071	0.000
30.173	0.890	-0.000
30.17325	0.630	0.000
30.1735	0.322	0.000
30.17375	0.027	0.000
30.174	-0.204	-0.000
30.17425	-0.373	0.000
30.1745	-0.533	0.001
30.17475	-0.731	0.000
30.175	-0.968	-0.000
30.17525	-1.199	0.000
30.1755	-1.342	0.000
30.17575	-1.308	0.000
30.176	-1.069	0.000
30.17625	-0.690	-0.000
30.1765	-0.251	0.001
30.17675	0.235	0.000
30.177	0.775	0.000
30.17725	1.280	-0.000
30.1775	1.581	0.001
30.17775	1.589	0.001
30.178	1.340	0.000
30.17825	0.844	0.000
30.1785	0.004	0.000
30.17875	-1.214	0.000
30.179	-2.571	0.000
30.17925	-3.640	0.000
30.1795	-4.115	0.000
30.17975	-3.979	0.000
30.18	-3.397	-0.000
30.18025	-2.550	0.000
30.1805	-1.578	0.000
30.18075	-0.605	0.000
30.181	0.261	0.000
30.18125	0.957	-0.000
30.1815	1.470	0.000
30.18175	1.823	0.000
30.182	2.065	-0.000
30.18225	2.236	0.000
30.1825	2.356	0.000
30.18275	2.443	0.000
30.183	2.518	0.000
30.18325	2.597	0.000
30.1835	2.674	0.000
30.18375	2.722	0.000
30.184	2.704	0.000
30.18425	2.585	0.000
30.1845	2.355	0.000
30.18475	2.057	0.000
30.185	1.750	-0.000
30.18525	1.459	0.000
30.1855	1.186	0.000
30.18575	0.958	0.000
30.186	0.798	-0.000
30.18625	0.649	0.000
30.1865	0.404	4.955
30.18675	0.057	4.957
30.187	-0.263	0.001
30.18725	-0.447	0.001
30.1875	-0.521	0.000
30.18775	-0.561	0.000
30.188	-0.560	0.000
30.18825	-0.455	0.000
30.1885	-0.234	0.000
30.18875	0.057	0.001
30.189	0.391	0.000
30.18925	0.747	-0.000
30.1895	1.048	0.001
30.18975	1.208	0.000
30.19	1.258	0.000
30.19025	1.329	0.001
30.1905	1.482	0.000
30.19075	1.637	0.000
30.191	1.695	-0.000
30.19125	1.666	0.001
30.1915	1.604	0.000
30.19175	1.477	0.001
30.192	1.201	0.000
30.19225	0.771	0.000
30.1925	0.301	0.000
30.19275	-0.087	0.000
30.193	-0.347	0.001
30.19325	-0.473	0.000
30.1935	-0.446	0.000
30.19375	-0.250	-0.000
30.194	0.086	0.000
30.19425	0.504	0.000
30.1945	0.947	0.000
30.19475	1.375	0.000
30.195	1.745	0.001
30.19525	2.025	0.000
30.1955	2.209	0.000
30.19575	2.316	0.000
30.196	2.360	0.000
30.19625	2.349	0.000
30.1965	2.290	0.001
30.19675	2.196	0.000
30.197	2.073	-0.000
30.19725	1.927	0.000
30.1975	1.765	0.000
30.19775	1.604	0.001
30.198	1.447	0.000
30.19825	1.286	0.000
30.1985	1.117	0.000
30.19875	0.951	0.001
30.199	0.797	0.001
30.19925	0.643	0.000
30.1995	0.462	-0.000
30.19975	0.228	0.000
30.2	-0.058	0.000
30.20025	-0.354	0.000
30.2005	-0.598	0.000
30.20075	-0.751	0.000
30.201	-0.833	0.001
30.20125	-0.893	0.000
30.2015	-0.959	-0.000
30.20175	-1.018	0.000
30.202	-1.045	0.000
30.20225	-1.026	0.000
30.2025	-0.956	0.000
30.20275	-0.838	0.000
30.203	-0.682	-0.000
30.20325	-0.498	0.000
30.2035	-0.305	0.000
30.20375	-0.176	-0.000
30.204	-0.237	-0.000
30.20425	-0.544	0.000
30.2045	-0.991	0.001
30.20475	-1.405	0.001
30.205	-1.737	0.000
30.20525	-2.085	0.000
30.2055	-2.502	0.000
30.20575	-2.877	-0.000
30.206	-3.036	0.001
30.20625	-2.909	0.000
30.2065	-2.534	0.000
30.20675	-1.962	0.001
30.207	-1.229	0.000
30.20725	-0.404	0.000
30.2075	0.423	0.000
30.20775	1.185	0.000
30.208	1.841	0.000
30.20825	2.357	0.001
30.2085	2.725	0.000
30.20875	2.974	-0.000
30.209	3.120	0.000
30.20925	3.124	0.000
30.2095	2.958	0.000
30.20975	2.673	0.000
30.21	2.352	0.000
30.21025	2.015	0.001
30.2105	1.662	-0.001
30.21075	1.337	0.000
30.211	1.086	0.000
30.21125	0.853	0.000
30.2115	0.548	4.955
30.21175	0.198	4.957
30.212	-0.075	0.000
30.21225	-0.241	0.001
30.2125	-0.416	0.000
30.21275	-0.668	-0.000
30.213	-0.879	0.001
30.21325	-0.878	0.001
30.2135	-0.641	0.001
30.21375	-0.295	0.001
30.214	0.038	0.000
30.21425	0.313	0.000
30.2145	0.517	-0.000
30.21475	0.643	0.000
30.215	0.723	0.000
30.21525	0.813	0.000
30.2155	0.928	0.001
30.21575	1.014	0.000
30.216	1.010	0.000
30.21625	0.915	0.000
30.2165	0.768	-0.000
30.21675	0.598	-0.000
30.217	0.418	-0.000
30.21725	0.269	0.000
30.2175	0.213	0.000
30.21775	0.290	0.000
30.218	0.477	0.000
30.21825	0.712	-0.000
30.2185	0.943	0.000
30.21875	1.151	0.001
30.219	1.329	0.001
30.21925	1.468	0.000
30.2195	1.570	0.000
30.21975	1.645	0.000
30.22	1.698	0.001
30.22025	1.729	0.001
30.2205	1.740	0.000
30.22075	1.739	0.000
30.221	1.735	-0.000
30.22125	1.726	-0.000
30.2215	1.711	-0.000
30.22175	1.689	-0.001
30.222	1.665	0.000
30.22225	1.643	0.000
30.2225	1.618	0.000
30.22275	1.591	0.000
30.223	1.562	0.000
30.22325	1.532	0.000
30.2235	1.499	0.000
30.22375	1.464	0.000
30.224	1.426	0.000
30.22425	1.383	0.000
30.2245	1.312	0.000
30.22475	1.176	0.000
30.225	0.946	0.000
30.22525	0.623	0.000
30.2255	0.253	0.000
30.22575	-0.084	-0.000
30.226	-0.298	0.000
30.22625	-0.338	0.000
30.2265	-0.228	0.001
30.22675	-0.061	0.001
30.227	0.061	-0.000
30.22725	0.082	0.000
30.2275	0.010	0.000
30.22775	-0.102	0.000
30.228	-0.190	0.000
30.22825	-0.208	0.000
30.2285	-0.142	0.000
30.22875	-0.011	0.000
30.229	0.161	0.000
30.22925	0.355	0.000
30.2295	0.546	0.000
30.22975	0.700	-0.000
30.23	0.789	0.000
30.23025	0.803	0.000
30.2305	0.746	0.000
30.23075	0.619	0.000
30.231	0.429	0.000
30.23125	0.213	-0.000
30.2315	0.030	0.000
30.23175	-0.082	0.000
30.232	-0.144	0.000
30.23225	-0.228	0.000
30.2325	-0.394	0.000
30.23275	-0.657	0.001
30.233	-0.981	-0.000
30.23325	-1.307	0.000
30.2335	-1.551	0.000
30.23375	-1.614	0.000
30.234	-1.442	0.000
30.23425	-1.059	0.001
30.2345	-0.556	0.000
30.23475	-0.023	0.000
30.235	0.463	-0.000
30.23525	0.840	0.000
30.2355	1.083	0.000
30.23575	1.220	0.000
30.236	1.272	0.000
30.23625	1.184	0.001
30.2365	0.885	4.955
30.23675	0.425	4.957
30.237	-0.031	0.001
30.23725	-0.369	0.000
30.2375	-0.629	0.000
30.23775	-0.917	0.001
30.238	-1.254	0.000
30.23825	-1.577	0.000
30.2385	-1.811	0.000
30.23875	-1.905	0.000
30.239	-1.800	0.000
30.23925	-1.457	0.000
30.2395	-0.913	0.000
30.23975	-0.276	0.000
30.24	0.351	0.000
30.24025	0.898	0.001
30.2405	1.274	0.000
30.24075	1.350	0.000
30.241	1.048	0.000
30.24125	0.444	-0.000
30.2415	-0.239	0.000
30.24175	-0.771	0.000
30.242	-1.036	0.000
30.24225	-1.038	0.000
30.2425	-0.823	0.000
30.24275	-0.440	0.000
30.243	0.049	0.001
30.24325	0.566	0.001
30.2435	1.041	0.000
30.24375	1.435	0.001
30.244	1.738	0.001
30.24425	1.963	0.000
30.2445	2.127	0.000
30.24475	2.235	0.001
30.245	2.257	0.001
30.24525	2.174	-0.000
30.2455	2.014	0.000
30.24575	1.839	0.000
30.246	1.683	0.000
30.24625	1.532	0.000
30.2465	1.361	-0.000
30.24675	1.178	0.000
30.247	1.014	0.000
30.24725	0.882	0.000
30.2475	0.777	0.000
30.24775	0.688	0.001
30.248	0.612	0.001
30.24825	0.551	0.000
30.2485	0.505	-0.000
30.24875	0.476	-0.000
30.249	0.464	0.000
30.24925	0.467	0.000
30.2495	0.482	0.000
30.24975	0.507	0.000
30.25	0.541	-0.000
30.25025	0.581	-0.000
30.2505	0.627	0.000
30.25075	0.679	0.000
30.251	0.733	0.000
30.25125	0.785	0.000
30.2515	0.830	-0.000
30.25175	0.857	0.000
30.252	0.838	0.001
30.25225	0.741	0.000
30.2525	0.568	0.000
30.25275	0.368	0.000
30.253	0.194	0.000
30.25325	0.060	0.000
30.2535	-0.044	-0.000
30.25375	-0.118	-0.000
30.254	-0.152	0.000
30.25425	-0.140	0.000
30.2545	-0.092	-0.000
30.25475	-0.006	0.001
30.255	0.130	0.001
30.25525	0.313	0.000
30.2555	0.524	0.000
30.25575	0.750	0.000
30.256	0.981	0.001
30.25625	1.183	0.000
30.2565	1.297	0.000
30.25675	1.269	0.001
30.257	1.088	0.000
30.25725	0.788	0.000
30.2575	0.439	-0.000
30.25775	0.141	0.000
30.258	-0.030	0.000
30.25825	-0.055	0.001
30.2585	0.030	0.000
30.25875	0.180	-0.000
30.259	0.354	-0.000
30.25925	0.502	0.000
30.2595	0.568	0.000
30.25975	0.528	0.000
30.26	0.384	0.000
30.26025	0.161	0.000
30.2605	-0.078	0.000
30.26075	-0.227	0.001
30.261	-0.235	0.000
30.26125	-0.175	0.000
30.2615	-0.152	4.956
30.26175	-0.155	4.957
30.262	-0.074	0.000
30.26225	0.115	0.001
30.2625	0.281	0.001
30.26275	0.288	0.001
30.263	0.139	0.000
30.26325	-0.060	0.000
30.2635	-0.234	0.001
30.26375	-0.363	0.000
30.264	-0.449	0.001
30.26425	-0.513	0.000
30.2645	-0.603	0.000
30.26475	-0.759	0.000
30.265	-0.977	0.000
30.26525	-1.224	0.000
30.2655	-1.465	0.000
30.26575	-1.644	-0.000
30.266	-1.712	0.000
30.26625	-1.693	0.000
30.2665	-1.710	-0.000
30.26675	-1.868	-0.000
30.267	-2.129	0.001
30.26725	-2.320	0.000
30.2675	-2.270	0.000
30.26775	-1.918	0.001
30.268	-1.310	0.000
30.26825	-0.557	0.000
30.2685	0.210	0.001
30.26875	0.874	0.000
30.269	1.379	-0.000
30.26925	1.735	0.000
30.2695	1.982	0.000
30.26975	2.148	-0.000
30.27	2.238	0.000
30.27025	2.256	0.000
30.2705	2.214	0.000
30.27075	2.128	0.000
30.271	2.010	0.000
30.27125	1.870	0.001
30.2715	1.714	0.000
30.27175	1.549	0.001
30.272	1.384	0.001
30.27225	1.226	0.001
30.2725	1.076	0.000
30.27275	0.936	0.001
30.273	0.806	0.000
30.27325	0.689	0.000
30.2735	0.586	0.001
30.27375	0.498	-0.000
30.274	0.424	0.000
30.27425	0.360	0.000
30.2745	0.304	0.000
30.27475	0.257	0.000
30.275	0.218	0.000
30.27525	0.188	-0.000
30.2755	0.163	0.000
30.27575	0.146	-0.000
30.276	0.139	0.000
30.27625	0.139	-0.000
30.2765	0.144	0.000
30.27675	0.153	0.000
30.277	0.168	0.000
30.27725	0.178	0.000
30.2775	0.154	0.000
30.27775	0.070	0.000
30.278	-0.075	0.000
30.27825	-0.255	0.001
30.2785	-0.445	0.001
30.27875	-0.644	0.000
30.279	-0.875	0.000
30.27925	-1.149	0.000
30.2795	-1.422	0.000
30.27975	-1.605	0.000
30.28	-1.620	0.000
30.28025	-1.455	0.000
30.2805	-1.152	-0.000
30.28075	-0.772	0.000
30.281	-0.368	0.001
30.28125	-0.001	0.000
30.2815	0.271	0.000
30.28175	0.424	0.000
30.282	0.476	0.000
30.28225	0.456	0.000
30.2825	0.389	0.000
30.28275	0.303	0.000
30.283	0.229	-0.000
30.28325	0.188	0.001
30.2835	0.185	0.000
30.28375	0.216	0.000
30.284	0.271	0.000
30.28425	0.333	0.000
30.2845	0.404	0.000
30.28475	0.493	0.000
30.285	0.575	0.000
30.28525	0.568	0.000
30.2855	0.412	0.000
30.28575	0.137	0.001
30.286	-0.191	-0.000
30.28625	-0.567	0.000
30.2865	-1.017	4.955
30.28675	-1.477	4.957
30.287	-1.788	0.001
30.28725	-1.854	0.001
30.2875	-1.729	0.001
30.28775	-1.524	0.000
30.288	-1.293	0.000
30.28825	-1.043	0.001
30.2885	-0.819	0.000
30.28875	-0.687	0.000
30.289	-0.653	0.000
30.28925	-0.658	-0.000
30.2895	-0.650	0.000
30.28975	-0.638	0.000
30.29	-0.656	0.001
30.29025	-0.710	-0.000
30.2905	-0.776	0.000
30.29075	-0.842	-0.000
30.291	-0.947	0.001
30.29125	-1.162	0.001
30.2915	-1.511	0.000
30.29175	-1.910	0.001
30.292	-2.193	0.000
30.29225	-2.218	-0.000
30.2925	-1.940	0.000
30.29275	-1.423	0.000
30.293	-0.782	0.000
30.29325	-0.139	-0.001
30.2935	0.420	0.000
30.29375	0.851	-0.000
30.294	1.157	0.001
30.29425	1.360	0.000
30.2945	1.478	0.000
30.29475	1.522	0.000
30.295	1.505	0.000
30.29525	1.439	0.001
30.2955	1.346	0.001
30.29575	1.243	0.000
30.296	1.143	0.000
30.29625	1.048	-0.000
30.2965	0.955	0.000
30.29675	0.863	0.000
30.297	0.774	0.000
30.29725	0.690	0.000
30.2975	0.611	0.000
30.29775	0.539	0.001
30.298	0.475	0.000
30.29825	0.419	0.000
30.2985	0.369	0.000
30.29875	0.327	0.000
30.299	0.293	0.000
30.29925	0.267	0.000
30.2995	0.247	0.000
30.29975	0.234	0.000
30.3	0.227	0.000
30.30025	0.225	0.001
30.3005	0.225	0.000
30.30075	0.228	0.000
30.301	0.238	0.000
30.30125	0.252	0.000
30.3015	0.255	0.000
30.30175	0.229	0.000
30.302	0.168	0.000
30.30225	0.074	0.000
30.3025	-0.048	0.001
30.30275	-0.186	0.000
30.303	-0.325	0.001
30.30325	-0.446	0.000
30.3035	-0.537	0.000
30.30375	-0.589	0.000
30.304	-0.596	0.000
30.30425	-0.552	0.000
30.3045	-0.455	0.000
30.30475	-0.306	0.000
30.305	-0.115	0.000
30.30525	0.088	0.000
30.3055	0.262	0.000
30.30575	0.384	0.000
30.306	0.455	0.001
30.30625	0.472	-0.000
30.3065	0.417	0.000
30.30675	0.275	-0.000
30.307	0.066	0.000
30.30725	-0.164	-0.000
30.3075	-0.374	-0.000
30.30775	-0.547	0.000
30.308	-0.692	0.000
30.30825	-0.812	0.001
30.3085	-0.884	0.000
30.30875	-0.865	0.001
30.309	-0.739	0.000
30.30925	-0.540	0.000
30.3095	-0.318	-0.000
30.30975	-0.092	0.000
30.31	0.125	0.000
30.31025	0.306	0.000
30.3105	0.437	0.000
30.31075	0.534	-0.000
30.311	0.592	0.000
30.31125	0.538	0.000
30.3115	0.310	4.955
30.31175	-0.031	4.957
30.312	-0.350	0.000
30.31225	-0.588	0.000
30.3125	-0.793	0.000
30.31275	-1.013	0.001
30.313	-1.224	0.000
30.31325	-1.384	0.000
30.3135	-1.495	0.001
30.31375	-1.554	0.001
30.314	-1.523	0.000
30.31425	-1.378	0.000
30.3145	-1.152	0.000
30.31475	-0.915	0.001
30.315	-0.718	0.000
30.31525	-0.604	0.000
30.3155	-0.610	0.001
30.31575	-0.740	-0.000
30.316	-0.967	0.000
30.31625	-1.262	0.000
30.3165	-1.607	0.000
30.31675	-1.965	0.000
30.317	-2.249	0.000
30.31725	-2.356	0.000
30.3175	-2.227	0.001
30.31775	-1.867	-0.000
30.318	-1.338	0.000
30.31825	-0.732	0.000
30.3185	-0.140	-0.000
30.31875	0.383	0.000
30.319	0.812	0.000
30.31925	1.139	0.000
30.3195	1.358	0.000
30.31975	1.477	0.000
30.32	1.515	0.001
30.32025	1.491	0.000
30.3205	1.421	0.000
30.32075	1.320	0.001
30.321	1.205	0.000
30.32125	1.084	0.000
30.3215	0.960	0.000
30.32175	0.833	0.000
30.322	0.709	0.000
30.32225	0.593	0.000
30.3225	0.484	0.000
30.32275	0.382	0.000
30.323	0.289	-0.000
30.32325	0.207	0.000
30.3235	0.136	0.000
30.32375	0.075	0.000
30.324	0.022	-0.000
30.32425	-0.029	-0.000
30.3245	-0.084	-0.000
30.32475	-0.151	0.000
30.325	-0.226	0.001
30.32525	-0.297	0.000
30.3255	-0.353	0.000
30.32575	-0.385	0.000
30.326	-0.388	0.001
30.32625	-0.363	0.000
30.3265	-0.313	0.001
30.32675	-0.245	0.000
30.327	-0.169	0.000
30.32725	-0.099	0.001
30.3275	-0.054	0.000
30.32775	-0.050	0.001
30.328	-0.100	0.000
30.32825	-0.203	0.000
30.3285	-0.336	0.000
30.32875	-0.464	0.000
30.329	-0.550	0.000
30.32925	-0.570	0.000
30.3295	-0.525	0.000
30.32975	-0.430	0.000
30.33	-0.297	0.000
30.33025	-0.142	0.000
30.3305	0.016	0.001
30.33075	0.156	0.000
30.331	0.255	0.001
30.33125	0.304	0.000
30.3315	0.304	0.000
30.33175	0.258	0.000
30.332	0.168	0.000
30.33225	0.032	0.000
30.3325	-0.147	0.000
30.33275	-0.361	0.001
30.333	-0.603	0.001
30.33325	-0.862	0.000
30.3335	-1.106	0.000
30.33375	-1.307	0.000
30.334	-1.483	0.000
30.33425	-1.682	0.001
30.3345	-1.897	0.000
30.33475	-2.047	0.000
30.335	-2.068	0.001
30.33525	-2.005	-0.000
30.3355	-1.934	0.000
30.33575	-1.854	0.000
30.336	-1.714	0.000
30.33625	-1.526	0.001
30.3365	-1.357	4.955
30.33675	-1.193	4.957
30.337	-0.930	0.000
30.33725	-0.524	0.001
30.3375	-0.079	0.001
30.33775	0.269	0.000
30.338	0.479	0.000
30.33825	0.585	0.000
30.3385	0.612	0.001
30.33875	0.554	0.000
30.339	0.424	0.000
30.33925	0.260	0.000
30.3395	0.087	0.000
30.33975	-0.093	0.000
30.34	-0.280	0.001
30.34025	-0.460	0.000
30.3405	-0.613	0.000
30.34075	-0.732	0.001
30.341	-0.843	-0.000
30.34125	-0.990	0.000
30.3415	-1.196	0.000
30.34175	-1.436	0.000
30.342	-1.661	0.001
30.34225	-1.824	0.000
30.3425	-1.893	0.000
30.34275	-1.839	0.000
30.343	-1.661	0.000
30.34325	-1.405	-0.000
30.3435	-1.138	0.000
30.34375	-0.892	-0.000
30.344	-0.658	-0.000
30.34425	-0.423	0.000
30.3445	-0.200	0.000
30.34475	-0.006	0.000
30.345	0.151	0.000
30.34525	0.279	0.000
30.3455	0.388	0.000
30.34575	0.483	0.000
30.346	0.565	0.000
30.34625	0.631	0.000
30.3465	0.677	0.000
30.34675	0.700	0.000
30.347	0.705	0.000
30.34725	0.696	-0.000
30.3475	0.674	-0.000
30.34775	0.642	0.000
30.348	0.605	0.000
30.34825	0.565	0.000
30.3485	0.524	0.000
30.34875	0.482	0.000
30.349	0.440	0.000
30.34925	0.399	0.001
30.3495	0.360	0.000
30.34975	0.323	0.001
30.35	0.287	0.000
30.35025	0.253	0.001
30.3505	0.220	0.001
30.35075	0.185	0.000
30.351	0.140	0.001
30.35125	0.080	0.000
30.3515	0.004	0.000
30.35175	-0.085	0.000
30.352	-0.178	-0.000
30.35225	-0.265	0.000
30.3525	-0.327	0.001
30.35275	-0.353	0.000
30.353	-0.344	0.000
30.35325	-0.311	0.000
30.3535	-0.267	0.000
30.35375	-0.223	0.001
30.354	-0.182	0.000
30.35425	-0.143	0.000
30.3545	-0.114	0.000
30.35475	-0.111	0.000
30.355	-0.142	0.001
30.35525	-0.188	0.000
30.3555	-0.219	0.001
30.35575	-0.226	0.000
30.356	-0.237	0.000
30.35625	-0.293	0.000
30.3565	-0.402	0.000
30.35675	-0.546	0.000
30.357	-0.715	-0.000
30.35725	-0.912	0.001
30.3575	-1.126	0.000
30.35775	-1.309	0.000
30.358	-1.407	0.000
30.35825	-1.400	-0.000
30.3585	-1.306	0.000
30.35875	-1.160	-0.000
30.359	-1.002	0.000
30.35925	-0.871	0.000
30.3595	-0.775	0.000
30.35975	-0.689	-0.000
30.36	-0.598	0.000
30.36025	-0.521	0.000
30.3605	-0.455	0.000
30.36075	-0.361	0.001
30.361	-0.240	-0.000
30.36125	-0.185	0.000
30.3615	-0.291	4.956
30.36175	-0.500	4.957
30.362	-0.634	0.001
30.36225	-0.591	0.001
30.3625	-0.442	0.000
30.36275	-0.314	0.001
30.363	-0.243	0.001
30.36325	-0.197	0.000
30.3635	-0.156	0.000
30.36375	-0.131	0.000
30.364	-0.114	0.000
30.36425	-0.079	0.000
30.3645	-0.020	0.000
30.36475	0.043	0.000
30.365	0.085	0.000
30.36525	0.083	0.000
30.3655	0.015	0.000
30.36575	-0.130	0.000
30.366	-0.343	0.001
30.36625	-0.605	0.000
30.3665	-0.899	0.000
30.36675	-1.205	0.000
30.367	-1.490	0.001
30.36725	-1.713	0.000
30.3675	-1.831	0.000
30.36775	-1.810	0.001
30.368	-1.633	0.000
30.36825	-1.321	0.000
30.3685	-0.936	0.000
30.36875	-0.552	0.000
30.369	-0.222	0.000
30.36925	0.041	-0.000
30.3695	0.251	0.000
30.36975	0.421	0.000
30.37	0.554	0.000
30.37025	0.648	0.000
30.3705	0.702	0.000
30.37075	0.718	-0.000
30.371	0.698	0.000
30.37125	0.648	-0.001
30.3715	0.581	0.000
30.37175	0.512	0.000
30.372	0.445	-0.000
30.37225	0.380	0.000
30.3725	0.316	0.000
30.37275	0.256	0.000
30.373	0.201	0.001
30.37325	0.149	0.000
30.3735	0.100	0.001
30.37375	0.057	0.001
30.374	0.020	0.000
30.37425	-0.011	0.000
30.3745	-0.037	0.000
30.37475	-0.060	0.001
30.375	-0.082	0.000
30.37525	-0.103	0.000
30.3755	-0.122	0.001
30.37575	-0.139	0.001
30.376	-0.155	-0.000
30.37625	-0.166	0.000
30.3765	-0.174	0.001
30.37675	-0.177	0.000
30.377	-0.181	0.000
30.37725	-0.187	0.000
30.3775	-0.196	0.000
30.37775	-0.210	0.001
30.378	-0.246	0.000
30.37825	-0.330	0.000
30.3785	-0.476	0.000
30.37875	-0.666	0.000
30.379	-0.850	0.000
30.37925	-0.980	0.000
30.3795	-1.046	0.001
30.37975	-1.076	0.000
30.38	-1.110	0.000
30.38025	-1.151	0.000
30.3805	-1.172	0.001
30.38075	-1.141	0.000
30.381	-1.056	0.000
30.38125	-0.935	0.000
30.3815	-0.797	0.001
30.38175	-0.652	0.000
30.382	-0.512	0.000
30.38225	-0.390	0.000
30.3825	-0.291	0.000
30.38275	-0.209	0.000
30.383	-0.143	0.001
30.38325	-0.100	0.000
30.3835	-0.076	0.000
30.38375	-0.059	0.000
30.384	-0.055	0.000
30.38425	-0.095	-0.000
30.3845	-0.185	0.001
30.38475	-0.286	0.000
30.385	-0.369	0.000
30.38525	-0.447	0.001
30.3855	-0.526	-0.000
30.38575	-0.559	0.000
30.386	-0.517	0.000
30.38625	-0.473	0.000
30.3865	-0.535	4.955
30.38675	-0.688	4.957
30.387	-0.794	0.001
30.38725	-0.759	0.001
30.3875	-0.633	0.001
30.38775	-0.517	0.000
30.388	-0.436	0.000
30.38825	-0.367	0.000
30.3885	-0.314	0.000
30.38875	-0.303	0.000
30.389	-0.333	0.000
30.38925	-0.377	0.000
30.3895	-0.417	0.000
30.38975	-0.452	0.000
30.39	-0.470	0.000
30.39025	-0.457	0.000
30.3905	-0.419	0.000
30.39075	-0.367	0.000
30.391	-0.295	0.000
30.39125	-0.189	0.000
30.3915	-0.055	0.000
30.39175	0.086	0.000
30.392	0.212	0.000
30.39225	0.315	0.001
30.3925	0.390	0.000
30.39275	0.434	0.001
30.393	0.444	0.000
30.39325	0.416	0.000
30.3935	0.349	0.000
30.39375	0.255	0.001
30.394	0.157	0.000
30.39425	0.067	0.000
30.3945	-0.011	0.000
30.39475	-0.077	0.000
30.395	-0.121	0.001
30.39525	-0.135	0.000
30.3955	-0.119	0.000
30.39575	-0.079	0.000
30.396	-0.023	0.000
30.39625	0.040	0.001
30.3965	0.097	0.000
30.39675	0.133	-0.000
30.397	0.142	0.000
30.39725	0.133	0.000
30.3975	0.116	0.000
30.39775	0.101	0.001
30.398	0.090	0.000
30.39825	0.076	0.000
30.3985	0.052	0.000
30.39875	0.014	0.000
30.399	-0.038	0.000
30.39925	-0.099	0.000
30.3995	-0.159	0.000
30.39975	-0.208	0.001
30.4	-0.234	0.000
30.40025	-0.232	0.000
30.4005	-0.212	0.000
30.40075	-0.187	0.000
30.401	-0.163	0.000
30.40125	-0.142	0.000
30.4015	-0.126	0.000
30.40175	-0.128	0.001
30.402	-0.159	0.000
30.40225	-0.222	0.000
30.4025	-0.306	0.001
30.40275	-0.399	0.000
30.403	-0.493	0.001
30.40325	-0.577	0.001
30.4035	-0.641	0.000
30.40375	-0.672	0.000
30.404	-0.663	0.000
30.40425	-0.621	0.001
30.4045	-0.562	0.000
30.40475	-0.505	0.000
30.405	-0.479	0.000
30.40525	-0.512	0.000
30.4055	-0.615	-0.000
30.40575	-0.757	0.000
30.406	-0.882	0.000
30.40625	-0.943	0.000
30.4065	-0.932	0.000
30.40675	-0.869	-0.000
30.407	-0.788	0.000
30.40725	-0.721	0.000
30.4075	-0.689	0.000
30.40775	-0.691	0.000
30.408	-0.715	0.000
30.40825	-0.746	0.000
30.4085	-0.758	0.000
30.40875	-0.731	-0.000
30.409	-0.669	0.000
30.40925	-0.606	0.001
30.4095	-0.561	0.000
30.40975	-0.518	0.001
30.41	-0.467	0.000
30.41025	-0.438	0.001
30.4105	-0.447	0.000
30.41075	-0.452	0.000
30.411	-0.430	0.000
30.41125	-0.453	0.000
30.4115	-0.610	4.956
30.41175	-0.848	4.957
30.412	-0.989	0.001
30.41225	-0.927	0.000
30.4125	-0.732	0.000
30.41275	-0.528	0.000
30.413	-0.355	0.000
30.41325	-0.195	0.000
30.4135	-0.071	0.000
30.41375	-0.034	0.001
30.414	-0.092	0.000
30.41425	-0.200	0.000
30.4145	-0.323	0.001
30.41475	-0.447	-0.000
30.415	-0.554	0.001
30.41525	-0.618	0.001
30.4155	-0.636	0.000
30.41575	-0.623	0.000
30.416	-0.586	0.000
30.41625	-0.511	0.001
30.4165	-0.398	0.000
30.41675	-0.263	0.000
30.417	-0.130	0.000
30.41725	-0.013	0.000
30.4175	0.080	0.000
30.41775	0.144	0.001
30.418	0.180	0.000
30.41825	0.198	0.000
30.4185	0.208	0.000
30.41875	0.214	0.001
30.419	0.213	-0.000
30.41925	0.203	0.000
30.4195	0.182	0.000
30.41975	0.154	0.001
30.42	0.115	0.000
30.42025	0.066	0.000
30.4205	0.012	0.000
30.42075	-0.040	0.000
30.421	-0.084	0.000
30.42125	-0.124	0.000
30.4215	-0.162	0.001
30.42175	-0.200	0.000
30.422	-0.233	0.000
30.42225	-0.260	0.000
30.4225	-0.282	0.000
30.42275	-0.300	0.000
30.423	-0.315	0.000
30.42325	-0.325	0.000
30.4235	-0.331	0.000
30.42375	-0.334	0.000
30.424	-0.333	0.000
30.42425	-0.329	-0.000
30.4245	-0.323	0.000
30.42475	-0.316	0.000
30.425	-0.311	0.000
30.42525	-0.307	0.000
30.4255	-0.305	0.000
30.42575	-0.302	0.000
30.426	-0.298	0.000
30.42625	-0.296	0.000
30.4265	-0.298	0.000
30.42675	-0.308	0.000
30.427	-0.325	0.001
30.42725	-0.347	0.000
30.4275	-0.380	0.000
30.42775	-0.423	0.001
30.428	-0.472	0.000
30.42825	-0.523	0.000
30.4285	-0.577	0.001
30.42875	-0.635	0.000
30.429	-0.691	-0.000
30.42925	-0.724	0.000
30.4295	-0.717	0.000
30.42975	-0.671	-0.000
30.43	-0.600	0.000
30.43025	-0.518	0.000
30.4305	-0.428	0.000
30.43075	-0.328	0.000
30.431	-0.224	0.001
30.43125	-0.129	0.000
30.4315	-0.053	0.001
30.43175	0.002	0.000
30.432	0.036	0.001
30.43225	0.048	0.000
30.4325	0.039	0.001
30.43275	0.017	-0.000
30.433	-0.020	0.000
30.43325	-0.083	0.001
30.4335	-0.169	0.000
30.43375	-0.256	0.000
30.434	-0.331	-0.000
30.43425	-0.405	0.000
30.4345	-0.483	0.000
30.43475	-0.537	0.001
30.435	-0.552	0.000
30.43525	-0.556	0.001
30.4355	-0.564	0.000
30.43575	-0.540	0.000
30.436	-0.468	0.000
30.43625	-0.432	0.001
30.4365	-0.542	4.956
30.43675	-0.764	4.957
30.437	-0.933	0.001
30.43725	-0.939	0.001
30.4375	-0.839	0.000
30.43775	-0.744	0.000
30.438	-0.674	0.000
30.43825	-0.585	0.000
30.4385	-0.466	0.000
30.43875	-0.355	0.000
30.439	-0.275	0.000
30.43925	-0.220	0.000
30.4395	-0.192	0.001
30.43975	-0.203	0.000
30.44	-0.246	0.000
30.44025	-0.298	0.001
30.4405	-0.345	0.001
30.44075	-0.383	-0.000
30.441	-0.403	0.000
30.44125	-0.389	0.000
30.4415	-0.338	0.000
30.44175	-0.259	0.000
30.442	-0.160	0.000
30.44225	-0.050	-0.000
30.4425	0.061	0.001
30.44275	0.156	0.000
30.443	0.219	0.001
30.44325	0.237	0.001
30.4435	0.206	0.001
30.44375	0.132	-0.000
30.444	0.028	0.000
30.44425	-0.091	-0.001
30.4445	-0.206	0.000
30.44475	-0.299	0.000
30.445	-0.357	0.000
30.44525	-0.376	0.001
30.4455	-0.362	0.000
30.44575	-0.326	0.000
30.446	-0.280	0.000
30.44625	-0.236	-0.000
30.4465	-0.202	0.000
30.44675	-0.180	0.000
30.447	-0.170	0.001
30.44725	-0.176	0.000
30.4475	-0.207	0.001
30.44775	-0.265	0.000
30.448	-0.343	0.000
30.44825	-0.429	0.000
30.4485	-0.519	0.000
30.44875	-0.617	0.000
30.449	-0.727	0.000
30.44925	-0.841	0.000
30.4495	-0.939	0.000
30.44975	-0.999	0.000
30.45	-1.009	0.000
30.45025	-0.966	0.000
30.4505	-0.876	0.001
30.45075	-0.750	0.001
30.451	-0.599	-0.000
30.45125	-0.440	0.000
30.4515	-0.293	0.000
30.45175	-0.171	0.000
30.452	-0.083	0.000
30.45225	-0.026	0.001
30.4525	0.002	0.001
30.45275	0.009	0.000
30.453	-0.000	0.001
30.45325	-0.022	0.000
30.4535	-0.053	0.000
30.45375	-0.091	0.001
30.454	-0.133	0.000
30.45425	-0.175	0.000
30.4545	-0.218	0.000
30.45475	-0.264	0.001
30.455	-0.311	0.000
30.45525	-0.353	0.000
30.4555	-0.387	0.000
30.45575	-0.410	0.000
30.456	-0.434	0.000
30.45625	-0.478	0.001
30.4565	-0.545	0.000
30.45675	-0.620	0.000
30.457	-0.684	-0.000
30.45725	-0.734	0.000
30.4575	-0.771	0.000
30.45775	-0.786	0.000
30.458	-0.774	0.000
30.45825	-0.744	0.000
30.4585	-0.707	0.000
30.45875	-0.661	0.000
30.459	-0.611	0.000
30.45925	-0.576	0.000
30.4595	-0.566	0.000
30.45975	-0.553	0.000
30.46	-0.517	0.000
30.46025	-0.480	0.001
30.4605	-0.460	0.001
30.46075	-0.424	0.001
30.461	-0.352	0.001
30.46125	-0.310	0.000
30.4615	-0.388	4.956
30.46175	-0.553	4.956
30.462	-0.655	0.001
30.46225	-0.605	0.000
30.4625	-0.476	0.001
30.46275	-0.376	0.001
30.463	-0.323	0.000
30.46325	-0.271	0.000
30.4635	-0.212	0.001
30.46375	-0.180	0.000
30.464	-0.183	0.000
30.46425	-0.199	-0.000
30.4645	-0.220	0.001
30.46475	-0.260	0.000
30.465	-0.310	0.000
30.46525	-0.348	0.000
30.4655	-0.368	0.000
30.46575	-0.387	-0.000
30.466	-0.420	0.000
30.46625	-0.466	0.000
30.4665	-0.520	0.000
30.46675	-0.581	0.000
30.467	-0.642	0.000
30.46725	-0.685	0.000
30.4675	-0.698	0.000
30.46775	-0.674	-0.000
30.468	-0.612	0.001
30.46825	-0.515	0.000
30.4685	-0.397	0.000
30.46875	-0.279	0.000
30.469	-0.187	0.000
30.46925	-0.138	0.000
30.4695	-0.133	0.000
30.46975	-0.163	0.000
30.47	-0.212	0.000
30.47025	-0.266	-0.000
30.4705	-0.313	0.000
30.47075	-0.346	0.000
30.471	-0.361	0.000
30.47125	-0.361	0.000
30.4715	-0.347	0.001
30.47175	-0.319	0.000
30.472	-0.282	0.000
30.47225	-0.241	0.000
30.4725	-0.205	0.000
30.47275	-0.178	0.000
30.473	-0.159	0.000
30.47325	-0.148	0.000
30.4735	-0.144	0.000
30.47375	-0.146	0.000
30.474	-0.150	0.000
30.47425	-0.157	0.001
30.4745	-0.170	0.000
30.47475	-0.188	0.000
30.475	-0.212	0.000
30.47525	-0.238	0.000
30.4755	-0.265	0.000
30.47575	-0.288	0.000
30.476	-0.305	0.000
30.47625	-0.313	0.001
30.4765	-0.313	0.000
30.47675	-0.306	0.000
30.477	-0.294	0.000
30.47725	-0.283	0.000
30.4775	-0.274	0.000
30.47775	-0.268	0.000
30.478	-0.266	-0.000
30.47825	-0.266	0.000
30.4785	-0.265	0.000
30.47875	-0.263	0.001
30.479	-0.265	0.000
30.47925	-0.279	0.000
30.4795	-0.309	0.000
30.47975	-0.351	0.000
30.48	-0.392	0.000
30.48025	-0.427	0.000
30.4805	-0.449	0.000
30.48075	-0.454	0.000
30.481	-0.435	0.001
30.48125	-0.395	0.000
30.4815	-0.342	0.000
30.48175	-0.285	0.000
30.482	-0.232	0.000
30.48225	-0.196	0.001
30.4825	-0.181	0.000
30.48275	-0.180	0.000
30.483	-0.185	0.000
30.48325	-0.195	0.000
30.4835	-0.210	0.001
30.48375	-0.215	0.000
30.484	-0.210	0.000
30.48425	-0.211	0.000
30.4845	-0.227	0.000
30.48475	-0.241	0.001
30.485	-0.245	0.000
30.48525	-0.270	0.000
30.4855	-0.331	0.000
30.48575	-0.389	0.000
30.486	-0.418	0.000
30.48625	-0.483	0.000
30.4865	-0.670	4.955
30.48675	-0.928	4.957
30.487	-1.087	0.000
30.48725	-1.054	0.001
30.4875	-0.909	0.001
30.48775	-0.785	0.001
30.488	-0.717	0.000
30.48825	-0.663	0.000
30.4885	-0.603	0.000
30.48875	-0.556	0.000
30.489	-0.525	0.000
30.48925	-0.486	0.000
30.4895	-0.436	0.000
30.48975	-0.390	-0.000
30.49	-0.350	0.000
30.49025	-0.299	0.001
30.4905	-0.234	0.000
30.49075	-0.171	0.000
30.491	-0.122	0.000
30.49125	-0.091	0.001
30.4915	-0.078	0.001
30.49175	-0.083	0.000
30.492	-0.102	0.000
30.49225	-0.123	0.000
30.4925	-0.141	0.000
30.49275	-0.153	0.000
30.493	-0.159	0.000
30.49325	-0.159	0.000
30.4935	-0.154	0.000
30.49375	-0.150	0.000
30.494	-0.152	0.001
30.49425	-0.152	0.001
30.4945	-0.152	0.000
30.49475	-0.152	0.000
30.495	-0.152	0.000
30.49525	-0.152	0.001
30.4955	-0.152	0.000
30.49575	-0.152	0.001
30.496	-0.152	0.000
30.49625	-0.152	0.001
30.4965	-0.152	0.000
30.49675	-0.152	-0.000
30.497	-0.152	0.000
30.49725	-0.152	0.000
30.4975	-0.152	0.001
30.49775	-0.152	0.000
30.498	-0.152	0.000
30.49825	-0.152	0.001
30.4985	-0.152	0.001
30.49875	-0.152	0.000
30.499	-0.152	0.000
30.49925	-0.152	0.000
30.4995	-0.152	0.000
30.49975	-0.152	0.000
30.5	-0.152	0.000
30.50025	-0.152	0.000
30.5005	-0.152	0.000
30.50075	-0.152	0.000
30.501	-0.152	-0.000
30.50125	-0.152	0.000
30.5015	-0.152	0.000
30.50175	-0.152	0.000
30.502	-0.152	0.000
30.50225	-0.152	0.000
30.5025	-0.152	0.001
30.50275	-0.152	0.001
30.503	-0.152	0.000
30.50325	-0.152	0.000
30.5035	-0.152	0.000
