45	0.100	-70.000	
45	0.200	-70.000	
45	0.300	-70.000	
45	0.400	-70.000	
45	0.500	-70.000	
45	0.600	-70.000	
45	0.700	-70.000	
45	0.800	-70.000	
45	0.900	-70.000	
45	1.000	-70.000	
45	1.100	-70.000	
45	1.200	-70.000	
45	1.300	-70.000	
45	1.400	-70.000	
45	1.500	-70.000	
45	1.600	-70.000	
45	1.700	-70.000	
45	1.800	-69.999	
45	1.900	-69.999	
45	2.000	-69.999	
45	2.100	-69.999	
45	2.200	-69.999	
45	2.300	-69.999	
45	2.400	-69.999	
45	2.500	-69.999	
45	2.600	-69.999	
45	2.700	-69.999	
45	2.800	-69.999	
45	2.900	-69.999	
45	3.000	-69.999	
45	3.100	-69.999	
45	3.200	-69.999	
45	3.300	-69.999	
45	3.400	-69.999	
45	3.500	-69.999	
45	3.600	-69.999	
45	3.700	-69.999	
45	3.800	-69.999	
45	3.900	-69.999	
45	4.000	-69.999	
45	4.100	-69.999	
45	4.200	-69.999	
45	4.300	-69.999	
45	4.400	-69.999	
45	4.500	-69.999	
45	4.600	-69.999	
45	4.700	-69.999	
45	4.800	-69.999	
45	4.900	-69.999	
45	5.000	-69.999	
45	5.100	-69.999	
45	5.200	-69.999	
45	5.300	-69.999	
45	5.400	-69.999	
45	5.500	-69.999	
45	5.600	-69.999	
45	5.700	-69.999	
45	5.800	-69.999	
45	5.900	-69.999	
45	6.000	-69.999	
45	6.100	-69.999	
45	6.200	-69.999	
45	6.300	-69.999	
45	6.400	-69.999	
45	6.500	-69.999	
45	6.600	-69.999	
45	6.700	-69.999	
45	6.800	-69.999	
45	6.900	-69.999	
45	7.000	-69.999	
45	7.100	-69.999	
45	7.200	-69.999	
45	7.300	-69.999	
45	7.400	-69.999	
45	7.500	-69.999	
45	7.600	-69.999	
45	7.700	-69.999	
45	7.800	-69.999	
45	7.900	-69.999	
45	8.000	-69.999	
45	8.100	-69.999	
45	8.200	-69.999	
45	8.300	-69.999	
45	8.400	-69.999	
45	8.500	-69.999	
45	8.600	-69.999	
45	8.700	-69.999	
45	8.800	-69.999	
45	8.900	-69.999	
45	9.000	-69.999	
45	9.100	-69.999	
45	9.200	-69.999	
45	9.300	-69.999	
45	9.400	-69.999	
45	9.500	-69.999	
45	9.600	-69.999	
45	9.700	-69.999	
45	9.800	-69.999	
45	9.900	-69.998	
45	10.000	-69.998	
45	10.100	-69.998	
45	10.200	-69.998	
45	10.300	-69.998	
45	10.400	-69.998	
45	10.500	-69.998	
45	10.600	-69.998	
45	10.700	-69.998	
45	10.800	-69.998	
45	10.900	-69.998	
45	11.000	-69.998	
45	11.100	-69.998	
45	11.200	-69.998	
45	11.300	-69.998	
45	11.400	-69.998	
45	11.500	-69.998	
45	11.600	-69.998	
45	11.700	-69.998	
45	11.800	-69.998	
45	11.900	-69.998	
45	12.000	-69.998	
45	12.100	-69.998	
45	12.200	-69.998	
45	12.300	-69.998	
45	12.400	-69.998	
45	12.500	-69.998	
45	12.600	-69.998	
45	12.700	-69.998	
45	12.800	-69.998	
45	12.900	-69.998	
45	13.000	-69.998	
45	13.100	-69.998	
45	13.200	-69.998	
45	13.300	-69.998	
45	13.400	-69.998	
45	13.500	-69.998	
45	13.600	-69.998	
45	13.700	-69.998	
45	13.800	-69.998	
45	13.900	-69.998	
45	14.000	-69.998	
45	14.100	-69.998	
45	14.200	-69.998	
45	14.300	-69.998	
45	14.400	-69.998	
45	14.500	-69.998	
45	14.600	-69.998	
45	14.700	-69.998	
45	14.800	-69.998	
45	14.900	-69.998	
45	15.000	-69.998	
45	15.100	-69.998	
45	15.200	-69.998	
45	15.300	-69.998	
45	15.400	-69.998	
45	15.500	-69.998	
45	15.600	-69.998	
45	15.700	-69.998	
45	15.800	-69.998	
45	15.900	-69.998	
45	16.000	-69.998	
45	16.100	-69.998	
45	16.200	-69.998	
45	16.300	-69.998	
45	16.400	-69.998	
45	16.500	-69.998	
45	16.600	-69.998	
45	16.700	-69.998	
45	16.800	-69.998	
45	16.900	-69.998	
45	17.000	-69.998	
45	17.100	-69.998	
45	17.200	-69.998	
45	17.300	-69.998	
45	17.400	-69.998	
45	17.500	-69.998	
45	17.600	-69.998	
45	17.700	-69.998	
45	17.800	-69.998	
45	17.900	-69.998	
45	18.000	-69.998	
45	18.100	-69.998	
45	18.200	-69.998	
45	18.300	-69.998	
45	18.400	-69.998	
45	18.500	-69.998	
45	18.600	-69.998	
45	18.700	-69.998	
45	18.800	-69.998	
45	18.900	-69.998	
45	19.000	-69.998	
45	19.100	-69.998	
45	19.200	-69.998	
45	19.300	-69.998	
45	19.400	-69.998	
45	19.500	-69.998	
45	19.600	-69.998	
45	19.700	-69.998	
45	19.800	-69.998	
45	19.900	-69.998	
45	20.000	-69.998	
45	20.100	-69.998	
45	20.200	-69.998	
45	20.300	-69.998	
45	20.400	-69.998	
45	20.500	-69.998	
45	20.600	-69.998	
45	20.700	-69.998	
45	20.800	-69.998	
45	20.900	-69.998	
45	21.000	-69.998	
45	21.100	-69.998	
45	21.200	-69.998	
45	21.300	-69.998	
45	21.400	-69.998	
45	21.500	-69.998	
45	21.600	-69.998	
45	21.700	-69.998	
45	21.800	-69.998	
45	21.900	-69.998	
45	22.000	-69.998	
45	22.100	-69.998	
45	22.200	-69.998	
45	22.300	-69.998	
45	22.400	-69.998	
45	22.500	-69.998	
45	22.600	-69.998	
45	22.700	-69.998	
45	22.800	-69.998	
45	22.900	-69.998	
45	23.000	-69.998	
45	23.100	-69.998	
45	23.200	-69.998	
45	23.300	-69.998	
45	23.400	-69.998	
45	23.500	-69.998	
45	23.600	-69.998	
45	23.700	-69.998	
45	23.800	-69.998	
45	23.900	-69.998	
45	24.000	-69.998	
45	24.100	-69.998	
45	24.200	-69.998	
45	24.300	-69.998	
45	24.400	-69.998	
45	24.500	-69.998	
45	24.600	-69.998	
45	24.700	-69.998	
45	24.800	-69.998	
45	24.900	-69.998	
45	25.000	-69.998	
45	25.100	-69.998	
45	25.200	-69.998	
45	25.300	-69.998	
45	25.400	-69.998	
45	25.500	-69.998	
45	25.600	-69.998	
45	25.700	-69.998	
45	25.800	-69.998	
45	25.900	-69.998	
45	26.000	-69.998	
45	26.100	-69.998	
45	26.200	-69.998	
45	26.300	-69.998	
45	26.400	-69.998	
45	26.500	-69.998	
45	26.600	-69.998	
45	26.700	-69.998	
45	26.800	-69.998	
45	26.900	-69.998	
45	27.000	-69.998	
45	27.100	-69.998	
45	27.200	-69.998	
45	27.300	-69.998	
45	27.400	-69.998	
45	27.500	-69.998	
45	27.600	-69.998	
45	27.700	-69.998	
45	27.800	-69.998	
45	27.900	-69.998	
45	28.000	-69.998	
45	28.100	-69.998	
45	28.200	-69.998	
45	28.300	-69.998	
45	28.400	-69.998	
45	28.500	-69.998	
45	28.600	-69.998	
45	28.700	-69.998	
45	28.800	-69.998	
45	28.900	-69.998	
45	29.000	-69.998	
45	29.100	-69.998	
45	29.200	-69.998	
45	29.300	-69.998	
45	29.400	-69.998	
45	29.500	-69.998	
45	29.600	-69.998	
45	29.700	-69.998	
45	29.800	-69.998	
45	29.900	-69.998	
45	30.000	-69.998	
45	30.100	-69.998	
45	30.200	-69.998	
45	30.300	-69.998	
45	30.400	-69.998	
45	30.500	-69.998	
45	30.600	-69.998	
45	30.700	-69.998	
45	30.800	-69.998	
45	30.900	-69.998	
45	31.000	-69.998	
45	31.100	-69.998	
45	31.200	-69.998	
45	31.300	-69.998	
45	31.400	-69.998	
45	31.500	-69.998	
45	31.600	-69.998	
45	31.700	-69.998	
45	31.800	-69.998	
45	31.900	-69.998	
45	32.000	-69.998	
45	32.100	-69.998	
45	32.200	-69.998	
45	32.300	-69.998	
45	32.400	-69.998	
45	32.500	-69.998	
45	32.600	-69.998	
45	32.700	-69.998	
45	32.800	-69.998	
45	32.900	-69.998	
45	33.000	-69.998	
45	33.100	-69.998	
45	33.200	-69.998	
45	33.300	-69.998	
45	33.400	-69.998	
45	33.500	-69.998	
45	33.600	-69.998	
45	33.700	-69.998	
45	33.800	-69.998	
45	33.900	-69.998	
45	34.000	-69.998	
45	34.100	-69.998	
45	34.200	-69.998	
45	34.300	-69.998	
45	34.400	-69.998	
45	34.500	-69.998	
45	34.600	-69.998	
45	34.700	-69.998	
45	34.800	-69.998	
45	34.900	-69.998	
45	35.000	-69.998	
45	35.100	-69.998	
45	35.200	-69.998	
45	35.300	-69.998	
45	35.400	-69.998	
45	35.500	-69.998	
45	35.600	-69.998	
45	35.700	-69.998	
45	35.800	-69.998	
45	35.900	-69.998	
45	36.000	-69.998	
45	36.100	-69.998	
45	36.200	-69.998	
45	36.300	-69.998	
45	36.400	-69.998	
45	36.500	-69.998	
45	36.600	-69.998	
45	36.700	-69.998	
45	36.800	-69.998	
45	36.900	-69.998	
45	37.000	-69.998	
45	37.100	-69.998	
45	37.200	-69.998	
45	37.300	-69.998	
45	37.400	-69.998	
45	37.500	-69.998	
45	37.600	-69.998	
45	37.700	-69.998	
45	37.800	-69.998	
45	37.900	-69.998	
45	38.000	-69.998	
45	38.100	-69.998	
45	38.200	-69.998	
45	38.300	-69.998	
45	38.400	-69.998	
45	38.500	-69.998	
45	38.600	-69.998	
45	38.700	-69.998	
45	38.800	-69.998	
45	38.900	-69.998	
45	39.000	-69.998	
45	39.100	-69.998	
45	39.200	-69.998	
45	39.300	-69.998	
45	39.400	-69.998	
45	39.500	-69.998	
45	39.600	-69.998	
45	39.700	-69.998	
45	39.800	-69.998	
45	39.900	-69.998	
45	40.000	-69.998	
45	40.100	-69.998	
45	40.200	-69.998	
45	40.300	-69.998	
45	40.400	-69.998	
45	40.500	-69.998	
45	40.600	-69.998	
45	40.700	-69.998	
45	40.800	-69.998	
45	40.900	-69.998	
45	41.000	-69.998	
45	41.100	-69.998	
45	41.200	-69.998	
45	41.300	-69.998	
45	41.400	-69.998	
45	41.500	-69.998	
45	41.600	-69.998	
45	41.700	-69.998	
45	41.800	-69.998	
45	41.900	-69.998	
45	42.000	-69.998	
45	42.100	-69.998	
45	42.200	-69.998	
45	42.300	-69.998	
45	42.400	-69.998	
45	42.500	-69.998	
45	42.600	-69.998	
45	42.700	-69.998	
45	42.800	-69.998	
45	42.900	-69.998	
45	43.000	-69.998	
45	43.100	-69.998	
45	43.200	-69.998	
45	43.300	-69.998	
45	43.400	-69.998	
45	43.500	-69.998	
45	43.600	-69.998	
45	43.700	-69.998	
45	43.800	-69.998	
45	43.900	-69.998	
45	44.000	-69.998	
45	44.100	-69.998	
45	44.200	-69.998	
45	44.300	-69.998	
45	44.400	-69.998	
45	44.500	-69.998	
45	44.600	-69.998	
45	44.700	-69.998	
45	44.800	-69.998	
45	44.900	-69.998	
45	45.000	-69.998	
45	45.100	-69.998	
45	45.200	-69.998	
45	45.300	-69.998	
45	45.400	-69.998	
45	45.500	-69.998	
45	45.600	-69.998	
45	45.700	-69.998	
45	45.800	-69.998	
45	45.900	-69.998	
45	46.000	-69.998	
45	46.100	-69.998	
45	46.200	-69.998	
45	46.300	-69.998	
45	46.400	-69.998	
45	46.500	-69.998	
45	46.600	-69.998	
45	46.700	-69.998	
45	46.800	-69.998	
45	46.900	-69.998	
45	47.000	-69.998	
45	47.100	-69.998	
45	47.200	-69.998	
45	47.300	-69.998	
45	47.400	-69.998	
45	47.500	-69.998	
45	47.600	-69.998	
45	47.700	-69.998	
45	47.800	-69.998	
45	47.900	-69.998	
45	48.000	-69.998	
45	48.100	-69.998	
45	48.200	-69.998	
45	48.300	-69.998	
45	48.400	-69.998	
45	48.500	-69.998	
45	48.600	-69.998	
45	48.700	-69.998	
45	48.800	-69.998	
45	48.900	-69.998	
45	49.000	-69.998	
45	49.100	-69.998	
45	49.200	-69.998	
45	49.300	-69.998	
45	49.400	-69.998	
45	49.500	-69.998	
45	49.600	-69.998	
45	49.700	-69.998	
45	49.800	-69.998	
45	49.900	-69.998	
45	50.000	-69.998	
45	50.100	-69.998	
45	50.200	-69.998	
45	50.300	-69.998	
45	50.400	-69.998	
45	50.500	-69.998	
45	50.600	-69.998	
45	50.700	-69.998	
45	50.800	-69.998	
45	50.900	-69.998	
45	51.000	-69.998	
45	51.100	-69.998	
45	51.200	-69.998	
45	51.300	-69.998	
45	51.400	-69.998	
45	51.500	-69.998	
45	51.600	-69.998	
45	51.700	-69.998	
45	51.800	-69.998	
45	51.900	-69.998	
45	52.000	-69.998	
45	52.100	-69.998	
45	52.200	-69.998	
45	52.300	-69.998	
45	52.400	-69.998	
45	52.500	-69.998	
45	52.600	-69.998	
45	52.700	-69.998	
45	52.800	-69.998	
45	52.900	-69.998	
45	53.000	-69.998	
45	53.100	-69.998	
45	53.200	-69.998	
45	53.300	-69.998	
45	53.400	-69.998	
45	53.500	-69.998	
45	53.600	-69.998	
45	53.700	-69.998	
45	53.800	-69.998	
45	53.900	-69.998	
45	54.000	-69.998	
45	54.100	-69.998	
45	54.200	-69.998	
45	54.300	-69.998	
45	54.400	-69.998	
45	54.500	-69.998	
45	54.600	-69.998	
45	54.700	-69.998	
45	54.800	-69.998	
45	54.900	-69.998	
45	55.000	-69.998	
45	55.100	-69.998	
45	55.200	-69.998	
45	55.300	-69.998	
45	55.400	-69.998	
45	55.500	-69.998	
45	55.600	-69.998	
45	55.700	-69.998	
45	55.800	-69.998	
45	55.900	-69.998	
45	56.000	-69.998	
45	56.100	-69.998	
45	56.200	-69.998	
45	56.300	-69.998	
45	56.400	-69.998	
45	56.500	-69.998	
45	56.600	-69.998	
45	56.700	-69.998	
45	56.800	-69.998	
45	56.900	-69.998	
45	57.000	-69.998	
45	57.100	-69.998	
45	57.200	-69.998	
45	57.300	-69.998	
45	57.400	-69.998	
45	57.500	-69.998	
45	57.600	-69.998	
45	57.700	-69.998	
45	57.800	-69.998	
45	57.900	-69.998	
45	58.000	-69.998	
45	58.100	-69.998	
45	58.200	-69.998	
45	58.300	-69.998	
45	58.400	-69.998	
45	58.500	-69.998	
45	58.600	-69.998	
45	58.700	-69.998	
45	58.800	-69.998	
45	58.900	-69.998	
45	59.000	-69.998	
45	59.100	-69.998	
45	59.200	-69.998	
45	59.300	-69.998	
45	59.400	-69.998	
45	59.500	-69.998	
45	59.600	-69.998	
45	59.700	-69.998	
45	59.800	-69.998	
45	59.900	-69.998	
45	60.000	-69.998	
45	60.100	-69.998	
45	60.200	-69.998	
45	60.300	-69.998	
45	60.400	-69.998	
45	60.500	-69.998	
45	60.600	-69.998	
45	60.700	-69.998	
45	60.800	-69.998	
45	60.900	-69.998	
45	61.000	-69.998	
45	61.100	-69.998	
45	61.200	-69.998	
45	61.300	-69.998	
45	61.400	-69.998	
45	61.500	-69.998	
45	61.600	-69.998	
45	61.700	-69.998	
45	61.800	-69.998	
45	61.900	-69.998	
45	62.000	-69.998	
45	62.100	-69.998	
45	62.200	-69.998	
45	62.300	-69.998	
45	62.400	-69.998	
45	62.500	-69.998	
45	62.600	-69.998	
45	62.700	-69.998	
45	62.800	-69.998	
45	62.900	-69.998	
45	63.000	-69.998	
45	63.100	-69.998	
45	63.200	-69.998	
45	63.300	-69.998	
45	63.400	-69.998	
45	63.500	-69.998	
45	63.600	-69.998	
45	63.700	-69.998	
45	63.800	-69.998	
45	63.900	-69.998	
45	64.000	-69.998	
45	64.100	-69.998	
45	64.200	-69.998	
45	64.300	-69.998	
45	64.400	-69.998	
45	64.500	-69.998	
45	64.600	-69.998	
45	64.700	-69.998	
45	64.800	-69.998	
45	64.900	-69.998	
45	65.000	-69.998	
45	65.100	-69.998	
45	65.200	-69.998	
45	65.300	-69.998	
45	65.400	-69.998	
45	65.500	-69.998	
45	65.600	-69.998	
45	65.700	-69.998	
45	65.800	-69.998	
45	65.900	-69.998	
45	66.000	-69.998	
45	66.100	-69.998	
45	66.200	-69.998	
45	66.300	-69.998	
45	66.400	-69.998	
45	66.500	-69.998	
45	66.600	-69.998	
45	66.700	-69.998	
45	66.800	-69.998	
45	66.900	-69.998	
45	67.000	-69.998	
45	67.100	-69.998	
45	67.200	-69.998	
45	67.300	-69.998	
45	67.400	-69.998	
45	67.500	-69.998	
45	67.600	-69.998	
45	67.700	-69.998	
45	67.800	-69.998	
45	67.900	-69.998	
45	68.000	-69.998	
45	68.100	-69.998	
45	68.200	-69.998	
45	68.300	-69.998	
45	68.400	-69.998	
45	68.500	-69.998	
45	68.600	-69.998	
45	68.700	-69.998	
45	68.800	-69.998	
45	68.900	-69.998	
45	69.000	-69.998	
45	69.100	-69.998	
45	69.200	-69.998	
45	69.300	-69.998	
45	69.400	-69.998	
45	69.500	-69.998	
45	69.600	-69.998	
45	69.700	-69.998	
45	69.800	-69.998	
45	69.900	-69.998	
45	70.000	-69.998	
45	70.100	-69.998	
45	70.200	-69.998	
45	70.300	-69.998	
45	70.400	-69.998	
45	70.500	-69.998	
45	70.600	-69.998	
45	70.700	-69.998	
45	70.800	-69.998	
45	70.900	-69.998	
45	71.000	-69.998	
45	71.100	-69.998	
45	71.200	-69.998	
45	71.300	-69.998	
45	71.400	-69.998	
45	71.500	-69.998	
45	71.600	-69.998	
45	71.700	-69.998	
45	71.800	-69.998	
45	71.900	-69.998	
45	72.000	-69.998	
45	72.100	-69.998	
45	72.200	-69.998	
45	72.300	-69.998	
45	72.400	-69.998	
45	72.500	-69.998	
45	72.600	-69.998	
45	72.700	-69.998	
45	72.800	-69.998	
45	72.900	-69.998	
45	73.000	-69.998	
45	73.100	-69.998	
45	73.200	-69.998	
45	73.300	-69.998	
45	73.400	-69.998	
45	73.500	-69.998	
45	73.600	-69.998	
45	73.700	-69.998	
45	73.800	-69.998	
45	73.900	-69.998	
45	74.000	-69.998	
45	74.100	-69.998	
45	74.200	-69.998	
45	74.300	-69.998	
45	74.400	-69.998	
45	74.500	-69.998	
45	74.600	-69.998	
45	74.700	-69.998	
45	74.800	-69.998	
45	74.900	-69.998	
45	75.000	-69.998	
45	75.100	-69.998	
45	75.200	-69.998	
45	75.300	-69.998	
45	75.400	-69.998	
45	75.500	-69.998	
45	75.600	-69.998	
45	75.700	-69.998	
45	75.800	-69.998	
45	75.900	-69.998	
45	76.000	-69.998	
45	76.100	-69.998	
45	76.200	-69.998	
45	76.300	-69.998	
45	76.400	-69.998	
45	76.500	-69.998	
45	76.600	-69.998	
45	76.700	-69.998	
45	76.800	-69.998	
45	76.900	-69.998	
45	77.000	-69.998	
45	77.100	-69.998	
45	77.200	-69.998	
45	77.300	-69.998	
45	77.400	-69.998	
45	77.500	-69.998	
45	77.600	-69.998	
45	77.700	-69.998	
45	77.800	-69.998	
45	77.900	-69.998	
45	78.000	-69.998	
45	78.100	-69.998	
45	78.200	-69.998	
45	78.300	-69.998	
45	78.400	-69.998	
45	78.500	-69.998	
45	78.600	-69.998	
45	78.700	-69.998	
45	78.800	-69.998	
45	78.900	-69.998	
45	79.000	-69.998	
45	79.100	-69.998	
45	79.200	-69.998	
45	79.300	-69.998	
45	79.400	-69.998	
45	79.500	-69.998	
45	79.600	-69.998	
45	79.700	-69.998	
45	79.800	-69.998	
45	79.900	-69.998	
45	80.000	-69.998	
45	80.100	-69.998	
45	80.200	-69.998	
45	80.300	-69.998	
45	80.400	-69.998	
45	80.500	-69.998	
45	80.600	-69.998	
45	80.700	-69.998	
45	80.800	-69.998	
45	80.900	-69.998	
45	81.000	-69.998	
45	81.100	-69.998	
45	81.200	-69.998	
45	81.300	-69.998	
45	81.400	-69.998	
45	81.500	-69.998	
45	81.600	-69.998	
45	81.700	-69.998	
45	81.800	-69.998	
45	81.900	-69.998	
45	82.000	-69.998	
45	82.100	-69.998	
45	82.200	-69.998	
45	82.300	-69.998	
45	82.400	-69.998	
45	82.500	-69.998	
45	82.600	-69.998	
45	82.700	-69.998	
45	82.800	-69.998	
45	82.900	-69.998	
45	83.000	-69.998	
45	83.100	-69.998	
45	83.200	-69.998	
45	83.300	-69.998	
45	83.400	-69.998	
45	83.500	-69.998	
45	83.600	-69.998	
45	83.700	-69.998	
45	83.800	-69.998	
45	83.900	-69.998	
45	84.000	-69.998	
45	84.100	-69.998	
45	84.200	-69.998	
45	84.300	-69.998	
45	84.400	-69.998	
45	84.500	-69.998	
45	84.600	-69.998	
45	84.700	-69.998	
45	84.800	-69.998	
45	84.900	-69.998	
45	85.000	-69.998	
45	85.100	-69.998	
45	85.200	-69.998	
45	85.300	-69.998	
45	85.400	-69.998	
45	85.500	-69.998	
45	85.600	-69.998	
45	85.700	-69.998	
45	85.800	-69.998	
45	85.900	-69.998	
45	86.000	-69.998	
45	86.100	-69.998	
45	86.200	-69.998	
45	86.300	-69.998	
45	86.400	-69.998	
45	86.500	-69.998	
45	86.600	-69.998	
45	86.700	-69.998	
45	86.800	-69.998	
45	86.900	-69.998	
45	87.000	-69.998	
45	87.100	-69.998	
45	87.200	-69.998	
45	87.300	-69.998	
45	87.400	-69.998	
45	87.500	-69.998	
45	87.600	-69.998	
45	87.700	-69.998	
45	87.800	-69.998	
45	87.900	-69.998	
45	88.000	-69.998	
45	88.100	-69.998	
45	88.200	-69.998	
45	88.300	-69.998	
45	88.400	-69.998	
45	88.500	-69.998	
45	88.600	-69.998	
45	88.700	-69.998	
45	88.800	-69.998	
45	88.900	-69.998	
45	89.000	-69.998	
45	89.100	-69.998	
45	89.200	-69.998	
45	89.300	-69.998	
45	89.400	-69.998	
45	89.500	-69.998	
45	89.600	-69.998	
45	89.700	-69.998	
45	89.800	-69.998	
45	89.900	-69.998	
45	90.000	-69.998	
45	90.100	-69.998	
45	90.200	-69.998	
45	90.300	-69.998	
45	90.400	-69.998	
45	90.500	-69.998	
45	90.600	-69.998	
45	90.700	-69.998	
45	90.800	-69.998	
45	90.900	-69.998	
45	91.000	-69.998	
45	91.100	-69.998	
45	91.200	-69.998	
45	91.300	-69.998	
45	91.400	-69.998	
45	91.500	-69.998	
45	91.600	-69.998	
45	91.700	-69.998	
45	91.800	-69.998	
45	91.900	-69.998	
45	92.000	-69.998	
45	92.100	-69.998	
45	92.200	-69.998	
45	92.300	-69.998	
45	92.400	-69.998	
45	92.500	-69.998	
45	92.600	-69.998	
45	92.700	-69.998	
45	92.800	-69.998	
45	92.900	-69.998	
45	93.000	-69.998	
45	93.100	-69.998	
45	93.200	-69.998	
45	93.300	-69.998	
45	93.400	-69.998	
45	93.500	-69.998	
45	93.600	-69.998	
45	93.700	-69.998	
45	93.800	-69.998	
45	93.900	-69.998	
45	94.000	-69.998	
45	94.100	-69.998	
45	94.200	-69.998	
45	94.300	-69.998	
45	94.400	-69.998	
45	94.500	-69.998	
45	94.600	-69.998	
45	94.700	-69.998	
45	94.800	-69.998	
45	94.900	-69.998	
45	95.000	-69.998	
45	95.100	-69.998	
45	95.200	-69.998	
45	95.300	-69.998	
45	95.400	-69.998	
45	95.500	-69.998	
45	95.600	-69.998	
45	95.700	-69.998	
45	95.800	-69.998	
45	95.900	-69.998	
45	96.000	-69.998	
45	96.100	-69.998	
45	96.200	-69.998	
45	96.300	-69.998	
45	96.400	-69.998	
45	96.500	-69.998	
45	96.600	-69.998	
45	96.700	-69.998	
45	96.800	-69.998	
45	96.900	-69.998	
45	97.000	-69.998	
45	97.100	-69.998	
45	97.200	-69.998	
45	97.300	-69.998	
45	97.400	-69.998	
45	97.500	-69.998	
45	97.600	-69.998	
45	97.700	-69.998	
45	97.800	-69.998	
45	97.900	-69.998	
45	98.000	-69.998	
45	98.100	-69.998	
45	98.200	-69.998	
45	98.300	-69.998	
45	98.400	-69.998	
45	98.500	-69.998	
45	98.600	-69.998	
45	98.700	-69.998	
45	98.800	-69.998	
45	98.900	-69.998	
45	99.000	-69.998	
45	99.100	-69.998	
45	99.200	-69.998	
45	99.300	-69.998	
45	99.400	-69.998	
45	99.500	-69.998	
45	99.600	-69.998	
45	99.700	-69.998	
45	99.800	-69.998	
45	99.900	-69.998	
45	100.000	-69.998	
45	100.100	-69.998	
45	100.200	-69.998	
45	100.300	-69.998	
45	100.400	-69.998	
45	100.500	-69.998	
45	100.600	-69.998	
45	100.700	-69.998	
45	100.800	-69.998	
45	100.900	-69.998	
45	101.000	-69.998	
45	101.100	-69.998	
45	101.200	-69.998	
45	101.300	-69.998	
45	101.400	-69.998	
45	101.500	-69.998	
45	101.600	-69.998	
45	101.700	-69.998	
45	101.800	-69.998	
45	101.900	-69.998	
45	102.000	-69.998	
45	102.100	-69.998	
45	102.200	-69.998	
45	102.300	-69.998	
45	102.400	-69.998	
45	102.500	-69.998	
45	102.600	-69.998	
45	102.700	-69.998	
45	102.800	-69.998	
45	102.900	-69.998	
45	103.000	-69.998	
45	103.100	-69.998	
45	103.200	-69.998	
45	103.300	-69.998	
45	103.400	-69.998	
45	103.500	-69.998	
45	103.600	-69.998	
45	103.700	-69.998	
45	103.800	-69.998	
45	103.900	-69.998	
45	104.000	-69.998	
45	104.100	-69.998	
45	104.200	-69.998	
45	104.300	-69.998	
45	104.400	-69.998	
45	104.500	-69.998	
45	104.600	-69.998	
45	104.700	-69.998	
45	104.800	-69.998	
45	104.900	-69.998	
45	105.000	-69.998	
45	105.100	-69.998	
45	105.200	-69.998	
45	105.300	-69.998	
45	105.400	-69.998	
45	105.500	-69.998	
45	105.600	-69.998	
45	105.700	-69.998	
45	105.800	-69.998	
45	105.900	-69.998	
45	106.000	-69.998	
45	106.100	-69.998	
45	106.200	-69.998	
45	106.300	-69.998	
45	106.400	-69.998	
45	106.500	-69.998	
45	106.600	-69.998	
45	106.700	-69.998	
45	106.800	-69.998	
45	106.900	-69.998	
45	107.000	-69.998	
45	107.100	-69.998	
45	107.200	-69.998	
45	107.300	-69.998	
45	107.400	-69.998	
45	107.500	-69.998	
45	107.600	-69.998	
45	107.700	-69.998	
45	107.800	-69.998	
45	107.900	-69.998	
45	108.000	-69.998	
45	108.100	-69.998	
45	108.200	-69.998	
45	108.300	-69.998	
45	108.400	-69.998	
45	108.500	-69.998	
45	108.600	-69.998	
45	108.700	-69.998	
45	108.800	-69.998	
45	108.900	-69.998	
45	109.000	-69.998	
45	109.100	-69.998	
45	109.200	-69.998	
45	109.300	-69.998	
45	109.400	-69.998	
45	109.500	-69.998	
45	109.600	-69.998	
45	109.700	-69.998	
45	109.800	-69.998	
45	109.900	-69.998	
45	110.000	-69.998	
45	110.100	-69.998	
45	110.200	-69.998	
45	110.300	-69.998	
45	110.400	-69.998	
45	110.500	-69.998	
45	110.600	-69.998	
45	110.700	-69.998	
45	110.800	-69.998	
45	110.900	-69.998	
45	111.000	-69.998	
45	111.100	-69.998	
45	111.200	-69.998	
45	111.300	-69.998	
45	111.400	-69.998	
45	111.500	-69.998	
45	111.600	-69.998	
45	111.700	-69.998	
45	111.800	-69.998	
45	111.900	-69.998	
45	112.000	-69.998	
45	112.100	-69.998	
45	112.200	-69.998	
45	112.300	-69.998	
45	112.400	-69.998	
45	112.500	-69.998	
45	112.600	-69.998	
45	112.700	-69.998	
45	112.800	-69.998	
45	112.900	-69.998	
45	113.000	-69.998	
45	113.100	-69.998	
45	113.200	-69.998	
45	113.300	-69.998	
45	113.400	-69.998	
45	113.500	-69.998	
45	113.600	-69.998	
45	113.700	-69.998	
45	113.800	-69.998	
45	113.900	-69.998	
45	114.000	-69.998	
45	114.100	-69.998	
45	114.200	-69.998	
45	114.300	-69.998	
45	114.400	-69.998	
45	114.500	-69.998	
45	114.600	-69.998	
45	114.700	-69.998	
45	114.800	-69.998	
45	114.900	-69.998	
45	115.000	-69.998	
45	115.100	-69.998	
45	115.200	-69.998	
45	115.300	-69.998	
45	115.400	-69.998	
45	115.500	-69.998	
45	115.600	-69.998	
45	115.700	-69.998	
45	115.800	-69.998	
45	115.900	-69.998	
45	116.000	-69.998	
45	116.100	-69.998	
45	116.200	-69.998	
45	116.300	-69.998	
45	116.400	-69.998	
45	116.500	-69.998	
45	116.600	-69.998	
45	116.700	-69.998	
45	116.800	-69.998	
45	116.900	-69.998	
45	117.000	-69.998	
45	117.100	-69.998	
45	117.200	-69.998	
45	117.300	-69.998	
45	117.400	-69.998	
45	117.500	-69.998	
45	117.600	-69.998	
45	117.700	-69.998	
45	117.800	-69.998	
45	117.900	-69.998	
45	118.000	-69.998	
45	118.100	-69.998	
45	118.200	-69.998	
45	118.300	-69.998	
45	118.400	-69.998	
45	118.500	-69.998	
45	118.600	-69.998	
45	118.700	-69.998	
45	118.800	-69.998	
45	118.900	-69.998	
45	119.000	-69.998	
45	119.100	-69.998	
45	119.200	-69.998	
45	119.300	-69.998	
45	119.400	-69.998	
45	119.500	-69.998	
45	119.600	-69.998	
45	119.700	-69.998	
45	119.800	-69.998	
45	119.900	-69.998	
45	120.000	-69.998	
45	120.100	-69.998	
45	120.200	-69.998	
45	120.300	-69.998	
45	120.400	-69.998	
45	120.500	-69.998	
45	120.600	-69.998	
45	120.700	-69.998	
45	120.800	-69.998	
45	120.900	-69.998	
45	121.000	-69.998	
45	121.100	-69.998	
45	121.200	-69.998	
45	121.300	-69.998	
45	121.400	-69.998	
45	121.500	-69.998	
45	121.600	-69.998	
45	121.700	-69.998	
45	121.800	-69.998	
45	121.900	-69.998	
45	122.000	-69.998	
45	122.100	-69.998	
45	122.200	-69.998	
45	122.300	-69.998	
45	122.400	-69.998	
45	122.500	-69.998	
45	122.600	-69.998	
45	122.700	-69.998	
45	122.800	-69.998	
45	122.900	-69.998	
45	123.000	-69.998	
45	123.100	-69.998	
45	123.200	-69.998	
45	123.300	-69.998	
45	123.400	-69.998	
45	123.500	-69.998	
45	123.600	-69.998	
45	123.700	-69.998	
45	123.800	-69.998	
45	123.900	-69.998	
45	124.000	-69.998	
45	124.100	-69.998	
45	124.200	-69.998	
45	124.300	-69.998	
45	124.400	-69.998	
45	124.500	-69.998	
45	124.600	-69.998	
45	124.700	-69.998	
45	124.800	-69.998	
45	124.900	-69.998	
45	125.000	-69.998	
45	125.100	-69.998	
45	125.200	-69.998	
45	125.300	-69.998	
45	125.400	-69.998	
45	125.500	-69.998	
45	125.600	-69.998	
45	125.700	-69.998	
45	125.800	-69.998	
45	125.900	-69.998	
45	126.000	-69.998	
45	126.100	-69.998	
45	126.200	-69.998	
45	126.300	-69.998	
45	126.400	-69.998	
45	126.500	-69.998	
45	126.600	-69.998	
45	126.700	-69.998	
45	126.800	-69.998	
45	126.900	-69.998	
45	127.000	-69.998	
45	127.100	-69.998	
45	127.200	-69.998	
45	127.300	-69.998	
45	127.400	-69.998	
45	127.500	-69.998	
45	127.600	-69.998	
45	127.700	-69.998	
45	127.800	-69.998	
45	127.900	-69.998	
45	128.000	-69.998	
45	128.100	-69.998	
45	128.200	-69.998	
45	128.300	-69.998	
45	128.400	-69.998	
45	128.500	-69.998	
45	128.600	-69.998	
45	128.700	-69.998	
45	128.800	-69.998	
45	128.900	-69.998	
45	129.000	-69.998	
45	129.100	-69.998	
45	129.200	-69.998	
45	129.300	-69.998	
45	129.400	-69.998	
45	129.500	-69.998	
45	129.600	-69.998	
45	129.700	-69.998	
45	129.800	-69.998	
45	129.900	-69.998	
45	130.000	-69.998	
45	130.100	-69.998	
45	130.200	-69.998	
45	130.300	-69.998	
45	130.400	-69.998	
45	130.500	-69.998	
45	130.600	-69.998	
45	130.700	-69.998	
45	130.800	-69.998	
45	130.900	-69.998	
45	131.000	-69.998	
45	131.100	-69.998	
45	131.200	-69.998	
45	131.300	-69.998	
45	131.400	-69.998	
45	131.500	-69.998	
45	131.600	-69.998	
45	131.700	-69.998	
45	131.800	-69.998	
45	131.900	-69.998	
45	132.000	-69.998	
45	132.100	-69.998	
45	132.200	-69.998	
45	132.300	-69.998	
45	132.400	-69.998	
45	132.500	-69.998	
45	132.600	-69.998	
45	132.700	-69.998	
45	132.800	-69.998	
45	132.900	-69.998	
45	133.000	-69.998	
45	133.100	-69.998	
45	133.200	-69.998	
45	133.300	-69.998	
45	133.400	-69.998	
45	133.500	-69.998	
45	133.600	-69.998	
45	133.700	-69.998	
45	133.800	-69.998	
45	133.900	-69.998	
45	134.000	-69.998	
45	134.100	-69.998	
45	134.200	-69.998	
45	134.300	-69.998	
45	134.400	-69.998	
45	134.500	-69.998	
45	134.600	-69.998	
45	134.700	-69.998	
45	134.800	-69.998	
45	134.900	-69.998	
45	135.000	-69.998	
45	135.100	-69.998	
45	135.200	-69.998	
45	135.300	-69.998	
45	135.400	-69.998	
45	135.500	-69.998	
45	135.600	-69.998	
45	135.700	-69.998	
45	135.800	-69.998	
45	135.900	-69.998	
45	136.000	-69.998	
45	136.100	-69.998	
45	136.200	-69.998	
45	136.300	-69.998	
45	136.400	-69.998	
45	136.500	-69.998	
45	136.600	-69.998	
45	136.700	-69.998	
45	136.800	-69.998	
45	136.900	-69.998	
45	137.000	-69.998	
45	137.100	-69.998	
45	137.200	-69.998	
45	137.300	-69.998	
45	137.400	-69.998	
45	137.500	-69.998	
45	137.600	-69.998	
45	137.700	-69.998	
45	137.800	-69.998	
45	137.900	-69.998	
45	138.000	-69.998	
45	138.100	-69.998	
45	138.200	-69.998	
45	138.300	-69.998	
45	138.400	-69.998	
45	138.500	-69.998	
45	138.600	-69.998	
45	138.700	-69.998	
45	138.800	-69.998	
45	138.900	-69.998	
45	139.000	-69.998	
45	139.100	-69.998	
45	139.200	-69.998	
45	139.300	-69.998	
45	139.400	-69.998	
45	139.500	-69.998	
45	139.600	-69.998	
45	139.700	-69.998	
45	139.800	-69.998	
45	139.900	-69.998	
45	140.000	-69.998	
45	140.100	-69.998	
45	140.200	-69.998	
45	140.300	-69.998	
45	140.400	-69.998	
45	140.500	-69.998	
45	140.600	-69.998	
45	140.700	-69.998	
45	140.800	-69.998	
45	140.900	-69.998	
45	141.000	-69.998	
45	141.100	-69.998	
45	141.200	-69.998	
45	141.300	-69.998	
45	141.400	-69.998	
45	141.500	-69.998	
45	141.600	-69.998	
45	141.700	-69.998	
45	141.800	-69.998	
45	141.900	-69.998	
45	142.000	-69.998	
45	142.100	-69.998	
45	142.200	-69.998	
45	142.300	-69.998	
45	142.400	-69.998	
45	142.500	-69.998	
45	142.600	-69.998	
45	142.700	-69.998	
45	142.800	-69.998	
45	142.900	-69.998	
45	143.000	-69.998	
45	143.100	-69.998	
45	143.200	-69.998	
45	143.300	-69.998	
45	143.400	-69.998	
45	143.500	-69.998	
45	143.600	-69.998	
45	143.700	-69.998	
45	143.800	-69.998	
45	143.900	-69.998	
45	144.000	-69.998	
45	144.100	-69.998	
45	144.200	-69.998	
45	144.300	-69.998	
45	144.400	-69.998	
45	144.500	-69.998	
45	144.600	-69.998	
45	144.700	-69.998	
45	144.800	-69.998	
45	144.900	-69.998	
45	145.000	-69.998	
45	145.100	-69.998	
45	145.200	-69.998	
45	145.300	-69.998	
45	145.400	-69.998	
45	145.500	-69.998	
45	145.600	-69.998	
45	145.700	-69.998	
45	145.800	-69.998	
45	145.900	-69.998	
45	146.000	-69.998	
45	146.100	-69.998	
45	146.200	-69.998	
45	146.300	-69.998	
45	146.400	-69.998	
45	146.500	-69.998	
45	146.600	-69.998	
45	146.700	-69.998	
45	146.800	-69.998	
45	146.900	-69.998	
45	147.000	-69.998	
45	147.100	-69.998	
45	147.200	-69.998	
45	147.300	-69.998	
45	147.400	-69.998	
45	147.500	-69.998	
45	147.600	-69.998	
45	147.700	-69.998	
45	147.800	-69.998	
45	147.900	-69.998	
45	148.000	-69.998	
45	148.100	-69.998	
45	148.200	-69.998	
45	148.300	-69.998	
45	148.400	-69.998	
45	148.500	-69.998	
45	148.600	-69.998	
45	148.700	-69.998	
45	148.800	-69.998	
45	148.900	-69.998	
45	149.000	-69.998	
45	149.100	-69.998	
45	149.200	-69.998	
45	149.300	-69.998	
45	149.400	-69.998	
45	149.500	-69.998	
45	149.600	-69.998	
45	149.700	-69.998	
45	149.800	-69.998	
45	149.900	-69.998	
45	150.000	-69.998	
45	150.100	-69.998	
45	150.200	-69.998	
45	150.300	-69.998	
45	150.400	-69.998	
45	150.500	-69.998	
45	150.600	-69.998	
45	150.700	-69.998	
45	150.800	-69.998	
45	150.900	-69.998	
45	151.000	-69.998	
45	151.100	-69.998	
45	151.200	-69.998	
45	151.300	-69.998	
45	151.400	-69.998	
45	151.500	-69.998	
45	151.600	-69.998	
45	151.700	-69.998	
45	151.800	-69.998	
45	151.900	-69.998	
45	152.000	-69.998	
45	152.100	-69.998	
45	152.200	-69.998	
45	152.300	-69.998	
45	152.400	-69.998	
45	152.500	-69.998	
45	152.600	-69.998	
45	152.700	-69.998	
45	152.800	-69.998	
45	152.900	-69.998	
45	153.000	-69.998	
45	153.100	-69.998	
45	153.200	-69.998	
45	153.300	-69.998	
45	153.400	-69.998	
45	153.500	-69.998	
45	153.600	-69.998	
45	153.700	-69.998	
45	153.800	-69.998	
45	153.900	-69.998	
45	154.000	-69.998	
45	154.100	-69.998	
45	154.200	-69.998	
45	154.300	-69.998	
45	154.400	-69.998	
45	154.500	-69.998	
45	154.600	-69.998	
45	154.700	-69.998	
45	154.800	-69.998	
45	154.900	-69.998	
45	155.000	-69.998	
45	155.100	-69.998	
45	155.200	-69.998	
45	155.300	-69.998	
45	155.400	-69.998	
45	155.500	-69.998	
45	155.600	-69.998	
45	155.700	-69.998	
45	155.800	-69.998	
45	155.900	-69.998	
45	156.000	-69.998	
45	156.100	-69.998	
45	156.200	-69.998	
45	156.300	-69.998	
45	156.400	-69.998	
45	156.500	-69.998	
45	156.600	-69.998	
45	156.700	-69.998	
45	156.800	-69.998	
45	156.900	-69.998	
45	157.000	-69.998	
45	157.100	-69.998	
45	157.200	-69.998	
45	157.300	-69.998	
45	157.400	-69.998	
45	157.500	-69.998	
45	157.600	-69.998	
45	157.700	-69.998	
45	157.800	-69.998	
45	157.900	-69.998	
45	158.000	-69.998	
45	158.100	-69.998	
45	158.200	-69.998	
45	158.300	-69.998	
45	158.400	-69.998	
45	158.500	-69.998	
45	158.600	-69.998	
45	158.700	-69.998	
45	158.800	-69.998	
45	158.900	-69.998	
45	159.000	-69.998	
45	159.100	-69.998	
45	159.200	-69.998	
45	159.300	-69.998	
45	159.400	-69.998	
45	159.500	-69.998	
45	159.600	-69.998	
45	159.700	-69.998	
45	159.800	-69.998	
45	159.900	-69.998	
45	160.000	-69.998	
45	160.100	-69.998	
45	160.200	-69.998	
45	160.300	-69.998	
45	160.400	-69.998	
45	160.500	-69.998	
45	160.600	-69.998	
45	160.700	-69.998	
45	160.800	-69.998	
45	160.900	-69.998	
45	161.000	-69.998	
45	161.100	-69.998	
45	161.200	-69.998	
45	161.300	-69.998	
45	161.400	-69.998	
45	161.500	-69.998	
45	161.600	-69.998	
45	161.700	-69.998	
45	161.800	-69.998	
45	161.900	-69.998	
45	162.000	-69.998	
45	162.100	-69.998	
45	162.200	-69.998	
45	162.300	-69.998	
45	162.400	-69.998	
45	162.500	-69.998	
45	162.600	-69.998	
45	162.700	-69.998	
45	162.800	-69.998	
45	162.900	-69.998	
45	163.000	-69.998	
45	163.100	-69.998	
45	163.200	-69.998	
45	163.300	-69.998	
45	163.400	-69.998	
45	163.500	-69.998	
45	163.600	-69.998	
45	163.700	-69.998	
45	163.800	-69.998	
45	163.900	-69.998	
45	164.000	-69.998	
45	164.100	-69.998	
45	164.200	-69.998	
45	164.300	-69.998	
45	164.400	-69.998	
45	164.500	-69.998	
45	164.600	-69.998	
45	164.700	-69.998	
45	164.800	-69.998	
45	164.900	-69.998	
45	165.000	-69.998	
45	165.100	-69.998	
45	165.200	-69.998	
45	165.300	-69.998	
45	165.400	-69.998	
45	165.500	-69.998	
45	165.600	-69.998	
45	165.700	-69.998	
45	165.800	-69.998	
45	165.900	-69.998	
45	166.000	-69.998	
45	166.100	-69.998	
45	166.200	-69.998	
45	166.300	-69.998	
45	166.400	-69.998	
45	166.500	-69.998	
45	166.600	-69.998	
45	166.700	-69.998	
45	166.800	-69.998	
45	166.900	-69.998	
45	167.000	-69.998	
45	167.100	-69.998	
45	167.200	-69.998	
45	167.300	-69.998	
45	167.400	-69.998	
45	167.500	-69.998	
45	167.600	-69.998	
45	167.700	-69.998	
45	167.800	-69.998	
45	167.900	-69.998	
45	168.000	-69.998	
45	168.100	-69.998	
45	168.200	-69.998	
45	168.300	-69.998	
45	168.400	-69.998	
45	168.500	-69.998	
45	168.600	-69.998	
45	168.700	-69.998	
45	168.800	-69.998	
45	168.900	-69.998	
45	169.000	-69.998	
45	169.100	-69.998	
45	169.200	-69.998	
45	169.300	-69.998	
45	169.400	-69.998	
45	169.500	-69.998	
45	169.600	-69.998	
45	169.700	-69.998	
45	169.800	-69.998	
45	169.900	-69.998	
45	170.000	-69.998	
45	170.100	-69.998	
45	170.200	-69.998	
45	170.300	-69.998	
45	170.400	-69.998	
45	170.500	-69.998	
45	170.600	-69.998	
45	170.700	-69.998	
45	170.800	-69.998	
45	170.900	-69.998	
45	171.000	-69.998	
45	171.100	-69.998	
45	171.200	-69.998	
45	171.300	-69.998	
45	171.400	-69.998	
45	171.500	-69.998	
45	171.600	-69.998	
45	171.700	-69.998	
45	171.800	-69.998	
45	171.900	-69.998	
45	172.000	-69.998	
45	172.100	-69.998	
45	172.200	-69.998	
45	172.300	-69.998	
45	172.400	-69.998	
45	172.500	-69.998	
45	172.600	-69.998	
45	172.700	-69.998	
45	172.800	-69.998	
45	172.900	-69.998	
45	173.000	-69.998	
45	173.100	-69.998	
45	173.200	-69.998	
45	173.300	-69.998	
45	173.400	-69.998	
45	173.500	-69.998	
45	173.600	-69.998	
45	173.700	-69.998	
45	173.800	-69.998	
45	173.900	-69.998	
45	174.000	-69.998	
45	174.100	-69.998	
45	174.200	-69.998	
45	174.300	-69.998	
45	174.400	-69.998	
45	174.500	-69.998	
45	174.600	-69.998	
45	174.700	-69.998	
45	174.800	-69.998	
45	174.900	-69.998	
45	175.000	-69.998	
45	175.100	-69.998	
45	175.200	-69.998	
45	175.300	-69.998	
45	175.400	-69.998	
45	175.500	-69.998	
45	175.600	-69.998	
45	175.700	-69.998	
45	175.800	-69.998	
45	175.900	-69.998	
45	176.000	-69.998	
45	176.100	-69.998	
45	176.200	-69.998	
45	176.300	-69.998	
45	176.400	-69.998	
45	176.500	-69.998	
45	176.600	-69.998	
45	176.700	-69.998	
45	176.800	-69.998	
45	176.900	-69.998	
45	177.000	-69.998	
45	177.100	-69.998	
45	177.200	-69.998	
45	177.300	-69.998	
45	177.400	-69.998	
45	177.500	-69.998	
45	177.600	-69.998	
45	177.700	-69.998	
45	177.800	-69.998	
45	177.900	-69.998	
45	178.000	-69.998	
45	178.100	-69.998	
45	178.200	-69.998	
45	178.300	-69.998	
45	178.400	-69.998	
45	178.500	-69.998	
45	178.600	-69.998	
45	178.700	-69.998	
45	178.800	-69.998	
45	178.900	-69.998	
45	179.000	-69.998	
45	179.100	-69.998	
45	179.200	-69.998	
45	179.300	-69.998	
45	179.400	-69.998	
45	179.500	-69.998	
45	179.600	-69.998	
45	179.700	-69.998	
45	179.800	-69.998	
45	179.900	-69.998	
45	180.000	-69.998	
45	180.100	-69.998	
45	180.200	-69.998	
45	180.300	-69.998	
45	180.400	-69.998	
45	180.500	-69.998	
45	180.600	-69.998	
45	180.700	-69.998	
45	180.800	-69.998	
45	180.900	-69.998	
45	181.000	-69.998	
45	181.100	-69.998	
45	181.200	-69.998	
45	181.300	-69.998	
45	181.400	-69.998	
45	181.500	-69.998	
45	181.600	-69.998	
45	181.700	-69.998	
45	181.800	-69.998	
45	181.900	-69.998	
45	182.000	-69.998	
45	182.100	-69.998	
45	182.200	-69.998	
45	182.300	-69.998	
45	182.400	-69.998	
45	182.500	-69.998	
45	182.600	-69.998	
45	182.700	-69.998	
45	182.800	-69.998	
45	182.900	-69.998	
45	183.000	-69.998	
45	183.100	-69.998	
45	183.200	-69.998	
45	183.300	-69.998	
45	183.400	-69.998	
45	183.500	-69.998	
45	183.600	-69.998	
45	183.700	-69.998	
45	183.800	-69.998	
45	183.900	-69.998	
45	184.000	-69.998	
45	184.100	-69.998	
45	184.200	-69.998	
45	184.300	-69.998	
45	184.400	-69.998	
45	184.500	-69.998	
45	184.600	-69.998	
45	184.700	-69.998	
45	184.800	-69.998	
45	184.900	-69.998	
45	185.000	-69.998	
45	185.100	-69.998	
45	185.200	-69.998	
45	185.300	-69.998	
45	185.400	-69.998	
45	185.500	-69.998	
45	185.600	-69.998	
45	185.700	-69.998	
45	185.800	-69.998	
45	185.900	-69.998	
45	186.000	-69.998	
45	186.100	-69.998	
45	186.200	-69.998	
45	186.300	-69.998	
45	186.400	-69.998	
45	186.500	-69.998	
45	186.600	-69.998	
45	186.700	-69.998	
45	186.800	-69.998	
45	186.900	-69.998	
45	187.000	-69.998	
45	187.100	-69.998	
45	187.200	-69.998	
45	187.300	-69.998	
45	187.400	-69.998	
45	187.500	-69.998	
45	187.600	-69.998	
45	187.700	-69.998	
45	187.800	-69.998	
45	187.900	-69.998	
45	188.000	-69.998	
45	188.100	-69.998	
45	188.200	-69.998	
45	188.300	-69.998	
45	188.400	-69.998	
45	188.500	-69.998	
45	188.600	-69.998	
45	188.700	-69.998	
45	188.800	-69.998	
45	188.900	-69.998	
45	189.000	-69.998	
45	189.100	-69.998	
45	189.200	-69.998	
45	189.300	-69.998	
45	189.400	-69.998	
45	189.500	-69.998	
45	189.600	-69.998	
45	189.700	-69.998	
45	189.800	-69.998	
45	189.900	-69.998	
45	190.000	-69.998	
45	190.100	-69.998	
45	190.200	-69.998	
45	190.300	-69.998	
45	190.400	-69.998	
45	190.500	-69.998	
45	190.600	-69.998	
45	190.700	-69.998	
45	190.800	-69.998	
45	190.900	-69.998	
45	191.000	-69.998	
45	191.100	-69.998	
45	191.200	-69.998	
45	191.300	-69.998	
45	191.400	-69.998	
45	191.500	-69.998	
45	191.600	-69.998	
45	191.700	-69.998	
45	191.800	-69.998	
45	191.900	-69.998	
45	192.000	-69.998	
45	192.100	-69.998	
45	192.200	-69.998	
45	192.300	-69.998	
45	192.400	-69.998	
45	192.500	-69.998	
45	192.600	-69.998	
45	192.700	-69.998	
45	192.800	-69.998	
45	192.900	-69.998	
45	193.000	-69.998	
45	193.100	-69.998	
45	193.200	-69.998	
45	193.300	-69.998	
45	193.400	-69.998	
45	193.500	-69.998	
45	193.600	-69.998	
45	193.700	-69.998	
45	193.800	-69.998	
45	193.900	-69.998	
45	194.000	-69.998	
45	194.100	-69.998	
45	194.200	-69.998	
45	194.300	-69.998	
45	194.400	-69.998	
45	194.500	-69.998	
45	194.600	-69.998	
45	194.700	-69.998	
45	194.800	-69.998	
45	194.900	-69.998	
45	195.000	-69.998	
45	195.100	-69.998	
45	195.200	-69.998	
45	195.300	-69.998	
45	195.400	-69.998	
45	195.500	-69.998	
45	195.600	-69.998	
45	195.700	-69.998	
45	195.800	-69.998	
45	195.900	-69.998	
45	196.000	-69.998	
45	196.100	-69.998	
45	196.200	-69.998	
45	196.300	-69.998	
45	196.400	-69.998	
45	196.500	-69.998	
45	196.600	-69.998	
45	196.700	-69.998	
45	196.800	-69.998	
45	196.900	-69.998	
45	197.000	-69.998	
45	197.100	-69.998	
45	197.200	-69.998	
45	197.300	-69.998	
45	197.400	-69.998	
45	197.500	-69.998	
45	197.600	-69.998	
45	197.700	-69.998	
45	197.800	-69.998	
45	197.900	-69.998	
45	198.000	-69.998	
45	198.100	-69.998	
45	198.200	-69.998	
45	198.300	-69.998	
45	198.400	-69.998	
45	198.500	-69.998	
45	198.600	-69.998	
45	198.700	-69.998	
45	198.800	-69.998	
45	198.900	-69.998	
45	199.000	-69.998	
45	199.100	-69.998	
45	199.200	-69.998	
45	199.300	-69.998	
45	199.400	-69.998	
45	199.500	-69.998	
45	199.600	-69.998	
45	199.700	-69.998	
45	199.800	-69.998	
45	199.900	-69.998	
45	200.000	-69.998	
45	200.100	-69.998	
45	200.200	-69.998	
45	200.300	-69.998	
45	200.400	-69.998	
45	200.500	-69.998	
45	200.600	-69.998	
45	200.700	-69.998	
45	200.800	-69.998	
45	200.900	-69.998	
45	201.000	-69.998	
45	201.100	-69.998	
45	201.200	-69.998	
45	201.300	-69.998	
45	201.400	-69.998	
45	201.500	-69.998	
45	201.600	-69.998	
45	201.700	-69.998	
45	201.800	-69.998	
45	201.900	-69.998	
45	202.000	-69.998	
45	202.100	-69.998	
45	202.200	-69.998	
45	202.300	-69.998	
45	202.400	-69.998	
45	202.500	-69.998	
45	202.600	-69.998	
45	202.700	-69.998	
45	202.800	-69.998	
45	202.900	-69.998	
45	203.000	-69.998	
45	203.100	-69.998	
45	203.200	-69.998	
45	203.300	-69.998	
45	203.400	-69.998	
45	203.500	-69.998	
45	203.600	-69.998	
45	203.700	-69.998	
45	203.800	-69.998	
45	203.900	-69.998	
45	204.000	-69.998	
45	204.100	-69.998	
45	204.200	-69.998	
45	204.300	-69.998	
45	204.400	-69.998	
45	204.500	-69.998	
45	204.600	-69.998	
45	204.700	-69.998	
45	204.800	-69.998	
45	204.900	-69.998	
45	205.000	-69.998	
45	205.100	-69.998	
45	205.200	-69.998	
45	205.300	-69.998	
45	205.400	-69.998	
45	205.500	-69.998	
45	205.600	-69.998	
45	205.700	-69.998	
45	205.800	-69.998	
45	205.900	-69.998	
45	206.000	-69.998	
45	206.100	-69.998	
45	206.200	-69.998	
45	206.300	-69.998	
45	206.400	-69.998	
45	206.500	-69.998	
45	206.600	-69.998	
45	206.700	-69.998	
45	206.800	-69.998	
45	206.900	-69.998	
45	207.000	-69.998	
45	207.100	-69.998	
45	207.200	-69.998	
45	207.300	-69.998	
45	207.400	-69.998	
45	207.500	-69.998	
45	207.600	-69.998	
45	207.700	-69.998	
45	207.800	-69.998	
45	207.900	-69.998	
45	208.000	-69.998	
45	208.100	-69.998	
45	208.200	-69.998	
45	208.300	-69.998	
45	208.400	-69.998	
45	208.500	-69.998	
45	208.600	-69.998	
45	208.700	-69.998	
45	208.800	-69.998	
45	208.900	-69.998	
45	209.000	-69.998	
45	209.100	-69.998	
45	209.200	-69.998	
45	209.300	-69.998	
45	209.400	-69.998	
45	209.500	-69.998	
45	209.600	-69.998	
45	209.700	-69.998	
45	209.800	-69.998	
45	209.900	-69.998	
45	210.000	-69.998	
45	210.100	-69.998	
45	210.200	-69.998	
45	210.300	-69.998	
45	210.400	-69.998	
45	210.500	-69.998	
45	210.600	-69.998	
45	210.700	-69.998	
45	210.800	-69.998	
45	210.900	-69.998	
45	211.000	-69.998	
45	211.100	-69.998	
45	211.200	-69.998	
45	211.300	-69.998	
45	211.400	-69.998	
45	211.500	-69.998	
45	211.600	-69.998	
45	211.700	-69.998	
45	211.800	-69.998	
45	211.900	-69.998	
45	212.000	-69.998	
45	212.100	-69.998	
45	212.200	-69.998	
45	212.300	-69.998	
45	212.400	-69.998	
45	212.500	-69.998	
45	212.600	-69.998	
45	212.700	-69.998	
45	212.800	-69.998	
45	212.900	-69.998	
45	213.000	-69.998	
45	213.100	-69.998	
45	213.200	-69.998	
45	213.300	-69.998	
45	213.400	-69.998	
45	213.500	-69.998	
45	213.600	-69.998	
45	213.700	-69.998	
45	213.800	-69.998	
45	213.900	-69.998	
45	214.000	-69.998	
45	214.100	-69.998	
45	214.200	-69.998	
45	214.300	-69.998	
45	214.400	-69.998	
45	214.500	-69.998	
45	214.600	-69.998	
45	214.700	-69.998	
45	214.800	-69.998	
45	214.900	-69.998	
45	215.000	-69.998	
45	215.100	-69.998	
45	215.200	-69.998	
45	215.300	-69.998	
45	215.400	-69.998	
45	215.500	-69.998	
45	215.600	-69.998	
45	215.700	-69.998	
45	215.800	-69.998	
45	215.900	-69.998	
45	216.000	-69.998	
45	216.100	-69.998	
45	216.200	-69.998	
45	216.300	-69.998	
45	216.400	-69.998	
45	216.500	-69.998	
45	216.600	-69.998	
45	216.700	-69.998	
45	216.800	-69.998	
45	216.900	-69.998	
45	217.000	-69.998	
45	217.100	-69.998	
45	217.200	-69.998	
45	217.300	-69.998	
45	217.400	-69.998	
45	217.500	-69.998	
45	217.600	-69.998	
45	217.700	-69.998	
45	217.800	-69.998	
45	217.900	-69.998	
45	218.000	-69.998	
45	218.100	-69.998	
45	218.200	-69.998	
45	218.300	-69.998	
45	218.400	-69.998	
45	218.500	-69.998	
45	218.600	-69.998	
45	218.700	-69.998	
45	218.800	-69.998	
45	218.900	-69.998	
45	219.000	-69.998	
45	219.100	-69.998	
45	219.200	-69.998	
45	219.300	-69.998	
45	219.400	-69.998	
45	219.500	-69.998	
45	219.600	-69.998	
45	219.700	-69.998	
45	219.800	-69.998	
45	219.900	-69.998	
45	220.000	-69.998	
45	220.100	-69.998	
45	220.200	-69.998	
45	220.300	-69.998	
45	220.400	-69.998	
45	220.500	-69.998	
45	220.600	-69.998	
45	220.700	-69.998	
45	220.800	-69.998	
45	220.900	-69.998	
45	221.000	-69.998	
45	221.100	-69.998	
45	221.200	-69.998	
45	221.300	-69.998	
45	221.400	-69.998	
45	221.500	-69.998	
45	221.600	-69.998	
45	221.700	-69.998	
45	221.800	-69.998	
45	221.900	-69.998	
45	222.000	-69.998	
45	222.100	-69.998	
45	222.200	-69.998	
45	222.300	-69.998	
45	222.400	-69.998	
45	222.500	-69.998	
45	222.600	-69.998	
45	222.700	-69.998	
45	222.800	-69.998	
45	222.900	-69.998	
45	223.000	-69.998	
45	223.100	-69.998	
45	223.200	-69.998	
45	223.300	-69.998	
45	223.400	-69.998	
45	223.500	-69.998	
45	223.600	-69.998	
45	223.700	-69.998	
45	223.800	-69.998	
45	223.900	-69.998	
45	224.000	-69.998	
45	224.100	-69.998	
45	224.200	-69.998	
45	224.300	-69.998	
45	224.400	-69.998	
45	224.500	-69.998	
45	224.600	-69.998	
45	224.700	-69.998	
45	224.800	-69.998	
45	224.900	-69.998	
45	225.000	-69.998	
45	225.100	-69.998	
45	225.200	-69.998	
45	225.300	-69.998	
45	225.400	-69.998	
45	225.500	-69.998	
45	225.600	-69.998	
45	225.700	-69.998	
45	225.800	-69.998	
45	225.900	-69.998	
45	226.000	-69.998	
45	226.100	-69.998	
45	226.200	-69.998	
45	226.300	-69.998	
45	226.400	-69.998	
45	226.500	-69.998	
45	226.600	-69.998	
45	226.700	-69.998	
45	226.800	-69.998	
45	226.900	-69.998	
45	227.000	-69.998	
45	227.100	-69.998	
45	227.200	-69.998	
45	227.300	-69.998	
45	227.400	-69.998	
45	227.500	-69.998	
45	227.600	-69.998	
45	227.700	-69.998	
45	227.800	-69.998	
45	227.900	-69.998	
45	228.000	-69.998	
45	228.100	-69.998	
45	228.200	-69.998	
45	228.300	-69.998	
45	228.400	-69.998	
45	228.500	-69.998	
45	228.600	-69.998	
45	228.700	-69.998	
45	228.800	-69.998	
45	228.900	-69.998	
45	229.000	-69.998	
45	229.100	-69.998	
45	229.200	-69.998	
45	229.300	-69.998	
45	229.400	-69.998	
45	229.500	-69.998	
45	229.600	-69.998	
45	229.700	-69.998	
45	229.800	-69.998	
45	229.900	-69.998	
45	230.000	-69.998	
45	230.100	-69.998	
45	230.200	-69.998	
45	230.300	-69.998	
45	230.400	-69.998	
45	230.500	-69.998	
45	230.600	-69.998	
45	230.700	-69.998	
45	230.800	-69.998	
45	230.900	-69.998	
45	231.000	-69.998	
45	231.100	-69.998	
45	231.200	-69.998	
45	231.300	-69.998	
45	231.400	-69.998	
45	231.500	-69.998	
45	231.600	-69.998	
45	231.700	-69.998	
45	231.800	-69.998	
45	231.900	-69.998	
45	232.000	-69.998	
45	232.100	-69.998	
45	232.200	-69.998	
45	232.300	-69.998	
45	232.400	-69.998	
45	232.500	-69.998	
45	232.600	-69.998	
45	232.700	-69.998	
45	232.800	-69.998	
45	232.900	-69.998	
45	233.000	-69.998	
45	233.100	-69.998	
45	233.200	-69.998	
45	233.300	-69.998	
45	233.400	-69.998	
45	233.500	-69.998	
45	233.600	-69.998	
45	233.700	-69.998	
45	233.800	-69.998	
45	233.900	-69.998	
45	234.000	-69.998	
45	234.100	-69.998	
45	234.200	-69.998	
45	234.300	-69.998	
45	234.400	-69.998	
45	234.500	-69.998	
45	234.600	-69.998	
45	234.700	-69.998	
45	234.800	-69.998	
45	234.900	-69.998	
45	235.000	-69.998	
45	235.100	-69.998	
45	235.200	-69.998	
45	235.300	-69.998	
45	235.400	-69.998	
45	235.500	-69.998	
45	235.600	-69.998	
45	235.700	-69.998	
45	235.800	-69.998	
45	235.900	-69.998	
45	236.000	-69.998	
45	236.100	-69.998	
45	236.200	-69.998	
45	236.300	-69.998	
45	236.400	-69.998	
45	236.500	-69.998	
45	236.600	-69.998	
45	236.700	-69.998	
45	236.800	-69.998	
45	236.900	-69.998	
45	237.000	-69.998	
45	237.100	-69.998	
45	237.200	-69.998	
45	237.300	-69.998	
45	237.400	-69.998	
45	237.500	-69.998	
45	237.600	-69.998	
45	237.700	-69.998	
45	237.800	-69.998	
45	237.900	-69.998	
45	238.000	-69.998	
45	238.100	-69.998	
45	238.200	-69.998	
45	238.300	-69.998	
45	238.400	-69.998	
45	238.500	-69.998	
45	238.600	-69.998	
45	238.700	-69.998	
45	238.800	-69.998	
45	238.900	-69.998	
45	239.000	-69.998	
45	239.100	-69.998	
45	239.200	-69.998	
45	239.300	-69.998	
45	239.400	-69.998	
45	239.500	-69.998	
45	239.600	-69.998	
45	239.700	-69.998	
45	239.800	-69.998	
45	239.900	-69.998	
45	240.000	-69.998	
45	240.100	-69.998	
45	240.200	-69.998	
45	240.300	-69.998	
45	240.400	-69.998	
45	240.500	-69.998	
45	240.600	-69.998	
45	240.700	-69.998	
45	240.800	-69.998	
45	240.900	-69.998	
45	241.000	-69.998	
45	241.100	-69.998	
45	241.200	-69.998	
45	241.300	-69.998	
45	241.400	-69.998	
45	241.500	-69.998	
45	241.600	-69.998	
45	241.700	-69.998	
45	241.800	-69.998	
45	241.900	-69.998	
45	242.000	-69.998	
45	242.100	-69.998	
45	242.200	-69.998	
45	242.300	-69.998	
45	242.400	-69.998	
45	242.500	-69.998	
45	242.600	-69.998	
45	242.700	-69.998	
45	242.800	-69.998	
45	242.900	-69.998	
45	243.000	-69.998	
45	243.100	-69.998	
45	243.200	-69.998	
45	243.300	-69.998	
45	243.400	-69.998	
45	243.500	-69.998	
45	243.600	-69.998	
45	243.700	-69.998	
45	243.800	-69.998	
45	243.900	-69.998	
45	244.000	-69.998	
45	244.100	-69.998	
45	244.200	-69.998	
45	244.300	-69.998	
45	244.400	-69.998	
45	244.500	-69.998	
45	244.600	-69.998	
45	244.700	-69.998	
45	244.800	-69.998	
45	244.900	-69.998	
45	245.000	-69.998	
45	245.100	-69.998	
45	245.200	-69.998	
45	245.300	-69.998	
45	245.400	-69.998	
45	245.500	-69.998	
45	245.600	-69.998	
45	245.700	-69.998	
45	245.800	-69.998	
45	245.900	-69.998	
45	246.000	-69.998	
45	246.100	-69.998	
45	246.200	-69.998	
45	246.300	-69.998	
45	246.400	-69.998	
45	246.500	-69.998	
45	246.600	-69.998	
45	246.700	-69.998	
45	246.800	-69.998	
45	246.900	-69.998	
45	247.000	-69.998	
45	247.100	-69.998	
45	247.200	-69.998	
45	247.300	-69.998	
45	247.400	-69.998	
45	247.500	-69.998	
45	247.600	-69.998	
45	247.700	-69.998	
45	247.800	-69.998	
45	247.900	-69.998	
45	248.000	-69.998	
45	248.100	-69.998	
45	248.200	-69.998	
45	248.300	-69.998	
45	248.400	-69.998	
45	248.500	-69.998	
45	248.600	-69.998	
45	248.700	-69.998	
45	248.800	-69.998	
45	248.900	-69.998	
45	249.000	-69.998	
45	249.100	-69.998	
45	249.200	-69.998	
45	249.300	-69.998	
45	249.400	-69.998	
45	249.500	-69.998	
45	249.600	-69.998	
45	249.700	-69.998	
45	249.800	-69.998	
45	249.900	-69.998	
45	250.000	-69.998	
45	250.100	-69.998	
45	250.200	-69.998	
45	250.300	-69.998	
45	250.400	-69.998	
45	250.500	-69.998	
45	250.600	-69.998	
45	250.700	-69.998	
45	250.800	-69.998	
45	250.900	-69.998	
45	251.000	-69.998	
45	251.100	-69.998	
45	251.200	-69.998	
45	251.300	-69.998	
45	251.400	-69.998	
45	251.500	-69.998	
45	251.600	-69.998	
45	251.700	-69.998	
45	251.800	-69.998	
45	251.900	-69.998	
45	252.000	-69.998	
45	252.100	-69.998	
45	252.200	-69.998	
45	252.300	-69.998	
45	252.400	-69.998	
45	252.500	-69.998	
45	252.600	-69.998	
45	252.700	-69.998	
45	252.800	-69.998	
45	252.900	-69.998	
45	253.000	-69.998	
45	253.100	-69.998	
45	253.200	-69.998	
45	253.300	-69.998	
45	253.400	-69.998	
45	253.500	-69.998	
45	253.600	-69.998	
45	253.700	-69.998	
45	253.800	-69.998	
45	253.900	-69.998	
45	254.000	-69.998	
45	254.100	-69.998	
45	254.200	-69.998	
45	254.300	-69.998	
45	254.400	-69.998	
45	254.500	-69.998	
45	254.600	-69.998	
45	254.700	-69.998	
45	254.800	-69.998	
45	254.900	-69.998	
45	255.000	-69.998	
45	255.100	-69.998	
45	255.200	-69.998	
45	255.300	-69.998	
45	255.400	-69.998	
45	255.500	-69.998	
45	255.600	-69.998	
45	255.700	-69.998	
45	255.800	-69.998	
45	255.900	-69.998	
45	256.000	-69.998	
45	256.100	-69.998	
45	256.200	-69.998	
45	256.300	-69.998	
45	256.400	-69.998	
45	256.500	-69.998	
45	256.600	-69.998	
45	256.700	-69.998	
45	256.800	-69.998	
45	256.900	-69.998	
45	257.000	-69.998	
45	257.100	-69.998	
45	257.200	-69.998	
45	257.300	-69.998	
45	257.400	-69.998	
45	257.500	-69.998	
45	257.600	-69.998	
45	257.700	-69.998	
45	257.800	-69.998	
45	257.900	-69.998	
45	258.000	-69.998	
45	258.100	-69.998	
45	258.200	-69.998	
45	258.300	-69.998	
45	258.400	-69.998	
45	258.500	-69.998	
45	258.600	-69.998	
45	258.700	-69.998	
45	258.800	-69.998	
45	258.900	-69.998	
45	259.000	-69.998	
45	259.100	-69.998	
45	259.200	-69.998	
45	259.300	-69.998	
45	259.400	-69.998	
45	259.500	-69.998	
45	259.600	-69.998	
45	259.700	-69.998	
45	259.800	-69.998	
45	259.900	-69.998	
45	260.000	-69.998	
45	260.100	-69.998	
45	260.200	-69.998	
45	260.300	-69.998	
45	260.400	-69.998	
45	260.500	-69.998	
45	260.600	-69.998	
45	260.700	-69.998	
45	260.800	-69.998	
45	260.900	-69.998	
45	261.000	-69.998	
45	261.100	-69.998	
45	261.200	-69.998	
45	261.300	-69.998	
45	261.400	-69.998	
45	261.500	-69.998	
45	261.600	-69.998	
45	261.700	-69.998	
45	261.800	-69.998	
45	261.900	-69.998	
45	262.000	-69.998	
45	262.100	-69.998	
45	262.200	-69.998	
45	262.300	-69.998	
45	262.400	-69.998	
45	262.500	-69.998	
45	262.600	-69.998	
45	262.700	-69.998	
45	262.800	-69.998	
45	262.900	-69.998	
45	263.000	-69.998	
45	263.100	-69.998	
45	263.200	-69.998	
45	263.300	-69.998	
45	263.400	-69.998	
45	263.500	-69.998	
45	263.600	-69.998	
45	263.700	-69.998	
45	263.800	-69.998	
45	263.900	-69.998	
45	264.000	-69.998	
45	264.100	-69.998	
45	264.200	-69.998	
45	264.300	-69.998	
45	264.400	-69.998	
45	264.500	-69.998	
45	264.600	-69.998	
45	264.700	-69.998	
45	264.800	-69.998	
45	264.900	-69.998	
45	265.000	-69.998	
45	265.100	-69.998	
45	265.200	-69.998	
45	265.300	-69.998	
45	265.400	-69.998	
45	265.500	-69.998	
45	265.600	-69.998	
45	265.700	-69.998	
45	265.800	-69.998	
45	265.900	-69.998	
45	266.000	-69.998	
45	266.100	-69.998	
45	266.200	-69.998	
45	266.300	-69.998	
45	266.400	-69.998	
45	266.500	-69.998	
45	266.600	-69.998	
45	266.700	-69.998	
45	266.800	-69.998	
45	266.900	-69.998	
45	267.000	-69.998	
45	267.100	-69.998	
45	267.200	-69.998	
45	267.300	-69.998	
45	267.400	-69.998	
45	267.500	-69.998	
45	267.600	-69.998	
45	267.700	-69.998	
45	267.800	-69.998	
45	267.900	-69.998	
45	268.000	-69.998	
45	268.100	-69.998	
45	268.200	-69.998	
45	268.300	-69.998	
45	268.400	-69.998	
45	268.500	-69.998	
45	268.600	-69.998	
45	268.700	-69.998	
45	268.800	-69.998	
45	268.900	-69.998	
45	269.000	-69.998	
45	269.100	-69.998	
45	269.200	-69.998	
45	269.300	-69.998	
45	269.400	-69.998	
45	269.500	-69.998	
45	269.600	-69.998	
45	269.700	-69.998	
45	269.800	-69.998	
45	269.900	-69.998	
45	270.000	-69.998	
45	270.100	-69.998	
45	270.200	-69.998	
45	270.300	-69.998	
45	270.400	-69.998	
45	270.500	-69.998	
45	270.600	-69.998	
45	270.700	-69.998	
45	270.800	-69.998	
45	270.900	-69.998	
45	271.000	-69.998	
45	271.100	-69.998	
45	271.200	-69.998	
45	271.300	-69.998	
45	271.400	-69.998	
45	271.500	-69.998	
45	271.600	-69.998	
45	271.700	-69.998	
45	271.800	-69.998	
45	271.900	-69.998	
45	272.000	-69.998	
45	272.100	-69.998	
45	272.200	-69.998	
45	272.300	-69.998	
45	272.400	-69.998	
45	272.500	-69.998	
45	272.600	-69.998	
45	272.700	-69.998	
45	272.800	-69.998	
45	272.900	-69.998	
45	273.000	-69.998	
45	273.100	-69.998	
45	273.200	-69.998	
45	273.300	-69.998	
45	273.400	-69.998	
45	273.500	-69.998	
45	273.600	-69.998	
45	273.700	-69.998	
45	273.800	-69.998	
45	273.900	-69.998	
45	274.000	-69.998	
45	274.100	-69.998	
45	274.200	-69.998	
45	274.300	-69.998	
45	274.400	-69.998	
45	274.500	-69.998	
45	274.600	-69.998	
45	274.700	-69.998	
45	274.800	-69.998	
45	274.900	-69.998	
45	275.000	-69.998	
45	275.100	-69.998	
45	275.200	-69.998	
45	275.300	-69.998	
45	275.400	-69.998	
45	275.500	-69.998	
45	275.600	-69.998	
45	275.700	-69.998	
45	275.800	-69.998	
45	275.900	-69.998	
45	276.000	-69.998	
45	276.100	-69.998	
45	276.200	-69.998	
45	276.300	-69.998	
45	276.400	-69.998	
45	276.500	-69.998	
45	276.600	-69.998	
45	276.700	-69.998	
45	276.800	-69.998	
45	276.900	-69.998	
45	277.000	-69.998	
45	277.100	-69.998	
45	277.200	-69.998	
45	277.300	-69.998	
45	277.400	-69.998	
45	277.500	-69.998	
45	277.600	-69.998	
45	277.700	-69.998	
45	277.800	-69.998	
45	277.900	-69.998	
45	278.000	-69.998	
45	278.100	-69.998	
45	278.200	-69.998	
45	278.300	-69.998	
45	278.400	-69.998	
45	278.500	-69.998	
45	278.600	-69.998	
45	278.700	-69.998	
45	278.800	-69.998	
45	278.900	-69.998	
45	279.000	-69.998	
45	279.100	-69.998	
45	279.200	-69.998	
45	279.300	-69.998	
45	279.400	-69.998	
45	279.500	-69.998	
45	279.600	-69.998	
45	279.700	-69.998	
45	279.800	-69.998	
45	279.900	-69.998	
45	280.000	-69.998	
45	280.100	-69.998	
45	280.200	-69.998	
45	280.300	-69.998	
45	280.400	-69.998	
45	280.500	-69.998	
45	280.600	-69.998	
45	280.700	-69.998	
45	280.800	-69.998	
45	280.900	-69.998	
45	281.000	-69.998	
45	281.100	-69.998	
45	281.200	-69.998	
45	281.300	-69.998	
45	281.400	-69.998	
45	281.500	-69.998	
45	281.600	-69.998	
45	281.700	-69.998	
45	281.800	-69.998	
45	281.900	-69.998	
45	282.000	-69.998	
45	282.100	-69.998	
45	282.200	-69.998	
45	282.300	-69.998	
45	282.400	-69.998	
45	282.500	-69.998	
45	282.600	-69.998	
45	282.700	-69.998	
45	282.800	-69.998	
45	282.900	-69.998	
45	283.000	-69.998	
45	283.100	-69.998	
45	283.200	-69.998	
45	283.300	-69.998	
45	283.400	-69.998	
45	283.500	-69.998	
45	283.600	-69.998	
45	283.700	-69.998	
45	283.800	-69.998	
45	283.900	-69.998	
45	284.000	-69.998	
45	284.100	-69.998	
45	284.200	-69.998	
45	284.300	-69.998	
45	284.400	-69.998	
45	284.500	-69.998	
45	284.600	-69.998	
45	284.700	-69.998	
45	284.800	-69.998	
45	284.900	-69.998	
45	285.000	-69.998	
45	285.100	-69.998	
45	285.200	-69.998	
45	285.300	-69.998	
45	285.400	-69.998	
45	285.500	-69.998	
45	285.600	-69.998	
45	285.700	-69.998	
45	285.800	-69.998	
45	285.900	-69.998	
45	286.000	-69.998	
45	286.100	-69.998	
45	286.200	-69.998	
45	286.300	-69.998	
45	286.400	-69.998	
45	286.500	-69.998	
45	286.600	-69.998	
45	286.700	-69.998	
45	286.800	-69.998	
45	286.900	-69.998	
45	287.000	-69.998	
45	287.100	-69.998	
45	287.200	-69.998	
45	287.300	-69.998	
45	287.400	-69.998	
45	287.500	-69.998	
45	287.600	-69.998	
45	287.700	-69.998	
45	287.800	-69.998	
45	287.900	-69.998	
45	288.000	-69.998	
45	288.100	-69.998	
45	288.200	-69.998	
45	288.300	-69.998	
45	288.400	-69.998	
45	288.500	-69.998	
45	288.600	-69.998	
45	288.700	-69.998	
45	288.800	-69.998	
45	288.900	-69.998	
45	289.000	-69.998	
45	289.100	-69.998	
45	289.200	-69.998	
45	289.300	-69.998	
45	289.400	-69.998	
45	289.500	-69.998	
45	289.600	-69.998	
45	289.700	-69.998	
45	289.800	-69.998	
45	289.900	-69.998	
45	290.000	-69.998	
45	290.100	-69.998	
45	290.200	-69.998	
45	290.300	-69.998	
45	290.400	-69.998	
45	290.500	-69.998	
45	290.600	-69.998	
45	290.700	-69.998	
45	290.800	-69.998	
45	290.900	-69.998	
45	291.000	-69.998	
45	291.100	-69.998	
45	291.200	-69.998	
45	291.300	-69.998	
45	291.400	-69.998	
45	291.500	-69.998	
45	291.600	-69.998	
45	291.700	-69.998	
45	291.800	-69.998	
45	291.900	-69.998	
45	292.000	-69.998	
45	292.100	-69.998	
45	292.200	-69.998	
45	292.300	-69.998	
45	292.400	-69.998	
45	292.500	-69.998	
45	292.600	-69.998	
45	292.700	-69.998	
45	292.800	-69.998	
45	292.900	-69.998	
45	293.000	-69.998	
45	293.100	-69.998	
45	293.200	-69.998	
45	293.300	-69.998	
45	293.400	-69.998	
45	293.500	-69.998	
45	293.600	-69.998	
45	293.700	-69.998	
45	293.800	-69.998	
45	293.900	-69.998	
45	294.000	-69.998	
45	294.100	-69.998	
45	294.200	-69.998	
45	294.300	-69.998	
45	294.400	-69.998	
45	294.500	-69.998	
45	294.600	-69.998	
45	294.700	-69.998	
45	294.800	-69.998	
45	294.900	-69.998	
45	295.000	-69.998	
45	295.100	-69.998	
45	295.200	-69.998	
45	295.300	-69.998	
45	295.400	-69.998	
45	295.500	-69.998	
45	295.600	-69.998	
45	295.700	-69.998	
45	295.800	-69.998	
45	295.900	-69.998	
45	296.000	-69.998	
45	296.100	-69.998	
45	296.200	-69.998	
45	296.300	-69.998	
45	296.400	-69.998	
45	296.500	-69.998	
45	296.600	-69.998	
45	296.700	-69.998	
45	296.800	-69.998	
45	296.900	-69.998	
45	297.000	-69.998	
45	297.100	-69.998	
45	297.200	-69.998	
45	297.300	-69.998	
45	297.400	-69.998	
45	297.500	-69.998	
45	297.600	-69.998	
45	297.700	-69.998	
45	297.800	-69.998	
45	297.900	-69.998	
45	298.000	-69.998	
45	298.100	-69.998	
45	298.200	-69.998	
45	298.300	-69.998	
45	298.400	-69.998	
45	298.500	-69.998	
45	298.600	-69.998	
45	298.700	-69.998	
45	298.800	-69.998	
45	298.900	-69.998	
45	299.000	-69.998	
45	299.100	-69.998	
45	299.200	-69.998	
45	299.300	-69.998	
45	299.400	-69.998	
45	299.500	-69.998	
45	299.600	-69.998	
45	299.700	-69.998	
45	299.800	-69.998	
45	299.900	-69.998	
45	300.000	-69.998	
45	300.100	-69.998	
45	300.200	-69.998	
45	300.300	-69.998	
45	300.400	-69.998	
45	300.500	-69.998	
45	300.600	-69.998	
45	300.700	-69.998	
45	300.800	-69.998	
45	300.900	-69.998	
45	301.000	-69.998	
45	301.100	-69.998	
45	301.200	-69.998	
45	301.300	-69.998	
45	301.400	-69.998	
45	301.500	-69.998	
45	301.600	-69.998	
45	301.700	-69.998	
45	301.800	-69.998	
45	301.900	-69.998	
45	302.000	-69.998	
45	302.100	-69.998	
45	302.200	-69.998	
45	302.300	-69.998	
45	302.400	-69.998	
45	302.500	-69.998	
45	302.600	-69.998	
45	302.700	-69.998	
45	302.800	-69.998	
45	302.900	-69.998	
45	303.000	-69.998	
45	303.100	-69.998	
45	303.200	-69.998	
45	303.300	-69.998	
45	303.400	-69.998	
45	303.500	-69.998	
45	303.600	-69.998	
45	303.700	-69.998	
45	303.800	-69.998	
45	303.900	-69.998	
45	304.000	-69.998	
45	304.100	-69.998	
45	304.200	-69.998	
45	304.300	-69.998	
45	304.400	-69.998	
45	304.500	-69.998	
45	304.600	-69.998	
45	304.700	-69.998	
45	304.800	-69.998	
45	304.900	-69.998	
45	305.000	-69.998	
45	305.100	-69.998	
45	305.200	-69.998	
45	305.300	-69.998	
45	305.400	-69.998	
45	305.500	-69.998	
45	305.600	-69.998	
45	305.700	-69.998	
45	305.800	-69.998	
45	305.900	-69.998	
45	306.000	-69.998	
45	306.100	-69.998	
45	306.200	-69.998	
45	306.300	-69.998	
45	306.400	-69.998	
45	306.500	-69.998	
45	306.600	-69.998	
45	306.700	-69.998	
45	306.800	-69.998	
45	306.900	-69.998	
45	307.000	-69.998	
45	307.100	-69.998	
45	307.200	-69.998	
45	307.300	-69.998	
45	307.400	-69.998	
45	307.500	-69.998	
45	307.600	-69.998	
45	307.700	-69.998	
45	307.800	-69.998	
45	307.900	-69.998	
45	308.000	-69.998	
45	308.100	-69.998	
45	308.200	-69.998	
45	308.300	-69.998	
45	308.400	-69.998	
45	308.500	-69.998	
45	308.600	-69.998	
45	308.700	-69.998	
45	308.800	-69.998	
45	308.900	-69.998	
45	309.000	-69.998	
45	309.100	-69.998	
45	309.200	-69.998	
45	309.300	-69.998	
45	309.400	-69.998	
45	309.500	-69.998	
45	309.600	-69.998	
45	309.700	-69.998	
45	309.800	-69.998	
45	309.900	-69.998	
45	310.000	-69.998	
45	310.100	-69.998	
45	310.200	-69.998	
45	310.300	-69.998	
45	310.400	-69.998	
45	310.500	-69.998	
45	310.600	-69.998	
45	310.700	-69.998	
45	310.800	-69.998	
45	310.900	-69.998	
45	311.000	-69.998	
45	311.100	-69.998	
45	311.200	-69.998	
45	311.300	-69.998	
45	311.400	-69.998	
45	311.500	-69.998	
45	311.600	-69.998	
45	311.700	-69.998	
45	311.800	-69.998	
45	311.900	-69.998	
45	312.000	-69.998	
45	312.100	-69.998	
45	312.200	-69.998	
45	312.300	-69.998	
45	312.400	-69.998	
45	312.500	-69.998	
45	312.600	-69.998	
45	312.700	-69.998	
45	312.800	-69.998	
45	312.900	-69.998	
45	313.000	-69.998	
45	313.100	-69.998	
45	313.200	-69.998	
45	313.300	-69.998	
45	313.400	-69.998	
45	313.500	-69.998	
45	313.600	-69.998	
45	313.700	-69.998	
45	313.800	-69.998	
45	313.900	-69.998	
45	314.000	-69.998	
45	314.100	-69.998	
45	314.200	-69.998	
45	314.300	-69.998	
45	314.400	-69.998	
45	314.500	-69.998	
45	314.600	-69.998	
45	314.700	-69.998	
45	314.800	-69.998	
45	314.900	-69.998	
45	315.000	-69.998	
45	315.100	-69.998	
45	315.200	-69.998	
45	315.300	-69.998	
45	315.400	-69.998	
45	315.500	-69.998	
45	315.600	-69.998	
45	315.700	-69.998	
45	315.800	-69.998	
45	315.900	-69.998	
45	316.000	-69.998	
45	316.100	-69.998	
45	316.200	-69.998	
45	316.300	-69.998	
45	316.400	-69.998	
45	316.500	-69.998	
45	316.600	-69.998	
45	316.700	-69.998	
45	316.800	-69.998	
45	316.900	-69.998	
45	317.000	-69.998	
45	317.100	-69.998	
45	317.200	-69.998	
45	317.300	-69.998	
45	317.400	-69.998	
45	317.500	-69.998	
45	317.600	-69.998	
45	317.700	-69.998	
45	317.800	-69.998	
45	317.900	-69.998	
45	318.000	-69.998	
45	318.100	-69.998	
45	318.200	-69.998	
45	318.300	-69.998	
45	318.400	-69.998	
45	318.500	-69.998	
45	318.600	-69.998	
45	318.700	-69.998	
45	318.800	-69.998	
45	318.900	-69.998	
45	319.000	-69.998	
45	319.100	-69.998	
45	319.200	-69.998	
45	319.300	-69.998	
45	319.400	-69.998	
45	319.500	-69.998	
45	319.600	-69.998	
45	319.700	-69.998	
45	319.800	-69.998	
45	319.900	-69.998	
45	320.000	-69.998	
45	320.100	-69.998	
45	320.200	-69.998	
45	320.300	-69.998	
45	320.400	-69.998	
45	320.500	-69.998	
45	320.600	-69.998	
45	320.700	-69.998	
45	320.800	-69.998	
45	320.900	-69.998	
45	321.000	-69.998	
45	321.100	-69.998	
45	321.200	-69.998	
45	321.300	-69.998	
45	321.400	-69.998	
45	321.500	-69.998	
45	321.600	-69.998	
45	321.700	-69.998	
45	321.800	-69.998	
45	321.900	-69.998	
45	322.000	-69.998	
45	322.100	-69.998	
45	322.200	-69.998	
45	322.300	-69.998	
45	322.400	-69.998	
45	322.500	-69.998	
45	322.600	-69.998	
45	322.700	-69.998	
45	322.800	-69.998	
45	322.900	-69.998	
45	323.000	-69.998	
45	323.100	-69.998	
45	323.200	-69.998	
45	323.300	-69.998	
45	323.400	-69.998	
45	323.500	-69.998	
45	323.600	-69.998	
45	323.700	-69.998	
45	323.800	-69.998	
45	323.900	-69.998	
45	324.000	-69.998	
45	324.100	-69.998	
45	324.200	-69.998	
45	324.300	-69.998	
45	324.400	-69.998	
45	324.500	-69.998	
45	324.600	-69.998	
45	324.700	-69.998	
45	324.800	-69.998	
45	324.900	-69.998	
45	325.000	-69.998	
45	325.100	-69.998	
45	325.200	-69.998	
45	325.300	-69.998	
45	325.400	-69.998	
45	325.500	-69.998	
45	325.600	-69.998	
45	325.700	-69.998	
45	325.800	-69.998	
45	325.900	-69.998	
45	326.000	-69.998	
45	326.100	-69.998	
45	326.200	-69.998	
45	326.300	-69.998	
45	326.400	-69.998	
45	326.500	-69.998	
45	326.600	-69.998	
45	326.700	-69.998	
45	326.800	-69.998	
45	326.900	-69.998	
45	327.000	-69.998	
45	327.100	-69.998	
45	327.200	-69.998	
45	327.300	-69.998	
45	327.400	-69.998	
45	327.500	-69.998	
45	327.600	-69.998	
45	327.700	-69.998	
45	327.800	-69.998	
45	327.900	-69.998	
45	328.000	-69.998	
45	328.100	-69.998	
45	328.200	-69.998	
45	328.300	-69.998	
45	328.400	-69.998	
45	328.500	-69.998	
45	328.600	-69.998	
45	328.700	-69.998	
45	328.800	-69.998	
45	328.900	-69.998	
45	329.000	-69.998	
45	329.100	-69.998	
45	329.200	-69.998	
45	329.300	-69.998	
45	329.400	-69.998	
45	329.500	-69.998	
45	329.600	-69.998	
45	329.700	-69.998	
45	329.800	-69.998	
45	329.900	-69.998	
45	330.000	-69.998	
45	330.100	-69.998	
45	330.200	-69.998	
45	330.300	-69.998	
45	330.400	-69.998	
45	330.500	-69.998	
45	330.600	-69.998	
45	330.700	-69.998	
45	330.800	-69.998	
45	330.900	-69.998	
45	331.000	-69.998	
45	331.100	-69.998	
45	331.200	-69.998	
45	331.300	-69.998	
45	331.400	-69.998	
45	331.500	-69.998	
45	331.600	-69.998	
45	331.700	-69.998	
45	331.800	-69.998	
45	331.900	-69.998	
45	332.000	-69.998	
45	332.100	-69.998	
45	332.200	-69.998	
45	332.300	-69.998	
45	332.400	-69.998	
45	332.500	-69.998	
45	332.600	-69.998	
45	332.700	-69.998	
45	332.800	-69.998	
45	332.900	-69.998	
45	333.000	-69.998	
45	333.100	-69.998	
45	333.200	-69.998	
45	333.300	-69.998	
45	333.400	-69.998	
45	333.500	-69.998	
45	333.600	-69.998	
45	333.700	-69.998	
45	333.800	-69.998	
45	333.900	-69.998	
45	334.000	-69.998	
45	334.100	-69.998	
45	334.200	-69.998	
45	334.300	-69.998	
45	334.400	-69.998	
45	334.500	-69.998	
45	334.600	-69.998	
45	334.700	-69.998	
45	334.800	-69.998	
45	334.900	-69.998	
45	335.000	-69.998	
45	335.100	-69.998	
45	335.200	-69.998	
45	335.300	-69.998	
45	335.400	-69.998	
45	335.500	-69.998	
45	335.600	-69.998	
45	335.700	-69.998	
45	335.800	-69.998	
45	335.900	-69.998	
45	336.000	-69.998	
45	336.100	-69.998	
45	336.200	-69.998	
45	336.300	-69.998	
45	336.400	-69.998	
45	336.500	-69.998	
45	336.600	-69.998	
45	336.700	-69.998	
45	336.800	-69.998	
45	336.900	-69.998	
45	337.000	-69.998	
45	337.100	-69.998	
45	337.200	-69.998	
45	337.300	-69.998	
45	337.400	-69.998	
45	337.500	-69.998	
45	337.600	-69.998	
45	337.700	-69.998	
45	337.800	-69.998	
45	337.900	-69.998	
45	338.000	-69.998	
45	338.100	-69.998	
45	338.200	-69.998	
45	338.300	-69.998	
45	338.400	-69.998	
45	338.500	-69.998	
45	338.600	-69.998	
45	338.700	-69.998	
45	338.800	-69.998	
45	338.900	-69.998	
45	339.000	-69.998	
45	339.100	-69.998	
45	339.200	-69.998	
45	339.300	-69.998	
45	339.400	-69.998	
45	339.500	-69.998	
45	339.600	-69.998	
45	339.700	-69.998	
45	339.800	-69.998	
45	339.900	-69.998	
45	340.000	-69.998	
45	340.100	-69.998	
45	340.200	-69.998	
45	340.300	-69.998	
45	340.400	-69.998	
45	340.500	-69.998	
45	340.600	-69.998	
45	340.700	-69.998	
45	340.800	-69.998	
45	340.900	-69.998	
45	341.000	-69.998	
45	341.100	-69.998	
45	341.200	-69.998	
45	341.300	-69.998	
45	341.400	-69.998	
45	341.500	-69.998	
45	341.600	-69.998	
45	341.700	-69.998	
45	341.800	-69.998	
45	341.900	-69.998	
45	342.000	-69.998	
45	342.100	-69.998	
45	342.200	-69.998	
45	342.300	-69.998	
45	342.400	-69.998	
45	342.500	-69.998	
45	342.600	-69.998	
45	342.700	-69.998	
45	342.800	-69.998	
45	342.900	-69.998	
45	343.000	-69.998	
45	343.100	-69.998	
45	343.200	-69.998	
45	343.300	-69.998	
45	343.400	-69.998	
45	343.500	-69.998	
45	343.600	-69.998	
45	343.700	-69.998	
45	343.800	-69.998	
45	343.900	-69.998	
45	344.000	-69.998	
45	344.100	-69.998	
45	344.200	-69.998	
45	344.300	-69.998	
45	344.400	-69.998	
45	344.500	-69.998	
45	344.600	-69.998	
45	344.700	-69.998	
45	344.800	-69.998	
45	344.900	-69.998	
45	345.000	-69.998	
45	345.100	-69.998	
45	345.200	-69.998	
45	345.300	-69.998	
45	345.400	-69.998	
45	345.500	-69.998	
45	345.600	-69.998	
45	345.700	-69.998	
45	345.800	-69.998	
45	345.900	-69.998	
45	346.000	-69.998	
45	346.100	-69.998	
45	346.200	-69.998	
45	346.300	-69.998	
45	346.400	-69.998	
45	346.500	-69.998	
45	346.600	-69.998	
45	346.700	-69.998	
45	346.800	-69.998	
45	346.900	-69.998	
45	347.000	-69.998	
45	347.100	-69.998	
45	347.200	-69.998	
45	347.300	-69.998	
45	347.400	-69.998	
45	347.500	-69.998	
45	347.600	-69.998	
45	347.700	-69.998	
45	347.800	-69.998	
45	347.900	-69.998	
45	348.000	-69.998	
45	348.100	-69.998	
45	348.200	-69.998	
45	348.300	-69.998	
45	348.400	-69.998	
45	348.500	-69.998	
45	348.600	-69.998	
45	348.700	-69.998	
45	348.800	-69.998	
45	348.900	-69.998	
45	349.000	-69.998	
45	349.100	-69.998	
45	349.200	-69.998	
45	349.300	-69.998	
45	349.400	-69.998	
45	349.500	-69.998	
45	349.600	-69.998	
45	349.700	-69.998	
45	349.800	-69.998	
45	349.900	-69.998	
45	350.000	-69.998	
45	350.100	-69.998	
45	350.200	-69.998	
45	350.300	-69.998	
45	350.400	-69.998	
45	350.500	-69.998	
45	350.600	-69.998	
45	350.700	-69.998	
45	350.800	-69.998	
45	350.900	-69.998	
45	351.000	-69.998	
45	351.100	-69.998	
45	351.200	-69.998	
45	351.300	-69.998	
45	351.400	-69.998	
45	351.500	-69.998	
45	351.600	-69.998	
45	351.700	-69.998	
45	351.800	-69.998	
45	351.900	-69.998	
45	352.000	-69.998	
45	352.100	-69.998	
45	352.200	-69.998	
45	352.300	-69.998	
45	352.400	-69.998	
45	352.500	-69.998	
45	352.600	-69.998	
45	352.700	-69.998	
45	352.800	-69.998	
45	352.900	-69.998	
45	353.000	-69.998	
45	353.100	-69.998	
45	353.200	-69.998	
45	353.300	-69.998	
45	353.400	-69.998	
45	353.500	-69.998	
45	353.600	-69.998	
45	353.700	-69.998	
45	353.800	-69.998	
45	353.900	-69.998	
45	354.000	-69.998	
45	354.100	-69.998	
45	354.200	-69.998	
45	354.300	-69.998	
45	354.400	-69.998	
45	354.500	-69.998	
45	354.600	-69.998	
45	354.700	-69.998	
45	354.800	-69.998	
45	354.900	-69.998	
45	355.000	-69.998	
45	355.100	-69.998	
45	355.200	-69.998	
45	355.300	-69.998	
45	355.400	-69.998	
45	355.500	-69.998	
45	355.600	-69.998	
45	355.700	-69.998	
45	355.800	-69.998	
45	355.900	-69.998	
45	356.000	-69.998	
45	356.100	-69.998	
45	356.200	-69.998	
45	356.300	-69.998	
45	356.400	-69.998	
45	356.500	-69.998	
45	356.600	-69.998	
45	356.700	-69.998	
45	356.800	-69.998	
45	356.900	-69.998	
45	357.000	-69.998	
45	357.100	-69.998	
45	357.200	-69.998	
45	357.300	-69.998	
45	357.400	-69.998	
45	357.500	-69.998	
45	357.600	-69.998	
45	357.700	-69.998	
45	357.800	-69.998	
45	357.900	-69.998	
45	358.000	-69.998	
45	358.100	-69.998	
45	358.200	-69.998	
45	358.300	-69.998	
45	358.400	-69.998	
45	358.500	-69.998	
45	358.600	-69.998	
45	358.700	-69.998	
45	358.800	-69.998	
45	358.900	-69.998	
45	359.000	-69.998	
45	359.100	-69.998	
45	359.200	-69.998	
45	359.300	-69.998	
45	359.400	-69.998	
45	359.500	-69.998	
45	359.600	-69.998	
45	359.700	-69.998	
45	359.800	-69.998	
45	359.900	-69.998	
45	360.000	-69.998	
45	360.100	-69.998	
45	360.200	-69.998	
45	360.300	-69.998	
45	360.400	-69.998	
45	360.500	-69.998	
45	360.600	-69.998	
45	360.700	-69.998	
45	360.800	-69.998	
45	360.900	-69.998	
45	361.000	-69.998	
45	361.100	-69.998	
45	361.200	-69.998	
45	361.300	-69.998	
45	361.400	-69.998	
45	361.500	-69.998	
45	361.600	-69.998	
45	361.700	-69.998	
45	361.800	-69.998	
45	361.900	-69.998	
45	362.000	-69.998	
45	362.100	-69.998	
45	362.200	-69.998	
45	362.300	-69.998	
45	362.400	-69.998	
45	362.500	-69.998	
45	362.600	-69.998	
45	362.700	-69.998	
45	362.800	-69.998	
45	362.900	-69.998	
45	363.000	-69.998	
45	363.100	-69.998	
45	363.200	-69.998	
45	363.300	-69.998	
45	363.400	-69.998	
45	363.500	-69.998	
45	363.600	-69.998	
45	363.700	-69.998	
45	363.800	-69.998	
45	363.900	-69.998	
45	364.000	-69.998	
45	364.100	-69.998	
45	364.200	-69.998	
45	364.300	-69.998	
45	364.400	-69.998	
45	364.500	-69.998	
45	364.600	-69.998	
45	364.700	-69.998	
45	364.800	-69.998	
45	364.900	-69.998	
45	365.000	-69.998	
45	365.100	-69.998	
45	365.200	-69.998	
45	365.300	-69.998	
45	365.400	-69.998	
45	365.500	-69.998	
45	365.600	-69.998	
45	365.700	-69.998	
45	365.800	-69.998	
45	365.900	-69.998	
45	366.000	-69.998	
45	366.100	-69.998	
45	366.200	-69.998	
45	366.300	-69.998	
45	366.400	-69.998	
45	366.500	-69.998	
45	366.600	-69.998	
45	366.700	-69.998	
45	366.800	-69.998	
45	366.900	-69.998	
45	367.000	-69.998	
45	367.100	-69.998	
45	367.200	-69.998	
45	367.300	-69.998	
45	367.400	-69.998	
45	367.500	-69.998	
45	367.600	-69.998	
45	367.700	-69.998	
45	367.800	-69.998	
45	367.900	-69.998	
45	368.000	-69.998	
45	368.100	-69.998	
45	368.200	-69.998	
45	368.300	-69.998	
45	368.400	-69.998	
45	368.500	-69.998	
45	368.600	-69.998	
45	368.700	-69.998	
45	368.800	-69.998	
45	368.900	-69.998	
45	369.000	-69.998	
45	369.100	-69.998	
45	369.200	-69.998	
45	369.300	-69.998	
45	369.400	-69.998	
45	369.500	-69.998	
45	369.600	-69.998	
45	369.700	-69.998	
45	369.800	-69.998	
45	369.900	-69.998	
45	370.000	-69.998	
45	370.100	-69.998	
45	370.200	-69.998	
45	370.300	-69.998	
45	370.400	-69.998	
45	370.500	-69.998	
45	370.600	-69.998	
45	370.700	-69.998	
45	370.800	-69.998	
45	370.900	-69.998	
45	371.000	-69.998	
45	371.100	-69.998	
45	371.200	-69.998	
45	371.300	-69.998	
45	371.400	-69.998	
45	371.500	-69.998	
45	371.600	-69.998	
45	371.700	-69.998	
45	371.800	-69.998	
45	371.900	-69.998	
45	372.000	-69.998	
45	372.100	-69.998	
45	372.200	-69.998	
45	372.300	-69.998	
45	372.400	-69.998	
45	372.500	-69.998	
45	372.600	-69.998	
45	372.700	-69.998	
45	372.800	-69.998	
45	372.900	-69.998	
45	373.000	-69.998	
45	373.100	-69.998	
45	373.200	-69.998	
45	373.300	-69.998	
45	373.400	-69.998	
45	373.500	-69.998	
45	373.600	-69.998	
45	373.700	-69.998	
45	373.800	-69.998	
45	373.900	-69.998	
45	374.000	-69.998	
45	374.100	-69.998	
45	374.200	-69.998	
45	374.300	-69.998	
45	374.400	-69.998	
45	374.500	-69.998	
45	374.600	-69.998	
45	374.700	-69.998	
45	374.800	-69.998	
45	374.900	-69.998	
45	375.000	-69.998	
45	375.100	-69.998	
45	375.200	-69.998	
45	375.300	-69.998	
45	375.400	-69.998	
45	375.500	-69.998	
45	375.600	-69.998	
45	375.700	-69.998	
45	375.800	-69.998	
45	375.900	-69.998	
45	376.000	-69.998	
45	376.100	-69.998	
45	376.200	-69.998	
45	376.300	-69.998	
45	376.400	-69.998	
45	376.500	-69.998	
45	376.600	-69.998	
45	376.700	-69.998	
45	376.800	-69.998	
45	376.900	-69.998	
45	377.000	-69.998	
45	377.100	-69.998	
45	377.200	-69.998	
45	377.300	-69.998	
45	377.400	-69.998	
45	377.500	-69.998	
45	377.600	-69.998	
45	377.700	-69.998	
45	377.800	-69.998	
45	377.900	-69.998	
45	378.000	-69.998	
45	378.100	-69.998	
45	378.200	-69.998	
45	378.300	-69.998	
45	378.400	-69.998	
45	378.500	-69.998	
45	378.600	-69.998	
45	378.700	-69.998	
45	378.800	-69.998	
45	378.900	-69.998	
45	379.000	-69.998	
45	379.100	-69.998	
45	379.200	-69.998	
45	379.300	-69.998	
45	379.400	-69.998	
45	379.500	-69.998	
45	379.600	-69.998	
45	379.700	-69.998	
45	379.800	-69.998	
45	379.900	-69.998	
45	380.000	-69.998	
45	380.100	-69.998	
45	380.200	-69.998	
45	380.300	-69.998	
45	380.400	-69.998	
45	380.500	-69.998	
45	380.600	-69.998	
45	380.700	-69.998	
45	380.800	-69.998	
45	380.900	-69.998	
45	381.000	-69.998	
45	381.100	-69.998	
45	381.200	-69.998	
45	381.300	-69.998	
45	381.400	-69.998	
45	381.500	-69.998	
45	381.600	-69.998	
45	381.700	-69.998	
45	381.800	-69.998	
45	381.900	-69.998	
45	382.000	-69.998	
45	382.100	-69.998	
45	382.200	-69.998	
45	382.300	-69.998	
45	382.400	-69.998	
45	382.500	-69.998	
45	382.600	-69.998	
45	382.700	-69.998	
45	382.800	-69.998	
45	382.900	-69.998	
45	383.000	-69.998	
45	383.100	-69.998	
45	383.200	-69.998	
45	383.300	-69.998	
45	383.400	-69.998	
45	383.500	-69.998	
45	383.600	-69.998	
45	383.700	-69.998	
45	383.800	-69.998	
45	383.900	-69.998	
45	384.000	-69.998	
45	384.100	-69.998	
45	384.200	-69.998	
45	384.300	-69.998	
45	384.400	-69.998	
45	384.500	-69.998	
45	384.600	-69.998	
45	384.700	-69.998	
45	384.800	-69.998	
45	384.900	-69.998	
45	385.000	-69.998	
45	385.100	-69.998	
45	385.200	-69.998	
45	385.300	-69.998	
45	385.400	-69.998	
45	385.500	-69.998	
45	385.600	-69.998	
45	385.700	-69.998	
45	385.800	-69.998	
45	385.900	-69.998	
45	386.000	-69.998	
45	386.100	-69.998	
45	386.200	-69.998	
45	386.300	-69.998	
45	386.400	-69.998	
45	386.500	-69.998	
45	386.600	-69.998	
45	386.700	-69.998	
45	386.800	-69.998	
45	386.900	-69.998	
45	387.000	-69.998	
45	387.100	-69.998	
45	387.200	-69.998	
45	387.300	-69.998	
45	387.400	-69.998	
45	387.500	-69.998	
45	387.600	-69.998	
45	387.700	-69.998	
45	387.800	-69.998	
45	387.900	-69.998	
45	388.000	-69.998	
45	388.100	-69.998	
45	388.200	-69.998	
45	388.300	-69.998	
45	388.400	-69.998	
45	388.500	-69.998	
45	388.600	-69.998	
45	388.700	-69.998	
45	388.800	-69.998	
45	388.900	-69.998	
45	389.000	-69.998	
45	389.100	-69.998	
45	389.200	-69.998	
45	389.300	-69.998	
45	389.400	-69.998	
45	389.500	-69.998	
45	389.600	-69.998	
45	389.700	-69.998	
45	389.800	-69.998	
45	389.900	-69.998	
45	390.000	-69.998	
45	390.100	-69.998	
45	390.200	-69.998	
45	390.300	-69.998	
45	390.400	-69.998	
45	390.500	-69.998	
45	390.600	-69.998	
45	390.700	-69.998	
45	390.800	-69.998	
45	390.900	-69.998	
45	391.000	-69.998	
45	391.100	-69.998	
45	391.200	-69.998	
45	391.300	-69.998	
45	391.400	-69.998	
45	391.500	-69.998	
45	391.600	-69.998	
45	391.700	-69.998	
45	391.800	-69.998	
45	391.900	-69.998	
45	392.000	-69.998	
45	392.100	-69.998	
45	392.200	-69.998	
45	392.300	-69.998	
45	392.400	-69.998	
45	392.500	-69.998	
45	392.600	-69.998	
45	392.700	-69.998	
45	392.800	-69.998	
45	392.900	-69.998	
45	393.000	-69.998	
45	393.100	-69.998	
45	393.200	-69.998	
45	393.300	-69.998	
45	393.400	-69.998	
45	393.500	-69.998	
45	393.600	-69.998	
45	393.700	-69.998	
45	393.800	-69.998	
45	393.900	-69.998	
45	394.000	-69.998	
45	394.100	-69.998	
45	394.200	-69.998	
45	394.300	-69.998	
45	394.400	-69.998	
45	394.500	-69.998	
45	394.600	-69.998	
45	394.700	-69.998	
45	394.800	-69.998	
45	394.900	-69.998	
45	395.000	-69.998	
45	395.100	-69.998	
45	395.200	-69.998	
45	395.300	-69.998	
45	395.400	-69.998	
45	395.500	-69.998	
45	395.600	-69.998	
45	395.700	-69.998	
45	395.800	-69.998	
45	395.900	-69.998	
45	396.000	-69.998	
45	396.100	-69.998	
45	396.200	-69.998	
45	396.300	-69.998	
45	396.400	-69.998	
45	396.500	-69.998	
45	396.600	-69.998	
45	396.700	-69.998	
45	396.800	-69.998	
45	396.900	-69.998	
45	397.000	-69.998	
45	397.100	-69.998	
45	397.200	-69.998	
45	397.300	-69.998	
45	397.400	-69.998	
45	397.500	-69.998	
45	397.600	-69.998	
45	397.700	-69.998	
45	397.800	-69.998	
45	397.900	-69.998	
45	398.000	-69.998	
45	398.100	-69.998	
45	398.200	-69.998	
45	398.300	-69.998	
45	398.400	-69.998	
45	398.500	-69.998	
45	398.600	-69.998	
45	398.700	-69.998	
45	398.800	-69.998	
45	398.900	-69.998	
45	399.000	-69.998	
45	399.100	-69.998	
45	399.200	-69.998	
45	399.300	-69.998	
45	399.400	-69.998	
45	399.500	-69.998	
45	399.600	-69.998	
45	399.700	-69.998	
45	399.800	-69.998	
45	399.900	-69.998	
45	400.000	-69.998	
45	400.100	-69.998	
45	400.200	-69.998	
45	400.300	-69.998	
45	400.400	-69.998	
45	400.500	-69.998	
45	400.600	-69.998	
45	400.700	-69.998	
45	400.800	-69.998	
45	400.900	-69.998	
45	401.000	-69.998	
45	401.100	-69.998	
45	401.200	-69.998	
45	401.300	-69.998	
45	401.400	-69.998	
45	401.500	-69.998	
45	401.600	-69.998	
45	401.700	-69.998	
45	401.800	-69.998	
45	401.900	-69.998	
45	402.000	-69.998	
45	402.100	-69.998	
45	402.200	-69.998	
45	402.300	-69.998	
45	402.400	-69.998	
45	402.500	-69.998	
45	402.600	-69.998	
45	402.700	-69.998	
45	402.800	-69.998	
45	402.900	-69.998	
45	403.000	-69.998	
45	403.100	-69.998	
45	403.200	-69.998	
45	403.300	-69.998	
45	403.400	-69.998	
45	403.500	-69.998	
45	403.600	-69.998	
45	403.700	-69.998	
45	403.800	-69.998	
45	403.900	-69.998	
45	404.000	-69.998	
45	404.100	-69.998	
45	404.200	-69.998	
45	404.300	-69.998	
45	404.400	-69.998	
45	404.500	-69.998	
45	404.600	-69.998	
45	404.700	-69.998	
45	404.800	-69.998	
45	404.900	-69.998	
45	405.000	-69.998	
45	405.100	-69.998	
45	405.200	-69.998	
45	405.300	-69.998	
45	405.400	-69.998	
45	405.500	-69.998	
45	405.600	-69.998	
45	405.700	-69.998	
45	405.800	-69.998	
45	405.900	-69.998	
45	406.000	-69.998	
45	406.100	-69.998	
45	406.200	-69.998	
45	406.300	-69.998	
45	406.400	-69.998	
45	406.500	-69.998	
45	406.600	-69.998	
45	406.700	-69.998	
45	406.800	-69.998	
45	406.900	-69.998	
45	407.000	-69.998	
45	407.100	-69.998	
45	407.200	-69.998	
45	407.300	-69.998	
45	407.400	-69.998	
45	407.500	-69.998	
45	407.600	-69.998	
45	407.700	-69.998	
45	407.800	-69.998	
45	407.900	-69.998	
45	408.000	-69.998	
45	408.100	-69.998	
45	408.200	-69.998	
45	408.300	-69.998	
45	408.400	-69.998	
45	408.500	-69.998	
45	408.600	-69.998	
45	408.700	-69.998	
45	408.800	-69.998	
45	408.900	-69.998	
45	409.000	-69.998	
45	409.100	-69.998	
45	409.200	-69.998	
45	409.300	-69.998	
45	409.400	-69.998	
45	409.500	-69.998	
45	409.600	-69.998	
45	409.700	-69.998	
45	409.800	-69.998	
45	409.900	-69.998	
45	410.000	-69.998	
45	410.100	-69.998	
45	410.200	-69.998	
45	410.300	-69.998	
45	410.400	-69.998	
45	410.500	-69.998	
45	410.600	-69.998	
45	410.700	-69.998	
45	410.800	-69.998	
45	410.900	-69.998	
45	411.000	-69.998	
45	411.100	-69.998	
45	411.200	-69.998	
45	411.300	-69.998	
45	411.400	-69.998	
45	411.500	-69.998	
45	411.600	-69.998	
45	411.700	-69.998	
45	411.800	-69.998	
45	411.900	-69.998	
45	412.000	-69.998	
45	412.100	-69.998	
45	412.200	-69.998	
45	412.300	-69.998	
45	412.400	-69.998	
45	412.500	-69.998	
45	412.600	-69.998	
45	412.700	-69.998	
45	412.800	-69.998	
45	412.900	-69.998	
45	413.000	-69.998	
45	413.100	-69.998	
45	413.200	-69.998	
45	413.300	-69.998	
45	413.400	-69.998	
45	413.500	-69.998	
45	413.600	-69.998	
45	413.700	-69.998	
45	413.800	-69.998	
45	413.900	-69.998	
45	414.000	-69.998	
45	414.100	-69.998	
45	414.200	-69.998	
45	414.300	-69.998	
45	414.400	-69.998	
45	414.500	-69.998	
45	414.600	-69.998	
45	414.700	-69.998	
45	414.800	-69.998	
45	414.900	-69.998	
45	415.000	-69.998	
45	415.100	-69.998	
45	415.200	-69.998	
45	415.300	-69.998	
45	415.400	-69.998	
45	415.500	-69.998	
45	415.600	-69.998	
45	415.700	-69.998	
45	415.800	-69.998	
45	415.900	-69.998	
45	416.000	-69.998	
45	416.100	-69.998	
45	416.200	-69.998	
45	416.300	-69.998	
45	416.400	-69.998	
45	416.500	-69.998	
45	416.600	-69.998	
45	416.700	-69.998	
45	416.800	-69.998	
45	416.900	-69.998	
45	417.000	-69.998	
45	417.100	-69.998	
45	417.200	-69.998	
45	417.300	-69.998	
45	417.400	-69.998	
45	417.500	-69.998	
45	417.600	-69.998	
45	417.700	-69.998	
45	417.800	-69.998	
45	417.900	-69.998	
45	418.000	-69.998	
45	418.100	-69.998	
45	418.200	-69.998	
45	418.300	-69.998	
45	418.400	-69.998	
45	418.500	-69.998	
45	418.600	-69.998	
45	418.700	-69.998	
45	418.800	-69.998	
45	418.900	-69.998	
45	419.000	-69.998	
45	419.100	-69.998	
45	419.200	-69.998	
45	419.300	-69.998	
45	419.400	-69.998	
45	419.500	-69.998	
45	419.600	-69.998	
45	419.700	-69.998	
45	419.800	-69.998	
45	419.900	-69.998	
45	420.000	-69.998	
45	420.100	-69.998	
45	420.200	-69.998	
45	420.300	-69.998	
45	420.400	-69.998	
45	420.500	-69.998	
45	420.600	-69.998	
45	420.700	-69.998	
45	420.800	-69.998	
45	420.900	-69.998	
45	421.000	-69.998	
45	421.100	-69.998	
45	421.200	-69.998	
45	421.300	-69.998	
45	421.400	-69.998	
45	421.500	-69.998	
45	421.600	-69.998	
45	421.700	-69.998	
45	421.800	-69.998	
45	421.900	-69.998	
45	422.000	-69.998	
45	422.100	-69.998	
45	422.200	-69.998	
45	422.300	-69.998	
45	422.400	-69.998	
45	422.500	-69.998	
45	422.600	-69.998	
45	422.700	-69.998	
45	422.800	-69.998	
45	422.900	-69.998	
45	423.000	-69.998	
45	423.100	-69.998	
45	423.200	-69.998	
45	423.300	-69.998	
45	423.400	-69.998	
45	423.500	-69.998	
45	423.600	-69.998	
45	423.700	-69.998	
45	423.800	-69.998	
45	423.900	-69.998	
45	424.000	-69.998	
45	424.100	-69.998	
45	424.200	-69.998	
45	424.300	-69.998	
45	424.400	-69.998	
45	424.500	-69.998	
45	424.600	-69.998	
45	424.700	-69.998	
45	424.800	-69.998	
45	424.900	-69.998	
45	425.000	-69.998	
45	425.100	-69.998	
45	425.200	-69.998	
45	425.300	-69.998	
45	425.400	-69.998	
45	425.500	-69.998	
45	425.600	-69.998	
45	425.700	-69.998	
45	425.800	-69.998	
45	425.900	-69.998	
45	426.000	-69.998	
45	426.100	-69.998	
45	426.200	-69.998	
45	426.300	-69.998	
45	426.400	-69.998	
45	426.500	-69.998	
45	426.600	-69.998	
45	426.700	-69.998	
45	426.800	-69.998	
45	426.900	-69.998	
45	427.000	-69.998	
45	427.100	-69.998	
45	427.200	-69.998	
45	427.300	-69.998	
45	427.400	-69.998	
45	427.500	-69.998	
45	427.600	-69.998	
45	427.700	-69.998	
45	427.800	-69.998	
45	427.900	-69.998	
45	428.000	-69.998	
45	428.100	-69.998	
45	428.200	-69.998	
45	428.300	-69.998	
45	428.400	-69.998	
45	428.500	-69.998	
45	428.600	-69.998	
45	428.700	-69.998	
45	428.800	-69.998	
45	428.900	-69.998	
45	429.000	-69.998	
45	429.100	-69.998	
45	429.200	-69.998	
45	429.300	-69.998	
45	429.400	-69.998	
45	429.500	-69.998	
45	429.600	-69.998	
45	429.700	-69.998	
45	429.800	-69.998	
45	429.900	-69.998	
45	430.000	-69.998	
45	430.100	-69.998	
45	430.200	-69.998	
45	430.300	-69.998	
45	430.400	-69.998	
45	430.500	-69.998	
45	430.600	-69.998	
45	430.700	-69.998	
45	430.800	-69.998	
45	430.900	-69.998	
45	431.000	-69.998	
45	431.100	-69.998	
45	431.200	-69.998	
45	431.300	-69.998	
45	431.400	-69.998	
45	431.500	-69.998	
45	431.600	-69.998	
45	431.700	-69.998	
45	431.800	-69.998	
45	431.900	-69.998	
45	432.000	-69.998	
45	432.100	-69.998	
45	432.200	-69.998	
45	432.300	-69.998	
45	432.400	-69.998	
45	432.500	-69.998	
45	432.600	-69.998	
45	432.700	-69.998	
45	432.800	-69.998	
45	432.900	-69.998	
45	433.000	-69.998	
45	433.100	-69.998	
45	433.200	-69.998	
45	433.300	-69.998	
45	433.400	-69.998	
45	433.500	-69.998	
45	433.600	-69.998	
45	433.700	-69.998	
45	433.800	-69.998	
45	433.900	-69.998	
45	434.000	-69.998	
45	434.100	-69.998	
45	434.200	-69.998	
45	434.300	-69.998	
45	434.400	-69.998	
45	434.500	-69.998	
45	434.600	-69.998	
45	434.700	-69.998	
45	434.800	-69.998	
45	434.900	-69.998	
45	435.000	-69.998	
45	435.100	-69.998	
45	435.200	-69.998	
45	435.300	-69.998	
45	435.400	-69.998	
45	435.500	-69.998	
45	435.600	-69.998	
45	435.700	-69.998	
45	435.800	-69.998	
45	435.900	-69.998	
45	436.000	-69.998	
45	436.100	-69.998	
45	436.200	-69.998	
45	436.300	-69.998	
45	436.400	-69.998	
45	436.500	-69.998	
45	436.600	-69.998	
45	436.700	-69.998	
45	436.800	-69.998	
45	436.900	-69.998	
45	437.000	-69.998	
45	437.100	-69.998	
45	437.200	-69.998	
45	437.300	-69.998	
45	437.400	-69.998	
45	437.500	-69.998	
45	437.600	-69.998	
45	437.700	-69.998	
45	437.800	-69.998	
45	437.900	-69.998	
45	438.000	-69.998	
45	438.100	-69.998	
45	438.200	-69.998	
45	438.300	-69.998	
45	438.400	-69.998	
45	438.500	-69.998	
45	438.600	-69.998	
45	438.700	-69.998	
45	438.800	-69.998	
45	438.900	-69.998	
45	439.000	-69.998	
45	439.100	-69.998	
45	439.200	-69.998	
45	439.300	-69.998	
45	439.400	-69.998	
45	439.500	-69.998	
45	439.600	-69.998	
45	439.700	-69.998	
45	439.800	-69.998	
45	439.900	-69.998	
45	440.000	-69.998	
45	440.100	-69.998	
45	440.200	-69.998	
45	440.300	-69.998	
45	440.400	-69.998	
45	440.500	-69.998	
45	440.600	-69.998	
45	440.700	-69.998	
45	440.800	-69.998	
45	440.900	-69.998	
45	441.000	-69.998	
45	441.100	-69.998	
45	441.200	-69.998	
45	441.300	-69.998	
45	441.400	-69.998	
45	441.500	-69.998	
45	441.600	-69.998	
45	441.700	-69.998	
45	441.800	-69.998	
45	441.900	-69.998	
45	442.000	-69.998	
45	442.100	-69.998	
45	442.200	-69.998	
45	442.300	-69.998	
45	442.400	-69.998	
45	442.500	-69.998	
45	442.600	-69.998	
45	442.700	-69.998	
45	442.800	-69.998	
45	442.900	-69.998	
45	443.000	-69.998	
45	443.100	-69.998	
45	443.200	-69.998	
45	443.300	-69.998	
45	443.400	-69.998	
45	443.500	-69.998	
45	443.600	-69.998	
45	443.700	-69.998	
45	443.800	-69.998	
45	443.900	-69.998	
45	444.000	-69.998	
45	444.100	-69.998	
45	444.200	-69.998	
45	444.300	-69.998	
45	444.400	-69.998	
45	444.500	-69.998	
45	444.600	-69.998	
45	444.700	-69.998	
45	444.800	-69.998	
45	444.900	-69.998	
45	445.000	-69.998	
45	445.100	-69.998	
45	445.200	-69.998	
45	445.300	-69.998	
45	445.400	-69.998	
45	445.500	-69.998	
45	445.600	-69.998	
45	445.700	-69.998	
45	445.800	-69.998	
45	445.900	-69.998	
45	446.000	-69.998	
45	446.100	-69.998	
45	446.200	-69.998	
45	446.300	-69.998	
45	446.400	-69.998	
45	446.500	-69.998	
45	446.600	-69.998	
45	446.700	-69.998	
45	446.800	-69.998	
45	446.900	-69.998	
45	447.000	-69.998	
45	447.100	-69.998	
45	447.200	-69.998	
45	447.300	-69.998	
45	447.400	-69.998	
45	447.500	-69.998	
45	447.600	-69.998	
45	447.700	-69.998	
45	447.800	-69.998	
45	447.900	-69.998	
45	448.000	-69.998	
45	448.100	-69.998	
45	448.200	-69.998	
45	448.300	-69.998	
45	448.400	-69.998	
45	448.500	-69.998	
45	448.600	-69.998	
45	448.700	-69.998	
45	448.800	-69.998	
45	448.900	-69.998	
45	449.000	-69.998	
