28	0.100	-70.000	
28	0.200	-70.000	
28	0.300	-70.000	
28	0.400	-70.000	
28	0.500	-70.000	
28	0.600	-70.000	
28	0.700	-70.000	
28	0.800	-70.000	
28	0.900	-70.000	
28	1.000	-70.000	
28	1.100	-70.000	
28	1.200	-70.000	
28	1.300	-70.000	
28	1.400	-70.000	
28	1.500	-70.000	
28	1.600	-70.000	
28	1.700	-70.000	
28	1.800	-69.999	
28	1.900	-69.999	
28	2.000	-69.999	
28	2.100	-69.999	
28	2.200	-69.999	
28	2.300	-69.999	
28	2.400	-69.999	
28	2.500	-69.999	
28	2.600	-69.999	
28	2.700	-69.999	
28	2.800	-69.999	
28	2.900	-69.999	
28	3.000	-69.999	
28	3.100	-69.999	
28	3.200	-69.999	
28	3.300	-69.999	
28	3.400	-69.999	
28	3.500	-69.999	
28	3.600	-69.999	
28	3.700	-69.999	
28	3.800	-69.999	
28	3.900	-69.999	
28	4.000	-69.999	
28	4.100	-69.999	
28	4.200	-69.999	
28	4.300	-69.999	
28	4.400	-69.999	
28	4.500	-69.999	
28	4.600	-69.999	
28	4.700	-69.999	
28	4.800	-69.999	
28	4.900	-69.999	
28	5.000	-69.999	
28	5.100	-69.999	
28	5.200	-69.999	
28	5.300	-69.999	
28	5.400	-69.999	
28	5.500	-69.999	
28	5.600	-69.999	
28	5.700	-69.999	
28	5.800	-69.999	
28	5.900	-69.999	
28	6.000	-69.999	
28	6.100	-69.999	
28	6.200	-69.999	
28	6.300	-69.999	
28	6.400	-69.999	
28	6.500	-69.999	
28	6.600	-69.999	
28	6.700	-69.999	
28	6.800	-69.999	
28	6.900	-69.999	
28	7.000	-69.999	
28	7.100	-69.999	
28	7.200	-69.999	
28	7.300	-69.999	
28	7.400	-69.999	
28	7.500	-69.999	
28	7.600	-69.999	
28	7.700	-69.999	
28	7.800	-69.999	
28	7.900	-69.999	
28	8.000	-69.999	
28	8.100	-69.999	
28	8.200	-69.999	
28	8.300	-69.999	
28	8.400	-69.999	
28	8.500	-69.999	
28	8.600	-69.999	
28	8.700	-69.999	
28	8.800	-69.999	
28	8.900	-69.999	
28	9.000	-69.999	
28	9.100	-69.999	
28	9.200	-69.999	
28	9.300	-69.999	
28	9.400	-69.999	
28	9.500	-69.999	
28	9.600	-69.999	
28	9.700	-69.999	
28	9.800	-69.999	
28	9.900	-69.998	
28	10.000	-69.998	
28	10.100	-69.998	
28	10.200	-69.998	
28	10.300	-69.998	
28	10.400	-69.998	
28	10.500	-69.998	
28	10.600	-69.998	
28	10.700	-69.998	
28	10.800	-69.998	
28	10.900	-69.998	
28	11.000	-69.998	
28	11.100	-69.998	
28	11.200	-69.998	
28	11.300	-69.998	
28	11.400	-69.998	
28	11.500	-69.998	
28	11.600	-69.998	
28	11.700	-69.998	
28	11.800	-69.998	
28	11.900	-69.998	
28	12.000	-69.998	
28	12.100	-69.998	
28	12.200	-69.998	
28	12.300	-69.998	
28	12.400	-69.998	
28	12.500	-69.998	
28	12.600	-69.998	
28	12.700	-69.998	
28	12.800	-69.998	
28	12.900	-69.998	
28	13.000	-69.998	
28	13.100	-69.998	
28	13.200	-69.998	
28	13.300	-69.998	
28	13.400	-69.998	
28	13.500	-69.998	
28	13.600	-69.998	
28	13.700	-69.998	
28	13.800	-69.998	
28	13.900	-69.998	
28	14.000	-69.998	
28	14.100	-69.998	
28	14.200	-69.998	
28	14.300	-69.998	
28	14.400	-69.998	
28	14.500	-69.998	
28	14.600	-69.998	
28	14.700	-69.998	
28	14.800	-69.998	
28	14.900	-69.998	
28	15.000	-69.998	
28	15.100	-69.998	
28	15.200	-69.998	
28	15.300	-69.998	
28	15.400	-69.998	
28	15.500	-69.998	
28	15.600	-69.998	
28	15.700	-69.998	
28	15.800	-69.998	
28	15.900	-69.998	
28	16.000	-69.998	
28	16.100	-69.998	
28	16.200	-69.998	
28	16.300	-69.998	
28	16.400	-69.998	
28	16.500	-69.998	
28	16.600	-69.998	
28	16.700	-69.998	
28	16.800	-69.998	
28	16.900	-69.998	
28	17.000	-69.998	
28	17.100	-69.998	
28	17.200	-69.998	
28	17.300	-69.998	
28	17.400	-69.998	
28	17.500	-69.998	
28	17.600	-69.998	
28	17.700	-69.998	
28	17.800	-69.998	
28	17.900	-69.998	
28	18.000	-69.998	
28	18.100	-69.998	
28	18.200	-69.998	
28	18.300	-69.998	
28	18.400	-69.998	
28	18.500	-69.998	
28	18.600	-69.998	
28	18.700	-69.998	
28	18.800	-69.998	
28	18.900	-69.998	
28	19.000	-69.998	
28	19.100	-69.998	
28	19.200	-69.998	
28	19.300	-69.998	
28	19.400	-69.998	
28	19.500	-69.998	
28	19.600	-69.998	
28	19.700	-69.998	
28	19.800	-69.998	
28	19.900	-69.998	
28	20.000	-69.998	
28	20.100	-69.998	
28	20.200	-69.998	
28	20.300	-69.998	
28	20.400	-69.998	
28	20.500	-69.998	
28	20.600	-69.998	
28	20.700	-69.998	
28	20.800	-69.998	
28	20.900	-69.998	
28	21.000	-69.998	
28	21.100	-69.998	
28	21.200	-69.998	
28	21.300	-69.998	
28	21.400	-69.998	
28	21.500	-69.998	
28	21.600	-69.998	
28	21.700	-69.998	
28	21.800	-69.998	
28	21.900	-69.998	
28	22.000	-69.998	
28	22.100	-69.998	
28	22.200	-69.998	
28	22.300	-69.998	
28	22.400	-69.998	
28	22.500	-69.998	
28	22.600	-69.998	
28	22.700	-69.998	
28	22.800	-69.998	
28	22.900	-69.998	
28	23.000	-69.998	
28	23.100	-69.998	
28	23.200	-69.998	
28	23.300	-69.998	
28	23.400	-69.998	
28	23.500	-69.998	
28	23.600	-69.998	
28	23.700	-69.998	
28	23.800	-69.998	
28	23.900	-69.998	
28	24.000	-69.998	
28	24.100	-69.998	
28	24.200	-69.998	
28	24.300	-69.998	
28	24.400	-69.998	
28	24.500	-69.998	
28	24.600	-69.998	
28	24.700	-69.998	
28	24.800	-69.998	
28	24.900	-69.998	
28	25.000	-69.998	
28	25.100	-69.998	
28	25.200	-69.998	
28	25.300	-69.998	
28	25.400	-69.998	
28	25.500	-69.998	
28	25.600	-69.998	
28	25.700	-69.998	
28	25.800	-69.998	
28	25.900	-69.998	
28	26.000	-69.998	
28	26.100	-69.998	
28	26.200	-69.998	
28	26.300	-69.998	
28	26.400	-69.998	
28	26.500	-69.998	
28	26.600	-69.998	
28	26.700	-69.998	
28	26.800	-69.998	
28	26.900	-69.998	
28	27.000	-69.998	
28	27.100	-69.998	
28	27.200	-69.998	
28	27.300	-69.998	
28	27.400	-69.998	
28	27.500	-69.998	
28	27.600	-69.998	
28	27.700	-69.998	
28	27.800	-69.998	
28	27.900	-69.998	
28	28.000	-69.998	
28	28.100	-69.998	
28	28.200	-69.998	
28	28.300	-69.998	
28	28.400	-69.998	
28	28.500	-69.998	
28	28.600	-69.998	
28	28.700	-69.998	
28	28.800	-69.998	
28	28.900	-69.998	
28	29.000	-69.998	
28	29.100	-69.998	
28	29.200	-69.998	
28	29.300	-69.998	
28	29.400	-69.998	
28	29.500	-69.998	
28	29.600	-69.998	
28	29.700	-69.998	
28	29.800	-69.998	
28	29.900	-69.998	
28	30.000	-69.998	
28	30.100	-69.998	
28	30.200	-69.998	
28	30.300	-69.998	
28	30.400	-69.998	
28	30.500	-69.998	
28	30.600	-69.998	
28	30.700	-69.998	
28	30.800	-69.998	
28	30.900	-69.998	
28	31.000	-69.998	
28	31.100	-69.998	
28	31.200	-69.998	
28	31.300	-69.998	
28	31.400	-69.998	
28	31.500	-69.998	
28	31.600	-69.998	
28	31.700	-69.998	
28	31.800	-69.998	
28	31.900	-69.998	
28	32.000	-69.998	
28	32.100	-69.998	
28	32.200	-69.998	
28	32.300	-69.998	
28	32.400	-69.998	
28	32.500	-69.998	
28	32.600	-69.998	
28	32.700	-69.998	
28	32.800	-69.998	
28	32.900	-69.998	
28	33.000	-69.998	
28	33.100	-69.998	
28	33.200	-69.998	
28	33.300	-69.998	
28	33.400	-69.998	
28	33.500	-69.998	
28	33.600	-69.998	
28	33.700	-69.998	
28	33.800	-69.998	
28	33.900	-69.998	
28	34.000	-69.998	
28	34.100	-69.998	
28	34.200	-69.998	
28	34.300	-69.998	
28	34.400	-69.998	
28	34.500	-69.998	
28	34.600	-69.998	
28	34.700	-69.998	
28	34.800	-69.998	
28	34.900	-69.998	
28	35.000	-69.998	
28	35.100	-69.998	
28	35.200	-69.998	
28	35.300	-69.998	
28	35.400	-69.998	
28	35.500	-69.998	
28	35.600	-69.998	
28	35.700	-69.998	
28	35.800	-69.998	
28	35.900	-69.998	
28	36.000	-69.998	
28	36.100	-69.998	
28	36.200	-69.998	
28	36.300	-69.998	
28	36.400	-69.998	
28	36.500	-69.998	
28	36.600	-69.998	
28	36.700	-69.998	
28	36.800	-69.998	
28	36.900	-69.998	
28	37.000	-69.998	
28	37.100	-69.998	
28	37.200	-69.998	
28	37.300	-69.998	
28	37.400	-69.998	
28	37.500	-69.998	
28	37.600	-69.998	
28	37.700	-69.998	
28	37.800	-69.998	
28	37.900	-69.998	
28	38.000	-69.998	
28	38.100	-69.998	
28	38.200	-69.998	
28	38.300	-69.998	
28	38.400	-69.998	
28	38.500	-69.998	
28	38.600	-69.998	
28	38.700	-69.998	
28	38.800	-69.998	
28	38.900	-69.998	
28	39.000	-69.998	
28	39.100	-69.998	
28	39.200	-69.998	
28	39.300	-69.998	
28	39.400	-69.998	
28	39.500	-69.998	
28	39.600	-69.998	
28	39.700	-69.998	
28	39.800	-69.998	
28	39.900	-69.998	
28	40.000	-69.998	
28	40.100	-69.998	
28	40.200	-69.998	
28	40.300	-69.998	
28	40.400	-69.998	
28	40.500	-69.998	
28	40.600	-69.998	
28	40.700	-69.998	
28	40.800	-69.998	
28	40.900	-69.998	
28	41.000	-69.998	
28	41.100	-69.998	
28	41.200	-69.998	
28	41.300	-69.998	
28	41.400	-69.998	
28	41.500	-69.998	
28	41.600	-69.998	
28	41.700	-69.998	
28	41.800	-69.998	
28	41.900	-69.998	
28	42.000	-69.998	
28	42.100	-69.998	
28	42.200	-69.998	
28	42.300	-69.998	
28	42.400	-69.998	
28	42.500	-69.998	
28	42.600	-69.998	
28	42.700	-69.998	
28	42.800	-69.998	
28	42.900	-69.998	
28	43.000	-69.998	
28	43.100	-69.998	
28	43.200	-69.998	
28	43.300	-69.998	
28	43.400	-69.998	
28	43.500	-69.998	
28	43.600	-69.998	
28	43.700	-69.998	
28	43.800	-69.998	
28	43.900	-69.998	
28	44.000	-69.998	
28	44.100	-69.998	
28	44.200	-69.998	
28	44.300	-69.998	
28	44.400	-69.998	
28	44.500	-69.998	
28	44.600	-69.998	
28	44.700	-69.998	
28	44.800	-69.998	
28	44.900	-69.998	
28	45.000	-69.998	
28	45.100	-69.998	
28	45.200	-69.998	
28	45.300	-69.998	
28	45.400	-69.998	
28	45.500	-69.998	
28	45.600	-69.998	
28	45.700	-69.998	
28	45.800	-69.998	
28	45.900	-69.998	
28	46.000	-69.998	
28	46.100	-69.998	
28	46.200	-69.998	
28	46.300	-69.998	
28	46.400	-69.998	
28	46.500	-69.998	
28	46.600	-69.998	
28	46.700	-69.998	
28	46.800	-69.998	
28	46.900	-69.998	
28	47.000	-69.998	
28	47.100	-69.998	
28	47.200	-69.998	
28	47.300	-69.998	
28	47.400	-69.998	
28	47.500	-69.998	
28	47.600	-69.998	
28	47.700	-69.998	
28	47.800	-69.998	
28	47.900	-69.998	
28	48.000	-69.998	
28	48.100	-69.998	
28	48.200	-69.998	
28	48.300	-69.998	
28	48.400	-69.998	
28	48.500	-69.998	
28	48.600	-69.998	
28	48.700	-69.998	
28	48.800	-69.998	
28	48.900	-69.998	
28	49.000	-69.998	
28	49.100	-69.998	
28	49.200	-69.998	
28	49.300	-69.998	
28	49.400	-69.998	
28	49.500	-69.998	
28	49.600	-69.998	
28	49.700	-69.998	
28	49.800	-69.998	
28	49.900	-69.998	
28	50.000	-69.998	
28	50.100	-69.998	
28	50.200	-69.998	
28	50.300	-69.998	
28	50.400	-69.998	
28	50.500	-69.998	
28	50.600	-69.998	
28	50.700	-69.998	
28	50.800	-69.998	
28	50.900	-69.998	
28	51.000	-69.998	
28	51.100	-69.998	
28	51.200	-69.998	
28	51.300	-69.998	
28	51.400	-69.998	
28	51.500	-69.998	
28	51.600	-69.998	
28	51.700	-69.998	
28	51.800	-69.998	
28	51.900	-69.998	
28	52.000	-69.998	
28	52.100	-69.998	
28	52.200	-69.998	
28	52.300	-69.998	
28	52.400	-69.998	
28	52.500	-69.998	
28	52.600	-69.998	
28	52.700	-69.998	
28	52.800	-69.998	
28	52.900	-69.998	
28	53.000	-69.998	
28	53.100	-69.998	
28	53.200	-69.998	
28	53.300	-69.998	
28	53.400	-69.998	
28	53.500	-69.998	
28	53.600	-69.998	
28	53.700	-69.998	
28	53.800	-69.998	
28	53.900	-69.998	
28	54.000	-69.998	
28	54.100	-69.998	
28	54.200	-69.998	
28	54.300	-69.998	
28	54.400	-69.998	
28	54.500	-69.998	
28	54.600	-69.998	
28	54.700	-69.998	
28	54.800	-69.998	
28	54.900	-69.998	
28	55.000	-69.998	
28	55.100	-69.998	
28	55.200	-69.998	
28	55.300	-69.998	
28	55.400	-69.998	
28	55.500	-69.998	
28	55.600	-69.998	
28	55.700	-69.998	
28	55.800	-69.998	
28	55.900	-69.998	
28	56.000	-69.998	
28	56.100	-69.998	
28	56.200	-69.998	
28	56.300	-69.998	
28	56.400	-69.998	
28	56.500	-69.998	
28	56.600	-69.998	
28	56.700	-69.998	
28	56.800	-69.998	
28	56.900	-69.998	
28	57.000	-69.998	
28	57.100	-69.998	
28	57.200	-69.998	
28	57.300	-69.998	
28	57.400	-69.998	
28	57.500	-69.998	
28	57.600	-69.998	
28	57.700	-69.998	
28	57.800	-69.998	
28	57.900	-69.998	
28	58.000	-69.998	
28	58.100	-69.998	
28	58.200	-69.998	
28	58.300	-69.998	
28	58.400	-69.998	
28	58.500	-69.998	
28	58.600	-69.998	
28	58.700	-69.998	
28	58.800	-69.998	
28	58.900	-69.998	
28	59.000	-69.998	
28	59.100	-69.998	
28	59.200	-69.998	
28	59.300	-69.998	
28	59.400	-69.998	
28	59.500	-69.998	
28	59.600	-69.998	
28	59.700	-69.998	
28	59.800	-69.998	
28	59.900	-69.998	
28	60.000	-69.998	
28	60.100	-69.998	
28	60.200	-69.998	
28	60.300	-69.998	
28	60.400	-69.998	
28	60.500	-69.998	
28	60.600	-69.998	
28	60.700	-69.998	
28	60.800	-69.998	
28	60.900	-69.998	
28	61.000	-69.998	
28	61.100	-69.998	
28	61.200	-69.998	
28	61.300	-69.998	
28	61.400	-69.998	
28	61.500	-69.998	
28	61.600	-69.998	
28	61.700	-69.998	
28	61.800	-69.998	
28	61.900	-69.998	
28	62.000	-69.998	
28	62.100	-69.998	
28	62.200	-69.998	
28	62.300	-69.998	
28	62.400	-69.998	
28	62.500	-69.998	
28	62.600	-69.998	
28	62.700	-69.998	
28	62.800	-69.998	
28	62.900	-69.998	
28	63.000	-69.998	
28	63.100	-69.998	
28	63.200	-69.998	
28	63.300	-69.998	
28	63.400	-69.998	
28	63.500	-69.998	
28	63.600	-69.998	
28	63.700	-69.998	
28	63.800	-69.998	
28	63.900	-69.998	
28	64.000	-69.998	
28	64.100	-69.998	
28	64.200	-69.998	
28	64.300	-69.998	
28	64.400	-69.998	
28	64.500	-69.998	
28	64.600	-69.998	
28	64.700	-69.998	
28	64.800	-69.998	
28	64.900	-69.998	
28	65.000	-69.998	
28	65.100	-69.998	
28	65.200	-69.998	
28	65.300	-69.998	
28	65.400	-69.998	
28	65.500	-69.998	
28	65.600	-69.998	
28	65.700	-69.998	
28	65.800	-69.998	
28	65.900	-69.998	
28	66.000	-69.998	
28	66.100	-69.998	
28	66.200	-69.998	
28	66.300	-69.998	
28	66.400	-69.998	
28	66.500	-69.998	
28	66.600	-69.998	
28	66.700	-69.998	
28	66.800	-69.998	
28	66.900	-69.998	
28	67.000	-69.998	
28	67.100	-69.998	
28	67.200	-69.998	
28	67.300	-69.998	
28	67.400	-69.998	
28	67.500	-69.998	
28	67.600	-69.998	
28	67.700	-69.998	
28	67.800	-69.998	
28	67.900	-69.998	
28	68.000	-69.998	
28	68.100	-69.998	
28	68.200	-69.998	
28	68.300	-69.998	
28	68.400	-69.998	
28	68.500	-69.998	
28	68.600	-69.998	
28	68.700	-69.998	
28	68.800	-69.998	
28	68.900	-69.998	
28	69.000	-69.998	
28	69.100	-69.998	
28	69.200	-69.998	
28	69.300	-69.998	
28	69.400	-69.998	
28	69.500	-69.998	
28	69.600	-69.998	
28	69.700	-69.998	
28	69.800	-69.998	
28	69.900	-69.998	
28	70.000	-69.998	
28	70.100	-69.998	
28	70.200	-69.998	
28	70.300	-69.998	
28	70.400	-69.998	
28	70.500	-69.998	
28	70.600	-69.998	
28	70.700	-69.998	
28	70.800	-69.998	
28	70.900	-69.998	
28	71.000	-69.998	
28	71.100	-69.998	
28	71.200	-69.998	
28	71.300	-69.998	
28	71.400	-69.998	
28	71.500	-69.998	
28	71.600	-69.998	
28	71.700	-69.998	
28	71.800	-69.998	
28	71.900	-69.998	
28	72.000	-69.998	
28	72.100	-69.998	
28	72.200	-69.998	
28	72.300	-69.998	
28	72.400	-69.998	
28	72.500	-69.998	
28	72.600	-69.998	
28	72.700	-69.998	
28	72.800	-69.998	
28	72.900	-69.998	
28	73.000	-69.998	
28	73.100	-69.998	
28	73.200	-69.998	
28	73.300	-69.998	
28	73.400	-69.998	
28	73.500	-69.998	
28	73.600	-69.998	
28	73.700	-69.998	
28	73.800	-69.998	
28	73.900	-69.998	
28	74.000	-69.998	
28	74.100	-69.998	
28	74.200	-69.998	
28	74.300	-69.998	
28	74.400	-69.998	
28	74.500	-69.998	
28	74.600	-69.998	
28	74.700	-69.998	
28	74.800	-69.998	
28	74.900	-69.998	
28	75.000	-69.998	
28	75.100	-69.998	
28	75.200	-69.998	
28	75.300	-69.998	
28	75.400	-69.998	
28	75.500	-69.998	
28	75.600	-69.998	
28	75.700	-69.998	
28	75.800	-69.998	
28	75.900	-69.998	
28	76.000	-69.998	
28	76.100	-69.998	
28	76.200	-69.998	
28	76.300	-69.998	
28	76.400	-69.998	
28	76.500	-69.998	
28	76.600	-69.998	
28	76.700	-69.998	
28	76.800	-69.998	
28	76.900	-69.998	
28	77.000	-69.998	
28	77.100	-69.998	
28	77.200	-69.998	
28	77.300	-69.998	
28	77.400	-69.998	
28	77.500	-69.998	
28	77.600	-69.998	
28	77.700	-69.998	
28	77.800	-69.998	
28	77.900	-69.998	
28	78.000	-69.998	
28	78.100	-69.998	
28	78.200	-69.998	
28	78.300	-69.998	
28	78.400	-69.998	
28	78.500	-69.998	
28	78.600	-69.998	
28	78.700	-69.998	
28	78.800	-69.998	
28	78.900	-69.998	
28	79.000	-69.998	
28	79.100	-69.998	
28	79.200	-69.998	
28	79.300	-69.998	
28	79.400	-69.998	
28	79.500	-69.998	
28	79.600	-69.998	
28	79.700	-69.998	
28	79.800	-69.998	
28	79.900	-69.998	
28	80.000	-69.998	
28	80.100	-69.998	
28	80.200	-69.998	
28	80.300	-69.998	
28	80.400	-69.998	
28	80.500	-69.998	
28	80.600	-69.998	
28	80.700	-69.998	
28	80.800	-69.998	
28	80.900	-69.998	
28	81.000	-69.998	
28	81.100	-69.998	
28	81.200	-69.998	
28	81.300	-69.998	
28	81.400	-69.998	
28	81.500	-69.998	
28	81.600	-69.998	
28	81.700	-69.998	
28	81.800	-69.998	
28	81.900	-69.998	
28	82.000	-69.998	
28	82.100	-69.998	
28	82.200	-69.998	
28	82.300	-69.998	
28	82.400	-69.998	
28	82.500	-69.998	
28	82.600	-69.998	
28	82.700	-69.998	
28	82.800	-69.998	
28	82.900	-69.998	
28	83.000	-69.998	
28	83.100	-69.998	
28	83.200	-69.998	
28	83.300	-69.998	
28	83.400	-69.998	
28	83.500	-69.998	
28	83.600	-69.998	
28	83.700	-69.998	
28	83.800	-69.998	
28	83.900	-69.998	
28	84.000	-69.998	
28	84.100	-69.998	
28	84.200	-69.998	
28	84.300	-69.998	
28	84.400	-69.998	
28	84.500	-69.998	
28	84.600	-69.998	
28	84.700	-69.998	
28	84.800	-69.998	
28	84.900	-69.998	
28	85.000	-69.998	
28	85.100	-69.998	
28	85.200	-69.998	
28	85.300	-69.998	
28	85.400	-69.998	
28	85.500	-69.998	
28	85.600	-69.998	
28	85.700	-69.998	
28	85.800	-69.998	
28	85.900	-69.998	
28	86.000	-69.998	
28	86.100	-69.998	
28	86.200	-69.998	
28	86.300	-69.998	
28	86.400	-69.998	
28	86.500	-69.998	
28	86.600	-69.998	
28	86.700	-69.998	
28	86.800	-69.998	
28	86.900	-69.998	
28	87.000	-69.998	
28	87.100	-69.998	
28	87.200	-69.998	
28	87.300	-69.998	
28	87.400	-69.998	
28	87.500	-69.998	
28	87.600	-69.998	
28	87.700	-69.998	
28	87.800	-69.998	
28	87.900	-69.998	
28	88.000	-69.998	
28	88.100	-69.998	
28	88.200	-69.998	
28	88.300	-69.998	
28	88.400	-69.998	
28	88.500	-69.998	
28	88.600	-69.998	
28	88.700	-69.998	
28	88.800	-69.998	
28	88.900	-69.998	
28	89.000	-69.998	
28	89.100	-69.998	
28	89.200	-69.998	
28	89.300	-69.998	
28	89.400	-69.998	
28	89.500	-69.998	
28	89.600	-69.998	
28	89.700	-69.998	
28	89.800	-69.998	
28	89.900	-69.998	
28	90.000	-69.998	
28	90.100	-69.998	
28	90.200	-69.998	
28	90.300	-69.998	
28	90.400	-69.998	
28	90.500	-69.998	
28	90.600	-69.998	
28	90.700	-69.998	
28	90.800	-69.998	
28	90.900	-69.998	
28	91.000	-69.998	
28	91.100	-69.998	
28	91.200	-69.998	
28	91.300	-69.998	
28	91.400	-69.998	
28	91.500	-69.998	
28	91.600	-69.998	
28	91.700	-69.998	
28	91.800	-69.998	
28	91.900	-69.998	
28	92.000	-69.998	
28	92.100	-69.998	
28	92.200	-69.998	
28	92.300	-69.998	
28	92.400	-69.998	
28	92.500	-69.998	
28	92.600	-69.998	
28	92.700	-69.998	
28	92.800	-69.998	
28	92.900	-69.998	
28	93.000	-69.998	
28	93.100	-69.998	
28	93.200	-69.998	
28	93.300	-69.998	
28	93.400	-69.998	
28	93.500	-69.998	
28	93.600	-69.998	
28	93.700	-69.998	
28	93.800	-69.998	
28	93.900	-69.998	
28	94.000	-69.998	
28	94.100	-69.998	
28	94.200	-69.998	
28	94.300	-69.998	
28	94.400	-69.998	
28	94.500	-69.998	
28	94.600	-69.998	
28	94.700	-69.998	
28	94.800	-69.998	
28	94.900	-69.998	
28	95.000	-69.998	
28	95.100	-69.998	
28	95.200	-69.998	
28	95.300	-69.998	
28	95.400	-69.998	
28	95.500	-69.998	
28	95.600	-69.998	
28	95.700	-69.998	
28	95.800	-69.998	
28	95.900	-69.998	
28	96.000	-69.998	
28	96.100	-69.998	
28	96.200	-69.998	
28	96.300	-69.998	
28	96.400	-69.998	
28	96.500	-69.998	
28	96.600	-69.998	
28	96.700	-69.998	
28	96.800	-69.998	
28	96.900	-69.998	
28	97.000	-69.998	
28	97.100	-69.998	
28	97.200	-69.998	
28	97.300	-69.998	
28	97.400	-69.998	
28	97.500	-69.998	
28	97.600	-69.998	
28	97.700	-69.998	
28	97.800	-69.998	
28	97.900	-69.998	
28	98.000	-69.998	
28	98.100	-69.998	
28	98.200	-69.998	
28	98.300	-69.998	
28	98.400	-69.998	
28	98.500	-69.998	
28	98.600	-69.998	
28	98.700	-69.998	
28	98.800	-69.998	
28	98.900	-69.998	
28	99.000	-69.998	
28	99.100	-69.998	
28	99.200	-69.998	
28	99.300	-69.998	
28	99.400	-69.998	
28	99.500	-69.998	
28	99.600	-69.998	
28	99.700	-69.998	
28	99.800	-69.998	
28	99.900	-69.998	
28	100.000	-69.998	
28	100.100	-69.998	
28	100.200	-69.998	
28	100.300	-69.998	
28	100.400	-69.998	
28	100.500	-69.998	
28	100.600	-69.998	
28	100.700	-69.998	
28	100.800	-69.998	
28	100.900	-69.998	
28	101.000	-69.998	
28	101.100	-69.998	
28	101.200	-69.998	
28	101.300	-69.998	
28	101.400	-69.998	
28	101.500	-69.998	
28	101.600	-69.998	
28	101.700	-69.998	
28	101.800	-69.998	
28	101.900	-69.998	
28	102.000	-69.998	
28	102.100	-69.998	
28	102.200	-69.998	
28	102.300	-69.998	
28	102.400	-69.998	
28	102.500	-69.998	
28	102.600	-69.998	
28	102.700	-69.998	
28	102.800	-69.998	
28	102.900	-69.998	
28	103.000	-69.998	
28	103.100	-69.998	
28	103.200	-69.998	
28	103.300	-69.998	
28	103.400	-69.998	
28	103.500	-69.998	
28	103.600	-69.998	
28	103.700	-69.998	
28	103.800	-69.998	
28	103.900	-69.998	
28	104.000	-69.998	
28	104.100	-69.998	
28	104.200	-69.998	
28	104.300	-69.998	
28	104.400	-69.998	
28	104.500	-69.998	
28	104.600	-69.998	
28	104.700	-69.998	
28	104.800	-69.998	
28	104.900	-69.998	
28	105.000	-69.998	
28	105.100	-69.998	
28	105.200	-69.998	
28	105.300	-69.998	
28	105.400	-69.998	
28	105.500	-69.998	
28	105.600	-69.998	
28	105.700	-69.998	
28	105.800	-69.998	
28	105.900	-69.998	
28	106.000	-69.998	
28	106.100	-69.998	
28	106.200	-69.998	
28	106.300	-69.998	
28	106.400	-69.998	
28	106.500	-69.998	
28	106.600	-69.998	
28	106.700	-69.998	
28	106.800	-69.998	
28	106.900	-69.998	
28	107.000	-69.998	
28	107.100	-69.998	
28	107.200	-69.998	
28	107.300	-69.998	
28	107.400	-69.998	
28	107.500	-69.998	
28	107.600	-69.998	
28	107.700	-69.998	
28	107.800	-69.998	
28	107.900	-69.998	
28	108.000	-69.998	
28	108.100	-69.998	
28	108.200	-69.998	
28	108.300	-69.998	
28	108.400	-69.998	
28	108.500	-69.998	
28	108.600	-69.998	
28	108.700	-69.998	
28	108.800	-69.998	
28	108.900	-69.998	
28	109.000	-69.998	
28	109.100	-69.998	
28	109.200	-69.998	
28	109.300	-69.998	
28	109.400	-69.998	
28	109.500	-69.998	
28	109.600	-69.998	
28	109.700	-69.998	
28	109.800	-69.998	
28	109.900	-69.998	
28	110.000	-69.998	
28	110.100	-69.998	
28	110.200	-69.998	
28	110.300	-69.998	
28	110.400	-69.998	
28	110.500	-69.998	
28	110.600	-69.998	
28	110.700	-69.998	
28	110.800	-69.998	
28	110.900	-69.998	
28	111.000	-69.998	
28	111.100	-69.998	
28	111.200	-69.998	
28	111.300	-69.998	
28	111.400	-69.998	
28	111.500	-69.998	
28	111.600	-69.998	
28	111.700	-69.998	
28	111.800	-69.998	
28	111.900	-69.998	
28	112.000	-69.998	
28	112.100	-69.998	
28	112.200	-69.998	
28	112.300	-69.998	
28	112.400	-69.998	
28	112.500	-69.998	
28	112.600	-69.998	
28	112.700	-69.998	
28	112.800	-69.998	
28	112.900	-69.998	
28	113.000	-69.998	
28	113.100	-69.998	
28	113.200	-69.998	
28	113.300	-69.998	
28	113.400	-69.998	
28	113.500	-69.998	
28	113.600	-69.998	
28	113.700	-69.998	
28	113.800	-69.998	
28	113.900	-69.998	
28	114.000	-69.998	
28	114.100	-69.998	
28	114.200	-69.998	
28	114.300	-69.998	
28	114.400	-69.998	
28	114.500	-69.998	
28	114.600	-69.998	
28	114.700	-69.998	
28	114.800	-69.998	
28	114.900	-69.998	
28	115.000	-69.998	
28	115.100	-69.998	
28	115.200	-69.998	
28	115.300	-69.998	
28	115.400	-69.998	
28	115.500	-69.998	
28	115.600	-69.998	
28	115.700	-69.998	
28	115.800	-69.998	
28	115.900	-69.998	
28	116.000	-69.998	
28	116.100	-69.998	
28	116.200	-69.998	
28	116.300	-69.998	
28	116.400	-69.998	
28	116.500	-69.998	
28	116.600	-69.998	
28	116.700	-69.998	
28	116.800	-69.998	
28	116.900	-69.998	
28	117.000	-69.998	
28	117.100	-69.998	
28	117.200	-69.998	
28	117.300	-69.998	
28	117.400	-69.998	
28	117.500	-69.998	
28	117.600	-69.998	
28	117.700	-69.998	
28	117.800	-69.998	
28	117.900	-69.998	
28	118.000	-69.998	
28	118.100	-69.998	
28	118.200	-69.998	
28	118.300	-69.998	
28	118.400	-69.998	
28	118.500	-69.998	
28	118.600	-69.998	
28	118.700	-69.998	
28	118.800	-69.998	
28	118.900	-69.998	
28	119.000	-69.998	
28	119.100	-69.998	
28	119.200	-69.998	
28	119.300	-69.998	
28	119.400	-69.998	
28	119.500	-69.998	
28	119.600	-69.998	
28	119.700	-69.998	
28	119.800	-69.998	
28	119.900	-69.998	
28	120.000	-69.998	
28	120.100	-69.998	
28	120.200	-69.998	
28	120.300	-69.998	
28	120.400	-69.998	
28	120.500	-69.998	
28	120.600	-69.998	
28	120.700	-69.998	
28	120.800	-69.998	
28	120.900	-69.998	
28	121.000	-69.998	
28	121.100	-69.998	
28	121.200	-69.998	
28	121.300	-69.998	
28	121.400	-69.998	
28	121.500	-69.998	
28	121.600	-69.998	
28	121.700	-69.998	
28	121.800	-69.998	
28	121.900	-69.998	
28	122.000	-69.998	
28	122.100	-69.998	
28	122.200	-69.998	
28	122.300	-69.998	
28	122.400	-69.998	
28	122.500	-69.998	
28	122.600	-69.998	
28	122.700	-69.998	
28	122.800	-69.998	
28	122.900	-69.998	
28	123.000	-69.998	
28	123.100	-69.998	
28	123.200	-69.998	
28	123.300	-69.998	
28	123.400	-69.998	
28	123.500	-69.998	
28	123.600	-69.998	
28	123.700	-69.998	
28	123.800	-69.998	
28	123.900	-69.998	
28	124.000	-69.998	
28	124.100	-69.998	
28	124.200	-69.998	
28	124.300	-69.998	
28	124.400	-69.998	
28	124.500	-69.998	
28	124.600	-69.998	
28	124.700	-69.998	
28	124.800	-69.998	
28	124.900	-69.998	
28	125.000	-69.998	
28	125.100	-69.998	
28	125.200	-69.998	
28	125.300	-69.998	
28	125.400	-69.998	
28	125.500	-69.998	
28	125.600	-69.998	
28	125.700	-69.998	
28	125.800	-69.998	
28	125.900	-69.998	
28	126.000	-69.998	
28	126.100	-69.998	
28	126.200	-69.998	
28	126.300	-69.998	
28	126.400	-69.998	
28	126.500	-69.998	
28	126.600	-69.998	
28	126.700	-69.998	
28	126.800	-69.998	
28	126.900	-69.998	
28	127.000	-69.998	
28	127.100	-69.998	
28	127.200	-69.998	
28	127.300	-69.998	
28	127.400	-69.998	
28	127.500	-69.998	
28	127.600	-69.998	
28	127.700	-69.998	
28	127.800	-69.998	
28	127.900	-69.998	
28	128.000	-69.998	
28	128.100	-69.998	
28	128.200	-69.998	
28	128.300	-69.998	
28	128.400	-69.998	
28	128.500	-69.998	
28	128.600	-69.998	
28	128.700	-69.998	
28	128.800	-69.998	
28	128.900	-69.998	
28	129.000	-69.998	
28	129.100	-69.998	
28	129.200	-69.998	
28	129.300	-69.998	
28	129.400	-69.998	
28	129.500	-69.998	
28	129.600	-69.998	
28	129.700	-69.998	
28	129.800	-69.998	
28	129.900	-69.998	
28	130.000	-69.998	
28	130.100	-69.998	
28	130.200	-69.998	
28	130.300	-69.998	
28	130.400	-69.998	
28	130.500	-69.998	
28	130.600	-69.998	
28	130.700	-69.998	
28	130.800	-69.998	
28	130.900	-69.998	
28	131.000	-69.998	
28	131.100	-69.998	
28	131.200	-69.998	
28	131.300	-69.998	
28	131.400	-69.998	
28	131.500	-69.998	
28	131.600	-69.998	
28	131.700	-69.998	
28	131.800	-69.998	
28	131.900	-69.998	
28	132.000	-69.998	
28	132.100	-69.998	
28	132.200	-69.998	
28	132.300	-69.998	
28	132.400	-69.998	
28	132.500	-69.998	
28	132.600	-69.998	
28	132.700	-69.998	
28	132.800	-69.998	
28	132.900	-69.998	
28	133.000	-69.998	
28	133.100	-69.998	
28	133.200	-69.998	
28	133.300	-69.998	
28	133.400	-69.998	
28	133.500	-69.998	
28	133.600	-69.998	
28	133.700	-69.998	
28	133.800	-69.998	
28	133.900	-69.998	
28	134.000	-69.998	
28	134.100	-69.998	
28	134.200	-69.998	
28	134.300	-69.998	
28	134.400	-69.998	
28	134.500	-69.998	
28	134.600	-69.998	
28	134.700	-69.998	
28	134.800	-69.998	
28	134.900	-69.998	
28	135.000	-69.998	
28	135.100	-69.998	
28	135.200	-69.998	
28	135.300	-69.998	
28	135.400	-69.998	
28	135.500	-69.998	
28	135.600	-69.998	
28	135.700	-69.998	
28	135.800	-69.998	
28	135.900	-69.998	
28	136.000	-69.998	
28	136.100	-69.998	
28	136.200	-69.998	
28	136.300	-69.998	
28	136.400	-69.998	
28	136.500	-69.998	
28	136.600	-69.998	
28	136.700	-69.998	
28	136.800	-69.998	
28	136.900	-69.998	
28	137.000	-69.998	
28	137.100	-69.998	
28	137.200	-69.998	
28	137.300	-69.998	
28	137.400	-69.998	
28	137.500	-69.998	
28	137.600	-69.998	
28	137.700	-69.998	
28	137.800	-69.998	
28	137.900	-69.998	
28	138.000	-69.998	
28	138.100	-69.998	
28	138.200	-69.998	
28	138.300	-69.998	
28	138.400	-69.998	
28	138.500	-69.998	
28	138.600	-69.998	
28	138.700	-69.998	
28	138.800	-69.998	
28	138.900	-69.998	
28	139.000	-69.998	
28	139.100	-69.998	
28	139.200	-69.998	
28	139.300	-69.998	
28	139.400	-69.998	
28	139.500	-69.998	
28	139.600	-69.998	
28	139.700	-69.998	
28	139.800	-69.998	
28	139.900	-69.998	
28	140.000	-69.998	
28	140.100	-69.998	
28	140.200	-69.998	
28	140.300	-69.998	
28	140.400	-69.998	
28	140.500	-69.998	
28	140.600	-69.998	
28	140.700	-69.998	
28	140.800	-69.998	
28	140.900	-69.998	
28	141.000	-69.998	
28	141.100	-69.998	
28	141.200	-69.998	
28	141.300	-69.998	
28	141.400	-69.998	
28	141.500	-69.998	
28	141.600	-69.998	
28	141.700	-69.998	
28	141.800	-69.998	
28	141.900	-69.998	
28	142.000	-69.998	
28	142.100	-69.998	
28	142.200	-69.998	
28	142.300	-69.998	
28	142.400	-69.998	
28	142.500	-69.998	
28	142.600	-69.998	
28	142.700	-69.998	
28	142.800	-69.998	
28	142.900	-69.998	
28	143.000	-69.998	
28	143.100	-69.998	
28	143.200	-69.998	
28	143.300	-69.998	
28	143.400	-69.998	
28	143.500	-69.998	
28	143.600	-69.998	
28	143.700	-69.998	
28	143.800	-69.998	
28	143.900	-69.998	
28	144.000	-69.998	
28	144.100	-69.998	
28	144.200	-69.998	
28	144.300	-69.998	
28	144.400	-69.998	
28	144.500	-69.998	
28	144.600	-69.998	
28	144.700	-69.998	
28	144.800	-69.998	
28	144.900	-69.998	
28	145.000	-69.998	
28	145.100	-69.998	
28	145.200	-69.998	
28	145.300	-69.998	
28	145.400	-69.998	
28	145.500	-69.998	
28	145.600	-69.998	
28	145.700	-69.998	
28	145.800	-69.998	
28	145.900	-69.998	
28	146.000	-69.998	
28	146.100	-69.998	
28	146.200	-69.998	
28	146.300	-69.998	
28	146.400	-69.998	
28	146.500	-69.998	
28	146.600	-69.998	
28	146.700	-69.998	
28	146.800	-69.998	
28	146.900	-69.998	
28	147.000	-69.998	
28	147.100	-69.998	
28	147.200	-69.998	
28	147.300	-69.998	
28	147.400	-69.998	
28	147.500	-69.998	
28	147.600	-69.998	
28	147.700	-69.998	
28	147.800	-69.998	
28	147.900	-69.998	
28	148.000	-69.998	
28	148.100	-69.998	
28	148.200	-69.998	
28	148.300	-69.998	
28	148.400	-69.998	
28	148.500	-69.998	
28	148.600	-69.998	
28	148.700	-69.998	
28	148.800	-69.998	
28	148.900	-69.998	
28	149.000	-69.998	
28	149.100	-69.998	
28	149.200	-69.998	
28	149.300	-69.998	
28	149.400	-69.998	
28	149.500	-69.998	
28	149.600	-69.998	
28	149.700	-69.998	
28	149.800	-69.998	
28	149.900	-69.998	
28	150.000	-69.998	
28	150.100	-69.998	
28	150.200	-69.998	
28	150.300	-69.998	
28	150.400	-69.998	
28	150.500	-69.998	
28	150.600	-69.998	
28	150.700	-69.998	
28	150.800	-69.998	
28	150.900	-69.998	
28	151.000	-69.998	
28	151.100	-69.998	
28	151.200	-69.998	
28	151.300	-69.998	
28	151.400	-69.998	
28	151.500	-69.998	
28	151.600	-69.998	
28	151.700	-69.998	
28	151.800	-69.998	
28	151.900	-69.998	
28	152.000	-69.998	
28	152.100	-69.998	
28	152.200	-69.998	
28	152.300	-69.998	
28	152.400	-69.998	
28	152.500	-69.998	
28	152.600	-69.998	
28	152.700	-69.998	
28	152.800	-69.998	
28	152.900	-69.998	
28	153.000	-69.998	
28	153.100	-69.998	
28	153.200	-69.998	
28	153.300	-69.998	
28	153.400	-69.998	
28	153.500	-69.998	
28	153.600	-69.998	
28	153.700	-69.998	
28	153.800	-69.998	
28	153.900	-69.998	
28	154.000	-69.998	
28	154.100	-69.998	
28	154.200	-69.998	
28	154.300	-69.998	
28	154.400	-69.998	
28	154.500	-69.998	
28	154.600	-69.998	
28	154.700	-69.998	
28	154.800	-69.998	
28	154.900	-69.998	
28	155.000	-69.998	
28	155.100	-69.998	
28	155.200	-69.998	
28	155.300	-69.998	
28	155.400	-69.998	
28	155.500	-69.998	
28	155.600	-69.998	
28	155.700	-69.998	
28	155.800	-69.998	
28	155.900	-69.998	
28	156.000	-69.998	
28	156.100	-69.998	
28	156.200	-69.998	
28	156.300	-69.998	
28	156.400	-69.998	
28	156.500	-69.998	
28	156.600	-69.998	
28	156.700	-69.998	
28	156.800	-69.998	
28	156.900	-69.998	
28	157.000	-69.998	
28	157.100	-69.998	
28	157.200	-69.998	
28	157.300	-69.998	
28	157.400	-69.998	
28	157.500	-69.998	
28	157.600	-69.998	
28	157.700	-69.998	
28	157.800	-69.998	
28	157.900	-69.998	
28	158.000	-69.998	
28	158.100	-69.998	
28	158.200	-69.998	
28	158.300	-69.998	
28	158.400	-69.998	
28	158.500	-69.998	
28	158.600	-69.998	
28	158.700	-69.998	
28	158.800	-69.998	
28	158.900	-69.998	
28	159.000	-69.998	
28	159.100	-69.998	
28	159.200	-69.998	
28	159.300	-69.998	
28	159.400	-69.998	
28	159.500	-69.998	
28	159.600	-69.998	
28	159.700	-69.998	
28	159.800	-69.998	
28	159.900	-69.998	
28	160.000	-69.998	
28	160.100	-69.998	
28	160.200	-69.998	
28	160.300	-69.998	
28	160.400	-69.998	
28	160.500	-69.998	
28	160.600	-69.998	
28	160.700	-69.998	
28	160.800	-69.998	
28	160.900	-69.998	
28	161.000	-69.998	
28	161.100	-69.998	
28	161.200	-69.998	
28	161.300	-69.998	
28	161.400	-69.998	
28	161.500	-69.998	
28	161.600	-69.998	
28	161.700	-69.998	
28	161.800	-69.998	
28	161.900	-69.998	
28	162.000	-69.998	
28	162.100	-69.998	
28	162.200	-69.998	
28	162.300	-69.998	
28	162.400	-69.998	
28	162.500	-69.998	
28	162.600	-69.998	
28	162.700	-69.998	
28	162.800	-69.998	
28	162.900	-69.998	
28	163.000	-69.998	
28	163.100	-69.998	
28	163.200	-69.998	
28	163.300	-69.998	
28	163.400	-69.998	
28	163.500	-69.998	
28	163.600	-69.998	
28	163.700	-69.998	
28	163.800	-69.998	
28	163.900	-69.998	
28	164.000	-69.998	
28	164.100	-69.998	
28	164.200	-69.998	
28	164.300	-69.998	
28	164.400	-69.998	
28	164.500	-69.998	
28	164.600	-69.998	
28	164.700	-69.998	
28	164.800	-69.998	
28	164.900	-69.998	
28	165.000	-69.998	
28	165.100	-69.998	
28	165.200	-69.998	
28	165.300	-69.998	
28	165.400	-69.998	
28	165.500	-69.998	
28	165.600	-69.998	
28	165.700	-69.998	
28	165.800	-69.998	
28	165.900	-69.998	
28	166.000	-69.998	
28	166.100	-69.998	
28	166.200	-69.998	
28	166.300	-69.998	
28	166.400	-69.998	
28	166.500	-69.998	
28	166.600	-69.998	
28	166.700	-69.998	
28	166.800	-69.998	
28	166.900	-69.998	
28	167.000	-69.998	
28	167.100	-69.998	
28	167.200	-69.998	
28	167.300	-69.998	
28	167.400	-69.998	
28	167.500	-69.998	
28	167.600	-69.998	
28	167.700	-69.998	
28	167.800	-69.998	
28	167.900	-69.998	
28	168.000	-69.998	
28	168.100	-69.998	
28	168.200	-69.998	
28	168.300	-69.998	
28	168.400	-69.998	
28	168.500	-69.998	
28	168.600	-69.998	
28	168.700	-69.998	
28	168.800	-69.998	
28	168.900	-69.998	
28	169.000	-69.998	
28	169.100	-69.998	
28	169.200	-69.998	
28	169.300	-69.998	
28	169.400	-69.998	
28	169.500	-69.998	
28	169.600	-69.998	
28	169.700	-69.998	
28	169.800	-69.998	
28	169.900	-69.998	
28	170.000	-69.998	
28	170.100	-69.998	
28	170.200	-69.998	
28	170.300	-69.998	
28	170.400	-69.998	
28	170.500	-69.998	
28	170.600	-69.998	
28	170.700	-69.998	
28	170.800	-69.998	
28	170.900	-69.998	
28	171.000	-69.998	
28	171.100	-69.998	
28	171.200	-69.998	
28	171.300	-69.998	
28	171.400	-69.998	
28	171.500	-69.998	
28	171.600	-69.998	
28	171.700	-69.998	
28	171.800	-69.998	
28	171.900	-69.998	
28	172.000	-69.998	
28	172.100	-69.998	
28	172.200	-69.998	
28	172.300	-69.998	
28	172.400	-69.998	
28	172.500	-69.998	
28	172.600	-69.998	
28	172.700	-69.998	
28	172.800	-69.998	
28	172.900	-69.998	
28	173.000	-69.998	
28	173.100	-69.998	
28	173.200	-69.998	
28	173.300	-69.998	
28	173.400	-69.998	
28	173.500	-69.998	
28	173.600	-69.998	
28	173.700	-69.998	
28	173.800	-69.998	
28	173.900	-69.998	
28	174.000	-69.998	
28	174.100	-69.998	
28	174.200	-69.998	
28	174.300	-69.998	
28	174.400	-69.998	
28	174.500	-69.998	
28	174.600	-69.998	
28	174.700	-69.998	
28	174.800	-69.998	
28	174.900	-69.998	
28	175.000	-69.998	
28	175.100	-69.998	
28	175.200	-69.998	
28	175.300	-69.998	
28	175.400	-69.998	
28	175.500	-69.998	
28	175.600	-69.998	
28	175.700	-69.998	
28	175.800	-69.998	
28	175.900	-69.998	
28	176.000	-69.998	
28	176.100	-69.998	
28	176.200	-69.998	
28	176.300	-69.998	
28	176.400	-69.998	
28	176.500	-69.998	
28	176.600	-69.998	
28	176.700	-69.998	
28	176.800	-69.998	
28	176.900	-69.998	
28	177.000	-69.998	
28	177.100	-69.998	
28	177.200	-69.998	
28	177.300	-69.998	
28	177.400	-69.998	
28	177.500	-69.998	
28	177.600	-69.998	
28	177.700	-69.998	
28	177.800	-69.998	
28	177.900	-69.998	
28	178.000	-69.998	
28	178.100	-69.998	
28	178.200	-69.998	
28	178.300	-69.998	
28	178.400	-69.998	
28	178.500	-69.998	
28	178.600	-69.998	
28	178.700	-69.998	
28	178.800	-69.998	
28	178.900	-69.998	
28	179.000	-69.998	
28	179.100	-69.998	
28	179.200	-69.998	
28	179.300	-69.998	
28	179.400	-69.998	
28	179.500	-69.998	
28	179.600	-69.998	
28	179.700	-69.998	
28	179.800	-69.998	
28	179.900	-69.998	
28	180.000	-69.998	
28	180.100	-69.998	
28	180.200	-69.998	
28	180.300	-69.998	
28	180.400	-69.998	
28	180.500	-69.998	
28	180.600	-69.998	
28	180.700	-69.998	
28	180.800	-69.998	
28	180.900	-69.998	
28	181.000	-69.998	
28	181.100	-69.998	
28	181.200	-69.998	
28	181.300	-69.998	
28	181.400	-69.998	
28	181.500	-69.998	
28	181.600	-69.998	
28	181.700	-69.998	
28	181.800	-69.998	
28	181.900	-69.998	
28	182.000	-69.998	
28	182.100	-69.998	
28	182.200	-69.998	
28	182.300	-69.998	
28	182.400	-69.998	
28	182.500	-69.998	
28	182.600	-69.998	
28	182.700	-69.998	
28	182.800	-69.998	
28	182.900	-69.998	
28	183.000	-69.998	
28	183.100	-69.998	
28	183.200	-69.998	
28	183.300	-69.998	
28	183.400	-69.998	
28	183.500	-69.998	
28	183.600	-69.998	
28	183.700	-69.998	
28	183.800	-69.998	
28	183.900	-69.998	
28	184.000	-69.998	
28	184.100	-69.998	
28	184.200	-69.998	
28	184.300	-69.998	
28	184.400	-69.998	
28	184.500	-69.998	
28	184.600	-69.998	
28	184.700	-69.998	
28	184.800	-69.998	
28	184.900	-69.998	
28	185.000	-69.998	
28	185.100	-69.998	
28	185.200	-69.998	
28	185.300	-69.998	
28	185.400	-69.998	
28	185.500	-69.998	
28	185.600	-69.998	
28	185.700	-69.998	
28	185.800	-69.998	
28	185.900	-69.998	
28	186.000	-69.998	
28	186.100	-69.998	
28	186.200	-69.998	
28	186.300	-69.998	
28	186.400	-69.998	
28	186.500	-69.998	
28	186.600	-69.998	
28	186.700	-69.998	
28	186.800	-69.998	
28	186.900	-69.998	
28	187.000	-69.998	
28	187.100	-69.998	
28	187.200	-69.998	
28	187.300	-69.998	
28	187.400	-69.998	
28	187.500	-69.998	
28	187.600	-69.998	
28	187.700	-69.998	
28	187.800	-69.998	
28	187.900	-69.998	
28	188.000	-69.998	
28	188.100	-69.998	
28	188.200	-69.998	
28	188.300	-69.998	
28	188.400	-69.998	
28	188.500	-69.998	
28	188.600	-69.998	
28	188.700	-69.998	
28	188.800	-69.998	
28	188.900	-69.998	
28	189.000	-69.998	
28	189.100	-69.998	
28	189.200	-69.998	
28	189.300	-69.998	
28	189.400	-69.998	
28	189.500	-69.998	
28	189.600	-69.998	
28	189.700	-69.998	
28	189.800	-69.998	
28	189.900	-69.998	
28	190.000	-69.998	
28	190.100	-69.998	
28	190.200	-69.998	
28	190.300	-69.998	
28	190.400	-69.998	
28	190.500	-69.998	
28	190.600	-69.998	
28	190.700	-69.998	
28	190.800	-69.998	
28	190.900	-69.998	
28	191.000	-69.998	
28	191.100	-69.998	
28	191.200	-69.998	
28	191.300	-69.998	
28	191.400	-69.998	
28	191.500	-69.998	
28	191.600	-69.998	
28	191.700	-69.998	
28	191.800	-69.998	
28	191.900	-69.998	
28	192.000	-69.998	
28	192.100	-69.998	
28	192.200	-69.998	
28	192.300	-69.998	
28	192.400	-69.998	
28	192.500	-69.998	
28	192.600	-69.998	
28	192.700	-69.998	
28	192.800	-69.998	
28	192.900	-69.998	
28	193.000	-69.998	
28	193.100	-69.998	
28	193.200	-69.998	
28	193.300	-69.998	
28	193.400	-69.998	
28	193.500	-69.998	
28	193.600	-69.998	
28	193.700	-69.998	
28	193.800	-69.998	
28	193.900	-69.998	
28	194.000	-69.998	
28	194.100	-69.998	
28	194.200	-69.998	
28	194.300	-69.998	
28	194.400	-69.998	
28	194.500	-69.998	
28	194.600	-69.998	
28	194.700	-69.998	
28	194.800	-69.998	
28	194.900	-69.998	
28	195.000	-69.998	
28	195.100	-69.998	
28	195.200	-69.998	
28	195.300	-69.998	
28	195.400	-69.998	
28	195.500	-69.998	
28	195.600	-69.998	
28	195.700	-69.998	
28	195.800	-69.998	
28	195.900	-69.998	
28	196.000	-69.998	
28	196.100	-69.998	
28	196.200	-69.998	
28	196.300	-69.998	
28	196.400	-69.998	
28	196.500	-69.998	
28	196.600	-69.998	
28	196.700	-69.998	
28	196.800	-69.998	
28	196.900	-69.998	
28	197.000	-69.998	
28	197.100	-69.998	
28	197.200	-69.998	
28	197.300	-69.998	
28	197.400	-69.998	
28	197.500	-69.998	
28	197.600	-69.998	
28	197.700	-69.998	
28	197.800	-69.998	
28	197.900	-69.998	
28	198.000	-69.998	
28	198.100	-69.998	
28	198.200	-69.998	
28	198.300	-69.998	
28	198.400	-69.998	
28	198.500	-69.998	
28	198.600	-69.998	
28	198.700	-69.998	
28	198.800	-69.998	
28	198.900	-69.998	
28	199.000	-69.998	
28	199.100	-69.998	
28	199.200	-69.998	
28	199.300	-69.998	
28	199.400	-69.998	
28	199.500	-69.998	
28	199.600	-69.998	
28	199.700	-69.998	
28	199.800	-69.998	
28	199.900	-69.998	
28	200.000	-69.998	
28	200.100	-69.998	
28	200.200	-69.998	
28	200.300	-69.998	
28	200.400	-69.998	
28	200.500	-69.998	
28	200.600	-69.998	
28	200.700	-69.998	
28	200.800	-69.998	
28	200.900	-69.998	
28	201.000	-69.998	
28	201.100	-69.998	
28	201.200	-69.998	
28	201.300	-69.998	
28	201.400	-69.998	
28	201.500	-69.998	
28	201.600	-69.998	
28	201.700	-69.998	
28	201.800	-69.998	
28	201.900	-69.998	
28	202.000	-69.998	
28	202.100	-69.998	
28	202.200	-69.998	
28	202.300	-69.998	
28	202.400	-69.998	
28	202.500	-69.998	
28	202.600	-69.998	
28	202.700	-69.998	
28	202.800	-69.998	
28	202.900	-69.998	
28	203.000	-69.998	
28	203.100	-69.998	
28	203.200	-69.998	
28	203.300	-69.998	
28	203.400	-69.998	
28	203.500	-69.998	
28	203.600	-69.998	
28	203.700	-69.998	
28	203.800	-69.998	
28	203.900	-69.998	
28	204.000	-69.998	
28	204.100	-69.998	
28	204.200	-69.998	
28	204.300	-69.998	
28	204.400	-69.998	
28	204.500	-69.998	
28	204.600	-69.998	
28	204.700	-69.998	
28	204.800	-69.998	
28	204.900	-69.998	
28	205.000	-69.998	
28	205.100	-69.998	
28	205.200	-69.998	
28	205.300	-69.998	
28	205.400	-69.998	
28	205.500	-69.998	
28	205.600	-69.998	
28	205.700	-69.998	
28	205.800	-69.998	
28	205.900	-69.998	
28	206.000	-69.998	
28	206.100	-69.998	
28	206.200	-69.998	
28	206.300	-69.998	
28	206.400	-69.998	
28	206.500	-69.998	
28	206.600	-69.998	
28	206.700	-69.998	
28	206.800	-69.998	
28	206.900	-69.998	
28	207.000	-69.998	
28	207.100	-69.998	
28	207.200	-69.998	
28	207.300	-69.998	
28	207.400	-69.998	
28	207.500	-69.998	
28	207.600	-69.998	
28	207.700	-69.998	
28	207.800	-69.998	
28	207.900	-69.998	
28	208.000	-69.998	
28	208.100	-69.998	
28	208.200	-69.998	
28	208.300	-69.998	
28	208.400	-69.998	
28	208.500	-69.998	
28	208.600	-69.998	
28	208.700	-69.998	
28	208.800	-69.998	
28	208.900	-69.998	
28	209.000	-69.998	
28	209.100	-69.998	
28	209.200	-69.998	
28	209.300	-69.998	
28	209.400	-69.998	
28	209.500	-69.998	
28	209.600	-69.998	
28	209.700	-69.998	
28	209.800	-69.998	
28	209.900	-69.998	
28	210.000	-69.998	
28	210.100	-69.998	
28	210.200	-69.998	
28	210.300	-69.998	
28	210.400	-69.998	
28	210.500	-69.998	
28	210.600	-69.998	
28	210.700	-69.998	
28	210.800	-69.998	
28	210.900	-69.998	
28	211.000	-69.998	
28	211.100	-69.998	
28	211.200	-69.998	
28	211.300	-69.998	
28	211.400	-69.998	
28	211.500	-69.998	
28	211.600	-69.998	
28	211.700	-69.998	
28	211.800	-69.998	
28	211.900	-69.998	
28	212.000	-69.998	
28	212.100	-69.998	
28	212.200	-69.998	
28	212.300	-69.998	
28	212.400	-69.998	
28	212.500	-69.998	
28	212.600	-69.998	
28	212.700	-69.998	
28	212.800	-69.998	
28	212.900	-69.998	
28	213.000	-69.998	
28	213.100	-69.998	
28	213.200	-69.998	
28	213.300	-69.998	
28	213.400	-69.998	
28	213.500	-69.998	
28	213.600	-69.998	
28	213.700	-69.998	
28	213.800	-69.998	
28	213.900	-69.998	
28	214.000	-69.998	
28	214.100	-69.998	
28	214.200	-69.998	
28	214.300	-69.998	
28	214.400	-69.998	
28	214.500	-69.998	
28	214.600	-69.998	
28	214.700	-69.998	
28	214.800	-69.998	
28	214.900	-69.998	
28	215.000	-69.998	
28	215.100	-69.998	
28	215.200	-69.998	
28	215.300	-69.998	
28	215.400	-69.998	
28	215.500	-69.998	
28	215.600	-69.998	
28	215.700	-69.998	
28	215.800	-69.998	
28	215.900	-69.998	
28	216.000	-69.998	
28	216.100	-69.998	
28	216.200	-69.998	
28	216.300	-69.998	
28	216.400	-69.998	
28	216.500	-69.998	
28	216.600	-69.998	
28	216.700	-69.998	
28	216.800	-69.998	
28	216.900	-69.998	
28	217.000	-69.998	
28	217.100	-69.998	
28	217.200	-69.998	
28	217.300	-69.998	
28	217.400	-69.998	
28	217.500	-69.998	
28	217.600	-69.998	
28	217.700	-69.998	
28	217.800	-69.998	
28	217.900	-69.998	
28	218.000	-69.998	
28	218.100	-69.998	
28	218.200	-69.998	
28	218.300	-69.998	
28	218.400	-69.998	
28	218.500	-69.998	
28	218.600	-69.998	
28	218.700	-69.998	
28	218.800	-69.998	
28	218.900	-69.998	
28	219.000	-69.998	
28	219.100	-69.998	
28	219.200	-69.998	
28	219.300	-69.998	
28	219.400	-69.998	
28	219.500	-69.998	
28	219.600	-69.998	
28	219.700	-69.998	
28	219.800	-69.998	
28	219.900	-69.998	
28	220.000	-69.998	
28	220.100	-69.998	
28	220.200	-69.998	
28	220.300	-69.998	
28	220.400	-69.998	
28	220.500	-69.998	
28	220.600	-69.998	
28	220.700	-69.998	
28	220.800	-69.998	
28	220.900	-69.998	
28	221.000	-69.998	
28	221.100	-69.998	
28	221.200	-69.998	
28	221.300	-69.998	
28	221.400	-69.998	
28	221.500	-69.998	
28	221.600	-69.998	
28	221.700	-69.998	
28	221.800	-69.998	
28	221.900	-69.998	
28	222.000	-69.998	
28	222.100	-69.998	
28	222.200	-69.998	
28	222.300	-69.998	
28	222.400	-69.998	
28	222.500	-69.998	
28	222.600	-69.998	
28	222.700	-69.998	
28	222.800	-69.998	
28	222.900	-69.998	
28	223.000	-69.998	
28	223.100	-69.998	
28	223.200	-69.998	
28	223.300	-69.998	
28	223.400	-69.998	
28	223.500	-69.998	
28	223.600	-69.998	
28	223.700	-69.998	
28	223.800	-69.998	
28	223.900	-69.998	
28	224.000	-69.998	
28	224.100	-69.998	
28	224.200	-69.998	
28	224.300	-69.998	
28	224.400	-69.998	
28	224.500	-69.998	
28	224.600	-69.998	
28	224.700	-69.998	
28	224.800	-69.998	
28	224.900	-69.998	
28	225.000	-69.998	
28	225.100	-69.998	
28	225.200	-69.998	
28	225.300	-69.998	
28	225.400	-69.998	
28	225.500	-69.998	
28	225.600	-69.998	
28	225.700	-69.998	
28	225.800	-69.998	
28	225.900	-69.998	
28	226.000	-69.998	
28	226.100	-69.998	
28	226.200	-69.998	
28	226.300	-69.998	
28	226.400	-69.998	
28	226.500	-69.998	
28	226.600	-69.998	
28	226.700	-69.998	
28	226.800	-69.998	
28	226.900	-69.998	
28	227.000	-69.998	
28	227.100	-69.998	
28	227.200	-69.998	
28	227.300	-69.998	
28	227.400	-69.998	
28	227.500	-69.998	
28	227.600	-69.998	
28	227.700	-69.998	
28	227.800	-69.998	
28	227.900	-69.998	
28	228.000	-69.998	
28	228.100	-69.998	
28	228.200	-69.998	
28	228.300	-69.998	
28	228.400	-69.998	
28	228.500	-69.998	
28	228.600	-69.998	
28	228.700	-69.998	
28	228.800	-69.998	
28	228.900	-69.998	
28	229.000	-69.998	
28	229.100	-69.998	
28	229.200	-69.998	
28	229.300	-69.998	
28	229.400	-69.998	
28	229.500	-69.998	
28	229.600	-69.998	
28	229.700	-69.998	
28	229.800	-69.998	
28	229.900	-69.998	
28	230.000	-69.998	
28	230.100	-69.998	
28	230.200	-69.998	
28	230.300	-69.998	
28	230.400	-69.998	
28	230.500	-69.998	
28	230.600	-69.998	
28	230.700	-69.998	
28	230.800	-69.998	
28	230.900	-69.998	
28	231.000	-69.998	
28	231.100	-69.998	
28	231.200	-69.998	
28	231.300	-69.998	
28	231.400	-69.998	
28	231.500	-69.998	
28	231.600	-69.998	
28	231.700	-69.998	
28	231.800	-69.998	
28	231.900	-69.998	
28	232.000	-69.998	
28	232.100	-69.998	
28	232.200	-69.998	
28	232.300	-69.998	
28	232.400	-69.998	
28	232.500	-69.998	
28	232.600	-69.998	
28	232.700	-69.998	
28	232.800	-69.998	
28	232.900	-69.998	
28	233.000	-69.998	
28	233.100	-69.998	
28	233.200	-69.998	
28	233.300	-69.998	
28	233.400	-69.998	
28	233.500	-69.998	
28	233.600	-69.998	
28	233.700	-69.998	
28	233.800	-69.998	
28	233.900	-69.998	
28	234.000	-69.998	
28	234.100	-69.998	
28	234.200	-69.998	
28	234.300	-69.998	
28	234.400	-69.998	
28	234.500	-69.998	
28	234.600	-69.998	
28	234.700	-69.998	
28	234.800	-69.998	
28	234.900	-69.998	
28	235.000	-69.998	
28	235.100	-69.998	
28	235.200	-69.998	
28	235.300	-69.998	
28	235.400	-69.998	
28	235.500	-69.998	
28	235.600	-69.998	
28	235.700	-69.998	
28	235.800	-69.998	
28	235.900	-69.998	
28	236.000	-69.998	
28	236.100	-69.998	
28	236.200	-69.998	
28	236.300	-69.998	
28	236.400	-69.998	
28	236.500	-69.998	
28	236.600	-69.998	
28	236.700	-69.998	
28	236.800	-69.998	
28	236.900	-69.998	
28	237.000	-69.998	
28	237.100	-69.998	
28	237.200	-69.998	
28	237.300	-69.998	
28	237.400	-69.998	
28	237.500	-69.998	
28	237.600	-69.998	
28	237.700	-69.998	
28	237.800	-69.998	
28	237.900	-69.998	
28	238.000	-69.998	
28	238.100	-69.998	
28	238.200	-69.998	
28	238.300	-69.998	
28	238.400	-69.998	
28	238.500	-69.998	
28	238.600	-69.998	
28	238.700	-69.998	
28	238.800	-69.998	
28	238.900	-69.998	
28	239.000	-69.998	
28	239.100	-69.998	
28	239.200	-69.998	
28	239.300	-69.998	
28	239.400	-69.998	
28	239.500	-69.998	
28	239.600	-69.998	
28	239.700	-69.998	
28	239.800	-69.998	
28	239.900	-69.998	
28	240.000	-69.998	
28	240.100	-69.998	
28	240.200	-69.998	
28	240.300	-69.998	
28	240.400	-69.998	
28	240.500	-69.998	
28	240.600	-69.998	
28	240.700	-69.998	
28	240.800	-69.998	
28	240.900	-69.998	
28	241.000	-69.998	
28	241.100	-69.998	
28	241.200	-69.998	
28	241.300	-69.998	
28	241.400	-69.998	
28	241.500	-69.998	
28	241.600	-69.998	
28	241.700	-69.998	
28	241.800	-69.998	
28	241.900	-69.998	
28	242.000	-69.998	
28	242.100	-69.998	
28	242.200	-69.998	
28	242.300	-69.998	
28	242.400	-69.998	
28	242.500	-69.998	
28	242.600	-69.998	
28	242.700	-69.998	
28	242.800	-69.998	
28	242.900	-69.998	
28	243.000	-69.998	
28	243.100	-69.998	
28	243.200	-69.998	
28	243.300	-69.998	
28	243.400	-69.998	
28	243.500	-69.998	
28	243.600	-69.998	
28	243.700	-69.998	
28	243.800	-69.998	
28	243.900	-69.998	
28	244.000	-69.998	
28	244.100	-69.998	
28	244.200	-69.998	
28	244.300	-69.998	
28	244.400	-69.998	
28	244.500	-69.998	
28	244.600	-69.998	
28	244.700	-69.998	
28	244.800	-69.998	
28	244.900	-69.998	
28	245.000	-69.998	
28	245.100	-69.998	
28	245.200	-69.998	
28	245.300	-69.998	
28	245.400	-69.998	
28	245.500	-69.998	
28	245.600	-69.998	
28	245.700	-69.998	
28	245.800	-69.998	
28	245.900	-69.998	
28	246.000	-69.998	
28	246.100	-69.998	
28	246.200	-69.998	
28	246.300	-69.998	
28	246.400	-69.998	
28	246.500	-69.998	
28	246.600	-69.998	
28	246.700	-69.998	
28	246.800	-69.998	
28	246.900	-69.998	
28	247.000	-69.998	
28	247.100	-69.998	
28	247.200	-69.998	
28	247.300	-69.998	
28	247.400	-69.998	
28	247.500	-69.998	
28	247.600	-69.998	
28	247.700	-69.998	
28	247.800	-69.998	
28	247.900	-69.998	
28	248.000	-69.998	
28	248.100	-69.998	
28	248.200	-69.998	
28	248.300	-69.998	
28	248.400	-69.998	
28	248.500	-69.998	
28	248.600	-69.998	
28	248.700	-69.998	
28	248.800	-69.998	
28	248.900	-69.998	
28	249.000	-69.998	
28	249.100	-69.998	
28	249.200	-69.998	
28	249.300	-69.998	
28	249.400	-69.998	
28	249.500	-69.998	
28	249.600	-69.998	
28	249.700	-69.998	
28	249.800	-69.998	
28	249.900	-69.998	
28	250.000	-69.998	
28	250.100	-69.998	
28	250.200	-69.998	
28	250.300	-69.998	
28	250.400	-69.998	
28	250.500	-69.998	
28	250.600	-69.998	
28	250.700	-69.998	
28	250.800	-69.998	
28	250.900	-69.998	
28	251.000	-69.998	
28	251.100	-69.998	
28	251.200	-69.998	
28	251.300	-69.998	
28	251.400	-69.998	
28	251.500	-69.998	
28	251.600	-69.998	
28	251.700	-69.998	
28	251.800	-69.998	
28	251.900	-69.998	
28	252.000	-69.998	
28	252.100	-69.998	
28	252.200	-69.998	
28	252.300	-69.998	
28	252.400	-69.998	
28	252.500	-69.998	
28	252.600	-69.998	
28	252.700	-69.998	
28	252.800	-69.998	
28	252.900	-69.998	
28	253.000	-69.998	
28	253.100	-69.998	
28	253.200	-69.998	
28	253.300	-69.998	
28	253.400	-69.998	
28	253.500	-69.998	
28	253.600	-69.998	
28	253.700	-69.998	
28	253.800	-69.998	
28	253.900	-69.998	
28	254.000	-69.998	
28	254.100	-69.998	
28	254.200	-69.998	
28	254.300	-69.998	
28	254.400	-69.998	
28	254.500	-69.998	
28	254.600	-69.998	
28	254.700	-69.998	
28	254.800	-69.998	
28	254.900	-69.998	
28	255.000	-69.998	
28	255.100	-69.998	
28	255.200	-69.998	
28	255.300	-69.998	
28	255.400	-69.998	
28	255.500	-69.998	
28	255.600	-69.998	
28	255.700	-69.998	
28	255.800	-69.998	
28	255.900	-69.998	
28	256.000	-69.998	
28	256.100	-69.998	
28	256.200	-69.998	
28	256.300	-69.998	
28	256.400	-69.998	
28	256.500	-69.998	
28	256.600	-69.998	
28	256.700	-69.998	
28	256.800	-69.998	
28	256.900	-69.998	
28	257.000	-69.998	
28	257.100	-69.998	
28	257.200	-69.998	
28	257.300	-69.998	
28	257.400	-69.998	
28	257.500	-69.998	
28	257.600	-69.998	
28	257.700	-69.998	
28	257.800	-69.998	
28	257.900	-69.998	
28	258.000	-69.998	
28	258.100	-69.998	
28	258.200	-69.998	
28	258.300	-69.998	
28	258.400	-69.998	
28	258.500	-69.998	
28	258.600	-69.998	
28	258.700	-69.998	
28	258.800	-69.998	
28	258.900	-69.998	
28	259.000	-69.998	
28	259.100	-69.998	
28	259.200	-69.998	
28	259.300	-69.998	
28	259.400	-69.998	
28	259.500	-69.998	
28	259.600	-69.998	
28	259.700	-69.998	
28	259.800	-69.998	
28	259.900	-69.998	
28	260.000	-69.998	
28	260.100	-69.998	
28	260.200	-69.998	
28	260.300	-69.998	
28	260.400	-69.998	
28	260.500	-69.998	
28	260.600	-69.998	
28	260.700	-69.998	
28	260.800	-69.998	
28	260.900	-69.998	
28	261.000	-69.998	
28	261.100	-69.998	
28	261.200	-69.998	
28	261.300	-69.998	
28	261.400	-69.998	
28	261.500	-69.998	
28	261.600	-69.998	
28	261.700	-69.998	
28	261.800	-69.998	
28	261.900	-69.998	
28	262.000	-69.998	
28	262.100	-69.998	
28	262.200	-69.998	
28	262.300	-69.998	
28	262.400	-69.998	
28	262.500	-69.998	
28	262.600	-69.998	
28	262.700	-69.998	
28	262.800	-69.998	
28	262.900	-69.998	
28	263.000	-69.998	
28	263.100	-69.998	
28	263.200	-69.998	
28	263.300	-69.998	
28	263.400	-69.998	
28	263.500	-69.998	
28	263.600	-69.998	
28	263.700	-69.998	
28	263.800	-69.998	
28	263.900	-69.998	
28	264.000	-69.998	
28	264.100	-69.998	
28	264.200	-69.998	
28	264.300	-69.998	
28	264.400	-69.998	
28	264.500	-69.998	
28	264.600	-69.998	
28	264.700	-69.998	
28	264.800	-69.998	
28	264.900	-69.998	
28	265.000	-69.998	
28	265.100	-69.998	
28	265.200	-69.998	
28	265.300	-69.998	
28	265.400	-69.998	
28	265.500	-69.998	
28	265.600	-69.998	
28	265.700	-69.998	
28	265.800	-69.998	
28	265.900	-69.998	
28	266.000	-69.998	
28	266.100	-69.998	
28	266.200	-69.998	
28	266.300	-69.998	
28	266.400	-69.998	
28	266.500	-69.998	
28	266.600	-69.998	
28	266.700	-69.998	
28	266.800	-69.998	
28	266.900	-69.998	
28	267.000	-69.998	
28	267.100	-69.998	
28	267.200	-69.998	
28	267.300	-69.998	
28	267.400	-69.998	
28	267.500	-69.998	
28	267.600	-69.998	
28	267.700	-69.998	
28	267.800	-69.998	
28	267.900	-69.998	
28	268.000	-69.998	
28	268.100	-69.998	
28	268.200	-69.998	
28	268.300	-69.998	
28	268.400	-69.998	
28	268.500	-69.998	
28	268.600	-69.998	
28	268.700	-69.998	
28	268.800	-69.998	
28	268.900	-69.998	
28	269.000	-69.998	
28	269.100	-69.998	
28	269.200	-69.998	
28	269.300	-69.998	
28	269.400	-69.998	
28	269.500	-69.998	
28	269.600	-69.998	
28	269.700	-69.998	
28	269.800	-69.998	
28	269.900	-69.998	
28	270.000	-69.998	
28	270.100	-69.998	
28	270.200	-69.998	
28	270.300	-69.998	
28	270.400	-69.998	
28	270.500	-69.998	
28	270.600	-69.998	
28	270.700	-69.998	
28	270.800	-69.998	
28	270.900	-69.998	
28	271.000	-69.998	
28	271.100	-69.998	
28	271.200	-69.998	
28	271.300	-69.998	
28	271.400	-69.998	
28	271.500	-69.998	
28	271.600	-69.998	
28	271.700	-69.998	
28	271.800	-69.998	
28	271.900	-69.998	
28	272.000	-69.998	
28	272.100	-69.998	
28	272.200	-69.998	
28	272.300	-69.998	
28	272.400	-69.998	
28	272.500	-69.998	
28	272.600	-69.998	
28	272.700	-69.998	
28	272.800	-69.998	
28	272.900	-69.998	
28	273.000	-69.998	
28	273.100	-69.998	
28	273.200	-69.998	
28	273.300	-69.998	
28	273.400	-69.998	
28	273.500	-69.998	
28	273.600	-69.998	
28	273.700	-69.998	
28	273.800	-69.998	
28	273.900	-69.998	
28	274.000	-69.998	
28	274.100	-69.998	
28	274.200	-69.998	
28	274.300	-69.998	
28	274.400	-69.998	
28	274.500	-69.998	
28	274.600	-69.998	
28	274.700	-69.998	
28	274.800	-69.998	
28	274.900	-69.998	
28	275.000	-69.998	
28	275.100	-69.998	
28	275.200	-69.998	
28	275.300	-69.998	
28	275.400	-69.998	
28	275.500	-69.998	
28	275.600	-69.998	
28	275.700	-69.998	
28	275.800	-69.998	
28	275.900	-69.998	
28	276.000	-69.998	
28	276.100	-69.998	
28	276.200	-69.998	
28	276.300	-69.998	
28	276.400	-69.998	
28	276.500	-69.998	
28	276.600	-69.998	
28	276.700	-69.998	
28	276.800	-69.998	
28	276.900	-69.998	
28	277.000	-69.998	
28	277.100	-69.998	
28	277.200	-69.998	
28	277.300	-69.998	
28	277.400	-69.998	
28	277.500	-69.998	
28	277.600	-69.998	
28	277.700	-69.998	
28	277.800	-69.998	
28	277.900	-69.998	
28	278.000	-69.998	
28	278.100	-69.998	
28	278.200	-69.998	
28	278.300	-69.998	
28	278.400	-69.998	
28	278.500	-69.998	
28	278.600	-69.998	
28	278.700	-69.998	
28	278.800	-69.998	
28	278.900	-69.998	
28	279.000	-69.998	
28	279.100	-69.998	
28	279.200	-69.998	
28	279.300	-69.998	
28	279.400	-69.998	
28	279.500	-69.998	
28	279.600	-69.998	
28	279.700	-69.998	
28	279.800	-69.998	
28	279.900	-69.998	
28	280.000	-69.998	
28	280.100	-69.998	
28	280.200	-69.998	
28	280.300	-69.998	
28	280.400	-69.998	
28	280.500	-69.998	
28	280.600	-69.998	
28	280.700	-69.998	
28	280.800	-69.998	
28	280.900	-69.998	
28	281.000	-69.998	
28	281.100	-69.998	
28	281.200	-69.998	
28	281.300	-69.998	
28	281.400	-69.998	
28	281.500	-69.998	
28	281.600	-69.998	
28	281.700	-69.998	
28	281.800	-69.998	
28	281.900	-69.998	
28	282.000	-69.998	
28	282.100	-69.998	
28	282.200	-69.998	
28	282.300	-69.998	
28	282.400	-69.998	
28	282.500	-69.998	
28	282.600	-69.998	
28	282.700	-69.998	
28	282.800	-69.998	
28	282.900	-69.998	
28	283.000	-69.998	
28	283.100	-69.998	
28	283.200	-69.998	
28	283.300	-69.998	
28	283.400	-69.998	
28	283.500	-69.998	
28	283.600	-69.998	
28	283.700	-69.998	
28	283.800	-69.998	
28	283.900	-69.998	
28	284.000	-69.998	
28	284.100	-69.998	
28	284.200	-69.998	
28	284.300	-69.998	
28	284.400	-69.998	
28	284.500	-69.998	
28	284.600	-69.998	
28	284.700	-69.998	
28	284.800	-69.998	
28	284.900	-69.998	
28	285.000	-69.998	
28	285.100	-69.998	
28	285.200	-69.998	
28	285.300	-69.998	
28	285.400	-69.998	
28	285.500	-69.998	
28	285.600	-69.998	
28	285.700	-69.998	
28	285.800	-69.998	
28	285.900	-69.998	
28	286.000	-69.998	
28	286.100	-69.998	
28	286.200	-69.998	
28	286.300	-69.998	
28	286.400	-69.998	
28	286.500	-69.998	
28	286.600	-69.998	
28	286.700	-69.998	
28	286.800	-69.998	
28	286.900	-69.998	
28	287.000	-69.998	
28	287.100	-69.998	
28	287.200	-69.998	
28	287.300	-69.998	
28	287.400	-69.998	
28	287.500	-69.998	
28	287.600	-69.998	
28	287.700	-69.998	
28	287.800	-69.998	
28	287.900	-69.998	
28	288.000	-69.998	
28	288.100	-69.998	
28	288.200	-69.998	
28	288.300	-69.998	
28	288.400	-69.998	
28	288.500	-69.998	
28	288.600	-69.998	
28	288.700	-69.998	
28	288.800	-69.998	
28	288.900	-69.998	
28	289.000	-69.998	
28	289.100	-69.998	
28	289.200	-69.998	
28	289.300	-69.998	
28	289.400	-69.998	
28	289.500	-69.998	
28	289.600	-69.998	
28	289.700	-69.998	
28	289.800	-69.998	
28	289.900	-69.998	
28	290.000	-69.998	
28	290.100	-69.998	
28	290.200	-69.998	
28	290.300	-69.998	
28	290.400	-69.998	
28	290.500	-69.998	
28	290.600	-69.998	
28	290.700	-69.998	
28	290.800	-69.998	
28	290.900	-69.998	
28	291.000	-69.998	
28	291.100	-69.998	
28	291.200	-69.998	
28	291.300	-69.998	
28	291.400	-69.998	
28	291.500	-69.998	
28	291.600	-69.998	
28	291.700	-69.998	
28	291.800	-69.998	
28	291.900	-69.998	
28	292.000	-69.998	
28	292.100	-69.998	
28	292.200	-69.998	
28	292.300	-69.998	
28	292.400	-69.998	
28	292.500	-69.998	
28	292.600	-69.998	
28	292.700	-69.998	
28	292.800	-69.998	
28	292.900	-69.998	
28	293.000	-69.998	
28	293.100	-69.998	
28	293.200	-69.998	
28	293.300	-69.998	
28	293.400	-69.998	
28	293.500	-69.998	
28	293.600	-69.998	
28	293.700	-69.998	
28	293.800	-69.998	
28	293.900	-69.998	
28	294.000	-69.998	
28	294.100	-69.998	
28	294.200	-69.998	
28	294.300	-69.998	
28	294.400	-69.998	
28	294.500	-69.998	
28	294.600	-69.998	
28	294.700	-69.998	
28	294.800	-69.998	
28	294.900	-69.998	
28	295.000	-69.998	
28	295.100	-69.998	
28	295.200	-69.998	
28	295.300	-69.998	
28	295.400	-69.998	
28	295.500	-69.998	
28	295.600	-69.998	
28	295.700	-69.998	
28	295.800	-69.998	
28	295.900	-69.998	
28	296.000	-69.998	
28	296.100	-69.998	
28	296.200	-69.998	
28	296.300	-69.998	
28	296.400	-69.998	
28	296.500	-69.998	
28	296.600	-69.998	
28	296.700	-69.998	
28	296.800	-69.998	
28	296.900	-69.998	
28	297.000	-69.998	
28	297.100	-69.998	
28	297.200	-69.998	
28	297.300	-69.998	
28	297.400	-69.998	
28	297.500	-69.998	
28	297.600	-69.998	
28	297.700	-69.998	
28	297.800	-69.998	
28	297.900	-69.998	
28	298.000	-69.998	
28	298.100	-69.998	
28	298.200	-69.998	
28	298.300	-69.998	
28	298.400	-69.998	
28	298.500	-69.998	
28	298.600	-69.998	
28	298.700	-69.998	
28	298.800	-69.998	
28	298.900	-69.998	
28	299.000	-69.998	
28	299.100	-69.998	
28	299.200	-69.998	
28	299.300	-69.998	
28	299.400	-69.998	
28	299.500	-69.998	
28	299.600	-69.998	
28	299.700	-69.998	
28	299.800	-69.998	
28	299.900	-69.998	
28	300.000	-69.998	
28	300.100	-69.998	
28	300.200	-69.998	
28	300.300	-69.998	
28	300.400	-69.998	
28	300.500	-69.998	
28	300.600	-69.998	
28	300.700	-69.998	
28	300.800	-69.998	
28	300.900	-69.998	
28	301.000	-69.998	
28	301.100	-69.998	
28	301.200	-69.998	
28	301.300	-69.998	
28	301.400	-69.998	
28	301.500	-69.998	
28	301.600	-69.998	
28	301.700	-69.998	
28	301.800	-69.998	
28	301.900	-69.998	
28	302.000	-69.998	
28	302.100	-69.998	
28	302.200	-69.998	
28	302.300	-69.998	
28	302.400	-69.998	
28	302.500	-69.998	
28	302.600	-69.998	
28	302.700	-69.998	
28	302.800	-69.998	
28	302.900	-69.998	
28	303.000	-69.998	
28	303.100	-69.998	
28	303.200	-69.998	
28	303.300	-69.998	
28	303.400	-69.998	
28	303.500	-69.998	
28	303.600	-69.998	
28	303.700	-69.998	
28	303.800	-69.998	
28	303.900	-69.998	
28	304.000	-69.998	
28	304.100	-69.998	
28	304.200	-69.998	
28	304.300	-69.998	
28	304.400	-69.998	
28	304.500	-69.998	
28	304.600	-69.998	
28	304.700	-69.998	
28	304.800	-69.998	
28	304.900	-69.998	
28	305.000	-69.998	
28	305.100	-69.998	
28	305.200	-69.998	
28	305.300	-69.998	
28	305.400	-69.998	
28	305.500	-69.998	
28	305.600	-69.998	
28	305.700	-69.998	
28	305.800	-69.998	
28	305.900	-69.998	
28	306.000	-69.998	
28	306.100	-69.998	
28	306.200	-69.998	
28	306.300	-69.998	
28	306.400	-69.998	
28	306.500	-69.998	
28	306.600	-69.998	
28	306.700	-69.998	
28	306.800	-69.998	
28	306.900	-69.998	
28	307.000	-69.998	
28	307.100	-69.998	
28	307.200	-69.998	
28	307.300	-69.998	
28	307.400	-69.998	
28	307.500	-69.998	
28	307.600	-69.998	
28	307.700	-69.998	
28	307.800	-69.998	
28	307.900	-69.998	
28	308.000	-69.998	
28	308.100	-69.998	
28	308.200	-69.998	
28	308.300	-69.998	
28	308.400	-69.998	
28	308.500	-69.998	
28	308.600	-69.998	
28	308.700	-69.998	
28	308.800	-69.998	
28	308.900	-69.998	
28	309.000	-69.998	
28	309.100	-69.998	
28	309.200	-69.998	
28	309.300	-69.998	
28	309.400	-69.998	
28	309.500	-69.998	
28	309.600	-69.998	
28	309.700	-69.998	
28	309.800	-69.998	
28	309.900	-69.998	
28	310.000	-69.998	
28	310.100	-69.998	
28	310.200	-69.998	
28	310.300	-69.998	
28	310.400	-69.998	
28	310.500	-69.998	
28	310.600	-69.998	
28	310.700	-69.998	
28	310.800	-69.998	
28	310.900	-69.998	
28	311.000	-69.998	
28	311.100	-69.998	
28	311.200	-69.998	
28	311.300	-69.998	
28	311.400	-69.998	
28	311.500	-69.998	
28	311.600	-69.998	
28	311.700	-69.998	
28	311.800	-69.998	
28	311.900	-69.998	
28	312.000	-69.998	
28	312.100	-69.998	
28	312.200	-69.998	
28	312.300	-69.998	
28	312.400	-69.998	
28	312.500	-69.998	
28	312.600	-69.998	
28	312.700	-69.998	
28	312.800	-69.998	
28	312.900	-69.998	
28	313.000	-69.998	
28	313.100	-69.998	
28	313.200	-69.998	
28	313.300	-69.998	
28	313.400	-69.998	
28	313.500	-69.998	
28	313.600	-69.998	
28	313.700	-69.998	
28	313.800	-69.998	
28	313.900	-69.998	
28	314.000	-69.998	
28	314.100	-69.998	
28	314.200	-69.998	
28	314.300	-69.998	
28	314.400	-69.998	
28	314.500	-69.998	
28	314.600	-69.998	
28	314.700	-69.998	
28	314.800	-69.998	
28	314.900	-69.998	
28	315.000	-69.998	
28	315.100	-69.998	
28	315.200	-69.998	
28	315.300	-69.998	
28	315.400	-69.998	
28	315.500	-69.998	
28	315.600	-69.998	
28	315.700	-69.998	
28	315.800	-69.998	
28	315.900	-69.998	
28	316.000	-69.998	
28	316.100	-69.998	
28	316.200	-69.998	
28	316.300	-69.998	
28	316.400	-69.998	
28	316.500	-69.998	
28	316.600	-69.998	
28	316.700	-69.998	
28	316.800	-69.998	
28	316.900	-69.998	
28	317.000	-69.998	
28	317.100	-69.998	
28	317.200	-69.998	
28	317.300	-69.998	
28	317.400	-69.998	
28	317.500	-69.998	
28	317.600	-69.998	
28	317.700	-69.998	
28	317.800	-69.998	
28	317.900	-69.998	
28	318.000	-69.998	
28	318.100	-69.998	
28	318.200	-69.998	
28	318.300	-69.998	
28	318.400	-69.998	
28	318.500	-69.998	
28	318.600	-69.998	
28	318.700	-69.998	
28	318.800	-69.998	
28	318.900	-69.998	
28	319.000	-69.998	
28	319.100	-69.998	
28	319.200	-69.998	
28	319.300	-69.998	
28	319.400	-69.998	
28	319.500	-69.998	
28	319.600	-69.998	
28	319.700	-69.998	
28	319.800	-69.998	
28	319.900	-69.998	
28	320.000	-69.998	
28	320.100	-69.998	
28	320.200	-69.998	
28	320.300	-69.998	
28	320.400	-69.998	
28	320.500	-69.998	
28	320.600	-69.998	
28	320.700	-69.998	
28	320.800	-69.998	
28	320.900	-69.998	
28	321.000	-69.998	
28	321.100	-69.998	
28	321.200	-69.998	
28	321.300	-69.998	
28	321.400	-69.998	
28	321.500	-69.998	
28	321.600	-69.998	
28	321.700	-69.998	
28	321.800	-69.998	
28	321.900	-69.998	
28	322.000	-69.998	
28	322.100	-69.998	
28	322.200	-69.998	
28	322.300	-69.998	
28	322.400	-69.998	
28	322.500	-69.998	
28	322.600	-69.998	
28	322.700	-69.998	
28	322.800	-69.998	
28	322.900	-69.998	
28	323.000	-69.998	
28	323.100	-69.998	
28	323.200	-69.998	
28	323.300	-69.998	
28	323.400	-69.998	
28	323.500	-69.998	
28	323.600	-69.998	
28	323.700	-69.998	
28	323.800	-69.998	
28	323.900	-69.998	
28	324.000	-69.998	
28	324.100	-69.998	
28	324.200	-69.998	
28	324.300	-69.998	
28	324.400	-69.998	
28	324.500	-69.998	
28	324.600	-69.998	
28	324.700	-69.998	
28	324.800	-69.998	
28	324.900	-69.998	
28	325.000	-69.998	
28	325.100	-69.998	
28	325.200	-69.998	
28	325.300	-69.998	
28	325.400	-69.998	
28	325.500	-69.998	
28	325.600	-69.998	
28	325.700	-69.998	
28	325.800	-69.998	
28	325.900	-69.998	
28	326.000	-69.998	
28	326.100	-69.998	
28	326.200	-69.998	
28	326.300	-69.998	
28	326.400	-69.998	
28	326.500	-69.998	
28	326.600	-69.998	
28	326.700	-69.998	
28	326.800	-69.998	
28	326.900	-69.998	
28	327.000	-69.998	
28	327.100	-69.998	
28	327.200	-69.998	
28	327.300	-69.998	
28	327.400	-69.998	
28	327.500	-69.998	
28	327.600	-69.998	
28	327.700	-69.998	
28	327.800	-69.998	
28	327.900	-69.998	
28	328.000	-69.998	
28	328.100	-69.998	
28	328.200	-69.998	
28	328.300	-69.998	
28	328.400	-69.998	
28	328.500	-69.998	
28	328.600	-69.998	
28	328.700	-69.998	
28	328.800	-69.998	
28	328.900	-69.998	
28	329.000	-69.998	
28	329.100	-69.998	
28	329.200	-69.998	
28	329.300	-69.998	
28	329.400	-69.998	
28	329.500	-69.998	
28	329.600	-69.998	
28	329.700	-69.998	
28	329.800	-69.998	
28	329.900	-69.998	
28	330.000	-69.998	
28	330.100	-69.998	
28	330.200	-69.998	
28	330.300	-69.998	
28	330.400	-69.998	
28	330.500	-69.998	
28	330.600	-69.998	
28	330.700	-69.998	
28	330.800	-69.998	
28	330.900	-69.998	
28	331.000	-69.998	
28	331.100	-69.998	
28	331.200	-69.998	
28	331.300	-69.998	
28	331.400	-69.998	
28	331.500	-69.998	
28	331.600	-69.998	
28	331.700	-69.998	
28	331.800	-69.998	
28	331.900	-69.998	
28	332.000	-69.998	
28	332.100	-69.998	
28	332.200	-69.998	
28	332.300	-69.998	
28	332.400	-69.998	
28	332.500	-69.998	
28	332.600	-69.998	
28	332.700	-69.998	
28	332.800	-69.998	
28	332.900	-69.998	
28	333.000	-69.998	
28	333.100	-69.998	
28	333.200	-69.998	
28	333.300	-69.998	
28	333.400	-69.998	
28	333.500	-69.998	
28	333.600	-69.998	
28	333.700	-69.998	
28	333.800	-69.998	
28	333.900	-69.998	
28	334.000	-69.998	
28	334.100	-69.998	
28	334.200	-69.998	
28	334.300	-69.998	
28	334.400	-69.998	
28	334.500	-69.998	
28	334.600	-69.998	
28	334.700	-69.998	
28	334.800	-69.998	
28	334.900	-69.998	
28	335.000	-69.998	
28	335.100	-69.998	
28	335.200	-69.998	
28	335.300	-69.998	
28	335.400	-69.998	
28	335.500	-69.998	
28	335.600	-69.998	
28	335.700	-69.998	
28	335.800	-69.998	
28	335.900	-69.998	
28	336.000	-69.998	
28	336.100	-69.998	
28	336.200	-69.998	
28	336.300	-69.998	
28	336.400	-69.998	
28	336.500	-69.998	
28	336.600	-69.998	
28	336.700	-69.998	
28	336.800	-69.998	
28	336.900	-69.998	
28	337.000	-69.998	
28	337.100	-69.998	
28	337.200	-69.998	
28	337.300	-69.998	
28	337.400	-69.998	
28	337.500	-69.998	
28	337.600	-69.998	
28	337.700	-69.998	
28	337.800	-69.998	
28	337.900	-69.998	
28	338.000	-69.998	
28	338.100	-69.998	
28	338.200	-69.998	
28	338.300	-69.998	
28	338.400	-69.998	
28	338.500	-69.998	
28	338.600	-69.998	
28	338.700	-69.998	
28	338.800	-69.998	
28	338.900	-69.998	
28	339.000	-69.998	
28	339.100	-69.998	
28	339.200	-69.998	
28	339.300	-69.998	
28	339.400	-69.998	
28	339.500	-69.998	
28	339.600	-69.998	
28	339.700	-69.998	
28	339.800	-69.998	
28	339.900	-69.998	
28	340.000	-69.998	
28	340.100	-69.998	
28	340.200	-69.998	
28	340.300	-69.998	
28	340.400	-69.998	
28	340.500	-69.998	
28	340.600	-69.998	
28	340.700	-69.998	
28	340.800	-69.998	
28	340.900	-69.998	
28	341.000	-69.998	
28	341.100	-69.998	
28	341.200	-69.998	
28	341.300	-69.998	
28	341.400	-69.998	
28	341.500	-69.998	
28	341.600	-69.998	
28	341.700	-69.998	
28	341.800	-69.998	
28	341.900	-69.998	
28	342.000	-69.998	
28	342.100	-69.998	
28	342.200	-69.998	
28	342.300	-69.998	
28	342.400	-69.998	
28	342.500	-69.998	
28	342.600	-69.998	
28	342.700	-69.998	
28	342.800	-69.998	
28	342.900	-69.998	
28	343.000	-69.998	
28	343.100	-69.998	
28	343.200	-69.998	
28	343.300	-69.998	
28	343.400	-69.998	
28	343.500	-69.998	
28	343.600	-69.998	
28	343.700	-69.998	
28	343.800	-69.998	
28	343.900	-69.998	
28	344.000	-69.998	
28	344.100	-69.998	
28	344.200	-69.998	
28	344.300	-69.998	
28	344.400	-69.998	
28	344.500	-69.998	
28	344.600	-69.998	
28	344.700	-69.998	
28	344.800	-69.998	
28	344.900	-69.998	
28	345.000	-69.998	
28	345.100	-69.998	
28	345.200	-69.998	
28	345.300	-69.998	
28	345.400	-69.998	
28	345.500	-69.998	
28	345.600	-69.998	
28	345.700	-69.998	
28	345.800	-69.998	
28	345.900	-69.998	
28	346.000	-69.998	
28	346.100	-69.998	
28	346.200	-69.998	
28	346.300	-69.998	
28	346.400	-69.998	
28	346.500	-69.998	
28	346.600	-69.998	
28	346.700	-69.998	
28	346.800	-69.998	
28	346.900	-69.998	
28	347.000	-69.998	
28	347.100	-69.998	
28	347.200	-69.998	
28	347.300	-69.998	
28	347.400	-69.998	
28	347.500	-69.998	
28	347.600	-69.998	
28	347.700	-69.998	
28	347.800	-69.998	
28	347.900	-69.998	
28	348.000	-69.998	
28	348.100	-69.998	
28	348.200	-69.998	
28	348.300	-69.998	
28	348.400	-69.998	
28	348.500	-69.998	
28	348.600	-69.998	
28	348.700	-69.998	
28	348.800	-69.998	
28	348.900	-69.998	
28	349.000	-69.998	
28	349.100	-69.998	
28	349.200	-69.998	
28	349.300	-69.998	
28	349.400	-69.998	
28	349.500	-69.998	
28	349.600	-69.998	
28	349.700	-69.998	
28	349.800	-69.998	
28	349.900	-69.998	
28	350.000	-69.998	
28	350.100	-69.998	
28	350.200	-69.998	
28	350.300	-69.998	
28	350.400	-69.998	
28	350.500	-69.998	
28	350.600	-69.998	
28	350.700	-69.998	
28	350.800	-69.998	
28	350.900	-69.998	
28	351.000	-69.998	
28	351.100	-69.998	
28	351.200	-69.998	
28	351.300	-69.998	
28	351.400	-69.998	
28	351.500	-69.998	
28	351.600	-69.998	
28	351.700	-69.998	
28	351.800	-69.998	
28	351.900	-69.998	
28	352.000	-69.998	
28	352.100	-69.998	
28	352.200	-69.998	
28	352.300	-69.998	
28	352.400	-69.998	
28	352.500	-69.998	
28	352.600	-69.998	
28	352.700	-69.998	
28	352.800	-69.998	
28	352.900	-69.998	
28	353.000	-69.998	
28	353.100	-69.998	
28	353.200	-69.998	
28	353.300	-69.998	
28	353.400	-69.998	
28	353.500	-69.998	
28	353.600	-69.998	
28	353.700	-69.998	
28	353.800	-69.998	
28	353.900	-69.998	
28	354.000	-69.998	
28	354.100	-69.998	
28	354.200	-69.998	
28	354.300	-69.998	
28	354.400	-69.998	
28	354.500	-69.998	
28	354.600	-69.998	
28	354.700	-69.998	
28	354.800	-69.998	
28	354.900	-69.998	
28	355.000	-69.998	
28	355.100	-69.998	
28	355.200	-69.998	
28	355.300	-69.998	
28	355.400	-69.998	
28	355.500	-69.998	
28	355.600	-69.998	
28	355.700	-69.998	
28	355.800	-69.998	
28	355.900	-69.998	
28	356.000	-69.998	
28	356.100	-69.998	
28	356.200	-69.998	
28	356.300	-69.998	
28	356.400	-69.998	
28	356.500	-69.998	
28	356.600	-69.998	
28	356.700	-69.998	
28	356.800	-69.998	
28	356.900	-69.998	
28	357.000	-69.998	
28	357.100	-69.998	
28	357.200	-69.998	
28	357.300	-69.998	
28	357.400	-69.998	
28	357.500	-69.998	
28	357.600	-69.998	
28	357.700	-69.998	
28	357.800	-69.998	
28	357.900	-69.998	
28	358.000	-69.998	
28	358.100	-69.998	
28	358.200	-69.998	
28	358.300	-69.998	
28	358.400	-69.998	
28	358.500	-69.998	
28	358.600	-69.998	
28	358.700	-69.998	
28	358.800	-69.998	
28	358.900	-69.998	
28	359.000	-69.998	
28	359.100	-69.998	
28	359.200	-69.998	
28	359.300	-69.998	
28	359.400	-69.998	
28	359.500	-69.998	
28	359.600	-69.998	
28	359.700	-69.998	
28	359.800	-69.998	
28	359.900	-69.998	
28	360.000	-69.998	
28	360.100	-69.998	
28	360.200	-69.998	
28	360.300	-69.998	
28	360.400	-69.998	
28	360.500	-69.998	
28	360.600	-69.998	
28	360.700	-69.998	
28	360.800	-69.998	
28	360.900	-69.998	
28	361.000	-69.998	
28	361.100	-69.998	
28	361.200	-69.998	
28	361.300	-69.998	
28	361.400	-69.998	
28	361.500	-69.998	
28	361.600	-69.998	
28	361.700	-69.998	
28	361.800	-69.998	
28	361.900	-69.998	
28	362.000	-69.998	
28	362.100	-69.998	
28	362.200	-69.998	
28	362.300	-69.998	
28	362.400	-69.998	
28	362.500	-69.998	
28	362.600	-69.998	
28	362.700	-69.998	
28	362.800	-69.998	
28	362.900	-69.998	
28	363.000	-69.998	
28	363.100	-69.998	
28	363.200	-69.998	
28	363.300	-69.998	
28	363.400	-69.998	
28	363.500	-69.998	
28	363.600	-69.998	
28	363.700	-69.998	
28	363.800	-69.998	
28	363.900	-69.998	
28	364.000	-69.998	
28	364.100	-69.998	
28	364.200	-69.998	
28	364.300	-69.998	
28	364.400	-69.998	
28	364.500	-69.998	
28	364.600	-69.998	
28	364.700	-69.998	
28	364.800	-69.998	
28	364.900	-69.998	
28	365.000	-69.998	
28	365.100	-69.998	
28	365.200	-69.998	
28	365.300	-69.998	
28	365.400	-69.998	
28	365.500	-69.998	
28	365.600	-69.998	
28	365.700	-69.998	
28	365.800	-69.998	
28	365.900	-69.998	
28	366.000	-69.998	
28	366.100	-69.998	
28	366.200	-69.998	
28	366.300	-69.998	
28	366.400	-69.998	
28	366.500	-69.998	
28	366.600	-69.998	
28	366.700	-69.998	
28	366.800	-69.998	
28	366.900	-69.998	
28	367.000	-69.998	
28	367.100	-69.998	
28	367.200	-69.998	
28	367.300	-69.998	
28	367.400	-69.998	
28	367.500	-69.998	
28	367.600	-69.998	
28	367.700	-69.998	
28	367.800	-69.998	
28	367.900	-69.998	
28	368.000	-69.998	
28	368.100	-69.998	
28	368.200	-69.998	
28	368.300	-69.998	
28	368.400	-69.998	
28	368.500	-69.998	
28	368.600	-69.998	
28	368.700	-69.998	
28	368.800	-69.998	
28	368.900	-69.998	
28	369.000	-69.998	
28	369.100	-69.998	
28	369.200	-69.998	
28	369.300	-69.998	
28	369.400	-69.998	
28	369.500	-69.998	
28	369.600	-69.998	
28	369.700	-69.998	
28	369.800	-69.998	
28	369.900	-69.998	
28	370.000	-69.998	
28	370.100	-69.998	
28	370.200	-69.998	
28	370.300	-69.998	
28	370.400	-69.998	
28	370.500	-69.998	
28	370.600	-69.998	
28	370.700	-69.998	
28	370.800	-69.998	
28	370.900	-69.998	
28	371.000	-69.998	
28	371.100	-69.998	
28	371.200	-69.998	
28	371.300	-69.998	
28	371.400	-69.998	
28	371.500	-69.998	
28	371.600	-69.998	
28	371.700	-69.998	
28	371.800	-69.998	
28	371.900	-69.998	
28	372.000	-69.998	
28	372.100	-69.998	
28	372.200	-69.998	
28	372.300	-69.998	
28	372.400	-69.998	
28	372.500	-69.998	
28	372.600	-69.998	
28	372.700	-69.998	
28	372.800	-69.998	
28	372.900	-69.998	
28	373.000	-69.998	
28	373.100	-69.998	
28	373.200	-69.998	
28	373.300	-69.998	
28	373.400	-69.998	
28	373.500	-69.998	
28	373.600	-69.998	
28	373.700	-69.998	
28	373.800	-69.998	
28	373.900	-69.998	
28	374.000	-69.998	
28	374.100	-69.998	
28	374.200	-69.998	
28	374.300	-69.998	
28	374.400	-69.998	
28	374.500	-69.998	
28	374.600	-69.998	
28	374.700	-69.998	
28	374.800	-69.998	
28	374.900	-69.998	
28	375.000	-69.998	
28	375.100	-69.998	
28	375.200	-69.998	
28	375.300	-69.998	
28	375.400	-69.998	
28	375.500	-69.998	
28	375.600	-69.998	
28	375.700	-69.998	
28	375.800	-69.998	
28	375.900	-69.998	
28	376.000	-69.998	
28	376.100	-69.998	
28	376.200	-69.998	
28	376.300	-69.998	
28	376.400	-69.998	
28	376.500	-69.998	
28	376.600	-69.998	
28	376.700	-69.998	
28	376.800	-69.998	
28	376.900	-69.998	
28	377.000	-69.998	
28	377.100	-69.998	
28	377.200	-69.998	
28	377.300	-69.998	
28	377.400	-69.998	
28	377.500	-69.998	
28	377.600	-69.998	
28	377.700	-69.998	
28	377.800	-69.998	
28	377.900	-69.998	
28	378.000	-69.998	
28	378.100	-69.998	
28	378.200	-69.998	
28	378.300	-69.998	
28	378.400	-69.998	
28	378.500	-69.998	
28	378.600	-69.998	
28	378.700	-69.998	
28	378.800	-69.998	
28	378.900	-69.998	
28	379.000	-69.998	
28	379.100	-69.998	
28	379.200	-69.998	
28	379.300	-69.998	
28	379.400	-69.998	
28	379.500	-69.998	
28	379.600	-69.998	
28	379.700	-69.998	
28	379.800	-69.998	
28	379.900	-69.998	
28	380.000	-69.998	
28	380.100	-69.998	
28	380.200	-69.998	
28	380.300	-69.998	
28	380.400	-69.998	
28	380.500	-69.998	
28	380.600	-69.998	
28	380.700	-69.998	
28	380.800	-69.998	
28	380.900	-69.998	
28	381.000	-69.998	
28	381.100	-69.998	
28	381.200	-69.998	
28	381.300	-69.998	
28	381.400	-69.998	
28	381.500	-69.998	
28	381.600	-69.998	
28	381.700	-69.998	
28	381.800	-69.998	
28	381.900	-69.998	
28	382.000	-69.998	
28	382.100	-69.998	
28	382.200	-69.998	
28	382.300	-69.998	
28	382.400	-69.998	
28	382.500	-69.998	
28	382.600	-69.998	
28	382.700	-69.998	
28	382.800	-69.998	
28	382.900	-69.998	
28	383.000	-69.998	
28	383.100	-69.998	
28	383.200	-69.998	
28	383.300	-69.998	
28	383.400	-69.998	
28	383.500	-69.998	
28	383.600	-69.998	
28	383.700	-69.998	
28	383.800	-69.998	
28	383.900	-69.998	
28	384.000	-69.998	
28	384.100	-69.998	
28	384.200	-69.998	
28	384.300	-69.998	
28	384.400	-69.998	
28	384.500	-69.998	
28	384.600	-69.998	
28	384.700	-69.998	
28	384.800	-69.998	
28	384.900	-69.998	
28	385.000	-69.998	
28	385.100	-69.998	
28	385.200	-69.998	
28	385.300	-69.998	
28	385.400	-69.998	
28	385.500	-69.998	
28	385.600	-69.998	
28	385.700	-69.998	
28	385.800	-69.998	
28	385.900	-69.998	
28	386.000	-69.998	
28	386.100	-69.998	
28	386.200	-69.998	
28	386.300	-69.998	
28	386.400	-69.998	
28	386.500	-69.998	
28	386.600	-69.998	
28	386.700	-69.998	
28	386.800	-69.998	
28	386.900	-69.998	
28	387.000	-69.998	
28	387.100	-69.998	
28	387.200	-69.998	
28	387.300	-69.998	
28	387.400	-69.998	
28	387.500	-69.998	
28	387.600	-69.998	
28	387.700	-69.998	
28	387.800	-69.998	
28	387.900	-69.998	
28	388.000	-69.998	
28	388.100	-69.998	
28	388.200	-69.998	
28	388.300	-69.998	
28	388.400	-69.998	
28	388.500	-69.998	
28	388.600	-69.998	
28	388.700	-69.998	
28	388.800	-69.998	
28	388.900	-69.998	
28	389.000	-69.998	
28	389.100	-69.998	
28	389.200	-69.998	
28	389.300	-69.998	
28	389.400	-69.998	
28	389.500	-69.998	
28	389.600	-69.998	
28	389.700	-69.998	
28	389.800	-69.998	
28	389.900	-69.998	
28	390.000	-69.998	
28	390.100	-69.998	
28	390.200	-69.998	
28	390.300	-69.998	
28	390.400	-69.998	
28	390.500	-69.998	
28	390.600	-69.998	
28	390.700	-69.998	
28	390.800	-69.998	
28	390.900	-69.998	
28	391.000	-69.998	
28	391.100	-69.998	
28	391.200	-69.998	
28	391.300	-69.998	
28	391.400	-69.998	
28	391.500	-69.998	
28	391.600	-69.998	
28	391.700	-69.998	
28	391.800	-69.998	
28	391.900	-69.998	
28	392.000	-69.998	
28	392.100	-69.998	
28	392.200	-69.998	
28	392.300	-69.998	
28	392.400	-69.998	
28	392.500	-69.998	
28	392.600	-69.998	
28	392.700	-69.998	
28	392.800	-69.998	
28	392.900	-69.998	
28	393.000	-69.998	
28	393.100	-69.998	
28	393.200	-69.998	
28	393.300	-69.998	
28	393.400	-69.998	
28	393.500	-69.998	
28	393.600	-69.998	
28	393.700	-69.998	
28	393.800	-69.998	
28	393.900	-69.998	
28	394.000	-69.998	
28	394.100	-69.998	
28	394.200	-69.998	
28	394.300	-69.998	
28	394.400	-69.998	
28	394.500	-69.998	
28	394.600	-69.998	
28	394.700	-69.998	
28	394.800	-69.998	
28	394.900	-69.998	
28	395.000	-69.998	
28	395.100	-69.998	
28	395.200	-69.998	
28	395.300	-69.998	
28	395.400	-69.998	
28	395.500	-69.998	
28	395.600	-69.998	
28	395.700	-69.998	
28	395.800	-69.998	
28	395.900	-69.998	
28	396.000	-69.998	
28	396.100	-69.998	
28	396.200	-69.998	
28	396.300	-69.998	
28	396.400	-69.998	
28	396.500	-69.998	
28	396.600	-69.998	
28	396.700	-69.998	
28	396.800	-69.998	
28	396.900	-69.998	
28	397.000	-69.998	
28	397.100	-69.998	
28	397.200	-69.998	
28	397.300	-69.998	
28	397.400	-69.998	
28	397.500	-69.998	
28	397.600	-69.998	
28	397.700	-69.998	
28	397.800	-69.998	
28	397.900	-69.998	
28	398.000	-69.998	
28	398.100	-69.998	
28	398.200	-69.998	
28	398.300	-69.998	
28	398.400	-69.998	
28	398.500	-69.998	
28	398.600	-69.998	
28	398.700	-69.998	
28	398.800	-69.998	
28	398.900	-69.998	
28	399.000	-69.998	
28	399.100	-69.998	
28	399.200	-69.998	
28	399.300	-69.998	
28	399.400	-69.998	
28	399.500	-69.998	
28	399.600	-69.998	
28	399.700	-69.998	
28	399.800	-69.998	
28	399.900	-69.998	
28	400.000	-69.998	
28	400.100	-69.998	
28	400.200	-69.998	
28	400.300	-69.998	
28	400.400	-69.998	
28	400.500	-69.998	
28	400.600	-69.998	
28	400.700	-69.998	
28	400.800	-69.998	
28	400.900	-69.998	
28	401.000	-69.998	
28	401.100	-69.998	
28	401.200	-69.998	
28	401.300	-69.998	
28	401.400	-69.998	
28	401.500	-69.998	
28	401.600	-69.998	
28	401.700	-69.998	
28	401.800	-69.998	
28	401.900	-69.998	
28	402.000	-69.998	
28	402.100	-69.998	
28	402.200	-69.998	
28	402.300	-69.998	
28	402.400	-69.998	
28	402.500	-69.998	
28	402.600	-69.998	
28	402.700	-69.998	
28	402.800	-69.998	
28	402.900	-69.998	
28	403.000	-69.998	
28	403.100	-69.998	
28	403.200	-69.998	
28	403.300	-69.998	
28	403.400	-69.998	
28	403.500	-69.998	
28	403.600	-69.998	
28	403.700	-69.998	
28	403.800	-69.998	
28	403.900	-69.998	
28	404.000	-69.998	
28	404.100	-69.998	
28	404.200	-69.998	
28	404.300	-69.998	
28	404.400	-69.998	
28	404.500	-69.998	
28	404.600	-69.998	
28	404.700	-69.998	
28	404.800	-69.998	
28	404.900	-69.998	
28	405.000	-69.998	
28	405.100	-69.998	
28	405.200	-69.998	
28	405.300	-69.998	
28	405.400	-69.998	
28	405.500	-69.998	
28	405.600	-69.998	
28	405.700	-69.998	
28	405.800	-69.998	
28	405.900	-69.998	
28	406.000	-69.998	
28	406.100	-69.998	
28	406.200	-69.998	
28	406.300	-69.998	
28	406.400	-69.998	
28	406.500	-69.998	
28	406.600	-69.998	
28	406.700	-69.998	
28	406.800	-69.998	
28	406.900	-69.998	
28	407.000	-69.998	
28	407.100	-69.998	
28	407.200	-69.998	
28	407.300	-69.998	
28	407.400	-69.998	
28	407.500	-69.998	
28	407.600	-69.998	
28	407.700	-69.998	
28	407.800	-69.998	
28	407.900	-69.998	
28	408.000	-69.998	
28	408.100	-69.998	
28	408.200	-69.998	
28	408.300	-69.998	
28	408.400	-69.998	
28	408.500	-69.998	
28	408.600	-69.998	
28	408.700	-69.998	
28	408.800	-69.998	
28	408.900	-69.998	
28	409.000	-69.998	
28	409.100	-69.998	
28	409.200	-69.998	
28	409.300	-69.998	
28	409.400	-69.998	
28	409.500	-69.998	
28	409.600	-69.998	
28	409.700	-69.998	
28	409.800	-69.998	
28	409.900	-69.998	
28	410.000	-69.998	
28	410.100	-69.998	
28	410.200	-69.998	
28	410.300	-69.998	
28	410.400	-69.998	
28	410.500	-69.998	
28	410.600	-69.998	
28	410.700	-69.998	
28	410.800	-69.998	
28	410.900	-69.998	
28	411.000	-69.998	
28	411.100	-69.998	
28	411.200	-69.998	
28	411.300	-69.998	
28	411.400	-69.998	
28	411.500	-69.998	
28	411.600	-69.998	
28	411.700	-69.998	
28	411.800	-69.998	
28	411.900	-69.998	
28	412.000	-69.998	
28	412.100	-69.998	
28	412.200	-69.998	
28	412.300	-69.998	
28	412.400	-69.998	
28	412.500	-69.998	
28	412.600	-69.998	
28	412.700	-69.998	
28	412.800	-69.998	
28	412.900	-69.998	
28	413.000	-69.998	
28	413.100	-69.998	
28	413.200	-69.998	
28	413.300	-69.998	
28	413.400	-69.998	
28	413.500	-69.998	
28	413.600	-69.998	
28	413.700	-69.998	
28	413.800	-69.998	
28	413.900	-69.998	
28	414.000	-69.998	
28	414.100	-69.998	
28	414.200	-69.998	
28	414.300	-69.998	
28	414.400	-69.998	
28	414.500	-69.998	
28	414.600	-69.998	
28	414.700	-69.998	
28	414.800	-69.998	
28	414.900	-69.998	
28	415.000	-69.998	
28	415.100	-69.998	
28	415.200	-69.998	
28	415.300	-69.998	
28	415.400	-69.998	
28	415.500	-69.998	
28	415.600	-69.998	
28	415.700	-69.998	
28	415.800	-69.998	
28	415.900	-69.998	
28	416.000	-69.998	
28	416.100	-69.998	
28	416.200	-69.998	
28	416.300	-69.998	
28	416.400	-69.998	
28	416.500	-69.998	
28	416.600	-69.998	
28	416.700	-69.998	
28	416.800	-69.998	
28	416.900	-69.998	
28	417.000	-69.998	
28	417.100	-69.998	
28	417.200	-69.998	
28	417.300	-69.998	
28	417.400	-69.998	
28	417.500	-69.998	
28	417.600	-69.998	
28	417.700	-69.998	
28	417.800	-69.998	
28	417.900	-69.998	
28	418.000	-69.998	
28	418.100	-69.998	
28	418.200	-69.998	
28	418.300	-69.998	
28	418.400	-69.998	
28	418.500	-69.998	
28	418.600	-69.998	
28	418.700	-69.998	
28	418.800	-69.998	
28	418.900	-69.998	
28	419.000	-69.998	
28	419.100	-69.998	
28	419.200	-69.998	
28	419.300	-69.998	
28	419.400	-69.998	
28	419.500	-69.998	
28	419.600	-69.998	
28	419.700	-69.998	
28	419.800	-69.998	
28	419.900	-69.998	
28	420.000	-69.998	
28	420.100	-69.998	
28	420.200	-69.998	
28	420.300	-69.998	
28	420.400	-69.998	
28	420.500	-69.998	
28	420.600	-69.998	
28	420.700	-69.998	
28	420.800	-69.998	
28	420.900	-69.998	
28	421.000	-69.998	
28	421.100	-69.998	
28	421.200	-69.998	
28	421.300	-69.998	
28	421.400	-69.998	
28	421.500	-69.998	
28	421.600	-69.998	
28	421.700	-69.998	
28	421.800	-69.998	
28	421.900	-69.998	
28	422.000	-69.998	
28	422.100	-69.998	
28	422.200	-69.998	
28	422.300	-69.998	
28	422.400	-69.998	
28	422.500	-69.998	
28	422.600	-69.998	
28	422.700	-69.998	
28	422.800	-69.998	
28	422.900	-69.998	
28	423.000	-69.998	
28	423.100	-69.998	
28	423.200	-69.998	
28	423.300	-69.998	
28	423.400	-69.998	
28	423.500	-69.998	
28	423.600	-69.998	
28	423.700	-69.998	
28	423.800	-69.998	
28	423.900	-69.998	
28	424.000	-69.998	
28	424.100	-69.998	
28	424.200	-69.998	
28	424.300	-69.998	
28	424.400	-69.998	
28	424.500	-69.998	
28	424.600	-69.998	
28	424.700	-69.998	
28	424.800	-69.998	
28	424.900	-69.998	
28	425.000	-69.998	
28	425.100	-69.998	
28	425.200	-69.998	
28	425.300	-69.998	
28	425.400	-69.998	
28	425.500	-69.998	
28	425.600	-69.998	
28	425.700	-69.998	
28	425.800	-69.998	
28	425.900	-69.998	
28	426.000	-69.998	
28	426.100	-69.998	
28	426.200	-69.998	
28	426.300	-69.998	
28	426.400	-69.998	
28	426.500	-69.998	
28	426.600	-69.998	
28	426.700	-69.998	
28	426.800	-69.998	
28	426.900	-69.998	
28	427.000	-69.998	
28	427.100	-69.998	
28	427.200	-69.998	
28	427.300	-69.998	
28	427.400	-69.998	
28	427.500	-69.998	
28	427.600	-69.998	
28	427.700	-69.998	
28	427.800	-69.998	
28	427.900	-69.998	
28	428.000	-69.998	
28	428.100	-69.998	
28	428.200	-69.998	
28	428.300	-69.998	
28	428.400	-69.998	
28	428.500	-69.998	
28	428.600	-69.998	
28	428.700	-69.998	
28	428.800	-69.998	
28	428.900	-69.998	
28	429.000	-69.998	
28	429.100	-69.998	
28	429.200	-69.998	
28	429.300	-69.998	
28	429.400	-69.998	
28	429.500	-69.998	
28	429.600	-69.998	
28	429.700	-69.998	
28	429.800	-69.998	
28	429.900	-69.998	
28	430.000	-69.998	
28	430.100	-69.998	
28	430.200	-69.998	
28	430.300	-69.998	
28	430.400	-69.998	
28	430.500	-69.998	
28	430.600	-69.998	
28	430.700	-69.998	
28	430.800	-69.998	
28	430.900	-69.998	
28	431.000	-69.998	
28	431.100	-69.998	
28	431.200	-69.998	
28	431.300	-69.998	
28	431.400	-69.998	
28	431.500	-69.998	
28	431.600	-69.998	
28	431.700	-69.998	
28	431.800	-69.998	
28	431.900	-69.998	
28	432.000	-69.998	
28	432.100	-69.998	
28	432.200	-69.998	
28	432.300	-69.998	
28	432.400	-69.998	
28	432.500	-69.998	
28	432.600	-69.998	
28	432.700	-69.998	
28	432.800	-69.998	
28	432.900	-69.998	
28	433.000	-69.998	
28	433.100	-69.998	
28	433.200	-69.998	
28	433.300	-69.998	
28	433.400	-69.998	
28	433.500	-69.998	
28	433.600	-69.998	
28	433.700	-69.998	
28	433.800	-69.998	
28	433.900	-69.998	
28	434.000	-69.998	
28	434.100	-69.998	
28	434.200	-69.998	
28	434.300	-69.998	
28	434.400	-69.998	
28	434.500	-69.998	
28	434.600	-69.998	
28	434.700	-69.998	
28	434.800	-69.998	
28	434.900	-69.998	
28	435.000	-69.998	
28	435.100	-69.998	
28	435.200	-69.998	
28	435.300	-69.998	
28	435.400	-69.998	
28	435.500	-69.998	
28	435.600	-69.998	
28	435.700	-69.998	
28	435.800	-69.998	
28	435.900	-69.998	
28	436.000	-69.998	
28	436.100	-69.998	
28	436.200	-69.998	
28	436.300	-69.998	
28	436.400	-69.998	
28	436.500	-69.998	
28	436.600	-69.998	
28	436.700	-69.998	
28	436.800	-69.998	
28	436.900	-69.998	
28	437.000	-69.998	
28	437.100	-69.998	
28	437.200	-69.998	
28	437.300	-69.998	
28	437.400	-69.998	
28	437.500	-69.998	
28	437.600	-69.998	
28	437.700	-69.998	
28	437.800	-69.998	
28	437.900	-69.998	
28	438.000	-69.998	
28	438.100	-69.998	
28	438.200	-69.998	
28	438.300	-69.998	
28	438.400	-69.998	
28	438.500	-69.998	
28	438.600	-69.998	
28	438.700	-69.998	
28	438.800	-69.998	
28	438.900	-69.998	
28	439.000	-69.998	
28	439.100	-69.998	
28	439.200	-69.998	
28	439.300	-69.998	
28	439.400	-69.998	
28	439.500	-69.998	
28	439.600	-69.998	
28	439.700	-69.998	
28	439.800	-69.998	
28	439.900	-69.998	
28	440.000	-69.998	
28	440.100	-69.998	
28	440.200	-69.998	
28	440.300	-69.998	
28	440.400	-69.998	
28	440.500	-69.998	
28	440.600	-69.998	
28	440.700	-69.998	
28	440.800	-69.998	
28	440.900	-69.998	
28	441.000	-69.998	
28	441.100	-69.998	
28	441.200	-69.998	
28	441.300	-69.998	
28	441.400	-69.998	
28	441.500	-69.998	
28	441.600	-69.998	
28	441.700	-69.998	
28	441.800	-69.998	
28	441.900	-69.998	
28	442.000	-69.998	
28	442.100	-69.998	
28	442.200	-69.998	
28	442.300	-69.998	
28	442.400	-69.998	
28	442.500	-69.998	
28	442.600	-69.998	
28	442.700	-69.998	
28	442.800	-69.998	
28	442.900	-69.998	
28	443.000	-69.998	
28	443.100	-69.998	
28	443.200	-69.998	
28	443.300	-69.998	
28	443.400	-69.998	
28	443.500	-69.998	
28	443.600	-69.998	
28	443.700	-69.998	
28	443.800	-69.998	
28	443.900	-69.998	
28	444.000	-69.998	
28	444.100	-69.998	
28	444.200	-69.998	
28	444.300	-69.998	
28	444.400	-69.998	
28	444.500	-69.998	
28	444.600	-69.998	
28	444.700	-69.998	
28	444.800	-69.998	
28	444.900	-69.998	
28	445.000	-69.998	
28	445.100	-69.998	
28	445.200	-69.998	
28	445.300	-69.998	
28	445.400	-69.998	
28	445.500	-69.998	
28	445.600	-69.998	
28	445.700	-69.998	
28	445.800	-69.998	
28	445.900	-69.998	
28	446.000	-69.998	
28	446.100	-69.998	
28	446.200	-69.998	
28	446.300	-69.998	
28	446.400	-69.998	
28	446.500	-69.998	
28	446.600	-69.998	
28	446.700	-69.998	
28	446.800	-69.998	
28	446.900	-69.998	
28	447.000	-69.998	
28	447.100	-69.998	
28	447.200	-69.998	
28	447.300	-69.998	
28	447.400	-69.998	
28	447.500	-69.998	
28	447.600	-69.998	
28	447.700	-69.998	
28	447.800	-69.998	
28	447.900	-69.998	
28	448.000	-69.998	
28	448.100	-69.998	
28	448.200	-69.998	
28	448.300	-69.998	
28	448.400	-69.998	
28	448.500	-69.998	
28	448.600	-69.998	
28	448.700	-69.998	
28	448.800	-69.998	
28	448.900	-69.998	
28	449.000	-69.998	
