27	0.100	-70.000	
27	0.200	-70.000	
27	0.300	-70.000	
27	0.400	-70.000	
27	0.500	-70.000	
27	0.600	-70.000	
27	0.700	-70.000	
27	0.800	-70.000	
27	0.900	-70.000	
27	1.000	-70.000	
27	1.100	-70.000	
27	1.200	-70.000	
27	1.300	-70.000	
27	1.400	-70.000	
27	1.500	-70.000	
27	1.600	-70.000	
27	1.700	-70.000	
27	1.800	-69.999	
27	1.900	-69.999	
27	2.000	-69.999	
27	2.100	-69.999	
27	2.200	-69.999	
27	2.300	-69.999	
27	2.400	-69.999	
27	2.500	-69.999	
27	2.600	-69.999	
27	2.700	-69.999	
27	2.800	-69.999	
27	2.900	-69.999	
27	3.000	-69.999	
27	3.100	-69.999	
27	3.200	-69.999	
27	3.300	-69.999	
27	3.400	-69.999	
27	3.500	-69.999	
27	3.600	-69.999	
27	3.700	-69.999	
27	3.800	-69.999	
27	3.900	-69.999	
27	4.000	-69.999	
27	4.100	-69.999	
27	4.200	-69.999	
27	4.300	-69.999	
27	4.400	-69.999	
27	4.500	-69.999	
27	4.600	-69.999	
27	4.700	-69.999	
27	4.800	-69.999	
27	4.900	-69.999	
27	5.000	-69.999	
27	5.100	-69.999	
27	5.200	-69.999	
27	5.300	-69.999	
27	5.400	-69.999	
27	5.500	-69.999	
27	5.600	-69.999	
27	5.700	-69.999	
27	5.800	-69.999	
27	5.900	-69.999	
27	6.000	-69.999	
27	6.100	-69.999	
27	6.200	-69.999	
27	6.300	-69.999	
27	6.400	-69.999	
27	6.500	-69.999	
27	6.600	-69.999	
27	6.700	-69.999	
27	6.800	-69.999	
27	6.900	-69.999	
27	7.000	-69.999	
27	7.100	-69.999	
27	7.200	-69.999	
27	7.300	-69.999	
27	7.400	-69.999	
27	7.500	-69.999	
27	7.600	-69.999	
27	7.700	-69.999	
27	7.800	-69.999	
27	7.900	-69.999	
27	8.000	-69.999	
27	8.100	-69.999	
27	8.200	-69.999	
27	8.300	-69.999	
27	8.400	-69.999	
27	8.500	-69.999	
27	8.600	-69.999	
27	8.700	-69.999	
27	8.800	-69.999	
27	8.900	-69.999	
27	9.000	-69.999	
27	9.100	-69.999	
27	9.200	-69.999	
27	9.300	-69.999	
27	9.400	-69.999	
27	9.500	-69.999	
27	9.600	-69.999	
27	9.700	-69.999	
27	9.800	-69.999	
27	9.900	-69.998	
27	10.000	-69.998	
27	10.100	-69.998	
27	10.200	-69.998	
27	10.300	-69.998	
27	10.400	-69.998	
27	10.500	-69.998	
27	10.600	-69.998	
27	10.700	-69.998	
27	10.800	-69.998	
27	10.900	-69.998	
27	11.000	-69.998	
27	11.100	-69.998	
27	11.200	-69.998	
27	11.300	-69.998	
27	11.400	-69.998	
27	11.500	-69.998	
27	11.600	-69.998	
27	11.700	-69.998	
27	11.800	-69.998	
27	11.900	-69.998	
27	12.000	-69.998	
27	12.100	-69.998	
27	12.200	-69.998	
27	12.300	-69.998	
27	12.400	-69.998	
27	12.500	-69.998	
27	12.600	-69.998	
27	12.700	-69.998	
27	12.800	-69.998	
27	12.900	-69.998	
27	13.000	-69.998	
27	13.100	-69.998	
27	13.200	-69.998	
27	13.300	-69.998	
27	13.400	-69.998	
27	13.500	-69.998	
27	13.600	-69.998	
27	13.700	-69.998	
27	13.800	-69.998	
27	13.900	-69.998	
27	14.000	-69.998	
27	14.100	-69.998	
27	14.200	-69.998	
27	14.300	-69.998	
27	14.400	-69.998	
27	14.500	-69.998	
27	14.600	-69.998	
27	14.700	-69.998	
27	14.800	-69.998	
27	14.900	-69.998	
27	15.000	-69.998	
27	15.100	-69.998	
27	15.200	-69.998	
27	15.300	-69.998	
27	15.400	-69.998	
27	15.500	-69.998	
27	15.600	-69.998	
27	15.700	-69.998	
27	15.800	-69.998	
27	15.900	-69.998	
27	16.000	-69.998	
27	16.100	-69.998	
27	16.200	-69.998	
27	16.300	-69.998	
27	16.400	-69.998	
27	16.500	-69.998	
27	16.600	-69.998	
27	16.700	-69.998	
27	16.800	-69.998	
27	16.900	-69.998	
27	17.000	-69.998	
27	17.100	-69.998	
27	17.200	-69.998	
27	17.300	-69.998	
27	17.400	-69.998	
27	17.500	-69.998	
27	17.600	-69.998	
27	17.700	-69.998	
27	17.800	-69.998	
27	17.900	-69.998	
27	18.000	-69.998	
27	18.100	-69.998	
27	18.200	-69.998	
27	18.300	-69.998	
27	18.400	-69.998	
27	18.500	-69.998	
27	18.600	-69.998	
27	18.700	-69.998	
27	18.800	-69.998	
27	18.900	-69.998	
27	19.000	-69.998	
27	19.100	-69.998	
27	19.200	-69.998	
27	19.300	-69.998	
27	19.400	-69.998	
27	19.500	-69.998	
27	19.600	-69.998	
27	19.700	-69.998	
27	19.800	-69.998	
27	19.900	-69.998	
27	20.000	-69.998	
27	20.100	-69.998	
27	20.200	-69.998	
27	20.300	-69.998	
27	20.400	-69.998	
27	20.500	-69.998	
27	20.600	-69.998	
27	20.700	-69.998	
27	20.800	-69.998	
27	20.900	-69.998	
27	21.000	-69.998	
27	21.100	-69.998	
27	21.200	-69.998	
27	21.300	-69.998	
27	21.400	-69.998	
27	21.500	-69.998	
27	21.600	-69.998	
27	21.700	-69.998	
27	21.800	-69.998	
27	21.900	-69.998	
27	22.000	-69.998	
27	22.100	-69.998	
27	22.200	-69.998	
27	22.300	-69.998	
27	22.400	-69.998	
27	22.500	-69.998	
27	22.600	-69.998	
27	22.700	-69.998	
27	22.800	-69.998	
27	22.900	-69.998	
27	23.000	-69.998	
27	23.100	-69.998	
27	23.200	-69.998	
27	23.300	-69.998	
27	23.400	-69.998	
27	23.500	-69.998	
27	23.600	-69.998	
27	23.700	-69.998	
27	23.800	-69.998	
27	23.900	-69.998	
27	24.000	-69.998	
27	24.100	-69.998	
27	24.200	-69.998	
27	24.300	-69.998	
27	24.400	-69.998	
27	24.500	-69.998	
27	24.600	-69.998	
27	24.700	-69.998	
27	24.800	-69.998	
27	24.900	-69.998	
27	25.000	-69.998	
27	25.100	-69.998	
27	25.200	-69.998	
27	25.300	-69.998	
27	25.400	-69.998	
27	25.500	-69.998	
27	25.600	-69.998	
27	25.700	-69.998	
27	25.800	-69.998	
27	25.900	-69.998	
27	26.000	-69.998	
27	26.100	-69.998	
27	26.200	-69.998	
27	26.300	-69.998	
27	26.400	-69.998	
27	26.500	-69.998	
27	26.600	-69.998	
27	26.700	-69.998	
27	26.800	-69.998	
27	26.900	-69.998	
27	27.000	-69.998	
27	27.100	-69.998	
27	27.200	-69.998	
27	27.300	-69.998	
27	27.400	-69.998	
27	27.500	-69.998	
27	27.600	-69.998	
27	27.700	-69.998	
27	27.800	-69.998	
27	27.900	-69.998	
27	28.000	-69.998	
27	28.100	-69.998	
27	28.200	-69.998	
27	28.300	-69.998	
27	28.400	-69.998	
27	28.500	-69.998	
27	28.600	-69.998	
27	28.700	-69.998	
27	28.800	-69.998	
27	28.900	-69.998	
27	29.000	-69.998	
27	29.100	-69.998	
27	29.200	-69.998	
27	29.300	-69.998	
27	29.400	-69.998	
27	29.500	-69.998	
27	29.600	-69.998	
27	29.700	-69.998	
27	29.800	-69.998	
27	29.900	-69.998	
27	30.000	-69.998	
27	30.100	-69.998	
27	30.200	-69.998	
27	30.300	-69.998	
27	30.400	-69.998	
27	30.500	-69.998	
27	30.600	-69.998	
27	30.700	-69.998	
27	30.800	-69.998	
27	30.900	-69.998	
27	31.000	-69.998	
27	31.100	-69.998	
27	31.200	-69.998	
27	31.300	-69.998	
27	31.400	-69.998	
27	31.500	-69.998	
27	31.600	-69.998	
27	31.700	-69.998	
27	31.800	-69.998	
27	31.900	-69.998	
27	32.000	-69.998	
27	32.100	-69.998	
27	32.200	-69.998	
27	32.300	-69.998	
27	32.400	-69.998	
27	32.500	-69.998	
27	32.600	-69.998	
27	32.700	-69.998	
27	32.800	-69.998	
27	32.900	-69.998	
27	33.000	-69.998	
27	33.100	-69.998	
27	33.200	-69.998	
27	33.300	-69.998	
27	33.400	-69.998	
27	33.500	-69.998	
27	33.600	-69.998	
27	33.700	-69.998	
27	33.800	-69.998	
27	33.900	-69.998	
27	34.000	-69.998	
27	34.100	-69.998	
27	34.200	-69.998	
27	34.300	-69.998	
27	34.400	-69.998	
27	34.500	-69.998	
27	34.600	-69.998	
27	34.700	-69.998	
27	34.800	-69.998	
27	34.900	-69.998	
27	35.000	-69.998	
27	35.100	-69.998	
27	35.200	-69.998	
27	35.300	-69.998	
27	35.400	-69.998	
27	35.500	-69.998	
27	35.600	-69.998	
27	35.700	-69.998	
27	35.800	-69.998	
27	35.900	-69.998	
27	36.000	-69.998	
27	36.100	-69.998	
27	36.200	-69.998	
27	36.300	-69.998	
27	36.400	-69.998	
27	36.500	-69.998	
27	36.600	-69.998	
27	36.700	-69.998	
27	36.800	-69.998	
27	36.900	-69.998	
27	37.000	-69.998	
27	37.100	-69.998	
27	37.200	-69.998	
27	37.300	-69.998	
27	37.400	-69.998	
27	37.500	-69.998	
27	37.600	-69.998	
27	37.700	-69.998	
27	37.800	-69.998	
27	37.900	-69.998	
27	38.000	-69.998	
27	38.100	-69.998	
27	38.200	-69.998	
27	38.300	-69.998	
27	38.400	-69.998	
27	38.500	-69.998	
27	38.600	-69.998	
27	38.700	-69.998	
27	38.800	-69.998	
27	38.900	-69.998	
27	39.000	-69.998	
27	39.100	-69.998	
27	39.200	-69.998	
27	39.300	-69.998	
27	39.400	-69.998	
27	39.500	-69.998	
27	39.600	-69.998	
27	39.700	-69.998	
27	39.800	-69.998	
27	39.900	-69.998	
27	40.000	-69.998	
27	40.100	-69.998	
27	40.200	-69.998	
27	40.300	-69.998	
27	40.400	-69.998	
27	40.500	-69.998	
27	40.600	-69.998	
27	40.700	-69.998	
27	40.800	-69.998	
27	40.900	-69.998	
27	41.000	-69.998	
27	41.100	-69.998	
27	41.200	-69.998	
27	41.300	-69.998	
27	41.400	-69.998	
27	41.500	-69.998	
27	41.600	-69.998	
27	41.700	-69.998	
27	41.800	-69.998	
27	41.900	-69.998	
27	42.000	-69.998	
27	42.100	-69.998	
27	42.200	-69.998	
27	42.300	-69.998	
27	42.400	-69.998	
27	42.500	-69.998	
27	42.600	-69.998	
27	42.700	-69.998	
27	42.800	-69.998	
27	42.900	-69.998	
27	43.000	-69.998	
27	43.100	-69.998	
27	43.200	-69.998	
27	43.300	-69.998	
27	43.400	-69.998	
27	43.500	-69.998	
27	43.600	-69.998	
27	43.700	-69.998	
27	43.800	-69.998	
27	43.900	-69.998	
27	44.000	-69.998	
27	44.100	-69.998	
27	44.200	-69.998	
27	44.300	-69.998	
27	44.400	-69.998	
27	44.500	-69.998	
27	44.600	-69.998	
27	44.700	-69.998	
27	44.800	-69.998	
27	44.900	-69.998	
27	45.000	-69.998	
27	45.100	-69.998	
27	45.200	-69.998	
27	45.300	-69.998	
27	45.400	-69.998	
27	45.500	-69.998	
27	45.600	-69.998	
27	45.700	-69.998	
27	45.800	-69.998	
27	45.900	-69.998	
27	46.000	-69.998	
27	46.100	-69.998	
27	46.200	-69.998	
27	46.300	-69.998	
27	46.400	-69.998	
27	46.500	-69.998	
27	46.600	-69.998	
27	46.700	-69.998	
27	46.800	-69.998	
27	46.900	-69.998	
27	47.000	-69.998	
27	47.100	-69.998	
27	47.200	-69.998	
27	47.300	-69.998	
27	47.400	-69.998	
27	47.500	-69.998	
27	47.600	-69.998	
27	47.700	-69.998	
27	47.800	-69.998	
27	47.900	-69.998	
27	48.000	-69.998	
27	48.100	-69.998	
27	48.200	-69.998	
27	48.300	-69.998	
27	48.400	-69.998	
27	48.500	-69.998	
27	48.600	-69.998	
27	48.700	-69.998	
27	48.800	-69.998	
27	48.900	-69.998	
27	49.000	-69.998	
27	49.100	-69.998	
27	49.200	-69.998	
27	49.300	-69.998	
27	49.400	-69.998	
27	49.500	-69.998	
27	49.600	-69.998	
27	49.700	-69.998	
27	49.800	-69.998	
27	49.900	-69.998	
27	50.000	-69.998	
27	50.100	-69.998	
27	50.200	-69.998	
27	50.300	-69.998	
27	50.400	-69.998	
27	50.500	-69.998	
27	50.600	-69.998	
27	50.700	-69.998	
27	50.800	-69.998	
27	50.900	-69.998	
27	51.000	-69.998	
27	51.100	-69.998	
27	51.200	-69.998	
27	51.300	-69.998	
27	51.400	-69.998	
27	51.500	-69.998	
27	51.600	-69.998	
27	51.700	-69.998	
27	51.800	-69.998	
27	51.900	-69.998	
27	52.000	-69.998	
27	52.100	-69.998	
27	52.200	-69.998	
27	52.300	-69.998	
27	52.400	-69.998	
27	52.500	-69.998	
27	52.600	-69.998	
27	52.700	-69.998	
27	52.800	-69.998	
27	52.900	-69.998	
27	53.000	-69.998	
27	53.100	-69.998	
27	53.200	-69.998	
27	53.300	-69.998	
27	53.400	-69.998	
27	53.500	-69.998	
27	53.600	-69.998	
27	53.700	-69.998	
27	53.800	-69.998	
27	53.900	-69.998	
27	54.000	-69.998	
27	54.100	-69.998	
27	54.200	-69.998	
27	54.300	-69.998	
27	54.400	-69.998	
27	54.500	-69.998	
27	54.600	-69.998	
27	54.700	-69.998	
27	54.800	-69.998	
27	54.900	-69.998	
27	55.000	-69.998	
27	55.100	-69.998	
27	55.200	-69.998	
27	55.300	-69.998	
27	55.400	-69.998	
27	55.500	-69.998	
27	55.600	-69.998	
27	55.700	-69.998	
27	55.800	-69.998	
27	55.900	-69.998	
27	56.000	-69.998	
27	56.100	-69.998	
27	56.200	-69.998	
27	56.300	-69.998	
27	56.400	-69.998	
27	56.500	-69.998	
27	56.600	-69.998	
27	56.700	-69.998	
27	56.800	-69.998	
27	56.900	-69.998	
27	57.000	-69.998	
27	57.100	-69.998	
27	57.200	-69.998	
27	57.300	-69.998	
27	57.400	-69.998	
27	57.500	-69.998	
27	57.600	-69.998	
27	57.700	-69.998	
27	57.800	-69.998	
27	57.900	-69.998	
27	58.000	-69.998	
27	58.100	-69.998	
27	58.200	-69.998	
27	58.300	-69.998	
27	58.400	-69.998	
27	58.500	-69.998	
27	58.600	-69.998	
27	58.700	-69.998	
27	58.800	-69.998	
27	58.900	-69.998	
27	59.000	-69.998	
27	59.100	-69.998	
27	59.200	-69.998	
27	59.300	-69.998	
27	59.400	-69.998	
27	59.500	-69.998	
27	59.600	-69.998	
27	59.700	-69.998	
27	59.800	-69.998	
27	59.900	-69.998	
27	60.000	-69.998	
27	60.100	-69.998	
27	60.200	-69.998	
27	60.300	-69.998	
27	60.400	-69.998	
27	60.500	-69.998	
27	60.600	-69.998	
27	60.700	-69.998	
27	60.800	-69.998	
27	60.900	-69.998	
27	61.000	-69.998	
27	61.100	-69.998	
27	61.200	-69.998	
27	61.300	-69.998	
27	61.400	-69.998	
27	61.500	-69.998	
27	61.600	-69.998	
27	61.700	-69.998	
27	61.800	-69.998	
27	61.900	-69.998	
27	62.000	-69.998	
27	62.100	-69.998	
27	62.200	-69.998	
27	62.300	-69.998	
27	62.400	-69.998	
27	62.500	-69.998	
27	62.600	-69.998	
27	62.700	-69.998	
27	62.800	-69.998	
27	62.900	-69.998	
27	63.000	-69.998	
27	63.100	-69.998	
27	63.200	-69.998	
27	63.300	-69.998	
27	63.400	-69.998	
27	63.500	-69.998	
27	63.600	-69.998	
27	63.700	-69.998	
27	63.800	-69.998	
27	63.900	-69.998	
27	64.000	-69.998	
27	64.100	-69.998	
27	64.200	-69.998	
27	64.300	-69.998	
27	64.400	-69.998	
27	64.500	-69.998	
27	64.600	-69.998	
27	64.700	-69.998	
27	64.800	-69.998	
27	64.900	-69.998	
27	65.000	-69.998	
27	65.100	-69.998	
27	65.200	-69.998	
27	65.300	-69.998	
27	65.400	-69.998	
27	65.500	-69.998	
27	65.600	-69.998	
27	65.700	-69.998	
27	65.800	-69.998	
27	65.900	-69.998	
27	66.000	-69.998	
27	66.100	-69.998	
27	66.200	-69.998	
27	66.300	-69.998	
27	66.400	-69.998	
27	66.500	-69.998	
27	66.600	-69.998	
27	66.700	-69.998	
27	66.800	-69.998	
27	66.900	-69.998	
27	67.000	-69.998	
27	67.100	-69.998	
27	67.200	-69.998	
27	67.300	-69.998	
27	67.400	-69.998	
27	67.500	-69.998	
27	67.600	-69.998	
27	67.700	-69.998	
27	67.800	-69.998	
27	67.900	-69.998	
27	68.000	-69.998	
27	68.100	-69.998	
27	68.200	-69.998	
27	68.300	-69.998	
27	68.400	-69.998	
27	68.500	-69.998	
27	68.600	-69.998	
27	68.700	-69.998	
27	68.800	-69.998	
27	68.900	-69.998	
27	69.000	-69.998	
27	69.100	-69.998	
27	69.200	-69.998	
27	69.300	-69.998	
27	69.400	-69.998	
27	69.500	-69.998	
27	69.600	-69.998	
27	69.700	-69.998	
27	69.800	-69.998	
27	69.900	-69.998	
27	70.000	-69.998	
27	70.100	-69.998	
27	70.200	-69.998	
27	70.300	-69.998	
27	70.400	-69.998	
27	70.500	-69.998	
27	70.600	-69.998	
27	70.700	-69.998	
27	70.800	-69.998	
27	70.900	-69.998	
27	71.000	-69.998	
27	71.100	-69.998	
27	71.200	-69.998	
27	71.300	-69.998	
27	71.400	-69.998	
27	71.500	-69.998	
27	71.600	-69.998	
27	71.700	-69.998	
27	71.800	-69.998	
27	71.900	-69.998	
27	72.000	-69.998	
27	72.100	-69.998	
27	72.200	-69.998	
27	72.300	-69.998	
27	72.400	-69.998	
27	72.500	-69.998	
27	72.600	-69.998	
27	72.700	-69.998	
27	72.800	-69.998	
27	72.900	-69.998	
27	73.000	-69.998	
27	73.100	-69.998	
27	73.200	-69.998	
27	73.300	-69.998	
27	73.400	-69.998	
27	73.500	-69.998	
27	73.600	-69.998	
27	73.700	-69.998	
27	73.800	-69.998	
27	73.900	-69.998	
27	74.000	-69.998	
27	74.100	-69.998	
27	74.200	-69.998	
27	74.300	-69.998	
27	74.400	-69.998	
27	74.500	-69.998	
27	74.600	-69.998	
27	74.700	-69.998	
27	74.800	-69.998	
27	74.900	-69.998	
27	75.000	-69.998	
27	75.100	-69.998	
27	75.200	-69.998	
27	75.300	-69.998	
27	75.400	-69.998	
27	75.500	-69.998	
27	75.600	-69.998	
27	75.700	-69.998	
27	75.800	-69.998	
27	75.900	-69.998	
27	76.000	-69.998	
27	76.100	-69.998	
27	76.200	-69.998	
27	76.300	-69.998	
27	76.400	-69.998	
27	76.500	-69.998	
27	76.600	-69.998	
27	76.700	-69.998	
27	76.800	-69.998	
27	76.900	-69.998	
27	77.000	-69.998	
27	77.100	-69.998	
27	77.200	-69.998	
27	77.300	-69.998	
27	77.400	-69.998	
27	77.500	-69.998	
27	77.600	-69.998	
27	77.700	-69.998	
27	77.800	-69.998	
27	77.900	-69.998	
27	78.000	-69.998	
27	78.100	-69.998	
27	78.200	-69.998	
27	78.300	-69.998	
27	78.400	-69.998	
27	78.500	-69.998	
27	78.600	-69.998	
27	78.700	-69.998	
27	78.800	-69.998	
27	78.900	-69.998	
27	79.000	-69.998	
27	79.100	-69.998	
27	79.200	-69.998	
27	79.300	-69.998	
27	79.400	-69.998	
27	79.500	-69.998	
27	79.600	-69.998	
27	79.700	-69.998	
27	79.800	-69.998	
27	79.900	-69.998	
27	80.000	-69.998	
27	80.100	-69.998	
27	80.200	-69.998	
27	80.300	-69.998	
27	80.400	-69.998	
27	80.500	-69.998	
27	80.600	-69.998	
27	80.700	-69.998	
27	80.800	-69.998	
27	80.900	-69.998	
27	81.000	-69.998	
27	81.100	-69.998	
27	81.200	-69.998	
27	81.300	-69.998	
27	81.400	-69.998	
27	81.500	-69.998	
27	81.600	-69.998	
27	81.700	-69.998	
27	81.800	-69.998	
27	81.900	-69.998	
27	82.000	-69.998	
27	82.100	-69.998	
27	82.200	-69.998	
27	82.300	-69.998	
27	82.400	-69.998	
27	82.500	-69.998	
27	82.600	-69.998	
27	82.700	-69.998	
27	82.800	-69.998	
27	82.900	-69.998	
27	83.000	-69.998	
27	83.100	-69.998	
27	83.200	-69.998	
27	83.300	-69.998	
27	83.400	-69.998	
27	83.500	-69.998	
27	83.600	-69.998	
27	83.700	-69.998	
27	83.800	-69.998	
27	83.900	-69.998	
27	84.000	-69.998	
27	84.100	-69.998	
27	84.200	-69.998	
27	84.300	-69.998	
27	84.400	-69.998	
27	84.500	-69.998	
27	84.600	-69.998	
27	84.700	-69.998	
27	84.800	-69.998	
27	84.900	-69.998	
27	85.000	-69.998	
27	85.100	-69.998	
27	85.200	-69.998	
27	85.300	-69.998	
27	85.400	-69.998	
27	85.500	-69.998	
27	85.600	-69.998	
27	85.700	-69.998	
27	85.800	-69.998	
27	85.900	-69.998	
27	86.000	-69.998	
27	86.100	-69.998	
27	86.200	-69.998	
27	86.300	-69.998	
27	86.400	-69.998	
27	86.500	-69.998	
27	86.600	-69.998	
27	86.700	-69.998	
27	86.800	-69.998	
27	86.900	-69.998	
27	87.000	-69.998	
27	87.100	-69.998	
27	87.200	-69.998	
27	87.300	-69.998	
27	87.400	-69.998	
27	87.500	-69.998	
27	87.600	-69.998	
27	87.700	-69.998	
27	87.800	-69.998	
27	87.900	-69.998	
27	88.000	-69.998	
27	88.100	-69.998	
27	88.200	-69.998	
27	88.300	-69.998	
27	88.400	-69.998	
27	88.500	-69.998	
27	88.600	-69.998	
27	88.700	-69.998	
27	88.800	-69.998	
27	88.900	-69.998	
27	89.000	-69.998	
27	89.100	-69.998	
27	89.200	-69.998	
27	89.300	-69.998	
27	89.400	-69.998	
27	89.500	-69.998	
27	89.600	-69.998	
27	89.700	-69.998	
27	89.800	-69.998	
27	89.900	-69.998	
27	90.000	-69.998	
27	90.100	-69.998	
27	90.200	-69.998	
27	90.300	-69.998	
27	90.400	-69.998	
27	90.500	-69.998	
27	90.600	-69.998	
27	90.700	-69.998	
27	90.800	-69.998	
27	90.900	-69.998	
27	91.000	-69.998	
27	91.100	-69.998	
27	91.200	-69.998	
27	91.300	-69.998	
27	91.400	-69.998	
27	91.500	-69.998	
27	91.600	-69.998	
27	91.700	-69.998	
27	91.800	-69.998	
27	91.900	-69.998	
27	92.000	-69.998	
27	92.100	-69.998	
27	92.200	-69.998	
27	92.300	-69.998	
27	92.400	-69.998	
27	92.500	-69.998	
27	92.600	-69.998	
27	92.700	-69.998	
27	92.800	-69.998	
27	92.900	-69.998	
27	93.000	-69.998	
27	93.100	-69.998	
27	93.200	-69.998	
27	93.300	-69.998	
27	93.400	-69.998	
27	93.500	-69.998	
27	93.600	-69.998	
27	93.700	-69.998	
27	93.800	-69.998	
27	93.900	-69.998	
27	94.000	-69.998	
27	94.100	-69.998	
27	94.200	-69.998	
27	94.300	-69.998	
27	94.400	-69.998	
27	94.500	-69.998	
27	94.600	-69.998	
27	94.700	-69.998	
27	94.800	-69.998	
27	94.900	-69.998	
27	95.000	-69.998	
27	95.100	-69.998	
27	95.200	-69.998	
27	95.300	-69.998	
27	95.400	-69.998	
27	95.500	-69.998	
27	95.600	-69.998	
27	95.700	-69.998	
27	95.800	-69.998	
27	95.900	-69.998	
27	96.000	-69.998	
27	96.100	-69.998	
27	96.200	-69.998	
27	96.300	-69.998	
27	96.400	-69.998	
27	96.500	-69.998	
27	96.600	-69.998	
27	96.700	-69.998	
27	96.800	-69.998	
27	96.900	-69.998	
27	97.000	-69.998	
27	97.100	-69.998	
27	97.200	-69.998	
27	97.300	-69.998	
27	97.400	-69.998	
27	97.500	-69.998	
27	97.600	-69.998	
27	97.700	-69.998	
27	97.800	-69.998	
27	97.900	-69.998	
27	98.000	-69.998	
27	98.100	-69.998	
27	98.200	-69.998	
27	98.300	-69.998	
27	98.400	-69.998	
27	98.500	-69.998	
27	98.600	-69.998	
27	98.700	-69.998	
27	98.800	-69.998	
27	98.900	-69.998	
27	99.000	-69.998	
27	99.100	-69.998	
27	99.200	-69.998	
27	99.300	-69.998	
27	99.400	-69.998	
27	99.500	-69.998	
27	99.600	-69.998	
27	99.700	-69.998	
27	99.800	-69.998	
27	99.900	-69.998	
27	100.000	-69.998	
27	100.100	-69.998	
27	100.200	-69.998	
27	100.300	-69.998	
27	100.400	-69.998	
27	100.500	-69.998	
27	100.600	-69.998	
27	100.700	-69.998	
27	100.800	-69.998	
27	100.900	-69.998	
27	101.000	-69.998	
27	101.100	-69.998	
27	101.200	-69.998	
27	101.300	-69.998	
27	101.400	-69.998	
27	101.500	-69.998	
27	101.600	-69.998	
27	101.700	-69.998	
27	101.800	-69.998	
27	101.900	-69.998	
27	102.000	-69.998	
27	102.100	-69.998	
27	102.200	-69.998	
27	102.300	-69.998	
27	102.400	-69.998	
27	102.500	-69.998	
27	102.600	-69.998	
27	102.700	-69.998	
27	102.800	-69.998	
27	102.900	-69.998	
27	103.000	-69.998	
27	103.100	-69.998	
27	103.200	-69.998	
27	103.300	-69.998	
27	103.400	-69.998	
27	103.500	-69.998	
27	103.600	-69.998	
27	103.700	-69.998	
27	103.800	-69.998	
27	103.900	-69.998	
27	104.000	-69.998	
27	104.100	-69.998	
27	104.200	-69.998	
27	104.300	-69.998	
27	104.400	-69.998	
27	104.500	-69.998	
27	104.600	-69.998	
27	104.700	-69.998	
27	104.800	-69.998	
27	104.900	-69.998	
27	105.000	-69.998	
27	105.100	-69.998	
27	105.200	-69.998	
27	105.300	-69.998	
27	105.400	-69.998	
27	105.500	-69.998	
27	105.600	-69.998	
27	105.700	-69.998	
27	105.800	-69.998	
27	105.900	-69.998	
27	106.000	-69.998	
27	106.100	-69.998	
27	106.200	-69.998	
27	106.300	-69.998	
27	106.400	-69.998	
27	106.500	-69.998	
27	106.600	-69.998	
27	106.700	-69.998	
27	106.800	-69.998	
27	106.900	-69.998	
27	107.000	-69.998	
27	107.100	-69.998	
27	107.200	-69.998	
27	107.300	-69.998	
27	107.400	-69.998	
27	107.500	-69.998	
27	107.600	-69.998	
27	107.700	-69.998	
27	107.800	-69.998	
27	107.900	-69.998	
27	108.000	-69.998	
27	108.100	-69.998	
27	108.200	-69.998	
27	108.300	-69.998	
27	108.400	-69.998	
27	108.500	-69.998	
27	108.600	-69.998	
27	108.700	-69.998	
27	108.800	-69.998	
27	108.900	-69.998	
27	109.000	-69.998	
27	109.100	-69.998	
27	109.200	-69.998	
27	109.300	-69.998	
27	109.400	-69.998	
27	109.500	-69.998	
27	109.600	-69.998	
27	109.700	-69.998	
27	109.800	-69.998	
27	109.900	-69.998	
27	110.000	-69.998	
27	110.100	-69.998	
27	110.200	-69.998	
27	110.300	-69.998	
27	110.400	-69.998	
27	110.500	-69.998	
27	110.600	-69.998	
27	110.700	-69.998	
27	110.800	-69.998	
27	110.900	-69.998	
27	111.000	-69.998	
27	111.100	-69.998	
27	111.200	-69.998	
27	111.300	-69.998	
27	111.400	-69.998	
27	111.500	-69.998	
27	111.600	-69.998	
27	111.700	-69.998	
27	111.800	-69.998	
27	111.900	-69.998	
27	112.000	-69.998	
27	112.100	-69.998	
27	112.200	-69.998	
27	112.300	-69.998	
27	112.400	-69.998	
27	112.500	-69.998	
27	112.600	-69.998	
27	112.700	-69.998	
27	112.800	-69.998	
27	112.900	-69.998	
27	113.000	-69.998	
27	113.100	-69.998	
27	113.200	-69.998	
27	113.300	-69.998	
27	113.400	-69.998	
27	113.500	-69.998	
27	113.600	-69.998	
27	113.700	-69.998	
27	113.800	-69.998	
27	113.900	-69.998	
27	114.000	-69.998	
27	114.100	-69.998	
27	114.200	-69.998	
27	114.300	-69.998	
27	114.400	-69.998	
27	114.500	-69.998	
27	114.600	-69.998	
27	114.700	-69.998	
27	114.800	-69.998	
27	114.900	-69.998	
27	115.000	-69.998	
27	115.100	-69.998	
27	115.200	-69.998	
27	115.300	-69.998	
27	115.400	-69.998	
27	115.500	-69.998	
27	115.600	-69.998	
27	115.700	-69.998	
27	115.800	-69.998	
27	115.900	-69.998	
27	116.000	-69.998	
27	116.100	-69.998	
27	116.200	-69.998	
27	116.300	-69.998	
27	116.400	-69.998	
27	116.500	-69.998	
27	116.600	-69.998	
27	116.700	-69.998	
27	116.800	-69.998	
27	116.900	-69.998	
27	117.000	-69.998	
27	117.100	-69.998	
27	117.200	-69.998	
27	117.300	-69.998	
27	117.400	-69.998	
27	117.500	-69.998	
27	117.600	-69.998	
27	117.700	-69.998	
27	117.800	-69.998	
27	117.900	-69.998	
27	118.000	-69.998	
27	118.100	-69.998	
27	118.200	-69.998	
27	118.300	-69.998	
27	118.400	-69.998	
27	118.500	-69.998	
27	118.600	-69.998	
27	118.700	-69.998	
27	118.800	-69.998	
27	118.900	-69.998	
27	119.000	-69.998	
27	119.100	-69.998	
27	119.200	-69.998	
27	119.300	-69.998	
27	119.400	-69.998	
27	119.500	-69.998	
27	119.600	-69.998	
27	119.700	-69.998	
27	119.800	-69.998	
27	119.900	-69.998	
27	120.000	-69.998	
27	120.100	-69.998	
27	120.200	-69.998	
27	120.300	-69.998	
27	120.400	-69.998	
27	120.500	-69.998	
27	120.600	-69.998	
27	120.700	-69.998	
27	120.800	-69.998	
27	120.900	-69.998	
27	121.000	-69.998	
27	121.100	-69.998	
27	121.200	-69.998	
27	121.300	-69.998	
27	121.400	-69.998	
27	121.500	-69.998	
27	121.600	-69.998	
27	121.700	-69.998	
27	121.800	-69.998	
27	121.900	-69.998	
27	122.000	-69.998	
27	122.100	-69.998	
27	122.200	-69.998	
27	122.300	-69.998	
27	122.400	-69.998	
27	122.500	-69.998	
27	122.600	-69.998	
27	122.700	-69.998	
27	122.800	-69.998	
27	122.900	-69.998	
27	123.000	-69.998	
27	123.100	-69.998	
27	123.200	-69.998	
27	123.300	-69.998	
27	123.400	-69.998	
27	123.500	-69.998	
27	123.600	-69.998	
27	123.700	-69.998	
27	123.800	-69.998	
27	123.900	-69.998	
27	124.000	-69.998	
27	124.100	-69.998	
27	124.200	-69.998	
27	124.300	-69.998	
27	124.400	-69.998	
27	124.500	-69.998	
27	124.600	-69.998	
27	124.700	-69.998	
27	124.800	-69.998	
27	124.900	-69.998	
27	125.000	-69.998	
27	125.100	-69.998	
27	125.200	-69.998	
27	125.300	-69.998	
27	125.400	-69.998	
27	125.500	-69.998	
27	125.600	-69.998	
27	125.700	-69.998	
27	125.800	-69.998	
27	125.900	-69.998	
27	126.000	-69.998	
27	126.100	-69.998	
27	126.200	-69.998	
27	126.300	-69.998	
27	126.400	-69.998	
27	126.500	-69.998	
27	126.600	-69.998	
27	126.700	-69.998	
27	126.800	-69.998	
27	126.900	-69.998	
27	127.000	-69.998	
27	127.100	-69.998	
27	127.200	-69.998	
27	127.300	-69.998	
27	127.400	-69.998	
27	127.500	-69.998	
27	127.600	-69.998	
27	127.700	-69.998	
27	127.800	-69.998	
27	127.900	-69.998	
27	128.000	-69.998	
27	128.100	-69.998	
27	128.200	-69.998	
27	128.300	-69.998	
27	128.400	-69.998	
27	128.500	-69.998	
27	128.600	-69.998	
27	128.700	-69.998	
27	128.800	-69.998	
27	128.900	-69.998	
27	129.000	-69.998	
27	129.100	-69.998	
27	129.200	-69.998	
27	129.300	-69.998	
27	129.400	-69.998	
27	129.500	-69.998	
27	129.600	-69.998	
27	129.700	-69.998	
27	129.800	-69.998	
27	129.900	-69.998	
27	130.000	-69.998	
27	130.100	-69.998	
27	130.200	-69.998	
27	130.300	-69.998	
27	130.400	-69.998	
27	130.500	-69.998	
27	130.600	-69.998	
27	130.700	-69.998	
27	130.800	-69.998	
27	130.900	-69.998	
27	131.000	-69.998	
27	131.100	-69.998	
27	131.200	-69.998	
27	131.300	-69.998	
27	131.400	-69.998	
27	131.500	-69.998	
27	131.600	-69.998	
27	131.700	-69.998	
27	131.800	-69.998	
27	131.900	-69.998	
27	132.000	-69.998	
27	132.100	-69.998	
27	132.200	-69.998	
27	132.300	-69.998	
27	132.400	-69.998	
27	132.500	-69.998	
27	132.600	-69.998	
27	132.700	-69.998	
27	132.800	-69.998	
27	132.900	-69.998	
27	133.000	-69.998	
27	133.100	-69.998	
27	133.200	-69.998	
27	133.300	-69.998	
27	133.400	-69.998	
27	133.500	-69.998	
27	133.600	-69.998	
27	133.700	-69.998	
27	133.800	-69.998	
27	133.900	-69.998	
27	134.000	-69.998	
27	134.100	-69.998	
27	134.200	-69.998	
27	134.300	-69.998	
27	134.400	-69.998	
27	134.500	-69.998	
27	134.600	-69.998	
27	134.700	-69.998	
27	134.800	-69.998	
27	134.900	-69.998	
27	135.000	-69.998	
27	135.100	-69.998	
27	135.200	-69.998	
27	135.300	-69.998	
27	135.400	-69.998	
27	135.500	-69.998	
27	135.600	-69.998	
27	135.700	-69.998	
27	135.800	-69.998	
27	135.900	-69.998	
27	136.000	-69.998	
27	136.100	-69.998	
27	136.200	-69.998	
27	136.300	-69.998	
27	136.400	-69.998	
27	136.500	-69.998	
27	136.600	-69.998	
27	136.700	-69.998	
27	136.800	-69.998	
27	136.900	-69.998	
27	137.000	-69.998	
27	137.100	-69.998	
27	137.200	-69.998	
27	137.300	-69.998	
27	137.400	-69.998	
27	137.500	-69.998	
27	137.600	-69.998	
27	137.700	-69.998	
27	137.800	-69.998	
27	137.900	-69.998	
27	138.000	-69.998	
27	138.100	-69.998	
27	138.200	-69.998	
27	138.300	-69.998	
27	138.400	-69.998	
27	138.500	-69.998	
27	138.600	-69.998	
27	138.700	-69.998	
27	138.800	-69.998	
27	138.900	-69.998	
27	139.000	-69.998	
27	139.100	-69.998	
27	139.200	-69.998	
27	139.300	-69.998	
27	139.400	-69.998	
27	139.500	-69.998	
27	139.600	-69.998	
27	139.700	-69.998	
27	139.800	-69.998	
27	139.900	-69.998	
27	140.000	-69.998	
27	140.100	-69.998	
27	140.200	-69.998	
27	140.300	-69.998	
27	140.400	-69.998	
27	140.500	-69.998	
27	140.600	-69.998	
27	140.700	-69.998	
27	140.800	-69.998	
27	140.900	-69.998	
27	141.000	-69.998	
27	141.100	-69.998	
27	141.200	-69.998	
27	141.300	-69.998	
27	141.400	-69.998	
27	141.500	-69.998	
27	141.600	-69.998	
27	141.700	-69.998	
27	141.800	-69.998	
27	141.900	-69.998	
27	142.000	-69.998	
27	142.100	-69.998	
27	142.200	-69.998	
27	142.300	-69.998	
27	142.400	-69.998	
27	142.500	-69.998	
27	142.600	-69.998	
27	142.700	-69.998	
27	142.800	-69.998	
27	142.900	-69.998	
27	143.000	-69.998	
27	143.100	-69.998	
27	143.200	-69.998	
27	143.300	-69.998	
27	143.400	-69.998	
27	143.500	-69.998	
27	143.600	-69.998	
27	143.700	-69.998	
27	143.800	-69.998	
27	143.900	-69.998	
27	144.000	-69.998	
27	144.100	-69.998	
27	144.200	-69.998	
27	144.300	-69.998	
27	144.400	-69.998	
27	144.500	-69.998	
27	144.600	-69.998	
27	144.700	-69.998	
27	144.800	-69.998	
27	144.900	-69.998	
27	145.000	-69.998	
27	145.100	-69.998	
27	145.200	-69.998	
27	145.300	-69.998	
27	145.400	-69.998	
27	145.500	-69.998	
27	145.600	-69.998	
27	145.700	-69.998	
27	145.800	-69.998	
27	145.900	-69.998	
27	146.000	-69.998	
27	146.100	-69.998	
27	146.200	-69.998	
27	146.300	-69.998	
27	146.400	-69.998	
27	146.500	-69.998	
27	146.600	-69.998	
27	146.700	-69.998	
27	146.800	-69.998	
27	146.900	-69.998	
27	147.000	-69.998	
27	147.100	-69.998	
27	147.200	-69.998	
27	147.300	-69.998	
27	147.400	-69.998	
27	147.500	-69.998	
27	147.600	-69.998	
27	147.700	-69.998	
27	147.800	-69.998	
27	147.900	-69.998	
27	148.000	-69.998	
27	148.100	-69.998	
27	148.200	-69.998	
27	148.300	-69.998	
27	148.400	-69.998	
27	148.500	-69.998	
27	148.600	-69.998	
27	148.700	-69.998	
27	148.800	-69.998	
27	148.900	-69.998	
27	149.000	-69.998	
27	149.100	-69.998	
27	149.200	-69.998	
27	149.300	-69.998	
27	149.400	-69.998	
27	149.500	-69.998	
27	149.600	-69.998	
27	149.700	-69.998	
27	149.800	-69.998	
27	149.900	-69.998	
27	150.000	-69.998	
27	150.100	-69.998	
27	150.200	-69.998	
27	150.300	-69.998	
27	150.400	-69.998	
27	150.500	-69.998	
27	150.600	-69.998	
27	150.700	-69.998	
27	150.800	-69.998	
27	150.900	-69.998	
27	151.000	-69.998	
27	151.100	-69.998	
27	151.200	-69.998	
27	151.300	-69.998	
27	151.400	-69.998	
27	151.500	-69.998	
27	151.600	-69.998	
27	151.700	-69.998	
27	151.800	-69.998	
27	151.900	-69.998	
27	152.000	-69.998	
27	152.100	-69.998	
27	152.200	-69.998	
27	152.300	-69.998	
27	152.400	-69.998	
27	152.500	-69.998	
27	152.600	-69.998	
27	152.700	-69.998	
27	152.800	-69.998	
27	152.900	-69.998	
27	153.000	-69.998	
27	153.100	-69.998	
27	153.200	-69.998	
27	153.300	-69.998	
27	153.400	-69.998	
27	153.500	-69.998	
27	153.600	-69.998	
27	153.700	-69.998	
27	153.800	-69.998	
27	153.900	-69.998	
27	154.000	-69.998	
27	154.100	-69.998	
27	154.200	-69.998	
27	154.300	-69.998	
27	154.400	-69.998	
27	154.500	-69.998	
27	154.600	-69.998	
27	154.700	-69.998	
27	154.800	-69.998	
27	154.900	-69.998	
27	155.000	-69.998	
27	155.100	-69.998	
27	155.200	-69.998	
27	155.300	-69.998	
27	155.400	-69.998	
27	155.500	-69.998	
27	155.600	-69.998	
27	155.700	-69.998	
27	155.800	-69.998	
27	155.900	-69.998	
27	156.000	-69.998	
27	156.100	-69.998	
27	156.200	-69.998	
27	156.300	-69.998	
27	156.400	-69.998	
27	156.500	-69.998	
27	156.600	-69.998	
27	156.700	-69.998	
27	156.800	-69.998	
27	156.900	-69.998	
27	157.000	-69.998	
27	157.100	-69.998	
27	157.200	-69.998	
27	157.300	-69.998	
27	157.400	-69.998	
27	157.500	-69.998	
27	157.600	-69.998	
27	157.700	-69.998	
27	157.800	-69.998	
27	157.900	-69.998	
27	158.000	-69.998	
27	158.100	-69.998	
27	158.200	-69.998	
27	158.300	-69.998	
27	158.400	-69.998	
27	158.500	-69.998	
27	158.600	-69.998	
27	158.700	-69.998	
27	158.800	-69.998	
27	158.900	-69.998	
27	159.000	-69.998	
27	159.100	-69.998	
27	159.200	-69.998	
27	159.300	-69.998	
27	159.400	-69.998	
27	159.500	-69.998	
27	159.600	-69.998	
27	159.700	-69.998	
27	159.800	-69.998	
27	159.900	-69.998	
27	160.000	-69.998	
27	160.100	-69.998	
27	160.200	-69.998	
27	160.300	-69.998	
27	160.400	-69.998	
27	160.500	-69.998	
27	160.600	-69.998	
27	160.700	-69.998	
27	160.800	-69.998	
27	160.900	-69.998	
27	161.000	-69.998	
27	161.100	-69.998	
27	161.200	-69.998	
27	161.300	-69.998	
27	161.400	-69.998	
27	161.500	-69.998	
27	161.600	-69.998	
27	161.700	-69.998	
27	161.800	-69.998	
27	161.900	-69.998	
27	162.000	-69.998	
27	162.100	-69.998	
27	162.200	-69.998	
27	162.300	-69.998	
27	162.400	-69.998	
27	162.500	-69.998	
27	162.600	-69.998	
27	162.700	-69.998	
27	162.800	-69.998	
27	162.900	-69.998	
27	163.000	-69.998	
27	163.100	-69.998	
27	163.200	-69.998	
27	163.300	-69.998	
27	163.400	-69.998	
27	163.500	-69.998	
27	163.600	-69.998	
27	163.700	-69.998	
27	163.800	-69.998	
27	163.900	-69.998	
27	164.000	-69.998	
27	164.100	-69.998	
27	164.200	-69.998	
27	164.300	-69.998	
27	164.400	-69.998	
27	164.500	-69.998	
27	164.600	-69.998	
27	164.700	-69.998	
27	164.800	-69.998	
27	164.900	-69.998	
27	165.000	-69.998	
27	165.100	-69.998	
27	165.200	-69.998	
27	165.300	-69.998	
27	165.400	-69.998	
27	165.500	-69.998	
27	165.600	-69.998	
27	165.700	-69.998	
27	165.800	-69.998	
27	165.900	-69.998	
27	166.000	-69.998	
27	166.100	-69.998	
27	166.200	-69.998	
27	166.300	-69.998	
27	166.400	-69.998	
27	166.500	-69.998	
27	166.600	-69.998	
27	166.700	-69.998	
27	166.800	-69.998	
27	166.900	-69.998	
27	167.000	-69.998	
27	167.100	-69.998	
27	167.200	-69.998	
27	167.300	-69.998	
27	167.400	-69.998	
27	167.500	-69.998	
27	167.600	-69.998	
27	167.700	-69.998	
27	167.800	-69.998	
27	167.900	-69.998	
27	168.000	-69.998	
27	168.100	-69.998	
27	168.200	-69.998	
27	168.300	-69.998	
27	168.400	-69.998	
27	168.500	-69.998	
27	168.600	-69.998	
27	168.700	-69.998	
27	168.800	-69.998	
27	168.900	-69.998	
27	169.000	-69.998	
27	169.100	-69.998	
27	169.200	-69.998	
27	169.300	-69.998	
27	169.400	-69.998	
27	169.500	-69.998	
27	169.600	-69.998	
27	169.700	-69.998	
27	169.800	-69.998	
27	169.900	-69.998	
27	170.000	-69.998	
27	170.100	-69.998	
27	170.200	-69.998	
27	170.300	-69.998	
27	170.400	-69.998	
27	170.500	-69.998	
27	170.600	-69.998	
27	170.700	-69.998	
27	170.800	-69.998	
27	170.900	-69.998	
27	171.000	-69.998	
27	171.100	-69.998	
27	171.200	-69.998	
27	171.300	-69.998	
27	171.400	-69.998	
27	171.500	-69.998	
27	171.600	-69.998	
27	171.700	-69.998	
27	171.800	-69.998	
27	171.900	-69.998	
27	172.000	-69.998	
27	172.100	-69.998	
27	172.200	-69.998	
27	172.300	-69.998	
27	172.400	-69.998	
27	172.500	-69.998	
27	172.600	-69.998	
27	172.700	-69.998	
27	172.800	-69.998	
27	172.900	-69.998	
27	173.000	-69.998	
27	173.100	-69.998	
27	173.200	-69.998	
27	173.300	-69.998	
27	173.400	-69.998	
27	173.500	-69.998	
27	173.600	-69.998	
27	173.700	-69.998	
27	173.800	-69.998	
27	173.900	-69.998	
27	174.000	-69.998	
27	174.100	-69.998	
27	174.200	-69.998	
27	174.300	-69.998	
27	174.400	-69.998	
27	174.500	-69.998	
27	174.600	-69.998	
27	174.700	-69.998	
27	174.800	-69.998	
27	174.900	-69.998	
27	175.000	-69.998	
27	175.100	-69.998	
27	175.200	-69.998	
27	175.300	-69.998	
27	175.400	-69.998	
27	175.500	-69.998	
27	175.600	-69.998	
27	175.700	-69.998	
27	175.800	-69.998	
27	175.900	-69.998	
27	176.000	-69.998	
27	176.100	-69.998	
27	176.200	-69.998	
27	176.300	-69.998	
27	176.400	-69.998	
27	176.500	-69.998	
27	176.600	-69.998	
27	176.700	-69.998	
27	176.800	-69.998	
27	176.900	-69.998	
27	177.000	-69.998	
27	177.100	-69.998	
27	177.200	-69.998	
27	177.300	-69.998	
27	177.400	-69.998	
27	177.500	-69.998	
27	177.600	-69.998	
27	177.700	-69.998	
27	177.800	-69.998	
27	177.900	-69.998	
27	178.000	-69.998	
27	178.100	-69.998	
27	178.200	-69.998	
27	178.300	-69.998	
27	178.400	-69.998	
27	178.500	-69.998	
27	178.600	-69.998	
27	178.700	-69.998	
27	178.800	-69.998	
27	178.900	-69.998	
27	179.000	-69.998	
27	179.100	-69.998	
27	179.200	-69.998	
27	179.300	-69.998	
27	179.400	-69.998	
27	179.500	-69.998	
27	179.600	-69.998	
27	179.700	-69.998	
27	179.800	-69.998	
27	179.900	-69.998	
27	180.000	-69.998	
27	180.100	-69.998	
27	180.200	-69.998	
27	180.300	-69.998	
27	180.400	-69.998	
27	180.500	-69.998	
27	180.600	-69.998	
27	180.700	-69.998	
27	180.800	-69.998	
27	180.900	-69.998	
27	181.000	-69.998	
27	181.100	-69.998	
27	181.200	-69.998	
27	181.300	-69.998	
27	181.400	-69.998	
27	181.500	-69.998	
27	181.600	-69.998	
27	181.700	-69.998	
27	181.800	-69.998	
27	181.900	-69.998	
27	182.000	-69.998	
27	182.100	-69.998	
27	182.200	-69.998	
27	182.300	-69.998	
27	182.400	-69.998	
27	182.500	-69.998	
27	182.600	-69.998	
27	182.700	-69.998	
27	182.800	-69.998	
27	182.900	-69.998	
27	183.000	-69.998	
27	183.100	-69.998	
27	183.200	-69.998	
27	183.300	-69.998	
27	183.400	-69.998	
27	183.500	-69.998	
27	183.600	-69.998	
27	183.700	-69.998	
27	183.800	-69.998	
27	183.900	-69.998	
27	184.000	-69.998	
27	184.100	-69.998	
27	184.200	-69.998	
27	184.300	-69.998	
27	184.400	-69.998	
27	184.500	-69.998	
27	184.600	-69.998	
27	184.700	-69.998	
27	184.800	-69.998	
27	184.900	-69.998	
27	185.000	-69.998	
27	185.100	-69.998	
27	185.200	-69.998	
27	185.300	-69.998	
27	185.400	-69.998	
27	185.500	-69.998	
27	185.600	-69.998	
27	185.700	-69.998	
27	185.800	-69.998	
27	185.900	-69.998	
27	186.000	-69.998	
27	186.100	-69.998	
27	186.200	-69.998	
27	186.300	-69.998	
27	186.400	-69.998	
27	186.500	-69.998	
27	186.600	-69.998	
27	186.700	-69.998	
27	186.800	-69.998	
27	186.900	-69.998	
27	187.000	-69.998	
27	187.100	-69.998	
27	187.200	-69.998	
27	187.300	-69.998	
27	187.400	-69.998	
27	187.500	-69.998	
27	187.600	-69.998	
27	187.700	-69.998	
27	187.800	-69.998	
27	187.900	-69.998	
27	188.000	-69.998	
27	188.100	-69.998	
27	188.200	-69.998	
27	188.300	-69.998	
27	188.400	-69.998	
27	188.500	-69.998	
27	188.600	-69.998	
27	188.700	-69.998	
27	188.800	-69.998	
27	188.900	-69.998	
27	189.000	-69.998	
27	189.100	-69.998	
27	189.200	-69.998	
27	189.300	-69.998	
27	189.400	-69.998	
27	189.500	-69.998	
27	189.600	-69.998	
27	189.700	-69.998	
27	189.800	-69.998	
27	189.900	-69.998	
27	190.000	-69.998	
27	190.100	-69.998	
27	190.200	-69.998	
27	190.300	-69.998	
27	190.400	-69.998	
27	190.500	-69.998	
27	190.600	-69.998	
27	190.700	-69.998	
27	190.800	-69.998	
27	190.900	-69.998	
27	191.000	-69.998	
27	191.100	-69.998	
27	191.200	-69.998	
27	191.300	-69.998	
27	191.400	-69.998	
27	191.500	-69.998	
27	191.600	-69.998	
27	191.700	-69.998	
27	191.800	-69.998	
27	191.900	-69.998	
27	192.000	-69.998	
27	192.100	-69.998	
27	192.200	-69.998	
27	192.300	-69.998	
27	192.400	-69.998	
27	192.500	-69.998	
27	192.600	-69.998	
27	192.700	-69.998	
27	192.800	-69.998	
27	192.900	-69.998	
27	193.000	-69.998	
27	193.100	-69.998	
27	193.200	-69.998	
27	193.300	-69.998	
27	193.400	-69.998	
27	193.500	-69.998	
27	193.600	-69.998	
27	193.700	-69.998	
27	193.800	-69.998	
27	193.900	-69.998	
27	194.000	-69.998	
27	194.100	-69.998	
27	194.200	-69.998	
27	194.300	-69.998	
27	194.400	-69.998	
27	194.500	-69.998	
27	194.600	-69.998	
27	194.700	-69.998	
27	194.800	-69.998	
27	194.900	-69.998	
27	195.000	-69.998	
27	195.100	-69.998	
27	195.200	-69.998	
27	195.300	-69.998	
27	195.400	-69.998	
27	195.500	-69.998	
27	195.600	-69.998	
27	195.700	-69.998	
27	195.800	-69.998	
27	195.900	-69.998	
27	196.000	-69.998	
27	196.100	-69.998	
27	196.200	-69.998	
27	196.300	-69.998	
27	196.400	-69.998	
27	196.500	-69.998	
27	196.600	-69.998	
27	196.700	-69.998	
27	196.800	-69.998	
27	196.900	-69.998	
27	197.000	-69.998	
27	197.100	-69.998	
27	197.200	-69.998	
27	197.300	-69.998	
27	197.400	-69.998	
27	197.500	-69.998	
27	197.600	-69.998	
27	197.700	-69.998	
27	197.800	-69.998	
27	197.900	-69.998	
27	198.000	-69.998	
27	198.100	-69.998	
27	198.200	-69.998	
27	198.300	-69.998	
27	198.400	-69.998	
27	198.500	-69.998	
27	198.600	-69.998	
27	198.700	-69.998	
27	198.800	-69.998	
27	198.900	-69.998	
27	199.000	-69.998	
27	199.100	-69.998	
27	199.200	-69.998	
27	199.300	-69.998	
27	199.400	-69.998	
27	199.500	-69.998	
27	199.600	-69.998	
27	199.700	-69.998	
27	199.800	-69.998	
27	199.900	-69.998	
27	200.000	-69.998	
27	200.100	-69.998	
27	200.200	-69.998	
27	200.300	-69.998	
27	200.400	-69.998	
27	200.500	-69.998	
27	200.600	-69.998	
27	200.700	-69.998	
27	200.800	-69.998	
27	200.900	-69.998	
27	201.000	-69.998	
27	201.100	-69.998	
27	201.200	-69.998	
27	201.300	-69.998	
27	201.400	-69.998	
27	201.500	-69.998	
27	201.600	-69.998	
27	201.700	-69.998	
27	201.800	-69.998	
27	201.900	-69.998	
27	202.000	-69.998	
27	202.100	-69.998	
27	202.200	-69.998	
27	202.300	-69.998	
27	202.400	-69.998	
27	202.500	-69.998	
27	202.600	-69.998	
27	202.700	-69.998	
27	202.800	-69.998	
27	202.900	-69.998	
27	203.000	-69.998	
27	203.100	-69.998	
27	203.200	-69.998	
27	203.300	-69.998	
27	203.400	-69.998	
27	203.500	-69.998	
27	203.600	-69.998	
27	203.700	-69.998	
27	203.800	-69.998	
27	203.900	-69.998	
27	204.000	-69.998	
27	204.100	-69.998	
27	204.200	-69.998	
27	204.300	-69.998	
27	204.400	-69.998	
27	204.500	-69.998	
27	204.600	-69.998	
27	204.700	-69.998	
27	204.800	-69.998	
27	204.900	-69.998	
27	205.000	-69.998	
27	205.100	-69.998	
27	205.200	-69.998	
27	205.300	-69.998	
27	205.400	-69.998	
27	205.500	-69.998	
27	205.600	-69.998	
27	205.700	-69.998	
27	205.800	-69.998	
27	205.900	-69.998	
27	206.000	-69.998	
27	206.100	-69.998	
27	206.200	-69.998	
27	206.300	-69.998	
27	206.400	-69.998	
27	206.500	-69.998	
27	206.600	-69.998	
27	206.700	-69.998	
27	206.800	-69.998	
27	206.900	-69.998	
27	207.000	-69.998	
27	207.100	-69.998	
27	207.200	-69.998	
27	207.300	-69.998	
27	207.400	-69.998	
27	207.500	-69.998	
27	207.600	-69.998	
27	207.700	-69.998	
27	207.800	-69.998	
27	207.900	-69.998	
27	208.000	-69.998	
27	208.100	-69.998	
27	208.200	-69.998	
27	208.300	-69.998	
27	208.400	-69.998	
27	208.500	-69.998	
27	208.600	-69.998	
27	208.700	-69.998	
27	208.800	-69.998	
27	208.900	-69.998	
27	209.000	-69.998	
27	209.100	-69.998	
27	209.200	-69.998	
27	209.300	-69.998	
27	209.400	-69.998	
27	209.500	-69.998	
27	209.600	-69.998	
27	209.700	-69.998	
27	209.800	-69.998	
27	209.900	-69.998	
27	210.000	-69.998	
27	210.100	-69.998	
27	210.200	-69.998	
27	210.300	-69.998	
27	210.400	-69.998	
27	210.500	-69.998	
27	210.600	-69.998	
27	210.700	-69.998	
27	210.800	-69.998	
27	210.900	-69.998	
27	211.000	-69.998	
27	211.100	-69.998	
27	211.200	-69.998	
27	211.300	-69.998	
27	211.400	-69.998	
27	211.500	-69.998	
27	211.600	-69.998	
27	211.700	-69.998	
27	211.800	-69.998	
27	211.900	-69.998	
27	212.000	-69.998	
27	212.100	-69.998	
27	212.200	-69.998	
27	212.300	-69.998	
27	212.400	-69.998	
27	212.500	-69.998	
27	212.600	-69.998	
27	212.700	-69.998	
27	212.800	-69.998	
27	212.900	-69.998	
27	213.000	-69.998	
27	213.100	-69.998	
27	213.200	-69.998	
27	213.300	-69.998	
27	213.400	-69.998	
27	213.500	-69.998	
27	213.600	-69.998	
27	213.700	-69.998	
27	213.800	-69.998	
27	213.900	-69.998	
27	214.000	-69.998	
27	214.100	-69.998	
27	214.200	-69.998	
27	214.300	-69.998	
27	214.400	-69.998	
27	214.500	-69.998	
27	214.600	-69.998	
27	214.700	-69.998	
27	214.800	-69.998	
27	214.900	-69.998	
27	215.000	-69.998	
27	215.100	-69.998	
27	215.200	-69.998	
27	215.300	-69.998	
27	215.400	-69.998	
27	215.500	-69.998	
27	215.600	-69.998	
27	215.700	-69.998	
27	215.800	-69.998	
27	215.900	-69.998	
27	216.000	-69.998	
27	216.100	-69.998	
27	216.200	-69.998	
27	216.300	-69.998	
27	216.400	-69.998	
27	216.500	-69.998	
27	216.600	-69.998	
27	216.700	-69.998	
27	216.800	-69.998	
27	216.900	-69.998	
27	217.000	-69.998	
27	217.100	-69.998	
27	217.200	-69.998	
27	217.300	-69.998	
27	217.400	-69.998	
27	217.500	-69.998	
27	217.600	-69.998	
27	217.700	-69.998	
27	217.800	-69.998	
27	217.900	-69.998	
27	218.000	-69.998	
27	218.100	-69.998	
27	218.200	-69.998	
27	218.300	-69.998	
27	218.400	-69.998	
27	218.500	-69.998	
27	218.600	-69.998	
27	218.700	-69.998	
27	218.800	-69.998	
27	218.900	-69.998	
27	219.000	-69.998	
27	219.100	-69.998	
27	219.200	-69.998	
27	219.300	-69.998	
27	219.400	-69.998	
27	219.500	-69.998	
27	219.600	-69.998	
27	219.700	-69.998	
27	219.800	-69.998	
27	219.900	-69.998	
27	220.000	-69.998	
27	220.100	-69.998	
27	220.200	-69.998	
27	220.300	-69.998	
27	220.400	-69.998	
27	220.500	-69.998	
27	220.600	-69.998	
27	220.700	-69.998	
27	220.800	-69.998	
27	220.900	-69.998	
27	221.000	-69.998	
27	221.100	-69.998	
27	221.200	-69.998	
27	221.300	-69.998	
27	221.400	-69.998	
27	221.500	-69.998	
27	221.600	-69.998	
27	221.700	-69.998	
27	221.800	-69.998	
27	221.900	-69.998	
27	222.000	-69.998	
27	222.100	-69.998	
27	222.200	-69.998	
27	222.300	-69.998	
27	222.400	-69.998	
27	222.500	-69.998	
27	222.600	-69.998	
27	222.700	-69.998	
27	222.800	-69.998	
27	222.900	-69.998	
27	223.000	-69.998	
27	223.100	-69.998	
27	223.200	-69.998	
27	223.300	-69.998	
27	223.400	-69.998	
27	223.500	-69.998	
27	223.600	-69.998	
27	223.700	-69.998	
27	223.800	-69.998	
27	223.900	-69.998	
27	224.000	-69.998	
27	224.100	-69.998	
27	224.200	-69.998	
27	224.300	-69.998	
27	224.400	-69.998	
27	224.500	-69.998	
27	224.600	-69.998	
27	224.700	-69.998	
27	224.800	-69.998	
27	224.900	-69.998	
27	225.000	-69.998	
27	225.100	-69.998	
27	225.200	-69.998	
27	225.300	-69.998	
27	225.400	-69.998	
27	225.500	-69.998	
27	225.600	-69.998	
27	225.700	-69.998	
27	225.800	-69.998	
27	225.900	-69.998	
27	226.000	-69.998	
27	226.100	-69.998	
27	226.200	-69.998	
27	226.300	-69.998	
27	226.400	-69.998	
27	226.500	-69.998	
27	226.600	-69.998	
27	226.700	-69.998	
27	226.800	-69.998	
27	226.900	-69.998	
27	227.000	-69.998	
27	227.100	-69.998	
27	227.200	-69.998	
27	227.300	-69.998	
27	227.400	-69.998	
27	227.500	-69.998	
27	227.600	-69.998	
27	227.700	-69.998	
27	227.800	-69.998	
27	227.900	-69.998	
27	228.000	-69.998	
27	228.100	-69.998	
27	228.200	-69.998	
27	228.300	-69.998	
27	228.400	-69.998	
27	228.500	-69.998	
27	228.600	-69.998	
27	228.700	-69.998	
27	228.800	-69.998	
27	228.900	-69.998	
27	229.000	-69.998	
27	229.100	-69.998	
27	229.200	-69.998	
27	229.300	-69.998	
27	229.400	-69.998	
27	229.500	-69.998	
27	229.600	-69.998	
27	229.700	-69.998	
27	229.800	-69.998	
27	229.900	-69.998	
27	230.000	-69.998	
27	230.100	-69.998	
27	230.200	-69.998	
27	230.300	-69.998	
27	230.400	-69.998	
27	230.500	-69.998	
27	230.600	-69.998	
27	230.700	-69.998	
27	230.800	-69.998	
27	230.900	-69.998	
27	231.000	-69.998	
27	231.100	-69.998	
27	231.200	-69.998	
27	231.300	-69.998	
27	231.400	-69.998	
27	231.500	-69.998	
27	231.600	-69.998	
27	231.700	-69.998	
27	231.800	-69.998	
27	231.900	-69.998	
27	232.000	-69.998	
27	232.100	-69.998	
27	232.200	-69.998	
27	232.300	-69.998	
27	232.400	-69.998	
27	232.500	-69.998	
27	232.600	-69.998	
27	232.700	-69.998	
27	232.800	-69.998	
27	232.900	-69.998	
27	233.000	-69.998	
27	233.100	-69.998	
27	233.200	-69.998	
27	233.300	-69.998	
27	233.400	-69.998	
27	233.500	-69.998	
27	233.600	-69.998	
27	233.700	-69.998	
27	233.800	-69.998	
27	233.900	-69.998	
27	234.000	-69.998	
27	234.100	-69.998	
27	234.200	-69.998	
27	234.300	-69.998	
27	234.400	-69.998	
27	234.500	-69.998	
27	234.600	-69.998	
27	234.700	-69.998	
27	234.800	-69.998	
27	234.900	-69.998	
27	235.000	-69.998	
27	235.100	-69.998	
27	235.200	-69.998	
27	235.300	-69.998	
27	235.400	-69.998	
27	235.500	-69.998	
27	235.600	-69.998	
27	235.700	-69.998	
27	235.800	-69.998	
27	235.900	-69.998	
27	236.000	-69.998	
27	236.100	-69.998	
27	236.200	-69.998	
27	236.300	-69.998	
27	236.400	-69.998	
27	236.500	-69.998	
27	236.600	-69.998	
27	236.700	-69.998	
27	236.800	-69.998	
27	236.900	-69.998	
27	237.000	-69.998	
27	237.100	-69.998	
27	237.200	-69.998	
27	237.300	-69.998	
27	237.400	-69.998	
27	237.500	-69.998	
27	237.600	-69.998	
27	237.700	-69.998	
27	237.800	-69.998	
27	237.900	-69.998	
27	238.000	-69.998	
27	238.100	-69.998	
27	238.200	-69.998	
27	238.300	-69.998	
27	238.400	-69.998	
27	238.500	-69.998	
27	238.600	-69.998	
27	238.700	-69.998	
27	238.800	-69.998	
27	238.900	-69.998	
27	239.000	-69.998	
27	239.100	-69.998	
27	239.200	-69.998	
27	239.300	-69.998	
27	239.400	-69.998	
27	239.500	-69.998	
27	239.600	-69.998	
27	239.700	-69.998	
27	239.800	-69.998	
27	239.900	-69.998	
27	240.000	-69.998	
27	240.100	-69.998	
27	240.200	-69.998	
27	240.300	-69.998	
27	240.400	-69.998	
27	240.500	-69.998	
27	240.600	-69.998	
27	240.700	-69.998	
27	240.800	-69.998	
27	240.900	-69.998	
27	241.000	-69.998	
27	241.100	-69.998	
27	241.200	-69.998	
27	241.300	-69.998	
27	241.400	-69.998	
27	241.500	-69.998	
27	241.600	-69.998	
27	241.700	-69.998	
27	241.800	-69.998	
27	241.900	-69.998	
27	242.000	-69.998	
27	242.100	-69.998	
27	242.200	-69.998	
27	242.300	-69.998	
27	242.400	-69.998	
27	242.500	-69.998	
27	242.600	-69.998	
27	242.700	-69.998	
27	242.800	-69.998	
27	242.900	-69.998	
27	243.000	-69.998	
27	243.100	-69.998	
27	243.200	-69.998	
27	243.300	-69.998	
27	243.400	-69.998	
27	243.500	-69.998	
27	243.600	-69.998	
27	243.700	-69.998	
27	243.800	-69.998	
27	243.900	-69.998	
27	244.000	-69.998	
27	244.100	-69.998	
27	244.200	-69.998	
27	244.300	-69.998	
27	244.400	-69.998	
27	244.500	-69.998	
27	244.600	-69.998	
27	244.700	-69.998	
27	244.800	-69.998	
27	244.900	-69.998	
27	245.000	-69.998	
27	245.100	-69.998	
27	245.200	-69.998	
27	245.300	-69.998	
27	245.400	-69.998	
27	245.500	-69.998	
27	245.600	-69.998	
27	245.700	-69.998	
27	245.800	-69.998	
27	245.900	-69.998	
27	246.000	-69.998	
27	246.100	-69.998	
27	246.200	-69.998	
27	246.300	-69.998	
27	246.400	-69.998	
27	246.500	-69.998	
27	246.600	-69.998	
27	246.700	-69.998	
27	246.800	-69.998	
27	246.900	-69.998	
27	247.000	-69.998	
27	247.100	-69.998	
27	247.200	-69.998	
27	247.300	-69.998	
27	247.400	-69.998	
27	247.500	-69.998	
27	247.600	-69.998	
27	247.700	-69.998	
27	247.800	-69.998	
27	247.900	-69.998	
27	248.000	-69.998	
27	248.100	-69.998	
27	248.200	-69.998	
27	248.300	-69.998	
27	248.400	-69.998	
27	248.500	-69.998	
27	248.600	-69.998	
27	248.700	-69.998	
27	248.800	-69.998	
27	248.900	-69.998	
27	249.000	-69.998	
27	249.100	-69.998	
27	249.200	-69.998	
27	249.300	-69.998	
27	249.400	-69.998	
27	249.500	-69.998	
27	249.600	-69.998	
27	249.700	-69.998	
27	249.800	-69.998	
27	249.900	-69.998	
27	250.000	-69.998	
27	250.100	-69.998	
27	250.200	-69.998	
27	250.300	-69.998	
27	250.400	-69.998	
27	250.500	-69.998	
27	250.600	-69.998	
27	250.700	-69.998	
27	250.800	-69.998	
27	250.900	-69.998	
27	251.000	-69.998	
27	251.100	-69.998	
27	251.200	-69.998	
27	251.300	-69.998	
27	251.400	-69.998	
27	251.500	-69.998	
27	251.600	-69.998	
27	251.700	-69.998	
27	251.800	-69.998	
27	251.900	-69.998	
27	252.000	-69.998	
27	252.100	-69.998	
27	252.200	-69.998	
27	252.300	-69.998	
27	252.400	-69.998	
27	252.500	-69.998	
27	252.600	-69.998	
27	252.700	-69.998	
27	252.800	-69.998	
27	252.900	-69.998	
27	253.000	-69.998	
27	253.100	-69.998	
27	253.200	-69.998	
27	253.300	-69.998	
27	253.400	-69.998	
27	253.500	-69.998	
27	253.600	-69.998	
27	253.700	-69.998	
27	253.800	-69.998	
27	253.900	-69.998	
27	254.000	-69.998	
27	254.100	-69.998	
27	254.200	-69.998	
27	254.300	-69.998	
27	254.400	-69.998	
27	254.500	-69.998	
27	254.600	-69.998	
27	254.700	-69.998	
27	254.800	-69.998	
27	254.900	-69.998	
27	255.000	-69.998	
27	255.100	-69.998	
27	255.200	-69.998	
27	255.300	-69.998	
27	255.400	-69.998	
27	255.500	-69.998	
27	255.600	-69.998	
27	255.700	-69.998	
27	255.800	-69.998	
27	255.900	-69.998	
27	256.000	-69.998	
27	256.100	-69.998	
27	256.200	-69.998	
27	256.300	-69.998	
27	256.400	-69.998	
27	256.500	-69.998	
27	256.600	-69.998	
27	256.700	-69.998	
27	256.800	-69.998	
27	256.900	-69.998	
27	257.000	-69.998	
27	257.100	-69.998	
27	257.200	-69.998	
27	257.300	-69.998	
27	257.400	-69.998	
27	257.500	-69.998	
27	257.600	-69.998	
27	257.700	-69.998	
27	257.800	-69.998	
27	257.900	-69.998	
27	258.000	-69.998	
27	258.100	-69.998	
27	258.200	-69.998	
27	258.300	-69.998	
27	258.400	-69.998	
27	258.500	-69.998	
27	258.600	-69.998	
27	258.700	-69.998	
27	258.800	-69.998	
27	258.900	-69.998	
27	259.000	-69.998	
27	259.100	-69.998	
27	259.200	-69.998	
27	259.300	-69.998	
27	259.400	-69.998	
27	259.500	-69.998	
27	259.600	-69.998	
27	259.700	-69.998	
27	259.800	-69.998	
27	259.900	-69.998	
27	260.000	-69.998	
27	260.100	-69.998	
27	260.200	-69.998	
27	260.300	-69.998	
27	260.400	-69.998	
27	260.500	-69.998	
27	260.600	-69.998	
27	260.700	-69.998	
27	260.800	-69.998	
27	260.900	-69.998	
27	261.000	-69.998	
27	261.100	-69.998	
27	261.200	-69.998	
27	261.300	-69.998	
27	261.400	-69.998	
27	261.500	-69.998	
27	261.600	-69.998	
27	261.700	-69.998	
27	261.800	-69.998	
27	261.900	-69.998	
27	262.000	-69.998	
27	262.100	-69.998	
27	262.200	-69.998	
27	262.300	-69.998	
27	262.400	-69.998	
27	262.500	-69.998	
27	262.600	-69.998	
27	262.700	-69.998	
27	262.800	-69.998	
27	262.900	-69.998	
27	263.000	-69.998	
27	263.100	-69.998	
27	263.200	-69.998	
27	263.300	-69.998	
27	263.400	-69.998	
27	263.500	-69.998	
27	263.600	-69.998	
27	263.700	-69.998	
27	263.800	-69.998	
27	263.900	-69.998	
27	264.000	-69.998	
27	264.100	-69.998	
27	264.200	-69.998	
27	264.300	-69.998	
27	264.400	-69.998	
27	264.500	-69.998	
27	264.600	-69.998	
27	264.700	-69.998	
27	264.800	-69.998	
27	264.900	-69.998	
27	265.000	-69.998	
27	265.100	-69.998	
27	265.200	-69.998	
27	265.300	-69.998	
27	265.400	-69.998	
27	265.500	-69.998	
27	265.600	-69.998	
27	265.700	-69.998	
27	265.800	-69.998	
27	265.900	-69.998	
27	266.000	-69.998	
27	266.100	-69.998	
27	266.200	-69.998	
27	266.300	-69.998	
27	266.400	-69.998	
27	266.500	-69.998	
27	266.600	-69.998	
27	266.700	-69.998	
27	266.800	-69.998	
27	266.900	-69.998	
27	267.000	-69.998	
27	267.100	-69.998	
27	267.200	-69.998	
27	267.300	-69.998	
27	267.400	-69.998	
27	267.500	-69.998	
27	267.600	-69.998	
27	267.700	-69.998	
27	267.800	-69.998	
27	267.900	-69.998	
27	268.000	-69.998	
27	268.100	-69.998	
27	268.200	-69.998	
27	268.300	-69.998	
27	268.400	-69.998	
27	268.500	-69.998	
27	268.600	-69.998	
27	268.700	-69.998	
27	268.800	-69.998	
27	268.900	-69.998	
27	269.000	-69.998	
27	269.100	-69.998	
27	269.200	-69.998	
27	269.300	-69.998	
27	269.400	-69.998	
27	269.500	-69.998	
27	269.600	-69.998	
27	269.700	-69.998	
27	269.800	-69.998	
27	269.900	-69.998	
27	270.000	-69.998	
27	270.100	-69.998	
27	270.200	-69.998	
27	270.300	-69.998	
27	270.400	-69.998	
27	270.500	-69.998	
27	270.600	-69.998	
27	270.700	-69.998	
27	270.800	-69.998	
27	270.900	-69.998	
27	271.000	-69.998	
27	271.100	-69.998	
27	271.200	-69.998	
27	271.300	-69.998	
27	271.400	-69.998	
27	271.500	-69.998	
27	271.600	-69.998	
27	271.700	-69.998	
27	271.800	-69.998	
27	271.900	-69.998	
27	272.000	-69.998	
27	272.100	-69.998	
27	272.200	-69.998	
27	272.300	-69.998	
27	272.400	-69.998	
27	272.500	-69.998	
27	272.600	-69.998	
27	272.700	-69.998	
27	272.800	-69.998	
27	272.900	-69.998	
27	273.000	-69.998	
27	273.100	-69.998	
27	273.200	-69.998	
27	273.300	-69.998	
27	273.400	-69.998	
27	273.500	-69.998	
27	273.600	-69.998	
27	273.700	-69.998	
27	273.800	-69.998	
27	273.900	-69.998	
27	274.000	-69.998	
27	274.100	-69.998	
27	274.200	-69.998	
27	274.300	-69.998	
27	274.400	-69.998	
27	274.500	-69.998	
27	274.600	-69.998	
27	274.700	-69.998	
27	274.800	-69.998	
27	274.900	-69.998	
27	275.000	-69.998	
27	275.100	-69.998	
27	275.200	-69.998	
27	275.300	-69.998	
27	275.400	-69.998	
27	275.500	-69.998	
27	275.600	-69.998	
27	275.700	-69.998	
27	275.800	-69.998	
27	275.900	-69.998	
27	276.000	-69.998	
27	276.100	-69.998	
27	276.200	-69.998	
27	276.300	-69.998	
27	276.400	-69.998	
27	276.500	-69.998	
27	276.600	-69.998	
27	276.700	-69.998	
27	276.800	-69.998	
27	276.900	-69.998	
27	277.000	-69.998	
27	277.100	-69.998	
27	277.200	-69.998	
27	277.300	-69.998	
27	277.400	-69.998	
27	277.500	-69.998	
27	277.600	-69.998	
27	277.700	-69.998	
27	277.800	-69.998	
27	277.900	-69.998	
27	278.000	-69.998	
27	278.100	-69.998	
27	278.200	-69.998	
27	278.300	-69.998	
27	278.400	-69.998	
27	278.500	-69.998	
27	278.600	-69.998	
27	278.700	-69.998	
27	278.800	-69.998	
27	278.900	-69.998	
27	279.000	-69.998	
27	279.100	-69.998	
27	279.200	-69.998	
27	279.300	-69.998	
27	279.400	-69.998	
27	279.500	-69.998	
27	279.600	-69.998	
27	279.700	-69.998	
27	279.800	-69.998	
27	279.900	-69.998	
27	280.000	-69.998	
27	280.100	-69.998	
27	280.200	-69.998	
27	280.300	-69.998	
27	280.400	-69.998	
27	280.500	-69.998	
27	280.600	-69.998	
27	280.700	-69.998	
27	280.800	-69.998	
27	280.900	-69.998	
27	281.000	-69.998	
27	281.100	-69.998	
27	281.200	-69.998	
27	281.300	-69.998	
27	281.400	-69.998	
27	281.500	-69.998	
27	281.600	-69.998	
27	281.700	-69.998	
27	281.800	-69.998	
27	281.900	-69.998	
27	282.000	-69.998	
27	282.100	-69.998	
27	282.200	-69.998	
27	282.300	-69.998	
27	282.400	-69.998	
27	282.500	-69.998	
27	282.600	-69.998	
27	282.700	-69.998	
27	282.800	-69.998	
27	282.900	-69.998	
27	283.000	-69.998	
27	283.100	-69.998	
27	283.200	-69.998	
27	283.300	-69.998	
27	283.400	-69.998	
27	283.500	-69.998	
27	283.600	-69.998	
27	283.700	-69.998	
27	283.800	-69.998	
27	283.900	-69.998	
27	284.000	-69.998	
27	284.100	-69.998	
27	284.200	-69.998	
27	284.300	-69.998	
27	284.400	-69.998	
27	284.500	-69.998	
27	284.600	-69.998	
27	284.700	-69.998	
27	284.800	-69.998	
27	284.900	-69.998	
27	285.000	-69.998	
27	285.100	-69.998	
27	285.200	-69.998	
27	285.300	-69.998	
27	285.400	-69.998	
27	285.500	-69.998	
27	285.600	-69.998	
27	285.700	-69.998	
27	285.800	-69.998	
27	285.900	-69.998	
27	286.000	-69.998	
27	286.100	-69.998	
27	286.200	-69.998	
27	286.300	-69.998	
27	286.400	-69.998	
27	286.500	-69.998	
27	286.600	-69.998	
27	286.700	-69.998	
27	286.800	-69.998	
27	286.900	-69.998	
27	287.000	-69.998	
27	287.100	-69.998	
27	287.200	-69.998	
27	287.300	-69.998	
27	287.400	-69.998	
27	287.500	-69.998	
27	287.600	-69.998	
27	287.700	-69.998	
27	287.800	-69.998	
27	287.900	-69.998	
27	288.000	-69.998	
27	288.100	-69.998	
27	288.200	-69.998	
27	288.300	-69.998	
27	288.400	-69.998	
27	288.500	-69.998	
27	288.600	-69.998	
27	288.700	-69.998	
27	288.800	-69.998	
27	288.900	-69.998	
27	289.000	-69.998	
27	289.100	-69.998	
27	289.200	-69.998	
27	289.300	-69.998	
27	289.400	-69.998	
27	289.500	-69.998	
27	289.600	-69.998	
27	289.700	-69.998	
27	289.800	-69.998	
27	289.900	-69.998	
27	290.000	-69.998	
27	290.100	-69.998	
27	290.200	-69.998	
27	290.300	-69.998	
27	290.400	-69.998	
27	290.500	-69.998	
27	290.600	-69.998	
27	290.700	-69.998	
27	290.800	-69.998	
27	290.900	-69.998	
27	291.000	-69.998	
27	291.100	-69.998	
27	291.200	-69.998	
27	291.300	-69.998	
27	291.400	-69.998	
27	291.500	-69.998	
27	291.600	-69.998	
27	291.700	-69.998	
27	291.800	-69.998	
27	291.900	-69.998	
27	292.000	-69.998	
27	292.100	-69.998	
27	292.200	-69.998	
27	292.300	-69.998	
27	292.400	-69.998	
27	292.500	-69.998	
27	292.600	-69.998	
27	292.700	-69.998	
27	292.800	-69.998	
27	292.900	-69.998	
27	293.000	-69.998	
27	293.100	-69.998	
27	293.200	-69.998	
27	293.300	-69.998	
27	293.400	-69.998	
27	293.500	-69.998	
27	293.600	-69.998	
27	293.700	-69.998	
27	293.800	-69.998	
27	293.900	-69.998	
27	294.000	-69.998	
27	294.100	-69.998	
27	294.200	-69.998	
27	294.300	-69.998	
27	294.400	-69.998	
27	294.500	-69.998	
27	294.600	-69.998	
27	294.700	-69.998	
27	294.800	-69.998	
27	294.900	-69.998	
27	295.000	-69.998	
27	295.100	-69.998	
27	295.200	-69.998	
27	295.300	-69.998	
27	295.400	-69.998	
27	295.500	-69.998	
27	295.600	-69.998	
27	295.700	-69.998	
27	295.800	-69.998	
27	295.900	-69.998	
27	296.000	-69.998	
27	296.100	-69.998	
27	296.200	-69.998	
27	296.300	-69.998	
27	296.400	-69.998	
27	296.500	-69.998	
27	296.600	-69.998	
27	296.700	-69.998	
27	296.800	-69.998	
27	296.900	-69.998	
27	297.000	-69.998	
27	297.100	-69.998	
27	297.200	-69.998	
27	297.300	-69.998	
27	297.400	-69.998	
27	297.500	-69.998	
27	297.600	-69.998	
27	297.700	-69.998	
27	297.800	-69.998	
27	297.900	-69.998	
27	298.000	-69.998	
27	298.100	-69.998	
27	298.200	-69.998	
27	298.300	-69.998	
27	298.400	-69.998	
27	298.500	-69.998	
27	298.600	-69.998	
27	298.700	-69.998	
27	298.800	-69.998	
27	298.900	-69.998	
27	299.000	-69.998	
27	299.100	-69.998	
27	299.200	-69.998	
27	299.300	-69.998	
27	299.400	-69.998	
27	299.500	-69.998	
27	299.600	-69.998	
27	299.700	-69.998	
27	299.800	-69.998	
27	299.900	-69.998	
27	300.000	-69.998	
27	300.100	-69.998	
27	300.200	-69.998	
27	300.300	-69.998	
27	300.400	-69.998	
27	300.500	-69.998	
27	300.600	-69.998	
27	300.700	-69.998	
27	300.800	-69.998	
27	300.900	-69.998	
27	301.000	-69.998	
27	301.100	-69.998	
27	301.200	-69.998	
27	301.300	-69.998	
27	301.400	-69.998	
27	301.500	-69.998	
27	301.600	-69.998	
27	301.700	-69.998	
27	301.800	-69.998	
27	301.900	-69.998	
27	302.000	-69.998	
27	302.100	-69.998	
27	302.200	-69.998	
27	302.300	-69.998	
27	302.400	-69.998	
27	302.500	-69.998	
27	302.600	-69.998	
27	302.700	-69.998	
27	302.800	-69.998	
27	302.900	-69.998	
27	303.000	-69.998	
27	303.100	-69.998	
27	303.200	-69.998	
27	303.300	-69.998	
27	303.400	-69.998	
27	303.500	-69.998	
27	303.600	-69.998	
27	303.700	-69.998	
27	303.800	-69.998	
27	303.900	-69.998	
27	304.000	-69.998	
27	304.100	-69.998	
27	304.200	-69.998	
27	304.300	-69.998	
27	304.400	-69.998	
27	304.500	-69.998	
27	304.600	-69.998	
27	304.700	-69.998	
27	304.800	-69.998	
27	304.900	-69.998	
27	305.000	-69.998	
27	305.100	-69.998	
27	305.200	-69.998	
27	305.300	-69.998	
27	305.400	-69.998	
27	305.500	-69.998	
27	305.600	-69.998	
27	305.700	-69.998	
27	305.800	-69.998	
27	305.900	-69.998	
27	306.000	-69.998	
27	306.100	-69.998	
27	306.200	-69.998	
27	306.300	-69.998	
27	306.400	-69.998	
27	306.500	-69.998	
27	306.600	-69.998	
27	306.700	-69.998	
27	306.800	-69.998	
27	306.900	-69.998	
27	307.000	-69.998	
27	307.100	-69.998	
27	307.200	-69.998	
27	307.300	-69.998	
27	307.400	-69.998	
27	307.500	-69.998	
27	307.600	-69.998	
27	307.700	-69.998	
27	307.800	-69.998	
27	307.900	-69.998	
27	308.000	-69.998	
27	308.100	-69.998	
27	308.200	-69.998	
27	308.300	-69.998	
27	308.400	-69.998	
27	308.500	-69.998	
27	308.600	-69.998	
27	308.700	-69.998	
27	308.800	-69.998	
27	308.900	-69.998	
27	309.000	-69.998	
27	309.100	-69.998	
27	309.200	-69.998	
27	309.300	-69.998	
27	309.400	-69.998	
27	309.500	-69.998	
27	309.600	-69.998	
27	309.700	-69.998	
27	309.800	-69.998	
27	309.900	-69.998	
27	310.000	-69.998	
27	310.100	-69.998	
27	310.200	-69.998	
27	310.300	-69.998	
27	310.400	-69.998	
27	310.500	-69.998	
27	310.600	-69.998	
27	310.700	-69.998	
27	310.800	-69.998	
27	310.900	-69.998	
27	311.000	-69.998	
27	311.100	-69.998	
27	311.200	-69.998	
27	311.300	-69.998	
27	311.400	-69.998	
27	311.500	-69.998	
27	311.600	-69.998	
27	311.700	-69.998	
27	311.800	-69.998	
27	311.900	-69.998	
27	312.000	-69.998	
27	312.100	-69.998	
27	312.200	-69.998	
27	312.300	-69.998	
27	312.400	-69.998	
27	312.500	-69.998	
27	312.600	-69.998	
27	312.700	-69.998	
27	312.800	-69.998	
27	312.900	-69.998	
27	313.000	-69.998	
27	313.100	-69.998	
27	313.200	-69.998	
27	313.300	-69.998	
27	313.400	-69.998	
27	313.500	-69.998	
27	313.600	-69.998	
27	313.700	-69.998	
27	313.800	-69.998	
27	313.900	-69.998	
27	314.000	-69.998	
27	314.100	-69.998	
27	314.200	-69.998	
27	314.300	-69.998	
27	314.400	-69.998	
27	314.500	-69.998	
27	314.600	-69.998	
27	314.700	-69.998	
27	314.800	-69.998	
27	314.900	-69.998	
27	315.000	-69.998	
27	315.100	-69.998	
27	315.200	-69.998	
27	315.300	-69.998	
27	315.400	-69.998	
27	315.500	-69.998	
27	315.600	-69.998	
27	315.700	-69.998	
27	315.800	-69.998	
27	315.900	-69.998	
27	316.000	-69.998	
27	316.100	-69.998	
27	316.200	-69.998	
27	316.300	-69.998	
27	316.400	-69.998	
27	316.500	-69.998	
27	316.600	-69.998	
27	316.700	-69.998	
27	316.800	-69.998	
27	316.900	-69.998	
27	317.000	-69.998	
27	317.100	-69.998	
27	317.200	-69.998	
27	317.300	-69.998	
27	317.400	-69.998	
27	317.500	-69.998	
27	317.600	-69.998	
27	317.700	-69.998	
27	317.800	-69.998	
27	317.900	-69.998	
27	318.000	-69.998	
27	318.100	-69.998	
27	318.200	-69.998	
27	318.300	-69.998	
27	318.400	-69.998	
27	318.500	-69.998	
27	318.600	-69.998	
27	318.700	-69.998	
27	318.800	-69.998	
27	318.900	-69.998	
27	319.000	-69.998	
27	319.100	-69.998	
27	319.200	-69.998	
27	319.300	-69.998	
27	319.400	-69.998	
27	319.500	-69.998	
27	319.600	-69.998	
27	319.700	-69.998	
27	319.800	-69.998	
27	319.900	-69.998	
27	320.000	-69.998	
27	320.100	-69.998	
27	320.200	-69.998	
27	320.300	-69.998	
27	320.400	-69.998	
27	320.500	-69.998	
27	320.600	-69.998	
27	320.700	-69.998	
27	320.800	-69.998	
27	320.900	-69.998	
27	321.000	-69.998	
27	321.100	-69.998	
27	321.200	-69.998	
27	321.300	-69.998	
27	321.400	-69.998	
27	321.500	-69.998	
27	321.600	-69.998	
27	321.700	-69.998	
27	321.800	-69.998	
27	321.900	-69.998	
27	322.000	-69.998	
27	322.100	-69.998	
27	322.200	-69.998	
27	322.300	-69.998	
27	322.400	-69.998	
27	322.500	-69.998	
27	322.600	-69.998	
27	322.700	-69.998	
27	322.800	-69.998	
27	322.900	-69.998	
27	323.000	-69.998	
27	323.100	-69.998	
27	323.200	-69.998	
27	323.300	-69.998	
27	323.400	-69.998	
27	323.500	-69.998	
27	323.600	-69.998	
27	323.700	-69.998	
27	323.800	-69.998	
27	323.900	-69.998	
27	324.000	-69.998	
27	324.100	-69.998	
27	324.200	-69.998	
27	324.300	-69.998	
27	324.400	-69.998	
27	324.500	-69.998	
27	324.600	-69.998	
27	324.700	-69.998	
27	324.800	-69.998	
27	324.900	-69.998	
27	325.000	-69.998	
27	325.100	-69.998	
27	325.200	-69.998	
27	325.300	-69.998	
27	325.400	-69.998	
27	325.500	-69.998	
27	325.600	-69.998	
27	325.700	-69.998	
27	325.800	-69.998	
27	325.900	-69.998	
27	326.000	-69.998	
27	326.100	-69.998	
27	326.200	-69.998	
27	326.300	-69.998	
27	326.400	-69.998	
27	326.500	-69.998	
27	326.600	-69.998	
27	326.700	-69.998	
27	326.800	-69.998	
27	326.900	-69.998	
27	327.000	-69.998	
27	327.100	-69.998	
27	327.200	-69.998	
27	327.300	-69.998	
27	327.400	-69.998	
27	327.500	-69.998	
27	327.600	-69.998	
27	327.700	-69.998	
27	327.800	-69.998	
27	327.900	-69.998	
27	328.000	-69.998	
27	328.100	-69.998	
27	328.200	-69.998	
27	328.300	-69.998	
27	328.400	-69.998	
27	328.500	-69.998	
27	328.600	-69.998	
27	328.700	-69.998	
27	328.800	-69.998	
27	328.900	-69.998	
27	329.000	-69.998	
27	329.100	-69.998	
27	329.200	-69.998	
27	329.300	-69.998	
27	329.400	-69.998	
27	329.500	-69.998	
27	329.600	-69.998	
27	329.700	-69.998	
27	329.800	-69.998	
27	329.900	-69.998	
27	330.000	-69.998	
27	330.100	-69.998	
27	330.200	-69.998	
27	330.300	-69.998	
27	330.400	-69.998	
27	330.500	-69.998	
27	330.600	-69.998	
27	330.700	-69.998	
27	330.800	-69.998	
27	330.900	-69.998	
27	331.000	-69.998	
27	331.100	-69.998	
27	331.200	-69.998	
27	331.300	-69.998	
27	331.400	-69.998	
27	331.500	-69.998	
27	331.600	-69.998	
27	331.700	-69.998	
27	331.800	-69.998	
27	331.900	-69.998	
27	332.000	-69.998	
27	332.100	-69.998	
27	332.200	-69.998	
27	332.300	-69.998	
27	332.400	-69.998	
27	332.500	-69.998	
27	332.600	-69.998	
27	332.700	-69.998	
27	332.800	-69.998	
27	332.900	-69.998	
27	333.000	-69.998	
27	333.100	-69.998	
27	333.200	-69.998	
27	333.300	-69.998	
27	333.400	-69.998	
27	333.500	-69.998	
27	333.600	-69.998	
27	333.700	-69.998	
27	333.800	-69.998	
27	333.900	-69.998	
27	334.000	-69.998	
27	334.100	-69.998	
27	334.200	-69.998	
27	334.300	-69.998	
27	334.400	-69.998	
27	334.500	-69.998	
27	334.600	-69.998	
27	334.700	-69.998	
27	334.800	-69.998	
27	334.900	-69.998	
27	335.000	-69.998	
27	335.100	-69.998	
27	335.200	-69.998	
27	335.300	-69.998	
27	335.400	-69.998	
27	335.500	-69.998	
27	335.600	-69.998	
27	335.700	-69.998	
27	335.800	-69.998	
27	335.900	-69.998	
27	336.000	-69.998	
27	336.100	-69.998	
27	336.200	-69.998	
27	336.300	-69.998	
27	336.400	-69.998	
27	336.500	-69.998	
27	336.600	-69.998	
27	336.700	-69.998	
27	336.800	-69.998	
27	336.900	-69.998	
27	337.000	-69.998	
27	337.100	-69.998	
27	337.200	-69.998	
27	337.300	-69.998	
27	337.400	-69.998	
27	337.500	-69.998	
27	337.600	-69.998	
27	337.700	-69.998	
27	337.800	-69.998	
27	337.900	-69.998	
27	338.000	-69.998	
27	338.100	-69.998	
27	338.200	-69.998	
27	338.300	-69.998	
27	338.400	-69.998	
27	338.500	-69.998	
27	338.600	-69.998	
27	338.700	-69.998	
27	338.800	-69.998	
27	338.900	-69.998	
27	339.000	-69.998	
27	339.100	-69.998	
27	339.200	-69.998	
27	339.300	-69.998	
27	339.400	-69.998	
27	339.500	-69.998	
27	339.600	-69.998	
27	339.700	-69.998	
27	339.800	-69.998	
27	339.900	-69.998	
27	340.000	-69.998	
27	340.100	-69.998	
27	340.200	-69.998	
27	340.300	-69.998	
27	340.400	-69.998	
27	340.500	-69.998	
27	340.600	-69.998	
27	340.700	-69.998	
27	340.800	-69.998	
27	340.900	-69.998	
27	341.000	-69.998	
27	341.100	-69.998	
27	341.200	-69.998	
27	341.300	-69.998	
27	341.400	-69.998	
27	341.500	-69.998	
27	341.600	-69.998	
27	341.700	-69.998	
27	341.800	-69.998	
27	341.900	-69.998	
27	342.000	-69.998	
27	342.100	-69.998	
27	342.200	-69.998	
27	342.300	-69.998	
27	342.400	-69.998	
27	342.500	-69.998	
27	342.600	-69.998	
27	342.700	-69.998	
27	342.800	-69.998	
27	342.900	-69.998	
27	343.000	-69.998	
27	343.100	-69.998	
27	343.200	-69.998	
27	343.300	-69.998	
27	343.400	-69.998	
27	343.500	-69.998	
27	343.600	-69.998	
27	343.700	-69.998	
27	343.800	-69.998	
27	343.900	-69.998	
27	344.000	-69.998	
27	344.100	-69.998	
27	344.200	-69.998	
27	344.300	-69.998	
27	344.400	-69.998	
27	344.500	-69.998	
27	344.600	-69.998	
27	344.700	-69.998	
27	344.800	-69.998	
27	344.900	-69.998	
27	345.000	-69.998	
27	345.100	-69.998	
27	345.200	-69.998	
27	345.300	-69.998	
27	345.400	-69.998	
27	345.500	-69.998	
27	345.600	-69.998	
27	345.700	-69.998	
27	345.800	-69.998	
27	345.900	-69.998	
27	346.000	-69.998	
27	346.100	-69.998	
27	346.200	-69.998	
27	346.300	-69.998	
27	346.400	-69.998	
27	346.500	-69.998	
27	346.600	-69.998	
27	346.700	-69.998	
27	346.800	-69.998	
27	346.900	-69.998	
27	347.000	-69.998	
27	347.100	-69.998	
27	347.200	-69.998	
27	347.300	-69.998	
27	347.400	-69.998	
27	347.500	-69.998	
27	347.600	-69.998	
27	347.700	-69.998	
27	347.800	-69.998	
27	347.900	-69.998	
27	348.000	-69.998	
27	348.100	-69.998	
27	348.200	-69.998	
27	348.300	-69.998	
27	348.400	-69.998	
27	348.500	-69.998	
27	348.600	-69.998	
27	348.700	-69.998	
27	348.800	-69.998	
27	348.900	-69.998	
27	349.000	-69.998	
27	349.100	-69.998	
27	349.200	-69.998	
27	349.300	-69.998	
27	349.400	-69.998	
27	349.500	-69.998	
27	349.600	-69.998	
27	349.700	-69.998	
27	349.800	-69.998	
27	349.900	-69.998	
27	350.000	-69.998	
27	350.100	-69.998	
27	350.200	-69.998	
27	350.300	-69.998	
27	350.400	-69.998	
27	350.500	-69.998	
27	350.600	-69.998	
27	350.700	-69.998	
27	350.800	-69.998	
27	350.900	-69.998	
27	351.000	-69.998	
27	351.100	-69.998	
27	351.200	-69.998	
27	351.300	-69.998	
27	351.400	-69.998	
27	351.500	-69.998	
27	351.600	-69.998	
27	351.700	-69.998	
27	351.800	-69.998	
27	351.900	-69.998	
27	352.000	-69.998	
27	352.100	-69.998	
27	352.200	-69.998	
27	352.300	-69.998	
27	352.400	-69.998	
27	352.500	-69.998	
27	352.600	-69.998	
27	352.700	-69.998	
27	352.800	-69.998	
27	352.900	-69.998	
27	353.000	-69.998	
27	353.100	-69.998	
27	353.200	-69.998	
27	353.300	-69.998	
27	353.400	-69.998	
27	353.500	-69.998	
27	353.600	-69.998	
27	353.700	-69.998	
27	353.800	-69.998	
27	353.900	-69.998	
27	354.000	-69.998	
27	354.100	-69.998	
27	354.200	-69.998	
27	354.300	-69.998	
27	354.400	-69.998	
27	354.500	-69.998	
27	354.600	-69.998	
27	354.700	-69.998	
27	354.800	-69.998	
27	354.900	-69.998	
27	355.000	-69.998	
27	355.100	-69.998	
27	355.200	-69.998	
27	355.300	-69.998	
27	355.400	-69.998	
27	355.500	-69.998	
27	355.600	-69.998	
27	355.700	-69.998	
27	355.800	-69.998	
27	355.900	-69.998	
27	356.000	-69.998	
27	356.100	-69.998	
27	356.200	-69.998	
27	356.300	-69.998	
27	356.400	-69.998	
27	356.500	-69.998	
27	356.600	-69.998	
27	356.700	-69.998	
27	356.800	-69.998	
27	356.900	-69.998	
27	357.000	-69.998	
27	357.100	-69.998	
27	357.200	-69.998	
27	357.300	-69.998	
27	357.400	-69.998	
27	357.500	-69.998	
27	357.600	-69.998	
27	357.700	-69.998	
27	357.800	-69.998	
27	357.900	-69.998	
27	358.000	-69.998	
27	358.100	-69.998	
27	358.200	-69.998	
27	358.300	-69.998	
27	358.400	-69.998	
27	358.500	-69.998	
27	358.600	-69.998	
27	358.700	-69.998	
27	358.800	-69.998	
27	358.900	-69.998	
27	359.000	-69.998	
27	359.100	-69.998	
27	359.200	-69.998	
27	359.300	-69.998	
27	359.400	-69.998	
27	359.500	-69.998	
27	359.600	-69.998	
27	359.700	-69.998	
27	359.800	-69.998	
27	359.900	-69.998	
27	360.000	-69.998	
27	360.100	-69.998	
27	360.200	-69.998	
27	360.300	-69.998	
27	360.400	-69.998	
27	360.500	-69.998	
27	360.600	-69.998	
27	360.700	-69.998	
27	360.800	-69.998	
27	360.900	-69.998	
27	361.000	-69.998	
27	361.100	-69.998	
27	361.200	-69.998	
27	361.300	-69.998	
27	361.400	-69.998	
27	361.500	-69.998	
27	361.600	-69.998	
27	361.700	-69.998	
27	361.800	-69.998	
27	361.900	-69.998	
27	362.000	-69.998	
27	362.100	-69.998	
27	362.200	-69.998	
27	362.300	-69.998	
27	362.400	-69.998	
27	362.500	-69.998	
27	362.600	-69.998	
27	362.700	-69.998	
27	362.800	-69.998	
27	362.900	-69.998	
27	363.000	-69.998	
27	363.100	-69.998	
27	363.200	-69.998	
27	363.300	-69.998	
27	363.400	-69.998	
27	363.500	-69.998	
27	363.600	-69.998	
27	363.700	-69.998	
27	363.800	-69.998	
27	363.900	-69.998	
27	364.000	-69.998	
27	364.100	-69.998	
27	364.200	-69.998	
27	364.300	-69.998	
27	364.400	-69.998	
27	364.500	-69.998	
27	364.600	-69.998	
27	364.700	-69.998	
27	364.800	-69.998	
27	364.900	-69.998	
27	365.000	-69.998	
27	365.100	-69.998	
27	365.200	-69.998	
27	365.300	-69.998	
27	365.400	-69.998	
27	365.500	-69.998	
27	365.600	-69.998	
27	365.700	-69.998	
27	365.800	-69.998	
27	365.900	-69.998	
27	366.000	-69.998	
27	366.100	-69.998	
27	366.200	-69.998	
27	366.300	-69.998	
27	366.400	-69.998	
27	366.500	-69.998	
27	366.600	-69.998	
27	366.700	-69.998	
27	366.800	-69.998	
27	366.900	-69.998	
27	367.000	-69.998	
27	367.100	-69.998	
27	367.200	-69.998	
27	367.300	-69.998	
27	367.400	-69.998	
27	367.500	-69.998	
27	367.600	-69.998	
27	367.700	-69.998	
27	367.800	-69.998	
27	367.900	-69.998	
27	368.000	-69.998	
27	368.100	-69.998	
27	368.200	-69.998	
27	368.300	-69.998	
27	368.400	-69.998	
27	368.500	-69.998	
27	368.600	-69.998	
27	368.700	-69.998	
27	368.800	-69.998	
27	368.900	-69.998	
27	369.000	-69.998	
27	369.100	-69.998	
27	369.200	-69.998	
27	369.300	-69.998	
27	369.400	-69.998	
27	369.500	-69.998	
27	369.600	-69.998	
27	369.700	-69.998	
27	369.800	-69.998	
27	369.900	-69.998	
27	370.000	-69.998	
27	370.100	-69.998	
27	370.200	-69.998	
27	370.300	-69.998	
27	370.400	-69.998	
27	370.500	-69.998	
27	370.600	-69.998	
27	370.700	-69.998	
27	370.800	-69.998	
27	370.900	-69.998	
27	371.000	-69.998	
27	371.100	-69.998	
27	371.200	-69.998	
27	371.300	-69.998	
27	371.400	-69.998	
27	371.500	-69.998	
27	371.600	-69.998	
27	371.700	-69.998	
27	371.800	-69.998	
27	371.900	-69.998	
27	372.000	-69.998	
27	372.100	-69.998	
27	372.200	-69.998	
27	372.300	-69.998	
27	372.400	-69.998	
27	372.500	-69.998	
27	372.600	-69.998	
27	372.700	-69.998	
27	372.800	-69.998	
27	372.900	-69.998	
27	373.000	-69.998	
27	373.100	-69.998	
27	373.200	-69.998	
27	373.300	-69.998	
27	373.400	-69.998	
27	373.500	-69.998	
27	373.600	-69.998	
27	373.700	-69.998	
27	373.800	-69.998	
27	373.900	-69.998	
27	374.000	-69.998	
27	374.100	-69.998	
27	374.200	-69.998	
27	374.300	-69.998	
27	374.400	-69.998	
27	374.500	-69.998	
27	374.600	-69.998	
27	374.700	-69.998	
27	374.800	-69.998	
27	374.900	-69.998	
27	375.000	-69.998	
27	375.100	-69.998	
27	375.200	-69.998	
27	375.300	-69.998	
27	375.400	-69.998	
27	375.500	-69.998	
27	375.600	-69.998	
27	375.700	-69.998	
27	375.800	-69.998	
27	375.900	-69.998	
27	376.000	-69.998	
27	376.100	-69.998	
27	376.200	-69.998	
27	376.300	-69.998	
27	376.400	-69.998	
27	376.500	-69.998	
27	376.600	-69.998	
27	376.700	-69.998	
27	376.800	-69.998	
27	376.900	-69.998	
27	377.000	-69.998	
27	377.100	-69.998	
27	377.200	-69.998	
27	377.300	-69.998	
27	377.400	-69.998	
27	377.500	-69.998	
27	377.600	-69.998	
27	377.700	-69.998	
27	377.800	-69.998	
27	377.900	-69.998	
27	378.000	-69.998	
27	378.100	-69.998	
27	378.200	-69.998	
27	378.300	-69.998	
27	378.400	-69.998	
27	378.500	-69.998	
27	378.600	-69.998	
27	378.700	-69.998	
27	378.800	-69.998	
27	378.900	-69.998	
27	379.000	-69.998	
27	379.100	-69.998	
27	379.200	-69.998	
27	379.300	-69.998	
27	379.400	-69.998	
27	379.500	-69.998	
27	379.600	-69.998	
27	379.700	-69.998	
27	379.800	-69.998	
27	379.900	-69.998	
27	380.000	-69.998	
27	380.100	-69.998	
27	380.200	-69.998	
27	380.300	-69.998	
27	380.400	-69.998	
27	380.500	-69.998	
27	380.600	-69.998	
27	380.700	-69.998	
27	380.800	-69.998	
27	380.900	-69.998	
27	381.000	-69.998	
27	381.100	-69.998	
27	381.200	-69.998	
27	381.300	-69.998	
27	381.400	-69.998	
27	381.500	-69.998	
27	381.600	-69.998	
27	381.700	-69.998	
27	381.800	-69.998	
27	381.900	-69.998	
27	382.000	-69.998	
27	382.100	-69.998	
27	382.200	-69.998	
27	382.300	-69.998	
27	382.400	-69.998	
27	382.500	-69.998	
27	382.600	-69.998	
27	382.700	-69.998	
27	382.800	-69.998	
27	382.900	-69.998	
27	383.000	-69.998	
27	383.100	-69.998	
27	383.200	-69.998	
27	383.300	-69.998	
27	383.400	-69.998	
27	383.500	-69.998	
27	383.600	-69.998	
27	383.700	-69.998	
27	383.800	-69.998	
27	383.900	-69.998	
27	384.000	-69.998	
27	384.100	-69.998	
27	384.200	-69.998	
27	384.300	-69.998	
27	384.400	-69.998	
27	384.500	-69.998	
27	384.600	-69.998	
27	384.700	-69.998	
27	384.800	-69.998	
27	384.900	-69.998	
27	385.000	-69.998	
27	385.100	-69.998	
27	385.200	-69.998	
27	385.300	-69.998	
27	385.400	-69.998	
27	385.500	-69.998	
27	385.600	-69.998	
27	385.700	-69.998	
27	385.800	-69.998	
27	385.900	-69.998	
27	386.000	-69.998	
27	386.100	-69.998	
27	386.200	-69.998	
27	386.300	-69.998	
27	386.400	-69.998	
27	386.500	-69.998	
27	386.600	-69.998	
27	386.700	-69.998	
27	386.800	-69.998	
27	386.900	-69.998	
27	387.000	-69.998	
27	387.100	-69.998	
27	387.200	-69.998	
27	387.300	-69.998	
27	387.400	-69.998	
27	387.500	-69.998	
27	387.600	-69.998	
27	387.700	-69.998	
27	387.800	-69.998	
27	387.900	-69.998	
27	388.000	-69.998	
27	388.100	-69.998	
27	388.200	-69.998	
27	388.300	-69.998	
27	388.400	-69.998	
27	388.500	-69.998	
27	388.600	-69.998	
27	388.700	-69.998	
27	388.800	-69.998	
27	388.900	-69.998	
27	389.000	-69.998	
27	389.100	-69.998	
27	389.200	-69.998	
27	389.300	-69.998	
27	389.400	-69.998	
27	389.500	-69.998	
27	389.600	-69.998	
27	389.700	-69.998	
27	389.800	-69.998	
27	389.900	-69.998	
27	390.000	-69.998	
27	390.100	-69.998	
27	390.200	-69.998	
27	390.300	-69.998	
27	390.400	-69.998	
27	390.500	-69.998	
27	390.600	-69.998	
27	390.700	-69.998	
27	390.800	-69.998	
27	390.900	-69.998	
27	391.000	-69.998	
27	391.100	-69.998	
27	391.200	-69.998	
27	391.300	-69.998	
27	391.400	-69.998	
27	391.500	-69.998	
27	391.600	-69.998	
27	391.700	-69.998	
27	391.800	-69.998	
27	391.900	-69.998	
27	392.000	-69.998	
27	392.100	-69.998	
27	392.200	-69.998	
27	392.300	-69.998	
27	392.400	-69.998	
27	392.500	-69.998	
27	392.600	-69.998	
27	392.700	-69.998	
27	392.800	-69.998	
27	392.900	-69.998	
27	393.000	-69.998	
27	393.100	-69.998	
27	393.200	-69.998	
27	393.300	-69.998	
27	393.400	-69.998	
27	393.500	-69.998	
27	393.600	-69.998	
27	393.700	-69.998	
27	393.800	-69.998	
27	393.900	-69.998	
27	394.000	-69.998	
27	394.100	-69.998	
27	394.200	-69.998	
27	394.300	-69.998	
27	394.400	-69.998	
27	394.500	-69.998	
27	394.600	-69.998	
27	394.700	-69.998	
27	394.800	-69.998	
27	394.900	-69.998	
27	395.000	-69.998	
27	395.100	-69.998	
27	395.200	-69.998	
27	395.300	-69.998	
27	395.400	-69.998	
27	395.500	-69.998	
27	395.600	-69.998	
27	395.700	-69.998	
27	395.800	-69.998	
27	395.900	-69.998	
27	396.000	-69.998	
27	396.100	-69.998	
27	396.200	-69.998	
27	396.300	-69.998	
27	396.400	-69.998	
27	396.500	-69.998	
27	396.600	-69.998	
27	396.700	-69.998	
27	396.800	-69.998	
27	396.900	-69.998	
27	397.000	-69.998	
27	397.100	-69.998	
27	397.200	-69.998	
27	397.300	-69.998	
27	397.400	-69.998	
27	397.500	-69.998	
27	397.600	-69.998	
27	397.700	-69.998	
27	397.800	-69.998	
27	397.900	-69.998	
27	398.000	-69.998	
27	398.100	-69.998	
27	398.200	-69.998	
27	398.300	-69.998	
27	398.400	-69.998	
27	398.500	-69.998	
27	398.600	-69.998	
27	398.700	-69.998	
27	398.800	-69.998	
27	398.900	-69.998	
27	399.000	-69.998	
27	399.100	-69.998	
27	399.200	-69.998	
27	399.300	-69.998	
27	399.400	-69.998	
27	399.500	-69.998	
27	399.600	-69.998	
27	399.700	-69.998	
27	399.800	-69.998	
27	399.900	-69.998	
27	400.000	-69.998	
27	400.100	-69.998	
27	400.200	-69.998	
27	400.300	-69.998	
27	400.400	-69.998	
27	400.500	-69.998	
27	400.600	-69.998	
27	400.700	-69.998	
27	400.800	-69.998	
27	400.900	-69.998	
27	401.000	-69.998	
27	401.100	-69.998	
27	401.200	-69.998	
27	401.300	-69.998	
27	401.400	-69.998	
27	401.500	-69.998	
27	401.600	-69.998	
27	401.700	-69.998	
27	401.800	-69.998	
27	401.900	-69.998	
27	402.000	-69.998	
27	402.100	-69.998	
27	402.200	-69.998	
27	402.300	-69.998	
27	402.400	-69.998	
27	402.500	-69.998	
27	402.600	-69.998	
27	402.700	-69.998	
27	402.800	-69.998	
27	402.900	-69.998	
27	403.000	-69.998	
27	403.100	-69.998	
27	403.200	-69.998	
27	403.300	-69.998	
27	403.400	-69.998	
27	403.500	-69.998	
27	403.600	-69.998	
27	403.700	-69.998	
27	403.800	-69.998	
27	403.900	-69.998	
27	404.000	-69.998	
27	404.100	-69.998	
27	404.200	-69.998	
27	404.300	-69.998	
27	404.400	-69.998	
27	404.500	-69.998	
27	404.600	-69.998	
27	404.700	-69.998	
27	404.800	-69.998	
27	404.900	-69.998	
27	405.000	-69.998	
27	405.100	-69.998	
27	405.200	-69.998	
27	405.300	-69.998	
27	405.400	-69.998	
27	405.500	-69.998	
27	405.600	-69.998	
27	405.700	-69.998	
27	405.800	-69.998	
27	405.900	-69.998	
27	406.000	-69.998	
27	406.100	-69.998	
27	406.200	-69.998	
27	406.300	-69.998	
27	406.400	-69.998	
27	406.500	-69.998	
27	406.600	-69.998	
27	406.700	-69.998	
27	406.800	-69.998	
27	406.900	-69.998	
27	407.000	-69.998	
27	407.100	-69.998	
27	407.200	-69.998	
27	407.300	-69.998	
27	407.400	-69.998	
27	407.500	-69.998	
27	407.600	-69.998	
27	407.700	-69.998	
27	407.800	-69.998	
27	407.900	-69.998	
27	408.000	-69.998	
27	408.100	-69.998	
27	408.200	-69.998	
27	408.300	-69.998	
27	408.400	-69.998	
27	408.500	-69.998	
27	408.600	-69.998	
27	408.700	-69.998	
27	408.800	-69.998	
27	408.900	-69.998	
27	409.000	-69.998	
27	409.100	-69.998	
27	409.200	-69.998	
27	409.300	-69.998	
27	409.400	-69.998	
27	409.500	-69.998	
27	409.600	-69.998	
27	409.700	-69.998	
27	409.800	-69.998	
27	409.900	-69.998	
27	410.000	-69.998	
27	410.100	-69.998	
27	410.200	-69.998	
27	410.300	-69.998	
27	410.400	-69.998	
27	410.500	-69.998	
27	410.600	-69.998	
27	410.700	-69.998	
27	410.800	-69.998	
27	410.900	-69.998	
27	411.000	-69.998	
27	411.100	-69.998	
27	411.200	-69.998	
27	411.300	-69.998	
27	411.400	-69.998	
27	411.500	-69.998	
27	411.600	-69.998	
27	411.700	-69.998	
27	411.800	-69.998	
27	411.900	-69.998	
27	412.000	-69.998	
27	412.100	-69.998	
27	412.200	-69.998	
27	412.300	-69.998	
27	412.400	-69.998	
27	412.500	-69.998	
27	412.600	-69.998	
27	412.700	-69.998	
27	412.800	-69.998	
27	412.900	-69.998	
27	413.000	-69.998	
27	413.100	-69.998	
27	413.200	-69.998	
27	413.300	-69.998	
27	413.400	-69.998	
27	413.500	-69.998	
27	413.600	-69.998	
27	413.700	-69.998	
27	413.800	-69.998	
27	413.900	-69.998	
27	414.000	-69.998	
27	414.100	-69.998	
27	414.200	-69.998	
27	414.300	-69.998	
27	414.400	-69.998	
27	414.500	-69.998	
27	414.600	-69.998	
27	414.700	-69.998	
27	414.800	-69.998	
27	414.900	-69.998	
27	415.000	-69.998	
27	415.100	-69.998	
27	415.200	-69.998	
27	415.300	-69.998	
27	415.400	-69.998	
27	415.500	-69.998	
27	415.600	-69.998	
27	415.700	-69.998	
27	415.800	-69.998	
27	415.900	-69.998	
27	416.000	-69.998	
27	416.100	-69.998	
27	416.200	-69.998	
27	416.300	-69.998	
27	416.400	-69.998	
27	416.500	-69.998	
27	416.600	-69.998	
27	416.700	-69.998	
27	416.800	-69.998	
27	416.900	-69.998	
27	417.000	-69.998	
27	417.100	-69.998	
27	417.200	-69.998	
27	417.300	-69.998	
27	417.400	-69.998	
27	417.500	-69.998	
27	417.600	-69.998	
27	417.700	-69.998	
27	417.800	-69.998	
27	417.900	-69.998	
27	418.000	-69.998	
27	418.100	-69.998	
27	418.200	-69.998	
27	418.300	-69.998	
27	418.400	-69.998	
27	418.500	-69.998	
27	418.600	-69.998	
27	418.700	-69.998	
27	418.800	-69.998	
27	418.900	-69.998	
27	419.000	-69.998	
27	419.100	-69.998	
27	419.200	-69.998	
27	419.300	-69.998	
27	419.400	-69.998	
27	419.500	-69.998	
27	419.600	-69.998	
27	419.700	-69.998	
27	419.800	-69.998	
27	419.900	-69.998	
27	420.000	-69.998	
27	420.100	-69.998	
27	420.200	-69.998	
27	420.300	-69.998	
27	420.400	-69.998	
27	420.500	-69.998	
27	420.600	-69.998	
27	420.700	-69.998	
27	420.800	-69.998	
27	420.900	-69.998	
27	421.000	-69.998	
27	421.100	-69.998	
27	421.200	-69.998	
27	421.300	-69.998	
27	421.400	-69.998	
27	421.500	-69.998	
27	421.600	-69.998	
27	421.700	-69.998	
27	421.800	-69.998	
27	421.900	-69.998	
27	422.000	-69.998	
27	422.100	-69.998	
27	422.200	-69.998	
27	422.300	-69.998	
27	422.400	-69.998	
27	422.500	-69.998	
27	422.600	-69.998	
27	422.700	-69.998	
27	422.800	-69.998	
27	422.900	-69.998	
27	423.000	-69.998	
27	423.100	-69.998	
27	423.200	-69.998	
27	423.300	-69.998	
27	423.400	-69.998	
27	423.500	-69.998	
27	423.600	-69.998	
27	423.700	-69.998	
27	423.800	-69.998	
27	423.900	-69.998	
27	424.000	-69.998	
27	424.100	-69.998	
27	424.200	-69.998	
27	424.300	-69.998	
27	424.400	-69.998	
27	424.500	-69.998	
27	424.600	-69.998	
27	424.700	-69.998	
27	424.800	-69.998	
27	424.900	-69.998	
27	425.000	-69.998	
27	425.100	-69.998	
27	425.200	-69.998	
27	425.300	-69.998	
27	425.400	-69.998	
27	425.500	-69.998	
27	425.600	-69.998	
27	425.700	-69.998	
27	425.800	-69.998	
27	425.900	-69.998	
27	426.000	-69.998	
27	426.100	-69.998	
27	426.200	-69.998	
27	426.300	-69.998	
27	426.400	-69.998	
27	426.500	-69.998	
27	426.600	-69.998	
27	426.700	-69.998	
27	426.800	-69.998	
27	426.900	-69.998	
27	427.000	-69.998	
27	427.100	-69.998	
27	427.200	-69.998	
27	427.300	-69.998	
27	427.400	-69.998	
27	427.500	-69.998	
27	427.600	-69.998	
27	427.700	-69.998	
27	427.800	-69.998	
27	427.900	-69.998	
27	428.000	-69.998	
27	428.100	-69.998	
27	428.200	-69.998	
27	428.300	-69.998	
27	428.400	-69.998	
27	428.500	-69.998	
27	428.600	-69.998	
27	428.700	-69.998	
27	428.800	-69.998	
27	428.900	-69.998	
27	429.000	-69.998	
27	429.100	-69.998	
27	429.200	-69.998	
27	429.300	-69.998	
27	429.400	-69.998	
27	429.500	-69.998	
27	429.600	-69.998	
27	429.700	-69.998	
27	429.800	-69.998	
27	429.900	-69.998	
27	430.000	-69.998	
27	430.100	-69.998	
27	430.200	-69.998	
27	430.300	-69.998	
27	430.400	-69.998	
27	430.500	-69.998	
27	430.600	-69.998	
27	430.700	-69.998	
27	430.800	-69.998	
27	430.900	-69.998	
27	431.000	-69.998	
27	431.100	-69.998	
27	431.200	-69.998	
27	431.300	-69.998	
27	431.400	-69.998	
27	431.500	-69.998	
27	431.600	-69.998	
27	431.700	-69.998	
27	431.800	-69.998	
27	431.900	-69.998	
27	432.000	-69.998	
27	432.100	-69.998	
27	432.200	-69.998	
27	432.300	-69.998	
27	432.400	-69.998	
27	432.500	-69.998	
27	432.600	-69.998	
27	432.700	-69.998	
27	432.800	-69.998	
27	432.900	-69.998	
27	433.000	-69.998	
27	433.100	-69.998	
27	433.200	-69.998	
27	433.300	-69.998	
27	433.400	-69.998	
27	433.500	-69.998	
27	433.600	-69.998	
27	433.700	-69.998	
27	433.800	-69.998	
27	433.900	-69.998	
27	434.000	-69.998	
27	434.100	-69.998	
27	434.200	-69.998	
27	434.300	-69.998	
27	434.400	-69.998	
27	434.500	-69.998	
27	434.600	-69.998	
27	434.700	-69.998	
27	434.800	-69.998	
27	434.900	-69.998	
27	435.000	-69.998	
27	435.100	-69.998	
27	435.200	-69.998	
27	435.300	-69.998	
27	435.400	-69.998	
27	435.500	-69.998	
27	435.600	-69.998	
27	435.700	-69.998	
27	435.800	-69.998	
27	435.900	-69.998	
27	436.000	-69.998	
27	436.100	-69.998	
27	436.200	-69.998	
27	436.300	-69.998	
27	436.400	-69.998	
27	436.500	-69.998	
27	436.600	-69.998	
27	436.700	-69.998	
27	436.800	-69.998	
27	436.900	-69.998	
27	437.000	-69.998	
27	437.100	-69.998	
27	437.200	-69.998	
27	437.300	-69.998	
27	437.400	-69.998	
27	437.500	-69.998	
27	437.600	-69.998	
27	437.700	-69.998	
27	437.800	-69.998	
27	437.900	-69.998	
27	438.000	-69.998	
27	438.100	-69.998	
27	438.200	-69.998	
27	438.300	-69.998	
27	438.400	-69.998	
27	438.500	-69.998	
27	438.600	-69.998	
27	438.700	-69.998	
27	438.800	-69.998	
27	438.900	-69.998	
27	439.000	-69.998	
27	439.100	-69.998	
27	439.200	-69.998	
27	439.300	-69.998	
27	439.400	-69.998	
27	439.500	-69.998	
27	439.600	-69.998	
27	439.700	-69.998	
27	439.800	-69.998	
27	439.900	-69.998	
27	440.000	-69.998	
27	440.100	-69.998	
27	440.200	-69.998	
27	440.300	-69.998	
27	440.400	-69.998	
27	440.500	-69.998	
27	440.600	-69.998	
27	440.700	-69.998	
27	440.800	-69.998	
27	440.900	-69.998	
27	441.000	-69.998	
27	441.100	-69.998	
27	441.200	-69.998	
27	441.300	-69.998	
27	441.400	-69.998	
27	441.500	-69.998	
27	441.600	-69.998	
27	441.700	-69.998	
27	441.800	-69.998	
27	441.900	-69.998	
27	442.000	-69.998	
27	442.100	-69.998	
27	442.200	-69.998	
27	442.300	-69.998	
27	442.400	-69.998	
27	442.500	-69.998	
27	442.600	-69.998	
27	442.700	-69.998	
27	442.800	-69.998	
27	442.900	-69.998	
27	443.000	-69.998	
27	443.100	-69.998	
27	443.200	-69.998	
27	443.300	-69.998	
27	443.400	-69.998	
27	443.500	-69.998	
27	443.600	-69.998	
27	443.700	-69.998	
27	443.800	-69.998	
27	443.900	-69.998	
27	444.000	-69.998	
27	444.100	-69.998	
27	444.200	-69.998	
27	444.300	-69.998	
27	444.400	-69.998	
27	444.500	-69.998	
27	444.600	-69.998	
27	444.700	-69.998	
27	444.800	-69.998	
27	444.900	-69.998	
27	445.000	-69.998	
27	445.100	-69.998	
27	445.200	-69.998	
27	445.300	-69.998	
27	445.400	-69.998	
27	445.500	-69.998	
27	445.600	-69.998	
27	445.700	-69.998	
27	445.800	-69.998	
27	445.900	-69.998	
27	446.000	-69.998	
27	446.100	-69.998	
27	446.200	-69.998	
27	446.300	-69.998	
27	446.400	-69.998	
27	446.500	-69.998	
27	446.600	-69.998	
27	446.700	-69.998	
27	446.800	-69.998	
27	446.900	-69.998	
27	447.000	-69.998	
27	447.100	-69.998	
27	447.200	-69.998	
27	447.300	-69.998	
27	447.400	-69.998	
27	447.500	-69.998	
27	447.600	-69.998	
27	447.700	-69.998	
27	447.800	-69.998	
27	447.900	-69.998	
27	448.000	-69.998	
27	448.100	-69.998	
27	448.200	-69.998	
27	448.300	-69.998	
27	448.400	-69.998	
27	448.500	-69.998	
27	448.600	-69.998	
27	448.700	-69.998	
27	448.800	-69.998	
27	448.900	-69.998	
27	449.000	-69.998	
