26	0.100	-70.000	
26	0.200	-70.000	
26	0.300	-70.000	
26	0.400	-70.000	
26	0.500	-70.000	
26	0.600	-70.000	
26	0.700	-70.000	
26	0.800	-70.000	
26	0.900	-70.000	
26	1.000	-70.000	
26	1.100	-70.000	
26	1.200	-70.000	
26	1.300	-70.000	
26	1.400	-70.000	
26	1.500	-70.000	
26	1.600	-70.000	
26	1.700	-70.000	
26	1.800	-69.999	
26	1.900	-69.999	
26	2.000	-69.999	
26	2.100	-69.999	
26	2.200	-69.999	
26	2.300	-69.999	
26	2.400	-69.999	
26	2.500	-69.999	
26	2.600	-69.999	
26	2.700	-69.999	
26	2.800	-69.999	
26	2.900	-69.999	
26	3.000	-69.999	
26	3.100	-69.999	
26	3.200	-69.999	
26	3.300	-69.999	
26	3.400	-69.999	
26	3.500	-69.999	
26	3.600	-69.999	
26	3.700	-69.999	
26	3.800	-69.999	
26	3.900	-69.999	
26	4.000	-69.999	
26	4.100	-69.999	
26	4.200	-69.999	
26	4.300	-69.999	
26	4.400	-69.999	
26	4.500	-69.999	
26	4.600	-69.999	
26	4.700	-69.999	
26	4.800	-69.999	
26	4.900	-69.999	
26	5.000	-69.999	
26	5.100	-69.999	
26	5.200	-69.999	
26	5.300	-69.999	
26	5.400	-69.999	
26	5.500	-69.999	
26	5.600	-69.999	
26	5.700	-69.999	
26	5.800	-69.999	
26	5.900	-69.999	
26	6.000	-69.999	
26	6.100	-69.999	
26	6.200	-69.999	
26	6.300	-69.999	
26	6.400	-69.999	
26	6.500	-69.999	
26	6.600	-69.999	
26	6.700	-69.999	
26	6.800	-69.999	
26	6.900	-69.999	
26	7.000	-69.999	
26	7.100	-69.999	
26	7.200	-69.999	
26	7.300	-69.999	
26	7.400	-69.999	
26	7.500	-69.999	
26	7.600	-69.999	
26	7.700	-69.999	
26	7.800	-69.999	
26	7.900	-69.999	
26	8.000	-69.999	
26	8.100	-69.999	
26	8.200	-69.999	
26	8.300	-69.999	
26	8.400	-69.999	
26	8.500	-69.999	
26	8.600	-69.999	
26	8.700	-69.999	
26	8.800	-69.999	
26	8.900	-69.999	
26	9.000	-69.999	
26	9.100	-69.999	
26	9.200	-69.999	
26	9.300	-69.999	
26	9.400	-69.999	
26	9.500	-69.999	
26	9.600	-69.999	
26	9.700	-69.999	
26	9.800	-69.999	
26	9.900	-69.998	
26	10.000	-69.998	
26	10.100	-69.998	
26	10.200	-69.998	
26	10.300	-69.998	
26	10.400	-69.998	
26	10.500	-69.998	
26	10.600	-69.998	
26	10.700	-69.998	
26	10.800	-69.998	
26	10.900	-69.998	
26	11.000	-69.998	
26	11.100	-69.998	
26	11.200	-69.998	
26	11.300	-69.998	
26	11.400	-69.998	
26	11.500	-69.998	
26	11.600	-69.998	
26	11.700	-69.998	
26	11.800	-69.998	
26	11.900	-69.998	
26	12.000	-69.998	
26	12.100	-69.998	
26	12.200	-69.998	
26	12.300	-69.998	
26	12.400	-69.998	
26	12.500	-69.998	
26	12.600	-69.998	
26	12.700	-69.998	
26	12.800	-69.998	
26	12.900	-69.998	
26	13.000	-69.998	
26	13.100	-69.998	
26	13.200	-69.998	
26	13.300	-69.998	
26	13.400	-69.998	
26	13.500	-69.998	
26	13.600	-69.998	
26	13.700	-69.998	
26	13.800	-69.998	
26	13.900	-69.998	
26	14.000	-69.998	
26	14.100	-69.998	
26	14.200	-69.998	
26	14.300	-69.998	
26	14.400	-69.998	
26	14.500	-69.998	
26	14.600	-69.998	
26	14.700	-69.998	
26	14.800	-69.998	
26	14.900	-69.998	
26	15.000	-69.998	
26	15.100	-69.998	
26	15.200	-69.998	
26	15.300	-69.998	
26	15.400	-69.998	
26	15.500	-69.998	
26	15.600	-69.998	
26	15.700	-69.998	
26	15.800	-69.998	
26	15.900	-69.998	
26	16.000	-69.998	
26	16.100	-69.998	
26	16.200	-69.998	
26	16.300	-69.998	
26	16.400	-69.998	
26	16.500	-69.998	
26	16.600	-69.998	
26	16.700	-69.998	
26	16.800	-69.998	
26	16.900	-69.998	
26	17.000	-69.998	
26	17.100	-69.998	
26	17.200	-69.998	
26	17.300	-69.998	
26	17.400	-69.998	
26	17.500	-69.998	
26	17.600	-69.998	
26	17.700	-69.998	
26	17.800	-69.998	
26	17.900	-69.998	
26	18.000	-69.998	
26	18.100	-69.998	
26	18.200	-69.998	
26	18.300	-69.998	
26	18.400	-69.998	
26	18.500	-69.998	
26	18.600	-69.998	
26	18.700	-69.998	
26	18.800	-69.998	
26	18.900	-69.998	
26	19.000	-69.998	
26	19.100	-69.998	
26	19.200	-69.998	
26	19.300	-69.998	
26	19.400	-69.998	
26	19.500	-69.998	
26	19.600	-69.998	
26	19.700	-69.998	
26	19.800	-69.998	
26	19.900	-69.998	
26	20.000	-69.998	
26	20.100	-69.998	
26	20.200	-69.998	
26	20.300	-69.998	
26	20.400	-69.998	
26	20.500	-69.998	
26	20.600	-69.998	
26	20.700	-69.998	
26	20.800	-69.998	
26	20.900	-69.998	
26	21.000	-69.998	
26	21.100	-69.998	
26	21.200	-69.998	
26	21.300	-69.998	
26	21.400	-69.998	
26	21.500	-69.998	
26	21.600	-69.998	
26	21.700	-69.998	
26	21.800	-69.998	
26	21.900	-69.998	
26	22.000	-69.998	
26	22.100	-69.998	
26	22.200	-69.998	
26	22.300	-69.998	
26	22.400	-69.998	
26	22.500	-69.998	
26	22.600	-69.998	
26	22.700	-69.998	
26	22.800	-69.998	
26	22.900	-69.998	
26	23.000	-69.998	
26	23.100	-69.998	
26	23.200	-69.998	
26	23.300	-69.998	
26	23.400	-69.998	
26	23.500	-69.998	
26	23.600	-69.998	
26	23.700	-69.998	
26	23.800	-69.998	
26	23.900	-69.998	
26	24.000	-69.998	
26	24.100	-69.998	
26	24.200	-69.998	
26	24.300	-69.998	
26	24.400	-69.998	
26	24.500	-69.998	
26	24.600	-69.998	
26	24.700	-69.998	
26	24.800	-69.998	
26	24.900	-69.998	
26	25.000	-69.998	
26	25.100	-69.998	
26	25.200	-69.998	
26	25.300	-69.998	
26	25.400	-69.998	
26	25.500	-69.998	
26	25.600	-69.998	
26	25.700	-69.998	
26	25.800	-69.998	
26	25.900	-69.998	
26	26.000	-69.998	
26	26.100	-69.998	
26	26.200	-69.998	
26	26.300	-69.998	
26	26.400	-69.998	
26	26.500	-69.998	
26	26.600	-69.998	
26	26.700	-69.998	
26	26.800	-69.998	
26	26.900	-69.998	
26	27.000	-69.998	
26	27.100	-69.998	
26	27.200	-69.998	
26	27.300	-69.998	
26	27.400	-69.998	
26	27.500	-69.998	
26	27.600	-69.998	
26	27.700	-69.998	
26	27.800	-69.998	
26	27.900	-69.998	
26	28.000	-69.998	
26	28.100	-69.998	
26	28.200	-69.998	
26	28.300	-69.998	
26	28.400	-69.998	
26	28.500	-69.998	
26	28.600	-69.998	
26	28.700	-69.998	
26	28.800	-69.998	
26	28.900	-69.998	
26	29.000	-69.998	
26	29.100	-69.998	
26	29.200	-69.998	
26	29.300	-69.998	
26	29.400	-69.998	
26	29.500	-69.998	
26	29.600	-69.998	
26	29.700	-69.998	
26	29.800	-69.998	
26	29.900	-69.998	
26	30.000	-69.998	
26	30.100	-69.998	
26	30.200	-69.998	
26	30.300	-69.998	
26	30.400	-69.998	
26	30.500	-69.998	
26	30.600	-69.998	
26	30.700	-69.998	
26	30.800	-69.998	
26	30.900	-69.998	
26	31.000	-69.998	
26	31.100	-69.998	
26	31.200	-69.998	
26	31.300	-69.998	
26	31.400	-69.998	
26	31.500	-69.998	
26	31.600	-69.998	
26	31.700	-69.998	
26	31.800	-69.998	
26	31.900	-69.998	
26	32.000	-69.998	
26	32.100	-69.998	
26	32.200	-69.998	
26	32.300	-69.998	
26	32.400	-69.998	
26	32.500	-69.998	
26	32.600	-69.998	
26	32.700	-69.998	
26	32.800	-69.998	
26	32.900	-69.998	
26	33.000	-69.998	
26	33.100	-69.998	
26	33.200	-69.998	
26	33.300	-69.998	
26	33.400	-69.998	
26	33.500	-69.998	
26	33.600	-69.998	
26	33.700	-69.998	
26	33.800	-69.998	
26	33.900	-69.998	
26	34.000	-69.998	
26	34.100	-69.998	
26	34.200	-69.998	
26	34.300	-69.998	
26	34.400	-69.998	
26	34.500	-69.998	
26	34.600	-69.998	
26	34.700	-69.998	
26	34.800	-69.998	
26	34.900	-69.998	
26	35.000	-69.998	
26	35.100	-69.998	
26	35.200	-69.998	
26	35.300	-69.998	
26	35.400	-69.998	
26	35.500	-69.998	
26	35.600	-69.998	
26	35.700	-69.998	
26	35.800	-69.998	
26	35.900	-69.998	
26	36.000	-69.998	
26	36.100	-69.998	
26	36.200	-69.998	
26	36.300	-69.998	
26	36.400	-69.998	
26	36.500	-69.998	
26	36.600	-69.998	
26	36.700	-69.998	
26	36.800	-69.998	
26	36.900	-69.998	
26	37.000	-69.998	
26	37.100	-69.998	
26	37.200	-69.998	
26	37.300	-69.998	
26	37.400	-69.998	
26	37.500	-69.998	
26	37.600	-69.998	
26	37.700	-69.998	
26	37.800	-69.998	
26	37.900	-69.998	
26	38.000	-69.998	
26	38.100	-69.998	
26	38.200	-69.998	
26	38.300	-69.998	
26	38.400	-69.998	
26	38.500	-69.998	
26	38.600	-69.998	
26	38.700	-69.998	
26	38.800	-69.998	
26	38.900	-69.998	
26	39.000	-69.998	
26	39.100	-69.998	
26	39.200	-69.998	
26	39.300	-69.998	
26	39.400	-69.998	
26	39.500	-69.998	
26	39.600	-69.998	
26	39.700	-69.998	
26	39.800	-69.998	
26	39.900	-69.998	
26	40.000	-69.998	
26	40.100	-69.998	
26	40.200	-69.998	
26	40.300	-69.998	
26	40.400	-69.998	
26	40.500	-69.998	
26	40.600	-69.998	
26	40.700	-69.998	
26	40.800	-69.998	
26	40.900	-69.998	
26	41.000	-69.998	
26	41.100	-69.998	
26	41.200	-69.998	
26	41.300	-69.998	
26	41.400	-69.998	
26	41.500	-69.998	
26	41.600	-69.998	
26	41.700	-69.998	
26	41.800	-69.998	
26	41.900	-69.998	
26	42.000	-69.998	
26	42.100	-69.998	
26	42.200	-69.998	
26	42.300	-69.998	
26	42.400	-69.998	
26	42.500	-69.998	
26	42.600	-69.998	
26	42.700	-69.998	
26	42.800	-69.998	
26	42.900	-69.998	
26	43.000	-69.998	
26	43.100	-69.998	
26	43.200	-69.998	
26	43.300	-69.998	
26	43.400	-69.998	
26	43.500	-69.998	
26	43.600	-69.998	
26	43.700	-69.998	
26	43.800	-69.998	
26	43.900	-69.998	
26	44.000	-69.998	
26	44.100	-69.998	
26	44.200	-69.998	
26	44.300	-69.998	
26	44.400	-69.998	
26	44.500	-69.998	
26	44.600	-69.998	
26	44.700	-69.998	
26	44.800	-69.998	
26	44.900	-69.998	
26	45.000	-69.998	
26	45.100	-69.998	
26	45.200	-69.998	
26	45.300	-69.998	
26	45.400	-69.998	
26	45.500	-69.998	
26	45.600	-69.998	
26	45.700	-69.998	
26	45.800	-69.998	
26	45.900	-69.998	
26	46.000	-69.998	
26	46.100	-69.998	
26	46.200	-69.998	
26	46.300	-69.998	
26	46.400	-69.998	
26	46.500	-69.998	
26	46.600	-69.998	
26	46.700	-69.998	
26	46.800	-69.998	
26	46.900	-69.998	
26	47.000	-69.998	
26	47.100	-69.998	
26	47.200	-69.998	
26	47.300	-69.998	
26	47.400	-69.998	
26	47.500	-69.998	
26	47.600	-69.998	
26	47.700	-69.998	
26	47.800	-69.998	
26	47.900	-69.998	
26	48.000	-69.998	
26	48.100	-69.998	
26	48.200	-69.998	
26	48.300	-69.998	
26	48.400	-69.998	
26	48.500	-69.998	
26	48.600	-69.998	
26	48.700	-69.998	
26	48.800	-69.998	
26	48.900	-69.998	
26	49.000	-69.998	
26	49.100	-69.998	
26	49.200	-69.998	
26	49.300	-69.998	
26	49.400	-69.998	
26	49.500	-69.998	
26	49.600	-69.998	
26	49.700	-69.998	
26	49.800	-69.998	
26	49.900	-69.998	
26	50.000	-69.998	
26	50.100	-69.998	
26	50.200	-69.998	
26	50.300	-69.998	
26	50.400	-69.998	
26	50.500	-69.998	
26	50.600	-69.998	
26	50.700	-69.998	
26	50.800	-69.998	
26	50.900	-69.998	
26	51.000	-69.998	
26	51.100	-69.998	
26	51.200	-69.998	
26	51.300	-69.998	
26	51.400	-69.998	
26	51.500	-69.998	
26	51.600	-69.998	
26	51.700	-69.998	
26	51.800	-69.998	
26	51.900	-69.998	
26	52.000	-69.998	
26	52.100	-69.998	
26	52.200	-69.998	
26	52.300	-69.998	
26	52.400	-69.998	
26	52.500	-69.998	
26	52.600	-69.998	
26	52.700	-69.998	
26	52.800	-69.998	
26	52.900	-69.998	
26	53.000	-69.998	
26	53.100	-69.998	
26	53.200	-69.998	
26	53.300	-69.998	
26	53.400	-69.998	
26	53.500	-69.998	
26	53.600	-69.998	
26	53.700	-69.998	
26	53.800	-69.998	
26	53.900	-69.998	
26	54.000	-69.998	
26	54.100	-69.998	
26	54.200	-69.998	
26	54.300	-69.998	
26	54.400	-69.998	
26	54.500	-69.998	
26	54.600	-69.998	
26	54.700	-69.998	
26	54.800	-69.998	
26	54.900	-69.998	
26	55.000	-69.998	
26	55.100	-69.998	
26	55.200	-69.998	
26	55.300	-69.998	
26	55.400	-69.998	
26	55.500	-69.998	
26	55.600	-69.998	
26	55.700	-69.998	
26	55.800	-69.998	
26	55.900	-69.998	
26	56.000	-69.998	
26	56.100	-69.998	
26	56.200	-69.998	
26	56.300	-69.998	
26	56.400	-69.998	
26	56.500	-69.998	
26	56.600	-69.998	
26	56.700	-69.998	
26	56.800	-69.998	
26	56.900	-69.998	
26	57.000	-69.998	
26	57.100	-69.998	
26	57.200	-69.998	
26	57.300	-69.998	
26	57.400	-69.998	
26	57.500	-69.998	
26	57.600	-69.998	
26	57.700	-69.998	
26	57.800	-69.998	
26	57.900	-69.998	
26	58.000	-69.998	
26	58.100	-69.998	
26	58.200	-69.998	
26	58.300	-69.998	
26	58.400	-69.998	
26	58.500	-69.998	
26	58.600	-69.998	
26	58.700	-69.998	
26	58.800	-69.998	
26	58.900	-69.998	
26	59.000	-69.998	
26	59.100	-69.998	
26	59.200	-69.998	
26	59.300	-69.998	
26	59.400	-69.998	
26	59.500	-69.998	
26	59.600	-69.998	
26	59.700	-69.998	
26	59.800	-69.998	
26	59.900	-69.998	
26	60.000	-69.998	
26	60.100	-69.998	
26	60.200	-69.998	
26	60.300	-69.998	
26	60.400	-69.998	
26	60.500	-69.998	
26	60.600	-69.998	
26	60.700	-69.998	
26	60.800	-69.998	
26	60.900	-69.998	
26	61.000	-69.998	
26	61.100	-69.998	
26	61.200	-69.998	
26	61.300	-69.998	
26	61.400	-69.998	
26	61.500	-69.998	
26	61.600	-69.998	
26	61.700	-69.998	
26	61.800	-69.998	
26	61.900	-69.998	
26	62.000	-69.998	
26	62.100	-69.998	
26	62.200	-69.998	
26	62.300	-69.998	
26	62.400	-69.998	
26	62.500	-69.998	
26	62.600	-69.998	
26	62.700	-69.998	
26	62.800	-69.998	
26	62.900	-69.998	
26	63.000	-69.998	
26	63.100	-69.998	
26	63.200	-69.998	
26	63.300	-69.998	
26	63.400	-69.998	
26	63.500	-69.998	
26	63.600	-69.998	
26	63.700	-69.998	
26	63.800	-69.998	
26	63.900	-69.998	
26	64.000	-69.998	
26	64.100	-69.998	
26	64.200	-69.998	
26	64.300	-69.998	
26	64.400	-69.998	
26	64.500	-69.998	
26	64.600	-69.998	
26	64.700	-69.998	
26	64.800	-69.998	
26	64.900	-69.998	
26	65.000	-69.998	
26	65.100	-69.998	
26	65.200	-69.998	
26	65.300	-69.998	
26	65.400	-69.998	
26	65.500	-69.998	
26	65.600	-69.998	
26	65.700	-69.998	
26	65.800	-69.998	
26	65.900	-69.998	
26	66.000	-69.998	
26	66.100	-69.998	
26	66.200	-69.998	
26	66.300	-69.998	
26	66.400	-69.998	
26	66.500	-69.998	
26	66.600	-69.998	
26	66.700	-69.998	
26	66.800	-69.998	
26	66.900	-69.998	
26	67.000	-69.998	
26	67.100	-69.998	
26	67.200	-69.998	
26	67.300	-69.998	
26	67.400	-69.998	
26	67.500	-69.998	
26	67.600	-69.998	
26	67.700	-69.998	
26	67.800	-69.998	
26	67.900	-69.998	
26	68.000	-69.998	
26	68.100	-69.998	
26	68.200	-69.998	
26	68.300	-69.998	
26	68.400	-69.998	
26	68.500	-69.998	
26	68.600	-69.998	
26	68.700	-69.998	
26	68.800	-69.998	
26	68.900	-69.998	
26	69.000	-69.998	
26	69.100	-69.998	
26	69.200	-69.998	
26	69.300	-69.998	
26	69.400	-69.998	
26	69.500	-69.998	
26	69.600	-69.998	
26	69.700	-69.998	
26	69.800	-69.998	
26	69.900	-69.998	
26	70.000	-69.998	
26	70.100	-69.998	
26	70.200	-69.998	
26	70.300	-69.998	
26	70.400	-69.998	
26	70.500	-69.998	
26	70.600	-69.998	
26	70.700	-69.998	
26	70.800	-69.998	
26	70.900	-69.998	
26	71.000	-69.998	
26	71.100	-69.998	
26	71.200	-69.998	
26	71.300	-69.998	
26	71.400	-69.998	
26	71.500	-69.998	
26	71.600	-69.998	
26	71.700	-69.998	
26	71.800	-69.998	
26	71.900	-69.998	
26	72.000	-69.998	
26	72.100	-69.998	
26	72.200	-69.998	
26	72.300	-69.998	
26	72.400	-69.998	
26	72.500	-69.998	
26	72.600	-69.998	
26	72.700	-69.998	
26	72.800	-69.998	
26	72.900	-69.998	
26	73.000	-69.998	
26	73.100	-69.998	
26	73.200	-69.998	
26	73.300	-69.998	
26	73.400	-69.998	
26	73.500	-69.998	
26	73.600	-69.998	
26	73.700	-69.998	
26	73.800	-69.998	
26	73.900	-69.998	
26	74.000	-69.998	
26	74.100	-69.998	
26	74.200	-69.998	
26	74.300	-69.998	
26	74.400	-69.998	
26	74.500	-69.998	
26	74.600	-69.998	
26	74.700	-69.998	
26	74.800	-69.998	
26	74.900	-69.998	
26	75.000	-69.998	
26	75.100	-69.998	
26	75.200	-69.998	
26	75.300	-69.998	
26	75.400	-69.998	
26	75.500	-69.998	
26	75.600	-69.998	
26	75.700	-69.998	
26	75.800	-69.998	
26	75.900	-69.998	
26	76.000	-69.998	
26	76.100	-69.998	
26	76.200	-69.998	
26	76.300	-69.998	
26	76.400	-69.998	
26	76.500	-69.998	
26	76.600	-69.998	
26	76.700	-69.998	
26	76.800	-69.998	
26	76.900	-69.998	
26	77.000	-69.998	
26	77.100	-69.998	
26	77.200	-69.998	
26	77.300	-69.998	
26	77.400	-69.998	
26	77.500	-69.998	
26	77.600	-69.998	
26	77.700	-69.998	
26	77.800	-69.998	
26	77.900	-69.998	
26	78.000	-69.998	
26	78.100	-69.998	
26	78.200	-69.998	
26	78.300	-69.998	
26	78.400	-69.998	
26	78.500	-69.998	
26	78.600	-69.998	
26	78.700	-69.998	
26	78.800	-69.998	
26	78.900	-69.998	
26	79.000	-69.998	
26	79.100	-69.998	
26	79.200	-69.998	
26	79.300	-69.998	
26	79.400	-69.998	
26	79.500	-69.998	
26	79.600	-69.998	
26	79.700	-69.998	
26	79.800	-69.998	
26	79.900	-69.998	
26	80.000	-69.998	
26	80.100	-69.998	
26	80.200	-69.998	
26	80.300	-69.998	
26	80.400	-69.998	
26	80.500	-69.998	
26	80.600	-69.998	
26	80.700	-69.998	
26	80.800	-69.998	
26	80.900	-69.998	
26	81.000	-69.998	
26	81.100	-69.998	
26	81.200	-69.998	
26	81.300	-69.998	
26	81.400	-69.998	
26	81.500	-69.998	
26	81.600	-69.998	
26	81.700	-69.998	
26	81.800	-69.998	
26	81.900	-69.998	
26	82.000	-69.998	
26	82.100	-69.998	
26	82.200	-69.998	
26	82.300	-69.998	
26	82.400	-69.998	
26	82.500	-69.998	
26	82.600	-69.998	
26	82.700	-69.998	
26	82.800	-69.998	
26	82.900	-69.998	
26	83.000	-69.998	
26	83.100	-69.998	
26	83.200	-69.998	
26	83.300	-69.998	
26	83.400	-69.998	
26	83.500	-69.998	
26	83.600	-69.998	
26	83.700	-69.998	
26	83.800	-69.998	
26	83.900	-69.998	
26	84.000	-69.998	
26	84.100	-69.998	
26	84.200	-69.998	
26	84.300	-69.998	
26	84.400	-69.998	
26	84.500	-69.998	
26	84.600	-69.998	
26	84.700	-69.998	
26	84.800	-69.998	
26	84.900	-69.998	
26	85.000	-69.998	
26	85.100	-69.998	
26	85.200	-69.998	
26	85.300	-69.998	
26	85.400	-69.998	
26	85.500	-69.998	
26	85.600	-69.998	
26	85.700	-69.998	
26	85.800	-69.998	
26	85.900	-69.998	
26	86.000	-69.998	
26	86.100	-69.998	
26	86.200	-69.998	
26	86.300	-69.998	
26	86.400	-69.998	
26	86.500	-69.998	
26	86.600	-69.998	
26	86.700	-69.998	
26	86.800	-69.998	
26	86.900	-69.998	
26	87.000	-69.998	
26	87.100	-69.998	
26	87.200	-69.998	
26	87.300	-69.998	
26	87.400	-69.998	
26	87.500	-69.998	
26	87.600	-69.998	
26	87.700	-69.998	
26	87.800	-69.998	
26	87.900	-69.998	
26	88.000	-69.998	
26	88.100	-69.998	
26	88.200	-69.998	
26	88.300	-69.998	
26	88.400	-69.998	
26	88.500	-69.998	
26	88.600	-69.998	
26	88.700	-69.998	
26	88.800	-69.998	
26	88.900	-69.998	
26	89.000	-69.998	
26	89.100	-69.998	
26	89.200	-69.998	
26	89.300	-69.998	
26	89.400	-69.998	
26	89.500	-69.998	
26	89.600	-69.998	
26	89.700	-69.998	
26	89.800	-69.998	
26	89.900	-69.998	
26	90.000	-69.998	
26	90.100	-69.998	
26	90.200	-69.998	
26	90.300	-69.998	
26	90.400	-69.998	
26	90.500	-69.998	
26	90.600	-69.998	
26	90.700	-69.998	
26	90.800	-69.998	
26	90.900	-69.998	
26	91.000	-69.998	
26	91.100	-69.998	
26	91.200	-69.998	
26	91.300	-69.998	
26	91.400	-69.998	
26	91.500	-69.998	
26	91.600	-69.998	
26	91.700	-69.998	
26	91.800	-69.998	
26	91.900	-69.998	
26	92.000	-69.998	
26	92.100	-69.998	
26	92.200	-69.998	
26	92.300	-69.998	
26	92.400	-69.998	
26	92.500	-69.998	
26	92.600	-69.998	
26	92.700	-69.998	
26	92.800	-69.998	
26	92.900	-69.998	
26	93.000	-69.998	
26	93.100	-69.998	
26	93.200	-69.998	
26	93.300	-69.998	
26	93.400	-69.998	
26	93.500	-69.998	
26	93.600	-69.998	
26	93.700	-69.998	
26	93.800	-69.998	
26	93.900	-69.998	
26	94.000	-69.998	
26	94.100	-69.998	
26	94.200	-69.998	
26	94.300	-69.998	
26	94.400	-69.998	
26	94.500	-69.998	
26	94.600	-69.998	
26	94.700	-69.998	
26	94.800	-69.998	
26	94.900	-69.998	
26	95.000	-69.998	
26	95.100	-69.998	
26	95.200	-69.998	
26	95.300	-69.998	
26	95.400	-69.998	
26	95.500	-69.998	
26	95.600	-69.998	
26	95.700	-69.998	
26	95.800	-69.998	
26	95.900	-69.998	
26	96.000	-69.998	
26	96.100	-69.998	
26	96.200	-69.998	
26	96.300	-69.998	
26	96.400	-69.998	
26	96.500	-69.998	
26	96.600	-69.998	
26	96.700	-69.998	
26	96.800	-69.998	
26	96.900	-69.998	
26	97.000	-69.998	
26	97.100	-69.998	
26	97.200	-69.998	
26	97.300	-69.998	
26	97.400	-69.998	
26	97.500	-69.998	
26	97.600	-69.998	
26	97.700	-69.998	
26	97.800	-69.998	
26	97.900	-69.998	
26	98.000	-69.998	
26	98.100	-69.998	
26	98.200	-69.998	
26	98.300	-69.998	
26	98.400	-69.998	
26	98.500	-69.998	
26	98.600	-69.998	
26	98.700	-69.998	
26	98.800	-69.998	
26	98.900	-69.998	
26	99.000	-69.998	
26	99.100	-69.998	
26	99.200	-69.998	
26	99.300	-69.998	
26	99.400	-69.998	
26	99.500	-69.998	
26	99.600	-69.998	
26	99.700	-69.998	
26	99.800	-69.998	
26	99.900	-69.998	
26	100.000	-69.998	
26	100.100	-69.998	
26	100.200	-69.998	
26	100.300	-69.998	
26	100.400	-69.998	
26	100.500	-69.998	
26	100.600	-69.998	
26	100.700	-69.998	
26	100.800	-69.998	
26	100.900	-69.998	
26	101.000	-69.998	
26	101.100	-69.998	
26	101.200	-69.998	
26	101.300	-69.998	
26	101.400	-69.998	
26	101.500	-69.998	
26	101.600	-69.998	
26	101.700	-69.998	
26	101.800	-69.998	
26	101.900	-69.998	
26	102.000	-69.998	
26	102.100	-69.998	
26	102.200	-69.998	
26	102.300	-69.998	
26	102.400	-69.998	
26	102.500	-69.998	
26	102.600	-69.998	
26	102.700	-69.998	
26	102.800	-69.998	
26	102.900	-69.998	
26	103.000	-69.998	
26	103.100	-69.998	
26	103.200	-69.998	
26	103.300	-69.998	
26	103.400	-69.998	
26	103.500	-69.998	
26	103.600	-69.998	
26	103.700	-69.998	
26	103.800	-69.998	
26	103.900	-69.998	
26	104.000	-69.998	
26	104.100	-69.998	
26	104.200	-69.998	
26	104.300	-69.998	
26	104.400	-69.998	
26	104.500	-69.998	
26	104.600	-69.998	
26	104.700	-69.998	
26	104.800	-69.998	
26	104.900	-69.998	
26	105.000	-69.998	
26	105.100	-69.998	
26	105.200	-69.998	
26	105.300	-69.998	
26	105.400	-69.998	
26	105.500	-69.998	
26	105.600	-69.998	
26	105.700	-69.998	
26	105.800	-69.998	
26	105.900	-69.998	
26	106.000	-69.998	
26	106.100	-69.998	
26	106.200	-69.998	
26	106.300	-69.998	
26	106.400	-69.998	
26	106.500	-69.998	
26	106.600	-69.998	
26	106.700	-69.998	
26	106.800	-69.998	
26	106.900	-69.998	
26	107.000	-69.998	
26	107.100	-69.998	
26	107.200	-69.998	
26	107.300	-69.998	
26	107.400	-69.998	
26	107.500	-69.998	
26	107.600	-69.998	
26	107.700	-69.998	
26	107.800	-69.998	
26	107.900	-69.998	
26	108.000	-69.998	
26	108.100	-69.998	
26	108.200	-69.998	
26	108.300	-69.998	
26	108.400	-69.998	
26	108.500	-69.998	
26	108.600	-69.998	
26	108.700	-69.998	
26	108.800	-69.998	
26	108.900	-69.998	
26	109.000	-69.998	
26	109.100	-69.998	
26	109.200	-69.998	
26	109.300	-69.998	
26	109.400	-69.998	
26	109.500	-69.998	
26	109.600	-69.998	
26	109.700	-69.998	
26	109.800	-69.998	
26	109.900	-69.998	
26	110.000	-69.998	
26	110.100	-69.998	
26	110.200	-69.998	
26	110.300	-69.998	
26	110.400	-69.998	
26	110.500	-69.998	
26	110.600	-69.998	
26	110.700	-69.998	
26	110.800	-69.998	
26	110.900	-69.998	
26	111.000	-69.998	
26	111.100	-69.998	
26	111.200	-69.998	
26	111.300	-69.998	
26	111.400	-69.998	
26	111.500	-69.998	
26	111.600	-69.998	
26	111.700	-69.998	
26	111.800	-69.998	
26	111.900	-69.998	
26	112.000	-69.998	
26	112.100	-69.998	
26	112.200	-69.998	
26	112.300	-69.998	
26	112.400	-69.998	
26	112.500	-69.998	
26	112.600	-69.998	
26	112.700	-69.998	
26	112.800	-69.998	
26	112.900	-69.998	
26	113.000	-69.998	
26	113.100	-69.998	
26	113.200	-69.998	
26	113.300	-69.998	
26	113.400	-69.998	
26	113.500	-69.998	
26	113.600	-69.998	
26	113.700	-69.998	
26	113.800	-69.998	
26	113.900	-69.998	
26	114.000	-69.998	
26	114.100	-69.998	
26	114.200	-69.998	
26	114.300	-69.998	
26	114.400	-69.998	
26	114.500	-69.998	
26	114.600	-69.998	
26	114.700	-69.998	
26	114.800	-69.998	
26	114.900	-69.998	
26	115.000	-69.998	
26	115.100	-69.998	
26	115.200	-69.998	
26	115.300	-69.998	
26	115.400	-69.998	
26	115.500	-69.998	
26	115.600	-69.998	
26	115.700	-69.998	
26	115.800	-69.998	
26	115.900	-69.998	
26	116.000	-69.998	
26	116.100	-69.998	
26	116.200	-69.998	
26	116.300	-69.998	
26	116.400	-69.998	
26	116.500	-69.998	
26	116.600	-69.998	
26	116.700	-69.998	
26	116.800	-69.998	
26	116.900	-69.998	
26	117.000	-69.998	
26	117.100	-69.998	
26	117.200	-69.998	
26	117.300	-69.998	
26	117.400	-69.998	
26	117.500	-69.998	
26	117.600	-69.998	
26	117.700	-69.998	
26	117.800	-69.998	
26	117.900	-69.998	
26	118.000	-69.998	
26	118.100	-69.998	
26	118.200	-69.998	
26	118.300	-69.998	
26	118.400	-69.998	
26	118.500	-69.998	
26	118.600	-69.998	
26	118.700	-69.998	
26	118.800	-69.998	
26	118.900	-69.998	
26	119.000	-69.998	
26	119.100	-69.998	
26	119.200	-69.998	
26	119.300	-69.998	
26	119.400	-69.998	
26	119.500	-69.998	
26	119.600	-69.998	
26	119.700	-69.998	
26	119.800	-69.998	
26	119.900	-69.998	
26	120.000	-69.998	
26	120.100	-69.998	
26	120.200	-69.998	
26	120.300	-69.998	
26	120.400	-69.998	
26	120.500	-69.998	
26	120.600	-69.998	
26	120.700	-69.998	
26	120.800	-69.998	
26	120.900	-69.998	
26	121.000	-69.998	
26	121.100	-69.998	
26	121.200	-69.998	
26	121.300	-69.998	
26	121.400	-69.998	
26	121.500	-69.998	
26	121.600	-69.998	
26	121.700	-69.998	
26	121.800	-69.998	
26	121.900	-69.998	
26	122.000	-69.998	
26	122.100	-69.998	
26	122.200	-69.998	
26	122.300	-69.998	
26	122.400	-69.998	
26	122.500	-69.998	
26	122.600	-69.998	
26	122.700	-69.998	
26	122.800	-69.998	
26	122.900	-69.998	
26	123.000	-69.998	
26	123.100	-69.998	
26	123.200	-69.998	
26	123.300	-69.998	
26	123.400	-69.998	
26	123.500	-69.998	
26	123.600	-69.998	
26	123.700	-69.998	
26	123.800	-69.998	
26	123.900	-69.998	
26	124.000	-69.998	
26	124.100	-69.998	
26	124.200	-69.998	
26	124.300	-69.998	
26	124.400	-69.998	
26	124.500	-69.998	
26	124.600	-69.998	
26	124.700	-69.998	
26	124.800	-69.998	
26	124.900	-69.998	
26	125.000	-69.998	
26	125.100	-69.998	
26	125.200	-69.998	
26	125.300	-69.998	
26	125.400	-69.998	
26	125.500	-69.998	
26	125.600	-69.998	
26	125.700	-69.998	
26	125.800	-69.998	
26	125.900	-69.998	
26	126.000	-69.998	
26	126.100	-69.998	
26	126.200	-69.998	
26	126.300	-69.998	
26	126.400	-69.998	
26	126.500	-69.998	
26	126.600	-69.998	
26	126.700	-69.998	
26	126.800	-69.998	
26	126.900	-69.998	
26	127.000	-69.998	
26	127.100	-69.998	
26	127.200	-69.998	
26	127.300	-69.998	
26	127.400	-69.998	
26	127.500	-69.998	
26	127.600	-69.998	
26	127.700	-69.998	
26	127.800	-69.998	
26	127.900	-69.998	
26	128.000	-69.998	
26	128.100	-69.998	
26	128.200	-69.998	
26	128.300	-69.998	
26	128.400	-69.998	
26	128.500	-69.998	
26	128.600	-69.998	
26	128.700	-69.998	
26	128.800	-69.998	
26	128.900	-69.998	
26	129.000	-69.998	
26	129.100	-69.998	
26	129.200	-69.998	
26	129.300	-69.998	
26	129.400	-69.998	
26	129.500	-69.998	
26	129.600	-69.998	
26	129.700	-69.998	
26	129.800	-69.998	
26	129.900	-69.998	
26	130.000	-69.998	
26	130.100	-69.998	
26	130.200	-69.998	
26	130.300	-69.998	
26	130.400	-69.998	
26	130.500	-69.998	
26	130.600	-69.998	
26	130.700	-69.998	
26	130.800	-69.998	
26	130.900	-69.998	
26	131.000	-69.998	
26	131.100	-69.998	
26	131.200	-69.998	
26	131.300	-69.998	
26	131.400	-69.998	
26	131.500	-69.998	
26	131.600	-69.998	
26	131.700	-69.998	
26	131.800	-69.998	
26	131.900	-69.998	
26	132.000	-69.998	
26	132.100	-69.998	
26	132.200	-69.998	
26	132.300	-69.998	
26	132.400	-69.998	
26	132.500	-69.998	
26	132.600	-69.998	
26	132.700	-69.998	
26	132.800	-69.998	
26	132.900	-69.998	
26	133.000	-69.998	
26	133.100	-69.998	
26	133.200	-69.998	
26	133.300	-69.998	
26	133.400	-69.998	
26	133.500	-69.998	
26	133.600	-69.998	
26	133.700	-69.998	
26	133.800	-69.998	
26	133.900	-69.998	
26	134.000	-69.998	
26	134.100	-69.998	
26	134.200	-69.998	
26	134.300	-69.998	
26	134.400	-69.998	
26	134.500	-69.998	
26	134.600	-69.998	
26	134.700	-69.998	
26	134.800	-69.998	
26	134.900	-69.998	
26	135.000	-69.998	
26	135.100	-69.998	
26	135.200	-69.998	
26	135.300	-69.998	
26	135.400	-69.998	
26	135.500	-69.998	
26	135.600	-69.998	
26	135.700	-69.998	
26	135.800	-69.998	
26	135.900	-69.998	
26	136.000	-69.998	
26	136.100	-69.998	
26	136.200	-69.998	
26	136.300	-69.998	
26	136.400	-69.998	
26	136.500	-69.998	
26	136.600	-69.998	
26	136.700	-69.998	
26	136.800	-69.998	
26	136.900	-69.998	
26	137.000	-69.998	
26	137.100	-69.998	
26	137.200	-69.998	
26	137.300	-69.998	
26	137.400	-69.998	
26	137.500	-69.998	
26	137.600	-69.998	
26	137.700	-69.998	
26	137.800	-69.998	
26	137.900	-69.998	
26	138.000	-69.998	
26	138.100	-69.998	
26	138.200	-69.998	
26	138.300	-69.998	
26	138.400	-69.998	
26	138.500	-69.998	
26	138.600	-69.998	
26	138.700	-69.998	
26	138.800	-69.998	
26	138.900	-69.998	
26	139.000	-69.998	
26	139.100	-69.998	
26	139.200	-69.998	
26	139.300	-69.998	
26	139.400	-69.998	
26	139.500	-69.998	
26	139.600	-69.998	
26	139.700	-69.998	
26	139.800	-69.998	
26	139.900	-69.998	
26	140.000	-69.998	
26	140.100	-69.998	
26	140.200	-69.998	
26	140.300	-69.998	
26	140.400	-69.998	
26	140.500	-69.998	
26	140.600	-69.998	
26	140.700	-69.998	
26	140.800	-69.998	
26	140.900	-69.998	
26	141.000	-69.998	
26	141.100	-69.998	
26	141.200	-69.998	
26	141.300	-69.998	
26	141.400	-69.998	
26	141.500	-69.998	
26	141.600	-69.998	
26	141.700	-69.998	
26	141.800	-69.998	
26	141.900	-69.998	
26	142.000	-69.998	
26	142.100	-69.998	
26	142.200	-69.998	
26	142.300	-69.998	
26	142.400	-69.998	
26	142.500	-69.998	
26	142.600	-69.998	
26	142.700	-69.998	
26	142.800	-69.998	
26	142.900	-69.998	
26	143.000	-69.998	
26	143.100	-69.998	
26	143.200	-69.998	
26	143.300	-69.998	
26	143.400	-69.998	
26	143.500	-69.998	
26	143.600	-69.998	
26	143.700	-69.998	
26	143.800	-69.998	
26	143.900	-69.998	
26	144.000	-69.998	
26	144.100	-69.998	
26	144.200	-69.998	
26	144.300	-69.998	
26	144.400	-69.998	
26	144.500	-69.998	
26	144.600	-69.998	
26	144.700	-69.998	
26	144.800	-69.998	
26	144.900	-69.998	
26	145.000	-69.998	
26	145.100	-69.998	
26	145.200	-69.998	
26	145.300	-69.998	
26	145.400	-69.998	
26	145.500	-69.998	
26	145.600	-69.998	
26	145.700	-69.998	
26	145.800	-69.998	
26	145.900	-69.998	
26	146.000	-69.998	
26	146.100	-69.998	
26	146.200	-69.998	
26	146.300	-69.998	
26	146.400	-69.998	
26	146.500	-69.998	
26	146.600	-69.998	
26	146.700	-69.998	
26	146.800	-69.998	
26	146.900	-69.998	
26	147.000	-69.998	
26	147.100	-69.998	
26	147.200	-69.998	
26	147.300	-69.998	
26	147.400	-69.998	
26	147.500	-69.998	
26	147.600	-69.998	
26	147.700	-69.998	
26	147.800	-69.998	
26	147.900	-69.998	
26	148.000	-69.998	
26	148.100	-69.998	
26	148.200	-69.998	
26	148.300	-69.998	
26	148.400	-69.998	
26	148.500	-69.998	
26	148.600	-69.998	
26	148.700	-69.998	
26	148.800	-69.998	
26	148.900	-69.998	
26	149.000	-69.998	
26	149.100	-69.998	
26	149.200	-69.998	
26	149.300	-69.998	
26	149.400	-69.998	
26	149.500	-69.998	
26	149.600	-69.998	
26	149.700	-69.998	
26	149.800	-69.998	
26	149.900	-69.998	
26	150.000	-69.998	
26	150.100	-69.998	
26	150.200	-69.998	
26	150.300	-69.998	
26	150.400	-69.998	
26	150.500	-69.998	
26	150.600	-69.998	
26	150.700	-69.998	
26	150.800	-69.998	
26	150.900	-69.998	
26	151.000	-69.998	
26	151.100	-69.998	
26	151.200	-69.998	
26	151.300	-69.998	
26	151.400	-69.998	
26	151.500	-69.998	
26	151.600	-69.998	
26	151.700	-69.998	
26	151.800	-69.998	
26	151.900	-69.998	
26	152.000	-69.998	
26	152.100	-69.998	
26	152.200	-69.998	
26	152.300	-69.998	
26	152.400	-69.998	
26	152.500	-69.998	
26	152.600	-69.998	
26	152.700	-69.998	
26	152.800	-69.998	
26	152.900	-69.998	
26	153.000	-69.998	
26	153.100	-69.998	
26	153.200	-69.998	
26	153.300	-69.998	
26	153.400	-69.998	
26	153.500	-69.998	
26	153.600	-69.998	
26	153.700	-69.998	
26	153.800	-69.998	
26	153.900	-69.998	
26	154.000	-69.998	
26	154.100	-69.998	
26	154.200	-69.998	
26	154.300	-69.998	
26	154.400	-69.998	
26	154.500	-69.998	
26	154.600	-69.998	
26	154.700	-69.998	
26	154.800	-69.998	
26	154.900	-69.998	
26	155.000	-69.998	
26	155.100	-69.998	
26	155.200	-69.998	
26	155.300	-69.998	
26	155.400	-69.998	
26	155.500	-69.998	
26	155.600	-69.998	
26	155.700	-69.998	
26	155.800	-69.998	
26	155.900	-69.998	
26	156.000	-69.998	
26	156.100	-69.998	
26	156.200	-69.998	
26	156.300	-69.998	
26	156.400	-69.998	
26	156.500	-69.998	
26	156.600	-69.998	
26	156.700	-69.998	
26	156.800	-69.998	
26	156.900	-69.998	
26	157.000	-69.998	
26	157.100	-69.998	
26	157.200	-69.998	
26	157.300	-69.998	
26	157.400	-69.998	
26	157.500	-69.998	
26	157.600	-69.998	
26	157.700	-69.998	
26	157.800	-69.998	
26	157.900	-69.998	
26	158.000	-69.998	
26	158.100	-69.998	
26	158.200	-69.998	
26	158.300	-69.998	
26	158.400	-69.998	
26	158.500	-69.998	
26	158.600	-69.998	
26	158.700	-69.998	
26	158.800	-69.998	
26	158.900	-69.998	
26	159.000	-69.998	
26	159.100	-69.998	
26	159.200	-69.998	
26	159.300	-69.998	
26	159.400	-69.998	
26	159.500	-69.998	
26	159.600	-69.998	
26	159.700	-69.998	
26	159.800	-69.998	
26	159.900	-69.998	
26	160.000	-69.998	
26	160.100	-69.998	
26	160.200	-69.998	
26	160.300	-69.998	
26	160.400	-69.998	
26	160.500	-69.998	
26	160.600	-69.998	
26	160.700	-69.998	
26	160.800	-69.998	
26	160.900	-69.998	
26	161.000	-69.998	
26	161.100	-69.998	
26	161.200	-69.998	
26	161.300	-69.998	
26	161.400	-69.998	
26	161.500	-69.998	
26	161.600	-69.998	
26	161.700	-69.998	
26	161.800	-69.998	
26	161.900	-69.998	
26	162.000	-69.998	
26	162.100	-69.998	
26	162.200	-69.998	
26	162.300	-69.998	
26	162.400	-69.998	
26	162.500	-69.998	
26	162.600	-69.998	
26	162.700	-69.998	
26	162.800	-69.998	
26	162.900	-69.998	
26	163.000	-69.998	
26	163.100	-69.998	
26	163.200	-69.998	
26	163.300	-69.998	
26	163.400	-69.998	
26	163.500	-69.998	
26	163.600	-69.998	
26	163.700	-69.998	
26	163.800	-69.998	
26	163.900	-69.998	
26	164.000	-69.998	
26	164.100	-69.998	
26	164.200	-69.998	
26	164.300	-69.998	
26	164.400	-69.998	
26	164.500	-69.998	
26	164.600	-69.998	
26	164.700	-69.998	
26	164.800	-69.998	
26	164.900	-69.998	
26	165.000	-69.998	
26	165.100	-69.998	
26	165.200	-69.998	
26	165.300	-69.998	
26	165.400	-69.998	
26	165.500	-69.998	
26	165.600	-69.998	
26	165.700	-69.998	
26	165.800	-69.998	
26	165.900	-69.998	
26	166.000	-69.998	
26	166.100	-69.998	
26	166.200	-69.998	
26	166.300	-69.998	
26	166.400	-69.998	
26	166.500	-69.998	
26	166.600	-69.998	
26	166.700	-69.998	
26	166.800	-69.998	
26	166.900	-69.998	
26	167.000	-69.998	
26	167.100	-69.998	
26	167.200	-69.998	
26	167.300	-69.998	
26	167.400	-69.998	
26	167.500	-69.998	
26	167.600	-69.998	
26	167.700	-69.998	
26	167.800	-69.998	
26	167.900	-69.998	
26	168.000	-69.998	
26	168.100	-69.998	
26	168.200	-69.998	
26	168.300	-69.998	
26	168.400	-69.998	
26	168.500	-69.998	
26	168.600	-69.998	
26	168.700	-69.998	
26	168.800	-69.998	
26	168.900	-69.998	
26	169.000	-69.998	
26	169.100	-69.998	
26	169.200	-69.998	
26	169.300	-69.998	
26	169.400	-69.998	
26	169.500	-69.998	
26	169.600	-69.998	
26	169.700	-69.998	
26	169.800	-69.998	
26	169.900	-69.998	
26	170.000	-69.998	
26	170.100	-69.998	
26	170.200	-69.998	
26	170.300	-69.998	
26	170.400	-69.998	
26	170.500	-69.998	
26	170.600	-69.998	
26	170.700	-69.998	
26	170.800	-69.998	
26	170.900	-69.998	
26	171.000	-69.998	
26	171.100	-69.998	
26	171.200	-69.998	
26	171.300	-69.998	
26	171.400	-69.998	
26	171.500	-69.998	
26	171.600	-69.998	
26	171.700	-69.998	
26	171.800	-69.998	
26	171.900	-69.998	
26	172.000	-69.998	
26	172.100	-69.998	
26	172.200	-69.998	
26	172.300	-69.998	
26	172.400	-69.998	
26	172.500	-69.998	
26	172.600	-69.998	
26	172.700	-69.998	
26	172.800	-69.998	
26	172.900	-69.998	
26	173.000	-69.998	
26	173.100	-69.998	
26	173.200	-69.998	
26	173.300	-69.998	
26	173.400	-69.998	
26	173.500	-69.998	
26	173.600	-69.998	
26	173.700	-69.998	
26	173.800	-69.998	
26	173.900	-69.998	
26	174.000	-69.998	
26	174.100	-69.998	
26	174.200	-69.998	
26	174.300	-69.998	
26	174.400	-69.998	
26	174.500	-69.998	
26	174.600	-69.998	
26	174.700	-69.998	
26	174.800	-69.998	
26	174.900	-69.998	
26	175.000	-69.998	
26	175.100	-69.998	
26	175.200	-69.998	
26	175.300	-69.998	
26	175.400	-69.998	
26	175.500	-69.998	
26	175.600	-69.998	
26	175.700	-69.998	
26	175.800	-69.998	
26	175.900	-69.998	
26	176.000	-69.998	
26	176.100	-69.998	
26	176.200	-69.998	
26	176.300	-69.998	
26	176.400	-69.998	
26	176.500	-69.998	
26	176.600	-69.998	
26	176.700	-69.998	
26	176.800	-69.998	
26	176.900	-69.998	
26	177.000	-69.998	
26	177.100	-69.998	
26	177.200	-69.998	
26	177.300	-69.998	
26	177.400	-69.998	
26	177.500	-69.998	
26	177.600	-69.998	
26	177.700	-69.998	
26	177.800	-69.998	
26	177.900	-69.998	
26	178.000	-69.998	
26	178.100	-69.998	
26	178.200	-69.998	
26	178.300	-69.998	
26	178.400	-69.998	
26	178.500	-69.998	
26	178.600	-69.998	
26	178.700	-69.998	
26	178.800	-69.998	
26	178.900	-69.998	
26	179.000	-69.998	
26	179.100	-69.998	
26	179.200	-69.998	
26	179.300	-69.998	
26	179.400	-69.998	
26	179.500	-69.998	
26	179.600	-69.998	
26	179.700	-69.998	
26	179.800	-69.998	
26	179.900	-69.998	
26	180.000	-69.998	
26	180.100	-69.998	
26	180.200	-69.998	
26	180.300	-69.998	
26	180.400	-69.998	
26	180.500	-69.998	
26	180.600	-69.998	
26	180.700	-69.998	
26	180.800	-69.998	
26	180.900	-69.998	
26	181.000	-69.998	
26	181.100	-69.998	
26	181.200	-69.998	
26	181.300	-69.998	
26	181.400	-69.998	
26	181.500	-69.998	
26	181.600	-69.998	
26	181.700	-69.998	
26	181.800	-69.998	
26	181.900	-69.998	
26	182.000	-69.998	
26	182.100	-69.998	
26	182.200	-69.998	
26	182.300	-69.998	
26	182.400	-69.998	
26	182.500	-69.998	
26	182.600	-69.998	
26	182.700	-69.998	
26	182.800	-69.998	
26	182.900	-69.998	
26	183.000	-69.998	
26	183.100	-69.998	
26	183.200	-69.998	
26	183.300	-69.998	
26	183.400	-69.998	
26	183.500	-69.998	
26	183.600	-69.998	
26	183.700	-69.998	
26	183.800	-69.998	
26	183.900	-69.998	
26	184.000	-69.998	
26	184.100	-69.998	
26	184.200	-69.998	
26	184.300	-69.998	
26	184.400	-69.998	
26	184.500	-69.998	
26	184.600	-69.998	
26	184.700	-69.998	
26	184.800	-69.998	
26	184.900	-69.998	
26	185.000	-69.998	
26	185.100	-69.998	
26	185.200	-69.998	
26	185.300	-69.998	
26	185.400	-69.998	
26	185.500	-69.998	
26	185.600	-69.998	
26	185.700	-69.998	
26	185.800	-69.998	
26	185.900	-69.998	
26	186.000	-69.998	
26	186.100	-69.998	
26	186.200	-69.998	
26	186.300	-69.998	
26	186.400	-69.998	
26	186.500	-69.998	
26	186.600	-69.998	
26	186.700	-69.998	
26	186.800	-69.998	
26	186.900	-69.998	
26	187.000	-69.998	
26	187.100	-69.998	
26	187.200	-69.998	
26	187.300	-69.998	
26	187.400	-69.998	
26	187.500	-69.998	
26	187.600	-69.998	
26	187.700	-69.998	
26	187.800	-69.998	
26	187.900	-69.998	
26	188.000	-69.998	
26	188.100	-69.998	
26	188.200	-69.998	
26	188.300	-69.998	
26	188.400	-69.998	
26	188.500	-69.998	
26	188.600	-69.998	
26	188.700	-69.998	
26	188.800	-69.998	
26	188.900	-69.998	
26	189.000	-69.998	
26	189.100	-69.998	
26	189.200	-69.998	
26	189.300	-69.998	
26	189.400	-69.998	
26	189.500	-69.998	
26	189.600	-69.998	
26	189.700	-69.998	
26	189.800	-69.998	
26	189.900	-69.998	
26	190.000	-69.998	
26	190.100	-69.998	
26	190.200	-69.998	
26	190.300	-69.998	
26	190.400	-69.998	
26	190.500	-69.998	
26	190.600	-69.998	
26	190.700	-69.998	
26	190.800	-69.998	
26	190.900	-69.998	
26	191.000	-69.998	
26	191.100	-69.998	
26	191.200	-69.998	
26	191.300	-69.998	
26	191.400	-69.998	
26	191.500	-69.998	
26	191.600	-69.998	
26	191.700	-69.998	
26	191.800	-69.998	
26	191.900	-69.998	
26	192.000	-69.998	
26	192.100	-69.998	
26	192.200	-69.998	
26	192.300	-69.998	
26	192.400	-69.998	
26	192.500	-69.998	
26	192.600	-69.998	
26	192.700	-69.998	
26	192.800	-69.998	
26	192.900	-69.998	
26	193.000	-69.998	
26	193.100	-69.998	
26	193.200	-69.998	
26	193.300	-69.998	
26	193.400	-69.998	
26	193.500	-69.998	
26	193.600	-69.998	
26	193.700	-69.998	
26	193.800	-69.998	
26	193.900	-69.998	
26	194.000	-69.998	
26	194.100	-69.998	
26	194.200	-69.998	
26	194.300	-69.998	
26	194.400	-69.998	
26	194.500	-69.998	
26	194.600	-69.998	
26	194.700	-69.998	
26	194.800	-69.998	
26	194.900	-69.998	
26	195.000	-69.998	
26	195.100	-69.998	
26	195.200	-69.998	
26	195.300	-69.998	
26	195.400	-69.998	
26	195.500	-69.998	
26	195.600	-69.998	
26	195.700	-69.998	
26	195.800	-69.998	
26	195.900	-69.998	
26	196.000	-69.998	
26	196.100	-69.998	
26	196.200	-69.998	
26	196.300	-69.998	
26	196.400	-69.998	
26	196.500	-69.998	
26	196.600	-69.998	
26	196.700	-69.998	
26	196.800	-69.998	
26	196.900	-69.998	
26	197.000	-69.998	
26	197.100	-69.998	
26	197.200	-69.998	
26	197.300	-69.998	
26	197.400	-69.998	
26	197.500	-69.998	
26	197.600	-69.998	
26	197.700	-69.998	
26	197.800	-69.998	
26	197.900	-69.998	
26	198.000	-69.998	
26	198.100	-69.998	
26	198.200	-69.998	
26	198.300	-69.998	
26	198.400	-69.998	
26	198.500	-69.998	
26	198.600	-69.998	
26	198.700	-69.998	
26	198.800	-69.998	
26	198.900	-69.998	
26	199.000	-69.998	
26	199.100	-69.998	
26	199.200	-69.998	
26	199.300	-69.998	
26	199.400	-69.998	
26	199.500	-69.998	
26	199.600	-69.998	
26	199.700	-69.998	
26	199.800	-69.998	
26	199.900	-69.998	
26	200.000	-69.998	
26	200.100	-69.998	
26	200.200	-69.998	
26	200.300	-69.998	
26	200.400	-69.998	
26	200.500	-69.998	
26	200.600	-69.998	
26	200.700	-69.998	
26	200.800	-69.998	
26	200.900	-69.998	
26	201.000	-69.998	
26	201.100	-69.998	
26	201.200	-69.998	
26	201.300	-69.998	
26	201.400	-69.998	
26	201.500	-69.998	
26	201.600	-69.998	
26	201.700	-69.998	
26	201.800	-69.998	
26	201.900	-69.998	
26	202.000	-69.998	
26	202.100	-69.998	
26	202.200	-69.998	
26	202.300	-69.998	
26	202.400	-69.998	
26	202.500	-69.998	
26	202.600	-69.998	
26	202.700	-69.998	
26	202.800	-69.998	
26	202.900	-69.998	
26	203.000	-69.998	
26	203.100	-69.998	
26	203.200	-69.998	
26	203.300	-69.998	
26	203.400	-69.998	
26	203.500	-69.998	
26	203.600	-69.998	
26	203.700	-69.998	
26	203.800	-69.998	
26	203.900	-69.998	
26	204.000	-69.998	
26	204.100	-69.998	
26	204.200	-69.998	
26	204.300	-69.998	
26	204.400	-69.998	
26	204.500	-69.998	
26	204.600	-69.998	
26	204.700	-69.998	
26	204.800	-69.998	
26	204.900	-69.998	
26	205.000	-69.998	
26	205.100	-69.998	
26	205.200	-69.998	
26	205.300	-69.998	
26	205.400	-69.998	
26	205.500	-69.998	
26	205.600	-69.998	
26	205.700	-69.998	
26	205.800	-69.998	
26	205.900	-69.998	
26	206.000	-69.998	
26	206.100	-69.998	
26	206.200	-69.998	
26	206.300	-69.998	
26	206.400	-69.998	
26	206.500	-69.998	
26	206.600	-69.998	
26	206.700	-69.998	
26	206.800	-69.998	
26	206.900	-69.998	
26	207.000	-69.998	
26	207.100	-69.998	
26	207.200	-69.998	
26	207.300	-69.998	
26	207.400	-69.998	
26	207.500	-69.998	
26	207.600	-69.998	
26	207.700	-69.998	
26	207.800	-69.998	
26	207.900	-69.998	
26	208.000	-69.998	
26	208.100	-69.998	
26	208.200	-69.998	
26	208.300	-69.998	
26	208.400	-69.998	
26	208.500	-69.998	
26	208.600	-69.998	
26	208.700	-69.998	
26	208.800	-69.998	
26	208.900	-69.998	
26	209.000	-69.998	
26	209.100	-69.998	
26	209.200	-69.998	
26	209.300	-69.998	
26	209.400	-69.998	
26	209.500	-69.998	
26	209.600	-69.998	
26	209.700	-69.998	
26	209.800	-69.998	
26	209.900	-69.998	
26	210.000	-69.998	
26	210.100	-69.998	
26	210.200	-69.998	
26	210.300	-69.998	
26	210.400	-69.998	
26	210.500	-69.998	
26	210.600	-69.998	
26	210.700	-69.998	
26	210.800	-69.998	
26	210.900	-69.998	
26	211.000	-69.998	
26	211.100	-69.998	
26	211.200	-69.998	
26	211.300	-69.998	
26	211.400	-69.998	
26	211.500	-69.998	
26	211.600	-69.998	
26	211.700	-69.998	
26	211.800	-69.998	
26	211.900	-69.998	
26	212.000	-69.998	
26	212.100	-69.998	
26	212.200	-69.998	
26	212.300	-69.998	
26	212.400	-69.998	
26	212.500	-69.998	
26	212.600	-69.998	
26	212.700	-69.998	
26	212.800	-69.998	
26	212.900	-69.998	
26	213.000	-69.998	
26	213.100	-69.998	
26	213.200	-69.998	
26	213.300	-69.998	
26	213.400	-69.998	
26	213.500	-69.998	
26	213.600	-69.998	
26	213.700	-69.998	
26	213.800	-69.998	
26	213.900	-69.998	
26	214.000	-69.998	
26	214.100	-69.998	
26	214.200	-69.998	
26	214.300	-69.998	
26	214.400	-69.998	
26	214.500	-69.998	
26	214.600	-69.998	
26	214.700	-69.998	
26	214.800	-69.998	
26	214.900	-69.998	
26	215.000	-69.998	
26	215.100	-69.998	
26	215.200	-69.998	
26	215.300	-69.998	
26	215.400	-69.998	
26	215.500	-69.998	
26	215.600	-69.998	
26	215.700	-69.998	
26	215.800	-69.998	
26	215.900	-69.998	
26	216.000	-69.998	
26	216.100	-69.998	
26	216.200	-69.998	
26	216.300	-69.998	
26	216.400	-69.998	
26	216.500	-69.998	
26	216.600	-69.998	
26	216.700	-69.998	
26	216.800	-69.998	
26	216.900	-69.998	
26	217.000	-69.998	
26	217.100	-69.998	
26	217.200	-69.998	
26	217.300	-69.998	
26	217.400	-69.998	
26	217.500	-69.998	
26	217.600	-69.998	
26	217.700	-69.998	
26	217.800	-69.998	
26	217.900	-69.998	
26	218.000	-69.998	
26	218.100	-69.998	
26	218.200	-69.998	
26	218.300	-69.998	
26	218.400	-69.998	
26	218.500	-69.998	
26	218.600	-69.998	
26	218.700	-69.998	
26	218.800	-69.998	
26	218.900	-69.998	
26	219.000	-69.998	
26	219.100	-69.998	
26	219.200	-69.998	
26	219.300	-69.998	
26	219.400	-69.998	
26	219.500	-69.998	
26	219.600	-69.998	
26	219.700	-69.998	
26	219.800	-69.998	
26	219.900	-69.998	
26	220.000	-69.998	
26	220.100	-69.998	
26	220.200	-69.998	
26	220.300	-69.998	
26	220.400	-69.998	
26	220.500	-69.998	
26	220.600	-69.998	
26	220.700	-69.998	
26	220.800	-69.998	
26	220.900	-69.998	
26	221.000	-69.998	
26	221.100	-69.998	
26	221.200	-69.998	
26	221.300	-69.998	
26	221.400	-69.998	
26	221.500	-69.998	
26	221.600	-69.998	
26	221.700	-69.998	
26	221.800	-69.998	
26	221.900	-69.998	
26	222.000	-69.998	
26	222.100	-69.998	
26	222.200	-69.998	
26	222.300	-69.998	
26	222.400	-69.998	
26	222.500	-69.998	
26	222.600	-69.998	
26	222.700	-69.998	
26	222.800	-69.998	
26	222.900	-69.998	
26	223.000	-69.998	
26	223.100	-69.998	
26	223.200	-69.998	
26	223.300	-69.998	
26	223.400	-69.998	
26	223.500	-69.998	
26	223.600	-69.998	
26	223.700	-69.998	
26	223.800	-69.998	
26	223.900	-69.998	
26	224.000	-69.998	
26	224.100	-69.998	
26	224.200	-69.998	
26	224.300	-69.998	
26	224.400	-69.998	
26	224.500	-69.998	
26	224.600	-69.998	
26	224.700	-69.998	
26	224.800	-69.998	
26	224.900	-69.998	
26	225.000	-69.998	
26	225.100	-69.998	
26	225.200	-69.998	
26	225.300	-69.998	
26	225.400	-69.998	
26	225.500	-69.998	
26	225.600	-69.998	
26	225.700	-69.998	
26	225.800	-69.998	
26	225.900	-69.998	
26	226.000	-69.998	
26	226.100	-69.998	
26	226.200	-69.998	
26	226.300	-69.998	
26	226.400	-69.998	
26	226.500	-69.998	
26	226.600	-69.998	
26	226.700	-69.998	
26	226.800	-69.998	
26	226.900	-69.998	
26	227.000	-69.998	
26	227.100	-69.998	
26	227.200	-69.998	
26	227.300	-69.998	
26	227.400	-69.998	
26	227.500	-69.998	
26	227.600	-69.998	
26	227.700	-69.998	
26	227.800	-69.998	
26	227.900	-69.998	
26	228.000	-69.998	
26	228.100	-69.998	
26	228.200	-69.998	
26	228.300	-69.998	
26	228.400	-69.998	
26	228.500	-69.998	
26	228.600	-69.998	
26	228.700	-69.998	
26	228.800	-69.998	
26	228.900	-69.998	
26	229.000	-69.998	
26	229.100	-69.998	
26	229.200	-69.998	
26	229.300	-69.998	
26	229.400	-69.998	
26	229.500	-69.998	
26	229.600	-69.998	
26	229.700	-69.998	
26	229.800	-69.998	
26	229.900	-69.998	
26	230.000	-69.998	
26	230.100	-69.998	
26	230.200	-69.998	
26	230.300	-69.998	
26	230.400	-69.998	
26	230.500	-69.998	
26	230.600	-69.998	
26	230.700	-69.998	
26	230.800	-69.998	
26	230.900	-69.998	
26	231.000	-69.998	
26	231.100	-69.998	
26	231.200	-69.998	
26	231.300	-69.998	
26	231.400	-69.998	
26	231.500	-69.998	
26	231.600	-69.998	
26	231.700	-69.998	
26	231.800	-69.998	
26	231.900	-69.998	
26	232.000	-69.998	
26	232.100	-69.998	
26	232.200	-69.998	
26	232.300	-69.998	
26	232.400	-69.998	
26	232.500	-69.998	
26	232.600	-69.998	
26	232.700	-69.998	
26	232.800	-69.998	
26	232.900	-69.998	
26	233.000	-69.998	
26	233.100	-69.998	
26	233.200	-69.998	
26	233.300	-69.998	
26	233.400	-69.998	
26	233.500	-69.998	
26	233.600	-69.998	
26	233.700	-69.998	
26	233.800	-69.998	
26	233.900	-69.998	
26	234.000	-69.998	
26	234.100	-69.998	
26	234.200	-69.998	
26	234.300	-69.998	
26	234.400	-69.998	
26	234.500	-69.998	
26	234.600	-69.998	
26	234.700	-69.998	
26	234.800	-69.998	
26	234.900	-69.998	
26	235.000	-69.998	
26	235.100	-69.998	
26	235.200	-69.998	
26	235.300	-69.998	
26	235.400	-69.998	
26	235.500	-69.998	
26	235.600	-69.998	
26	235.700	-69.998	
26	235.800	-69.998	
26	235.900	-69.998	
26	236.000	-69.998	
26	236.100	-69.998	
26	236.200	-69.998	
26	236.300	-69.998	
26	236.400	-69.998	
26	236.500	-69.998	
26	236.600	-69.998	
26	236.700	-69.998	
26	236.800	-69.998	
26	236.900	-69.998	
26	237.000	-69.998	
26	237.100	-69.998	
26	237.200	-69.998	
26	237.300	-69.998	
26	237.400	-69.998	
26	237.500	-69.998	
26	237.600	-69.998	
26	237.700	-69.998	
26	237.800	-69.998	
26	237.900	-69.998	
26	238.000	-69.998	
26	238.100	-69.998	
26	238.200	-69.998	
26	238.300	-69.998	
26	238.400	-69.998	
26	238.500	-69.998	
26	238.600	-69.998	
26	238.700	-69.998	
26	238.800	-69.998	
26	238.900	-69.998	
26	239.000	-69.998	
26	239.100	-69.998	
26	239.200	-69.998	
26	239.300	-69.998	
26	239.400	-69.998	
26	239.500	-69.998	
26	239.600	-69.998	
26	239.700	-69.998	
26	239.800	-69.998	
26	239.900	-69.998	
26	240.000	-69.998	
26	240.100	-69.998	
26	240.200	-69.998	
26	240.300	-69.998	
26	240.400	-69.998	
26	240.500	-69.998	
26	240.600	-69.998	
26	240.700	-69.998	
26	240.800	-69.998	
26	240.900	-69.998	
26	241.000	-69.998	
26	241.100	-69.998	
26	241.200	-69.998	
26	241.300	-69.998	
26	241.400	-69.998	
26	241.500	-69.998	
26	241.600	-69.998	
26	241.700	-69.998	
26	241.800	-69.998	
26	241.900	-69.998	
26	242.000	-69.998	
26	242.100	-69.998	
26	242.200	-69.998	
26	242.300	-69.998	
26	242.400	-69.998	
26	242.500	-69.998	
26	242.600	-69.998	
26	242.700	-69.998	
26	242.800	-69.998	
26	242.900	-69.998	
26	243.000	-69.998	
26	243.100	-69.998	
26	243.200	-69.998	
26	243.300	-69.998	
26	243.400	-69.998	
26	243.500	-69.998	
26	243.600	-69.998	
26	243.700	-69.998	
26	243.800	-69.998	
26	243.900	-69.998	
26	244.000	-69.998	
26	244.100	-69.998	
26	244.200	-69.998	
26	244.300	-69.998	
26	244.400	-69.998	
26	244.500	-69.998	
26	244.600	-69.998	
26	244.700	-69.998	
26	244.800	-69.998	
26	244.900	-69.998	
26	245.000	-69.998	
26	245.100	-69.998	
26	245.200	-69.998	
26	245.300	-69.998	
26	245.400	-69.998	
26	245.500	-69.998	
26	245.600	-69.998	
26	245.700	-69.998	
26	245.800	-69.998	
26	245.900	-69.998	
26	246.000	-69.998	
26	246.100	-69.998	
26	246.200	-69.998	
26	246.300	-69.998	
26	246.400	-69.998	
26	246.500	-69.998	
26	246.600	-69.998	
26	246.700	-69.998	
26	246.800	-69.998	
26	246.900	-69.998	
26	247.000	-69.998	
26	247.100	-69.998	
26	247.200	-69.998	
26	247.300	-69.998	
26	247.400	-69.998	
26	247.500	-69.998	
26	247.600	-69.998	
26	247.700	-69.998	
26	247.800	-69.998	
26	247.900	-69.998	
26	248.000	-69.998	
26	248.100	-69.998	
26	248.200	-69.998	
26	248.300	-69.998	
26	248.400	-69.998	
26	248.500	-69.998	
26	248.600	-69.998	
26	248.700	-69.998	
26	248.800	-69.998	
26	248.900	-69.998	
26	249.000	-69.998	
26	249.100	-69.998	
26	249.200	-69.998	
26	249.300	-69.998	
26	249.400	-69.998	
26	249.500	-69.998	
26	249.600	-69.998	
26	249.700	-69.998	
26	249.800	-69.998	
26	249.900	-69.998	
26	250.000	-69.998	
26	250.100	-69.998	
26	250.200	-69.998	
26	250.300	-69.998	
26	250.400	-69.998	
26	250.500	-69.998	
26	250.600	-69.998	
26	250.700	-69.998	
26	250.800	-69.998	
26	250.900	-69.998	
26	251.000	-69.998	
26	251.100	-69.998	
26	251.200	-69.998	
26	251.300	-69.998	
26	251.400	-69.998	
26	251.500	-69.998	
26	251.600	-69.998	
26	251.700	-69.998	
26	251.800	-69.998	
26	251.900	-69.998	
26	252.000	-69.998	
26	252.100	-69.998	
26	252.200	-69.998	
26	252.300	-69.998	
26	252.400	-69.998	
26	252.500	-69.998	
26	252.600	-69.998	
26	252.700	-69.998	
26	252.800	-69.998	
26	252.900	-69.998	
26	253.000	-69.998	
26	253.100	-69.998	
26	253.200	-69.998	
26	253.300	-69.998	
26	253.400	-69.998	
26	253.500	-69.998	
26	253.600	-69.998	
26	253.700	-69.998	
26	253.800	-69.998	
26	253.900	-69.998	
26	254.000	-69.998	
26	254.100	-69.998	
26	254.200	-69.998	
26	254.300	-69.998	
26	254.400	-69.998	
26	254.500	-69.998	
26	254.600	-69.998	
26	254.700	-69.998	
26	254.800	-69.998	
26	254.900	-69.998	
26	255.000	-69.998	
26	255.100	-69.998	
26	255.200	-69.998	
26	255.300	-69.998	
26	255.400	-69.998	
26	255.500	-69.998	
26	255.600	-69.998	
26	255.700	-69.998	
26	255.800	-69.998	
26	255.900	-69.998	
26	256.000	-69.998	
26	256.100	-69.998	
26	256.200	-69.998	
26	256.300	-69.998	
26	256.400	-69.998	
26	256.500	-69.998	
26	256.600	-69.998	
26	256.700	-69.998	
26	256.800	-69.998	
26	256.900	-69.998	
26	257.000	-69.998	
26	257.100	-69.998	
26	257.200	-69.998	
26	257.300	-69.998	
26	257.400	-69.998	
26	257.500	-69.998	
26	257.600	-69.998	
26	257.700	-69.998	
26	257.800	-69.998	
26	257.900	-69.998	
26	258.000	-69.998	
26	258.100	-69.998	
26	258.200	-69.998	
26	258.300	-69.998	
26	258.400	-69.998	
26	258.500	-69.998	
26	258.600	-69.998	
26	258.700	-69.998	
26	258.800	-69.998	
26	258.900	-69.998	
26	259.000	-69.998	
26	259.100	-69.998	
26	259.200	-69.998	
26	259.300	-69.998	
26	259.400	-69.998	
26	259.500	-69.998	
26	259.600	-69.998	
26	259.700	-69.998	
26	259.800	-69.998	
26	259.900	-69.998	
26	260.000	-69.998	
26	260.100	-69.998	
26	260.200	-69.998	
26	260.300	-69.998	
26	260.400	-69.998	
26	260.500	-69.998	
26	260.600	-69.998	
26	260.700	-69.998	
26	260.800	-69.998	
26	260.900	-69.998	
26	261.000	-69.998	
26	261.100	-69.998	
26	261.200	-69.998	
26	261.300	-69.998	
26	261.400	-69.998	
26	261.500	-69.998	
26	261.600	-69.998	
26	261.700	-69.998	
26	261.800	-69.998	
26	261.900	-69.998	
26	262.000	-69.998	
26	262.100	-69.998	
26	262.200	-69.998	
26	262.300	-69.998	
26	262.400	-69.998	
26	262.500	-69.998	
26	262.600	-69.998	
26	262.700	-69.998	
26	262.800	-69.998	
26	262.900	-69.998	
26	263.000	-69.998	
26	263.100	-69.998	
26	263.200	-69.998	
26	263.300	-69.998	
26	263.400	-69.998	
26	263.500	-69.998	
26	263.600	-69.998	
26	263.700	-69.998	
26	263.800	-69.998	
26	263.900	-69.998	
26	264.000	-69.998	
26	264.100	-69.998	
26	264.200	-69.998	
26	264.300	-69.998	
26	264.400	-69.998	
26	264.500	-69.998	
26	264.600	-69.998	
26	264.700	-69.998	
26	264.800	-69.998	
26	264.900	-69.998	
26	265.000	-69.998	
26	265.100	-69.998	
26	265.200	-69.998	
26	265.300	-69.998	
26	265.400	-69.998	
26	265.500	-69.998	
26	265.600	-69.998	
26	265.700	-69.998	
26	265.800	-69.998	
26	265.900	-69.998	
26	266.000	-69.998	
26	266.100	-69.998	
26	266.200	-69.998	
26	266.300	-69.998	
26	266.400	-69.998	
26	266.500	-69.998	
26	266.600	-69.998	
26	266.700	-69.998	
26	266.800	-69.998	
26	266.900	-69.998	
26	267.000	-69.998	
26	267.100	-69.998	
26	267.200	-69.998	
26	267.300	-69.998	
26	267.400	-69.998	
26	267.500	-69.998	
26	267.600	-69.998	
26	267.700	-69.998	
26	267.800	-69.998	
26	267.900	-69.998	
26	268.000	-69.998	
26	268.100	-69.998	
26	268.200	-69.998	
26	268.300	-69.998	
26	268.400	-69.998	
26	268.500	-69.998	
26	268.600	-69.998	
26	268.700	-69.998	
26	268.800	-69.998	
26	268.900	-69.998	
26	269.000	-69.998	
26	269.100	-69.998	
26	269.200	-69.998	
26	269.300	-69.998	
26	269.400	-69.998	
26	269.500	-69.998	
26	269.600	-69.998	
26	269.700	-69.998	
26	269.800	-69.998	
26	269.900	-69.998	
26	270.000	-69.998	
26	270.100	-69.998	
26	270.200	-69.998	
26	270.300	-69.998	
26	270.400	-69.998	
26	270.500	-69.998	
26	270.600	-69.998	
26	270.700	-69.998	
26	270.800	-69.998	
26	270.900	-69.998	
26	271.000	-69.998	
26	271.100	-69.998	
26	271.200	-69.998	
26	271.300	-69.998	
26	271.400	-69.998	
26	271.500	-69.998	
26	271.600	-69.998	
26	271.700	-69.998	
26	271.800	-69.998	
26	271.900	-69.998	
26	272.000	-69.998	
26	272.100	-69.998	
26	272.200	-69.998	
26	272.300	-69.998	
26	272.400	-69.998	
26	272.500	-69.998	
26	272.600	-69.998	
26	272.700	-69.998	
26	272.800	-69.998	
26	272.900	-69.998	
26	273.000	-69.998	
26	273.100	-69.998	
26	273.200	-69.998	
26	273.300	-69.998	
26	273.400	-69.998	
26	273.500	-69.998	
26	273.600	-69.998	
26	273.700	-69.998	
26	273.800	-69.998	
26	273.900	-69.998	
26	274.000	-69.998	
26	274.100	-69.998	
26	274.200	-69.998	
26	274.300	-69.998	
26	274.400	-69.998	
26	274.500	-69.998	
26	274.600	-69.998	
26	274.700	-69.998	
26	274.800	-69.998	
26	274.900	-69.998	
26	275.000	-69.998	
26	275.100	-69.998	
26	275.200	-69.998	
26	275.300	-69.998	
26	275.400	-69.998	
26	275.500	-69.998	
26	275.600	-69.998	
26	275.700	-69.998	
26	275.800	-69.998	
26	275.900	-69.998	
26	276.000	-69.998	
26	276.100	-69.998	
26	276.200	-69.998	
26	276.300	-69.998	
26	276.400	-69.998	
26	276.500	-69.998	
26	276.600	-69.998	
26	276.700	-69.998	
26	276.800	-69.998	
26	276.900	-69.998	
26	277.000	-69.998	
26	277.100	-69.998	
26	277.200	-69.998	
26	277.300	-69.998	
26	277.400	-69.998	
26	277.500	-69.998	
26	277.600	-69.998	
26	277.700	-69.998	
26	277.800	-69.998	
26	277.900	-69.998	
26	278.000	-69.998	
26	278.100	-69.998	
26	278.200	-69.998	
26	278.300	-69.998	
26	278.400	-69.998	
26	278.500	-69.998	
26	278.600	-69.998	
26	278.700	-69.998	
26	278.800	-69.998	
26	278.900	-69.998	
26	279.000	-69.998	
26	279.100	-69.998	
26	279.200	-69.998	
26	279.300	-69.998	
26	279.400	-69.998	
26	279.500	-69.998	
26	279.600	-69.998	
26	279.700	-69.998	
26	279.800	-69.998	
26	279.900	-69.998	
26	280.000	-69.998	
26	280.100	-69.998	
26	280.200	-69.998	
26	280.300	-69.998	
26	280.400	-69.998	
26	280.500	-69.998	
26	280.600	-69.998	
26	280.700	-69.998	
26	280.800	-69.998	
26	280.900	-69.998	
26	281.000	-69.998	
26	281.100	-69.998	
26	281.200	-69.998	
26	281.300	-69.998	
26	281.400	-69.998	
26	281.500	-69.998	
26	281.600	-69.998	
26	281.700	-69.998	
26	281.800	-69.998	
26	281.900	-69.998	
26	282.000	-69.998	
26	282.100	-69.998	
26	282.200	-69.998	
26	282.300	-69.998	
26	282.400	-69.998	
26	282.500	-69.998	
26	282.600	-69.998	
26	282.700	-69.998	
26	282.800	-69.998	
26	282.900	-69.998	
26	283.000	-69.998	
26	283.100	-69.998	
26	283.200	-69.998	
26	283.300	-69.998	
26	283.400	-69.998	
26	283.500	-69.998	
26	283.600	-69.998	
26	283.700	-69.998	
26	283.800	-69.998	
26	283.900	-69.998	
26	284.000	-69.998	
26	284.100	-69.998	
26	284.200	-69.998	
26	284.300	-69.998	
26	284.400	-69.998	
26	284.500	-69.998	
26	284.600	-69.998	
26	284.700	-69.998	
26	284.800	-69.998	
26	284.900	-69.998	
26	285.000	-69.998	
26	285.100	-69.998	
26	285.200	-69.998	
26	285.300	-69.998	
26	285.400	-69.998	
26	285.500	-69.998	
26	285.600	-69.998	
26	285.700	-69.998	
26	285.800	-69.998	
26	285.900	-69.998	
26	286.000	-69.998	
26	286.100	-69.998	
26	286.200	-69.998	
26	286.300	-69.998	
26	286.400	-69.998	
26	286.500	-69.998	
26	286.600	-69.998	
26	286.700	-69.998	
26	286.800	-69.998	
26	286.900	-69.998	
26	287.000	-69.998	
26	287.100	-69.998	
26	287.200	-69.998	
26	287.300	-69.998	
26	287.400	-69.998	
26	287.500	-69.998	
26	287.600	-69.998	
26	287.700	-69.998	
26	287.800	-69.998	
26	287.900	-69.998	
26	288.000	-69.998	
26	288.100	-69.998	
26	288.200	-69.998	
26	288.300	-69.998	
26	288.400	-69.998	
26	288.500	-69.998	
26	288.600	-69.998	
26	288.700	-69.998	
26	288.800	-69.998	
26	288.900	-69.998	
26	289.000	-69.998	
26	289.100	-69.998	
26	289.200	-69.998	
26	289.300	-69.998	
26	289.400	-69.998	
26	289.500	-69.998	
26	289.600	-69.998	
26	289.700	-69.998	
26	289.800	-69.998	
26	289.900	-69.998	
26	290.000	-69.998	
26	290.100	-69.998	
26	290.200	-69.998	
26	290.300	-69.998	
26	290.400	-69.998	
26	290.500	-69.998	
26	290.600	-69.998	
26	290.700	-69.998	
26	290.800	-69.998	
26	290.900	-69.998	
26	291.000	-69.998	
26	291.100	-69.998	
26	291.200	-69.998	
26	291.300	-69.998	
26	291.400	-69.998	
26	291.500	-69.998	
26	291.600	-69.998	
26	291.700	-69.998	
26	291.800	-69.998	
26	291.900	-69.998	
26	292.000	-69.998	
26	292.100	-69.998	
26	292.200	-69.998	
26	292.300	-69.998	
26	292.400	-69.998	
26	292.500	-69.998	
26	292.600	-69.998	
26	292.700	-69.998	
26	292.800	-69.998	
26	292.900	-69.998	
26	293.000	-69.998	
26	293.100	-69.998	
26	293.200	-69.998	
26	293.300	-69.998	
26	293.400	-69.998	
26	293.500	-69.998	
26	293.600	-69.998	
26	293.700	-69.998	
26	293.800	-69.998	
26	293.900	-69.998	
26	294.000	-69.998	
26	294.100	-69.998	
26	294.200	-69.998	
26	294.300	-69.998	
26	294.400	-69.998	
26	294.500	-69.998	
26	294.600	-69.998	
26	294.700	-69.998	
26	294.800	-69.998	
26	294.900	-69.998	
26	295.000	-69.998	
26	295.100	-69.998	
26	295.200	-69.998	
26	295.300	-69.998	
26	295.400	-69.998	
26	295.500	-69.998	
26	295.600	-69.998	
26	295.700	-69.998	
26	295.800	-69.998	
26	295.900	-69.998	
26	296.000	-69.998	
26	296.100	-69.998	
26	296.200	-69.998	
26	296.300	-69.998	
26	296.400	-69.998	
26	296.500	-69.998	
26	296.600	-69.998	
26	296.700	-69.998	
26	296.800	-69.998	
26	296.900	-69.998	
26	297.000	-69.998	
26	297.100	-69.998	
26	297.200	-69.998	
26	297.300	-69.998	
26	297.400	-69.998	
26	297.500	-69.998	
26	297.600	-69.998	
26	297.700	-69.998	
26	297.800	-69.998	
26	297.900	-69.998	
26	298.000	-69.998	
26	298.100	-69.998	
26	298.200	-69.998	
26	298.300	-69.998	
26	298.400	-69.998	
26	298.500	-69.998	
26	298.600	-69.998	
26	298.700	-69.998	
26	298.800	-69.998	
26	298.900	-69.998	
26	299.000	-69.998	
26	299.100	-69.998	
26	299.200	-69.998	
26	299.300	-69.998	
26	299.400	-69.998	
26	299.500	-69.998	
26	299.600	-69.998	
26	299.700	-69.998	
26	299.800	-69.998	
26	299.900	-69.998	
26	300.000	-69.998	
26	300.100	-69.998	
26	300.200	-69.998	
26	300.300	-69.998	
26	300.400	-69.998	
26	300.500	-69.998	
26	300.600	-69.998	
26	300.700	-69.998	
26	300.800	-69.998	
26	300.900	-69.998	
26	301.000	-69.998	
26	301.100	-69.998	
26	301.200	-69.998	
26	301.300	-69.998	
26	301.400	-69.998	
26	301.500	-69.998	
26	301.600	-69.998	
26	301.700	-69.998	
26	301.800	-69.998	
26	301.900	-69.998	
26	302.000	-69.998	
26	302.100	-69.998	
26	302.200	-69.998	
26	302.300	-69.998	
26	302.400	-69.998	
26	302.500	-69.998	
26	302.600	-69.998	
26	302.700	-69.998	
26	302.800	-69.998	
26	302.900	-69.998	
26	303.000	-69.998	
26	303.100	-69.998	
26	303.200	-69.998	
26	303.300	-69.998	
26	303.400	-69.998	
26	303.500	-69.998	
26	303.600	-69.998	
26	303.700	-69.998	
26	303.800	-69.998	
26	303.900	-69.998	
26	304.000	-69.998	
26	304.100	-69.998	
26	304.200	-69.998	
26	304.300	-69.998	
26	304.400	-69.998	
26	304.500	-69.998	
26	304.600	-69.998	
26	304.700	-69.998	
26	304.800	-69.998	
26	304.900	-69.998	
26	305.000	-69.998	
26	305.100	-69.998	
26	305.200	-69.998	
26	305.300	-69.998	
26	305.400	-69.998	
26	305.500	-69.998	
26	305.600	-69.998	
26	305.700	-69.998	
26	305.800	-69.998	
26	305.900	-69.998	
26	306.000	-69.998	
26	306.100	-69.998	
26	306.200	-69.998	
26	306.300	-69.998	
26	306.400	-69.998	
26	306.500	-69.998	
26	306.600	-69.998	
26	306.700	-69.998	
26	306.800	-69.998	
26	306.900	-69.998	
26	307.000	-69.998	
26	307.100	-69.998	
26	307.200	-69.998	
26	307.300	-69.998	
26	307.400	-69.998	
26	307.500	-69.998	
26	307.600	-69.998	
26	307.700	-69.998	
26	307.800	-69.998	
26	307.900	-69.998	
26	308.000	-69.998	
26	308.100	-69.998	
26	308.200	-69.998	
26	308.300	-69.998	
26	308.400	-69.998	
26	308.500	-69.998	
26	308.600	-69.998	
26	308.700	-69.998	
26	308.800	-69.998	
26	308.900	-69.998	
26	309.000	-69.998	
26	309.100	-69.998	
26	309.200	-69.998	
26	309.300	-69.998	
26	309.400	-69.998	
26	309.500	-69.998	
26	309.600	-69.998	
26	309.700	-69.998	
26	309.800	-69.998	
26	309.900	-69.998	
26	310.000	-69.998	
26	310.100	-69.998	
26	310.200	-69.998	
26	310.300	-69.998	
26	310.400	-69.998	
26	310.500	-69.998	
26	310.600	-69.998	
26	310.700	-69.998	
26	310.800	-69.998	
26	310.900	-69.998	
26	311.000	-69.998	
26	311.100	-69.998	
26	311.200	-69.998	
26	311.300	-69.998	
26	311.400	-69.998	
26	311.500	-69.998	
26	311.600	-69.998	
26	311.700	-69.998	
26	311.800	-69.998	
26	311.900	-69.998	
26	312.000	-69.998	
26	312.100	-69.998	
26	312.200	-69.998	
26	312.300	-69.998	
26	312.400	-69.998	
26	312.500	-69.998	
26	312.600	-69.998	
26	312.700	-69.998	
26	312.800	-69.998	
26	312.900	-69.998	
26	313.000	-69.998	
26	313.100	-69.998	
26	313.200	-69.998	
26	313.300	-69.998	
26	313.400	-69.998	
26	313.500	-69.998	
26	313.600	-69.998	
26	313.700	-69.998	
26	313.800	-69.998	
26	313.900	-69.998	
26	314.000	-69.998	
26	314.100	-69.998	
26	314.200	-69.998	
26	314.300	-69.998	
26	314.400	-69.998	
26	314.500	-69.998	
26	314.600	-69.998	
26	314.700	-69.998	
26	314.800	-69.998	
26	314.900	-69.998	
26	315.000	-69.998	
26	315.100	-69.998	
26	315.200	-69.998	
26	315.300	-69.998	
26	315.400	-69.998	
26	315.500	-69.998	
26	315.600	-69.998	
26	315.700	-69.998	
26	315.800	-69.998	
26	315.900	-69.998	
26	316.000	-69.998	
26	316.100	-69.998	
26	316.200	-69.998	
26	316.300	-69.998	
26	316.400	-69.998	
26	316.500	-69.998	
26	316.600	-69.998	
26	316.700	-69.998	
26	316.800	-69.998	
26	316.900	-69.998	
26	317.000	-69.998	
26	317.100	-69.998	
26	317.200	-69.998	
26	317.300	-69.998	
26	317.400	-69.998	
26	317.500	-69.998	
26	317.600	-69.998	
26	317.700	-69.998	
26	317.800	-69.998	
26	317.900	-69.998	
26	318.000	-69.998	
26	318.100	-69.998	
26	318.200	-69.998	
26	318.300	-69.998	
26	318.400	-69.998	
26	318.500	-69.998	
26	318.600	-69.998	
26	318.700	-69.998	
26	318.800	-69.998	
26	318.900	-69.998	
26	319.000	-69.998	
26	319.100	-69.998	
26	319.200	-69.998	
26	319.300	-69.998	
26	319.400	-69.998	
26	319.500	-69.998	
26	319.600	-69.998	
26	319.700	-69.998	
26	319.800	-69.998	
26	319.900	-69.998	
26	320.000	-69.998	
26	320.100	-69.998	
26	320.200	-69.998	
26	320.300	-69.998	
26	320.400	-69.998	
26	320.500	-69.998	
26	320.600	-69.998	
26	320.700	-69.998	
26	320.800	-69.998	
26	320.900	-69.998	
26	321.000	-69.998	
26	321.100	-69.998	
26	321.200	-69.998	
26	321.300	-69.998	
26	321.400	-69.998	
26	321.500	-69.998	
26	321.600	-69.998	
26	321.700	-69.998	
26	321.800	-69.998	
26	321.900	-69.998	
26	322.000	-69.998	
26	322.100	-69.998	
26	322.200	-69.998	
26	322.300	-69.998	
26	322.400	-69.998	
26	322.500	-69.998	
26	322.600	-69.998	
26	322.700	-69.998	
26	322.800	-69.998	
26	322.900	-69.998	
26	323.000	-69.998	
26	323.100	-69.998	
26	323.200	-69.998	
26	323.300	-69.998	
26	323.400	-69.998	
26	323.500	-69.998	
26	323.600	-69.998	
26	323.700	-69.998	
26	323.800	-69.998	
26	323.900	-69.998	
26	324.000	-69.998	
26	324.100	-69.998	
26	324.200	-69.998	
26	324.300	-69.998	
26	324.400	-69.998	
26	324.500	-69.998	
26	324.600	-69.998	
26	324.700	-69.998	
26	324.800	-69.998	
26	324.900	-69.998	
26	325.000	-69.998	
26	325.100	-69.998	
26	325.200	-69.998	
26	325.300	-69.998	
26	325.400	-69.998	
26	325.500	-69.998	
26	325.600	-69.998	
26	325.700	-69.998	
26	325.800	-69.998	
26	325.900	-69.998	
26	326.000	-69.998	
26	326.100	-69.998	
26	326.200	-69.998	
26	326.300	-69.998	
26	326.400	-69.998	
26	326.500	-69.998	
26	326.600	-69.998	
26	326.700	-69.998	
26	326.800	-69.998	
26	326.900	-69.998	
26	327.000	-69.998	
26	327.100	-69.998	
26	327.200	-69.998	
26	327.300	-69.998	
26	327.400	-69.998	
26	327.500	-69.998	
26	327.600	-69.998	
26	327.700	-69.998	
26	327.800	-69.998	
26	327.900	-69.998	
26	328.000	-69.998	
26	328.100	-69.998	
26	328.200	-69.998	
26	328.300	-69.998	
26	328.400	-69.998	
26	328.500	-69.998	
26	328.600	-69.998	
26	328.700	-69.998	
26	328.800	-69.998	
26	328.900	-69.998	
26	329.000	-69.998	
26	329.100	-69.998	
26	329.200	-69.998	
26	329.300	-69.998	
26	329.400	-69.998	
26	329.500	-69.998	
26	329.600	-69.998	
26	329.700	-69.998	
26	329.800	-69.998	
26	329.900	-69.998	
26	330.000	-69.998	
26	330.100	-69.998	
26	330.200	-69.998	
26	330.300	-69.998	
26	330.400	-69.998	
26	330.500	-69.998	
26	330.600	-69.998	
26	330.700	-69.998	
26	330.800	-69.998	
26	330.900	-69.998	
26	331.000	-69.998	
26	331.100	-69.998	
26	331.200	-69.998	
26	331.300	-69.998	
26	331.400	-69.998	
26	331.500	-69.998	
26	331.600	-69.998	
26	331.700	-69.998	
26	331.800	-69.998	
26	331.900	-69.998	
26	332.000	-69.998	
26	332.100	-69.998	
26	332.200	-69.998	
26	332.300	-69.998	
26	332.400	-69.998	
26	332.500	-69.998	
26	332.600	-69.998	
26	332.700	-69.998	
26	332.800	-69.998	
26	332.900	-69.998	
26	333.000	-69.998	
26	333.100	-69.998	
26	333.200	-69.998	
26	333.300	-69.998	
26	333.400	-69.998	
26	333.500	-69.998	
26	333.600	-69.998	
26	333.700	-69.998	
26	333.800	-69.998	
26	333.900	-69.998	
26	334.000	-69.998	
26	334.100	-69.998	
26	334.200	-69.998	
26	334.300	-69.998	
26	334.400	-69.998	
26	334.500	-69.998	
26	334.600	-69.998	
26	334.700	-69.998	
26	334.800	-69.998	
26	334.900	-69.998	
26	335.000	-69.998	
26	335.100	-69.998	
26	335.200	-69.998	
26	335.300	-69.998	
26	335.400	-69.998	
26	335.500	-69.998	
26	335.600	-69.998	
26	335.700	-69.998	
26	335.800	-69.998	
26	335.900	-69.998	
26	336.000	-69.998	
26	336.100	-69.998	
26	336.200	-69.998	
26	336.300	-69.998	
26	336.400	-69.998	
26	336.500	-69.998	
26	336.600	-69.998	
26	336.700	-69.998	
26	336.800	-69.998	
26	336.900	-69.998	
26	337.000	-69.998	
26	337.100	-69.998	
26	337.200	-69.998	
26	337.300	-69.998	
26	337.400	-69.998	
26	337.500	-69.998	
26	337.600	-69.998	
26	337.700	-69.998	
26	337.800	-69.998	
26	337.900	-69.998	
26	338.000	-69.998	
26	338.100	-69.998	
26	338.200	-69.998	
26	338.300	-69.998	
26	338.400	-69.998	
26	338.500	-69.998	
26	338.600	-69.998	
26	338.700	-69.998	
26	338.800	-69.998	
26	338.900	-69.998	
26	339.000	-69.998	
26	339.100	-69.998	
26	339.200	-69.998	
26	339.300	-69.998	
26	339.400	-69.998	
26	339.500	-69.998	
26	339.600	-69.998	
26	339.700	-69.998	
26	339.800	-69.998	
26	339.900	-69.998	
26	340.000	-69.998	
26	340.100	-69.998	
26	340.200	-69.998	
26	340.300	-69.998	
26	340.400	-69.998	
26	340.500	-69.998	
26	340.600	-69.998	
26	340.700	-69.998	
26	340.800	-69.998	
26	340.900	-69.998	
26	341.000	-69.998	
26	341.100	-69.998	
26	341.200	-69.998	
26	341.300	-69.998	
26	341.400	-69.998	
26	341.500	-69.998	
26	341.600	-69.998	
26	341.700	-69.998	
26	341.800	-69.998	
26	341.900	-69.998	
26	342.000	-69.998	
26	342.100	-69.998	
26	342.200	-69.998	
26	342.300	-69.998	
26	342.400	-69.998	
26	342.500	-69.998	
26	342.600	-69.998	
26	342.700	-69.998	
26	342.800	-69.998	
26	342.900	-69.998	
26	343.000	-69.998	
26	343.100	-69.998	
26	343.200	-69.998	
26	343.300	-69.998	
26	343.400	-69.998	
26	343.500	-69.998	
26	343.600	-69.998	
26	343.700	-69.998	
26	343.800	-69.998	
26	343.900	-69.998	
26	344.000	-69.998	
26	344.100	-69.998	
26	344.200	-69.998	
26	344.300	-69.998	
26	344.400	-69.998	
26	344.500	-69.998	
26	344.600	-69.998	
26	344.700	-69.998	
26	344.800	-69.998	
26	344.900	-69.998	
26	345.000	-69.998	
26	345.100	-69.998	
26	345.200	-69.998	
26	345.300	-69.998	
26	345.400	-69.998	
26	345.500	-69.998	
26	345.600	-69.998	
26	345.700	-69.998	
26	345.800	-69.998	
26	345.900	-69.998	
26	346.000	-69.998	
26	346.100	-69.998	
26	346.200	-69.998	
26	346.300	-69.998	
26	346.400	-69.998	
26	346.500	-69.998	
26	346.600	-69.998	
26	346.700	-69.998	
26	346.800	-69.998	
26	346.900	-69.998	
26	347.000	-69.998	
26	347.100	-69.998	
26	347.200	-69.998	
26	347.300	-69.998	
26	347.400	-69.998	
26	347.500	-69.998	
26	347.600	-69.998	
26	347.700	-69.998	
26	347.800	-69.998	
26	347.900	-69.998	
26	348.000	-69.998	
26	348.100	-69.998	
26	348.200	-69.998	
26	348.300	-69.998	
26	348.400	-69.998	
26	348.500	-69.998	
26	348.600	-69.998	
26	348.700	-69.998	
26	348.800	-69.998	
26	348.900	-69.998	
26	349.000	-69.998	
26	349.100	-69.998	
26	349.200	-69.998	
26	349.300	-69.998	
26	349.400	-69.998	
26	349.500	-69.998	
26	349.600	-69.998	
26	349.700	-69.998	
26	349.800	-69.998	
26	349.900	-69.998	
26	350.000	-69.998	
26	350.100	-69.998	
26	350.200	-69.998	
26	350.300	-69.998	
26	350.400	-69.998	
26	350.500	-69.998	
26	350.600	-69.998	
26	350.700	-69.998	
26	350.800	-69.998	
26	350.900	-69.998	
26	351.000	-69.998	
26	351.100	-69.998	
26	351.200	-69.998	
26	351.300	-69.998	
26	351.400	-69.998	
26	351.500	-69.998	
26	351.600	-69.998	
26	351.700	-69.998	
26	351.800	-69.998	
26	351.900	-69.998	
26	352.000	-69.998	
26	352.100	-69.998	
26	352.200	-69.998	
26	352.300	-69.998	
26	352.400	-69.998	
26	352.500	-69.998	
26	352.600	-69.998	
26	352.700	-69.998	
26	352.800	-69.998	
26	352.900	-69.998	
26	353.000	-69.998	
26	353.100	-69.998	
26	353.200	-69.998	
26	353.300	-69.998	
26	353.400	-69.998	
26	353.500	-69.998	
26	353.600	-69.998	
26	353.700	-69.998	
26	353.800	-69.998	
26	353.900	-69.998	
26	354.000	-69.998	
26	354.100	-69.998	
26	354.200	-69.998	
26	354.300	-69.998	
26	354.400	-69.998	
26	354.500	-69.998	
26	354.600	-69.998	
26	354.700	-69.998	
26	354.800	-69.998	
26	354.900	-69.998	
26	355.000	-69.998	
26	355.100	-69.998	
26	355.200	-69.998	
26	355.300	-69.998	
26	355.400	-69.998	
26	355.500	-69.998	
26	355.600	-69.998	
26	355.700	-69.998	
26	355.800	-69.998	
26	355.900	-69.998	
26	356.000	-69.998	
26	356.100	-69.998	
26	356.200	-69.998	
26	356.300	-69.998	
26	356.400	-69.998	
26	356.500	-69.998	
26	356.600	-69.998	
26	356.700	-69.998	
26	356.800	-69.998	
26	356.900	-69.998	
26	357.000	-69.998	
26	357.100	-69.998	
26	357.200	-69.998	
26	357.300	-69.998	
26	357.400	-69.998	
26	357.500	-69.998	
26	357.600	-69.998	
26	357.700	-69.998	
26	357.800	-69.998	
26	357.900	-69.998	
26	358.000	-69.998	
26	358.100	-69.998	
26	358.200	-69.998	
26	358.300	-69.998	
26	358.400	-69.998	
26	358.500	-69.998	
26	358.600	-69.998	
26	358.700	-69.998	
26	358.800	-69.998	
26	358.900	-69.998	
26	359.000	-69.998	
26	359.100	-69.998	
26	359.200	-69.998	
26	359.300	-69.998	
26	359.400	-69.998	
26	359.500	-69.998	
26	359.600	-69.998	
26	359.700	-69.998	
26	359.800	-69.998	
26	359.900	-69.998	
26	360.000	-69.998	
26	360.100	-69.998	
26	360.200	-69.998	
26	360.300	-69.998	
26	360.400	-69.998	
26	360.500	-69.998	
26	360.600	-69.998	
26	360.700	-69.998	
26	360.800	-69.998	
26	360.900	-69.998	
26	361.000	-69.998	
26	361.100	-69.998	
26	361.200	-69.998	
26	361.300	-69.998	
26	361.400	-69.998	
26	361.500	-69.998	
26	361.600	-69.998	
26	361.700	-69.998	
26	361.800	-69.998	
26	361.900	-69.998	
26	362.000	-69.998	
26	362.100	-69.998	
26	362.200	-69.998	
26	362.300	-69.998	
26	362.400	-69.998	
26	362.500	-69.998	
26	362.600	-69.998	
26	362.700	-69.998	
26	362.800	-69.998	
26	362.900	-69.998	
26	363.000	-69.998	
26	363.100	-69.998	
26	363.200	-69.998	
26	363.300	-69.998	
26	363.400	-69.998	
26	363.500	-69.998	
26	363.600	-69.998	
26	363.700	-69.998	
26	363.800	-69.998	
26	363.900	-69.998	
26	364.000	-69.998	
26	364.100	-69.998	
26	364.200	-69.998	
26	364.300	-69.998	
26	364.400	-69.998	
26	364.500	-69.998	
26	364.600	-69.998	
26	364.700	-69.998	
26	364.800	-69.998	
26	364.900	-69.998	
26	365.000	-69.998	
26	365.100	-69.998	
26	365.200	-69.998	
26	365.300	-69.998	
26	365.400	-69.998	
26	365.500	-69.998	
26	365.600	-69.998	
26	365.700	-69.998	
26	365.800	-69.998	
26	365.900	-69.998	
26	366.000	-69.998	
26	366.100	-69.998	
26	366.200	-69.998	
26	366.300	-69.998	
26	366.400	-69.998	
26	366.500	-69.998	
26	366.600	-69.998	
26	366.700	-69.998	
26	366.800	-69.998	
26	366.900	-69.998	
26	367.000	-69.998	
26	367.100	-69.998	
26	367.200	-69.998	
26	367.300	-69.998	
26	367.400	-69.998	
26	367.500	-69.998	
26	367.600	-69.998	
26	367.700	-69.998	
26	367.800	-69.998	
26	367.900	-69.998	
26	368.000	-69.998	
26	368.100	-69.998	
26	368.200	-69.998	
26	368.300	-69.998	
26	368.400	-69.998	
26	368.500	-69.998	
26	368.600	-69.998	
26	368.700	-69.998	
26	368.800	-69.998	
26	368.900	-69.998	
26	369.000	-69.998	
26	369.100	-69.998	
26	369.200	-69.998	
26	369.300	-69.998	
26	369.400	-69.998	
26	369.500	-69.998	
26	369.600	-69.998	
26	369.700	-69.998	
26	369.800	-69.998	
26	369.900	-69.998	
26	370.000	-69.998	
26	370.100	-69.998	
26	370.200	-69.998	
26	370.300	-69.998	
26	370.400	-69.998	
26	370.500	-69.998	
26	370.600	-69.998	
26	370.700	-69.998	
26	370.800	-69.998	
26	370.900	-69.998	
26	371.000	-69.998	
26	371.100	-69.998	
26	371.200	-69.998	
26	371.300	-69.998	
26	371.400	-69.998	
26	371.500	-69.998	
26	371.600	-69.998	
26	371.700	-69.998	
26	371.800	-69.998	
26	371.900	-69.998	
26	372.000	-69.998	
26	372.100	-69.998	
26	372.200	-69.998	
26	372.300	-69.998	
26	372.400	-69.998	
26	372.500	-69.998	
26	372.600	-69.998	
26	372.700	-69.998	
26	372.800	-69.998	
26	372.900	-69.998	
26	373.000	-69.998	
26	373.100	-69.998	
26	373.200	-69.998	
26	373.300	-69.998	
26	373.400	-69.998	
26	373.500	-69.998	
26	373.600	-69.998	
26	373.700	-69.998	
26	373.800	-69.998	
26	373.900	-69.998	
26	374.000	-69.998	
26	374.100	-69.998	
26	374.200	-69.998	
26	374.300	-69.998	
26	374.400	-69.998	
26	374.500	-69.998	
26	374.600	-69.998	
26	374.700	-69.998	
26	374.800	-69.998	
26	374.900	-69.998	
26	375.000	-69.998	
26	375.100	-69.998	
26	375.200	-69.998	
26	375.300	-69.998	
26	375.400	-69.998	
26	375.500	-69.998	
26	375.600	-69.998	
26	375.700	-69.998	
26	375.800	-69.998	
26	375.900	-69.998	
26	376.000	-69.998	
26	376.100	-69.998	
26	376.200	-69.998	
26	376.300	-69.998	
26	376.400	-69.998	
26	376.500	-69.998	
26	376.600	-69.998	
26	376.700	-69.998	
26	376.800	-69.998	
26	376.900	-69.998	
26	377.000	-69.998	
26	377.100	-69.998	
26	377.200	-69.998	
26	377.300	-69.998	
26	377.400	-69.998	
26	377.500	-69.998	
26	377.600	-69.998	
26	377.700	-69.998	
26	377.800	-69.998	
26	377.900	-69.998	
26	378.000	-69.998	
26	378.100	-69.998	
26	378.200	-69.998	
26	378.300	-69.998	
26	378.400	-69.998	
26	378.500	-69.998	
26	378.600	-69.998	
26	378.700	-69.998	
26	378.800	-69.998	
26	378.900	-69.998	
26	379.000	-69.998	
26	379.100	-69.998	
26	379.200	-69.998	
26	379.300	-69.998	
26	379.400	-69.998	
26	379.500	-69.998	
26	379.600	-69.998	
26	379.700	-69.998	
26	379.800	-69.998	
26	379.900	-69.998	
26	380.000	-69.998	
26	380.100	-69.998	
26	380.200	-69.998	
26	380.300	-69.998	
26	380.400	-69.998	
26	380.500	-69.998	
26	380.600	-69.998	
26	380.700	-69.998	
26	380.800	-69.998	
26	380.900	-69.998	
26	381.000	-69.998	
26	381.100	-69.998	
26	381.200	-69.998	
26	381.300	-69.998	
26	381.400	-69.998	
26	381.500	-69.998	
26	381.600	-69.998	
26	381.700	-69.998	
26	381.800	-69.998	
26	381.900	-69.998	
26	382.000	-69.998	
26	382.100	-69.998	
26	382.200	-69.998	
26	382.300	-69.998	
26	382.400	-69.998	
26	382.500	-69.998	
26	382.600	-69.998	
26	382.700	-69.998	
26	382.800	-69.998	
26	382.900	-69.998	
26	383.000	-69.998	
26	383.100	-69.998	
26	383.200	-69.998	
26	383.300	-69.998	
26	383.400	-69.998	
26	383.500	-69.998	
26	383.600	-69.998	
26	383.700	-69.998	
26	383.800	-69.998	
26	383.900	-69.998	
26	384.000	-69.998	
26	384.100	-69.998	
26	384.200	-69.998	
26	384.300	-69.998	
26	384.400	-69.998	
26	384.500	-69.998	
26	384.600	-69.998	
26	384.700	-69.998	
26	384.800	-69.998	
26	384.900	-69.998	
26	385.000	-69.998	
26	385.100	-69.998	
26	385.200	-69.998	
26	385.300	-69.998	
26	385.400	-69.998	
26	385.500	-69.998	
26	385.600	-69.998	
26	385.700	-69.998	
26	385.800	-69.998	
26	385.900	-69.998	
26	386.000	-69.998	
26	386.100	-69.998	
26	386.200	-69.998	
26	386.300	-69.998	
26	386.400	-69.998	
26	386.500	-69.998	
26	386.600	-69.998	
26	386.700	-69.998	
26	386.800	-69.998	
26	386.900	-69.998	
26	387.000	-69.998	
26	387.100	-69.998	
26	387.200	-69.998	
26	387.300	-69.998	
26	387.400	-69.998	
26	387.500	-69.998	
26	387.600	-69.998	
26	387.700	-69.998	
26	387.800	-69.998	
26	387.900	-69.998	
26	388.000	-69.998	
26	388.100	-69.998	
26	388.200	-69.998	
26	388.300	-69.998	
26	388.400	-69.998	
26	388.500	-69.998	
26	388.600	-69.998	
26	388.700	-69.998	
26	388.800	-69.998	
26	388.900	-69.998	
26	389.000	-69.998	
26	389.100	-69.998	
26	389.200	-69.998	
26	389.300	-69.998	
26	389.400	-69.998	
26	389.500	-69.998	
26	389.600	-69.998	
26	389.700	-69.998	
26	389.800	-69.998	
26	389.900	-69.998	
26	390.000	-69.998	
26	390.100	-69.998	
26	390.200	-69.998	
26	390.300	-69.998	
26	390.400	-69.998	
26	390.500	-69.998	
26	390.600	-69.998	
26	390.700	-69.998	
26	390.800	-69.998	
26	390.900	-69.998	
26	391.000	-69.998	
26	391.100	-69.998	
26	391.200	-69.998	
26	391.300	-69.998	
26	391.400	-69.998	
26	391.500	-69.998	
26	391.600	-69.998	
26	391.700	-69.998	
26	391.800	-69.998	
26	391.900	-69.998	
26	392.000	-69.998	
26	392.100	-69.998	
26	392.200	-69.998	
26	392.300	-69.998	
26	392.400	-69.998	
26	392.500	-69.998	
26	392.600	-69.998	
26	392.700	-69.998	
26	392.800	-69.998	
26	392.900	-69.998	
26	393.000	-69.998	
26	393.100	-69.998	
26	393.200	-69.998	
26	393.300	-69.998	
26	393.400	-69.998	
26	393.500	-69.998	
26	393.600	-69.998	
26	393.700	-69.998	
26	393.800	-69.998	
26	393.900	-69.998	
26	394.000	-69.998	
26	394.100	-69.998	
26	394.200	-69.998	
26	394.300	-69.998	
26	394.400	-69.998	
26	394.500	-69.998	
26	394.600	-69.998	
26	394.700	-69.998	
26	394.800	-69.998	
26	394.900	-69.998	
26	395.000	-69.998	
26	395.100	-69.998	
26	395.200	-69.998	
26	395.300	-69.998	
26	395.400	-69.998	
26	395.500	-69.998	
26	395.600	-69.998	
26	395.700	-69.998	
26	395.800	-69.998	
26	395.900	-69.998	
26	396.000	-69.998	
26	396.100	-69.998	
26	396.200	-69.998	
26	396.300	-69.998	
26	396.400	-69.998	
26	396.500	-69.998	
26	396.600	-69.998	
26	396.700	-69.998	
26	396.800	-69.998	
26	396.900	-69.998	
26	397.000	-69.998	
26	397.100	-69.998	
26	397.200	-69.998	
26	397.300	-69.998	
26	397.400	-69.998	
26	397.500	-69.998	
26	397.600	-69.998	
26	397.700	-69.998	
26	397.800	-69.998	
26	397.900	-69.998	
26	398.000	-69.998	
26	398.100	-69.998	
26	398.200	-69.998	
26	398.300	-69.998	
26	398.400	-69.998	
26	398.500	-69.998	
26	398.600	-69.998	
26	398.700	-69.998	
26	398.800	-69.998	
26	398.900	-69.998	
26	399.000	-69.998	
26	399.100	-69.998	
26	399.200	-69.998	
26	399.300	-69.998	
26	399.400	-69.998	
26	399.500	-69.998	
26	399.600	-69.998	
26	399.700	-69.998	
26	399.800	-69.998	
26	399.900	-69.998	
26	400.000	-69.998	
26	400.100	-69.998	
26	400.200	-69.998	
26	400.300	-69.998	
26	400.400	-69.998	
26	400.500	-69.998	
26	400.600	-69.998	
26	400.700	-69.998	
26	400.800	-69.998	
26	400.900	-69.998	
26	401.000	-69.998	
26	401.100	-69.998	
26	401.200	-69.998	
26	401.300	-69.998	
26	401.400	-69.998	
26	401.500	-69.998	
26	401.600	-69.998	
26	401.700	-69.998	
26	401.800	-69.998	
26	401.900	-69.998	
26	402.000	-69.998	
26	402.100	-69.998	
26	402.200	-69.998	
26	402.300	-69.998	
26	402.400	-69.998	
26	402.500	-69.998	
26	402.600	-69.998	
26	402.700	-69.998	
26	402.800	-69.998	
26	402.900	-69.998	
26	403.000	-69.998	
26	403.100	-69.998	
26	403.200	-69.998	
26	403.300	-69.998	
26	403.400	-69.998	
26	403.500	-69.998	
26	403.600	-69.998	
26	403.700	-69.998	
26	403.800	-69.998	
26	403.900	-69.998	
26	404.000	-69.998	
26	404.100	-69.998	
26	404.200	-69.998	
26	404.300	-69.998	
26	404.400	-69.998	
26	404.500	-69.998	
26	404.600	-69.998	
26	404.700	-69.998	
26	404.800	-69.998	
26	404.900	-69.998	
26	405.000	-69.998	
26	405.100	-69.998	
26	405.200	-69.998	
26	405.300	-69.998	
26	405.400	-69.998	
26	405.500	-69.998	
26	405.600	-69.998	
26	405.700	-69.998	
26	405.800	-69.998	
26	405.900	-69.998	
26	406.000	-69.998	
26	406.100	-69.998	
26	406.200	-69.998	
26	406.300	-69.998	
26	406.400	-69.998	
26	406.500	-69.998	
26	406.600	-69.998	
26	406.700	-69.998	
26	406.800	-69.998	
26	406.900	-69.998	
26	407.000	-69.998	
26	407.100	-69.998	
26	407.200	-69.998	
26	407.300	-69.998	
26	407.400	-69.998	
26	407.500	-69.998	
26	407.600	-69.998	
26	407.700	-69.998	
26	407.800	-69.998	
26	407.900	-69.998	
26	408.000	-69.998	
26	408.100	-69.998	
26	408.200	-69.998	
26	408.300	-69.998	
26	408.400	-69.998	
26	408.500	-69.998	
26	408.600	-69.998	
26	408.700	-69.998	
26	408.800	-69.998	
26	408.900	-69.998	
26	409.000	-69.998	
26	409.100	-69.998	
26	409.200	-69.998	
26	409.300	-69.998	
26	409.400	-69.998	
26	409.500	-69.998	
26	409.600	-69.998	
26	409.700	-69.998	
26	409.800	-69.998	
26	409.900	-69.998	
26	410.000	-69.998	
26	410.100	-69.998	
26	410.200	-69.998	
26	410.300	-69.998	
26	410.400	-69.998	
26	410.500	-69.998	
26	410.600	-69.998	
26	410.700	-69.998	
26	410.800	-69.998	
26	410.900	-69.998	
26	411.000	-69.998	
26	411.100	-69.998	
26	411.200	-69.998	
26	411.300	-69.998	
26	411.400	-69.998	
26	411.500	-69.998	
26	411.600	-69.998	
26	411.700	-69.998	
26	411.800	-69.998	
26	411.900	-69.998	
26	412.000	-69.998	
26	412.100	-69.998	
26	412.200	-69.998	
26	412.300	-69.998	
26	412.400	-69.998	
26	412.500	-69.998	
26	412.600	-69.998	
26	412.700	-69.998	
26	412.800	-69.998	
26	412.900	-69.998	
26	413.000	-69.998	
26	413.100	-69.998	
26	413.200	-69.998	
26	413.300	-69.998	
26	413.400	-69.998	
26	413.500	-69.998	
26	413.600	-69.998	
26	413.700	-69.998	
26	413.800	-69.998	
26	413.900	-69.998	
26	414.000	-69.998	
26	414.100	-69.998	
26	414.200	-69.998	
26	414.300	-69.998	
26	414.400	-69.998	
26	414.500	-69.998	
26	414.600	-69.998	
26	414.700	-69.998	
26	414.800	-69.998	
26	414.900	-69.998	
26	415.000	-69.998	
26	415.100	-69.998	
26	415.200	-69.998	
26	415.300	-69.998	
26	415.400	-69.998	
26	415.500	-69.998	
26	415.600	-69.998	
26	415.700	-69.998	
26	415.800	-69.998	
26	415.900	-69.998	
26	416.000	-69.998	
26	416.100	-69.998	
26	416.200	-69.998	
26	416.300	-69.998	
26	416.400	-69.998	
26	416.500	-69.998	
26	416.600	-69.998	
26	416.700	-69.998	
26	416.800	-69.998	
26	416.900	-69.998	
26	417.000	-69.998	
26	417.100	-69.998	
26	417.200	-69.998	
26	417.300	-69.998	
26	417.400	-69.998	
26	417.500	-69.998	
26	417.600	-69.998	
26	417.700	-69.998	
26	417.800	-69.998	
26	417.900	-69.998	
26	418.000	-69.998	
26	418.100	-69.998	
26	418.200	-69.998	
26	418.300	-69.998	
26	418.400	-69.998	
26	418.500	-69.998	
26	418.600	-69.998	
26	418.700	-69.998	
26	418.800	-69.998	
26	418.900	-69.998	
26	419.000	-69.998	
26	419.100	-69.998	
26	419.200	-69.998	
26	419.300	-69.998	
26	419.400	-69.998	
26	419.500	-69.998	
26	419.600	-69.998	
26	419.700	-69.998	
26	419.800	-69.998	
26	419.900	-69.998	
26	420.000	-69.998	
26	420.100	-69.998	
26	420.200	-69.998	
26	420.300	-69.998	
26	420.400	-69.998	
26	420.500	-69.998	
26	420.600	-69.998	
26	420.700	-69.998	
26	420.800	-69.998	
26	420.900	-69.998	
26	421.000	-69.998	
26	421.100	-69.998	
26	421.200	-69.998	
26	421.300	-69.998	
26	421.400	-69.998	
26	421.500	-69.998	
26	421.600	-69.998	
26	421.700	-69.998	
26	421.800	-69.998	
26	421.900	-69.998	
26	422.000	-69.998	
26	422.100	-69.998	
26	422.200	-69.998	
26	422.300	-69.998	
26	422.400	-69.998	
26	422.500	-69.998	
26	422.600	-69.998	
26	422.700	-69.998	
26	422.800	-69.998	
26	422.900	-69.998	
26	423.000	-69.998	
26	423.100	-69.998	
26	423.200	-69.998	
26	423.300	-69.998	
26	423.400	-69.998	
26	423.500	-69.998	
26	423.600	-69.998	
26	423.700	-69.998	
26	423.800	-69.998	
26	423.900	-69.998	
26	424.000	-69.998	
26	424.100	-69.998	
26	424.200	-69.998	
26	424.300	-69.998	
26	424.400	-69.998	
26	424.500	-69.998	
26	424.600	-69.998	
26	424.700	-69.998	
26	424.800	-69.998	
26	424.900	-69.998	
26	425.000	-69.998	
26	425.100	-69.998	
26	425.200	-69.998	
26	425.300	-69.998	
26	425.400	-69.998	
26	425.500	-69.998	
26	425.600	-69.998	
26	425.700	-69.998	
26	425.800	-69.998	
26	425.900	-69.998	
26	426.000	-69.998	
26	426.100	-69.998	
26	426.200	-69.998	
26	426.300	-69.998	
26	426.400	-69.998	
26	426.500	-69.998	
26	426.600	-69.998	
26	426.700	-69.998	
26	426.800	-69.998	
26	426.900	-69.998	
26	427.000	-69.998	
26	427.100	-69.998	
26	427.200	-69.998	
26	427.300	-69.998	
26	427.400	-69.998	
26	427.500	-69.998	
26	427.600	-69.998	
26	427.700	-69.998	
26	427.800	-69.998	
26	427.900	-69.998	
26	428.000	-69.998	
26	428.100	-69.998	
26	428.200	-69.998	
26	428.300	-69.998	
26	428.400	-69.998	
26	428.500	-69.998	
26	428.600	-69.998	
26	428.700	-69.998	
26	428.800	-69.998	
26	428.900	-69.998	
26	429.000	-69.998	
26	429.100	-69.998	
26	429.200	-69.998	
26	429.300	-69.998	
26	429.400	-69.998	
26	429.500	-69.998	
26	429.600	-69.998	
26	429.700	-69.998	
26	429.800	-69.998	
26	429.900	-69.998	
26	430.000	-69.998	
26	430.100	-69.998	
26	430.200	-69.998	
26	430.300	-69.998	
26	430.400	-69.998	
26	430.500	-69.998	
26	430.600	-69.998	
26	430.700	-69.998	
26	430.800	-69.998	
26	430.900	-69.998	
26	431.000	-69.998	
26	431.100	-69.998	
26	431.200	-69.998	
26	431.300	-69.998	
26	431.400	-69.998	
26	431.500	-69.998	
26	431.600	-69.998	
26	431.700	-69.998	
26	431.800	-69.998	
26	431.900	-69.998	
26	432.000	-69.998	
26	432.100	-69.998	
26	432.200	-69.998	
26	432.300	-69.998	
26	432.400	-69.998	
26	432.500	-69.998	
26	432.600	-69.998	
26	432.700	-69.998	
26	432.800	-69.998	
26	432.900	-69.998	
26	433.000	-69.998	
26	433.100	-69.998	
26	433.200	-69.998	
26	433.300	-69.998	
26	433.400	-69.998	
26	433.500	-69.998	
26	433.600	-69.998	
26	433.700	-69.998	
26	433.800	-69.998	
26	433.900	-69.998	
26	434.000	-69.998	
26	434.100	-69.998	
26	434.200	-69.998	
26	434.300	-69.998	
26	434.400	-69.998	
26	434.500	-69.998	
26	434.600	-69.998	
26	434.700	-69.998	
26	434.800	-69.998	
26	434.900	-69.998	
26	435.000	-69.998	
26	435.100	-69.998	
26	435.200	-69.998	
26	435.300	-69.998	
26	435.400	-69.998	
26	435.500	-69.998	
26	435.600	-69.998	
26	435.700	-69.998	
26	435.800	-69.998	
26	435.900	-69.998	
26	436.000	-69.998	
26	436.100	-69.998	
26	436.200	-69.998	
26	436.300	-69.998	
26	436.400	-69.998	
26	436.500	-69.998	
26	436.600	-69.998	
26	436.700	-69.998	
26	436.800	-69.998	
26	436.900	-69.998	
26	437.000	-69.998	
26	437.100	-69.998	
26	437.200	-69.998	
26	437.300	-69.998	
26	437.400	-69.998	
26	437.500	-69.998	
26	437.600	-69.998	
26	437.700	-69.998	
26	437.800	-69.998	
26	437.900	-69.998	
26	438.000	-69.998	
26	438.100	-69.998	
26	438.200	-69.998	
26	438.300	-69.998	
26	438.400	-69.998	
26	438.500	-69.998	
26	438.600	-69.998	
26	438.700	-69.998	
26	438.800	-69.998	
26	438.900	-69.998	
26	439.000	-69.998	
26	439.100	-69.998	
26	439.200	-69.998	
26	439.300	-69.998	
26	439.400	-69.998	
26	439.500	-69.998	
26	439.600	-69.998	
26	439.700	-69.998	
26	439.800	-69.998	
26	439.900	-69.998	
26	440.000	-69.998	
26	440.100	-69.998	
26	440.200	-69.998	
26	440.300	-69.998	
26	440.400	-69.998	
26	440.500	-69.998	
26	440.600	-69.998	
26	440.700	-69.998	
26	440.800	-69.998	
26	440.900	-69.998	
26	441.000	-69.998	
26	441.100	-69.998	
26	441.200	-69.998	
26	441.300	-69.998	
26	441.400	-69.998	
26	441.500	-69.998	
26	441.600	-69.998	
26	441.700	-69.998	
26	441.800	-69.998	
26	441.900	-69.998	
26	442.000	-69.998	
26	442.100	-69.998	
26	442.200	-69.998	
26	442.300	-69.998	
26	442.400	-69.998	
26	442.500	-69.998	
26	442.600	-69.998	
26	442.700	-69.998	
26	442.800	-69.998	
26	442.900	-69.998	
26	443.000	-69.998	
26	443.100	-69.998	
26	443.200	-69.998	
26	443.300	-69.998	
26	443.400	-69.998	
26	443.500	-69.998	
26	443.600	-69.998	
26	443.700	-69.998	
26	443.800	-69.998	
26	443.900	-69.998	
26	444.000	-69.998	
26	444.100	-69.998	
26	444.200	-69.998	
26	444.300	-69.998	
26	444.400	-69.998	
26	444.500	-69.998	
26	444.600	-69.998	
26	444.700	-69.998	
26	444.800	-69.998	
26	444.900	-69.998	
26	445.000	-69.998	
26	445.100	-69.998	
26	445.200	-69.998	
26	445.300	-69.998	
26	445.400	-69.998	
26	445.500	-69.998	
26	445.600	-69.998	
26	445.700	-69.998	
26	445.800	-69.998	
26	445.900	-69.998	
26	446.000	-69.998	
26	446.100	-69.998	
26	446.200	-69.998	
26	446.300	-69.998	
26	446.400	-69.998	
26	446.500	-69.998	
26	446.600	-69.998	
26	446.700	-69.998	
26	446.800	-69.998	
26	446.900	-69.998	
26	447.000	-69.998	
26	447.100	-69.998	
26	447.200	-69.998	
26	447.300	-69.998	
26	447.400	-69.998	
26	447.500	-69.998	
26	447.600	-69.998	
26	447.700	-69.998	
26	447.800	-69.998	
26	447.900	-69.998	
26	448.000	-69.998	
26	448.100	-69.998	
26	448.200	-69.998	
26	448.300	-69.998	
26	448.400	-69.998	
26	448.500	-69.998	
26	448.600	-69.998	
26	448.700	-69.998	
26	448.800	-69.998	
26	448.900	-69.998	
26	449.000	-69.998	
