19	0.100	-70.000	
19	0.200	-70.000	
19	0.300	-70.000	
19	0.400	-70.000	
19	0.500	-70.000	
19	0.600	-70.000	
19	0.700	-70.000	
19	0.800	-70.000	
19	0.900	-70.000	
19	1.000	-70.000	
19	1.100	-70.000	
19	1.200	-70.000	
19	1.300	-70.000	
19	1.400	-70.000	
19	1.500	-70.000	
19	1.600	-70.000	
19	1.700	-70.000	
19	1.800	-69.999	
19	1.900	-69.999	
19	2.000	-69.999	
19	2.100	-69.999	
19	2.200	-69.999	
19	2.300	-69.999	
19	2.400	-69.999	
19	2.500	-69.999	
19	2.600	-69.999	
19	2.700	-69.999	
19	2.800	-69.999	
19	2.900	-69.999	
19	3.000	-69.999	
19	3.100	-69.999	
19	3.200	-69.999	
19	3.300	-69.999	
19	3.400	-69.999	
19	3.500	-69.999	
19	3.600	-69.999	
19	3.700	-69.999	
19	3.800	-69.999	
19	3.900	-69.999	
19	4.000	-69.999	
19	4.100	-69.999	
19	4.200	-69.999	
19	4.300	-69.999	
19	4.400	-69.999	
19	4.500	-69.999	
19	4.600	-69.999	
19	4.700	-69.999	
19	4.800	-69.999	
19	4.900	-69.999	
19	5.000	-69.999	
19	5.100	-69.999	
19	5.200	-69.999	
19	5.300	-69.999	
19	5.400	-69.999	
19	5.500	-69.999	
19	5.600	-69.999	
19	5.700	-69.999	
19	5.800	-69.999	
19	5.900	-69.999	
19	6.000	-69.999	
19	6.100	-69.999	
19	6.200	-69.999	
19	6.300	-69.999	
19	6.400	-69.999	
19	6.500	-69.999	
19	6.600	-69.999	
19	6.700	-69.999	
19	6.800	-69.999	
19	6.900	-69.999	
19	7.000	-69.999	
19	7.100	-69.999	
19	7.200	-69.999	
19	7.300	-69.999	
19	7.400	-69.999	
19	7.500	-69.999	
19	7.600	-69.999	
19	7.700	-69.999	
19	7.800	-69.999	
19	7.900	-69.999	
19	8.000	-69.999	
19	8.100	-69.999	
19	8.200	-69.999	
19	8.300	-69.999	
19	8.400	-69.999	
19	8.500	-69.999	
19	8.600	-69.999	
19	8.700	-69.999	
19	8.800	-69.999	
19	8.900	-69.999	
19	9.000	-69.999	
19	9.100	-69.999	
19	9.200	-69.999	
19	9.300	-69.999	
19	9.400	-69.999	
19	9.500	-69.999	
19	9.600	-69.999	
19	9.700	-69.999	
19	9.800	-69.999	
19	9.900	-69.998	
19	10.000	-69.998	
19	10.100	-69.998	
19	10.200	-69.998	
19	10.300	-69.998	
19	10.400	-69.998	
19	10.500	-69.998	
19	10.600	-69.998	
19	10.700	-69.998	
19	10.800	-69.998	
19	10.900	-69.998	
19	11.000	-69.998	
19	11.100	-69.998	
19	11.200	-69.998	
19	11.300	-69.998	
19	11.400	-69.998	
19	11.500	-69.998	
19	11.600	-69.998	
19	11.700	-69.998	
19	11.800	-69.998	
19	11.900	-69.998	
19	12.000	-69.998	
19	12.100	-69.998	
19	12.200	-69.998	
19	12.300	-69.998	
19	12.400	-69.998	
19	12.500	-69.998	
19	12.600	-69.998	
19	12.700	-69.998	
19	12.800	-69.998	
19	12.900	-69.998	
19	13.000	-69.998	
19	13.100	-69.998	
19	13.200	-69.998	
19	13.300	-69.998	
19	13.400	-69.998	
19	13.500	-69.998	
19	13.600	-69.998	
19	13.700	-69.998	
19	13.800	-69.998	
19	13.900	-69.998	
19	14.000	-69.998	
19	14.100	-69.998	
19	14.200	-69.998	
19	14.300	-69.998	
19	14.400	-69.998	
19	14.500	-69.998	
19	14.600	-69.998	
19	14.700	-69.998	
19	14.800	-69.998	
19	14.900	-69.998	
19	15.000	-69.998	
19	15.100	-69.998	
19	15.200	-69.998	
19	15.300	-69.998	
19	15.400	-69.998	
19	15.500	-69.998	
19	15.600	-69.998	
19	15.700	-69.998	
19	15.800	-69.998	
19	15.900	-69.998	
19	16.000	-69.998	
19	16.100	-69.998	
19	16.200	-69.998	
19	16.300	-69.998	
19	16.400	-69.998	
19	16.500	-69.998	
19	16.600	-69.998	
19	16.700	-69.998	
19	16.800	-69.998	
19	16.900	-69.998	
19	17.000	-69.998	
19	17.100	-69.998	
19	17.200	-69.998	
19	17.300	-69.998	
19	17.400	-69.998	
19	17.500	-69.998	
19	17.600	-69.998	
19	17.700	-69.998	
19	17.800	-69.998	
19	17.900	-69.998	
19	18.000	-69.998	
19	18.100	-69.998	
19	18.200	-69.998	
19	18.300	-69.998	
19	18.400	-69.998	
19	18.500	-69.998	
19	18.600	-69.998	
19	18.700	-69.998	
19	18.800	-69.998	
19	18.900	-69.998	
19	19.000	-69.998	
19	19.100	-69.998	
19	19.200	-69.998	
19	19.300	-69.998	
19	19.400	-69.998	
19	19.500	-69.998	
19	19.600	-69.998	
19	19.700	-69.998	
19	19.800	-69.998	
19	19.900	-69.998	
19	20.000	-69.998	
19	20.100	-69.998	
19	20.200	-69.998	
19	20.300	-69.998	
19	20.400	-69.998	
19	20.500	-69.998	
19	20.600	-69.998	
19	20.700	-69.998	
19	20.800	-69.998	
19	20.900	-69.998	
19	21.000	-69.998	
19	21.100	-69.998	
19	21.200	-69.998	
19	21.300	-69.998	
19	21.400	-69.998	
19	21.500	-69.998	
19	21.600	-69.998	
19	21.700	-69.998	
19	21.800	-69.998	
19	21.900	-69.998	
19	22.000	-69.998	
19	22.100	-69.998	
19	22.200	-69.998	
19	22.300	-69.998	
19	22.400	-69.998	
19	22.500	-69.998	
19	22.600	-69.998	
19	22.700	-69.998	
19	22.800	-69.998	
19	22.900	-69.998	
19	23.000	-69.998	
19	23.100	-69.998	
19	23.200	-69.998	
19	23.300	-69.998	
19	23.400	-69.998	
19	23.500	-69.998	
19	23.600	-69.998	
19	23.700	-69.998	
19	23.800	-69.998	
19	23.900	-69.998	
19	24.000	-69.998	
19	24.100	-69.998	
19	24.200	-69.998	
19	24.300	-69.998	
19	24.400	-69.998	
19	24.500	-69.998	
19	24.600	-69.998	
19	24.700	-69.998	
19	24.800	-69.998	
19	24.900	-69.998	
19	25.000	-69.998	
19	25.100	-69.998	
19	25.200	-69.998	
19	25.300	-69.998	
19	25.400	-69.998	
19	25.500	-69.998	
19	25.600	-69.998	
19	25.700	-69.998	
19	25.800	-69.998	
19	25.900	-69.998	
19	26.000	-69.998	
19	26.100	-69.998	
19	26.200	-69.998	
19	26.300	-69.998	
19	26.400	-69.998	
19	26.500	-69.998	
19	26.600	-69.998	
19	26.700	-69.998	
19	26.800	-69.998	
19	26.900	-69.998	
19	27.000	-69.998	
19	27.100	-69.998	
19	27.200	-69.998	
19	27.300	-69.998	
19	27.400	-69.998	
19	27.500	-69.998	
19	27.600	-69.998	
19	27.700	-69.998	
19	27.800	-69.998	
19	27.900	-69.998	
19	28.000	-69.998	
19	28.100	-69.998	
19	28.200	-69.998	
19	28.300	-69.998	
19	28.400	-69.998	
19	28.500	-69.998	
19	28.600	-69.998	
19	28.700	-69.998	
19	28.800	-69.998	
19	28.900	-69.998	
19	29.000	-69.998	
19	29.100	-69.998	
19	29.200	-69.998	
19	29.300	-69.998	
19	29.400	-69.998	
19	29.500	-69.998	
19	29.600	-69.998	
19	29.700	-69.998	
19	29.800	-69.998	
19	29.900	-69.998	
19	30.000	-69.998	
19	30.100	-69.998	
19	30.200	-69.998	
19	30.300	-69.998	
19	30.400	-69.998	
19	30.500	-69.998	
19	30.600	-69.998	
19	30.700	-69.998	
19	30.800	-69.998	
19	30.900	-69.998	
19	31.000	-69.998	
19	31.100	-69.998	
19	31.200	-69.998	
19	31.300	-69.998	
19	31.400	-69.998	
19	31.500	-69.998	
19	31.600	-69.998	
19	31.700	-69.998	
19	31.800	-69.998	
19	31.900	-69.998	
19	32.000	-69.998	
19	32.100	-69.998	
19	32.200	-69.998	
19	32.300	-69.998	
19	32.400	-69.998	
19	32.500	-69.998	
19	32.600	-69.998	
19	32.700	-69.998	
19	32.800	-69.998	
19	32.900	-69.998	
19	33.000	-69.998	
19	33.100	-69.998	
19	33.200	-69.998	
19	33.300	-69.998	
19	33.400	-69.998	
19	33.500	-69.998	
19	33.600	-69.998	
19	33.700	-69.998	
19	33.800	-69.998	
19	33.900	-69.998	
19	34.000	-69.998	
19	34.100	-69.998	
19	34.200	-69.998	
19	34.300	-69.998	
19	34.400	-69.998	
19	34.500	-69.998	
19	34.600	-69.998	
19	34.700	-69.998	
19	34.800	-69.998	
19	34.900	-69.998	
19	35.000	-69.998	
19	35.100	-69.998	
19	35.200	-69.998	
19	35.300	-69.998	
19	35.400	-69.998	
19	35.500	-69.998	
19	35.600	-69.998	
19	35.700	-69.998	
19	35.800	-69.998	
19	35.900	-69.998	
19	36.000	-69.998	
19	36.100	-69.998	
19	36.200	-69.998	
19	36.300	-69.998	
19	36.400	-69.998	
19	36.500	-69.998	
19	36.600	-69.998	
19	36.700	-69.998	
19	36.800	-69.998	
19	36.900	-69.998	
19	37.000	-69.998	
19	37.100	-69.998	
19	37.200	-69.998	
19	37.300	-69.998	
19	37.400	-69.998	
19	37.500	-69.998	
19	37.600	-69.998	
19	37.700	-69.998	
19	37.800	-69.998	
19	37.900	-69.998	
19	38.000	-69.998	
19	38.100	-69.998	
19	38.200	-69.998	
19	38.300	-69.998	
19	38.400	-69.998	
19	38.500	-69.998	
19	38.600	-69.998	
19	38.700	-69.998	
19	38.800	-69.998	
19	38.900	-69.998	
19	39.000	-69.998	
19	39.100	-69.998	
19	39.200	-69.998	
19	39.300	-69.998	
19	39.400	-69.998	
19	39.500	-69.998	
19	39.600	-69.998	
19	39.700	-69.998	
19	39.800	-69.998	
19	39.900	-69.998	
19	40.000	-69.998	
19	40.100	-69.998	
19	40.200	-69.998	
19	40.300	-69.998	
19	40.400	-69.998	
19	40.500	-69.998	
19	40.600	-69.998	
19	40.700	-69.998	
19	40.800	-69.998	
19	40.900	-69.998	
19	41.000	-69.998	
19	41.100	-69.998	
19	41.200	-69.998	
19	41.300	-69.998	
19	41.400	-69.998	
19	41.500	-69.998	
19	41.600	-69.998	
19	41.700	-69.998	
19	41.800	-69.998	
19	41.900	-69.998	
19	42.000	-69.998	
19	42.100	-69.998	
19	42.200	-69.998	
19	42.300	-69.998	
19	42.400	-69.998	
19	42.500	-69.998	
19	42.600	-69.998	
19	42.700	-69.998	
19	42.800	-69.998	
19	42.900	-69.998	
19	43.000	-69.998	
19	43.100	-69.998	
19	43.200	-69.998	
19	43.300	-69.998	
19	43.400	-69.998	
19	43.500	-69.998	
19	43.600	-69.998	
19	43.700	-69.998	
19	43.800	-69.998	
19	43.900	-69.998	
19	44.000	-69.998	
19	44.100	-69.998	
19	44.200	-69.998	
19	44.300	-69.998	
19	44.400	-69.998	
19	44.500	-69.998	
19	44.600	-69.998	
19	44.700	-69.998	
19	44.800	-69.998	
19	44.900	-69.998	
19	45.000	-69.998	
19	45.100	-69.998	
19	45.200	-69.998	
19	45.300	-69.998	
19	45.400	-69.998	
19	45.500	-69.998	
19	45.600	-69.998	
19	45.700	-69.998	
19	45.800	-69.998	
19	45.900	-69.998	
19	46.000	-69.998	
19	46.100	-69.998	
19	46.200	-69.998	
19	46.300	-69.998	
19	46.400	-69.998	
19	46.500	-69.998	
19	46.600	-69.998	
19	46.700	-69.998	
19	46.800	-69.998	
19	46.900	-69.998	
19	47.000	-69.998	
19	47.100	-69.998	
19	47.200	-69.998	
19	47.300	-69.998	
19	47.400	-69.998	
19	47.500	-69.998	
19	47.600	-69.998	
19	47.700	-69.998	
19	47.800	-69.998	
19	47.900	-69.998	
19	48.000	-69.998	
19	48.100	-69.998	
19	48.200	-69.998	
19	48.300	-69.998	
19	48.400	-69.998	
19	48.500	-69.998	
19	48.600	-69.998	
19	48.700	-69.998	
19	48.800	-69.998	
19	48.900	-69.998	
19	49.000	-69.998	
19	49.100	-69.998	
19	49.200	-69.998	
19	49.300	-69.998	
19	49.400	-69.998	
19	49.500	-69.998	
19	49.600	-69.998	
19	49.700	-69.998	
19	49.800	-69.998	
19	49.900	-69.998	
19	50.000	-69.998	
19	50.100	-69.998	
19	50.200	-69.998	
19	50.300	-69.998	
19	50.400	-69.998	
19	50.500	-69.998	
19	50.600	-69.998	
19	50.700	-69.998	
19	50.800	-69.998	
19	50.900	-69.998	
19	51.000	-69.998	
19	51.100	-69.998	
19	51.200	-69.998	
19	51.300	-69.998	
19	51.400	-69.998	
19	51.500	-69.998	
19	51.600	-69.998	
19	51.700	-69.998	
19	51.800	-69.998	
19	51.900	-69.998	
19	52.000	-69.998	
19	52.100	-69.998	
19	52.200	-69.998	
19	52.300	-69.998	
19	52.400	-69.998	
19	52.500	-69.998	
19	52.600	-69.998	
19	52.700	-69.998	
19	52.800	-69.998	
19	52.900	-69.998	
19	53.000	-69.998	
19	53.100	-69.998	
19	53.200	-69.998	
19	53.300	-69.998	
19	53.400	-69.998	
19	53.500	-69.998	
19	53.600	-69.998	
19	53.700	-69.998	
19	53.800	-69.998	
19	53.900	-69.998	
19	54.000	-69.998	
19	54.100	-69.998	
19	54.200	-69.998	
19	54.300	-69.998	
19	54.400	-69.998	
19	54.500	-69.998	
19	54.600	-69.998	
19	54.700	-69.998	
19	54.800	-69.998	
19	54.900	-69.998	
19	55.000	-69.998	
19	55.100	-69.998	
19	55.200	-69.998	
19	55.300	-69.998	
19	55.400	-69.998	
19	55.500	-69.998	
19	55.600	-69.998	
19	55.700	-69.998	
19	55.800	-69.998	
19	55.900	-69.998	
19	56.000	-69.998	
19	56.100	-69.998	
19	56.200	-69.998	
19	56.300	-69.998	
19	56.400	-69.998	
19	56.500	-69.998	
19	56.600	-69.998	
19	56.700	-69.998	
19	56.800	-69.998	
19	56.900	-69.998	
19	57.000	-69.998	
19	57.100	-69.998	
19	57.200	-69.998	
19	57.300	-69.998	
19	57.400	-69.998	
19	57.500	-69.998	
19	57.600	-69.998	
19	57.700	-69.998	
19	57.800	-69.998	
19	57.900	-69.998	
19	58.000	-69.998	
19	58.100	-69.998	
19	58.200	-69.998	
19	58.300	-69.998	
19	58.400	-69.998	
19	58.500	-69.998	
19	58.600	-69.998	
19	58.700	-69.998	
19	58.800	-69.998	
19	58.900	-69.998	
19	59.000	-69.998	
19	59.100	-69.998	
19	59.200	-69.998	
19	59.300	-69.998	
19	59.400	-69.998	
19	59.500	-69.998	
19	59.600	-69.998	
19	59.700	-69.998	
19	59.800	-69.998	
19	59.900	-69.998	
19	60.000	-69.998	
19	60.100	-69.998	
19	60.200	-69.998	
19	60.300	-69.998	
19	60.400	-69.998	
19	60.500	-69.998	
19	60.600	-69.998	
19	60.700	-69.998	
19	60.800	-69.998	
19	60.900	-69.998	
19	61.000	-69.998	
19	61.100	-69.998	
19	61.200	-69.998	
19	61.300	-69.998	
19	61.400	-69.998	
19	61.500	-69.998	
19	61.600	-69.998	
19	61.700	-69.998	
19	61.800	-69.998	
19	61.900	-69.998	
19	62.000	-69.998	
19	62.100	-69.998	
19	62.200	-69.998	
19	62.300	-69.998	
19	62.400	-69.998	
19	62.500	-69.998	
19	62.600	-69.998	
19	62.700	-69.998	
19	62.800	-69.998	
19	62.900	-69.998	
19	63.000	-69.998	
19	63.100	-69.998	
19	63.200	-69.998	
19	63.300	-69.998	
19	63.400	-69.998	
19	63.500	-69.998	
19	63.600	-69.998	
19	63.700	-69.998	
19	63.800	-69.998	
19	63.900	-69.998	
19	64.000	-69.998	
19	64.100	-69.998	
19	64.200	-69.998	
19	64.300	-69.998	
19	64.400	-69.998	
19	64.500	-69.998	
19	64.600	-69.998	
19	64.700	-69.998	
19	64.800	-69.998	
19	64.900	-69.998	
19	65.000	-69.998	
19	65.100	-69.998	
19	65.200	-69.998	
19	65.300	-69.998	
19	65.400	-69.998	
19	65.500	-69.998	
19	65.600	-69.998	
19	65.700	-69.998	
19	65.800	-69.998	
19	65.900	-69.998	
19	66.000	-69.998	
19	66.100	-69.998	
19	66.200	-69.998	
19	66.300	-69.998	
19	66.400	-69.998	
19	66.500	-69.998	
19	66.600	-69.998	
19	66.700	-69.998	
19	66.800	-69.998	
19	66.900	-69.998	
19	67.000	-69.998	
19	67.100	-69.998	
19	67.200	-69.998	
19	67.300	-69.998	
19	67.400	-69.998	
19	67.500	-69.998	
19	67.600	-69.998	
19	67.700	-69.998	
19	67.800	-69.998	
19	67.900	-69.998	
19	68.000	-69.998	
19	68.100	-69.998	
19	68.200	-69.998	
19	68.300	-69.998	
19	68.400	-69.998	
19	68.500	-69.998	
19	68.600	-69.998	
19	68.700	-69.998	
19	68.800	-69.998	
19	68.900	-69.998	
19	69.000	-69.998	
19	69.100	-69.998	
19	69.200	-69.998	
19	69.300	-69.998	
19	69.400	-69.998	
19	69.500	-69.998	
19	69.600	-69.998	
19	69.700	-69.998	
19	69.800	-69.998	
19	69.900	-69.998	
19	70.000	-69.998	
19	70.100	-69.998	
19	70.200	-69.998	
19	70.300	-69.998	
19	70.400	-69.998	
19	70.500	-69.998	
19	70.600	-69.998	
19	70.700	-69.998	
19	70.800	-69.998	
19	70.900	-69.998	
19	71.000	-69.998	
19	71.100	-69.998	
19	71.200	-69.998	
19	71.300	-69.998	
19	71.400	-69.998	
19	71.500	-69.998	
19	71.600	-69.998	
19	71.700	-69.998	
19	71.800	-69.998	
19	71.900	-69.998	
19	72.000	-69.998	
19	72.100	-69.998	
19	72.200	-69.998	
19	72.300	-69.998	
19	72.400	-69.998	
19	72.500	-69.998	
19	72.600	-69.998	
19	72.700	-69.998	
19	72.800	-69.998	
19	72.900	-69.998	
19	73.000	-69.998	
19	73.100	-69.998	
19	73.200	-69.998	
19	73.300	-69.998	
19	73.400	-69.998	
19	73.500	-69.998	
19	73.600	-69.998	
19	73.700	-69.998	
19	73.800	-69.998	
19	73.900	-69.998	
19	74.000	-69.998	
19	74.100	-69.998	
19	74.200	-69.998	
19	74.300	-69.998	
19	74.400	-69.998	
19	74.500	-69.998	
19	74.600	-69.998	
19	74.700	-69.998	
19	74.800	-69.998	
19	74.900	-69.998	
19	75.000	-69.998	
19	75.100	-69.998	
19	75.200	-69.998	
19	75.300	-69.998	
19	75.400	-69.998	
19	75.500	-69.998	
19	75.600	-69.998	
19	75.700	-69.998	
19	75.800	-69.998	
19	75.900	-69.998	
19	76.000	-69.998	
19	76.100	-69.998	
19	76.200	-69.998	
19	76.300	-69.998	
19	76.400	-69.998	
19	76.500	-69.998	
19	76.600	-69.998	
19	76.700	-69.998	
19	76.800	-69.998	
19	76.900	-69.998	
19	77.000	-69.998	
19	77.100	-69.998	
19	77.200	-69.998	
19	77.300	-69.998	
19	77.400	-69.998	
19	77.500	-69.998	
19	77.600	-69.998	
19	77.700	-69.998	
19	77.800	-69.998	
19	77.900	-69.998	
19	78.000	-69.998	
19	78.100	-69.998	
19	78.200	-69.998	
19	78.300	-69.998	
19	78.400	-69.998	
19	78.500	-69.998	
19	78.600	-69.998	
19	78.700	-69.998	
19	78.800	-69.998	
19	78.900	-69.998	
19	79.000	-69.998	
19	79.100	-69.998	
19	79.200	-69.998	
19	79.300	-69.998	
19	79.400	-69.998	
19	79.500	-69.998	
19	79.600	-69.998	
19	79.700	-69.998	
19	79.800	-69.998	
19	79.900	-69.998	
19	80.000	-69.998	
19	80.100	-69.998	
19	80.200	-69.998	
19	80.300	-69.998	
19	80.400	-69.998	
19	80.500	-69.998	
19	80.600	-69.998	
19	80.700	-69.998	
19	80.800	-69.998	
19	80.900	-69.998	
19	81.000	-69.998	
19	81.100	-69.998	
19	81.200	-69.998	
19	81.300	-69.998	
19	81.400	-69.998	
19	81.500	-69.998	
19	81.600	-69.998	
19	81.700	-69.998	
19	81.800	-69.998	
19	81.900	-69.998	
19	82.000	-69.998	
19	82.100	-69.998	
19	82.200	-69.998	
19	82.300	-69.998	
19	82.400	-69.998	
19	82.500	-69.998	
19	82.600	-69.998	
19	82.700	-69.998	
19	82.800	-69.998	
19	82.900	-69.998	
19	83.000	-69.998	
19	83.100	-69.998	
19	83.200	-69.998	
19	83.300	-69.998	
19	83.400	-69.998	
19	83.500	-69.998	
19	83.600	-69.998	
19	83.700	-69.998	
19	83.800	-69.998	
19	83.900	-69.998	
19	84.000	-69.998	
19	84.100	-69.998	
19	84.200	-69.998	
19	84.300	-69.998	
19	84.400	-69.998	
19	84.500	-69.998	
19	84.600	-69.998	
19	84.700	-69.998	
19	84.800	-69.998	
19	84.900	-69.998	
19	85.000	-69.998	
19	85.100	-69.998	
19	85.200	-69.998	
19	85.300	-69.998	
19	85.400	-69.998	
19	85.500	-69.998	
19	85.600	-69.998	
19	85.700	-69.998	
19	85.800	-69.998	
19	85.900	-69.998	
19	86.000	-69.998	
19	86.100	-69.998	
19	86.200	-69.998	
19	86.300	-69.998	
19	86.400	-69.998	
19	86.500	-69.998	
19	86.600	-69.998	
19	86.700	-69.998	
19	86.800	-69.998	
19	86.900	-69.998	
19	87.000	-69.998	
19	87.100	-69.998	
19	87.200	-69.998	
19	87.300	-69.998	
19	87.400	-69.998	
19	87.500	-69.998	
19	87.600	-69.998	
19	87.700	-69.998	
19	87.800	-69.998	
19	87.900	-69.998	
19	88.000	-69.998	
19	88.100	-69.998	
19	88.200	-69.998	
19	88.300	-69.998	
19	88.400	-69.998	
19	88.500	-69.998	
19	88.600	-69.998	
19	88.700	-69.998	
19	88.800	-69.998	
19	88.900	-69.998	
19	89.000	-69.998	
19	89.100	-69.998	
19	89.200	-69.998	
19	89.300	-69.998	
19	89.400	-69.998	
19	89.500	-69.998	
19	89.600	-69.998	
19	89.700	-69.998	
19	89.800	-69.998	
19	89.900	-69.998	
19	90.000	-69.998	
19	90.100	-69.998	
19	90.200	-69.998	
19	90.300	-69.998	
19	90.400	-69.998	
19	90.500	-69.998	
19	90.600	-69.998	
19	90.700	-69.998	
19	90.800	-69.998	
19	90.900	-69.998	
19	91.000	-69.998	
19	91.100	-69.998	
19	91.200	-69.998	
19	91.300	-69.998	
19	91.400	-69.998	
19	91.500	-69.998	
19	91.600	-69.998	
19	91.700	-69.998	
19	91.800	-69.998	
19	91.900	-69.998	
19	92.000	-69.998	
19	92.100	-69.998	
19	92.200	-69.998	
19	92.300	-69.998	
19	92.400	-69.998	
19	92.500	-69.998	
19	92.600	-69.998	
19	92.700	-69.998	
19	92.800	-69.998	
19	92.900	-69.998	
19	93.000	-69.998	
19	93.100	-69.998	
19	93.200	-69.998	
19	93.300	-69.998	
19	93.400	-69.998	
19	93.500	-69.998	
19	93.600	-69.998	
19	93.700	-69.998	
19	93.800	-69.998	
19	93.900	-69.998	
19	94.000	-69.998	
19	94.100	-69.998	
19	94.200	-69.998	
19	94.300	-69.998	
19	94.400	-69.998	
19	94.500	-69.998	
19	94.600	-69.998	
19	94.700	-69.998	
19	94.800	-69.998	
19	94.900	-69.998	
19	95.000	-69.998	
19	95.100	-69.998	
19	95.200	-69.998	
19	95.300	-69.998	
19	95.400	-69.998	
19	95.500	-69.998	
19	95.600	-69.998	
19	95.700	-69.998	
19	95.800	-69.998	
19	95.900	-69.998	
19	96.000	-69.998	
19	96.100	-69.998	
19	96.200	-69.998	
19	96.300	-69.998	
19	96.400	-69.998	
19	96.500	-69.998	
19	96.600	-69.998	
19	96.700	-69.998	
19	96.800	-69.998	
19	96.900	-69.998	
19	97.000	-69.998	
19	97.100	-69.998	
19	97.200	-69.998	
19	97.300	-69.998	
19	97.400	-69.998	
19	97.500	-69.998	
19	97.600	-69.998	
19	97.700	-69.998	
19	97.800	-69.998	
19	97.900	-69.998	
19	98.000	-69.998	
19	98.100	-69.998	
19	98.200	-69.998	
19	98.300	-69.998	
19	98.400	-69.998	
19	98.500	-69.998	
19	98.600	-69.998	
19	98.700	-69.998	
19	98.800	-69.998	
19	98.900	-69.998	
19	99.000	-69.998	
19	99.100	-69.998	
19	99.200	-69.998	
19	99.300	-69.998	
19	99.400	-69.998	
19	99.500	-69.998	
19	99.600	-69.998	
19	99.700	-69.998	
19	99.800	-69.998	
19	99.900	-69.998	
19	100.000	-69.998	
19	100.100	-69.998	
19	100.200	-69.998	
19	100.300	-69.998	
19	100.400	-69.998	
19	100.500	-69.998	
19	100.600	-69.998	
19	100.700	-69.998	
19	100.800	-69.998	
19	100.900	-69.998	
19	101.000	-69.998	
19	101.100	-69.998	
19	101.200	-69.998	
19	101.300	-69.998	
19	101.400	-69.998	
19	101.500	-69.998	
19	101.600	-69.998	
19	101.700	-69.998	
19	101.800	-69.998	
19	101.900	-69.998	
19	102.000	-69.998	
19	102.100	-69.998	
19	102.200	-69.998	
19	102.300	-69.998	
19	102.400	-69.998	
19	102.500	-69.998	
19	102.600	-69.998	
19	102.700	-69.998	
19	102.800	-69.998	
19	102.900	-69.998	
19	103.000	-69.998	
19	103.100	-69.998	
19	103.200	-69.998	
19	103.300	-69.998	
19	103.400	-69.998	
19	103.500	-69.998	
19	103.600	-69.998	
19	103.700	-69.998	
19	103.800	-69.998	
19	103.900	-69.998	
19	104.000	-69.998	
19	104.100	-69.998	
19	104.200	-69.998	
19	104.300	-69.998	
19	104.400	-69.998	
19	104.500	-69.998	
19	104.600	-69.998	
19	104.700	-69.998	
19	104.800	-69.998	
19	104.900	-69.998	
19	105.000	-69.998	
19	105.100	-69.998	
19	105.200	-69.998	
19	105.300	-69.998	
19	105.400	-69.998	
19	105.500	-69.998	
19	105.600	-69.998	
19	105.700	-69.998	
19	105.800	-69.998	
19	105.900	-69.998	
19	106.000	-69.998	
19	106.100	-69.998	
19	106.200	-69.998	
19	106.300	-69.998	
19	106.400	-69.998	
19	106.500	-69.998	
19	106.600	-69.998	
19	106.700	-69.998	
19	106.800	-69.998	
19	106.900	-69.998	
19	107.000	-69.998	
19	107.100	-69.998	
19	107.200	-69.998	
19	107.300	-69.998	
19	107.400	-69.998	
19	107.500	-69.998	
19	107.600	-69.998	
19	107.700	-69.998	
19	107.800	-69.998	
19	107.900	-69.998	
19	108.000	-69.998	
19	108.100	-69.998	
19	108.200	-69.998	
19	108.300	-69.998	
19	108.400	-69.998	
19	108.500	-69.998	
19	108.600	-69.998	
19	108.700	-69.998	
19	108.800	-69.998	
19	108.900	-69.998	
19	109.000	-69.998	
19	109.100	-69.998	
19	109.200	-69.998	
19	109.300	-69.998	
19	109.400	-69.998	
19	109.500	-69.998	
19	109.600	-69.998	
19	109.700	-69.998	
19	109.800	-69.998	
19	109.900	-69.998	
19	110.000	-69.998	
19	110.100	-69.998	
19	110.200	-69.998	
19	110.300	-69.998	
19	110.400	-69.998	
19	110.500	-69.998	
19	110.600	-69.998	
19	110.700	-69.998	
19	110.800	-69.998	
19	110.900	-69.998	
19	111.000	-69.998	
19	111.100	-69.998	
19	111.200	-69.998	
19	111.300	-69.998	
19	111.400	-69.998	
19	111.500	-69.998	
19	111.600	-69.998	
19	111.700	-69.998	
19	111.800	-69.998	
19	111.900	-69.998	
19	112.000	-69.998	
19	112.100	-69.998	
19	112.200	-69.998	
19	112.300	-69.998	
19	112.400	-69.998	
19	112.500	-69.998	
19	112.600	-69.998	
19	112.700	-69.998	
19	112.800	-69.998	
19	112.900	-69.998	
19	113.000	-69.998	
19	113.100	-69.998	
19	113.200	-69.998	
19	113.300	-69.998	
19	113.400	-69.998	
19	113.500	-69.998	
19	113.600	-69.998	
19	113.700	-69.998	
19	113.800	-69.998	
19	113.900	-69.998	
19	114.000	-69.998	
19	114.100	-69.998	
19	114.200	-69.998	
19	114.300	-69.998	
19	114.400	-69.998	
19	114.500	-69.998	
19	114.600	-69.998	
19	114.700	-69.998	
19	114.800	-69.998	
19	114.900	-69.998	
19	115.000	-69.998	
19	115.100	-69.998	
19	115.200	-69.998	
19	115.300	-69.998	
19	115.400	-69.998	
19	115.500	-69.998	
19	115.600	-69.998	
19	115.700	-69.998	
19	115.800	-69.998	
19	115.900	-69.998	
19	116.000	-69.998	
19	116.100	-69.998	
19	116.200	-69.998	
19	116.300	-69.998	
19	116.400	-69.998	
19	116.500	-69.998	
19	116.600	-69.998	
19	116.700	-69.998	
19	116.800	-69.998	
19	116.900	-69.998	
19	117.000	-69.998	
19	117.100	-69.998	
19	117.200	-69.998	
19	117.300	-69.998	
19	117.400	-69.998	
19	117.500	-69.998	
19	117.600	-69.998	
19	117.700	-69.998	
19	117.800	-69.998	
19	117.900	-69.998	
19	118.000	-69.998	
19	118.100	-69.998	
19	118.200	-69.998	
19	118.300	-69.998	
19	118.400	-69.998	
19	118.500	-69.998	
19	118.600	-69.998	
19	118.700	-69.998	
19	118.800	-69.998	
19	118.900	-69.998	
19	119.000	-69.998	
19	119.100	-69.998	
19	119.200	-69.998	
19	119.300	-69.998	
19	119.400	-69.998	
19	119.500	-69.998	
19	119.600	-69.998	
19	119.700	-69.998	
19	119.800	-69.998	
19	119.900	-69.998	
19	120.000	-69.998	
19	120.100	-69.998	
19	120.200	-69.998	
19	120.300	-69.998	
19	120.400	-69.998	
19	120.500	-69.998	
19	120.600	-69.998	
19	120.700	-69.998	
19	120.800	-69.998	
19	120.900	-69.998	
19	121.000	-69.998	
19	121.100	-69.998	
19	121.200	-69.998	
19	121.300	-69.998	
19	121.400	-69.998	
19	121.500	-69.998	
19	121.600	-69.998	
19	121.700	-69.998	
19	121.800	-69.998	
19	121.900	-69.998	
19	122.000	-69.998	
19	122.100	-69.998	
19	122.200	-69.998	
19	122.300	-69.998	
19	122.400	-69.998	
19	122.500	-69.998	
19	122.600	-69.998	
19	122.700	-69.998	
19	122.800	-69.998	
19	122.900	-69.998	
19	123.000	-69.998	
19	123.100	-69.998	
19	123.200	-69.998	
19	123.300	-69.998	
19	123.400	-69.998	
19	123.500	-69.998	
19	123.600	-69.998	
19	123.700	-69.998	
19	123.800	-69.998	
19	123.900	-69.998	
19	124.000	-69.998	
19	124.100	-69.998	
19	124.200	-69.998	
19	124.300	-69.998	
19	124.400	-69.998	
19	124.500	-69.998	
19	124.600	-69.998	
19	124.700	-69.998	
19	124.800	-69.998	
19	124.900	-69.998	
19	125.000	-69.998	
19	125.100	-69.998	
19	125.200	-69.998	
19	125.300	-69.998	
19	125.400	-69.998	
19	125.500	-69.998	
19	125.600	-69.998	
19	125.700	-69.998	
19	125.800	-69.998	
19	125.900	-69.998	
19	126.000	-69.998	
19	126.100	-69.998	
19	126.200	-69.998	
19	126.300	-69.998	
19	126.400	-69.998	
19	126.500	-69.998	
19	126.600	-69.998	
19	126.700	-69.998	
19	126.800	-69.998	
19	126.900	-69.998	
19	127.000	-69.998	
19	127.100	-69.998	
19	127.200	-69.998	
19	127.300	-69.998	
19	127.400	-69.998	
19	127.500	-69.998	
19	127.600	-69.998	
19	127.700	-69.998	
19	127.800	-69.998	
19	127.900	-69.998	
19	128.000	-69.998	
19	128.100	-69.998	
19	128.200	-69.998	
19	128.300	-69.998	
19	128.400	-69.998	
19	128.500	-69.998	
19	128.600	-69.998	
19	128.700	-69.998	
19	128.800	-69.998	
19	128.900	-69.998	
19	129.000	-69.998	
19	129.100	-69.998	
19	129.200	-69.998	
19	129.300	-69.998	
19	129.400	-69.998	
19	129.500	-69.998	
19	129.600	-69.998	
19	129.700	-69.998	
19	129.800	-69.998	
19	129.900	-69.998	
19	130.000	-69.998	
19	130.100	-69.998	
19	130.200	-69.998	
19	130.300	-69.998	
19	130.400	-69.998	
19	130.500	-69.998	
19	130.600	-69.998	
19	130.700	-69.998	
19	130.800	-69.998	
19	130.900	-69.998	
19	131.000	-69.998	
19	131.100	-69.998	
19	131.200	-69.998	
19	131.300	-69.998	
19	131.400	-69.998	
19	131.500	-69.998	
19	131.600	-69.998	
19	131.700	-69.998	
19	131.800	-69.998	
19	131.900	-69.998	
19	132.000	-69.998	
19	132.100	-69.998	
19	132.200	-69.998	
19	132.300	-69.998	
19	132.400	-69.998	
19	132.500	-69.998	
19	132.600	-69.998	
19	132.700	-69.998	
19	132.800	-69.998	
19	132.900	-69.998	
19	133.000	-69.998	
19	133.100	-69.998	
19	133.200	-69.998	
19	133.300	-69.998	
19	133.400	-69.998	
19	133.500	-69.998	
19	133.600	-69.998	
19	133.700	-69.998	
19	133.800	-69.998	
19	133.900	-69.998	
19	134.000	-69.998	
19	134.100	-69.998	
19	134.200	-69.998	
19	134.300	-69.998	
19	134.400	-69.998	
19	134.500	-69.998	
19	134.600	-69.998	
19	134.700	-69.998	
19	134.800	-69.998	
19	134.900	-69.998	
19	135.000	-69.998	
19	135.100	-69.998	
19	135.200	-69.998	
19	135.300	-69.998	
19	135.400	-69.998	
19	135.500	-69.998	
19	135.600	-69.998	
19	135.700	-69.998	
19	135.800	-69.998	
19	135.900	-69.998	
19	136.000	-69.998	
19	136.100	-69.998	
19	136.200	-69.998	
19	136.300	-69.998	
19	136.400	-69.998	
19	136.500	-69.998	
19	136.600	-69.998	
19	136.700	-69.998	
19	136.800	-69.998	
19	136.900	-69.998	
19	137.000	-69.998	
19	137.100	-69.998	
19	137.200	-69.998	
19	137.300	-69.998	
19	137.400	-69.998	
19	137.500	-69.998	
19	137.600	-69.998	
19	137.700	-69.998	
19	137.800	-69.998	
19	137.900	-69.998	
19	138.000	-69.998	
19	138.100	-69.998	
19	138.200	-69.998	
19	138.300	-69.998	
19	138.400	-69.998	
19	138.500	-69.998	
19	138.600	-69.998	
19	138.700	-69.998	
19	138.800	-69.998	
19	138.900	-69.998	
19	139.000	-69.998	
19	139.100	-69.998	
19	139.200	-69.998	
19	139.300	-69.998	
19	139.400	-69.998	
19	139.500	-69.998	
19	139.600	-69.998	
19	139.700	-69.998	
19	139.800	-69.998	
19	139.900	-69.998	
19	140.000	-69.998	
19	140.100	-69.998	
19	140.200	-69.998	
19	140.300	-69.998	
19	140.400	-69.998	
19	140.500	-69.998	
19	140.600	-69.998	
19	140.700	-69.998	
19	140.800	-69.998	
19	140.900	-69.998	
19	141.000	-69.998	
19	141.100	-69.998	
19	141.200	-69.998	
19	141.300	-69.998	
19	141.400	-69.998	
19	141.500	-69.998	
19	141.600	-69.998	
19	141.700	-69.998	
19	141.800	-69.998	
19	141.900	-69.998	
19	142.000	-69.998	
19	142.100	-69.998	
19	142.200	-69.998	
19	142.300	-69.998	
19	142.400	-69.998	
19	142.500	-69.998	
19	142.600	-69.998	
19	142.700	-69.998	
19	142.800	-69.998	
19	142.900	-69.998	
19	143.000	-69.998	
19	143.100	-69.998	
19	143.200	-69.998	
19	143.300	-69.998	
19	143.400	-69.998	
19	143.500	-69.998	
19	143.600	-69.998	
19	143.700	-69.998	
19	143.800	-69.998	
19	143.900	-69.998	
19	144.000	-69.998	
19	144.100	-69.998	
19	144.200	-69.998	
19	144.300	-69.998	
19	144.400	-69.998	
19	144.500	-69.998	
19	144.600	-69.998	
19	144.700	-69.998	
19	144.800	-69.998	
19	144.900	-69.998	
19	145.000	-69.998	
19	145.100	-69.998	
19	145.200	-69.998	
19	145.300	-69.998	
19	145.400	-69.998	
19	145.500	-69.998	
19	145.600	-69.998	
19	145.700	-69.998	
19	145.800	-69.998	
19	145.900	-69.998	
19	146.000	-69.998	
19	146.100	-69.998	
19	146.200	-69.998	
19	146.300	-69.998	
19	146.400	-69.998	
19	146.500	-69.998	
19	146.600	-69.998	
19	146.700	-69.998	
19	146.800	-69.998	
19	146.900	-69.998	
19	147.000	-69.998	
19	147.100	-69.998	
19	147.200	-69.998	
19	147.300	-69.998	
19	147.400	-69.998	
19	147.500	-69.998	
19	147.600	-69.998	
19	147.700	-69.998	
19	147.800	-69.998	
19	147.900	-69.998	
19	148.000	-69.998	
19	148.100	-69.998	
19	148.200	-69.998	
19	148.300	-69.998	
19	148.400	-69.998	
19	148.500	-69.998	
19	148.600	-69.998	
19	148.700	-69.998	
19	148.800	-69.998	
19	148.900	-69.998	
19	149.000	-69.998	
19	149.100	-69.998	
19	149.200	-69.998	
19	149.300	-69.998	
19	149.400	-69.998	
19	149.500	-69.998	
19	149.600	-69.998	
19	149.700	-69.998	
19	149.800	-69.998	
19	149.900	-69.998	
19	150.000	-69.998	
19	150.100	-69.998	
19	150.200	-69.998	
19	150.300	-69.998	
19	150.400	-69.998	
19	150.500	-69.998	
19	150.600	-69.998	
19	150.700	-69.998	
19	150.800	-69.998	
19	150.900	-69.998	
19	151.000	-69.998	
19	151.100	-69.998	
19	151.200	-69.998	
19	151.300	-69.998	
19	151.400	-69.998	
19	151.500	-69.998	
19	151.600	-69.998	
19	151.700	-69.998	
19	151.800	-69.998	
19	151.900	-69.998	
19	152.000	-69.998	
19	152.100	-69.998	
19	152.200	-69.998	
19	152.300	-69.998	
19	152.400	-69.998	
19	152.500	-69.998	
19	152.600	-69.998	
19	152.700	-69.998	
19	152.800	-69.998	
19	152.900	-69.998	
19	153.000	-69.998	
19	153.100	-69.998	
19	153.200	-69.998	
19	153.300	-69.998	
19	153.400	-69.998	
19	153.500	-69.998	
19	153.600	-69.998	
19	153.700	-69.998	
19	153.800	-69.998	
19	153.900	-69.998	
19	154.000	-69.998	
19	154.100	-69.998	
19	154.200	-69.998	
19	154.300	-69.998	
19	154.400	-69.998	
19	154.500	-69.998	
19	154.600	-69.998	
19	154.700	-69.998	
19	154.800	-69.998	
19	154.900	-69.998	
19	155.000	-69.998	
19	155.100	-69.998	
19	155.200	-69.998	
19	155.300	-69.998	
19	155.400	-69.998	
19	155.500	-69.998	
19	155.600	-69.998	
19	155.700	-69.998	
19	155.800	-69.998	
19	155.900	-69.998	
19	156.000	-69.998	
19	156.100	-69.998	
19	156.200	-69.998	
19	156.300	-69.998	
19	156.400	-69.998	
19	156.500	-69.998	
19	156.600	-69.998	
19	156.700	-69.998	
19	156.800	-69.998	
19	156.900	-69.998	
19	157.000	-69.998	
19	157.100	-69.998	
19	157.200	-69.998	
19	157.300	-69.998	
19	157.400	-69.998	
19	157.500	-69.998	
19	157.600	-69.998	
19	157.700	-69.998	
19	157.800	-69.998	
19	157.900	-69.998	
19	158.000	-69.998	
19	158.100	-69.998	
19	158.200	-69.998	
19	158.300	-69.998	
19	158.400	-69.998	
19	158.500	-69.998	
19	158.600	-69.998	
19	158.700	-69.998	
19	158.800	-69.998	
19	158.900	-69.998	
19	159.000	-69.998	
19	159.100	-69.998	
19	159.200	-69.998	
19	159.300	-69.998	
19	159.400	-69.998	
19	159.500	-69.998	
19	159.600	-69.998	
19	159.700	-69.998	
19	159.800	-69.998	
19	159.900	-69.998	
19	160.000	-69.998	
19	160.100	-69.998	
19	160.200	-69.998	
19	160.300	-69.998	
19	160.400	-69.998	
19	160.500	-69.998	
19	160.600	-69.998	
19	160.700	-69.998	
19	160.800	-69.998	
19	160.900	-69.998	
19	161.000	-69.998	
19	161.100	-69.998	
19	161.200	-69.998	
19	161.300	-69.998	
19	161.400	-69.998	
19	161.500	-69.998	
19	161.600	-69.998	
19	161.700	-69.998	
19	161.800	-69.998	
19	161.900	-69.998	
19	162.000	-69.998	
19	162.100	-69.998	
19	162.200	-69.998	
19	162.300	-69.998	
19	162.400	-69.998	
19	162.500	-69.998	
19	162.600	-69.998	
19	162.700	-69.998	
19	162.800	-69.998	
19	162.900	-69.998	
19	163.000	-69.998	
19	163.100	-69.998	
19	163.200	-69.998	
19	163.300	-69.998	
19	163.400	-69.998	
19	163.500	-69.998	
19	163.600	-69.998	
19	163.700	-69.998	
19	163.800	-69.998	
19	163.900	-69.998	
19	164.000	-69.998	
19	164.100	-69.998	
19	164.200	-69.998	
19	164.300	-69.998	
19	164.400	-69.998	
19	164.500	-69.998	
19	164.600	-69.998	
19	164.700	-69.998	
19	164.800	-69.998	
19	164.900	-69.998	
19	165.000	-69.998	
19	165.100	-69.998	
19	165.200	-69.998	
19	165.300	-69.998	
19	165.400	-69.998	
19	165.500	-69.998	
19	165.600	-69.998	
19	165.700	-69.998	
19	165.800	-69.998	
19	165.900	-69.998	
19	166.000	-69.998	
19	166.100	-69.998	
19	166.200	-69.998	
19	166.300	-69.998	
19	166.400	-69.998	
19	166.500	-69.998	
19	166.600	-69.998	
19	166.700	-69.998	
19	166.800	-69.998	
19	166.900	-69.998	
19	167.000	-69.998	
19	167.100	-69.998	
19	167.200	-69.998	
19	167.300	-69.998	
19	167.400	-69.998	
19	167.500	-69.998	
19	167.600	-69.998	
19	167.700	-69.998	
19	167.800	-69.998	
19	167.900	-69.998	
19	168.000	-69.998	
19	168.100	-69.998	
19	168.200	-69.998	
19	168.300	-69.998	
19	168.400	-69.998	
19	168.500	-69.998	
19	168.600	-69.998	
19	168.700	-69.998	
19	168.800	-69.998	
19	168.900	-69.998	
19	169.000	-69.998	
19	169.100	-69.998	
19	169.200	-69.998	
19	169.300	-69.998	
19	169.400	-69.998	
19	169.500	-69.998	
19	169.600	-69.998	
19	169.700	-69.998	
19	169.800	-69.998	
19	169.900	-69.998	
19	170.000	-69.998	
19	170.100	-69.998	
19	170.200	-69.998	
19	170.300	-69.998	
19	170.400	-69.998	
19	170.500	-69.998	
19	170.600	-69.998	
19	170.700	-69.998	
19	170.800	-69.998	
19	170.900	-69.998	
19	171.000	-69.998	
19	171.100	-69.998	
19	171.200	-69.998	
19	171.300	-69.998	
19	171.400	-69.998	
19	171.500	-69.998	
19	171.600	-69.998	
19	171.700	-69.998	
19	171.800	-69.998	
19	171.900	-69.998	
19	172.000	-69.998	
19	172.100	-69.998	
19	172.200	-69.998	
19	172.300	-69.998	
19	172.400	-69.998	
19	172.500	-69.998	
19	172.600	-69.998	
19	172.700	-69.998	
19	172.800	-69.998	
19	172.900	-69.998	
19	173.000	-69.998	
19	173.100	-69.998	
19	173.200	-69.998	
19	173.300	-69.998	
19	173.400	-69.998	
19	173.500	-69.998	
19	173.600	-69.998	
19	173.700	-69.998	
19	173.800	-69.998	
19	173.900	-69.998	
19	174.000	-69.998	
19	174.100	-69.998	
19	174.200	-69.998	
19	174.300	-69.998	
19	174.400	-69.998	
19	174.500	-69.998	
19	174.600	-69.998	
19	174.700	-69.998	
19	174.800	-69.998	
19	174.900	-69.998	
19	175.000	-69.998	
19	175.100	-69.998	
19	175.200	-69.998	
19	175.300	-69.998	
19	175.400	-69.998	
19	175.500	-69.998	
19	175.600	-69.998	
19	175.700	-69.998	
19	175.800	-69.998	
19	175.900	-69.998	
19	176.000	-69.998	
19	176.100	-69.998	
19	176.200	-69.998	
19	176.300	-69.998	
19	176.400	-69.998	
19	176.500	-69.998	
19	176.600	-69.998	
19	176.700	-69.998	
19	176.800	-69.998	
19	176.900	-69.998	
19	177.000	-69.998	
19	177.100	-69.998	
19	177.200	-69.998	
19	177.300	-69.998	
19	177.400	-69.998	
19	177.500	-69.998	
19	177.600	-69.998	
19	177.700	-69.998	
19	177.800	-69.998	
19	177.900	-69.998	
19	178.000	-69.998	
19	178.100	-69.998	
19	178.200	-69.998	
19	178.300	-69.998	
19	178.400	-69.998	
19	178.500	-69.998	
19	178.600	-69.998	
19	178.700	-69.998	
19	178.800	-69.998	
19	178.900	-69.998	
19	179.000	-69.998	
19	179.100	-69.998	
19	179.200	-69.998	
19	179.300	-69.998	
19	179.400	-69.998	
19	179.500	-69.998	
19	179.600	-69.998	
19	179.700	-69.998	
19	179.800	-69.998	
19	179.900	-69.998	
19	180.000	-69.998	
19	180.100	-69.998	
19	180.200	-69.998	
19	180.300	-69.998	
19	180.400	-69.998	
19	180.500	-69.998	
19	180.600	-69.998	
19	180.700	-69.998	
19	180.800	-69.998	
19	180.900	-69.998	
19	181.000	-69.998	
19	181.100	-69.998	
19	181.200	-69.998	
19	181.300	-69.998	
19	181.400	-69.998	
19	181.500	-69.998	
19	181.600	-69.998	
19	181.700	-69.998	
19	181.800	-69.998	
19	181.900	-69.998	
19	182.000	-69.998	
19	182.100	-69.998	
19	182.200	-69.998	
19	182.300	-69.998	
19	182.400	-69.998	
19	182.500	-69.998	
19	182.600	-69.998	
19	182.700	-69.998	
19	182.800	-69.998	
19	182.900	-69.998	
19	183.000	-69.998	
19	183.100	-69.998	
19	183.200	-69.998	
19	183.300	-69.998	
19	183.400	-69.998	
19	183.500	-69.998	
19	183.600	-69.998	
19	183.700	-69.998	
19	183.800	-69.998	
19	183.900	-69.998	
19	184.000	-69.998	
19	184.100	-69.998	
19	184.200	-69.998	
19	184.300	-69.998	
19	184.400	-69.998	
19	184.500	-69.998	
19	184.600	-69.998	
19	184.700	-69.998	
19	184.800	-69.998	
19	184.900	-69.998	
19	185.000	-69.998	
19	185.100	-69.998	
19	185.200	-69.998	
19	185.300	-69.998	
19	185.400	-69.998	
19	185.500	-69.998	
19	185.600	-69.998	
19	185.700	-69.998	
19	185.800	-69.998	
19	185.900	-69.998	
19	186.000	-69.998	
19	186.100	-69.998	
19	186.200	-69.998	
19	186.300	-69.998	
19	186.400	-69.998	
19	186.500	-69.998	
19	186.600	-69.998	
19	186.700	-69.998	
19	186.800	-69.998	
19	186.900	-69.998	
19	187.000	-69.998	
19	187.100	-69.998	
19	187.200	-69.998	
19	187.300	-69.998	
19	187.400	-69.998	
19	187.500	-69.998	
19	187.600	-69.998	
19	187.700	-69.998	
19	187.800	-69.998	
19	187.900	-69.998	
19	188.000	-69.998	
19	188.100	-69.998	
19	188.200	-69.998	
19	188.300	-69.998	
19	188.400	-69.998	
19	188.500	-69.998	
19	188.600	-69.998	
19	188.700	-69.998	
19	188.800	-69.998	
19	188.900	-69.998	
19	189.000	-69.998	
19	189.100	-69.998	
19	189.200	-69.998	
19	189.300	-69.998	
19	189.400	-69.998	
19	189.500	-69.998	
19	189.600	-69.998	
19	189.700	-69.998	
19	189.800	-69.998	
19	189.900	-69.998	
19	190.000	-69.998	
19	190.100	-69.998	
19	190.200	-69.998	
19	190.300	-69.998	
19	190.400	-69.998	
19	190.500	-69.998	
19	190.600	-69.998	
19	190.700	-69.998	
19	190.800	-69.998	
19	190.900	-69.998	
19	191.000	-69.998	
19	191.100	-69.998	
19	191.200	-69.998	
19	191.300	-69.998	
19	191.400	-69.998	
19	191.500	-69.998	
19	191.600	-69.998	
19	191.700	-69.998	
19	191.800	-69.998	
19	191.900	-69.998	
19	192.000	-69.998	
19	192.100	-69.998	
19	192.200	-69.998	
19	192.300	-69.998	
19	192.400	-69.998	
19	192.500	-69.998	
19	192.600	-69.998	
19	192.700	-69.998	
19	192.800	-69.998	
19	192.900	-69.998	
19	193.000	-69.998	
19	193.100	-69.998	
19	193.200	-69.998	
19	193.300	-69.998	
19	193.400	-69.998	
19	193.500	-69.998	
19	193.600	-69.998	
19	193.700	-69.998	
19	193.800	-69.998	
19	193.900	-69.998	
19	194.000	-69.998	
19	194.100	-69.998	
19	194.200	-69.998	
19	194.300	-69.998	
19	194.400	-69.998	
19	194.500	-69.998	
19	194.600	-69.998	
19	194.700	-69.998	
19	194.800	-69.998	
19	194.900	-69.998	
19	195.000	-69.998	
19	195.100	-69.998	
19	195.200	-69.998	
19	195.300	-69.998	
19	195.400	-69.998	
19	195.500	-69.998	
19	195.600	-69.998	
19	195.700	-69.998	
19	195.800	-69.998	
19	195.900	-69.998	
19	196.000	-69.998	
19	196.100	-69.998	
19	196.200	-69.998	
19	196.300	-69.998	
19	196.400	-69.998	
19	196.500	-69.998	
19	196.600	-69.998	
19	196.700	-69.998	
19	196.800	-69.998	
19	196.900	-69.998	
19	197.000	-69.998	
19	197.100	-69.998	
19	197.200	-69.998	
19	197.300	-69.998	
19	197.400	-69.998	
19	197.500	-69.998	
19	197.600	-69.998	
19	197.700	-69.998	
19	197.800	-69.998	
19	197.900	-69.998	
19	198.000	-69.998	
19	198.100	-69.998	
19	198.200	-69.998	
19	198.300	-69.998	
19	198.400	-69.998	
19	198.500	-69.998	
19	198.600	-69.998	
19	198.700	-69.998	
19	198.800	-69.998	
19	198.900	-69.998	
19	199.000	-69.998	
19	199.100	-69.998	
19	199.200	-69.998	
19	199.300	-69.998	
19	199.400	-69.998	
19	199.500	-69.998	
19	199.600	-69.998	
19	199.700	-69.998	
19	199.800	-69.998	
19	199.900	-69.998	
19	200.000	-69.998	
19	200.100	-69.998	
19	200.200	-69.998	
19	200.300	-69.998	
19	200.400	-69.998	
19	200.500	-69.998	
19	200.600	-69.998	
19	200.700	-69.998	
19	200.800	-69.998	
19	200.900	-69.998	
19	201.000	-69.998	
19	201.100	-69.998	
19	201.200	-69.998	
19	201.300	-69.998	
19	201.400	-69.998	
19	201.500	-69.998	
19	201.600	-69.998	
19	201.700	-69.998	
19	201.800	-69.998	
19	201.900	-69.998	
19	202.000	-69.998	
19	202.100	-69.998	
19	202.200	-69.998	
19	202.300	-69.998	
19	202.400	-69.998	
19	202.500	-69.998	
19	202.600	-69.998	
19	202.700	-69.998	
19	202.800	-69.998	
19	202.900	-69.998	
19	203.000	-69.998	
19	203.100	-69.998	
19	203.200	-69.998	
19	203.300	-69.998	
19	203.400	-69.998	
19	203.500	-69.998	
19	203.600	-69.998	
19	203.700	-69.998	
19	203.800	-69.998	
19	203.900	-69.998	
19	204.000	-69.998	
19	204.100	-69.998	
19	204.200	-69.998	
19	204.300	-69.998	
19	204.400	-69.998	
19	204.500	-69.998	
19	204.600	-69.998	
19	204.700	-69.998	
19	204.800	-69.998	
19	204.900	-69.998	
19	205.000	-69.998	
19	205.100	-69.998	
19	205.200	-69.998	
19	205.300	-69.998	
19	205.400	-69.998	
19	205.500	-69.998	
19	205.600	-69.998	
19	205.700	-69.998	
19	205.800	-69.998	
19	205.900	-69.998	
19	206.000	-69.998	
19	206.100	-69.998	
19	206.200	-69.998	
19	206.300	-69.998	
19	206.400	-69.998	
19	206.500	-69.998	
19	206.600	-69.998	
19	206.700	-69.998	
19	206.800	-69.998	
19	206.900	-69.998	
19	207.000	-69.998	
19	207.100	-69.998	
19	207.200	-69.998	
19	207.300	-69.998	
19	207.400	-69.998	
19	207.500	-69.998	
19	207.600	-69.998	
19	207.700	-69.998	
19	207.800	-69.998	
19	207.900	-69.998	
19	208.000	-69.998	
19	208.100	-69.998	
19	208.200	-69.998	
19	208.300	-69.998	
19	208.400	-69.998	
19	208.500	-69.998	
19	208.600	-69.998	
19	208.700	-69.998	
19	208.800	-69.998	
19	208.900	-69.998	
19	209.000	-69.998	
19	209.100	-69.998	
19	209.200	-69.998	
19	209.300	-69.998	
19	209.400	-69.998	
19	209.500	-69.998	
19	209.600	-69.998	
19	209.700	-69.998	
19	209.800	-69.998	
19	209.900	-69.998	
19	210.000	-69.998	
19	210.100	-69.998	
19	210.200	-69.998	
19	210.300	-69.998	
19	210.400	-69.998	
19	210.500	-69.998	
19	210.600	-69.998	
19	210.700	-69.998	
19	210.800	-69.998	
19	210.900	-69.998	
19	211.000	-69.998	
19	211.100	-69.998	
19	211.200	-69.998	
19	211.300	-69.998	
19	211.400	-69.998	
19	211.500	-69.998	
19	211.600	-69.998	
19	211.700	-69.998	
19	211.800	-69.998	
19	211.900	-69.998	
19	212.000	-69.998	
19	212.100	-69.998	
19	212.200	-69.998	
19	212.300	-69.998	
19	212.400	-69.998	
19	212.500	-69.998	
19	212.600	-69.998	
19	212.700	-69.998	
19	212.800	-69.998	
19	212.900	-69.998	
19	213.000	-69.998	
19	213.100	-69.998	
19	213.200	-69.998	
19	213.300	-69.998	
19	213.400	-69.998	
19	213.500	-69.998	
19	213.600	-69.998	
19	213.700	-69.998	
19	213.800	-69.998	
19	213.900	-69.998	
19	214.000	-69.998	
19	214.100	-69.998	
19	214.200	-69.998	
19	214.300	-69.998	
19	214.400	-69.998	
19	214.500	-69.998	
19	214.600	-69.998	
19	214.700	-69.998	
19	214.800	-69.998	
19	214.900	-69.998	
19	215.000	-69.998	
19	215.100	-69.998	
19	215.200	-69.998	
19	215.300	-69.998	
19	215.400	-69.998	
19	215.500	-69.998	
19	215.600	-69.998	
19	215.700	-69.998	
19	215.800	-69.998	
19	215.900	-69.998	
19	216.000	-69.998	
19	216.100	-69.998	
19	216.200	-69.998	
19	216.300	-69.998	
19	216.400	-69.998	
19	216.500	-69.998	
19	216.600	-69.998	
19	216.700	-69.998	
19	216.800	-69.998	
19	216.900	-69.998	
19	217.000	-69.998	
19	217.100	-69.998	
19	217.200	-69.998	
19	217.300	-69.998	
19	217.400	-69.998	
19	217.500	-69.998	
19	217.600	-69.998	
19	217.700	-69.998	
19	217.800	-69.998	
19	217.900	-69.998	
19	218.000	-69.998	
19	218.100	-69.998	
19	218.200	-69.998	
19	218.300	-69.998	
19	218.400	-69.998	
19	218.500	-69.998	
19	218.600	-69.998	
19	218.700	-69.998	
19	218.800	-69.998	
19	218.900	-69.998	
19	219.000	-69.998	
19	219.100	-69.998	
19	219.200	-69.998	
19	219.300	-69.998	
19	219.400	-69.998	
19	219.500	-69.998	
19	219.600	-69.998	
19	219.700	-69.998	
19	219.800	-69.998	
19	219.900	-69.998	
19	220.000	-69.998	
19	220.100	-69.998	
19	220.200	-69.998	
19	220.300	-69.998	
19	220.400	-69.998	
19	220.500	-69.998	
19	220.600	-69.998	
19	220.700	-69.998	
19	220.800	-69.998	
19	220.900	-69.998	
19	221.000	-69.998	
19	221.100	-69.998	
19	221.200	-69.998	
19	221.300	-69.998	
19	221.400	-69.998	
19	221.500	-69.998	
19	221.600	-69.998	
19	221.700	-69.998	
19	221.800	-69.998	
19	221.900	-69.998	
19	222.000	-69.998	
19	222.100	-69.998	
19	222.200	-69.998	
19	222.300	-69.998	
19	222.400	-69.998	
19	222.500	-69.998	
19	222.600	-69.998	
19	222.700	-69.998	
19	222.800	-69.998	
19	222.900	-69.998	
19	223.000	-69.998	
19	223.100	-69.998	
19	223.200	-69.998	
19	223.300	-69.998	
19	223.400	-69.998	
19	223.500	-69.998	
19	223.600	-69.998	
19	223.700	-69.998	
19	223.800	-69.998	
19	223.900	-69.998	
19	224.000	-69.998	
19	224.100	-69.998	
19	224.200	-69.998	
19	224.300	-69.998	
19	224.400	-69.998	
19	224.500	-69.998	
19	224.600	-69.998	
19	224.700	-69.998	
19	224.800	-69.998	
19	224.900	-69.998	
19	225.000	-69.998	
19	225.100	-69.998	
19	225.200	-69.998	
19	225.300	-69.998	
19	225.400	-69.998	
19	225.500	-69.998	
19	225.600	-69.998	
19	225.700	-69.998	
19	225.800	-69.998	
19	225.900	-69.998	
19	226.000	-69.998	
19	226.100	-69.998	
19	226.200	-69.998	
19	226.300	-69.998	
19	226.400	-69.998	
19	226.500	-69.998	
19	226.600	-69.998	
19	226.700	-69.998	
19	226.800	-69.998	
19	226.900	-69.998	
19	227.000	-69.998	
19	227.100	-69.998	
19	227.200	-69.998	
19	227.300	-69.998	
19	227.400	-69.998	
19	227.500	-69.998	
19	227.600	-69.998	
19	227.700	-69.998	
19	227.800	-69.998	
19	227.900	-69.998	
19	228.000	-69.998	
19	228.100	-69.998	
19	228.200	-69.998	
19	228.300	-69.998	
19	228.400	-69.998	
19	228.500	-69.998	
19	228.600	-69.998	
19	228.700	-69.998	
19	228.800	-69.998	
19	228.900	-69.998	
19	229.000	-69.998	
19	229.100	-69.998	
19	229.200	-69.998	
19	229.300	-69.998	
19	229.400	-69.998	
19	229.500	-69.998	
19	229.600	-69.998	
19	229.700	-69.998	
19	229.800	-69.998	
19	229.900	-69.998	
19	230.000	-69.998	
19	230.100	-69.998	
19	230.200	-69.998	
19	230.300	-69.998	
19	230.400	-69.998	
19	230.500	-69.998	
19	230.600	-69.998	
19	230.700	-69.998	
19	230.800	-69.998	
19	230.900	-69.998	
19	231.000	-69.998	
19	231.100	-69.998	
19	231.200	-69.998	
19	231.300	-69.998	
19	231.400	-69.998	
19	231.500	-69.998	
19	231.600	-69.998	
19	231.700	-69.998	
19	231.800	-69.998	
19	231.900	-69.998	
19	232.000	-69.998	
19	232.100	-69.998	
19	232.200	-69.998	
19	232.300	-69.998	
19	232.400	-69.998	
19	232.500	-69.998	
19	232.600	-69.998	
19	232.700	-69.998	
19	232.800	-69.998	
19	232.900	-69.998	
19	233.000	-69.998	
19	233.100	-69.998	
19	233.200	-69.998	
19	233.300	-69.998	
19	233.400	-69.998	
19	233.500	-69.998	
19	233.600	-69.998	
19	233.700	-69.998	
19	233.800	-69.998	
19	233.900	-69.998	
19	234.000	-69.998	
19	234.100	-69.998	
19	234.200	-69.998	
19	234.300	-69.998	
19	234.400	-69.998	
19	234.500	-69.998	
19	234.600	-69.998	
19	234.700	-69.998	
19	234.800	-69.998	
19	234.900	-69.998	
19	235.000	-69.998	
19	235.100	-69.998	
19	235.200	-69.998	
19	235.300	-69.998	
19	235.400	-69.998	
19	235.500	-69.998	
19	235.600	-69.998	
19	235.700	-69.998	
19	235.800	-69.998	
19	235.900	-69.998	
19	236.000	-69.998	
19	236.100	-69.998	
19	236.200	-69.998	
19	236.300	-69.998	
19	236.400	-69.998	
19	236.500	-69.998	
19	236.600	-69.998	
19	236.700	-69.998	
19	236.800	-69.998	
19	236.900	-69.998	
19	237.000	-69.998	
19	237.100	-69.998	
19	237.200	-69.998	
19	237.300	-69.998	
19	237.400	-69.998	
19	237.500	-69.998	
19	237.600	-69.998	
19	237.700	-69.998	
19	237.800	-69.998	
19	237.900	-69.998	
19	238.000	-69.998	
19	238.100	-69.998	
19	238.200	-69.998	
19	238.300	-69.998	
19	238.400	-69.998	
19	238.500	-69.998	
19	238.600	-69.998	
19	238.700	-69.998	
19	238.800	-69.998	
19	238.900	-69.998	
19	239.000	-69.998	
19	239.100	-69.998	
19	239.200	-69.998	
19	239.300	-69.998	
19	239.400	-69.998	
19	239.500	-69.998	
19	239.600	-69.998	
19	239.700	-69.998	
19	239.800	-69.998	
19	239.900	-69.998	
19	240.000	-69.998	
19	240.100	-69.998	
19	240.200	-69.998	
19	240.300	-69.998	
19	240.400	-69.998	
19	240.500	-69.998	
19	240.600	-69.998	
19	240.700	-69.998	
19	240.800	-69.998	
19	240.900	-69.998	
19	241.000	-69.998	
19	241.100	-69.998	
19	241.200	-69.998	
19	241.300	-69.998	
19	241.400	-69.998	
19	241.500	-69.998	
19	241.600	-69.998	
19	241.700	-69.998	
19	241.800	-69.998	
19	241.900	-69.998	
19	242.000	-69.998	
19	242.100	-69.998	
19	242.200	-69.998	
19	242.300	-69.998	
19	242.400	-69.998	
19	242.500	-69.998	
19	242.600	-69.998	
19	242.700	-69.998	
19	242.800	-69.998	
19	242.900	-69.998	
19	243.000	-69.998	
19	243.100	-69.998	
19	243.200	-69.998	
19	243.300	-69.998	
19	243.400	-69.998	
19	243.500	-69.998	
19	243.600	-69.998	
19	243.700	-69.998	
19	243.800	-69.998	
19	243.900	-69.998	
19	244.000	-69.998	
19	244.100	-69.998	
19	244.200	-69.998	
19	244.300	-69.998	
19	244.400	-69.998	
19	244.500	-69.998	
19	244.600	-69.998	
19	244.700	-69.998	
19	244.800	-69.998	
19	244.900	-69.998	
19	245.000	-69.998	
19	245.100	-69.998	
19	245.200	-69.998	
19	245.300	-69.998	
19	245.400	-69.998	
19	245.500	-69.998	
19	245.600	-69.998	
19	245.700	-69.998	
19	245.800	-69.998	
19	245.900	-69.998	
19	246.000	-69.998	
19	246.100	-69.998	
19	246.200	-69.998	
19	246.300	-69.998	
19	246.400	-69.998	
19	246.500	-69.998	
19	246.600	-69.998	
19	246.700	-69.998	
19	246.800	-69.998	
19	246.900	-69.998	
19	247.000	-69.998	
19	247.100	-69.998	
19	247.200	-69.998	
19	247.300	-69.998	
19	247.400	-69.998	
19	247.500	-69.998	
19	247.600	-69.998	
19	247.700	-69.998	
19	247.800	-69.998	
19	247.900	-69.998	
19	248.000	-69.998	
19	248.100	-69.998	
19	248.200	-69.998	
19	248.300	-69.998	
19	248.400	-69.998	
19	248.500	-69.998	
19	248.600	-69.998	
19	248.700	-69.998	
19	248.800	-69.998	
19	248.900	-69.998	
19	249.000	-69.998	
19	249.100	-69.998	
19	249.200	-69.998	
19	249.300	-69.998	
19	249.400	-69.998	
19	249.500	-69.998	
19	249.600	-69.998	
19	249.700	-69.998	
19	249.800	-69.998	
19	249.900	-69.998	
19	250.000	-69.998	
19	250.100	-69.998	
19	250.200	-69.998	
19	250.300	-69.998	
19	250.400	-69.998	
19	250.500	-69.998	
19	250.600	-69.998	
19	250.700	-69.998	
19	250.800	-69.998	
19	250.900	-69.998	
19	251.000	-69.998	
19	251.100	-69.998	
19	251.200	-69.998	
19	251.300	-69.998	
19	251.400	-69.998	
19	251.500	-69.998	
19	251.600	-69.998	
19	251.700	-69.998	
19	251.800	-69.998	
19	251.900	-69.998	
19	252.000	-69.998	
19	252.100	-69.998	
19	252.200	-69.998	
19	252.300	-69.998	
19	252.400	-69.998	
19	252.500	-69.998	
19	252.600	-69.998	
19	252.700	-69.998	
19	252.800	-69.998	
19	252.900	-69.998	
19	253.000	-69.998	
19	253.100	-69.998	
19	253.200	-69.998	
19	253.300	-69.998	
19	253.400	-69.998	
19	253.500	-69.998	
19	253.600	-69.998	
19	253.700	-69.998	
19	253.800	-69.998	
19	253.900	-69.998	
19	254.000	-69.998	
19	254.100	-69.998	
19	254.200	-69.998	
19	254.300	-69.998	
19	254.400	-69.998	
19	254.500	-69.998	
19	254.600	-69.998	
19	254.700	-69.998	
19	254.800	-69.998	
19	254.900	-69.998	
19	255.000	-69.998	
19	255.100	-69.998	
19	255.200	-69.998	
19	255.300	-69.998	
19	255.400	-69.998	
19	255.500	-69.998	
19	255.600	-69.998	
19	255.700	-69.998	
19	255.800	-69.998	
19	255.900	-69.998	
19	256.000	-69.998	
19	256.100	-69.998	
19	256.200	-69.998	
19	256.300	-69.998	
19	256.400	-69.998	
19	256.500	-69.998	
19	256.600	-69.998	
19	256.700	-69.998	
19	256.800	-69.998	
19	256.900	-69.998	
19	257.000	-69.998	
19	257.100	-69.998	
19	257.200	-69.998	
19	257.300	-69.998	
19	257.400	-69.998	
19	257.500	-69.998	
19	257.600	-69.998	
19	257.700	-69.998	
19	257.800	-69.998	
19	257.900	-69.998	
19	258.000	-69.998	
19	258.100	-69.998	
19	258.200	-69.998	
19	258.300	-69.998	
19	258.400	-69.998	
19	258.500	-69.998	
19	258.600	-69.998	
19	258.700	-69.998	
19	258.800	-69.998	
19	258.900	-69.998	
19	259.000	-69.998	
19	259.100	-69.998	
19	259.200	-69.998	
19	259.300	-69.998	
19	259.400	-69.998	
19	259.500	-69.998	
19	259.600	-69.998	
19	259.700	-69.998	
19	259.800	-69.998	
19	259.900	-69.998	
19	260.000	-69.998	
19	260.100	-69.998	
19	260.200	-69.998	
19	260.300	-69.998	
19	260.400	-69.998	
19	260.500	-69.998	
19	260.600	-69.998	
19	260.700	-69.998	
19	260.800	-69.998	
19	260.900	-69.998	
19	261.000	-69.998	
19	261.100	-69.998	
19	261.200	-69.998	
19	261.300	-69.998	
19	261.400	-69.998	
19	261.500	-69.998	
19	261.600	-69.998	
19	261.700	-69.998	
19	261.800	-69.998	
19	261.900	-69.998	
19	262.000	-69.998	
19	262.100	-69.998	
19	262.200	-69.998	
19	262.300	-69.998	
19	262.400	-69.998	
19	262.500	-69.998	
19	262.600	-69.998	
19	262.700	-69.998	
19	262.800	-69.998	
19	262.900	-69.998	
19	263.000	-69.998	
19	263.100	-69.998	
19	263.200	-69.998	
19	263.300	-69.998	
19	263.400	-69.998	
19	263.500	-69.998	
19	263.600	-69.998	
19	263.700	-69.998	
19	263.800	-69.998	
19	263.900	-69.998	
19	264.000	-69.998	
19	264.100	-69.998	
19	264.200	-69.998	
19	264.300	-69.998	
19	264.400	-69.998	
19	264.500	-69.998	
19	264.600	-69.998	
19	264.700	-69.998	
19	264.800	-69.998	
19	264.900	-69.998	
19	265.000	-69.998	
19	265.100	-69.998	
19	265.200	-69.998	
19	265.300	-69.998	
19	265.400	-69.998	
19	265.500	-69.998	
19	265.600	-69.998	
19	265.700	-69.998	
19	265.800	-69.998	
19	265.900	-69.998	
19	266.000	-69.998	
19	266.100	-69.998	
19	266.200	-69.998	
19	266.300	-69.998	
19	266.400	-69.998	
19	266.500	-69.998	
19	266.600	-69.998	
19	266.700	-69.998	
19	266.800	-69.998	
19	266.900	-69.998	
19	267.000	-69.998	
19	267.100	-69.998	
19	267.200	-69.998	
19	267.300	-69.998	
19	267.400	-69.998	
19	267.500	-69.998	
19	267.600	-69.998	
19	267.700	-69.998	
19	267.800	-69.998	
19	267.900	-69.998	
19	268.000	-69.998	
19	268.100	-69.998	
19	268.200	-69.998	
19	268.300	-69.998	
19	268.400	-69.998	
19	268.500	-69.998	
19	268.600	-69.998	
19	268.700	-69.998	
19	268.800	-69.998	
19	268.900	-69.998	
19	269.000	-69.998	
19	269.100	-69.998	
19	269.200	-69.998	
19	269.300	-69.998	
19	269.400	-69.998	
19	269.500	-69.998	
19	269.600	-69.998	
19	269.700	-69.998	
19	269.800	-69.998	
19	269.900	-69.998	
19	270.000	-69.998	
19	270.100	-69.998	
19	270.200	-69.998	
19	270.300	-69.998	
19	270.400	-69.998	
19	270.500	-69.998	
19	270.600	-69.998	
19	270.700	-69.998	
19	270.800	-69.998	
19	270.900	-69.998	
19	271.000	-69.998	
19	271.100	-69.998	
19	271.200	-69.998	
19	271.300	-69.998	
19	271.400	-69.998	
19	271.500	-69.998	
19	271.600	-69.998	
19	271.700	-69.998	
19	271.800	-69.998	
19	271.900	-69.998	
19	272.000	-69.998	
19	272.100	-69.998	
19	272.200	-69.998	
19	272.300	-69.998	
19	272.400	-69.998	
19	272.500	-69.998	
19	272.600	-69.998	
19	272.700	-69.998	
19	272.800	-69.998	
19	272.900	-69.998	
19	273.000	-69.998	
19	273.100	-69.998	
19	273.200	-69.998	
19	273.300	-69.998	
19	273.400	-69.998	
19	273.500	-69.998	
19	273.600	-69.998	
19	273.700	-69.998	
19	273.800	-69.998	
19	273.900	-69.998	
19	274.000	-69.998	
19	274.100	-69.998	
19	274.200	-69.998	
19	274.300	-69.998	
19	274.400	-69.998	
19	274.500	-69.998	
19	274.600	-69.998	
19	274.700	-69.998	
19	274.800	-69.998	
19	274.900	-69.998	
19	275.000	-69.998	
19	275.100	-69.998	
19	275.200	-69.998	
19	275.300	-69.998	
19	275.400	-69.998	
19	275.500	-69.998	
19	275.600	-69.998	
19	275.700	-69.998	
19	275.800	-69.998	
19	275.900	-69.998	
19	276.000	-69.998	
19	276.100	-69.998	
19	276.200	-69.998	
19	276.300	-69.998	
19	276.400	-69.998	
19	276.500	-69.998	
19	276.600	-69.998	
19	276.700	-69.998	
19	276.800	-69.998	
19	276.900	-69.998	
19	277.000	-69.998	
19	277.100	-69.998	
19	277.200	-69.998	
19	277.300	-69.998	
19	277.400	-69.998	
19	277.500	-69.998	
19	277.600	-69.998	
19	277.700	-69.998	
19	277.800	-69.998	
19	277.900	-69.998	
19	278.000	-69.998	
19	278.100	-69.998	
19	278.200	-69.998	
19	278.300	-69.998	
19	278.400	-69.998	
19	278.500	-69.998	
19	278.600	-69.998	
19	278.700	-69.998	
19	278.800	-69.998	
19	278.900	-69.998	
19	279.000	-69.998	
19	279.100	-69.998	
19	279.200	-69.998	
19	279.300	-69.998	
19	279.400	-69.998	
19	279.500	-69.998	
19	279.600	-69.998	
19	279.700	-69.998	
19	279.800	-69.998	
19	279.900	-69.998	
19	280.000	-69.998	
19	280.100	-69.998	
19	280.200	-69.998	
19	280.300	-69.998	
19	280.400	-69.998	
19	280.500	-69.998	
19	280.600	-69.998	
19	280.700	-69.998	
19	280.800	-69.998	
19	280.900	-69.998	
19	281.000	-69.998	
19	281.100	-69.998	
19	281.200	-69.998	
19	281.300	-69.998	
19	281.400	-69.998	
19	281.500	-69.998	
19	281.600	-69.998	
19	281.700	-69.998	
19	281.800	-69.998	
19	281.900	-69.998	
19	282.000	-69.998	
19	282.100	-69.998	
19	282.200	-69.998	
19	282.300	-69.998	
19	282.400	-69.998	
19	282.500	-69.998	
19	282.600	-69.998	
19	282.700	-69.998	
19	282.800	-69.998	
19	282.900	-69.998	
19	283.000	-69.998	
19	283.100	-69.998	
19	283.200	-69.998	
19	283.300	-69.998	
19	283.400	-69.998	
19	283.500	-69.998	
19	283.600	-69.998	
19	283.700	-69.998	
19	283.800	-69.998	
19	283.900	-69.998	
19	284.000	-69.998	
19	284.100	-69.998	
19	284.200	-69.998	
19	284.300	-69.998	
19	284.400	-69.998	
19	284.500	-69.998	
19	284.600	-69.998	
19	284.700	-69.998	
19	284.800	-69.998	
19	284.900	-69.998	
19	285.000	-69.998	
19	285.100	-69.998	
19	285.200	-69.998	
19	285.300	-69.998	
19	285.400	-69.998	
19	285.500	-69.998	
19	285.600	-69.998	
19	285.700	-69.998	
19	285.800	-69.998	
19	285.900	-69.998	
19	286.000	-69.998	
19	286.100	-69.998	
19	286.200	-69.998	
19	286.300	-69.998	
19	286.400	-69.998	
19	286.500	-69.998	
19	286.600	-69.998	
19	286.700	-69.998	
19	286.800	-69.998	
19	286.900	-69.998	
19	287.000	-69.998	
19	287.100	-69.998	
19	287.200	-69.998	
19	287.300	-69.998	
19	287.400	-69.998	
19	287.500	-69.998	
19	287.600	-69.998	
19	287.700	-69.998	
19	287.800	-69.998	
19	287.900	-69.998	
19	288.000	-69.998	
19	288.100	-69.998	
19	288.200	-69.998	
19	288.300	-69.998	
19	288.400	-69.998	
19	288.500	-69.998	
19	288.600	-69.998	
19	288.700	-69.998	
19	288.800	-69.998	
19	288.900	-69.998	
19	289.000	-69.998	
19	289.100	-69.998	
19	289.200	-69.998	
19	289.300	-69.998	
19	289.400	-69.998	
19	289.500	-69.998	
19	289.600	-69.998	
19	289.700	-69.998	
19	289.800	-69.998	
19	289.900	-69.998	
19	290.000	-69.998	
19	290.100	-69.998	
19	290.200	-69.998	
19	290.300	-69.998	
19	290.400	-69.998	
19	290.500	-69.998	
19	290.600	-69.998	
19	290.700	-69.998	
19	290.800	-69.998	
19	290.900	-69.998	
19	291.000	-69.998	
19	291.100	-69.998	
19	291.200	-69.998	
19	291.300	-69.998	
19	291.400	-69.998	
19	291.500	-69.998	
19	291.600	-69.998	
19	291.700	-69.998	
19	291.800	-69.998	
19	291.900	-69.998	
19	292.000	-69.998	
19	292.100	-69.998	
19	292.200	-69.998	
19	292.300	-69.998	
19	292.400	-69.998	
19	292.500	-69.998	
19	292.600	-69.998	
19	292.700	-69.998	
19	292.800	-69.998	
19	292.900	-69.998	
19	293.000	-69.998	
19	293.100	-69.998	
19	293.200	-69.998	
19	293.300	-69.998	
19	293.400	-69.998	
19	293.500	-69.998	
19	293.600	-69.998	
19	293.700	-69.998	
19	293.800	-69.998	
19	293.900	-69.998	
19	294.000	-69.998	
19	294.100	-69.998	
19	294.200	-69.998	
19	294.300	-69.998	
19	294.400	-69.998	
19	294.500	-69.998	
19	294.600	-69.998	
19	294.700	-69.998	
19	294.800	-69.998	
19	294.900	-69.998	
19	295.000	-69.998	
19	295.100	-69.998	
19	295.200	-69.998	
19	295.300	-69.998	
19	295.400	-69.998	
19	295.500	-69.998	
19	295.600	-69.998	
19	295.700	-69.998	
19	295.800	-69.998	
19	295.900	-69.998	
19	296.000	-69.998	
19	296.100	-69.998	
19	296.200	-69.998	
19	296.300	-69.998	
19	296.400	-69.998	
19	296.500	-69.998	
19	296.600	-69.998	
19	296.700	-69.998	
19	296.800	-69.998	
19	296.900	-69.998	
19	297.000	-69.998	
19	297.100	-69.998	
19	297.200	-69.998	
19	297.300	-69.998	
19	297.400	-69.998	
19	297.500	-69.998	
19	297.600	-69.998	
19	297.700	-69.998	
19	297.800	-69.998	
19	297.900	-69.998	
19	298.000	-69.998	
19	298.100	-69.998	
19	298.200	-69.998	
19	298.300	-69.998	
19	298.400	-69.998	
19	298.500	-69.998	
19	298.600	-69.998	
19	298.700	-69.998	
19	298.800	-69.998	
19	298.900	-69.998	
19	299.000	-69.998	
19	299.100	-69.998	
19	299.200	-69.998	
19	299.300	-69.998	
19	299.400	-69.998	
19	299.500	-69.998	
19	299.600	-69.998	
19	299.700	-69.998	
19	299.800	-69.998	
19	299.900	-69.998	
19	300.000	-69.998	
19	300.100	-69.998	
19	300.200	-69.998	
19	300.300	-69.998	
19	300.400	-69.998	
19	300.500	-69.998	
19	300.600	-69.998	
19	300.700	-69.998	
19	300.800	-69.998	
19	300.900	-69.998	
19	301.000	-69.998	
19	301.100	-69.998	
19	301.200	-69.998	
19	301.300	-69.998	
19	301.400	-69.998	
19	301.500	-69.998	
19	301.600	-69.998	
19	301.700	-69.998	
19	301.800	-69.998	
19	301.900	-69.998	
19	302.000	-69.998	
19	302.100	-69.998	
19	302.200	-69.998	
19	302.300	-69.998	
19	302.400	-69.998	
19	302.500	-69.998	
19	302.600	-69.998	
19	302.700	-69.998	
19	302.800	-69.998	
19	302.900	-69.998	
19	303.000	-69.998	
19	303.100	-69.998	
19	303.200	-69.998	
19	303.300	-69.998	
19	303.400	-69.998	
19	303.500	-69.998	
19	303.600	-69.998	
19	303.700	-69.998	
19	303.800	-69.998	
19	303.900	-69.998	
19	304.000	-69.998	
19	304.100	-69.998	
19	304.200	-69.998	
19	304.300	-69.998	
19	304.400	-69.998	
19	304.500	-69.998	
19	304.600	-69.998	
19	304.700	-69.998	
19	304.800	-69.998	
19	304.900	-69.998	
19	305.000	-69.998	
19	305.100	-69.998	
19	305.200	-69.998	
19	305.300	-69.998	
19	305.400	-69.998	
19	305.500	-69.998	
19	305.600	-69.998	
19	305.700	-69.998	
19	305.800	-69.998	
19	305.900	-69.998	
19	306.000	-69.998	
19	306.100	-69.998	
19	306.200	-69.998	
19	306.300	-69.998	
19	306.400	-69.998	
19	306.500	-69.998	
19	306.600	-69.998	
19	306.700	-69.998	
19	306.800	-69.998	
19	306.900	-69.998	
19	307.000	-69.998	
19	307.100	-69.998	
19	307.200	-69.998	
19	307.300	-69.998	
19	307.400	-69.998	
19	307.500	-69.998	
19	307.600	-69.998	
19	307.700	-69.998	
19	307.800	-69.998	
19	307.900	-69.998	
19	308.000	-69.998	
19	308.100	-69.998	
19	308.200	-69.998	
19	308.300	-69.998	
19	308.400	-69.998	
19	308.500	-69.998	
19	308.600	-69.998	
19	308.700	-69.998	
19	308.800	-69.998	
19	308.900	-69.998	
19	309.000	-69.998	
19	309.100	-69.998	
19	309.200	-69.998	
19	309.300	-69.998	
19	309.400	-69.998	
19	309.500	-69.998	
19	309.600	-69.998	
19	309.700	-69.998	
19	309.800	-69.998	
19	309.900	-69.998	
19	310.000	-69.998	
19	310.100	-69.998	
19	310.200	-69.998	
19	310.300	-69.998	
19	310.400	-69.998	
19	310.500	-69.998	
19	310.600	-69.998	
19	310.700	-69.998	
19	310.800	-69.998	
19	310.900	-69.998	
19	311.000	-69.998	
19	311.100	-69.998	
19	311.200	-69.998	
19	311.300	-69.998	
19	311.400	-69.998	
19	311.500	-69.998	
19	311.600	-69.998	
19	311.700	-69.998	
19	311.800	-69.998	
19	311.900	-69.998	
19	312.000	-69.998	
19	312.100	-69.998	
19	312.200	-69.998	
19	312.300	-69.998	
19	312.400	-69.998	
19	312.500	-69.998	
19	312.600	-69.998	
19	312.700	-69.998	
19	312.800	-69.998	
19	312.900	-69.998	
19	313.000	-69.998	
19	313.100	-69.998	
19	313.200	-69.998	
19	313.300	-69.998	
19	313.400	-69.998	
19	313.500	-69.998	
19	313.600	-69.998	
19	313.700	-69.998	
19	313.800	-69.998	
19	313.900	-69.998	
19	314.000	-69.998	
19	314.100	-69.998	
19	314.200	-69.998	
19	314.300	-69.998	
19	314.400	-69.998	
19	314.500	-69.998	
19	314.600	-69.998	
19	314.700	-69.998	
19	314.800	-69.998	
19	314.900	-69.998	
19	315.000	-69.998	
19	315.100	-69.998	
19	315.200	-69.998	
19	315.300	-69.998	
19	315.400	-69.998	
19	315.500	-69.998	
19	315.600	-69.998	
19	315.700	-69.998	
19	315.800	-69.998	
19	315.900	-69.998	
19	316.000	-69.998	
19	316.100	-69.998	
19	316.200	-69.998	
19	316.300	-69.998	
19	316.400	-69.998	
19	316.500	-69.998	
19	316.600	-69.998	
19	316.700	-69.998	
19	316.800	-69.998	
19	316.900	-69.998	
19	317.000	-69.998	
19	317.100	-69.998	
19	317.200	-69.998	
19	317.300	-69.998	
19	317.400	-69.998	
19	317.500	-69.998	
19	317.600	-69.998	
19	317.700	-69.998	
19	317.800	-69.998	
19	317.900	-69.998	
19	318.000	-69.998	
19	318.100	-69.998	
19	318.200	-69.998	
19	318.300	-69.998	
19	318.400	-69.998	
19	318.500	-69.998	
19	318.600	-69.998	
19	318.700	-69.998	
19	318.800	-69.998	
19	318.900	-69.998	
19	319.000	-69.998	
19	319.100	-69.998	
19	319.200	-69.998	
19	319.300	-69.998	
19	319.400	-69.998	
19	319.500	-69.998	
19	319.600	-69.998	
19	319.700	-69.998	
19	319.800	-69.998	
19	319.900	-69.998	
19	320.000	-69.998	
19	320.100	-69.998	
19	320.200	-69.998	
19	320.300	-69.998	
19	320.400	-69.998	
19	320.500	-69.998	
19	320.600	-69.998	
19	320.700	-69.998	
19	320.800	-69.998	
19	320.900	-69.998	
19	321.000	-69.998	
19	321.100	-69.998	
19	321.200	-69.998	
19	321.300	-69.998	
19	321.400	-69.998	
19	321.500	-69.998	
19	321.600	-69.998	
19	321.700	-69.998	
19	321.800	-69.998	
19	321.900	-69.998	
19	322.000	-69.998	
19	322.100	-69.998	
19	322.200	-69.998	
19	322.300	-69.998	
19	322.400	-69.998	
19	322.500	-69.998	
19	322.600	-69.998	
19	322.700	-69.998	
19	322.800	-69.998	
19	322.900	-69.998	
19	323.000	-69.998	
19	323.100	-69.998	
19	323.200	-69.998	
19	323.300	-69.998	
19	323.400	-69.998	
19	323.500	-69.998	
19	323.600	-69.998	
19	323.700	-69.998	
19	323.800	-69.998	
19	323.900	-69.998	
19	324.000	-69.998	
19	324.100	-69.998	
19	324.200	-69.998	
19	324.300	-69.998	
19	324.400	-69.998	
19	324.500	-69.998	
19	324.600	-69.998	
19	324.700	-69.998	
19	324.800	-69.998	
19	324.900	-69.998	
19	325.000	-69.998	
19	325.100	-69.998	
19	325.200	-69.998	
19	325.300	-69.998	
19	325.400	-69.998	
19	325.500	-69.998	
19	325.600	-69.998	
19	325.700	-69.998	
19	325.800	-69.998	
19	325.900	-69.998	
19	326.000	-69.998	
19	326.100	-69.998	
19	326.200	-69.998	
19	326.300	-69.998	
19	326.400	-69.998	
19	326.500	-69.998	
19	326.600	-69.998	
19	326.700	-69.998	
19	326.800	-69.998	
19	326.900	-69.998	
19	327.000	-69.998	
19	327.100	-69.998	
19	327.200	-69.998	
19	327.300	-69.998	
19	327.400	-69.998	
19	327.500	-69.998	
19	327.600	-69.998	
19	327.700	-69.998	
19	327.800	-69.998	
19	327.900	-69.998	
19	328.000	-69.998	
19	328.100	-69.998	
19	328.200	-69.998	
19	328.300	-69.998	
19	328.400	-69.998	
19	328.500	-69.998	
19	328.600	-69.998	
19	328.700	-69.998	
19	328.800	-69.998	
19	328.900	-69.998	
19	329.000	-69.998	
19	329.100	-69.998	
19	329.200	-69.998	
19	329.300	-69.998	
19	329.400	-69.998	
19	329.500	-69.998	
19	329.600	-69.998	
19	329.700	-69.998	
19	329.800	-69.998	
19	329.900	-69.998	
19	330.000	-69.998	
19	330.100	-69.998	
19	330.200	-69.998	
19	330.300	-69.998	
19	330.400	-69.998	
19	330.500	-69.998	
19	330.600	-69.998	
19	330.700	-69.998	
19	330.800	-69.998	
19	330.900	-69.998	
19	331.000	-69.998	
19	331.100	-69.998	
19	331.200	-69.998	
19	331.300	-69.998	
19	331.400	-69.998	
19	331.500	-69.998	
19	331.600	-69.998	
19	331.700	-69.998	
19	331.800	-69.998	
19	331.900	-69.998	
19	332.000	-69.998	
19	332.100	-69.998	
19	332.200	-69.998	
19	332.300	-69.998	
19	332.400	-69.998	
19	332.500	-69.998	
19	332.600	-69.998	
19	332.700	-69.998	
19	332.800	-69.998	
19	332.900	-69.998	
19	333.000	-69.998	
19	333.100	-69.998	
19	333.200	-69.998	
19	333.300	-69.998	
19	333.400	-69.998	
19	333.500	-69.998	
19	333.600	-69.998	
19	333.700	-69.998	
19	333.800	-69.998	
19	333.900	-69.998	
19	334.000	-69.998	
19	334.100	-69.998	
19	334.200	-69.998	
19	334.300	-69.998	
19	334.400	-69.998	
19	334.500	-69.998	
19	334.600	-69.998	
19	334.700	-69.998	
19	334.800	-69.998	
19	334.900	-69.998	
19	335.000	-69.998	
19	335.100	-69.998	
19	335.200	-69.998	
19	335.300	-69.998	
19	335.400	-69.998	
19	335.500	-69.998	
19	335.600	-69.998	
19	335.700	-69.998	
19	335.800	-69.998	
19	335.900	-69.998	
19	336.000	-69.998	
19	336.100	-69.998	
19	336.200	-69.998	
19	336.300	-69.998	
19	336.400	-69.998	
19	336.500	-69.998	
19	336.600	-69.998	
19	336.700	-69.998	
19	336.800	-69.998	
19	336.900	-69.998	
19	337.000	-69.998	
19	337.100	-69.998	
19	337.200	-69.998	
19	337.300	-69.998	
19	337.400	-69.998	
19	337.500	-69.998	
19	337.600	-69.998	
19	337.700	-69.998	
19	337.800	-69.998	
19	337.900	-69.998	
19	338.000	-69.998	
19	338.100	-69.998	
19	338.200	-69.998	
19	338.300	-69.998	
19	338.400	-69.998	
19	338.500	-69.998	
19	338.600	-69.998	
19	338.700	-69.998	
19	338.800	-69.998	
19	338.900	-69.998	
19	339.000	-69.998	
19	339.100	-69.998	
19	339.200	-69.998	
19	339.300	-69.998	
19	339.400	-69.998	
19	339.500	-69.998	
19	339.600	-69.998	
19	339.700	-69.998	
19	339.800	-69.998	
19	339.900	-69.998	
19	340.000	-69.998	
19	340.100	-69.998	
19	340.200	-69.998	
19	340.300	-69.998	
19	340.400	-69.998	
19	340.500	-69.998	
19	340.600	-69.998	
19	340.700	-69.998	
19	340.800	-69.998	
19	340.900	-69.998	
19	341.000	-69.998	
19	341.100	-69.998	
19	341.200	-69.998	
19	341.300	-69.998	
19	341.400	-69.998	
19	341.500	-69.998	
19	341.600	-69.998	
19	341.700	-69.998	
19	341.800	-69.998	
19	341.900	-69.998	
19	342.000	-69.998	
19	342.100	-69.998	
19	342.200	-69.998	
19	342.300	-69.998	
19	342.400	-69.998	
19	342.500	-69.998	
19	342.600	-69.998	
19	342.700	-69.998	
19	342.800	-69.998	
19	342.900	-69.998	
19	343.000	-69.998	
19	343.100	-69.998	
19	343.200	-69.998	
19	343.300	-69.998	
19	343.400	-69.998	
19	343.500	-69.998	
19	343.600	-69.998	
19	343.700	-69.998	
19	343.800	-69.998	
19	343.900	-69.998	
19	344.000	-69.998	
19	344.100	-69.998	
19	344.200	-69.998	
19	344.300	-69.998	
19	344.400	-69.998	
19	344.500	-69.998	
19	344.600	-69.998	
19	344.700	-69.998	
19	344.800	-69.998	
19	344.900	-69.998	
19	345.000	-69.998	
19	345.100	-69.998	
19	345.200	-69.998	
19	345.300	-69.998	
19	345.400	-69.998	
19	345.500	-69.998	
19	345.600	-69.998	
19	345.700	-69.998	
19	345.800	-69.998	
19	345.900	-69.998	
19	346.000	-69.998	
19	346.100	-69.998	
19	346.200	-69.998	
19	346.300	-69.998	
19	346.400	-69.998	
19	346.500	-69.998	
19	346.600	-69.998	
19	346.700	-69.998	
19	346.800	-69.998	
19	346.900	-69.998	
19	347.000	-69.998	
19	347.100	-69.998	
19	347.200	-69.998	
19	347.300	-69.998	
19	347.400	-69.998	
19	347.500	-69.998	
19	347.600	-69.998	
19	347.700	-69.998	
19	347.800	-69.998	
19	347.900	-69.998	
19	348.000	-69.998	
19	348.100	-69.998	
19	348.200	-69.998	
19	348.300	-69.998	
19	348.400	-69.998	
19	348.500	-69.998	
19	348.600	-69.998	
19	348.700	-69.998	
19	348.800	-69.998	
19	348.900	-69.998	
19	349.000	-69.998	
19	349.100	-69.998	
19	349.200	-69.998	
19	349.300	-69.998	
19	349.400	-69.998	
19	349.500	-69.998	
19	349.600	-69.998	
19	349.700	-69.998	
19	349.800	-69.998	
19	349.900	-69.998	
19	350.000	-69.998	
19	350.100	-69.998	
19	350.200	-69.998	
19	350.300	-69.998	
19	350.400	-69.998	
19	350.500	-69.998	
19	350.600	-69.998	
19	350.700	-69.998	
19	350.800	-69.998	
19	350.900	-69.998	
19	351.000	-69.998	
19	351.100	-69.998	
19	351.200	-69.998	
19	351.300	-69.998	
19	351.400	-69.998	
19	351.500	-69.998	
19	351.600	-69.998	
19	351.700	-69.998	
19	351.800	-69.998	
19	351.900	-69.998	
19	352.000	-69.998	
19	352.100	-69.998	
19	352.200	-69.998	
19	352.300	-69.998	
19	352.400	-69.998	
19	352.500	-69.998	
19	352.600	-69.998	
19	352.700	-69.998	
19	352.800	-69.998	
19	352.900	-69.998	
19	353.000	-69.998	
19	353.100	-69.998	
19	353.200	-69.998	
19	353.300	-69.998	
19	353.400	-69.998	
19	353.500	-69.998	
19	353.600	-69.998	
19	353.700	-69.998	
19	353.800	-69.998	
19	353.900	-69.998	
19	354.000	-69.998	
19	354.100	-69.998	
19	354.200	-69.998	
19	354.300	-69.998	
19	354.400	-69.998	
19	354.500	-69.998	
19	354.600	-69.998	
19	354.700	-69.998	
19	354.800	-69.998	
19	354.900	-69.998	
19	355.000	-69.998	
19	355.100	-69.998	
19	355.200	-69.998	
19	355.300	-69.998	
19	355.400	-69.998	
19	355.500	-69.998	
19	355.600	-69.998	
19	355.700	-69.998	
19	355.800	-69.998	
19	355.900	-69.998	
19	356.000	-69.998	
19	356.100	-69.998	
19	356.200	-69.998	
19	356.300	-69.998	
19	356.400	-69.998	
19	356.500	-69.998	
19	356.600	-69.998	
19	356.700	-69.998	
19	356.800	-69.998	
19	356.900	-69.998	
19	357.000	-69.998	
19	357.100	-69.998	
19	357.200	-69.998	
19	357.300	-69.998	
19	357.400	-69.998	
19	357.500	-69.998	
19	357.600	-69.998	
19	357.700	-69.998	
19	357.800	-69.998	
19	357.900	-69.998	
19	358.000	-69.998	
19	358.100	-69.998	
19	358.200	-69.998	
19	358.300	-69.998	
19	358.400	-69.998	
19	358.500	-69.998	
19	358.600	-69.998	
19	358.700	-69.998	
19	358.800	-69.998	
19	358.900	-69.998	
19	359.000	-69.998	
19	359.100	-69.998	
19	359.200	-69.998	
19	359.300	-69.998	
19	359.400	-69.998	
19	359.500	-69.998	
19	359.600	-69.998	
19	359.700	-69.998	
19	359.800	-69.998	
19	359.900	-69.998	
19	360.000	-69.998	
19	360.100	-69.998	
19	360.200	-69.998	
19	360.300	-69.998	
19	360.400	-69.998	
19	360.500	-69.998	
19	360.600	-69.998	
19	360.700	-69.998	
19	360.800	-69.998	
19	360.900	-69.998	
19	361.000	-69.998	
19	361.100	-69.998	
19	361.200	-69.998	
19	361.300	-69.998	
19	361.400	-69.998	
19	361.500	-69.998	
19	361.600	-69.998	
19	361.700	-69.998	
19	361.800	-69.998	
19	361.900	-69.998	
19	362.000	-69.998	
19	362.100	-69.998	
19	362.200	-69.998	
19	362.300	-69.998	
19	362.400	-69.998	
19	362.500	-69.998	
19	362.600	-69.998	
19	362.700	-69.998	
19	362.800	-69.998	
19	362.900	-69.998	
19	363.000	-69.998	
19	363.100	-69.998	
19	363.200	-69.998	
19	363.300	-69.998	
19	363.400	-69.998	
19	363.500	-69.998	
19	363.600	-69.998	
19	363.700	-69.998	
19	363.800	-69.998	
19	363.900	-69.998	
19	364.000	-69.998	
19	364.100	-69.998	
19	364.200	-69.998	
19	364.300	-69.998	
19	364.400	-69.998	
19	364.500	-69.998	
19	364.600	-69.998	
19	364.700	-69.998	
19	364.800	-69.998	
19	364.900	-69.998	
19	365.000	-69.998	
19	365.100	-69.998	
19	365.200	-69.998	
19	365.300	-69.998	
19	365.400	-69.998	
19	365.500	-69.998	
19	365.600	-69.998	
19	365.700	-69.998	
19	365.800	-69.998	
19	365.900	-69.998	
19	366.000	-69.998	
19	366.100	-69.998	
19	366.200	-69.998	
19	366.300	-69.998	
19	366.400	-69.998	
19	366.500	-69.998	
19	366.600	-69.998	
19	366.700	-69.998	
19	366.800	-69.998	
19	366.900	-69.998	
19	367.000	-69.998	
19	367.100	-69.998	
19	367.200	-69.998	
19	367.300	-69.998	
19	367.400	-69.998	
19	367.500	-69.998	
19	367.600	-69.998	
19	367.700	-69.998	
19	367.800	-69.998	
19	367.900	-69.998	
19	368.000	-69.998	
19	368.100	-69.998	
19	368.200	-69.998	
19	368.300	-69.998	
19	368.400	-69.998	
19	368.500	-69.998	
19	368.600	-69.998	
19	368.700	-69.998	
19	368.800	-69.998	
19	368.900	-69.998	
19	369.000	-69.998	
19	369.100	-69.998	
19	369.200	-69.998	
19	369.300	-69.998	
19	369.400	-69.998	
19	369.500	-69.998	
19	369.600	-69.998	
19	369.700	-69.998	
19	369.800	-69.998	
19	369.900	-69.998	
19	370.000	-69.998	
19	370.100	-69.998	
19	370.200	-69.998	
19	370.300	-69.998	
19	370.400	-69.998	
19	370.500	-69.998	
19	370.600	-69.998	
19	370.700	-69.998	
19	370.800	-69.998	
19	370.900	-69.998	
19	371.000	-69.998	
19	371.100	-69.998	
19	371.200	-69.998	
19	371.300	-69.998	
19	371.400	-69.998	
19	371.500	-69.998	
19	371.600	-69.998	
19	371.700	-69.998	
19	371.800	-69.998	
19	371.900	-69.998	
19	372.000	-69.998	
19	372.100	-69.998	
19	372.200	-69.998	
19	372.300	-69.998	
19	372.400	-69.998	
19	372.500	-69.998	
19	372.600	-69.998	
19	372.700	-69.998	
19	372.800	-69.998	
19	372.900	-69.998	
19	373.000	-69.998	
19	373.100	-69.998	
19	373.200	-69.998	
19	373.300	-69.998	
19	373.400	-69.998	
19	373.500	-69.998	
19	373.600	-69.998	
19	373.700	-69.998	
19	373.800	-69.998	
19	373.900	-69.998	
19	374.000	-69.998	
19	374.100	-69.998	
19	374.200	-69.998	
19	374.300	-69.998	
19	374.400	-69.998	
19	374.500	-69.998	
19	374.600	-69.998	
19	374.700	-69.998	
19	374.800	-69.998	
19	374.900	-69.998	
19	375.000	-69.998	
19	375.100	-69.998	
19	375.200	-69.998	
19	375.300	-69.998	
19	375.400	-69.998	
19	375.500	-69.998	
19	375.600	-69.998	
19	375.700	-69.998	
19	375.800	-69.998	
19	375.900	-69.998	
19	376.000	-69.998	
19	376.100	-69.998	
19	376.200	-69.998	
19	376.300	-69.998	
19	376.400	-69.998	
19	376.500	-69.998	
19	376.600	-69.998	
19	376.700	-69.998	
19	376.800	-69.998	
19	376.900	-69.998	
19	377.000	-69.998	
19	377.100	-69.998	
19	377.200	-69.998	
19	377.300	-69.998	
19	377.400	-69.998	
19	377.500	-69.998	
19	377.600	-69.998	
19	377.700	-69.998	
19	377.800	-69.998	
19	377.900	-69.998	
19	378.000	-69.998	
19	378.100	-69.998	
19	378.200	-69.998	
19	378.300	-69.998	
19	378.400	-69.998	
19	378.500	-69.998	
19	378.600	-69.998	
19	378.700	-69.998	
19	378.800	-69.998	
19	378.900	-69.998	
19	379.000	-69.998	
19	379.100	-69.998	
19	379.200	-69.998	
19	379.300	-69.998	
19	379.400	-69.998	
19	379.500	-69.998	
19	379.600	-69.998	
19	379.700	-69.998	
19	379.800	-69.998	
19	379.900	-69.998	
19	380.000	-69.998	
19	380.100	-69.998	
19	380.200	-69.998	
19	380.300	-69.998	
19	380.400	-69.998	
19	380.500	-69.998	
19	380.600	-69.998	
19	380.700	-69.998	
19	380.800	-69.998	
19	380.900	-69.998	
19	381.000	-69.998	
19	381.100	-69.998	
19	381.200	-69.998	
19	381.300	-69.998	
19	381.400	-69.998	
19	381.500	-69.998	
19	381.600	-69.998	
19	381.700	-69.998	
19	381.800	-69.998	
19	381.900	-69.998	
19	382.000	-69.998	
19	382.100	-69.998	
19	382.200	-69.998	
19	382.300	-69.998	
19	382.400	-69.998	
19	382.500	-69.998	
19	382.600	-69.998	
19	382.700	-69.998	
19	382.800	-69.998	
19	382.900	-69.998	
19	383.000	-69.998	
19	383.100	-69.998	
19	383.200	-69.998	
19	383.300	-69.998	
19	383.400	-69.998	
19	383.500	-69.998	
19	383.600	-69.998	
19	383.700	-69.998	
19	383.800	-69.998	
19	383.900	-69.998	
19	384.000	-69.998	
19	384.100	-69.998	
19	384.200	-69.998	
19	384.300	-69.998	
19	384.400	-69.998	
19	384.500	-69.998	
19	384.600	-69.998	
19	384.700	-69.998	
19	384.800	-69.998	
19	384.900	-69.998	
19	385.000	-69.998	
19	385.100	-69.998	
19	385.200	-69.998	
19	385.300	-69.998	
19	385.400	-69.998	
19	385.500	-69.998	
19	385.600	-69.998	
19	385.700	-69.998	
19	385.800	-69.998	
19	385.900	-69.998	
19	386.000	-69.998	
19	386.100	-69.998	
19	386.200	-69.998	
19	386.300	-69.998	
19	386.400	-69.998	
19	386.500	-69.998	
19	386.600	-69.998	
19	386.700	-69.998	
19	386.800	-69.998	
19	386.900	-69.998	
19	387.000	-69.998	
19	387.100	-69.998	
19	387.200	-69.998	
19	387.300	-69.998	
19	387.400	-69.998	
19	387.500	-69.998	
19	387.600	-69.998	
19	387.700	-69.998	
19	387.800	-69.998	
19	387.900	-69.998	
19	388.000	-69.998	
19	388.100	-69.998	
19	388.200	-69.998	
19	388.300	-69.998	
19	388.400	-69.998	
19	388.500	-69.998	
19	388.600	-69.998	
19	388.700	-69.998	
19	388.800	-69.998	
19	388.900	-69.998	
19	389.000	-69.998	
19	389.100	-69.998	
19	389.200	-69.998	
19	389.300	-69.998	
19	389.400	-69.998	
19	389.500	-69.998	
19	389.600	-69.998	
19	389.700	-69.998	
19	389.800	-69.998	
19	389.900	-69.998	
19	390.000	-69.998	
19	390.100	-69.998	
19	390.200	-69.998	
19	390.300	-69.998	
19	390.400	-69.998	
19	390.500	-69.998	
19	390.600	-69.998	
19	390.700	-69.998	
19	390.800	-69.998	
19	390.900	-69.998	
19	391.000	-69.998	
19	391.100	-69.998	
19	391.200	-69.998	
19	391.300	-69.998	
19	391.400	-69.998	
19	391.500	-69.998	
19	391.600	-69.998	
19	391.700	-69.998	
19	391.800	-69.998	
19	391.900	-69.998	
19	392.000	-69.998	
19	392.100	-69.998	
19	392.200	-69.998	
19	392.300	-69.998	
19	392.400	-69.998	
19	392.500	-69.998	
19	392.600	-69.998	
19	392.700	-69.998	
19	392.800	-69.998	
19	392.900	-69.998	
19	393.000	-69.998	
19	393.100	-69.998	
19	393.200	-69.998	
19	393.300	-69.998	
19	393.400	-69.998	
19	393.500	-69.998	
19	393.600	-69.998	
19	393.700	-69.998	
19	393.800	-69.998	
19	393.900	-69.998	
19	394.000	-69.998	
19	394.100	-69.998	
19	394.200	-69.998	
19	394.300	-69.998	
19	394.400	-69.998	
19	394.500	-69.998	
19	394.600	-69.998	
19	394.700	-69.998	
19	394.800	-69.998	
19	394.900	-69.998	
19	395.000	-69.998	
19	395.100	-69.998	
19	395.200	-69.998	
19	395.300	-69.998	
19	395.400	-69.998	
19	395.500	-69.998	
19	395.600	-69.998	
19	395.700	-69.998	
19	395.800	-69.998	
19	395.900	-69.998	
19	396.000	-69.998	
19	396.100	-69.998	
19	396.200	-69.998	
19	396.300	-69.998	
19	396.400	-69.998	
19	396.500	-69.998	
19	396.600	-69.998	
19	396.700	-69.998	
19	396.800	-69.998	
19	396.900	-69.998	
19	397.000	-69.998	
19	397.100	-69.998	
19	397.200	-69.998	
19	397.300	-69.998	
19	397.400	-69.998	
19	397.500	-69.998	
19	397.600	-69.998	
19	397.700	-69.998	
19	397.800	-69.998	
19	397.900	-69.998	
19	398.000	-69.998	
19	398.100	-69.998	
19	398.200	-69.998	
19	398.300	-69.998	
19	398.400	-69.998	
19	398.500	-69.998	
19	398.600	-69.998	
19	398.700	-69.998	
19	398.800	-69.998	
19	398.900	-69.998	
19	399.000	-69.998	
19	399.100	-69.998	
19	399.200	-69.998	
19	399.300	-69.998	
19	399.400	-69.998	
19	399.500	-69.998	
19	399.600	-69.998	
19	399.700	-69.998	
19	399.800	-69.998	
19	399.900	-69.998	
19	400.000	-69.998	
19	400.100	-69.998	
19	400.200	-69.998	
19	400.300	-69.998	
19	400.400	-69.998	
19	400.500	-69.998	
19	400.600	-69.998	
19	400.700	-69.998	
19	400.800	-69.998	
19	400.900	-69.998	
19	401.000	-69.998	
19	401.100	-69.998	
19	401.200	-69.998	
19	401.300	-69.998	
19	401.400	-69.998	
19	401.500	-69.998	
19	401.600	-69.998	
19	401.700	-69.998	
19	401.800	-69.998	
19	401.900	-69.998	
19	402.000	-69.998	
19	402.100	-69.998	
19	402.200	-69.998	
19	402.300	-69.998	
19	402.400	-69.998	
19	402.500	-69.998	
19	402.600	-69.998	
19	402.700	-69.998	
19	402.800	-69.998	
19	402.900	-69.998	
19	403.000	-69.998	
19	403.100	-69.998	
19	403.200	-69.998	
19	403.300	-69.998	
19	403.400	-69.998	
19	403.500	-69.998	
19	403.600	-69.998	
19	403.700	-69.998	
19	403.800	-69.998	
19	403.900	-69.998	
19	404.000	-69.998	
19	404.100	-69.998	
19	404.200	-69.998	
19	404.300	-69.998	
19	404.400	-69.998	
19	404.500	-69.998	
19	404.600	-69.998	
19	404.700	-69.998	
19	404.800	-69.998	
19	404.900	-69.998	
19	405.000	-69.998	
19	405.100	-69.998	
19	405.200	-69.998	
19	405.300	-69.998	
19	405.400	-69.998	
19	405.500	-69.998	
19	405.600	-69.998	
19	405.700	-69.998	
19	405.800	-69.998	
19	405.900	-69.998	
19	406.000	-69.998	
19	406.100	-69.998	
19	406.200	-69.998	
19	406.300	-69.998	
19	406.400	-69.998	
19	406.500	-69.998	
19	406.600	-69.998	
19	406.700	-69.998	
19	406.800	-69.998	
19	406.900	-69.998	
19	407.000	-69.998	
19	407.100	-69.998	
19	407.200	-69.998	
19	407.300	-69.998	
19	407.400	-69.998	
19	407.500	-69.998	
19	407.600	-69.998	
19	407.700	-69.998	
19	407.800	-69.998	
19	407.900	-69.998	
19	408.000	-69.998	
19	408.100	-69.998	
19	408.200	-69.998	
19	408.300	-69.998	
19	408.400	-69.998	
19	408.500	-69.998	
19	408.600	-69.998	
19	408.700	-69.998	
19	408.800	-69.998	
19	408.900	-69.998	
19	409.000	-69.998	
19	409.100	-69.998	
19	409.200	-69.998	
19	409.300	-69.998	
19	409.400	-69.998	
19	409.500	-69.998	
19	409.600	-69.998	
19	409.700	-69.998	
19	409.800	-69.998	
19	409.900	-69.998	
19	410.000	-69.998	
19	410.100	-69.998	
19	410.200	-69.998	
19	410.300	-69.998	
19	410.400	-69.998	
19	410.500	-69.998	
19	410.600	-69.998	
19	410.700	-69.998	
19	410.800	-69.998	
19	410.900	-69.998	
19	411.000	-69.998	
19	411.100	-69.998	
19	411.200	-69.998	
19	411.300	-69.998	
19	411.400	-69.998	
19	411.500	-69.998	
19	411.600	-69.998	
19	411.700	-69.998	
19	411.800	-69.998	
19	411.900	-69.998	
19	412.000	-69.998	
19	412.100	-69.998	
19	412.200	-69.998	
19	412.300	-69.998	
19	412.400	-69.998	
19	412.500	-69.998	
19	412.600	-69.998	
19	412.700	-69.998	
19	412.800	-69.998	
19	412.900	-69.998	
19	413.000	-69.998	
19	413.100	-69.998	
19	413.200	-69.998	
19	413.300	-69.998	
19	413.400	-69.998	
19	413.500	-69.998	
19	413.600	-69.998	
19	413.700	-69.998	
19	413.800	-69.998	
19	413.900	-69.998	
19	414.000	-69.998	
19	414.100	-69.998	
19	414.200	-69.998	
19	414.300	-69.998	
19	414.400	-69.998	
19	414.500	-69.998	
19	414.600	-69.998	
19	414.700	-69.998	
19	414.800	-69.998	
19	414.900	-69.998	
19	415.000	-69.998	
19	415.100	-69.998	
19	415.200	-69.998	
19	415.300	-69.998	
19	415.400	-69.998	
19	415.500	-69.998	
19	415.600	-69.998	
19	415.700	-69.998	
19	415.800	-69.998	
19	415.900	-69.998	
19	416.000	-69.998	
19	416.100	-69.998	
19	416.200	-69.998	
19	416.300	-69.998	
19	416.400	-69.998	
19	416.500	-69.998	
19	416.600	-69.998	
19	416.700	-69.998	
19	416.800	-69.998	
19	416.900	-69.998	
19	417.000	-69.998	
19	417.100	-69.998	
19	417.200	-69.998	
19	417.300	-69.998	
19	417.400	-69.998	
19	417.500	-69.998	
19	417.600	-69.998	
19	417.700	-69.998	
19	417.800	-69.998	
19	417.900	-69.998	
19	418.000	-69.998	
19	418.100	-69.998	
19	418.200	-69.998	
19	418.300	-69.998	
19	418.400	-69.998	
19	418.500	-69.998	
19	418.600	-69.998	
19	418.700	-69.998	
19	418.800	-69.998	
19	418.900	-69.998	
19	419.000	-69.998	
19	419.100	-69.998	
19	419.200	-69.998	
19	419.300	-69.998	
19	419.400	-69.998	
19	419.500	-69.998	
19	419.600	-69.998	
19	419.700	-69.998	
19	419.800	-69.998	
19	419.900	-69.998	
19	420.000	-69.998	
19	420.100	-69.998	
19	420.200	-69.998	
19	420.300	-69.998	
19	420.400	-69.998	
19	420.500	-69.998	
19	420.600	-69.998	
19	420.700	-69.998	
19	420.800	-69.998	
19	420.900	-69.998	
19	421.000	-69.998	
19	421.100	-69.998	
19	421.200	-69.998	
19	421.300	-69.998	
19	421.400	-69.998	
19	421.500	-69.998	
19	421.600	-69.998	
19	421.700	-69.998	
19	421.800	-69.998	
19	421.900	-69.998	
19	422.000	-69.998	
19	422.100	-69.998	
19	422.200	-69.998	
19	422.300	-69.998	
19	422.400	-69.998	
19	422.500	-69.998	
19	422.600	-69.998	
19	422.700	-69.998	
19	422.800	-69.998	
19	422.900	-69.998	
19	423.000	-69.998	
19	423.100	-69.998	
19	423.200	-69.998	
19	423.300	-69.998	
19	423.400	-69.998	
19	423.500	-69.998	
19	423.600	-69.998	
19	423.700	-69.998	
19	423.800	-69.998	
19	423.900	-69.998	
19	424.000	-69.998	
19	424.100	-69.998	
19	424.200	-69.998	
19	424.300	-69.998	
19	424.400	-69.998	
19	424.500	-69.998	
19	424.600	-69.998	
19	424.700	-69.998	
19	424.800	-69.998	
19	424.900	-69.998	
19	425.000	-69.998	
19	425.100	-69.998	
19	425.200	-69.998	
19	425.300	-69.998	
19	425.400	-69.998	
19	425.500	-69.998	
19	425.600	-69.998	
19	425.700	-69.998	
19	425.800	-69.998	
19	425.900	-69.998	
19	426.000	-69.998	
19	426.100	-69.998	
19	426.200	-69.998	
19	426.300	-69.998	
19	426.400	-69.998	
19	426.500	-69.998	
19	426.600	-69.998	
19	426.700	-69.998	
19	426.800	-69.998	
19	426.900	-69.998	
19	427.000	-69.998	
19	427.100	-69.998	
19	427.200	-69.998	
19	427.300	-69.998	
19	427.400	-69.998	
19	427.500	-69.998	
19	427.600	-69.998	
19	427.700	-69.998	
19	427.800	-69.998	
19	427.900	-69.998	
19	428.000	-69.998	
19	428.100	-69.998	
19	428.200	-69.998	
19	428.300	-69.998	
19	428.400	-69.998	
19	428.500	-69.998	
19	428.600	-69.998	
19	428.700	-69.998	
19	428.800	-69.998	
19	428.900	-69.998	
19	429.000	-69.998	
19	429.100	-69.998	
19	429.200	-69.998	
19	429.300	-69.998	
19	429.400	-69.998	
19	429.500	-69.998	
19	429.600	-69.998	
19	429.700	-69.998	
19	429.800	-69.998	
19	429.900	-69.998	
19	430.000	-69.998	
19	430.100	-69.998	
19	430.200	-69.998	
19	430.300	-69.998	
19	430.400	-69.998	
19	430.500	-69.998	
19	430.600	-69.998	
19	430.700	-69.998	
19	430.800	-69.998	
19	430.900	-69.998	
19	431.000	-69.998	
19	431.100	-69.998	
19	431.200	-69.998	
19	431.300	-69.998	
19	431.400	-69.998	
19	431.500	-69.998	
19	431.600	-69.998	
19	431.700	-69.998	
19	431.800	-69.998	
19	431.900	-69.998	
19	432.000	-69.998	
19	432.100	-69.998	
19	432.200	-69.998	
19	432.300	-69.998	
19	432.400	-69.998	
19	432.500	-69.998	
19	432.600	-69.998	
19	432.700	-69.998	
19	432.800	-69.998	
19	432.900	-69.998	
19	433.000	-69.998	
19	433.100	-69.998	
19	433.200	-69.998	
19	433.300	-69.998	
19	433.400	-69.998	
19	433.500	-69.998	
19	433.600	-69.998	
19	433.700	-69.998	
19	433.800	-69.998	
19	433.900	-69.998	
19	434.000	-69.998	
19	434.100	-69.998	
19	434.200	-69.998	
19	434.300	-69.998	
19	434.400	-69.998	
19	434.500	-69.998	
19	434.600	-69.998	
19	434.700	-69.998	
19	434.800	-69.998	
19	434.900	-69.998	
19	435.000	-69.998	
19	435.100	-69.998	
19	435.200	-69.998	
19	435.300	-69.998	
19	435.400	-69.998	
19	435.500	-69.998	
19	435.600	-69.998	
19	435.700	-69.998	
19	435.800	-69.998	
19	435.900	-69.998	
19	436.000	-69.998	
19	436.100	-69.998	
19	436.200	-69.998	
19	436.300	-69.998	
19	436.400	-69.998	
19	436.500	-69.998	
19	436.600	-69.998	
19	436.700	-69.998	
19	436.800	-69.998	
19	436.900	-69.998	
19	437.000	-69.998	
19	437.100	-69.998	
19	437.200	-69.998	
19	437.300	-69.998	
19	437.400	-69.998	
19	437.500	-69.998	
19	437.600	-69.998	
19	437.700	-69.998	
19	437.800	-69.998	
19	437.900	-69.998	
19	438.000	-69.998	
19	438.100	-69.998	
19	438.200	-69.998	
19	438.300	-69.998	
19	438.400	-69.998	
19	438.500	-69.998	
19	438.600	-69.998	
19	438.700	-69.998	
19	438.800	-69.998	
19	438.900	-69.998	
19	439.000	-69.998	
19	439.100	-69.998	
19	439.200	-69.998	
19	439.300	-69.998	
19	439.400	-69.998	
19	439.500	-69.998	
19	439.600	-69.998	
19	439.700	-69.998	
19	439.800	-69.998	
19	439.900	-69.998	
19	440.000	-69.998	
19	440.100	-69.998	
19	440.200	-69.998	
19	440.300	-69.998	
19	440.400	-69.998	
19	440.500	-69.998	
19	440.600	-69.998	
19	440.700	-69.998	
19	440.800	-69.998	
19	440.900	-69.998	
19	441.000	-69.998	
19	441.100	-69.998	
19	441.200	-69.998	
19	441.300	-69.998	
19	441.400	-69.998	
19	441.500	-69.998	
19	441.600	-69.998	
19	441.700	-69.998	
19	441.800	-69.998	
19	441.900	-69.998	
19	442.000	-69.998	
19	442.100	-69.998	
19	442.200	-69.998	
19	442.300	-69.998	
19	442.400	-69.998	
19	442.500	-69.998	
19	442.600	-69.998	
19	442.700	-69.998	
19	442.800	-69.998	
19	442.900	-69.998	
19	443.000	-69.998	
19	443.100	-69.998	
19	443.200	-69.998	
19	443.300	-69.998	
19	443.400	-69.998	
19	443.500	-69.998	
19	443.600	-69.998	
19	443.700	-69.998	
19	443.800	-69.998	
19	443.900	-69.998	
19	444.000	-69.998	
19	444.100	-69.998	
19	444.200	-69.998	
19	444.300	-69.998	
19	444.400	-69.998	
19	444.500	-69.998	
19	444.600	-69.998	
19	444.700	-69.998	
19	444.800	-69.998	
19	444.900	-69.998	
19	445.000	-69.998	
19	445.100	-69.998	
19	445.200	-69.998	
19	445.300	-69.998	
19	445.400	-69.998	
19	445.500	-69.998	
19	445.600	-69.998	
19	445.700	-69.998	
19	445.800	-69.998	
19	445.900	-69.998	
19	446.000	-69.998	
19	446.100	-69.998	
19	446.200	-69.998	
19	446.300	-69.998	
19	446.400	-69.998	
19	446.500	-69.998	
19	446.600	-69.998	
19	446.700	-69.998	
19	446.800	-69.998	
19	446.900	-69.998	
19	447.000	-69.998	
19	447.100	-69.998	
19	447.200	-69.998	
19	447.300	-69.998	
19	447.400	-69.998	
19	447.500	-69.998	
19	447.600	-69.998	
19	447.700	-69.998	
19	447.800	-69.998	
19	447.900	-69.998	
19	448.000	-69.998	
19	448.100	-69.998	
19	448.200	-69.998	
19	448.300	-69.998	
19	448.400	-69.998	
19	448.500	-69.998	
19	448.600	-69.998	
19	448.700	-69.998	
19	448.800	-69.998	
19	448.900	-69.998	
19	449.000	-69.998	
