20	0.100	-70.000	
20	0.200	-70.000	
20	0.300	-70.000	
20	0.400	-70.000	
20	0.500	-70.000	
20	0.600	-70.000	
20	0.700	-70.000	
20	0.800	-70.000	
20	0.900	-70.000	
20	1.000	-70.000	
20	1.100	-70.000	
20	1.200	-70.000	
20	1.300	-70.000	
20	1.400	-70.000	
20	1.500	-70.000	
20	1.600	-70.000	
20	1.700	-70.000	
20	1.800	-69.999	
20	1.900	-69.999	
20	2.000	-69.999	
20	2.100	-69.999	
20	2.200	-69.999	
20	2.300	-69.999	
20	2.400	-69.999	
20	2.500	-69.999	
20	2.600	-69.999	
20	2.700	-69.999	
20	2.800	-69.999	
20	2.900	-69.999	
20	3.000	-69.999	
20	3.100	-69.999	
20	3.200	-69.999	
20	3.300	-69.999	
20	3.400	-69.999	
20	3.500	-69.999	
20	3.600	-69.999	
20	3.700	-69.999	
20	3.800	-69.999	
20	3.900	-69.999	
20	4.000	-69.999	
20	4.100	-69.999	
20	4.200	-69.999	
20	4.300	-69.999	
20	4.400	-69.999	
20	4.500	-69.999	
20	4.600	-69.999	
20	4.700	-69.999	
20	4.800	-69.999	
20	4.900	-69.999	
20	5.000	-69.999	
20	5.100	-69.999	
20	5.200	-69.999	
20	5.300	-69.999	
20	5.400	-69.999	
20	5.500	-69.999	
20	5.600	-69.999	
20	5.700	-69.999	
20	5.800	-69.999	
20	5.900	-69.999	
20	6.000	-69.999	
20	6.100	-69.999	
20	6.200	-69.999	
20	6.300	-69.999	
20	6.400	-69.999	
20	6.500	-69.999	
20	6.600	-69.999	
20	6.700	-69.999	
20	6.800	-69.999	
20	6.900	-69.999	
20	7.000	-69.999	
20	7.100	-69.999	
20	7.200	-69.999	
20	7.300	-69.999	
20	7.400	-69.999	
20	7.500	-69.999	
20	7.600	-69.999	
20	7.700	-69.999	
20	7.800	-69.999	
20	7.900	-69.999	
20	8.000	-69.999	
20	8.100	-69.999	
20	8.200	-69.999	
20	8.300	-69.999	
20	8.400	-69.999	
20	8.500	-69.999	
20	8.600	-69.999	
20	8.700	-69.999	
20	8.800	-69.999	
20	8.900	-69.999	
20	9.000	-69.999	
20	9.100	-69.999	
20	9.200	-69.999	
20	9.300	-69.999	
20	9.400	-69.999	
20	9.500	-69.999	
20	9.600	-69.999	
20	9.700	-69.999	
20	9.800	-69.999	
20	9.900	-69.998	
20	10.000	-69.998	
20	10.100	-69.998	
20	10.200	-69.998	
20	10.300	-69.998	
20	10.400	-69.998	
20	10.500	-69.998	
20	10.600	-69.998	
20	10.700	-69.998	
20	10.800	-69.998	
20	10.900	-69.998	
20	11.000	-69.998	
20	11.100	-69.998	
20	11.200	-69.998	
20	11.300	-69.998	
20	11.400	-69.998	
20	11.500	-69.998	
20	11.600	-69.998	
20	11.700	-69.998	
20	11.800	-69.998	
20	11.900	-69.998	
20	12.000	-69.998	
20	12.100	-69.998	
20	12.200	-69.998	
20	12.300	-69.998	
20	12.400	-69.998	
20	12.500	-69.998	
20	12.600	-69.998	
20	12.700	-69.998	
20	12.800	-69.998	
20	12.900	-69.998	
20	13.000	-69.998	
20	13.100	-69.998	
20	13.200	-69.998	
20	13.300	-69.998	
20	13.400	-69.998	
20	13.500	-69.998	
20	13.600	-69.998	
20	13.700	-69.998	
20	13.800	-69.998	
20	13.900	-69.998	
20	14.000	-69.998	
20	14.100	-69.998	
20	14.200	-69.998	
20	14.300	-69.998	
20	14.400	-69.998	
20	14.500	-69.998	
20	14.600	-69.998	
20	14.700	-69.998	
20	14.800	-69.998	
20	14.900	-69.998	
20	15.000	-69.998	
20	15.100	-69.998	
20	15.200	-69.998	
20	15.300	-69.998	
20	15.400	-69.998	
20	15.500	-69.998	
20	15.600	-69.998	
20	15.700	-69.998	
20	15.800	-69.998	
20	15.900	-69.998	
20	16.000	-69.998	
20	16.100	-69.998	
20	16.200	-69.998	
20	16.300	-69.998	
20	16.400	-69.998	
20	16.500	-69.998	
20	16.600	-69.998	
20	16.700	-69.998	
20	16.800	-69.998	
20	16.900	-69.998	
20	17.000	-69.998	
20	17.100	-69.998	
20	17.200	-69.998	
20	17.300	-69.998	
20	17.400	-69.998	
20	17.500	-69.998	
20	17.600	-69.998	
20	17.700	-69.998	
20	17.800	-69.998	
20	17.900	-69.998	
20	18.000	-69.998	
20	18.100	-69.998	
20	18.200	-69.998	
20	18.300	-69.998	
20	18.400	-69.998	
20	18.500	-69.998	
20	18.600	-69.998	
20	18.700	-69.998	
20	18.800	-69.998	
20	18.900	-69.998	
20	19.000	-69.998	
20	19.100	-69.998	
20	19.200	-69.998	
20	19.300	-69.998	
20	19.400	-69.998	
20	19.500	-69.998	
20	19.600	-69.998	
20	19.700	-69.998	
20	19.800	-69.998	
20	19.900	-69.998	
20	20.000	-69.998	
20	20.100	-69.998	
20	20.200	-69.998	
20	20.300	-69.998	
20	20.400	-69.998	
20	20.500	-69.998	
20	20.600	-69.998	
20	20.700	-69.998	
20	20.800	-69.998	
20	20.900	-69.998	
20	21.000	-69.998	
20	21.100	-69.998	
20	21.200	-69.998	
20	21.300	-69.998	
20	21.400	-69.998	
20	21.500	-69.998	
20	21.600	-69.998	
20	21.700	-69.998	
20	21.800	-69.998	
20	21.900	-69.998	
20	22.000	-69.998	
20	22.100	-69.998	
20	22.200	-69.998	
20	22.300	-69.998	
20	22.400	-69.998	
20	22.500	-69.998	
20	22.600	-69.998	
20	22.700	-69.998	
20	22.800	-69.998	
20	22.900	-69.998	
20	23.000	-69.998	
20	23.100	-69.998	
20	23.200	-69.998	
20	23.300	-69.998	
20	23.400	-69.998	
20	23.500	-69.998	
20	23.600	-69.998	
20	23.700	-69.998	
20	23.800	-69.998	
20	23.900	-69.998	
20	24.000	-69.998	
20	24.100	-69.998	
20	24.200	-69.998	
20	24.300	-69.998	
20	24.400	-69.998	
20	24.500	-69.998	
20	24.600	-69.998	
20	24.700	-69.998	
20	24.800	-69.998	
20	24.900	-69.998	
20	25.000	-69.998	
20	25.100	-69.998	
20	25.200	-69.998	
20	25.300	-69.998	
20	25.400	-69.998	
20	25.500	-69.998	
20	25.600	-69.998	
20	25.700	-69.998	
20	25.800	-69.998	
20	25.900	-69.998	
20	26.000	-69.998	
20	26.100	-69.998	
20	26.200	-69.998	
20	26.300	-69.998	
20	26.400	-69.998	
20	26.500	-69.998	
20	26.600	-69.998	
20	26.700	-69.998	
20	26.800	-69.998	
20	26.900	-69.998	
20	27.000	-69.998	
20	27.100	-69.998	
20	27.200	-69.998	
20	27.300	-69.998	
20	27.400	-69.998	
20	27.500	-69.998	
20	27.600	-69.998	
20	27.700	-69.998	
20	27.800	-69.998	
20	27.900	-69.998	
20	28.000	-69.998	
20	28.100	-69.998	
20	28.200	-69.998	
20	28.300	-69.998	
20	28.400	-69.998	
20	28.500	-69.998	
20	28.600	-69.998	
20	28.700	-69.998	
20	28.800	-69.998	
20	28.900	-69.998	
20	29.000	-69.998	
20	29.100	-69.998	
20	29.200	-69.998	
20	29.300	-69.998	
20	29.400	-69.998	
20	29.500	-69.998	
20	29.600	-69.998	
20	29.700	-69.998	
20	29.800	-69.998	
20	29.900	-69.998	
20	30.000	-69.998	
20	30.100	-69.998	
20	30.200	-69.998	
20	30.300	-69.998	
20	30.400	-69.998	
20	30.500	-69.998	
20	30.600	-69.998	
20	30.700	-69.998	
20	30.800	-69.998	
20	30.900	-69.998	
20	31.000	-69.998	
20	31.100	-69.998	
20	31.200	-69.998	
20	31.300	-69.998	
20	31.400	-69.998	
20	31.500	-69.998	
20	31.600	-69.998	
20	31.700	-69.998	
20	31.800	-69.998	
20	31.900	-69.998	
20	32.000	-69.998	
20	32.100	-69.998	
20	32.200	-69.998	
20	32.300	-69.998	
20	32.400	-69.998	
20	32.500	-69.998	
20	32.600	-69.998	
20	32.700	-69.998	
20	32.800	-69.998	
20	32.900	-69.998	
20	33.000	-69.998	
20	33.100	-69.998	
20	33.200	-69.998	
20	33.300	-69.998	
20	33.400	-69.998	
20	33.500	-69.998	
20	33.600	-69.998	
20	33.700	-69.998	
20	33.800	-69.998	
20	33.900	-69.998	
20	34.000	-69.998	
20	34.100	-69.998	
20	34.200	-69.998	
20	34.300	-69.998	
20	34.400	-69.998	
20	34.500	-69.998	
20	34.600	-69.998	
20	34.700	-69.998	
20	34.800	-69.998	
20	34.900	-69.998	
20	35.000	-69.998	
20	35.100	-69.998	
20	35.200	-69.998	
20	35.300	-69.998	
20	35.400	-69.998	
20	35.500	-69.998	
20	35.600	-69.998	
20	35.700	-69.998	
20	35.800	-69.998	
20	35.900	-69.998	
20	36.000	-69.998	
20	36.100	-69.998	
20	36.200	-69.998	
20	36.300	-69.998	
20	36.400	-69.998	
20	36.500	-69.998	
20	36.600	-69.998	
20	36.700	-69.998	
20	36.800	-69.998	
20	36.900	-69.998	
20	37.000	-69.998	
20	37.100	-69.998	
20	37.200	-69.998	
20	37.300	-69.998	
20	37.400	-69.998	
20	37.500	-69.998	
20	37.600	-69.998	
20	37.700	-69.998	
20	37.800	-69.998	
20	37.900	-69.998	
20	38.000	-69.998	
20	38.100	-69.998	
20	38.200	-69.998	
20	38.300	-69.998	
20	38.400	-69.998	
20	38.500	-69.998	
20	38.600	-69.998	
20	38.700	-69.998	
20	38.800	-69.998	
20	38.900	-69.998	
20	39.000	-69.998	
20	39.100	-69.998	
20	39.200	-69.998	
20	39.300	-69.998	
20	39.400	-69.998	
20	39.500	-69.998	
20	39.600	-69.998	
20	39.700	-69.998	
20	39.800	-69.998	
20	39.900	-69.998	
20	40.000	-69.998	
20	40.100	-69.998	
20	40.200	-69.998	
20	40.300	-69.998	
20	40.400	-69.998	
20	40.500	-69.998	
20	40.600	-69.998	
20	40.700	-69.998	
20	40.800	-69.998	
20	40.900	-69.998	
20	41.000	-69.998	
20	41.100	-69.998	
20	41.200	-69.998	
20	41.300	-69.998	
20	41.400	-69.998	
20	41.500	-69.998	
20	41.600	-69.998	
20	41.700	-69.998	
20	41.800	-69.998	
20	41.900	-69.998	
20	42.000	-69.998	
20	42.100	-69.998	
20	42.200	-69.998	
20	42.300	-69.998	
20	42.400	-69.998	
20	42.500	-69.998	
20	42.600	-69.998	
20	42.700	-69.998	
20	42.800	-69.998	
20	42.900	-69.998	
20	43.000	-69.998	
20	43.100	-69.998	
20	43.200	-69.998	
20	43.300	-69.998	
20	43.400	-69.998	
20	43.500	-69.998	
20	43.600	-69.998	
20	43.700	-69.998	
20	43.800	-69.998	
20	43.900	-69.998	
20	44.000	-69.998	
20	44.100	-69.998	
20	44.200	-69.998	
20	44.300	-69.998	
20	44.400	-69.998	
20	44.500	-69.998	
20	44.600	-69.998	
20	44.700	-69.998	
20	44.800	-69.998	
20	44.900	-69.998	
20	45.000	-69.998	
20	45.100	-69.998	
20	45.200	-69.998	
20	45.300	-69.998	
20	45.400	-69.998	
20	45.500	-69.998	
20	45.600	-69.998	
20	45.700	-69.998	
20	45.800	-69.998	
20	45.900	-69.998	
20	46.000	-69.998	
20	46.100	-69.998	
20	46.200	-69.998	
20	46.300	-69.998	
20	46.400	-69.998	
20	46.500	-69.998	
20	46.600	-69.998	
20	46.700	-69.998	
20	46.800	-69.998	
20	46.900	-69.998	
20	47.000	-69.998	
20	47.100	-69.998	
20	47.200	-69.998	
20	47.300	-69.998	
20	47.400	-69.998	
20	47.500	-69.998	
20	47.600	-69.998	
20	47.700	-69.998	
20	47.800	-69.998	
20	47.900	-69.998	
20	48.000	-69.998	
20	48.100	-69.998	
20	48.200	-69.998	
20	48.300	-69.998	
20	48.400	-69.998	
20	48.500	-69.998	
20	48.600	-69.998	
20	48.700	-69.998	
20	48.800	-69.998	
20	48.900	-69.998	
20	49.000	-69.998	
20	49.100	-69.998	
20	49.200	-69.998	
20	49.300	-69.998	
20	49.400	-69.998	
20	49.500	-69.998	
20	49.600	-69.998	
20	49.700	-69.998	
20	49.800	-69.998	
20	49.900	-69.998	
20	50.000	-69.998	
20	50.100	-69.998	
20	50.200	-69.998	
20	50.300	-69.998	
20	50.400	-69.998	
20	50.500	-69.998	
20	50.600	-69.998	
20	50.700	-69.998	
20	50.800	-69.998	
20	50.900	-69.998	
20	51.000	-69.998	
20	51.100	-69.998	
20	51.200	-69.998	
20	51.300	-69.998	
20	51.400	-69.998	
20	51.500	-69.998	
20	51.600	-69.998	
20	51.700	-69.998	
20	51.800	-69.998	
20	51.900	-69.998	
20	52.000	-69.998	
20	52.100	-69.998	
20	52.200	-69.998	
20	52.300	-69.998	
20	52.400	-69.998	
20	52.500	-69.998	
20	52.600	-69.998	
20	52.700	-69.998	
20	52.800	-69.998	
20	52.900	-69.998	
20	53.000	-69.998	
20	53.100	-69.998	
20	53.200	-69.998	
20	53.300	-69.998	
20	53.400	-69.998	
20	53.500	-69.998	
20	53.600	-69.998	
20	53.700	-69.998	
20	53.800	-69.998	
20	53.900	-69.998	
20	54.000	-69.998	
20	54.100	-69.998	
20	54.200	-69.998	
20	54.300	-69.998	
20	54.400	-69.998	
20	54.500	-69.998	
20	54.600	-69.998	
20	54.700	-69.998	
20	54.800	-69.998	
20	54.900	-69.998	
20	55.000	-69.998	
20	55.100	-69.998	
20	55.200	-69.998	
20	55.300	-69.998	
20	55.400	-69.998	
20	55.500	-69.998	
20	55.600	-69.998	
20	55.700	-69.998	
20	55.800	-69.998	
20	55.900	-69.998	
20	56.000	-69.998	
20	56.100	-69.998	
20	56.200	-69.998	
20	56.300	-69.998	
20	56.400	-69.998	
20	56.500	-69.998	
20	56.600	-69.998	
20	56.700	-69.998	
20	56.800	-69.998	
20	56.900	-69.998	
20	57.000	-69.998	
20	57.100	-69.998	
20	57.200	-69.998	
20	57.300	-69.998	
20	57.400	-69.998	
20	57.500	-69.998	
20	57.600	-69.998	
20	57.700	-69.998	
20	57.800	-69.998	
20	57.900	-69.998	
20	58.000	-69.998	
20	58.100	-69.998	
20	58.200	-69.998	
20	58.300	-69.998	
20	58.400	-69.998	
20	58.500	-69.998	
20	58.600	-69.998	
20	58.700	-69.998	
20	58.800	-69.998	
20	58.900	-69.998	
20	59.000	-69.998	
20	59.100	-69.998	
20	59.200	-69.998	
20	59.300	-69.998	
20	59.400	-69.998	
20	59.500	-69.998	
20	59.600	-69.998	
20	59.700	-69.998	
20	59.800	-69.998	
20	59.900	-69.998	
20	60.000	-69.998	
20	60.100	-69.998	
20	60.200	-69.998	
20	60.300	-69.998	
20	60.400	-69.998	
20	60.500	-69.998	
20	60.600	-69.998	
20	60.700	-69.998	
20	60.800	-69.998	
20	60.900	-69.998	
20	61.000	-69.998	
20	61.100	-69.998	
20	61.200	-69.998	
20	61.300	-69.998	
20	61.400	-69.998	
20	61.500	-69.998	
20	61.600	-69.998	
20	61.700	-69.998	
20	61.800	-69.998	
20	61.900	-69.998	
20	62.000	-69.998	
20	62.100	-69.998	
20	62.200	-69.998	
20	62.300	-69.998	
20	62.400	-69.998	
20	62.500	-69.998	
20	62.600	-69.998	
20	62.700	-69.998	
20	62.800	-69.998	
20	62.900	-69.998	
20	63.000	-69.998	
20	63.100	-69.998	
20	63.200	-69.998	
20	63.300	-69.998	
20	63.400	-69.998	
20	63.500	-69.998	
20	63.600	-69.998	
20	63.700	-69.998	
20	63.800	-69.998	
20	63.900	-69.998	
20	64.000	-69.998	
20	64.100	-69.998	
20	64.200	-69.998	
20	64.300	-69.998	
20	64.400	-69.998	
20	64.500	-69.998	
20	64.600	-69.998	
20	64.700	-69.998	
20	64.800	-69.998	
20	64.900	-69.998	
20	65.000	-69.998	
20	65.100	-69.998	
20	65.200	-69.998	
20	65.300	-69.998	
20	65.400	-69.998	
20	65.500	-69.998	
20	65.600	-69.998	
20	65.700	-69.998	
20	65.800	-69.998	
20	65.900	-69.998	
20	66.000	-69.998	
20	66.100	-69.998	
20	66.200	-69.998	
20	66.300	-69.998	
20	66.400	-69.998	
20	66.500	-69.998	
20	66.600	-69.998	
20	66.700	-69.998	
20	66.800	-69.998	
20	66.900	-69.998	
20	67.000	-69.998	
20	67.100	-69.998	
20	67.200	-69.998	
20	67.300	-69.998	
20	67.400	-69.998	
20	67.500	-69.998	
20	67.600	-69.998	
20	67.700	-69.998	
20	67.800	-69.998	
20	67.900	-69.998	
20	68.000	-69.998	
20	68.100	-69.998	
20	68.200	-69.998	
20	68.300	-69.998	
20	68.400	-69.998	
20	68.500	-69.998	
20	68.600	-69.998	
20	68.700	-69.998	
20	68.800	-69.998	
20	68.900	-69.998	
20	69.000	-69.998	
20	69.100	-69.998	
20	69.200	-69.998	
20	69.300	-69.998	
20	69.400	-69.998	
20	69.500	-69.998	
20	69.600	-69.998	
20	69.700	-69.998	
20	69.800	-69.998	
20	69.900	-69.998	
20	70.000	-69.998	
20	70.100	-69.998	
20	70.200	-69.998	
20	70.300	-69.998	
20	70.400	-69.998	
20	70.500	-69.998	
20	70.600	-69.998	
20	70.700	-69.998	
20	70.800	-69.998	
20	70.900	-69.998	
20	71.000	-69.998	
20	71.100	-69.998	
20	71.200	-69.998	
20	71.300	-69.998	
20	71.400	-69.998	
20	71.500	-69.998	
20	71.600	-69.998	
20	71.700	-69.998	
20	71.800	-69.998	
20	71.900	-69.998	
20	72.000	-69.998	
20	72.100	-69.998	
20	72.200	-69.998	
20	72.300	-69.998	
20	72.400	-69.998	
20	72.500	-69.998	
20	72.600	-69.998	
20	72.700	-69.998	
20	72.800	-69.998	
20	72.900	-69.998	
20	73.000	-69.998	
20	73.100	-69.998	
20	73.200	-69.998	
20	73.300	-69.998	
20	73.400	-69.998	
20	73.500	-69.998	
20	73.600	-69.998	
20	73.700	-69.998	
20	73.800	-69.998	
20	73.900	-69.998	
20	74.000	-69.998	
20	74.100	-69.998	
20	74.200	-69.998	
20	74.300	-69.998	
20	74.400	-69.998	
20	74.500	-69.998	
20	74.600	-69.998	
20	74.700	-69.998	
20	74.800	-69.998	
20	74.900	-69.998	
20	75.000	-69.998	
20	75.100	-69.998	
20	75.200	-69.998	
20	75.300	-69.998	
20	75.400	-69.998	
20	75.500	-69.998	
20	75.600	-69.998	
20	75.700	-69.998	
20	75.800	-69.998	
20	75.900	-69.998	
20	76.000	-69.998	
20	76.100	-69.998	
20	76.200	-69.998	
20	76.300	-69.998	
20	76.400	-69.998	
20	76.500	-69.998	
20	76.600	-69.998	
20	76.700	-69.998	
20	76.800	-69.998	
20	76.900	-69.998	
20	77.000	-69.998	
20	77.100	-69.998	
20	77.200	-69.998	
20	77.300	-69.998	
20	77.400	-69.998	
20	77.500	-69.998	
20	77.600	-69.998	
20	77.700	-69.998	
20	77.800	-69.998	
20	77.900	-69.998	
20	78.000	-69.998	
20	78.100	-69.998	
20	78.200	-69.998	
20	78.300	-69.998	
20	78.400	-69.998	
20	78.500	-69.998	
20	78.600	-69.998	
20	78.700	-69.998	
20	78.800	-69.998	
20	78.900	-69.998	
20	79.000	-69.998	
20	79.100	-69.998	
20	79.200	-69.998	
20	79.300	-69.998	
20	79.400	-69.998	
20	79.500	-69.998	
20	79.600	-69.998	
20	79.700	-69.998	
20	79.800	-69.998	
20	79.900	-69.998	
20	80.000	-69.998	
20	80.100	-69.998	
20	80.200	-69.998	
20	80.300	-69.998	
20	80.400	-69.998	
20	80.500	-69.998	
20	80.600	-69.998	
20	80.700	-69.998	
20	80.800	-69.998	
20	80.900	-69.998	
20	81.000	-69.998	
20	81.100	-69.998	
20	81.200	-69.998	
20	81.300	-69.998	
20	81.400	-69.998	
20	81.500	-69.998	
20	81.600	-69.998	
20	81.700	-69.998	
20	81.800	-69.998	
20	81.900	-69.998	
20	82.000	-69.998	
20	82.100	-69.998	
20	82.200	-69.998	
20	82.300	-69.998	
20	82.400	-69.998	
20	82.500	-69.998	
20	82.600	-69.998	
20	82.700	-69.998	
20	82.800	-69.998	
20	82.900	-69.998	
20	83.000	-69.998	
20	83.100	-69.998	
20	83.200	-69.998	
20	83.300	-69.998	
20	83.400	-69.998	
20	83.500	-69.998	
20	83.600	-69.998	
20	83.700	-69.998	
20	83.800	-69.998	
20	83.900	-69.998	
20	84.000	-69.998	
20	84.100	-69.998	
20	84.200	-69.998	
20	84.300	-69.998	
20	84.400	-69.998	
20	84.500	-69.998	
20	84.600	-69.998	
20	84.700	-69.998	
20	84.800	-69.998	
20	84.900	-69.998	
20	85.000	-69.998	
20	85.100	-69.998	
20	85.200	-69.998	
20	85.300	-69.998	
20	85.400	-69.998	
20	85.500	-69.998	
20	85.600	-69.998	
20	85.700	-69.998	
20	85.800	-69.998	
20	85.900	-69.998	
20	86.000	-69.998	
20	86.100	-69.998	
20	86.200	-69.998	
20	86.300	-69.998	
20	86.400	-69.998	
20	86.500	-69.998	
20	86.600	-69.998	
20	86.700	-69.998	
20	86.800	-69.998	
20	86.900	-69.998	
20	87.000	-69.998	
20	87.100	-69.998	
20	87.200	-69.998	
20	87.300	-69.998	
20	87.400	-69.998	
20	87.500	-69.998	
20	87.600	-69.998	
20	87.700	-69.998	
20	87.800	-69.998	
20	87.900	-69.998	
20	88.000	-69.998	
20	88.100	-69.998	
20	88.200	-69.998	
20	88.300	-69.998	
20	88.400	-69.998	
20	88.500	-69.998	
20	88.600	-69.998	
20	88.700	-69.998	
20	88.800	-69.998	
20	88.900	-69.998	
20	89.000	-69.998	
20	89.100	-69.998	
20	89.200	-69.998	
20	89.300	-69.998	
20	89.400	-69.998	
20	89.500	-69.998	
20	89.600	-69.998	
20	89.700	-69.998	
20	89.800	-69.998	
20	89.900	-69.998	
20	90.000	-69.998	
20	90.100	-69.998	
20	90.200	-69.998	
20	90.300	-69.998	
20	90.400	-69.998	
20	90.500	-69.998	
20	90.600	-69.998	
20	90.700	-69.998	
20	90.800	-69.998	
20	90.900	-69.998	
20	91.000	-69.998	
20	91.100	-69.998	
20	91.200	-69.998	
20	91.300	-69.998	
20	91.400	-69.998	
20	91.500	-69.998	
20	91.600	-69.998	
20	91.700	-69.998	
20	91.800	-69.998	
20	91.900	-69.998	
20	92.000	-69.998	
20	92.100	-69.998	
20	92.200	-69.998	
20	92.300	-69.998	
20	92.400	-69.998	
20	92.500	-69.998	
20	92.600	-69.998	
20	92.700	-69.998	
20	92.800	-69.998	
20	92.900	-69.998	
20	93.000	-69.998	
20	93.100	-69.998	
20	93.200	-69.998	
20	93.300	-69.998	
20	93.400	-69.998	
20	93.500	-69.998	
20	93.600	-69.998	
20	93.700	-69.998	
20	93.800	-69.998	
20	93.900	-69.998	
20	94.000	-69.998	
20	94.100	-69.998	
20	94.200	-69.998	
20	94.300	-69.998	
20	94.400	-69.998	
20	94.500	-69.998	
20	94.600	-69.998	
20	94.700	-69.998	
20	94.800	-69.998	
20	94.900	-69.998	
20	95.000	-69.998	
20	95.100	-69.998	
20	95.200	-69.998	
20	95.300	-69.998	
20	95.400	-69.998	
20	95.500	-69.998	
20	95.600	-69.998	
20	95.700	-69.998	
20	95.800	-69.998	
20	95.900	-69.998	
20	96.000	-69.998	
20	96.100	-69.998	
20	96.200	-69.998	
20	96.300	-69.998	
20	96.400	-69.998	
20	96.500	-69.998	
20	96.600	-69.998	
20	96.700	-69.998	
20	96.800	-69.998	
20	96.900	-69.998	
20	97.000	-69.998	
20	97.100	-69.998	
20	97.200	-69.998	
20	97.300	-69.998	
20	97.400	-69.998	
20	97.500	-69.998	
20	97.600	-69.998	
20	97.700	-69.998	
20	97.800	-69.998	
20	97.900	-69.998	
20	98.000	-69.998	
20	98.100	-69.998	
20	98.200	-69.998	
20	98.300	-69.998	
20	98.400	-69.998	
20	98.500	-69.998	
20	98.600	-69.998	
20	98.700	-69.998	
20	98.800	-69.998	
20	98.900	-69.998	
20	99.000	-69.998	
20	99.100	-69.998	
20	99.200	-69.998	
20	99.300	-69.998	
20	99.400	-69.998	
20	99.500	-69.998	
20	99.600	-69.998	
20	99.700	-69.998	
20	99.800	-69.998	
20	99.900	-69.998	
20	100.000	-69.998	
20	100.100	-69.998	
20	100.200	-69.998	
20	100.300	-69.998	
20	100.400	-69.998	
20	100.500	-69.998	
20	100.600	-69.998	
20	100.700	-69.998	
20	100.800	-69.998	
20	100.900	-69.998	
20	101.000	-69.998	
20	101.100	-69.998	
20	101.200	-69.998	
20	101.300	-69.998	
20	101.400	-69.998	
20	101.500	-69.998	
20	101.600	-69.998	
20	101.700	-69.998	
20	101.800	-69.998	
20	101.900	-69.998	
20	102.000	-69.998	
20	102.100	-69.998	
20	102.200	-69.998	
20	102.300	-69.998	
20	102.400	-69.998	
20	102.500	-69.998	
20	102.600	-69.998	
20	102.700	-69.998	
20	102.800	-69.998	
20	102.900	-69.998	
20	103.000	-69.998	
20	103.100	-69.998	
20	103.200	-69.998	
20	103.300	-69.998	
20	103.400	-69.998	
20	103.500	-69.998	
20	103.600	-69.998	
20	103.700	-69.998	
20	103.800	-69.998	
20	103.900	-69.998	
20	104.000	-69.998	
20	104.100	-69.998	
20	104.200	-69.998	
20	104.300	-69.998	
20	104.400	-69.998	
20	104.500	-69.998	
20	104.600	-69.998	
20	104.700	-69.998	
20	104.800	-69.998	
20	104.900	-69.998	
20	105.000	-69.998	
20	105.100	-69.998	
20	105.200	-69.998	
20	105.300	-69.998	
20	105.400	-69.998	
20	105.500	-69.998	
20	105.600	-69.998	
20	105.700	-69.998	
20	105.800	-69.998	
20	105.900	-69.998	
20	106.000	-69.998	
20	106.100	-69.998	
20	106.200	-69.998	
20	106.300	-69.998	
20	106.400	-69.998	
20	106.500	-69.998	
20	106.600	-69.998	
20	106.700	-69.998	
20	106.800	-69.998	
20	106.900	-69.998	
20	107.000	-69.998	
20	107.100	-69.998	
20	107.200	-69.998	
20	107.300	-69.998	
20	107.400	-69.998	
20	107.500	-69.998	
20	107.600	-69.998	
20	107.700	-69.998	
20	107.800	-69.998	
20	107.900	-69.998	
20	108.000	-69.998	
20	108.100	-69.998	
20	108.200	-69.998	
20	108.300	-69.998	
20	108.400	-69.998	
20	108.500	-69.998	
20	108.600	-69.998	
20	108.700	-69.998	
20	108.800	-69.998	
20	108.900	-69.998	
20	109.000	-69.998	
20	109.100	-69.998	
20	109.200	-69.998	
20	109.300	-69.998	
20	109.400	-69.998	
20	109.500	-69.998	
20	109.600	-69.998	
20	109.700	-69.998	
20	109.800	-69.998	
20	109.900	-69.998	
20	110.000	-69.998	
20	110.100	-69.998	
20	110.200	-69.998	
20	110.300	-69.998	
20	110.400	-69.998	
20	110.500	-69.998	
20	110.600	-69.998	
20	110.700	-69.998	
20	110.800	-69.998	
20	110.900	-69.998	
20	111.000	-69.998	
20	111.100	-69.998	
20	111.200	-69.998	
20	111.300	-69.998	
20	111.400	-69.998	
20	111.500	-69.998	
20	111.600	-69.998	
20	111.700	-69.998	
20	111.800	-69.998	
20	111.900	-69.998	
20	112.000	-69.998	
20	112.100	-69.998	
20	112.200	-69.998	
20	112.300	-69.998	
20	112.400	-69.998	
20	112.500	-69.998	
20	112.600	-69.998	
20	112.700	-69.998	
20	112.800	-69.998	
20	112.900	-69.998	
20	113.000	-69.998	
20	113.100	-69.998	
20	113.200	-69.998	
20	113.300	-69.998	
20	113.400	-69.998	
20	113.500	-69.998	
20	113.600	-69.998	
20	113.700	-69.998	
20	113.800	-69.998	
20	113.900	-69.998	
20	114.000	-69.998	
20	114.100	-69.998	
20	114.200	-69.998	
20	114.300	-69.998	
20	114.400	-69.998	
20	114.500	-69.998	
20	114.600	-69.998	
20	114.700	-69.998	
20	114.800	-69.998	
20	114.900	-69.998	
20	115.000	-69.998	
20	115.100	-69.998	
20	115.200	-69.998	
20	115.300	-69.998	
20	115.400	-69.998	
20	115.500	-69.998	
20	115.600	-69.998	
20	115.700	-69.998	
20	115.800	-69.998	
20	115.900	-69.998	
20	116.000	-69.998	
20	116.100	-69.998	
20	116.200	-69.998	
20	116.300	-69.998	
20	116.400	-69.998	
20	116.500	-69.998	
20	116.600	-69.998	
20	116.700	-69.998	
20	116.800	-69.998	
20	116.900	-69.998	
20	117.000	-69.998	
20	117.100	-69.998	
20	117.200	-69.998	
20	117.300	-69.998	
20	117.400	-69.998	
20	117.500	-69.998	
20	117.600	-69.998	
20	117.700	-69.998	
20	117.800	-69.998	
20	117.900	-69.998	
20	118.000	-69.998	
20	118.100	-69.998	
20	118.200	-69.998	
20	118.300	-69.998	
20	118.400	-69.998	
20	118.500	-69.998	
20	118.600	-69.998	
20	118.700	-69.998	
20	118.800	-69.998	
20	118.900	-69.998	
20	119.000	-69.998	
20	119.100	-69.998	
20	119.200	-69.998	
20	119.300	-69.998	
20	119.400	-69.998	
20	119.500	-69.998	
20	119.600	-69.998	
20	119.700	-69.998	
20	119.800	-69.998	
20	119.900	-69.998	
20	120.000	-69.998	
20	120.100	-69.998	
20	120.200	-69.998	
20	120.300	-69.998	
20	120.400	-69.998	
20	120.500	-69.998	
20	120.600	-69.998	
20	120.700	-69.998	
20	120.800	-69.998	
20	120.900	-69.998	
20	121.000	-69.998	
20	121.100	-69.998	
20	121.200	-69.998	
20	121.300	-69.998	
20	121.400	-69.998	
20	121.500	-69.998	
20	121.600	-69.998	
20	121.700	-69.998	
20	121.800	-69.998	
20	121.900	-69.998	
20	122.000	-69.998	
20	122.100	-69.998	
20	122.200	-69.998	
20	122.300	-69.998	
20	122.400	-69.998	
20	122.500	-69.998	
20	122.600	-69.998	
20	122.700	-69.998	
20	122.800	-69.998	
20	122.900	-69.998	
20	123.000	-69.998	
20	123.100	-69.998	
20	123.200	-69.998	
20	123.300	-69.998	
20	123.400	-69.998	
20	123.500	-69.998	
20	123.600	-69.998	
20	123.700	-69.998	
20	123.800	-69.998	
20	123.900	-69.998	
20	124.000	-69.998	
20	124.100	-69.998	
20	124.200	-69.998	
20	124.300	-69.998	
20	124.400	-69.998	
20	124.500	-69.998	
20	124.600	-69.998	
20	124.700	-69.998	
20	124.800	-69.998	
20	124.900	-69.998	
20	125.000	-69.998	
20	125.100	-69.998	
20	125.200	-69.998	
20	125.300	-69.998	
20	125.400	-69.998	
20	125.500	-69.998	
20	125.600	-69.998	
20	125.700	-69.998	
20	125.800	-69.998	
20	125.900	-69.998	
20	126.000	-69.998	
20	126.100	-69.998	
20	126.200	-69.998	
20	126.300	-69.998	
20	126.400	-69.998	
20	126.500	-69.998	
20	126.600	-69.998	
20	126.700	-69.998	
20	126.800	-69.998	
20	126.900	-69.998	
20	127.000	-69.998	
20	127.100	-69.998	
20	127.200	-69.998	
20	127.300	-69.998	
20	127.400	-69.998	
20	127.500	-69.998	
20	127.600	-69.998	
20	127.700	-69.998	
20	127.800	-69.998	
20	127.900	-69.998	
20	128.000	-69.998	
20	128.100	-69.998	
20	128.200	-69.998	
20	128.300	-69.998	
20	128.400	-69.998	
20	128.500	-69.998	
20	128.600	-69.998	
20	128.700	-69.998	
20	128.800	-69.998	
20	128.900	-69.998	
20	129.000	-69.998	
20	129.100	-69.998	
20	129.200	-69.998	
20	129.300	-69.998	
20	129.400	-69.998	
20	129.500	-69.998	
20	129.600	-69.998	
20	129.700	-69.998	
20	129.800	-69.998	
20	129.900	-69.998	
20	130.000	-69.998	
20	130.100	-69.998	
20	130.200	-69.998	
20	130.300	-69.998	
20	130.400	-69.998	
20	130.500	-69.998	
20	130.600	-69.998	
20	130.700	-69.998	
20	130.800	-69.998	
20	130.900	-69.998	
20	131.000	-69.998	
20	131.100	-69.998	
20	131.200	-69.998	
20	131.300	-69.998	
20	131.400	-69.998	
20	131.500	-69.998	
20	131.600	-69.998	
20	131.700	-69.998	
20	131.800	-69.998	
20	131.900	-69.998	
20	132.000	-69.998	
20	132.100	-69.998	
20	132.200	-69.998	
20	132.300	-69.998	
20	132.400	-69.998	
20	132.500	-69.998	
20	132.600	-69.998	
20	132.700	-69.998	
20	132.800	-69.998	
20	132.900	-69.998	
20	133.000	-69.998	
20	133.100	-69.998	
20	133.200	-69.998	
20	133.300	-69.998	
20	133.400	-69.998	
20	133.500	-69.998	
20	133.600	-69.998	
20	133.700	-69.998	
20	133.800	-69.998	
20	133.900	-69.998	
20	134.000	-69.998	
20	134.100	-69.998	
20	134.200	-69.998	
20	134.300	-69.998	
20	134.400	-69.998	
20	134.500	-69.998	
20	134.600	-69.998	
20	134.700	-69.998	
20	134.800	-69.998	
20	134.900	-69.998	
20	135.000	-69.998	
20	135.100	-69.998	
20	135.200	-69.998	
20	135.300	-69.998	
20	135.400	-69.998	
20	135.500	-69.998	
20	135.600	-69.998	
20	135.700	-69.998	
20	135.800	-69.998	
20	135.900	-69.998	
20	136.000	-69.998	
20	136.100	-69.998	
20	136.200	-69.998	
20	136.300	-69.998	
20	136.400	-69.998	
20	136.500	-69.998	
20	136.600	-69.998	
20	136.700	-69.998	
20	136.800	-69.998	
20	136.900	-69.998	
20	137.000	-69.998	
20	137.100	-69.998	
20	137.200	-69.998	
20	137.300	-69.998	
20	137.400	-69.998	
20	137.500	-69.998	
20	137.600	-69.998	
20	137.700	-69.998	
20	137.800	-69.998	
20	137.900	-69.998	
20	138.000	-69.998	
20	138.100	-69.998	
20	138.200	-69.998	
20	138.300	-69.998	
20	138.400	-69.998	
20	138.500	-69.998	
20	138.600	-69.998	
20	138.700	-69.998	
20	138.800	-69.998	
20	138.900	-69.998	
20	139.000	-69.998	
20	139.100	-69.998	
20	139.200	-69.998	
20	139.300	-69.998	
20	139.400	-69.998	
20	139.500	-69.998	
20	139.600	-69.998	
20	139.700	-69.998	
20	139.800	-69.998	
20	139.900	-69.998	
20	140.000	-69.998	
20	140.100	-69.998	
20	140.200	-69.998	
20	140.300	-69.998	
20	140.400	-69.998	
20	140.500	-69.998	
20	140.600	-69.998	
20	140.700	-69.998	
20	140.800	-69.998	
20	140.900	-69.998	
20	141.000	-69.998	
20	141.100	-69.998	
20	141.200	-69.998	
20	141.300	-69.998	
20	141.400	-69.998	
20	141.500	-69.998	
20	141.600	-69.998	
20	141.700	-69.998	
20	141.800	-69.998	
20	141.900	-69.998	
20	142.000	-69.998	
20	142.100	-69.998	
20	142.200	-69.998	
20	142.300	-69.998	
20	142.400	-69.998	
20	142.500	-69.998	
20	142.600	-69.998	
20	142.700	-69.998	
20	142.800	-69.998	
20	142.900	-69.998	
20	143.000	-69.998	
20	143.100	-69.998	
20	143.200	-69.998	
20	143.300	-69.998	
20	143.400	-69.998	
20	143.500	-69.998	
20	143.600	-69.998	
20	143.700	-69.998	
20	143.800	-69.998	
20	143.900	-69.998	
20	144.000	-69.998	
20	144.100	-69.998	
20	144.200	-69.998	
20	144.300	-69.998	
20	144.400	-69.998	
20	144.500	-69.998	
20	144.600	-69.998	
20	144.700	-69.998	
20	144.800	-69.998	
20	144.900	-69.998	
20	145.000	-69.998	
20	145.100	-69.998	
20	145.200	-69.998	
20	145.300	-69.998	
20	145.400	-69.998	
20	145.500	-69.998	
20	145.600	-69.998	
20	145.700	-69.998	
20	145.800	-69.998	
20	145.900	-69.998	
20	146.000	-69.998	
20	146.100	-69.998	
20	146.200	-69.998	
20	146.300	-69.998	
20	146.400	-69.998	
20	146.500	-69.998	
20	146.600	-69.998	
20	146.700	-69.998	
20	146.800	-69.998	
20	146.900	-69.998	
20	147.000	-69.998	
20	147.100	-69.998	
20	147.200	-69.998	
20	147.300	-69.998	
20	147.400	-69.998	
20	147.500	-69.998	
20	147.600	-69.998	
20	147.700	-69.998	
20	147.800	-69.998	
20	147.900	-69.998	
20	148.000	-69.998	
20	148.100	-69.998	
20	148.200	-69.998	
20	148.300	-69.998	
20	148.400	-69.998	
20	148.500	-69.998	
20	148.600	-69.998	
20	148.700	-69.998	
20	148.800	-69.998	
20	148.900	-69.998	
20	149.000	-69.998	
20	149.100	-69.998	
20	149.200	-69.998	
20	149.300	-69.998	
20	149.400	-69.998	
20	149.500	-69.998	
20	149.600	-69.998	
20	149.700	-69.998	
20	149.800	-69.998	
20	149.900	-69.998	
20	150.000	-69.998	
20	150.100	-69.998	
20	150.200	-69.998	
20	150.300	-69.998	
20	150.400	-69.998	
20	150.500	-69.998	
20	150.600	-69.998	
20	150.700	-69.998	
20	150.800	-69.998	
20	150.900	-69.998	
20	151.000	-69.998	
20	151.100	-69.998	
20	151.200	-69.998	
20	151.300	-69.998	
20	151.400	-69.998	
20	151.500	-69.998	
20	151.600	-69.998	
20	151.700	-69.998	
20	151.800	-69.998	
20	151.900	-69.998	
20	152.000	-69.998	
20	152.100	-69.998	
20	152.200	-69.998	
20	152.300	-69.998	
20	152.400	-69.998	
20	152.500	-69.998	
20	152.600	-69.998	
20	152.700	-69.998	
20	152.800	-69.998	
20	152.900	-69.998	
20	153.000	-69.998	
20	153.100	-69.998	
20	153.200	-69.998	
20	153.300	-69.998	
20	153.400	-69.998	
20	153.500	-69.998	
20	153.600	-69.998	
20	153.700	-69.998	
20	153.800	-69.998	
20	153.900	-69.998	
20	154.000	-69.998	
20	154.100	-69.998	
20	154.200	-69.998	
20	154.300	-69.998	
20	154.400	-69.998	
20	154.500	-69.998	
20	154.600	-69.998	
20	154.700	-69.998	
20	154.800	-69.998	
20	154.900	-69.998	
20	155.000	-69.998	
20	155.100	-69.998	
20	155.200	-69.998	
20	155.300	-69.998	
20	155.400	-69.998	
20	155.500	-69.998	
20	155.600	-69.998	
20	155.700	-69.998	
20	155.800	-69.998	
20	155.900	-69.998	
20	156.000	-69.998	
20	156.100	-69.998	
20	156.200	-69.998	
20	156.300	-69.998	
20	156.400	-69.998	
20	156.500	-69.998	
20	156.600	-69.998	
20	156.700	-69.998	
20	156.800	-69.998	
20	156.900	-69.998	
20	157.000	-69.998	
20	157.100	-69.998	
20	157.200	-69.998	
20	157.300	-69.998	
20	157.400	-69.998	
20	157.500	-69.998	
20	157.600	-69.998	
20	157.700	-69.998	
20	157.800	-69.998	
20	157.900	-69.998	
20	158.000	-69.998	
20	158.100	-69.998	
20	158.200	-69.998	
20	158.300	-69.998	
20	158.400	-69.998	
20	158.500	-69.998	
20	158.600	-69.998	
20	158.700	-69.998	
20	158.800	-69.998	
20	158.900	-69.998	
20	159.000	-69.998	
20	159.100	-69.998	
20	159.200	-69.998	
20	159.300	-69.998	
20	159.400	-69.998	
20	159.500	-69.998	
20	159.600	-69.998	
20	159.700	-69.998	
20	159.800	-69.998	
20	159.900	-69.998	
20	160.000	-69.998	
20	160.100	-69.998	
20	160.200	-69.998	
20	160.300	-69.998	
20	160.400	-69.998	
20	160.500	-69.998	
20	160.600	-69.998	
20	160.700	-69.998	
20	160.800	-69.998	
20	160.900	-69.998	
20	161.000	-69.998	
20	161.100	-69.998	
20	161.200	-69.998	
20	161.300	-69.998	
20	161.400	-69.998	
20	161.500	-69.998	
20	161.600	-69.998	
20	161.700	-69.998	
20	161.800	-69.998	
20	161.900	-69.998	
20	162.000	-69.998	
20	162.100	-69.998	
20	162.200	-69.998	
20	162.300	-69.998	
20	162.400	-69.998	
20	162.500	-69.998	
20	162.600	-69.998	
20	162.700	-69.998	
20	162.800	-69.998	
20	162.900	-69.998	
20	163.000	-69.998	
20	163.100	-69.998	
20	163.200	-69.998	
20	163.300	-69.998	
20	163.400	-69.998	
20	163.500	-69.998	
20	163.600	-69.998	
20	163.700	-69.998	
20	163.800	-69.998	
20	163.900	-69.998	
20	164.000	-69.998	
20	164.100	-69.998	
20	164.200	-69.998	
20	164.300	-69.998	
20	164.400	-69.998	
20	164.500	-69.998	
20	164.600	-69.998	
20	164.700	-69.998	
20	164.800	-69.998	
20	164.900	-69.998	
20	165.000	-69.998	
20	165.100	-69.998	
20	165.200	-69.998	
20	165.300	-69.998	
20	165.400	-69.998	
20	165.500	-69.998	
20	165.600	-69.998	
20	165.700	-69.998	
20	165.800	-69.998	
20	165.900	-69.998	
20	166.000	-69.998	
20	166.100	-69.998	
20	166.200	-69.998	
20	166.300	-69.998	
20	166.400	-69.998	
20	166.500	-69.998	
20	166.600	-69.998	
20	166.700	-69.998	
20	166.800	-69.998	
20	166.900	-69.998	
20	167.000	-69.998	
20	167.100	-69.998	
20	167.200	-69.998	
20	167.300	-69.998	
20	167.400	-69.998	
20	167.500	-69.998	
20	167.600	-69.998	
20	167.700	-69.998	
20	167.800	-69.998	
20	167.900	-69.998	
20	168.000	-69.998	
20	168.100	-69.998	
20	168.200	-69.998	
20	168.300	-69.998	
20	168.400	-69.998	
20	168.500	-69.998	
20	168.600	-69.998	
20	168.700	-69.998	
20	168.800	-69.998	
20	168.900	-69.998	
20	169.000	-69.998	
20	169.100	-69.998	
20	169.200	-69.998	
20	169.300	-69.998	
20	169.400	-69.998	
20	169.500	-69.998	
20	169.600	-69.998	
20	169.700	-69.998	
20	169.800	-69.998	
20	169.900	-69.998	
20	170.000	-69.998	
20	170.100	-69.998	
20	170.200	-69.998	
20	170.300	-69.998	
20	170.400	-69.998	
20	170.500	-69.998	
20	170.600	-69.998	
20	170.700	-69.998	
20	170.800	-69.998	
20	170.900	-69.998	
20	171.000	-69.998	
20	171.100	-69.998	
20	171.200	-69.998	
20	171.300	-69.998	
20	171.400	-69.998	
20	171.500	-69.998	
20	171.600	-69.998	
20	171.700	-69.998	
20	171.800	-69.998	
20	171.900	-69.998	
20	172.000	-69.998	
20	172.100	-69.998	
20	172.200	-69.998	
20	172.300	-69.998	
20	172.400	-69.998	
20	172.500	-69.998	
20	172.600	-69.998	
20	172.700	-69.998	
20	172.800	-69.998	
20	172.900	-69.998	
20	173.000	-69.998	
20	173.100	-69.998	
20	173.200	-69.998	
20	173.300	-69.998	
20	173.400	-69.998	
20	173.500	-69.998	
20	173.600	-69.998	
20	173.700	-69.998	
20	173.800	-69.998	
20	173.900	-69.998	
20	174.000	-69.998	
20	174.100	-69.998	
20	174.200	-69.998	
20	174.300	-69.998	
20	174.400	-69.998	
20	174.500	-69.998	
20	174.600	-69.998	
20	174.700	-69.998	
20	174.800	-69.998	
20	174.900	-69.998	
20	175.000	-69.998	
20	175.100	-69.998	
20	175.200	-69.998	
20	175.300	-69.998	
20	175.400	-69.998	
20	175.500	-69.998	
20	175.600	-69.998	
20	175.700	-69.998	
20	175.800	-69.998	
20	175.900	-69.998	
20	176.000	-69.998	
20	176.100	-69.998	
20	176.200	-69.998	
20	176.300	-69.998	
20	176.400	-69.998	
20	176.500	-69.998	
20	176.600	-69.998	
20	176.700	-69.998	
20	176.800	-69.998	
20	176.900	-69.998	
20	177.000	-69.998	
20	177.100	-69.998	
20	177.200	-69.998	
20	177.300	-69.998	
20	177.400	-69.998	
20	177.500	-69.998	
20	177.600	-69.998	
20	177.700	-69.998	
20	177.800	-69.998	
20	177.900	-69.998	
20	178.000	-69.998	
20	178.100	-69.998	
20	178.200	-69.998	
20	178.300	-69.998	
20	178.400	-69.998	
20	178.500	-69.998	
20	178.600	-69.998	
20	178.700	-69.998	
20	178.800	-69.998	
20	178.900	-69.998	
20	179.000	-69.998	
20	179.100	-69.998	
20	179.200	-69.998	
20	179.300	-69.998	
20	179.400	-69.998	
20	179.500	-69.998	
20	179.600	-69.998	
20	179.700	-69.998	
20	179.800	-69.998	
20	179.900	-69.998	
20	180.000	-69.998	
20	180.100	-69.998	
20	180.200	-69.998	
20	180.300	-69.998	
20	180.400	-69.998	
20	180.500	-69.998	
20	180.600	-69.998	
20	180.700	-69.998	
20	180.800	-69.998	
20	180.900	-69.998	
20	181.000	-69.998	
20	181.100	-69.998	
20	181.200	-69.998	
20	181.300	-69.998	
20	181.400	-69.998	
20	181.500	-69.998	
20	181.600	-69.998	
20	181.700	-69.998	
20	181.800	-69.998	
20	181.900	-69.998	
20	182.000	-69.998	
20	182.100	-69.998	
20	182.200	-69.998	
20	182.300	-69.998	
20	182.400	-69.998	
20	182.500	-69.998	
20	182.600	-69.998	
20	182.700	-69.998	
20	182.800	-69.998	
20	182.900	-69.998	
20	183.000	-69.998	
20	183.100	-69.998	
20	183.200	-69.998	
20	183.300	-69.998	
20	183.400	-69.998	
20	183.500	-69.998	
20	183.600	-69.998	
20	183.700	-69.998	
20	183.800	-69.998	
20	183.900	-69.998	
20	184.000	-69.998	
20	184.100	-69.998	
20	184.200	-69.998	
20	184.300	-69.998	
20	184.400	-69.998	
20	184.500	-69.998	
20	184.600	-69.998	
20	184.700	-69.998	
20	184.800	-69.998	
20	184.900	-69.998	
20	185.000	-69.998	
20	185.100	-69.998	
20	185.200	-69.998	
20	185.300	-69.998	
20	185.400	-69.998	
20	185.500	-69.998	
20	185.600	-69.998	
20	185.700	-69.998	
20	185.800	-69.998	
20	185.900	-69.998	
20	186.000	-69.998	
20	186.100	-69.998	
20	186.200	-69.998	
20	186.300	-69.998	
20	186.400	-69.998	
20	186.500	-69.998	
20	186.600	-69.998	
20	186.700	-69.998	
20	186.800	-69.998	
20	186.900	-69.998	
20	187.000	-69.998	
20	187.100	-69.998	
20	187.200	-69.998	
20	187.300	-69.998	
20	187.400	-69.998	
20	187.500	-69.998	
20	187.600	-69.998	
20	187.700	-69.998	
20	187.800	-69.998	
20	187.900	-69.998	
20	188.000	-69.998	
20	188.100	-69.998	
20	188.200	-69.998	
20	188.300	-69.998	
20	188.400	-69.998	
20	188.500	-69.998	
20	188.600	-69.998	
20	188.700	-69.998	
20	188.800	-69.998	
20	188.900	-69.998	
20	189.000	-69.998	
20	189.100	-69.998	
20	189.200	-69.998	
20	189.300	-69.998	
20	189.400	-69.998	
20	189.500	-69.998	
20	189.600	-69.998	
20	189.700	-69.998	
20	189.800	-69.998	
20	189.900	-69.998	
20	190.000	-69.998	
20	190.100	-69.998	
20	190.200	-69.998	
20	190.300	-69.998	
20	190.400	-69.998	
20	190.500	-69.998	
20	190.600	-69.998	
20	190.700	-69.998	
20	190.800	-69.998	
20	190.900	-69.998	
20	191.000	-69.998	
20	191.100	-69.998	
20	191.200	-69.998	
20	191.300	-69.998	
20	191.400	-69.998	
20	191.500	-69.998	
20	191.600	-69.998	
20	191.700	-69.998	
20	191.800	-69.998	
20	191.900	-69.998	
20	192.000	-69.998	
20	192.100	-69.998	
20	192.200	-69.998	
20	192.300	-69.998	
20	192.400	-69.998	
20	192.500	-69.998	
20	192.600	-69.998	
20	192.700	-69.998	
20	192.800	-69.998	
20	192.900	-69.998	
20	193.000	-69.998	
20	193.100	-69.998	
20	193.200	-69.998	
20	193.300	-69.998	
20	193.400	-69.998	
20	193.500	-69.998	
20	193.600	-69.998	
20	193.700	-69.998	
20	193.800	-69.998	
20	193.900	-69.998	
20	194.000	-69.998	
20	194.100	-69.998	
20	194.200	-69.998	
20	194.300	-69.998	
20	194.400	-69.998	
20	194.500	-69.998	
20	194.600	-69.998	
20	194.700	-69.998	
20	194.800	-69.998	
20	194.900	-69.998	
20	195.000	-69.998	
20	195.100	-69.998	
20	195.200	-69.998	
20	195.300	-69.998	
20	195.400	-69.998	
20	195.500	-69.998	
20	195.600	-69.998	
20	195.700	-69.998	
20	195.800	-69.998	
20	195.900	-69.998	
20	196.000	-69.998	
20	196.100	-69.998	
20	196.200	-69.998	
20	196.300	-69.998	
20	196.400	-69.998	
20	196.500	-69.998	
20	196.600	-69.998	
20	196.700	-69.998	
20	196.800	-69.998	
20	196.900	-69.998	
20	197.000	-69.998	
20	197.100	-69.998	
20	197.200	-69.998	
20	197.300	-69.998	
20	197.400	-69.998	
20	197.500	-69.998	
20	197.600	-69.998	
20	197.700	-69.998	
20	197.800	-69.998	
20	197.900	-69.998	
20	198.000	-69.998	
20	198.100	-69.998	
20	198.200	-69.998	
20	198.300	-69.998	
20	198.400	-69.998	
20	198.500	-69.998	
20	198.600	-69.998	
20	198.700	-69.998	
20	198.800	-69.998	
20	198.900	-69.998	
20	199.000	-69.998	
20	199.100	-69.998	
20	199.200	-69.998	
20	199.300	-69.998	
20	199.400	-69.998	
20	199.500	-69.998	
20	199.600	-69.998	
20	199.700	-69.998	
20	199.800	-69.998	
20	199.900	-69.998	
20	200.000	-69.998	
20	200.100	-69.998	
20	200.200	-69.998	
20	200.300	-69.998	
20	200.400	-69.998	
20	200.500	-69.998	
20	200.600	-69.998	
20	200.700	-69.998	
20	200.800	-69.998	
20	200.900	-69.998	
20	201.000	-69.998	
20	201.100	-69.998	
20	201.200	-69.998	
20	201.300	-69.998	
20	201.400	-69.998	
20	201.500	-69.998	
20	201.600	-69.998	
20	201.700	-69.998	
20	201.800	-69.998	
20	201.900	-69.998	
20	202.000	-69.998	
20	202.100	-69.998	
20	202.200	-69.998	
20	202.300	-69.998	
20	202.400	-69.998	
20	202.500	-69.998	
20	202.600	-69.998	
20	202.700	-69.998	
20	202.800	-69.998	
20	202.900	-69.998	
20	203.000	-69.998	
20	203.100	-69.998	
20	203.200	-69.998	
20	203.300	-69.998	
20	203.400	-69.998	
20	203.500	-69.998	
20	203.600	-69.998	
20	203.700	-69.998	
20	203.800	-69.998	
20	203.900	-69.998	
20	204.000	-69.998	
20	204.100	-69.998	
20	204.200	-69.998	
20	204.300	-69.998	
20	204.400	-69.998	
20	204.500	-69.998	
20	204.600	-69.998	
20	204.700	-69.998	
20	204.800	-69.998	
20	204.900	-69.998	
20	205.000	-69.998	
20	205.100	-69.998	
20	205.200	-69.998	
20	205.300	-69.998	
20	205.400	-69.998	
20	205.500	-69.998	
20	205.600	-69.998	
20	205.700	-69.998	
20	205.800	-69.998	
20	205.900	-69.998	
20	206.000	-69.998	
20	206.100	-69.998	
20	206.200	-69.998	
20	206.300	-69.998	
20	206.400	-69.998	
20	206.500	-69.998	
20	206.600	-69.998	
20	206.700	-69.998	
20	206.800	-69.998	
20	206.900	-69.998	
20	207.000	-69.998	
20	207.100	-69.998	
20	207.200	-69.998	
20	207.300	-69.998	
20	207.400	-69.998	
20	207.500	-69.998	
20	207.600	-69.998	
20	207.700	-69.998	
20	207.800	-69.998	
20	207.900	-69.998	
20	208.000	-69.998	
20	208.100	-69.998	
20	208.200	-69.998	
20	208.300	-69.998	
20	208.400	-69.998	
20	208.500	-69.998	
20	208.600	-69.998	
20	208.700	-69.998	
20	208.800	-69.998	
20	208.900	-69.998	
20	209.000	-69.998	
20	209.100	-69.998	
20	209.200	-69.998	
20	209.300	-69.998	
20	209.400	-69.998	
20	209.500	-69.998	
20	209.600	-69.998	
20	209.700	-69.998	
20	209.800	-69.998	
20	209.900	-69.998	
20	210.000	-69.998	
20	210.100	-69.998	
20	210.200	-69.998	
20	210.300	-69.998	
20	210.400	-69.998	
20	210.500	-69.998	
20	210.600	-69.998	
20	210.700	-69.998	
20	210.800	-69.998	
20	210.900	-69.998	
20	211.000	-69.998	
20	211.100	-69.998	
20	211.200	-69.998	
20	211.300	-69.998	
20	211.400	-69.998	
20	211.500	-69.998	
20	211.600	-69.998	
20	211.700	-69.998	
20	211.800	-69.998	
20	211.900	-69.998	
20	212.000	-69.998	
20	212.100	-69.998	
20	212.200	-69.998	
20	212.300	-69.998	
20	212.400	-69.998	
20	212.500	-69.998	
20	212.600	-69.998	
20	212.700	-69.998	
20	212.800	-69.998	
20	212.900	-69.998	
20	213.000	-69.998	
20	213.100	-69.998	
20	213.200	-69.998	
20	213.300	-69.998	
20	213.400	-69.998	
20	213.500	-69.998	
20	213.600	-69.998	
20	213.700	-69.998	
20	213.800	-69.998	
20	213.900	-69.998	
20	214.000	-69.998	
20	214.100	-69.998	
20	214.200	-69.998	
20	214.300	-69.998	
20	214.400	-69.998	
20	214.500	-69.998	
20	214.600	-69.998	
20	214.700	-69.998	
20	214.800	-69.998	
20	214.900	-69.998	
20	215.000	-69.998	
20	215.100	-69.998	
20	215.200	-69.998	
20	215.300	-69.998	
20	215.400	-69.998	
20	215.500	-69.998	
20	215.600	-69.998	
20	215.700	-69.998	
20	215.800	-69.998	
20	215.900	-69.998	
20	216.000	-69.998	
20	216.100	-69.998	
20	216.200	-69.998	
20	216.300	-69.998	
20	216.400	-69.998	
20	216.500	-69.998	
20	216.600	-69.998	
20	216.700	-69.998	
20	216.800	-69.998	
20	216.900	-69.998	
20	217.000	-69.998	
20	217.100	-69.998	
20	217.200	-69.998	
20	217.300	-69.998	
20	217.400	-69.998	
20	217.500	-69.998	
20	217.600	-69.998	
20	217.700	-69.998	
20	217.800	-69.998	
20	217.900	-69.998	
20	218.000	-69.998	
20	218.100	-69.998	
20	218.200	-69.998	
20	218.300	-69.998	
20	218.400	-69.998	
20	218.500	-69.998	
20	218.600	-69.998	
20	218.700	-69.998	
20	218.800	-69.998	
20	218.900	-69.998	
20	219.000	-69.998	
20	219.100	-69.998	
20	219.200	-69.998	
20	219.300	-69.998	
20	219.400	-69.998	
20	219.500	-69.998	
20	219.600	-69.998	
20	219.700	-69.998	
20	219.800	-69.998	
20	219.900	-69.998	
20	220.000	-69.998	
20	220.100	-69.998	
20	220.200	-69.998	
20	220.300	-69.998	
20	220.400	-69.998	
20	220.500	-69.998	
20	220.600	-69.998	
20	220.700	-69.998	
20	220.800	-69.998	
20	220.900	-69.998	
20	221.000	-69.998	
20	221.100	-69.998	
20	221.200	-69.998	
20	221.300	-69.998	
20	221.400	-69.998	
20	221.500	-69.998	
20	221.600	-69.998	
20	221.700	-69.998	
20	221.800	-69.998	
20	221.900	-69.998	
20	222.000	-69.998	
20	222.100	-69.998	
20	222.200	-69.998	
20	222.300	-69.998	
20	222.400	-69.998	
20	222.500	-69.998	
20	222.600	-69.998	
20	222.700	-69.998	
20	222.800	-69.998	
20	222.900	-69.998	
20	223.000	-69.998	
20	223.100	-69.998	
20	223.200	-69.998	
20	223.300	-69.998	
20	223.400	-69.998	
20	223.500	-69.998	
20	223.600	-69.998	
20	223.700	-69.998	
20	223.800	-69.998	
20	223.900	-69.998	
20	224.000	-69.998	
20	224.100	-69.998	
20	224.200	-69.998	
20	224.300	-69.998	
20	224.400	-69.998	
20	224.500	-69.998	
20	224.600	-69.998	
20	224.700	-69.998	
20	224.800	-69.998	
20	224.900	-69.998	
20	225.000	-69.998	
20	225.100	-69.998	
20	225.200	-69.998	
20	225.300	-69.998	
20	225.400	-69.998	
20	225.500	-69.998	
20	225.600	-69.998	
20	225.700	-69.998	
20	225.800	-69.998	
20	225.900	-69.998	
20	226.000	-69.998	
20	226.100	-69.998	
20	226.200	-69.998	
20	226.300	-69.998	
20	226.400	-69.998	
20	226.500	-69.998	
20	226.600	-69.998	
20	226.700	-69.998	
20	226.800	-69.998	
20	226.900	-69.998	
20	227.000	-69.998	
20	227.100	-69.998	
20	227.200	-69.998	
20	227.300	-69.998	
20	227.400	-69.998	
20	227.500	-69.998	
20	227.600	-69.998	
20	227.700	-69.998	
20	227.800	-69.998	
20	227.900	-69.998	
20	228.000	-69.998	
20	228.100	-69.998	
20	228.200	-69.998	
20	228.300	-69.998	
20	228.400	-69.998	
20	228.500	-69.998	
20	228.600	-69.998	
20	228.700	-69.998	
20	228.800	-69.998	
20	228.900	-69.998	
20	229.000	-69.998	
20	229.100	-69.998	
20	229.200	-69.998	
20	229.300	-69.998	
20	229.400	-69.998	
20	229.500	-69.998	
20	229.600	-69.998	
20	229.700	-69.998	
20	229.800	-69.998	
20	229.900	-69.998	
20	230.000	-69.998	
20	230.100	-69.998	
20	230.200	-69.998	
20	230.300	-69.998	
20	230.400	-69.998	
20	230.500	-69.998	
20	230.600	-69.998	
20	230.700	-69.998	
20	230.800	-69.998	
20	230.900	-69.998	
20	231.000	-69.998	
20	231.100	-69.998	
20	231.200	-69.998	
20	231.300	-69.998	
20	231.400	-69.998	
20	231.500	-69.998	
20	231.600	-69.998	
20	231.700	-69.998	
20	231.800	-69.998	
20	231.900	-69.998	
20	232.000	-69.998	
20	232.100	-69.998	
20	232.200	-69.998	
20	232.300	-69.998	
20	232.400	-69.998	
20	232.500	-69.998	
20	232.600	-69.998	
20	232.700	-69.998	
20	232.800	-69.998	
20	232.900	-69.998	
20	233.000	-69.998	
20	233.100	-69.998	
20	233.200	-69.998	
20	233.300	-69.998	
20	233.400	-69.998	
20	233.500	-69.998	
20	233.600	-69.998	
20	233.700	-69.998	
20	233.800	-69.998	
20	233.900	-69.998	
20	234.000	-69.998	
20	234.100	-69.998	
20	234.200	-69.998	
20	234.300	-69.998	
20	234.400	-69.998	
20	234.500	-69.998	
20	234.600	-69.998	
20	234.700	-69.998	
20	234.800	-69.998	
20	234.900	-69.998	
20	235.000	-69.998	
20	235.100	-69.998	
20	235.200	-69.998	
20	235.300	-69.998	
20	235.400	-69.998	
20	235.500	-69.998	
20	235.600	-69.998	
20	235.700	-69.998	
20	235.800	-69.998	
20	235.900	-69.998	
20	236.000	-69.998	
20	236.100	-69.998	
20	236.200	-69.998	
20	236.300	-69.998	
20	236.400	-69.998	
20	236.500	-69.998	
20	236.600	-69.998	
20	236.700	-69.998	
20	236.800	-69.998	
20	236.900	-69.998	
20	237.000	-69.998	
20	237.100	-69.998	
20	237.200	-69.998	
20	237.300	-69.998	
20	237.400	-69.998	
20	237.500	-69.998	
20	237.600	-69.998	
20	237.700	-69.998	
20	237.800	-69.998	
20	237.900	-69.998	
20	238.000	-69.998	
20	238.100	-69.998	
20	238.200	-69.998	
20	238.300	-69.998	
20	238.400	-69.998	
20	238.500	-69.998	
20	238.600	-69.998	
20	238.700	-69.998	
20	238.800	-69.998	
20	238.900	-69.998	
20	239.000	-69.998	
20	239.100	-69.998	
20	239.200	-69.998	
20	239.300	-69.998	
20	239.400	-69.998	
20	239.500	-69.998	
20	239.600	-69.998	
20	239.700	-69.998	
20	239.800	-69.998	
20	239.900	-69.998	
20	240.000	-69.998	
20	240.100	-69.998	
20	240.200	-69.998	
20	240.300	-69.998	
20	240.400	-69.998	
20	240.500	-69.998	
20	240.600	-69.998	
20	240.700	-69.998	
20	240.800	-69.998	
20	240.900	-69.998	
20	241.000	-69.998	
20	241.100	-69.998	
20	241.200	-69.998	
20	241.300	-69.998	
20	241.400	-69.998	
20	241.500	-69.998	
20	241.600	-69.998	
20	241.700	-69.998	
20	241.800	-69.998	
20	241.900	-69.998	
20	242.000	-69.998	
20	242.100	-69.998	
20	242.200	-69.998	
20	242.300	-69.998	
20	242.400	-69.998	
20	242.500	-69.998	
20	242.600	-69.998	
20	242.700	-69.998	
20	242.800	-69.998	
20	242.900	-69.998	
20	243.000	-69.998	
20	243.100	-69.998	
20	243.200	-69.998	
20	243.300	-69.998	
20	243.400	-69.998	
20	243.500	-69.998	
20	243.600	-69.998	
20	243.700	-69.998	
20	243.800	-69.998	
20	243.900	-69.998	
20	244.000	-69.998	
20	244.100	-69.998	
20	244.200	-69.998	
20	244.300	-69.998	
20	244.400	-69.998	
20	244.500	-69.998	
20	244.600	-69.998	
20	244.700	-69.998	
20	244.800	-69.998	
20	244.900	-69.998	
20	245.000	-69.998	
20	245.100	-69.998	
20	245.200	-69.998	
20	245.300	-69.998	
20	245.400	-69.998	
20	245.500	-69.998	
20	245.600	-69.998	
20	245.700	-69.998	
20	245.800	-69.998	
20	245.900	-69.998	
20	246.000	-69.998	
20	246.100	-69.998	
20	246.200	-69.998	
20	246.300	-69.998	
20	246.400	-69.998	
20	246.500	-69.998	
20	246.600	-69.998	
20	246.700	-69.998	
20	246.800	-69.998	
20	246.900	-69.998	
20	247.000	-69.998	
20	247.100	-69.998	
20	247.200	-69.998	
20	247.300	-69.998	
20	247.400	-69.998	
20	247.500	-69.998	
20	247.600	-69.998	
20	247.700	-69.998	
20	247.800	-69.998	
20	247.900	-69.998	
20	248.000	-69.998	
20	248.100	-69.998	
20	248.200	-69.998	
20	248.300	-69.998	
20	248.400	-69.998	
20	248.500	-69.998	
20	248.600	-69.998	
20	248.700	-69.998	
20	248.800	-69.998	
20	248.900	-69.998	
20	249.000	-69.998	
20	249.100	-69.998	
20	249.200	-69.998	
20	249.300	-69.998	
20	249.400	-69.998	
20	249.500	-69.998	
20	249.600	-69.998	
20	249.700	-69.998	
20	249.800	-69.998	
20	249.900	-69.998	
20	250.000	-69.998	
20	250.100	-69.998	
20	250.200	-69.998	
20	250.300	-69.998	
20	250.400	-69.998	
20	250.500	-69.998	
20	250.600	-69.998	
20	250.700	-69.998	
20	250.800	-69.998	
20	250.900	-69.998	
20	251.000	-69.998	
20	251.100	-69.998	
20	251.200	-69.998	
20	251.300	-69.998	
20	251.400	-69.998	
20	251.500	-69.998	
20	251.600	-69.998	
20	251.700	-69.998	
20	251.800	-69.998	
20	251.900	-69.998	
20	252.000	-69.998	
20	252.100	-69.998	
20	252.200	-69.998	
20	252.300	-69.998	
20	252.400	-69.998	
20	252.500	-69.998	
20	252.600	-69.998	
20	252.700	-69.998	
20	252.800	-69.998	
20	252.900	-69.998	
20	253.000	-69.998	
20	253.100	-69.998	
20	253.200	-69.998	
20	253.300	-69.998	
20	253.400	-69.998	
20	253.500	-69.998	
20	253.600	-69.998	
20	253.700	-69.998	
20	253.800	-69.998	
20	253.900	-69.998	
20	254.000	-69.998	
20	254.100	-69.998	
20	254.200	-69.998	
20	254.300	-69.998	
20	254.400	-69.998	
20	254.500	-69.998	
20	254.600	-69.998	
20	254.700	-69.998	
20	254.800	-69.998	
20	254.900	-69.998	
20	255.000	-69.998	
20	255.100	-69.998	
20	255.200	-69.998	
20	255.300	-69.998	
20	255.400	-69.998	
20	255.500	-69.998	
20	255.600	-69.998	
20	255.700	-69.998	
20	255.800	-69.998	
20	255.900	-69.998	
20	256.000	-69.998	
20	256.100	-69.998	
20	256.200	-69.998	
20	256.300	-69.998	
20	256.400	-69.998	
20	256.500	-69.998	
20	256.600	-69.998	
20	256.700	-69.998	
20	256.800	-69.998	
20	256.900	-69.998	
20	257.000	-69.998	
20	257.100	-69.998	
20	257.200	-69.998	
20	257.300	-69.998	
20	257.400	-69.998	
20	257.500	-69.998	
20	257.600	-69.998	
20	257.700	-69.998	
20	257.800	-69.998	
20	257.900	-69.998	
20	258.000	-69.998	
20	258.100	-69.998	
20	258.200	-69.998	
20	258.300	-69.998	
20	258.400	-69.998	
20	258.500	-69.998	
20	258.600	-69.998	
20	258.700	-69.998	
20	258.800	-69.998	
20	258.900	-69.998	
20	259.000	-69.998	
20	259.100	-69.998	
20	259.200	-69.998	
20	259.300	-69.998	
20	259.400	-69.998	
20	259.500	-69.998	
20	259.600	-69.998	
20	259.700	-69.998	
20	259.800	-69.998	
20	259.900	-69.998	
20	260.000	-69.998	
20	260.100	-69.998	
20	260.200	-69.998	
20	260.300	-69.998	
20	260.400	-69.998	
20	260.500	-69.998	
20	260.600	-69.998	
20	260.700	-69.998	
20	260.800	-69.998	
20	260.900	-69.998	
20	261.000	-69.998	
20	261.100	-69.998	
20	261.200	-69.998	
20	261.300	-69.998	
20	261.400	-69.998	
20	261.500	-69.998	
20	261.600	-69.998	
20	261.700	-69.998	
20	261.800	-69.998	
20	261.900	-69.998	
20	262.000	-69.998	
20	262.100	-69.998	
20	262.200	-69.998	
20	262.300	-69.998	
20	262.400	-69.998	
20	262.500	-69.998	
20	262.600	-69.998	
20	262.700	-69.998	
20	262.800	-69.998	
20	262.900	-69.998	
20	263.000	-69.998	
20	263.100	-69.998	
20	263.200	-69.998	
20	263.300	-69.998	
20	263.400	-69.998	
20	263.500	-69.998	
20	263.600	-69.998	
20	263.700	-69.998	
20	263.800	-69.998	
20	263.900	-69.998	
20	264.000	-69.998	
20	264.100	-69.998	
20	264.200	-69.998	
20	264.300	-69.998	
20	264.400	-69.998	
20	264.500	-69.998	
20	264.600	-69.998	
20	264.700	-69.998	
20	264.800	-69.998	
20	264.900	-69.998	
20	265.000	-69.998	
20	265.100	-69.998	
20	265.200	-69.998	
20	265.300	-69.998	
20	265.400	-69.998	
20	265.500	-69.998	
20	265.600	-69.998	
20	265.700	-69.998	
20	265.800	-69.998	
20	265.900	-69.998	
20	266.000	-69.998	
20	266.100	-69.998	
20	266.200	-69.998	
20	266.300	-69.998	
20	266.400	-69.998	
20	266.500	-69.998	
20	266.600	-69.998	
20	266.700	-69.998	
20	266.800	-69.998	
20	266.900	-69.998	
20	267.000	-69.998	
20	267.100	-69.998	
20	267.200	-69.998	
20	267.300	-69.998	
20	267.400	-69.998	
20	267.500	-69.998	
20	267.600	-69.998	
20	267.700	-69.998	
20	267.800	-69.998	
20	267.900	-69.998	
20	268.000	-69.998	
20	268.100	-69.998	
20	268.200	-69.998	
20	268.300	-69.998	
20	268.400	-69.998	
20	268.500	-69.998	
20	268.600	-69.998	
20	268.700	-69.998	
20	268.800	-69.998	
20	268.900	-69.998	
20	269.000	-69.998	
20	269.100	-69.998	
20	269.200	-69.998	
20	269.300	-69.998	
20	269.400	-69.998	
20	269.500	-69.998	
20	269.600	-69.998	
20	269.700	-69.998	
20	269.800	-69.998	
20	269.900	-69.998	
20	270.000	-69.998	
20	270.100	-69.998	
20	270.200	-69.998	
20	270.300	-69.998	
20	270.400	-69.998	
20	270.500	-69.998	
20	270.600	-69.998	
20	270.700	-69.998	
20	270.800	-69.998	
20	270.900	-69.998	
20	271.000	-69.998	
20	271.100	-69.998	
20	271.200	-69.998	
20	271.300	-69.998	
20	271.400	-69.998	
20	271.500	-69.998	
20	271.600	-69.998	
20	271.700	-69.998	
20	271.800	-69.998	
20	271.900	-69.998	
20	272.000	-69.998	
20	272.100	-69.998	
20	272.200	-69.998	
20	272.300	-69.998	
20	272.400	-69.998	
20	272.500	-69.998	
20	272.600	-69.998	
20	272.700	-69.998	
20	272.800	-69.998	
20	272.900	-69.998	
20	273.000	-69.998	
20	273.100	-69.998	
20	273.200	-69.998	
20	273.300	-69.998	
20	273.400	-69.998	
20	273.500	-69.998	
20	273.600	-69.998	
20	273.700	-69.998	
20	273.800	-69.998	
20	273.900	-69.998	
20	274.000	-69.998	
20	274.100	-69.998	
20	274.200	-69.998	
20	274.300	-69.998	
20	274.400	-69.998	
20	274.500	-69.998	
20	274.600	-69.998	
20	274.700	-69.998	
20	274.800	-69.998	
20	274.900	-69.998	
20	275.000	-69.998	
20	275.100	-69.998	
20	275.200	-69.998	
20	275.300	-69.998	
20	275.400	-69.998	
20	275.500	-69.998	
20	275.600	-69.998	
20	275.700	-69.998	
20	275.800	-69.998	
20	275.900	-69.998	
20	276.000	-69.998	
20	276.100	-69.998	
20	276.200	-69.998	
20	276.300	-69.998	
20	276.400	-69.998	
20	276.500	-69.998	
20	276.600	-69.998	
20	276.700	-69.998	
20	276.800	-69.998	
20	276.900	-69.998	
20	277.000	-69.998	
20	277.100	-69.998	
20	277.200	-69.998	
20	277.300	-69.998	
20	277.400	-69.998	
20	277.500	-69.998	
20	277.600	-69.998	
20	277.700	-69.998	
20	277.800	-69.998	
20	277.900	-69.998	
20	278.000	-69.998	
20	278.100	-69.998	
20	278.200	-69.998	
20	278.300	-69.998	
20	278.400	-69.998	
20	278.500	-69.998	
20	278.600	-69.998	
20	278.700	-69.998	
20	278.800	-69.998	
20	278.900	-69.998	
20	279.000	-69.998	
20	279.100	-69.998	
20	279.200	-69.998	
20	279.300	-69.998	
20	279.400	-69.998	
20	279.500	-69.998	
20	279.600	-69.998	
20	279.700	-69.998	
20	279.800	-69.998	
20	279.900	-69.998	
20	280.000	-69.998	
20	280.100	-69.998	
20	280.200	-69.998	
20	280.300	-69.998	
20	280.400	-69.998	
20	280.500	-69.998	
20	280.600	-69.998	
20	280.700	-69.998	
20	280.800	-69.998	
20	280.900	-69.998	
20	281.000	-69.998	
20	281.100	-69.998	
20	281.200	-69.998	
20	281.300	-69.998	
20	281.400	-69.998	
20	281.500	-69.998	
20	281.600	-69.998	
20	281.700	-69.998	
20	281.800	-69.998	
20	281.900	-69.998	
20	282.000	-69.998	
20	282.100	-69.998	
20	282.200	-69.998	
20	282.300	-69.998	
20	282.400	-69.998	
20	282.500	-69.998	
20	282.600	-69.998	
20	282.700	-69.998	
20	282.800	-69.998	
20	282.900	-69.998	
20	283.000	-69.998	
20	283.100	-69.998	
20	283.200	-69.998	
20	283.300	-69.998	
20	283.400	-69.998	
20	283.500	-69.998	
20	283.600	-69.998	
20	283.700	-69.998	
20	283.800	-69.998	
20	283.900	-69.998	
20	284.000	-69.998	
20	284.100	-69.998	
20	284.200	-69.998	
20	284.300	-69.998	
20	284.400	-69.998	
20	284.500	-69.998	
20	284.600	-69.998	
20	284.700	-69.998	
20	284.800	-69.998	
20	284.900	-69.998	
20	285.000	-69.998	
20	285.100	-69.998	
20	285.200	-69.998	
20	285.300	-69.998	
20	285.400	-69.998	
20	285.500	-69.998	
20	285.600	-69.998	
20	285.700	-69.998	
20	285.800	-69.998	
20	285.900	-69.998	
20	286.000	-69.998	
20	286.100	-69.998	
20	286.200	-69.998	
20	286.300	-69.998	
20	286.400	-69.998	
20	286.500	-69.998	
20	286.600	-69.998	
20	286.700	-69.998	
20	286.800	-69.998	
20	286.900	-69.998	
20	287.000	-69.998	
20	287.100	-69.998	
20	287.200	-69.998	
20	287.300	-69.998	
20	287.400	-69.998	
20	287.500	-69.998	
20	287.600	-69.998	
20	287.700	-69.998	
20	287.800	-69.998	
20	287.900	-69.998	
20	288.000	-69.998	
20	288.100	-69.998	
20	288.200	-69.998	
20	288.300	-69.998	
20	288.400	-69.998	
20	288.500	-69.998	
20	288.600	-69.998	
20	288.700	-69.998	
20	288.800	-69.998	
20	288.900	-69.998	
20	289.000	-69.998	
20	289.100	-69.998	
20	289.200	-69.998	
20	289.300	-69.998	
20	289.400	-69.998	
20	289.500	-69.998	
20	289.600	-69.998	
20	289.700	-69.998	
20	289.800	-69.998	
20	289.900	-69.998	
20	290.000	-69.998	
20	290.100	-69.998	
20	290.200	-69.998	
20	290.300	-69.998	
20	290.400	-69.998	
20	290.500	-69.998	
20	290.600	-69.998	
20	290.700	-69.998	
20	290.800	-69.998	
20	290.900	-69.998	
20	291.000	-69.998	
20	291.100	-69.998	
20	291.200	-69.998	
20	291.300	-69.998	
20	291.400	-69.998	
20	291.500	-69.998	
20	291.600	-69.998	
20	291.700	-69.998	
20	291.800	-69.998	
20	291.900	-69.998	
20	292.000	-69.998	
20	292.100	-69.998	
20	292.200	-69.998	
20	292.300	-69.998	
20	292.400	-69.998	
20	292.500	-69.998	
20	292.600	-69.998	
20	292.700	-69.998	
20	292.800	-69.998	
20	292.900	-69.998	
20	293.000	-69.998	
20	293.100	-69.998	
20	293.200	-69.998	
20	293.300	-69.998	
20	293.400	-69.998	
20	293.500	-69.998	
20	293.600	-69.998	
20	293.700	-69.998	
20	293.800	-69.998	
20	293.900	-69.998	
20	294.000	-69.998	
20	294.100	-69.998	
20	294.200	-69.998	
20	294.300	-69.998	
20	294.400	-69.998	
20	294.500	-69.998	
20	294.600	-69.998	
20	294.700	-69.998	
20	294.800	-69.998	
20	294.900	-69.998	
20	295.000	-69.998	
20	295.100	-69.998	
20	295.200	-69.998	
20	295.300	-69.998	
20	295.400	-69.998	
20	295.500	-69.998	
20	295.600	-69.998	
20	295.700	-69.998	
20	295.800	-69.998	
20	295.900	-69.998	
20	296.000	-69.998	
20	296.100	-69.998	
20	296.200	-69.998	
20	296.300	-69.998	
20	296.400	-69.998	
20	296.500	-69.998	
20	296.600	-69.998	
20	296.700	-69.998	
20	296.800	-69.998	
20	296.900	-69.998	
20	297.000	-69.998	
20	297.100	-69.998	
20	297.200	-69.998	
20	297.300	-69.998	
20	297.400	-69.998	
20	297.500	-69.998	
20	297.600	-69.998	
20	297.700	-69.998	
20	297.800	-69.998	
20	297.900	-69.998	
20	298.000	-69.998	
20	298.100	-69.998	
20	298.200	-69.998	
20	298.300	-69.998	
20	298.400	-69.998	
20	298.500	-69.998	
20	298.600	-69.998	
20	298.700	-69.998	
20	298.800	-69.998	
20	298.900	-69.998	
20	299.000	-69.998	
20	299.100	-69.998	
20	299.200	-69.998	
20	299.300	-69.998	
20	299.400	-69.998	
20	299.500	-69.998	
20	299.600	-69.998	
20	299.700	-69.998	
20	299.800	-69.998	
20	299.900	-69.998	
20	300.000	-69.998	
20	300.100	-69.998	
20	300.200	-69.998	
20	300.300	-69.998	
20	300.400	-69.998	
20	300.500	-69.998	
20	300.600	-69.998	
20	300.700	-69.998	
20	300.800	-69.998	
20	300.900	-69.998	
20	301.000	-69.998	
20	301.100	-69.998	
20	301.200	-69.998	
20	301.300	-69.998	
20	301.400	-69.998	
20	301.500	-69.998	
20	301.600	-69.998	
20	301.700	-69.998	
20	301.800	-69.998	
20	301.900	-69.998	
20	302.000	-69.998	
20	302.100	-69.998	
20	302.200	-69.998	
20	302.300	-69.998	
20	302.400	-69.998	
20	302.500	-69.998	
20	302.600	-69.998	
20	302.700	-69.998	
20	302.800	-69.998	
20	302.900	-69.998	
20	303.000	-69.998	
20	303.100	-69.998	
20	303.200	-69.998	
20	303.300	-69.998	
20	303.400	-69.998	
20	303.500	-69.998	
20	303.600	-69.998	
20	303.700	-69.998	
20	303.800	-69.998	
20	303.900	-69.998	
20	304.000	-69.998	
20	304.100	-69.998	
20	304.200	-69.998	
20	304.300	-69.998	
20	304.400	-69.998	
20	304.500	-69.998	
20	304.600	-69.998	
20	304.700	-69.998	
20	304.800	-69.998	
20	304.900	-69.998	
20	305.000	-69.998	
20	305.100	-69.998	
20	305.200	-69.998	
20	305.300	-69.998	
20	305.400	-69.998	
20	305.500	-69.998	
20	305.600	-69.998	
20	305.700	-69.998	
20	305.800	-69.998	
20	305.900	-69.998	
20	306.000	-69.998	
20	306.100	-69.998	
20	306.200	-69.998	
20	306.300	-69.998	
20	306.400	-69.998	
20	306.500	-69.998	
20	306.600	-69.998	
20	306.700	-69.998	
20	306.800	-69.998	
20	306.900	-69.998	
20	307.000	-69.998	
20	307.100	-69.998	
20	307.200	-69.998	
20	307.300	-69.998	
20	307.400	-69.998	
20	307.500	-69.998	
20	307.600	-69.998	
20	307.700	-69.998	
20	307.800	-69.998	
20	307.900	-69.998	
20	308.000	-69.998	
20	308.100	-69.998	
20	308.200	-69.998	
20	308.300	-69.998	
20	308.400	-69.998	
20	308.500	-69.998	
20	308.600	-69.998	
20	308.700	-69.998	
20	308.800	-69.998	
20	308.900	-69.998	
20	309.000	-69.998	
20	309.100	-69.998	
20	309.200	-69.998	
20	309.300	-69.998	
20	309.400	-69.998	
20	309.500	-69.998	
20	309.600	-69.998	
20	309.700	-69.998	
20	309.800	-69.998	
20	309.900	-69.998	
20	310.000	-69.998	
20	310.100	-69.998	
20	310.200	-69.998	
20	310.300	-69.998	
20	310.400	-69.998	
20	310.500	-69.998	
20	310.600	-69.998	
20	310.700	-69.998	
20	310.800	-69.998	
20	310.900	-69.998	
20	311.000	-69.998	
20	311.100	-69.998	
20	311.200	-69.998	
20	311.300	-69.998	
20	311.400	-69.998	
20	311.500	-69.998	
20	311.600	-69.998	
20	311.700	-69.998	
20	311.800	-69.998	
20	311.900	-69.998	
20	312.000	-69.998	
20	312.100	-69.998	
20	312.200	-69.998	
20	312.300	-69.998	
20	312.400	-69.998	
20	312.500	-69.998	
20	312.600	-69.998	
20	312.700	-69.998	
20	312.800	-69.998	
20	312.900	-69.998	
20	313.000	-69.998	
20	313.100	-69.998	
20	313.200	-69.998	
20	313.300	-69.998	
20	313.400	-69.998	
20	313.500	-69.998	
20	313.600	-69.998	
20	313.700	-69.998	
20	313.800	-69.998	
20	313.900	-69.998	
20	314.000	-69.998	
20	314.100	-69.998	
20	314.200	-69.998	
20	314.300	-69.998	
20	314.400	-69.998	
20	314.500	-69.998	
20	314.600	-69.998	
20	314.700	-69.998	
20	314.800	-69.998	
20	314.900	-69.998	
20	315.000	-69.998	
20	315.100	-69.998	
20	315.200	-69.998	
20	315.300	-69.998	
20	315.400	-69.998	
20	315.500	-69.998	
20	315.600	-69.998	
20	315.700	-69.998	
20	315.800	-69.998	
20	315.900	-69.998	
20	316.000	-69.998	
20	316.100	-69.998	
20	316.200	-69.998	
20	316.300	-69.998	
20	316.400	-69.998	
20	316.500	-69.998	
20	316.600	-69.998	
20	316.700	-69.998	
20	316.800	-69.998	
20	316.900	-69.998	
20	317.000	-69.998	
20	317.100	-69.998	
20	317.200	-69.998	
20	317.300	-69.998	
20	317.400	-69.998	
20	317.500	-69.998	
20	317.600	-69.998	
20	317.700	-69.998	
20	317.800	-69.998	
20	317.900	-69.998	
20	318.000	-69.998	
20	318.100	-69.998	
20	318.200	-69.998	
20	318.300	-69.998	
20	318.400	-69.998	
20	318.500	-69.998	
20	318.600	-69.998	
20	318.700	-69.998	
20	318.800	-69.998	
20	318.900	-69.998	
20	319.000	-69.998	
20	319.100	-69.998	
20	319.200	-69.998	
20	319.300	-69.998	
20	319.400	-69.998	
20	319.500	-69.998	
20	319.600	-69.998	
20	319.700	-69.998	
20	319.800	-69.998	
20	319.900	-69.998	
20	320.000	-69.998	
20	320.100	-69.998	
20	320.200	-69.998	
20	320.300	-69.998	
20	320.400	-69.998	
20	320.500	-69.998	
20	320.600	-69.998	
20	320.700	-69.998	
20	320.800	-69.998	
20	320.900	-69.998	
20	321.000	-69.998	
20	321.100	-69.998	
20	321.200	-69.998	
20	321.300	-69.998	
20	321.400	-69.998	
20	321.500	-69.998	
20	321.600	-69.998	
20	321.700	-69.998	
20	321.800	-69.998	
20	321.900	-69.998	
20	322.000	-69.998	
20	322.100	-69.998	
20	322.200	-69.998	
20	322.300	-69.998	
20	322.400	-69.998	
20	322.500	-69.998	
20	322.600	-69.998	
20	322.700	-69.998	
20	322.800	-69.998	
20	322.900	-69.998	
20	323.000	-69.998	
20	323.100	-69.998	
20	323.200	-69.998	
20	323.300	-69.998	
20	323.400	-69.998	
20	323.500	-69.998	
20	323.600	-69.998	
20	323.700	-69.998	
20	323.800	-69.998	
20	323.900	-69.998	
20	324.000	-69.998	
20	324.100	-69.998	
20	324.200	-69.998	
20	324.300	-69.998	
20	324.400	-69.998	
20	324.500	-69.998	
20	324.600	-69.998	
20	324.700	-69.998	
20	324.800	-69.998	
20	324.900	-69.998	
20	325.000	-69.998	
20	325.100	-69.998	
20	325.200	-69.998	
20	325.300	-69.998	
20	325.400	-69.998	
20	325.500	-69.998	
20	325.600	-69.998	
20	325.700	-69.998	
20	325.800	-69.998	
20	325.900	-69.998	
20	326.000	-69.998	
20	326.100	-69.998	
20	326.200	-69.998	
20	326.300	-69.998	
20	326.400	-69.998	
20	326.500	-69.998	
20	326.600	-69.998	
20	326.700	-69.998	
20	326.800	-69.998	
20	326.900	-69.998	
20	327.000	-69.998	
20	327.100	-69.998	
20	327.200	-69.998	
20	327.300	-69.998	
20	327.400	-69.998	
20	327.500	-69.998	
20	327.600	-69.998	
20	327.700	-69.998	
20	327.800	-69.998	
20	327.900	-69.998	
20	328.000	-69.998	
20	328.100	-69.998	
20	328.200	-69.998	
20	328.300	-69.998	
20	328.400	-69.998	
20	328.500	-69.998	
20	328.600	-69.998	
20	328.700	-69.998	
20	328.800	-69.998	
20	328.900	-69.998	
20	329.000	-69.998	
20	329.100	-69.998	
20	329.200	-69.998	
20	329.300	-69.998	
20	329.400	-69.998	
20	329.500	-69.998	
20	329.600	-69.998	
20	329.700	-69.998	
20	329.800	-69.998	
20	329.900	-69.998	
20	330.000	-69.998	
20	330.100	-69.998	
20	330.200	-69.998	
20	330.300	-69.998	
20	330.400	-69.998	
20	330.500	-69.998	
20	330.600	-69.998	
20	330.700	-69.998	
20	330.800	-69.998	
20	330.900	-69.998	
20	331.000	-69.998	
20	331.100	-69.998	
20	331.200	-69.998	
20	331.300	-69.998	
20	331.400	-69.998	
20	331.500	-69.998	
20	331.600	-69.998	
20	331.700	-69.998	
20	331.800	-69.998	
20	331.900	-69.998	
20	332.000	-69.998	
20	332.100	-69.998	
20	332.200	-69.998	
20	332.300	-69.998	
20	332.400	-69.998	
20	332.500	-69.998	
20	332.600	-69.998	
20	332.700	-69.998	
20	332.800	-69.998	
20	332.900	-69.998	
20	333.000	-69.998	
20	333.100	-69.998	
20	333.200	-69.998	
20	333.300	-69.998	
20	333.400	-69.998	
20	333.500	-69.998	
20	333.600	-69.998	
20	333.700	-69.998	
20	333.800	-69.998	
20	333.900	-69.998	
20	334.000	-69.998	
20	334.100	-69.998	
20	334.200	-69.998	
20	334.300	-69.998	
20	334.400	-69.998	
20	334.500	-69.998	
20	334.600	-69.998	
20	334.700	-69.998	
20	334.800	-69.998	
20	334.900	-69.998	
20	335.000	-69.998	
20	335.100	-69.998	
20	335.200	-69.998	
20	335.300	-69.998	
20	335.400	-69.998	
20	335.500	-69.998	
20	335.600	-69.998	
20	335.700	-69.998	
20	335.800	-69.998	
20	335.900	-69.998	
20	336.000	-69.998	
20	336.100	-69.998	
20	336.200	-69.998	
20	336.300	-69.998	
20	336.400	-69.998	
20	336.500	-69.998	
20	336.600	-69.998	
20	336.700	-69.998	
20	336.800	-69.998	
20	336.900	-69.998	
20	337.000	-69.998	
20	337.100	-69.998	
20	337.200	-69.998	
20	337.300	-69.998	
20	337.400	-69.998	
20	337.500	-69.998	
20	337.600	-69.998	
20	337.700	-69.998	
20	337.800	-69.998	
20	337.900	-69.998	
20	338.000	-69.998	
20	338.100	-69.998	
20	338.200	-69.998	
20	338.300	-69.998	
20	338.400	-69.998	
20	338.500	-69.998	
20	338.600	-69.998	
20	338.700	-69.998	
20	338.800	-69.998	
20	338.900	-69.998	
20	339.000	-69.998	
20	339.100	-69.998	
20	339.200	-69.998	
20	339.300	-69.998	
20	339.400	-69.998	
20	339.500	-69.998	
20	339.600	-69.998	
20	339.700	-69.998	
20	339.800	-69.998	
20	339.900	-69.998	
20	340.000	-69.998	
20	340.100	-69.998	
20	340.200	-69.998	
20	340.300	-69.998	
20	340.400	-69.998	
20	340.500	-69.998	
20	340.600	-69.998	
20	340.700	-69.998	
20	340.800	-69.998	
20	340.900	-69.998	
20	341.000	-69.998	
20	341.100	-69.998	
20	341.200	-69.998	
20	341.300	-69.998	
20	341.400	-69.998	
20	341.500	-69.998	
20	341.600	-69.998	
20	341.700	-69.998	
20	341.800	-69.998	
20	341.900	-69.998	
20	342.000	-69.998	
20	342.100	-69.998	
20	342.200	-69.998	
20	342.300	-69.998	
20	342.400	-69.998	
20	342.500	-69.998	
20	342.600	-69.998	
20	342.700	-69.998	
20	342.800	-69.998	
20	342.900	-69.998	
20	343.000	-69.998	
20	343.100	-69.998	
20	343.200	-69.998	
20	343.300	-69.998	
20	343.400	-69.998	
20	343.500	-69.998	
20	343.600	-69.998	
20	343.700	-69.998	
20	343.800	-69.998	
20	343.900	-69.998	
20	344.000	-69.998	
20	344.100	-69.998	
20	344.200	-69.998	
20	344.300	-69.998	
20	344.400	-69.998	
20	344.500	-69.998	
20	344.600	-69.998	
20	344.700	-69.998	
20	344.800	-69.998	
20	344.900	-69.998	
20	345.000	-69.998	
20	345.100	-69.998	
20	345.200	-69.998	
20	345.300	-69.998	
20	345.400	-69.998	
20	345.500	-69.998	
20	345.600	-69.998	
20	345.700	-69.998	
20	345.800	-69.998	
20	345.900	-69.998	
20	346.000	-69.998	
20	346.100	-69.998	
20	346.200	-69.998	
20	346.300	-69.998	
20	346.400	-69.998	
20	346.500	-69.998	
20	346.600	-69.998	
20	346.700	-69.998	
20	346.800	-69.998	
20	346.900	-69.998	
20	347.000	-69.998	
20	347.100	-69.998	
20	347.200	-69.998	
20	347.300	-69.998	
20	347.400	-69.998	
20	347.500	-69.998	
20	347.600	-69.998	
20	347.700	-69.998	
20	347.800	-69.998	
20	347.900	-69.998	
20	348.000	-69.998	
20	348.100	-69.998	
20	348.200	-69.998	
20	348.300	-69.998	
20	348.400	-69.998	
20	348.500	-69.998	
20	348.600	-69.998	
20	348.700	-69.998	
20	348.800	-69.998	
20	348.900	-69.998	
20	349.000	-69.998	
20	349.100	-69.998	
20	349.200	-69.998	
20	349.300	-69.998	
20	349.400	-69.998	
20	349.500	-69.998	
20	349.600	-69.998	
20	349.700	-69.998	
20	349.800	-69.998	
20	349.900	-69.998	
20	350.000	-69.998	
20	350.100	-69.998	
20	350.200	-69.998	
20	350.300	-69.998	
20	350.400	-69.998	
20	350.500	-69.998	
20	350.600	-69.998	
20	350.700	-69.998	
20	350.800	-69.998	
20	350.900	-69.998	
20	351.000	-69.998	
20	351.100	-69.998	
20	351.200	-69.998	
20	351.300	-69.998	
20	351.400	-69.998	
20	351.500	-69.998	
20	351.600	-69.998	
20	351.700	-69.998	
20	351.800	-69.998	
20	351.900	-69.998	
20	352.000	-69.998	
20	352.100	-69.998	
20	352.200	-69.998	
20	352.300	-69.998	
20	352.400	-69.998	
20	352.500	-69.998	
20	352.600	-69.998	
20	352.700	-69.998	
20	352.800	-69.998	
20	352.900	-69.998	
20	353.000	-69.998	
20	353.100	-69.998	
20	353.200	-69.998	
20	353.300	-69.998	
20	353.400	-69.998	
20	353.500	-69.998	
20	353.600	-69.998	
20	353.700	-69.998	
20	353.800	-69.998	
20	353.900	-69.998	
20	354.000	-69.998	
20	354.100	-69.998	
20	354.200	-69.998	
20	354.300	-69.998	
20	354.400	-69.998	
20	354.500	-69.998	
20	354.600	-69.998	
20	354.700	-69.998	
20	354.800	-69.998	
20	354.900	-69.998	
20	355.000	-69.998	
20	355.100	-69.998	
20	355.200	-69.998	
20	355.300	-69.998	
20	355.400	-69.998	
20	355.500	-69.998	
20	355.600	-69.998	
20	355.700	-69.998	
20	355.800	-69.998	
20	355.900	-69.998	
20	356.000	-69.998	
20	356.100	-69.998	
20	356.200	-69.998	
20	356.300	-69.998	
20	356.400	-69.998	
20	356.500	-69.998	
20	356.600	-69.998	
20	356.700	-69.998	
20	356.800	-69.998	
20	356.900	-69.998	
20	357.000	-69.998	
20	357.100	-69.998	
20	357.200	-69.998	
20	357.300	-69.998	
20	357.400	-69.998	
20	357.500	-69.998	
20	357.600	-69.998	
20	357.700	-69.998	
20	357.800	-69.998	
20	357.900	-69.998	
20	358.000	-69.998	
20	358.100	-69.998	
20	358.200	-69.998	
20	358.300	-69.998	
20	358.400	-69.998	
20	358.500	-69.998	
20	358.600	-69.998	
20	358.700	-69.998	
20	358.800	-69.998	
20	358.900	-69.998	
20	359.000	-69.998	
20	359.100	-69.998	
20	359.200	-69.998	
20	359.300	-69.998	
20	359.400	-69.998	
20	359.500	-69.998	
20	359.600	-69.998	
20	359.700	-69.998	
20	359.800	-69.998	
20	359.900	-69.998	
20	360.000	-69.998	
20	360.100	-69.998	
20	360.200	-69.998	
20	360.300	-69.998	
20	360.400	-69.998	
20	360.500	-69.998	
20	360.600	-69.998	
20	360.700	-69.998	
20	360.800	-69.998	
20	360.900	-69.998	
20	361.000	-69.998	
20	361.100	-69.998	
20	361.200	-69.998	
20	361.300	-69.998	
20	361.400	-69.998	
20	361.500	-69.998	
20	361.600	-69.998	
20	361.700	-69.998	
20	361.800	-69.998	
20	361.900	-69.998	
20	362.000	-69.998	
20	362.100	-69.998	
20	362.200	-69.998	
20	362.300	-69.998	
20	362.400	-69.998	
20	362.500	-69.998	
20	362.600	-69.998	
20	362.700	-69.998	
20	362.800	-69.998	
20	362.900	-69.998	
20	363.000	-69.998	
20	363.100	-69.998	
20	363.200	-69.998	
20	363.300	-69.998	
20	363.400	-69.998	
20	363.500	-69.998	
20	363.600	-69.998	
20	363.700	-69.998	
20	363.800	-69.998	
20	363.900	-69.998	
20	364.000	-69.998	
20	364.100	-69.998	
20	364.200	-69.998	
20	364.300	-69.998	
20	364.400	-69.998	
20	364.500	-69.998	
20	364.600	-69.998	
20	364.700	-69.998	
20	364.800	-69.998	
20	364.900	-69.998	
20	365.000	-69.998	
20	365.100	-69.998	
20	365.200	-69.998	
20	365.300	-69.998	
20	365.400	-69.998	
20	365.500	-69.998	
20	365.600	-69.998	
20	365.700	-69.998	
20	365.800	-69.998	
20	365.900	-69.998	
20	366.000	-69.998	
20	366.100	-69.998	
20	366.200	-69.998	
20	366.300	-69.998	
20	366.400	-69.998	
20	366.500	-69.998	
20	366.600	-69.998	
20	366.700	-69.998	
20	366.800	-69.998	
20	366.900	-69.998	
20	367.000	-69.998	
20	367.100	-69.998	
20	367.200	-69.998	
20	367.300	-69.998	
20	367.400	-69.998	
20	367.500	-69.998	
20	367.600	-69.998	
20	367.700	-69.998	
20	367.800	-69.998	
20	367.900	-69.998	
20	368.000	-69.998	
20	368.100	-69.998	
20	368.200	-69.998	
20	368.300	-69.998	
20	368.400	-69.998	
20	368.500	-69.998	
20	368.600	-69.998	
20	368.700	-69.998	
20	368.800	-69.998	
20	368.900	-69.998	
20	369.000	-69.998	
20	369.100	-69.998	
20	369.200	-69.998	
20	369.300	-69.998	
20	369.400	-69.998	
20	369.500	-69.998	
20	369.600	-69.998	
20	369.700	-69.998	
20	369.800	-69.998	
20	369.900	-69.998	
20	370.000	-69.998	
20	370.100	-69.998	
20	370.200	-69.998	
20	370.300	-69.998	
20	370.400	-69.998	
20	370.500	-69.998	
20	370.600	-69.998	
20	370.700	-69.998	
20	370.800	-69.998	
20	370.900	-69.998	
20	371.000	-69.998	
20	371.100	-69.998	
20	371.200	-69.998	
20	371.300	-69.998	
20	371.400	-69.998	
20	371.500	-69.998	
20	371.600	-69.998	
20	371.700	-69.998	
20	371.800	-69.998	
20	371.900	-69.998	
20	372.000	-69.998	
20	372.100	-69.998	
20	372.200	-69.998	
20	372.300	-69.998	
20	372.400	-69.998	
20	372.500	-69.998	
20	372.600	-69.998	
20	372.700	-69.998	
20	372.800	-69.998	
20	372.900	-69.998	
20	373.000	-69.998	
20	373.100	-69.998	
20	373.200	-69.998	
20	373.300	-69.998	
20	373.400	-69.998	
20	373.500	-69.998	
20	373.600	-69.998	
20	373.700	-69.998	
20	373.800	-69.998	
20	373.900	-69.998	
20	374.000	-69.998	
20	374.100	-69.998	
20	374.200	-69.998	
20	374.300	-69.998	
20	374.400	-69.998	
20	374.500	-69.998	
20	374.600	-69.998	
20	374.700	-69.998	
20	374.800	-69.998	
20	374.900	-69.998	
20	375.000	-69.998	
20	375.100	-69.998	
20	375.200	-69.998	
20	375.300	-69.998	
20	375.400	-69.998	
20	375.500	-69.998	
20	375.600	-69.998	
20	375.700	-69.998	
20	375.800	-69.998	
20	375.900	-69.998	
20	376.000	-69.998	
20	376.100	-69.998	
20	376.200	-69.998	
20	376.300	-69.998	
20	376.400	-69.998	
20	376.500	-69.998	
20	376.600	-69.998	
20	376.700	-69.998	
20	376.800	-69.998	
20	376.900	-69.998	
20	377.000	-69.998	
20	377.100	-69.998	
20	377.200	-69.998	
20	377.300	-69.998	
20	377.400	-69.998	
20	377.500	-69.998	
20	377.600	-69.998	
20	377.700	-69.998	
20	377.800	-69.998	
20	377.900	-69.998	
20	378.000	-69.998	
20	378.100	-69.998	
20	378.200	-69.998	
20	378.300	-69.998	
20	378.400	-69.998	
20	378.500	-69.998	
20	378.600	-69.998	
20	378.700	-69.998	
20	378.800	-69.998	
20	378.900	-69.998	
20	379.000	-69.998	
20	379.100	-69.998	
20	379.200	-69.998	
20	379.300	-69.998	
20	379.400	-69.998	
20	379.500	-69.998	
20	379.600	-69.998	
20	379.700	-69.998	
20	379.800	-69.998	
20	379.900	-69.998	
20	380.000	-69.998	
20	380.100	-69.998	
20	380.200	-69.998	
20	380.300	-69.998	
20	380.400	-69.998	
20	380.500	-69.998	
20	380.600	-69.998	
20	380.700	-69.998	
20	380.800	-69.998	
20	380.900	-69.998	
20	381.000	-69.998	
20	381.100	-69.998	
20	381.200	-69.998	
20	381.300	-69.998	
20	381.400	-69.998	
20	381.500	-69.998	
20	381.600	-69.998	
20	381.700	-69.998	
20	381.800	-69.998	
20	381.900	-69.998	
20	382.000	-69.998	
20	382.100	-69.998	
20	382.200	-69.998	
20	382.300	-69.998	
20	382.400	-69.998	
20	382.500	-69.998	
20	382.600	-69.998	
20	382.700	-69.998	
20	382.800	-69.998	
20	382.900	-69.998	
20	383.000	-69.998	
20	383.100	-69.998	
20	383.200	-69.998	
20	383.300	-69.998	
20	383.400	-69.998	
20	383.500	-69.998	
20	383.600	-69.998	
20	383.700	-69.998	
20	383.800	-69.998	
20	383.900	-69.998	
20	384.000	-69.998	
20	384.100	-69.998	
20	384.200	-69.998	
20	384.300	-69.998	
20	384.400	-69.998	
20	384.500	-69.998	
20	384.600	-69.998	
20	384.700	-69.998	
20	384.800	-69.998	
20	384.900	-69.998	
20	385.000	-69.998	
20	385.100	-69.998	
20	385.200	-69.998	
20	385.300	-69.998	
20	385.400	-69.998	
20	385.500	-69.998	
20	385.600	-69.998	
20	385.700	-69.998	
20	385.800	-69.998	
20	385.900	-69.998	
20	386.000	-69.998	
20	386.100	-69.998	
20	386.200	-69.998	
20	386.300	-69.998	
20	386.400	-69.998	
20	386.500	-69.998	
20	386.600	-69.998	
20	386.700	-69.998	
20	386.800	-69.998	
20	386.900	-69.998	
20	387.000	-69.998	
20	387.100	-69.998	
20	387.200	-69.998	
20	387.300	-69.998	
20	387.400	-69.998	
20	387.500	-69.998	
20	387.600	-69.998	
20	387.700	-69.998	
20	387.800	-69.998	
20	387.900	-69.998	
20	388.000	-69.998	
20	388.100	-69.998	
20	388.200	-69.998	
20	388.300	-69.998	
20	388.400	-69.998	
20	388.500	-69.998	
20	388.600	-69.998	
20	388.700	-69.998	
20	388.800	-69.998	
20	388.900	-69.998	
20	389.000	-69.998	
20	389.100	-69.998	
20	389.200	-69.998	
20	389.300	-69.998	
20	389.400	-69.998	
20	389.500	-69.998	
20	389.600	-69.998	
20	389.700	-69.998	
20	389.800	-69.998	
20	389.900	-69.998	
20	390.000	-69.998	
20	390.100	-69.998	
20	390.200	-69.998	
20	390.300	-69.998	
20	390.400	-69.998	
20	390.500	-69.998	
20	390.600	-69.998	
20	390.700	-69.998	
20	390.800	-69.998	
20	390.900	-69.998	
20	391.000	-69.998	
20	391.100	-69.998	
20	391.200	-69.998	
20	391.300	-69.998	
20	391.400	-69.998	
20	391.500	-69.998	
20	391.600	-69.998	
20	391.700	-69.998	
20	391.800	-69.998	
20	391.900	-69.998	
20	392.000	-69.998	
20	392.100	-69.998	
20	392.200	-69.998	
20	392.300	-69.998	
20	392.400	-69.998	
20	392.500	-69.998	
20	392.600	-69.998	
20	392.700	-69.998	
20	392.800	-69.998	
20	392.900	-69.998	
20	393.000	-69.998	
20	393.100	-69.998	
20	393.200	-69.998	
20	393.300	-69.998	
20	393.400	-69.998	
20	393.500	-69.998	
20	393.600	-69.998	
20	393.700	-69.998	
20	393.800	-69.998	
20	393.900	-69.998	
20	394.000	-69.998	
20	394.100	-69.998	
20	394.200	-69.998	
20	394.300	-69.998	
20	394.400	-69.998	
20	394.500	-69.998	
20	394.600	-69.998	
20	394.700	-69.998	
20	394.800	-69.998	
20	394.900	-69.998	
20	395.000	-69.998	
20	395.100	-69.998	
20	395.200	-69.998	
20	395.300	-69.998	
20	395.400	-69.998	
20	395.500	-69.998	
20	395.600	-69.998	
20	395.700	-69.998	
20	395.800	-69.998	
20	395.900	-69.998	
20	396.000	-69.998	
20	396.100	-69.998	
20	396.200	-69.998	
20	396.300	-69.998	
20	396.400	-69.998	
20	396.500	-69.998	
20	396.600	-69.998	
20	396.700	-69.998	
20	396.800	-69.998	
20	396.900	-69.998	
20	397.000	-69.998	
20	397.100	-69.998	
20	397.200	-69.998	
20	397.300	-69.998	
20	397.400	-69.998	
20	397.500	-69.998	
20	397.600	-69.998	
20	397.700	-69.998	
20	397.800	-69.998	
20	397.900	-69.998	
20	398.000	-69.998	
20	398.100	-69.998	
20	398.200	-69.998	
20	398.300	-69.998	
20	398.400	-69.998	
20	398.500	-69.998	
20	398.600	-69.998	
20	398.700	-69.998	
20	398.800	-69.998	
20	398.900	-69.998	
20	399.000	-69.998	
20	399.100	-69.998	
20	399.200	-69.998	
20	399.300	-69.998	
20	399.400	-69.998	
20	399.500	-69.998	
20	399.600	-69.998	
20	399.700	-69.998	
20	399.800	-69.998	
20	399.900	-69.998	
20	400.000	-69.998	
20	400.100	-69.998	
20	400.200	-69.998	
20	400.300	-69.998	
20	400.400	-69.998	
20	400.500	-69.998	
20	400.600	-69.998	
20	400.700	-69.998	
20	400.800	-69.998	
20	400.900	-69.998	
20	401.000	-69.998	
20	401.100	-69.998	
20	401.200	-69.998	
20	401.300	-69.998	
20	401.400	-69.998	
20	401.500	-69.998	
20	401.600	-69.998	
20	401.700	-69.998	
20	401.800	-69.998	
20	401.900	-69.998	
20	402.000	-69.998	
20	402.100	-69.998	
20	402.200	-69.998	
20	402.300	-69.998	
20	402.400	-69.998	
20	402.500	-69.998	
20	402.600	-69.998	
20	402.700	-69.998	
20	402.800	-69.998	
20	402.900	-69.998	
20	403.000	-69.998	
20	403.100	-69.998	
20	403.200	-69.998	
20	403.300	-69.998	
20	403.400	-69.998	
20	403.500	-69.998	
20	403.600	-69.998	
20	403.700	-69.998	
20	403.800	-69.998	
20	403.900	-69.998	
20	404.000	-69.998	
20	404.100	-69.998	
20	404.200	-69.998	
20	404.300	-69.998	
20	404.400	-69.998	
20	404.500	-69.998	
20	404.600	-69.998	
20	404.700	-69.998	
20	404.800	-69.998	
20	404.900	-69.998	
20	405.000	-69.998	
20	405.100	-69.998	
20	405.200	-69.998	
20	405.300	-69.998	
20	405.400	-69.998	
20	405.500	-69.998	
20	405.600	-69.998	
20	405.700	-69.998	
20	405.800	-69.998	
20	405.900	-69.998	
20	406.000	-69.998	
20	406.100	-69.998	
20	406.200	-69.998	
20	406.300	-69.998	
20	406.400	-69.998	
20	406.500	-69.998	
20	406.600	-69.998	
20	406.700	-69.998	
20	406.800	-69.998	
20	406.900	-69.998	
20	407.000	-69.998	
20	407.100	-69.998	
20	407.200	-69.998	
20	407.300	-69.998	
20	407.400	-69.998	
20	407.500	-69.998	
20	407.600	-69.998	
20	407.700	-69.998	
20	407.800	-69.998	
20	407.900	-69.998	
20	408.000	-69.998	
20	408.100	-69.998	
20	408.200	-69.998	
20	408.300	-69.998	
20	408.400	-69.998	
20	408.500	-69.998	
20	408.600	-69.998	
20	408.700	-69.998	
20	408.800	-69.998	
20	408.900	-69.998	
20	409.000	-69.998	
20	409.100	-69.998	
20	409.200	-69.998	
20	409.300	-69.998	
20	409.400	-69.998	
20	409.500	-69.998	
20	409.600	-69.998	
20	409.700	-69.998	
20	409.800	-69.998	
20	409.900	-69.998	
20	410.000	-69.998	
20	410.100	-69.998	
20	410.200	-69.998	
20	410.300	-69.998	
20	410.400	-69.998	
20	410.500	-69.998	
20	410.600	-69.998	
20	410.700	-69.998	
20	410.800	-69.998	
20	410.900	-69.998	
20	411.000	-69.998	
20	411.100	-69.998	
20	411.200	-69.998	
20	411.300	-69.998	
20	411.400	-69.998	
20	411.500	-69.998	
20	411.600	-69.998	
20	411.700	-69.998	
20	411.800	-69.998	
20	411.900	-69.998	
20	412.000	-69.998	
20	412.100	-69.998	
20	412.200	-69.998	
20	412.300	-69.998	
20	412.400	-69.998	
20	412.500	-69.998	
20	412.600	-69.998	
20	412.700	-69.998	
20	412.800	-69.998	
20	412.900	-69.998	
20	413.000	-69.998	
20	413.100	-69.998	
20	413.200	-69.998	
20	413.300	-69.998	
20	413.400	-69.998	
20	413.500	-69.998	
20	413.600	-69.998	
20	413.700	-69.998	
20	413.800	-69.998	
20	413.900	-69.998	
20	414.000	-69.998	
20	414.100	-69.998	
20	414.200	-69.998	
20	414.300	-69.998	
20	414.400	-69.998	
20	414.500	-69.998	
20	414.600	-69.998	
20	414.700	-69.998	
20	414.800	-69.998	
20	414.900	-69.998	
20	415.000	-69.998	
20	415.100	-69.998	
20	415.200	-69.998	
20	415.300	-69.998	
20	415.400	-69.998	
20	415.500	-69.998	
20	415.600	-69.998	
20	415.700	-69.998	
20	415.800	-69.998	
20	415.900	-69.998	
20	416.000	-69.998	
20	416.100	-69.998	
20	416.200	-69.998	
20	416.300	-69.998	
20	416.400	-69.998	
20	416.500	-69.998	
20	416.600	-69.998	
20	416.700	-69.998	
20	416.800	-69.998	
20	416.900	-69.998	
20	417.000	-69.998	
20	417.100	-69.998	
20	417.200	-69.998	
20	417.300	-69.998	
20	417.400	-69.998	
20	417.500	-69.998	
20	417.600	-69.998	
20	417.700	-69.998	
20	417.800	-69.998	
20	417.900	-69.998	
20	418.000	-69.998	
20	418.100	-69.998	
20	418.200	-69.998	
20	418.300	-69.998	
20	418.400	-69.998	
20	418.500	-69.998	
20	418.600	-69.998	
20	418.700	-69.998	
20	418.800	-69.998	
20	418.900	-69.998	
20	419.000	-69.998	
20	419.100	-69.998	
20	419.200	-69.998	
20	419.300	-69.998	
20	419.400	-69.998	
20	419.500	-69.998	
20	419.600	-69.998	
20	419.700	-69.998	
20	419.800	-69.998	
20	419.900	-69.998	
20	420.000	-69.998	
20	420.100	-69.998	
20	420.200	-69.998	
20	420.300	-69.998	
20	420.400	-69.998	
20	420.500	-69.998	
20	420.600	-69.998	
20	420.700	-69.998	
20	420.800	-69.998	
20	420.900	-69.998	
20	421.000	-69.998	
20	421.100	-69.998	
20	421.200	-69.998	
20	421.300	-69.998	
20	421.400	-69.998	
20	421.500	-69.998	
20	421.600	-69.998	
20	421.700	-69.998	
20	421.800	-69.998	
20	421.900	-69.998	
20	422.000	-69.998	
20	422.100	-69.998	
20	422.200	-69.998	
20	422.300	-69.998	
20	422.400	-69.998	
20	422.500	-69.998	
20	422.600	-69.998	
20	422.700	-69.998	
20	422.800	-69.998	
20	422.900	-69.998	
20	423.000	-69.998	
20	423.100	-69.998	
20	423.200	-69.998	
20	423.300	-69.998	
20	423.400	-69.998	
20	423.500	-69.998	
20	423.600	-69.998	
20	423.700	-69.998	
20	423.800	-69.998	
20	423.900	-69.998	
20	424.000	-69.998	
20	424.100	-69.998	
20	424.200	-69.998	
20	424.300	-69.998	
20	424.400	-69.998	
20	424.500	-69.998	
20	424.600	-69.998	
20	424.700	-69.998	
20	424.800	-69.998	
20	424.900	-69.998	
20	425.000	-69.998	
20	425.100	-69.998	
20	425.200	-69.998	
20	425.300	-69.998	
20	425.400	-69.998	
20	425.500	-69.998	
20	425.600	-69.998	
20	425.700	-69.998	
20	425.800	-69.998	
20	425.900	-69.998	
20	426.000	-69.998	
20	426.100	-69.998	
20	426.200	-69.998	
20	426.300	-69.998	
20	426.400	-69.998	
20	426.500	-69.998	
20	426.600	-69.998	
20	426.700	-69.998	
20	426.800	-69.998	
20	426.900	-69.998	
20	427.000	-69.998	
20	427.100	-69.998	
20	427.200	-69.998	
20	427.300	-69.998	
20	427.400	-69.998	
20	427.500	-69.998	
20	427.600	-69.998	
20	427.700	-69.998	
20	427.800	-69.998	
20	427.900	-69.998	
20	428.000	-69.998	
20	428.100	-69.998	
20	428.200	-69.998	
20	428.300	-69.998	
20	428.400	-69.998	
20	428.500	-69.998	
20	428.600	-69.998	
20	428.700	-69.998	
20	428.800	-69.998	
20	428.900	-69.998	
20	429.000	-69.998	
20	429.100	-69.998	
20	429.200	-69.998	
20	429.300	-69.998	
20	429.400	-69.998	
20	429.500	-69.998	
20	429.600	-69.998	
20	429.700	-69.998	
20	429.800	-69.998	
20	429.900	-69.998	
20	430.000	-69.998	
20	430.100	-69.998	
20	430.200	-69.998	
20	430.300	-69.998	
20	430.400	-69.998	
20	430.500	-69.998	
20	430.600	-69.998	
20	430.700	-69.998	
20	430.800	-69.998	
20	430.900	-69.998	
20	431.000	-69.998	
20	431.100	-69.998	
20	431.200	-69.998	
20	431.300	-69.998	
20	431.400	-69.998	
20	431.500	-69.998	
20	431.600	-69.998	
20	431.700	-69.998	
20	431.800	-69.998	
20	431.900	-69.998	
20	432.000	-69.998	
20	432.100	-69.998	
20	432.200	-69.998	
20	432.300	-69.998	
20	432.400	-69.998	
20	432.500	-69.998	
20	432.600	-69.998	
20	432.700	-69.998	
20	432.800	-69.998	
20	432.900	-69.998	
20	433.000	-69.998	
20	433.100	-69.998	
20	433.200	-69.998	
20	433.300	-69.998	
20	433.400	-69.998	
20	433.500	-69.998	
20	433.600	-69.998	
20	433.700	-69.998	
20	433.800	-69.998	
20	433.900	-69.998	
20	434.000	-69.998	
20	434.100	-69.998	
20	434.200	-69.998	
20	434.300	-69.998	
20	434.400	-69.998	
20	434.500	-69.998	
20	434.600	-69.998	
20	434.700	-69.998	
20	434.800	-69.998	
20	434.900	-69.998	
20	435.000	-69.998	
20	435.100	-69.998	
20	435.200	-69.998	
20	435.300	-69.998	
20	435.400	-69.998	
20	435.500	-69.998	
20	435.600	-69.998	
20	435.700	-69.998	
20	435.800	-69.998	
20	435.900	-69.998	
20	436.000	-69.998	
20	436.100	-69.998	
20	436.200	-69.998	
20	436.300	-69.998	
20	436.400	-69.998	
20	436.500	-69.998	
20	436.600	-69.998	
20	436.700	-69.998	
20	436.800	-69.998	
20	436.900	-69.998	
20	437.000	-69.998	
20	437.100	-69.998	
20	437.200	-69.998	
20	437.300	-69.998	
20	437.400	-69.998	
20	437.500	-69.998	
20	437.600	-69.998	
20	437.700	-69.998	
20	437.800	-69.998	
20	437.900	-69.998	
20	438.000	-69.998	
20	438.100	-69.998	
20	438.200	-69.998	
20	438.300	-69.998	
20	438.400	-69.998	
20	438.500	-69.998	
20	438.600	-69.998	
20	438.700	-69.998	
20	438.800	-69.998	
20	438.900	-69.998	
20	439.000	-69.998	
20	439.100	-69.998	
20	439.200	-69.998	
20	439.300	-69.998	
20	439.400	-69.998	
20	439.500	-69.998	
20	439.600	-69.998	
20	439.700	-69.998	
20	439.800	-69.998	
20	439.900	-69.998	
20	440.000	-69.998	
20	440.100	-69.998	
20	440.200	-69.998	
20	440.300	-69.998	
20	440.400	-69.998	
20	440.500	-69.998	
20	440.600	-69.998	
20	440.700	-69.998	
20	440.800	-69.998	
20	440.900	-69.998	
20	441.000	-69.998	
20	441.100	-69.998	
20	441.200	-69.998	
20	441.300	-69.998	
20	441.400	-69.998	
20	441.500	-69.998	
20	441.600	-69.998	
20	441.700	-69.998	
20	441.800	-69.998	
20	441.900	-69.998	
20	442.000	-69.998	
20	442.100	-69.998	
20	442.200	-69.998	
20	442.300	-69.998	
20	442.400	-69.998	
20	442.500	-69.998	
20	442.600	-69.998	
20	442.700	-69.998	
20	442.800	-69.998	
20	442.900	-69.998	
20	443.000	-69.998	
20	443.100	-69.998	
20	443.200	-69.998	
20	443.300	-69.998	
20	443.400	-69.998	
20	443.500	-69.998	
20	443.600	-69.998	
20	443.700	-69.998	
20	443.800	-69.998	
20	443.900	-69.998	
20	444.000	-69.998	
20	444.100	-69.998	
20	444.200	-69.998	
20	444.300	-69.998	
20	444.400	-69.998	
20	444.500	-69.998	
20	444.600	-69.998	
20	444.700	-69.998	
20	444.800	-69.998	
20	444.900	-69.998	
20	445.000	-69.998	
20	445.100	-69.998	
20	445.200	-69.998	
20	445.300	-69.998	
20	445.400	-69.998	
20	445.500	-69.998	
20	445.600	-69.998	
20	445.700	-69.998	
20	445.800	-69.998	
20	445.900	-69.998	
20	446.000	-69.998	
20	446.100	-69.998	
20	446.200	-69.998	
20	446.300	-69.998	
20	446.400	-69.998	
20	446.500	-69.998	
20	446.600	-69.998	
20	446.700	-69.998	
20	446.800	-69.998	
20	446.900	-69.998	
20	447.000	-69.998	
20	447.100	-69.998	
20	447.200	-69.998	
20	447.300	-69.998	
20	447.400	-69.998	
20	447.500	-69.998	
20	447.600	-69.998	
20	447.700	-69.998	
20	447.800	-69.998	
20	447.900	-69.998	
20	448.000	-69.998	
20	448.100	-69.998	
20	448.200	-69.998	
20	448.300	-69.998	
20	448.400	-69.998	
20	448.500	-69.998	
20	448.600	-69.998	
20	448.700	-69.998	
20	448.800	-69.998	
20	448.900	-69.998	
20	449.000	-69.998	
