18	0.100	-70.000	
18	0.200	-70.000	
18	0.300	-70.000	
18	0.400	-70.000	
18	0.500	-70.000	
18	0.600	-70.000	
18	0.700	-70.000	
18	0.800	-70.000	
18	0.900	-70.000	
18	1.000	-70.000	
18	1.100	-70.000	
18	1.200	-70.000	
18	1.300	-70.000	
18	1.400	-70.000	
18	1.500	-70.000	
18	1.600	-70.000	
18	1.700	-70.000	
18	1.800	-69.999	
18	1.900	-69.999	
18	2.000	-69.999	
18	2.100	-69.999	
18	2.200	-69.999	
18	2.300	-69.999	
18	2.400	-69.999	
18	2.500	-69.999	
18	2.600	-69.999	
18	2.700	-69.999	
18	2.800	-69.999	
18	2.900	-69.999	
18	3.000	-69.999	
18	3.100	-69.999	
18	3.200	-69.999	
18	3.300	-69.999	
18	3.400	-69.999	
18	3.500	-69.999	
18	3.600	-69.999	
18	3.700	-69.999	
18	3.800	-69.999	
18	3.900	-69.999	
18	4.000	-69.999	
18	4.100	-69.999	
18	4.200	-69.999	
18	4.300	-69.999	
18	4.400	-69.999	
18	4.500	-69.999	
18	4.600	-69.999	
18	4.700	-69.999	
18	4.800	-69.999	
18	4.900	-69.999	
18	5.000	-69.999	
18	5.100	-69.999	
18	5.200	-69.999	
18	5.300	-69.999	
18	5.400	-69.999	
18	5.500	-69.999	
18	5.600	-69.999	
18	5.700	-69.999	
18	5.800	-69.999	
18	5.900	-69.999	
18	6.000	-69.999	
18	6.100	-69.999	
18	6.200	-69.999	
18	6.300	-69.999	
18	6.400	-69.999	
18	6.500	-69.999	
18	6.600	-69.999	
18	6.700	-69.999	
18	6.800	-69.999	
18	6.900	-69.999	
18	7.000	-69.999	
18	7.100	-69.999	
18	7.200	-69.999	
18	7.300	-69.999	
18	7.400	-69.999	
18	7.500	-69.999	
18	7.600	-69.999	
18	7.700	-69.999	
18	7.800	-69.999	
18	7.900	-69.999	
18	8.000	-69.999	
18	8.100	-69.999	
18	8.200	-69.999	
18	8.300	-69.999	
18	8.400	-69.999	
18	8.500	-69.999	
18	8.600	-69.999	
18	8.700	-69.999	
18	8.800	-69.999	
18	8.900	-69.999	
18	9.000	-69.999	
18	9.100	-69.999	
18	9.200	-69.999	
18	9.300	-69.999	
18	9.400	-69.999	
18	9.500	-69.999	
18	9.600	-69.999	
18	9.700	-69.999	
18	9.800	-69.999	
18	9.900	-69.998	
18	10.000	-69.998	
18	10.100	-69.998	
18	10.200	-69.998	
18	10.300	-69.998	
18	10.400	-69.998	
18	10.500	-69.998	
18	10.600	-69.998	
18	10.700	-69.998	
18	10.800	-69.998	
18	10.900	-69.998	
18	11.000	-69.998	
18	11.100	-69.998	
18	11.200	-69.998	
18	11.300	-69.998	
18	11.400	-69.998	
18	11.500	-69.998	
18	11.600	-69.998	
18	11.700	-69.998	
18	11.800	-69.998	
18	11.900	-69.998	
18	12.000	-69.998	
18	12.100	-69.998	
18	12.200	-69.998	
18	12.300	-69.998	
18	12.400	-69.998	
18	12.500	-69.998	
18	12.600	-69.998	
18	12.700	-69.998	
18	12.800	-69.998	
18	12.900	-69.998	
18	13.000	-69.998	
18	13.100	-69.998	
18	13.200	-69.998	
18	13.300	-69.998	
18	13.400	-69.998	
18	13.500	-69.998	
18	13.600	-69.998	
18	13.700	-69.998	
18	13.800	-69.998	
18	13.900	-69.998	
18	14.000	-69.998	
18	14.100	-69.998	
18	14.200	-69.998	
18	14.300	-69.998	
18	14.400	-69.998	
18	14.500	-69.998	
18	14.600	-69.998	
18	14.700	-69.998	
18	14.800	-69.998	
18	14.900	-69.998	
18	15.000	-69.998	
18	15.100	-69.998	
18	15.200	-69.998	
18	15.300	-69.998	
18	15.400	-69.998	
18	15.500	-69.998	
18	15.600	-69.998	
18	15.700	-69.998	
18	15.800	-69.998	
18	15.900	-69.998	
18	16.000	-69.998	
18	16.100	-69.998	
18	16.200	-69.998	
18	16.300	-69.998	
18	16.400	-69.998	
18	16.500	-69.998	
18	16.600	-69.998	
18	16.700	-69.998	
18	16.800	-69.998	
18	16.900	-69.998	
18	17.000	-69.998	
18	17.100	-69.998	
18	17.200	-69.998	
18	17.300	-69.998	
18	17.400	-69.998	
18	17.500	-69.998	
18	17.600	-69.998	
18	17.700	-69.998	
18	17.800	-69.998	
18	17.900	-69.998	
18	18.000	-69.998	
18	18.100	-69.998	
18	18.200	-69.998	
18	18.300	-69.998	
18	18.400	-69.998	
18	18.500	-69.998	
18	18.600	-69.998	
18	18.700	-69.998	
18	18.800	-69.998	
18	18.900	-69.998	
18	19.000	-69.998	
18	19.100	-69.998	
18	19.200	-69.998	
18	19.300	-69.998	
18	19.400	-69.998	
18	19.500	-69.998	
18	19.600	-69.998	
18	19.700	-69.998	
18	19.800	-69.998	
18	19.900	-69.998	
18	20.000	-69.998	
18	20.100	-69.998	
18	20.200	-69.998	
18	20.300	-69.998	
18	20.400	-69.998	
18	20.500	-69.998	
18	20.600	-69.998	
18	20.700	-69.998	
18	20.800	-69.998	
18	20.900	-69.998	
18	21.000	-69.998	
18	21.100	-69.998	
18	21.200	-69.998	
18	21.300	-69.998	
18	21.400	-69.998	
18	21.500	-69.998	
18	21.600	-69.998	
18	21.700	-69.998	
18	21.800	-69.998	
18	21.900	-69.998	
18	22.000	-69.998	
18	22.100	-69.998	
18	22.200	-69.998	
18	22.300	-69.998	
18	22.400	-69.998	
18	22.500	-69.998	
18	22.600	-69.998	
18	22.700	-69.998	
18	22.800	-69.998	
18	22.900	-69.998	
18	23.000	-69.998	
18	23.100	-69.998	
18	23.200	-69.998	
18	23.300	-69.998	
18	23.400	-69.998	
18	23.500	-69.998	
18	23.600	-69.998	
18	23.700	-69.998	
18	23.800	-69.998	
18	23.900	-69.998	
18	24.000	-69.998	
18	24.100	-69.998	
18	24.200	-69.998	
18	24.300	-69.998	
18	24.400	-69.998	
18	24.500	-69.998	
18	24.600	-69.998	
18	24.700	-69.998	
18	24.800	-69.998	
18	24.900	-69.998	
18	25.000	-69.998	
18	25.100	-69.998	
18	25.200	-69.998	
18	25.300	-69.998	
18	25.400	-69.998	
18	25.500	-69.998	
18	25.600	-69.998	
18	25.700	-69.998	
18	25.800	-69.998	
18	25.900	-69.998	
18	26.000	-69.998	
18	26.100	-69.998	
18	26.200	-69.998	
18	26.300	-69.998	
18	26.400	-69.998	
18	26.500	-69.998	
18	26.600	-69.998	
18	26.700	-69.998	
18	26.800	-69.998	
18	26.900	-69.998	
18	27.000	-69.998	
18	27.100	-69.998	
18	27.200	-69.998	
18	27.300	-69.998	
18	27.400	-69.998	
18	27.500	-69.998	
18	27.600	-69.998	
18	27.700	-69.998	
18	27.800	-69.998	
18	27.900	-69.998	
18	28.000	-69.998	
18	28.100	-69.998	
18	28.200	-69.998	
18	28.300	-69.998	
18	28.400	-69.998	
18	28.500	-69.998	
18	28.600	-69.998	
18	28.700	-69.998	
18	28.800	-69.998	
18	28.900	-69.998	
18	29.000	-69.998	
18	29.100	-69.998	
18	29.200	-69.998	
18	29.300	-69.998	
18	29.400	-69.998	
18	29.500	-69.998	
18	29.600	-69.998	
18	29.700	-69.998	
18	29.800	-69.998	
18	29.900	-69.998	
18	30.000	-69.998	
18	30.100	-69.998	
18	30.200	-69.998	
18	30.300	-69.998	
18	30.400	-69.998	
18	30.500	-69.998	
18	30.600	-69.998	
18	30.700	-69.998	
18	30.800	-69.998	
18	30.900	-69.998	
18	31.000	-69.998	
18	31.100	-69.998	
18	31.200	-69.998	
18	31.300	-69.998	
18	31.400	-69.998	
18	31.500	-69.998	
18	31.600	-69.998	
18	31.700	-69.998	
18	31.800	-69.998	
18	31.900	-69.998	
18	32.000	-69.998	
18	32.100	-69.998	
18	32.200	-69.998	
18	32.300	-69.998	
18	32.400	-69.998	
18	32.500	-69.998	
18	32.600	-69.998	
18	32.700	-69.998	
18	32.800	-69.998	
18	32.900	-69.998	
18	33.000	-69.998	
18	33.100	-69.998	
18	33.200	-69.998	
18	33.300	-69.998	
18	33.400	-69.998	
18	33.500	-69.998	
18	33.600	-69.998	
18	33.700	-69.998	
18	33.800	-69.998	
18	33.900	-69.998	
18	34.000	-69.998	
18	34.100	-69.998	
18	34.200	-69.998	
18	34.300	-69.998	
18	34.400	-69.998	
18	34.500	-69.998	
18	34.600	-69.998	
18	34.700	-69.998	
18	34.800	-69.998	
18	34.900	-69.998	
18	35.000	-69.998	
18	35.100	-69.998	
18	35.200	-69.998	
18	35.300	-69.998	
18	35.400	-69.998	
18	35.500	-69.998	
18	35.600	-69.998	
18	35.700	-69.998	
18	35.800	-69.998	
18	35.900	-69.998	
18	36.000	-69.998	
18	36.100	-69.998	
18	36.200	-69.998	
18	36.300	-69.998	
18	36.400	-69.998	
18	36.500	-69.998	
18	36.600	-69.998	
18	36.700	-69.998	
18	36.800	-69.998	
18	36.900	-69.998	
18	37.000	-69.998	
18	37.100	-69.998	
18	37.200	-69.998	
18	37.300	-69.998	
18	37.400	-69.998	
18	37.500	-69.998	
18	37.600	-69.998	
18	37.700	-69.998	
18	37.800	-69.998	
18	37.900	-69.998	
18	38.000	-69.998	
18	38.100	-69.998	
18	38.200	-69.998	
18	38.300	-69.998	
18	38.400	-69.998	
18	38.500	-69.998	
18	38.600	-69.998	
18	38.700	-69.998	
18	38.800	-69.998	
18	38.900	-69.998	
18	39.000	-69.998	
18	39.100	-69.998	
18	39.200	-69.998	
18	39.300	-69.998	
18	39.400	-69.998	
18	39.500	-69.998	
18	39.600	-69.998	
18	39.700	-69.998	
18	39.800	-69.998	
18	39.900	-69.998	
18	40.000	-69.998	
18	40.100	-69.998	
18	40.200	-69.998	
18	40.300	-69.998	
18	40.400	-69.998	
18	40.500	-69.998	
18	40.600	-69.998	
18	40.700	-69.998	
18	40.800	-69.998	
18	40.900	-69.998	
18	41.000	-69.998	
18	41.100	-69.998	
18	41.200	-69.998	
18	41.300	-69.998	
18	41.400	-69.998	
18	41.500	-69.998	
18	41.600	-69.998	
18	41.700	-69.998	
18	41.800	-69.998	
18	41.900	-69.998	
18	42.000	-69.998	
18	42.100	-69.998	
18	42.200	-69.998	
18	42.300	-69.998	
18	42.400	-69.998	
18	42.500	-69.998	
18	42.600	-69.998	
18	42.700	-69.998	
18	42.800	-69.998	
18	42.900	-69.998	
18	43.000	-69.998	
18	43.100	-69.998	
18	43.200	-69.998	
18	43.300	-69.998	
18	43.400	-69.998	
18	43.500	-69.998	
18	43.600	-69.998	
18	43.700	-69.998	
18	43.800	-69.998	
18	43.900	-69.998	
18	44.000	-69.998	
18	44.100	-69.998	
18	44.200	-69.998	
18	44.300	-69.998	
18	44.400	-69.998	
18	44.500	-69.998	
18	44.600	-69.998	
18	44.700	-69.998	
18	44.800	-69.998	
18	44.900	-69.998	
18	45.000	-69.998	
18	45.100	-69.998	
18	45.200	-69.998	
18	45.300	-69.998	
18	45.400	-69.998	
18	45.500	-69.998	
18	45.600	-69.998	
18	45.700	-69.998	
18	45.800	-69.998	
18	45.900	-69.998	
18	46.000	-69.998	
18	46.100	-69.998	
18	46.200	-69.998	
18	46.300	-69.998	
18	46.400	-69.998	
18	46.500	-69.998	
18	46.600	-69.998	
18	46.700	-69.998	
18	46.800	-69.998	
18	46.900	-69.998	
18	47.000	-69.998	
18	47.100	-69.998	
18	47.200	-69.998	
18	47.300	-69.998	
18	47.400	-69.998	
18	47.500	-69.998	
18	47.600	-69.998	
18	47.700	-69.998	
18	47.800	-69.998	
18	47.900	-69.998	
18	48.000	-69.998	
18	48.100	-69.998	
18	48.200	-69.998	
18	48.300	-69.998	
18	48.400	-69.998	
18	48.500	-69.998	
18	48.600	-69.998	
18	48.700	-69.998	
18	48.800	-69.998	
18	48.900	-69.998	
18	49.000	-69.998	
18	49.100	-69.998	
18	49.200	-69.998	
18	49.300	-69.998	
18	49.400	-69.998	
18	49.500	-69.998	
18	49.600	-69.998	
18	49.700	-69.998	
18	49.800	-69.998	
18	49.900	-69.998	
18	50.000	-69.998	
18	50.100	-69.998	
18	50.200	-69.998	
18	50.300	-69.998	
18	50.400	-69.998	
18	50.500	-69.998	
18	50.600	-69.998	
18	50.700	-69.998	
18	50.800	-69.998	
18	50.900	-69.998	
18	51.000	-69.998	
18	51.100	-69.998	
18	51.200	-69.998	
18	51.300	-69.998	
18	51.400	-69.998	
18	51.500	-69.998	
18	51.600	-69.998	
18	51.700	-69.998	
18	51.800	-69.998	
18	51.900	-69.998	
18	52.000	-69.998	
18	52.100	-69.998	
18	52.200	-69.998	
18	52.300	-69.998	
18	52.400	-69.998	
18	52.500	-69.998	
18	52.600	-69.998	
18	52.700	-69.998	
18	52.800	-69.998	
18	52.900	-69.998	
18	53.000	-69.998	
18	53.100	-69.998	
18	53.200	-69.998	
18	53.300	-69.998	
18	53.400	-69.998	
18	53.500	-69.998	
18	53.600	-69.998	
18	53.700	-69.998	
18	53.800	-69.998	
18	53.900	-69.998	
18	54.000	-69.998	
18	54.100	-69.998	
18	54.200	-69.998	
18	54.300	-69.998	
18	54.400	-69.998	
18	54.500	-69.998	
18	54.600	-69.998	
18	54.700	-69.998	
18	54.800	-69.998	
18	54.900	-69.998	
18	55.000	-69.998	
18	55.100	-69.998	
18	55.200	-69.998	
18	55.300	-69.998	
18	55.400	-69.998	
18	55.500	-69.998	
18	55.600	-69.998	
18	55.700	-69.998	
18	55.800	-69.998	
18	55.900	-69.998	
18	56.000	-69.998	
18	56.100	-69.998	
18	56.200	-69.998	
18	56.300	-69.998	
18	56.400	-69.998	
18	56.500	-69.998	
18	56.600	-69.998	
18	56.700	-69.998	
18	56.800	-69.998	
18	56.900	-69.998	
18	57.000	-69.998	
18	57.100	-69.998	
18	57.200	-69.998	
18	57.300	-69.998	
18	57.400	-69.998	
18	57.500	-69.998	
18	57.600	-69.998	
18	57.700	-69.998	
18	57.800	-69.998	
18	57.900	-69.998	
18	58.000	-69.998	
18	58.100	-69.998	
18	58.200	-69.998	
18	58.300	-69.998	
18	58.400	-69.998	
18	58.500	-69.998	
18	58.600	-69.998	
18	58.700	-69.998	
18	58.800	-69.998	
18	58.900	-69.998	
18	59.000	-69.998	
18	59.100	-69.998	
18	59.200	-69.998	
18	59.300	-69.998	
18	59.400	-69.998	
18	59.500	-69.998	
18	59.600	-69.998	
18	59.700	-69.998	
18	59.800	-69.998	
18	59.900	-69.998	
18	60.000	-69.998	
18	60.100	-69.998	
18	60.200	-69.998	
18	60.300	-69.998	
18	60.400	-69.998	
18	60.500	-69.998	
18	60.600	-69.998	
18	60.700	-69.998	
18	60.800	-69.998	
18	60.900	-69.998	
18	61.000	-69.998	
18	61.100	-69.998	
18	61.200	-69.998	
18	61.300	-69.998	
18	61.400	-69.998	
18	61.500	-69.998	
18	61.600	-69.998	
18	61.700	-69.998	
18	61.800	-69.998	
18	61.900	-69.998	
18	62.000	-69.998	
18	62.100	-69.998	
18	62.200	-69.998	
18	62.300	-69.998	
18	62.400	-69.998	
18	62.500	-69.998	
18	62.600	-69.998	
18	62.700	-69.998	
18	62.800	-69.998	
18	62.900	-69.998	
18	63.000	-69.998	
18	63.100	-69.998	
18	63.200	-69.998	
18	63.300	-69.998	
18	63.400	-69.998	
18	63.500	-69.998	
18	63.600	-69.998	
18	63.700	-69.998	
18	63.800	-69.998	
18	63.900	-69.998	
18	64.000	-69.998	
18	64.100	-69.998	
18	64.200	-69.998	
18	64.300	-69.998	
18	64.400	-69.998	
18	64.500	-69.998	
18	64.600	-69.998	
18	64.700	-69.998	
18	64.800	-69.998	
18	64.900	-69.998	
18	65.000	-69.998	
18	65.100	-69.998	
18	65.200	-69.998	
18	65.300	-69.998	
18	65.400	-69.998	
18	65.500	-69.998	
18	65.600	-69.998	
18	65.700	-69.998	
18	65.800	-69.998	
18	65.900	-69.998	
18	66.000	-69.998	
18	66.100	-69.998	
18	66.200	-69.998	
18	66.300	-69.998	
18	66.400	-69.998	
18	66.500	-69.998	
18	66.600	-69.998	
18	66.700	-69.998	
18	66.800	-69.998	
18	66.900	-69.998	
18	67.000	-69.998	
18	67.100	-69.998	
18	67.200	-69.998	
18	67.300	-69.998	
18	67.400	-69.998	
18	67.500	-69.998	
18	67.600	-69.998	
18	67.700	-69.998	
18	67.800	-69.998	
18	67.900	-69.998	
18	68.000	-69.998	
18	68.100	-69.998	
18	68.200	-69.998	
18	68.300	-69.998	
18	68.400	-69.998	
18	68.500	-69.998	
18	68.600	-69.998	
18	68.700	-69.998	
18	68.800	-69.998	
18	68.900	-69.998	
18	69.000	-69.998	
18	69.100	-69.998	
18	69.200	-69.998	
18	69.300	-69.998	
18	69.400	-69.998	
18	69.500	-69.998	
18	69.600	-69.998	
18	69.700	-69.998	
18	69.800	-69.998	
18	69.900	-69.998	
18	70.000	-69.998	
18	70.100	-69.998	
18	70.200	-69.998	
18	70.300	-69.998	
18	70.400	-69.998	
18	70.500	-69.998	
18	70.600	-69.998	
18	70.700	-69.998	
18	70.800	-69.998	
18	70.900	-69.998	
18	71.000	-69.998	
18	71.100	-69.998	
18	71.200	-69.998	
18	71.300	-69.998	
18	71.400	-69.998	
18	71.500	-69.998	
18	71.600	-69.998	
18	71.700	-69.998	
18	71.800	-69.998	
18	71.900	-69.998	
18	72.000	-69.998	
18	72.100	-69.998	
18	72.200	-69.998	
18	72.300	-69.998	
18	72.400	-69.998	
18	72.500	-69.998	
18	72.600	-69.998	
18	72.700	-69.998	
18	72.800	-69.998	
18	72.900	-69.998	
18	73.000	-69.998	
18	73.100	-69.998	
18	73.200	-69.998	
18	73.300	-69.998	
18	73.400	-69.998	
18	73.500	-69.998	
18	73.600	-69.998	
18	73.700	-69.998	
18	73.800	-69.998	
18	73.900	-69.998	
18	74.000	-69.998	
18	74.100	-69.998	
18	74.200	-69.998	
18	74.300	-69.998	
18	74.400	-69.998	
18	74.500	-69.998	
18	74.600	-69.998	
18	74.700	-69.998	
18	74.800	-69.998	
18	74.900	-69.998	
18	75.000	-69.998	
18	75.100	-69.998	
18	75.200	-69.998	
18	75.300	-69.998	
18	75.400	-69.998	
18	75.500	-69.998	
18	75.600	-69.998	
18	75.700	-69.998	
18	75.800	-69.998	
18	75.900	-69.998	
18	76.000	-69.998	
18	76.100	-69.998	
18	76.200	-69.998	
18	76.300	-69.998	
18	76.400	-69.998	
18	76.500	-69.998	
18	76.600	-69.998	
18	76.700	-69.998	
18	76.800	-69.998	
18	76.900	-69.998	
18	77.000	-69.998	
18	77.100	-69.998	
18	77.200	-69.998	
18	77.300	-69.998	
18	77.400	-69.998	
18	77.500	-69.998	
18	77.600	-69.998	
18	77.700	-69.998	
18	77.800	-69.998	
18	77.900	-69.998	
18	78.000	-69.998	
18	78.100	-69.998	
18	78.200	-69.998	
18	78.300	-69.998	
18	78.400	-69.998	
18	78.500	-69.998	
18	78.600	-69.998	
18	78.700	-69.998	
18	78.800	-69.998	
18	78.900	-69.998	
18	79.000	-69.998	
18	79.100	-69.998	
18	79.200	-69.998	
18	79.300	-69.998	
18	79.400	-69.998	
18	79.500	-69.998	
18	79.600	-69.998	
18	79.700	-69.998	
18	79.800	-69.998	
18	79.900	-69.998	
18	80.000	-69.998	
18	80.100	-69.998	
18	80.200	-69.998	
18	80.300	-69.998	
18	80.400	-69.998	
18	80.500	-69.998	
18	80.600	-69.998	
18	80.700	-69.998	
18	80.800	-69.998	
18	80.900	-69.998	
18	81.000	-69.998	
18	81.100	-69.998	
18	81.200	-69.998	
18	81.300	-69.998	
18	81.400	-69.998	
18	81.500	-69.998	
18	81.600	-69.998	
18	81.700	-69.998	
18	81.800	-69.998	
18	81.900	-69.998	
18	82.000	-69.998	
18	82.100	-69.998	
18	82.200	-69.998	
18	82.300	-69.998	
18	82.400	-69.998	
18	82.500	-69.998	
18	82.600	-69.998	
18	82.700	-69.998	
18	82.800	-69.998	
18	82.900	-69.998	
18	83.000	-69.998	
18	83.100	-69.998	
18	83.200	-69.998	
18	83.300	-69.998	
18	83.400	-69.998	
18	83.500	-69.998	
18	83.600	-69.998	
18	83.700	-69.998	
18	83.800	-69.998	
18	83.900	-69.998	
18	84.000	-69.998	
18	84.100	-69.998	
18	84.200	-69.998	
18	84.300	-69.998	
18	84.400	-69.998	
18	84.500	-69.998	
18	84.600	-69.998	
18	84.700	-69.998	
18	84.800	-69.998	
18	84.900	-69.998	
18	85.000	-69.998	
18	85.100	-69.998	
18	85.200	-69.998	
18	85.300	-69.998	
18	85.400	-69.998	
18	85.500	-69.998	
18	85.600	-69.998	
18	85.700	-69.998	
18	85.800	-69.998	
18	85.900	-69.998	
18	86.000	-69.998	
18	86.100	-69.998	
18	86.200	-69.998	
18	86.300	-69.998	
18	86.400	-69.998	
18	86.500	-69.998	
18	86.600	-69.998	
18	86.700	-69.998	
18	86.800	-69.998	
18	86.900	-69.998	
18	87.000	-69.998	
18	87.100	-69.998	
18	87.200	-69.998	
18	87.300	-69.998	
18	87.400	-69.998	
18	87.500	-69.998	
18	87.600	-69.998	
18	87.700	-69.998	
18	87.800	-69.998	
18	87.900	-69.998	
18	88.000	-69.998	
18	88.100	-69.998	
18	88.200	-69.998	
18	88.300	-69.998	
18	88.400	-69.998	
18	88.500	-69.998	
18	88.600	-69.998	
18	88.700	-69.998	
18	88.800	-69.998	
18	88.900	-69.998	
18	89.000	-69.998	
18	89.100	-69.998	
18	89.200	-69.998	
18	89.300	-69.998	
18	89.400	-69.998	
18	89.500	-69.998	
18	89.600	-69.998	
18	89.700	-69.998	
18	89.800	-69.998	
18	89.900	-69.998	
18	90.000	-69.998	
18	90.100	-69.998	
18	90.200	-69.998	
18	90.300	-69.998	
18	90.400	-69.998	
18	90.500	-69.998	
18	90.600	-69.998	
18	90.700	-69.998	
18	90.800	-69.998	
18	90.900	-69.998	
18	91.000	-69.998	
18	91.100	-69.998	
18	91.200	-69.998	
18	91.300	-69.998	
18	91.400	-69.998	
18	91.500	-69.998	
18	91.600	-69.998	
18	91.700	-69.998	
18	91.800	-69.998	
18	91.900	-69.998	
18	92.000	-69.998	
18	92.100	-69.998	
18	92.200	-69.998	
18	92.300	-69.998	
18	92.400	-69.998	
18	92.500	-69.998	
18	92.600	-69.998	
18	92.700	-69.998	
18	92.800	-69.998	
18	92.900	-69.998	
18	93.000	-69.998	
18	93.100	-69.998	
18	93.200	-69.998	
18	93.300	-69.998	
18	93.400	-69.998	
18	93.500	-69.998	
18	93.600	-69.998	
18	93.700	-69.998	
18	93.800	-69.998	
18	93.900	-69.998	
18	94.000	-69.998	
18	94.100	-69.998	
18	94.200	-69.998	
18	94.300	-69.998	
18	94.400	-69.998	
18	94.500	-69.998	
18	94.600	-69.998	
18	94.700	-69.998	
18	94.800	-69.998	
18	94.900	-69.998	
18	95.000	-69.998	
18	95.100	-69.998	
18	95.200	-69.998	
18	95.300	-69.998	
18	95.400	-69.998	
18	95.500	-69.998	
18	95.600	-69.998	
18	95.700	-69.998	
18	95.800	-69.998	
18	95.900	-69.998	
18	96.000	-69.998	
18	96.100	-69.998	
18	96.200	-69.998	
18	96.300	-69.998	
18	96.400	-69.998	
18	96.500	-69.998	
18	96.600	-69.998	
18	96.700	-69.998	
18	96.800	-69.998	
18	96.900	-69.998	
18	97.000	-69.998	
18	97.100	-69.998	
18	97.200	-69.998	
18	97.300	-69.998	
18	97.400	-69.998	
18	97.500	-69.998	
18	97.600	-69.998	
18	97.700	-69.998	
18	97.800	-69.998	
18	97.900	-69.998	
18	98.000	-69.998	
18	98.100	-69.998	
18	98.200	-69.998	
18	98.300	-69.998	
18	98.400	-69.998	
18	98.500	-69.998	
18	98.600	-69.998	
18	98.700	-69.998	
18	98.800	-69.998	
18	98.900	-69.998	
18	99.000	-69.998	
18	99.100	-69.998	
18	99.200	-69.998	
18	99.300	-69.998	
18	99.400	-69.998	
18	99.500	-69.998	
18	99.600	-69.998	
18	99.700	-69.998	
18	99.800	-69.998	
18	99.900	-69.998	
18	100.000	-69.998	
18	100.100	-69.998	
18	100.200	-69.998	
18	100.300	-69.998	
18	100.400	-69.998	
18	100.500	-69.998	
18	100.600	-69.998	
18	100.700	-69.998	
18	100.800	-69.998	
18	100.900	-69.998	
18	101.000	-69.998	
18	101.100	-69.998	
18	101.200	-69.998	
18	101.300	-69.998	
18	101.400	-69.998	
18	101.500	-69.998	
18	101.600	-69.998	
18	101.700	-69.998	
18	101.800	-69.998	
18	101.900	-69.998	
18	102.000	-69.998	
18	102.100	-69.998	
18	102.200	-69.998	
18	102.300	-69.998	
18	102.400	-69.998	
18	102.500	-69.998	
18	102.600	-69.998	
18	102.700	-69.998	
18	102.800	-69.998	
18	102.900	-69.998	
18	103.000	-69.998	
18	103.100	-69.998	
18	103.200	-69.998	
18	103.300	-69.998	
18	103.400	-69.998	
18	103.500	-69.998	
18	103.600	-69.998	
18	103.700	-69.998	
18	103.800	-69.998	
18	103.900	-69.998	
18	104.000	-69.998	
18	104.100	-69.998	
18	104.200	-69.998	
18	104.300	-69.998	
18	104.400	-69.998	
18	104.500	-69.998	
18	104.600	-69.998	
18	104.700	-69.998	
18	104.800	-69.998	
18	104.900	-69.998	
18	105.000	-69.998	
18	105.100	-69.998	
18	105.200	-69.998	
18	105.300	-69.998	
18	105.400	-69.998	
18	105.500	-69.998	
18	105.600	-69.998	
18	105.700	-69.998	
18	105.800	-69.998	
18	105.900	-69.998	
18	106.000	-69.998	
18	106.100	-69.998	
18	106.200	-69.998	
18	106.300	-69.998	
18	106.400	-69.998	
18	106.500	-69.998	
18	106.600	-69.998	
18	106.700	-69.998	
18	106.800	-69.998	
18	106.900	-69.998	
18	107.000	-69.998	
18	107.100	-69.998	
18	107.200	-69.998	
18	107.300	-69.998	
18	107.400	-69.998	
18	107.500	-69.998	
18	107.600	-69.998	
18	107.700	-69.998	
18	107.800	-69.998	
18	107.900	-69.998	
18	108.000	-69.998	
18	108.100	-69.998	
18	108.200	-69.998	
18	108.300	-69.998	
18	108.400	-69.998	
18	108.500	-69.998	
18	108.600	-69.998	
18	108.700	-69.998	
18	108.800	-69.998	
18	108.900	-69.998	
18	109.000	-69.998	
18	109.100	-69.998	
18	109.200	-69.998	
18	109.300	-69.998	
18	109.400	-69.998	
18	109.500	-69.998	
18	109.600	-69.998	
18	109.700	-69.998	
18	109.800	-69.998	
18	109.900	-69.998	
18	110.000	-69.998	
18	110.100	-69.998	
18	110.200	-69.998	
18	110.300	-69.998	
18	110.400	-69.998	
18	110.500	-69.998	
18	110.600	-69.998	
18	110.700	-69.998	
18	110.800	-69.998	
18	110.900	-69.998	
18	111.000	-69.998	
18	111.100	-69.998	
18	111.200	-69.998	
18	111.300	-69.998	
18	111.400	-69.998	
18	111.500	-69.998	
18	111.600	-69.998	
18	111.700	-69.998	
18	111.800	-69.998	
18	111.900	-69.998	
18	112.000	-69.998	
18	112.100	-69.998	
18	112.200	-69.998	
18	112.300	-69.998	
18	112.400	-69.998	
18	112.500	-69.998	
18	112.600	-69.998	
18	112.700	-69.998	
18	112.800	-69.998	
18	112.900	-69.998	
18	113.000	-69.998	
18	113.100	-69.998	
18	113.200	-69.998	
18	113.300	-69.998	
18	113.400	-69.998	
18	113.500	-69.998	
18	113.600	-69.998	
18	113.700	-69.998	
18	113.800	-69.998	
18	113.900	-69.998	
18	114.000	-69.998	
18	114.100	-69.998	
18	114.200	-69.998	
18	114.300	-69.998	
18	114.400	-69.998	
18	114.500	-69.998	
18	114.600	-69.998	
18	114.700	-69.998	
18	114.800	-69.998	
18	114.900	-69.998	
18	115.000	-69.998	
18	115.100	-69.998	
18	115.200	-69.998	
18	115.300	-69.998	
18	115.400	-69.998	
18	115.500	-69.998	
18	115.600	-69.998	
18	115.700	-69.998	
18	115.800	-69.998	
18	115.900	-69.998	
18	116.000	-69.998	
18	116.100	-69.998	
18	116.200	-69.998	
18	116.300	-69.998	
18	116.400	-69.998	
18	116.500	-69.998	
18	116.600	-69.998	
18	116.700	-69.998	
18	116.800	-69.998	
18	116.900	-69.998	
18	117.000	-69.998	
18	117.100	-69.998	
18	117.200	-69.998	
18	117.300	-69.998	
18	117.400	-69.998	
18	117.500	-69.998	
18	117.600	-69.998	
18	117.700	-69.998	
18	117.800	-69.998	
18	117.900	-69.998	
18	118.000	-69.998	
18	118.100	-69.998	
18	118.200	-69.998	
18	118.300	-69.998	
18	118.400	-69.998	
18	118.500	-69.998	
18	118.600	-69.998	
18	118.700	-69.998	
18	118.800	-69.998	
18	118.900	-69.998	
18	119.000	-69.998	
18	119.100	-69.998	
18	119.200	-69.998	
18	119.300	-69.998	
18	119.400	-69.998	
18	119.500	-69.998	
18	119.600	-69.998	
18	119.700	-69.998	
18	119.800	-69.998	
18	119.900	-69.998	
18	120.000	-69.998	
18	120.100	-69.998	
18	120.200	-69.998	
18	120.300	-69.998	
18	120.400	-69.998	
18	120.500	-69.998	
18	120.600	-69.998	
18	120.700	-69.998	
18	120.800	-69.998	
18	120.900	-69.998	
18	121.000	-69.998	
18	121.100	-69.998	
18	121.200	-69.998	
18	121.300	-69.998	
18	121.400	-69.998	
18	121.500	-69.998	
18	121.600	-69.998	
18	121.700	-69.998	
18	121.800	-69.998	
18	121.900	-69.998	
18	122.000	-69.998	
18	122.100	-69.998	
18	122.200	-69.998	
18	122.300	-69.998	
18	122.400	-69.998	
18	122.500	-69.998	
18	122.600	-69.998	
18	122.700	-69.998	
18	122.800	-69.998	
18	122.900	-69.998	
18	123.000	-69.998	
18	123.100	-69.998	
18	123.200	-69.998	
18	123.300	-69.998	
18	123.400	-69.998	
18	123.500	-69.998	
18	123.600	-69.998	
18	123.700	-69.998	
18	123.800	-69.998	
18	123.900	-69.998	
18	124.000	-69.998	
18	124.100	-69.998	
18	124.200	-69.998	
18	124.300	-69.998	
18	124.400	-69.998	
18	124.500	-69.998	
18	124.600	-69.998	
18	124.700	-69.998	
18	124.800	-69.998	
18	124.900	-69.998	
18	125.000	-69.998	
18	125.100	-69.998	
18	125.200	-69.998	
18	125.300	-69.998	
18	125.400	-69.998	
18	125.500	-69.998	
18	125.600	-69.998	
18	125.700	-69.998	
18	125.800	-69.998	
18	125.900	-69.998	
18	126.000	-69.998	
18	126.100	-69.998	
18	126.200	-69.998	
18	126.300	-69.998	
18	126.400	-69.998	
18	126.500	-69.998	
18	126.600	-69.998	
18	126.700	-69.998	
18	126.800	-69.998	
18	126.900	-69.998	
18	127.000	-69.998	
18	127.100	-69.998	
18	127.200	-69.998	
18	127.300	-69.998	
18	127.400	-69.998	
18	127.500	-69.998	
18	127.600	-69.998	
18	127.700	-69.998	
18	127.800	-69.998	
18	127.900	-69.998	
18	128.000	-69.998	
18	128.100	-69.998	
18	128.200	-69.998	
18	128.300	-69.998	
18	128.400	-69.998	
18	128.500	-69.998	
18	128.600	-69.998	
18	128.700	-69.998	
18	128.800	-69.998	
18	128.900	-69.998	
18	129.000	-69.998	
18	129.100	-69.998	
18	129.200	-69.998	
18	129.300	-69.998	
18	129.400	-69.998	
18	129.500	-69.998	
18	129.600	-69.998	
18	129.700	-69.998	
18	129.800	-69.998	
18	129.900	-69.998	
18	130.000	-69.998	
18	130.100	-69.998	
18	130.200	-69.998	
18	130.300	-69.998	
18	130.400	-69.998	
18	130.500	-69.998	
18	130.600	-69.998	
18	130.700	-69.998	
18	130.800	-69.998	
18	130.900	-69.998	
18	131.000	-69.998	
18	131.100	-69.998	
18	131.200	-69.998	
18	131.300	-69.998	
18	131.400	-69.998	
18	131.500	-69.998	
18	131.600	-69.998	
18	131.700	-69.998	
18	131.800	-69.998	
18	131.900	-69.998	
18	132.000	-69.998	
18	132.100	-69.998	
18	132.200	-69.998	
18	132.300	-69.998	
18	132.400	-69.998	
18	132.500	-69.998	
18	132.600	-69.998	
18	132.700	-69.998	
18	132.800	-69.998	
18	132.900	-69.998	
18	133.000	-69.998	
18	133.100	-69.998	
18	133.200	-69.998	
18	133.300	-69.998	
18	133.400	-69.998	
18	133.500	-69.998	
18	133.600	-69.998	
18	133.700	-69.998	
18	133.800	-69.998	
18	133.900	-69.998	
18	134.000	-69.998	
18	134.100	-69.998	
18	134.200	-69.998	
18	134.300	-69.998	
18	134.400	-69.998	
18	134.500	-69.998	
18	134.600	-69.998	
18	134.700	-69.998	
18	134.800	-69.998	
18	134.900	-69.998	
18	135.000	-69.998	
18	135.100	-69.998	
18	135.200	-69.998	
18	135.300	-69.998	
18	135.400	-69.998	
18	135.500	-69.998	
18	135.600	-69.998	
18	135.700	-69.998	
18	135.800	-69.998	
18	135.900	-69.998	
18	136.000	-69.998	
18	136.100	-69.998	
18	136.200	-69.998	
18	136.300	-69.998	
18	136.400	-69.998	
18	136.500	-69.998	
18	136.600	-69.998	
18	136.700	-69.998	
18	136.800	-69.998	
18	136.900	-69.998	
18	137.000	-69.998	
18	137.100	-69.998	
18	137.200	-69.998	
18	137.300	-69.998	
18	137.400	-69.998	
18	137.500	-69.998	
18	137.600	-69.998	
18	137.700	-69.998	
18	137.800	-69.998	
18	137.900	-69.998	
18	138.000	-69.998	
18	138.100	-69.998	
18	138.200	-69.998	
18	138.300	-69.998	
18	138.400	-69.998	
18	138.500	-69.998	
18	138.600	-69.998	
18	138.700	-69.998	
18	138.800	-69.998	
18	138.900	-69.998	
18	139.000	-69.998	
18	139.100	-69.998	
18	139.200	-69.998	
18	139.300	-69.998	
18	139.400	-69.998	
18	139.500	-69.998	
18	139.600	-69.998	
18	139.700	-69.998	
18	139.800	-69.998	
18	139.900	-69.998	
18	140.000	-69.998	
18	140.100	-69.998	
18	140.200	-69.998	
18	140.300	-69.998	
18	140.400	-69.998	
18	140.500	-69.998	
18	140.600	-69.998	
18	140.700	-69.998	
18	140.800	-69.998	
18	140.900	-69.998	
18	141.000	-69.998	
18	141.100	-69.998	
18	141.200	-69.998	
18	141.300	-69.998	
18	141.400	-69.998	
18	141.500	-69.998	
18	141.600	-69.998	
18	141.700	-69.998	
18	141.800	-69.998	
18	141.900	-69.998	
18	142.000	-69.998	
18	142.100	-69.998	
18	142.200	-69.998	
18	142.300	-69.998	
18	142.400	-69.998	
18	142.500	-69.998	
18	142.600	-69.998	
18	142.700	-69.998	
18	142.800	-69.998	
18	142.900	-69.998	
18	143.000	-69.998	
18	143.100	-69.998	
18	143.200	-69.998	
18	143.300	-69.998	
18	143.400	-69.998	
18	143.500	-69.998	
18	143.600	-69.998	
18	143.700	-69.998	
18	143.800	-69.998	
18	143.900	-69.998	
18	144.000	-69.998	
18	144.100	-69.998	
18	144.200	-69.998	
18	144.300	-69.998	
18	144.400	-69.998	
18	144.500	-69.998	
18	144.600	-69.998	
18	144.700	-69.998	
18	144.800	-69.998	
18	144.900	-69.998	
18	145.000	-69.998	
18	145.100	-69.998	
18	145.200	-69.998	
18	145.300	-69.998	
18	145.400	-69.998	
18	145.500	-69.998	
18	145.600	-69.998	
18	145.700	-69.998	
18	145.800	-69.998	
18	145.900	-69.998	
18	146.000	-69.998	
18	146.100	-69.998	
18	146.200	-69.998	
18	146.300	-69.998	
18	146.400	-69.998	
18	146.500	-69.998	
18	146.600	-69.998	
18	146.700	-69.998	
18	146.800	-69.998	
18	146.900	-69.998	
18	147.000	-69.998	
18	147.100	-69.998	
18	147.200	-69.998	
18	147.300	-69.998	
18	147.400	-69.998	
18	147.500	-69.998	
18	147.600	-69.998	
18	147.700	-69.998	
18	147.800	-69.998	
18	147.900	-69.998	
18	148.000	-69.998	
18	148.100	-69.998	
18	148.200	-69.998	
18	148.300	-69.998	
18	148.400	-69.998	
18	148.500	-69.998	
18	148.600	-69.998	
18	148.700	-69.998	
18	148.800	-69.998	
18	148.900	-69.998	
18	149.000	-69.998	
18	149.100	-69.998	
18	149.200	-69.998	
18	149.300	-69.998	
18	149.400	-69.998	
18	149.500	-69.998	
18	149.600	-69.998	
18	149.700	-69.998	
18	149.800	-69.998	
18	149.900	-69.998	
18	150.000	-69.998	
18	150.100	-69.998	
18	150.200	-69.998	
18	150.300	-69.998	
18	150.400	-69.998	
18	150.500	-69.998	
18	150.600	-69.998	
18	150.700	-69.998	
18	150.800	-69.998	
18	150.900	-69.998	
18	151.000	-69.998	
18	151.100	-69.998	
18	151.200	-69.998	
18	151.300	-69.998	
18	151.400	-69.998	
18	151.500	-69.998	
18	151.600	-69.998	
18	151.700	-69.998	
18	151.800	-69.998	
18	151.900	-69.998	
18	152.000	-69.998	
18	152.100	-69.998	
18	152.200	-69.998	
18	152.300	-69.998	
18	152.400	-69.998	
18	152.500	-69.998	
18	152.600	-69.998	
18	152.700	-69.998	
18	152.800	-69.998	
18	152.900	-69.998	
18	153.000	-69.998	
18	153.100	-69.998	
18	153.200	-69.998	
18	153.300	-69.998	
18	153.400	-69.998	
18	153.500	-69.998	
18	153.600	-69.998	
18	153.700	-69.998	
18	153.800	-69.998	
18	153.900	-69.998	
18	154.000	-69.998	
18	154.100	-69.998	
18	154.200	-69.998	
18	154.300	-69.998	
18	154.400	-69.998	
18	154.500	-69.998	
18	154.600	-69.998	
18	154.700	-69.998	
18	154.800	-69.998	
18	154.900	-69.998	
18	155.000	-69.998	
18	155.100	-69.998	
18	155.200	-69.998	
18	155.300	-69.998	
18	155.400	-69.998	
18	155.500	-69.998	
18	155.600	-69.998	
18	155.700	-69.998	
18	155.800	-69.998	
18	155.900	-69.998	
18	156.000	-69.998	
18	156.100	-69.998	
18	156.200	-69.998	
18	156.300	-69.998	
18	156.400	-69.998	
18	156.500	-69.998	
18	156.600	-69.998	
18	156.700	-69.998	
18	156.800	-69.998	
18	156.900	-69.998	
18	157.000	-69.998	
18	157.100	-69.998	
18	157.200	-69.998	
18	157.300	-69.998	
18	157.400	-69.998	
18	157.500	-69.998	
18	157.600	-69.998	
18	157.700	-69.998	
18	157.800	-69.998	
18	157.900	-69.998	
18	158.000	-69.998	
18	158.100	-69.998	
18	158.200	-69.998	
18	158.300	-69.998	
18	158.400	-69.998	
18	158.500	-69.998	
18	158.600	-69.998	
18	158.700	-69.998	
18	158.800	-69.998	
18	158.900	-69.998	
18	159.000	-69.998	
18	159.100	-69.998	
18	159.200	-69.998	
18	159.300	-69.998	
18	159.400	-69.998	
18	159.500	-69.998	
18	159.600	-69.998	
18	159.700	-69.998	
18	159.800	-69.998	
18	159.900	-69.998	
18	160.000	-69.998	
18	160.100	-69.998	
18	160.200	-69.998	
18	160.300	-69.998	
18	160.400	-69.998	
18	160.500	-69.998	
18	160.600	-69.998	
18	160.700	-69.998	
18	160.800	-69.998	
18	160.900	-69.998	
18	161.000	-69.998	
18	161.100	-69.998	
18	161.200	-69.998	
18	161.300	-69.998	
18	161.400	-69.998	
18	161.500	-69.998	
18	161.600	-69.998	
18	161.700	-69.998	
18	161.800	-69.998	
18	161.900	-69.998	
18	162.000	-69.998	
18	162.100	-69.998	
18	162.200	-69.998	
18	162.300	-69.998	
18	162.400	-69.998	
18	162.500	-69.998	
18	162.600	-69.998	
18	162.700	-69.998	
18	162.800	-69.998	
18	162.900	-69.998	
18	163.000	-69.998	
18	163.100	-69.998	
18	163.200	-69.998	
18	163.300	-69.998	
18	163.400	-69.998	
18	163.500	-69.998	
18	163.600	-69.998	
18	163.700	-69.998	
18	163.800	-69.998	
18	163.900	-69.998	
18	164.000	-69.998	
18	164.100	-69.998	
18	164.200	-69.998	
18	164.300	-69.998	
18	164.400	-69.998	
18	164.500	-69.998	
18	164.600	-69.998	
18	164.700	-69.998	
18	164.800	-69.998	
18	164.900	-69.998	
18	165.000	-69.998	
18	165.100	-69.998	
18	165.200	-69.998	
18	165.300	-69.998	
18	165.400	-69.998	
18	165.500	-69.998	
18	165.600	-69.998	
18	165.700	-69.998	
18	165.800	-69.998	
18	165.900	-69.998	
18	166.000	-69.998	
18	166.100	-69.998	
18	166.200	-69.998	
18	166.300	-69.998	
18	166.400	-69.998	
18	166.500	-69.998	
18	166.600	-69.998	
18	166.700	-69.998	
18	166.800	-69.998	
18	166.900	-69.998	
18	167.000	-69.998	
18	167.100	-69.998	
18	167.200	-69.998	
18	167.300	-69.998	
18	167.400	-69.998	
18	167.500	-69.998	
18	167.600	-69.998	
18	167.700	-69.998	
18	167.800	-69.998	
18	167.900	-69.998	
18	168.000	-69.998	
18	168.100	-69.998	
18	168.200	-69.998	
18	168.300	-69.998	
18	168.400	-69.998	
18	168.500	-69.998	
18	168.600	-69.998	
18	168.700	-69.998	
18	168.800	-69.998	
18	168.900	-69.998	
18	169.000	-69.998	
18	169.100	-69.998	
18	169.200	-69.998	
18	169.300	-69.998	
18	169.400	-69.998	
18	169.500	-69.998	
18	169.600	-69.998	
18	169.700	-69.998	
18	169.800	-69.998	
18	169.900	-69.998	
18	170.000	-69.998	
18	170.100	-69.998	
18	170.200	-69.998	
18	170.300	-69.998	
18	170.400	-69.998	
18	170.500	-69.998	
18	170.600	-69.998	
18	170.700	-69.998	
18	170.800	-69.998	
18	170.900	-69.998	
18	171.000	-69.998	
18	171.100	-69.998	
18	171.200	-69.998	
18	171.300	-69.998	
18	171.400	-69.998	
18	171.500	-69.998	
18	171.600	-69.998	
18	171.700	-69.998	
18	171.800	-69.998	
18	171.900	-69.998	
18	172.000	-69.998	
18	172.100	-69.998	
18	172.200	-69.998	
18	172.300	-69.998	
18	172.400	-69.998	
18	172.500	-69.998	
18	172.600	-69.998	
18	172.700	-69.998	
18	172.800	-69.998	
18	172.900	-69.998	
18	173.000	-69.998	
18	173.100	-69.998	
18	173.200	-69.998	
18	173.300	-69.998	
18	173.400	-69.998	
18	173.500	-69.998	
18	173.600	-69.998	
18	173.700	-69.998	
18	173.800	-69.998	
18	173.900	-69.998	
18	174.000	-69.998	
18	174.100	-69.998	
18	174.200	-69.998	
18	174.300	-69.998	
18	174.400	-69.998	
18	174.500	-69.998	
18	174.600	-69.998	
18	174.700	-69.998	
18	174.800	-69.998	
18	174.900	-69.998	
18	175.000	-69.998	
18	175.100	-69.998	
18	175.200	-69.998	
18	175.300	-69.998	
18	175.400	-69.998	
18	175.500	-69.998	
18	175.600	-69.998	
18	175.700	-69.998	
18	175.800	-69.998	
18	175.900	-69.998	
18	176.000	-69.998	
18	176.100	-69.998	
18	176.200	-69.998	
18	176.300	-69.998	
18	176.400	-69.998	
18	176.500	-69.998	
18	176.600	-69.998	
18	176.700	-69.998	
18	176.800	-69.998	
18	176.900	-69.998	
18	177.000	-69.998	
18	177.100	-69.998	
18	177.200	-69.998	
18	177.300	-69.998	
18	177.400	-69.998	
18	177.500	-69.998	
18	177.600	-69.998	
18	177.700	-69.998	
18	177.800	-69.998	
18	177.900	-69.998	
18	178.000	-69.998	
18	178.100	-69.998	
18	178.200	-69.998	
18	178.300	-69.998	
18	178.400	-69.998	
18	178.500	-69.998	
18	178.600	-69.998	
18	178.700	-69.998	
18	178.800	-69.998	
18	178.900	-69.998	
18	179.000	-69.998	
18	179.100	-69.998	
18	179.200	-69.998	
18	179.300	-69.998	
18	179.400	-69.998	
18	179.500	-69.998	
18	179.600	-69.998	
18	179.700	-69.998	
18	179.800	-69.998	
18	179.900	-69.998	
18	180.000	-69.998	
18	180.100	-69.998	
18	180.200	-69.998	
18	180.300	-69.998	
18	180.400	-69.998	
18	180.500	-69.998	
18	180.600	-69.998	
18	180.700	-69.998	
18	180.800	-69.998	
18	180.900	-69.998	
18	181.000	-69.998	
18	181.100	-69.998	
18	181.200	-69.998	
18	181.300	-69.998	
18	181.400	-69.998	
18	181.500	-69.998	
18	181.600	-69.998	
18	181.700	-69.998	
18	181.800	-69.998	
18	181.900	-69.998	
18	182.000	-69.998	
18	182.100	-69.998	
18	182.200	-69.998	
18	182.300	-69.998	
18	182.400	-69.998	
18	182.500	-69.998	
18	182.600	-69.998	
18	182.700	-69.998	
18	182.800	-69.998	
18	182.900	-69.998	
18	183.000	-69.998	
18	183.100	-69.998	
18	183.200	-69.998	
18	183.300	-69.998	
18	183.400	-69.998	
18	183.500	-69.998	
18	183.600	-69.998	
18	183.700	-69.998	
18	183.800	-69.998	
18	183.900	-69.998	
18	184.000	-69.998	
18	184.100	-69.998	
18	184.200	-69.998	
18	184.300	-69.998	
18	184.400	-69.998	
18	184.500	-69.998	
18	184.600	-69.998	
18	184.700	-69.998	
18	184.800	-69.998	
18	184.900	-69.998	
18	185.000	-69.998	
18	185.100	-69.998	
18	185.200	-69.998	
18	185.300	-69.998	
18	185.400	-69.998	
18	185.500	-69.998	
18	185.600	-69.998	
18	185.700	-69.998	
18	185.800	-69.998	
18	185.900	-69.998	
18	186.000	-69.998	
18	186.100	-69.998	
18	186.200	-69.998	
18	186.300	-69.998	
18	186.400	-69.998	
18	186.500	-69.998	
18	186.600	-69.998	
18	186.700	-69.998	
18	186.800	-69.998	
18	186.900	-69.998	
18	187.000	-69.998	
18	187.100	-69.998	
18	187.200	-69.998	
18	187.300	-69.998	
18	187.400	-69.998	
18	187.500	-69.998	
18	187.600	-69.998	
18	187.700	-69.998	
18	187.800	-69.998	
18	187.900	-69.998	
18	188.000	-69.998	
18	188.100	-69.998	
18	188.200	-69.998	
18	188.300	-69.998	
18	188.400	-69.998	
18	188.500	-69.998	
18	188.600	-69.998	
18	188.700	-69.998	
18	188.800	-69.998	
18	188.900	-69.998	
18	189.000	-69.998	
18	189.100	-69.998	
18	189.200	-69.998	
18	189.300	-69.998	
18	189.400	-69.998	
18	189.500	-69.998	
18	189.600	-69.998	
18	189.700	-69.998	
18	189.800	-69.998	
18	189.900	-69.998	
18	190.000	-69.998	
18	190.100	-69.998	
18	190.200	-69.998	
18	190.300	-69.998	
18	190.400	-69.998	
18	190.500	-69.998	
18	190.600	-69.998	
18	190.700	-69.998	
18	190.800	-69.998	
18	190.900	-69.998	
18	191.000	-69.998	
18	191.100	-69.998	
18	191.200	-69.998	
18	191.300	-69.998	
18	191.400	-69.998	
18	191.500	-69.998	
18	191.600	-69.998	
18	191.700	-69.998	
18	191.800	-69.998	
18	191.900	-69.998	
18	192.000	-69.998	
18	192.100	-69.998	
18	192.200	-69.998	
18	192.300	-69.998	
18	192.400	-69.998	
18	192.500	-69.998	
18	192.600	-69.998	
18	192.700	-69.998	
18	192.800	-69.998	
18	192.900	-69.998	
18	193.000	-69.998	
18	193.100	-69.998	
18	193.200	-69.998	
18	193.300	-69.998	
18	193.400	-69.998	
18	193.500	-69.998	
18	193.600	-69.998	
18	193.700	-69.998	
18	193.800	-69.998	
18	193.900	-69.998	
18	194.000	-69.998	
18	194.100	-69.998	
18	194.200	-69.998	
18	194.300	-69.998	
18	194.400	-69.998	
18	194.500	-69.998	
18	194.600	-69.998	
18	194.700	-69.998	
18	194.800	-69.998	
18	194.900	-69.998	
18	195.000	-69.998	
18	195.100	-69.998	
18	195.200	-69.998	
18	195.300	-69.998	
18	195.400	-69.998	
18	195.500	-69.998	
18	195.600	-69.998	
18	195.700	-69.998	
18	195.800	-69.998	
18	195.900	-69.998	
18	196.000	-69.998	
18	196.100	-69.998	
18	196.200	-69.998	
18	196.300	-69.998	
18	196.400	-69.998	
18	196.500	-69.998	
18	196.600	-69.998	
18	196.700	-69.998	
18	196.800	-69.998	
18	196.900	-69.998	
18	197.000	-69.998	
18	197.100	-69.998	
18	197.200	-69.998	
18	197.300	-69.998	
18	197.400	-69.998	
18	197.500	-69.998	
18	197.600	-69.998	
18	197.700	-69.998	
18	197.800	-69.998	
18	197.900	-69.998	
18	198.000	-69.998	
18	198.100	-69.998	
18	198.200	-69.998	
18	198.300	-69.998	
18	198.400	-69.998	
18	198.500	-69.998	
18	198.600	-69.998	
18	198.700	-69.998	
18	198.800	-69.998	
18	198.900	-69.998	
18	199.000	-69.998	
18	199.100	-69.998	
18	199.200	-69.998	
18	199.300	-69.998	
18	199.400	-69.998	
18	199.500	-69.998	
18	199.600	-69.998	
18	199.700	-69.998	
18	199.800	-69.998	
18	199.900	-69.998	
18	200.000	-69.998	
18	200.100	-69.998	
18	200.200	-69.998	
18	200.300	-69.998	
18	200.400	-69.998	
18	200.500	-69.998	
18	200.600	-69.998	
18	200.700	-69.998	
18	200.800	-69.998	
18	200.900	-69.998	
18	201.000	-69.998	
18	201.100	-69.998	
18	201.200	-69.998	
18	201.300	-69.998	
18	201.400	-69.998	
18	201.500	-69.998	
18	201.600	-69.998	
18	201.700	-69.998	
18	201.800	-69.998	
18	201.900	-69.998	
18	202.000	-69.998	
18	202.100	-69.998	
18	202.200	-69.998	
18	202.300	-69.998	
18	202.400	-69.998	
18	202.500	-69.998	
18	202.600	-69.998	
18	202.700	-69.998	
18	202.800	-69.998	
18	202.900	-69.998	
18	203.000	-69.998	
18	203.100	-69.998	
18	203.200	-69.998	
18	203.300	-69.998	
18	203.400	-69.998	
18	203.500	-69.998	
18	203.600	-69.998	
18	203.700	-69.998	
18	203.800	-69.998	
18	203.900	-69.998	
18	204.000	-69.998	
18	204.100	-69.998	
18	204.200	-69.998	
18	204.300	-69.998	
18	204.400	-69.998	
18	204.500	-69.998	
18	204.600	-69.998	
18	204.700	-69.998	
18	204.800	-69.998	
18	204.900	-69.998	
18	205.000	-69.998	
18	205.100	-69.998	
18	205.200	-69.998	
18	205.300	-69.998	
18	205.400	-69.998	
18	205.500	-69.998	
18	205.600	-69.998	
18	205.700	-69.998	
18	205.800	-69.998	
18	205.900	-69.998	
18	206.000	-69.998	
18	206.100	-69.998	
18	206.200	-69.998	
18	206.300	-69.998	
18	206.400	-69.998	
18	206.500	-69.998	
18	206.600	-69.998	
18	206.700	-69.998	
18	206.800	-69.998	
18	206.900	-69.998	
18	207.000	-69.998	
18	207.100	-69.998	
18	207.200	-69.998	
18	207.300	-69.998	
18	207.400	-69.998	
18	207.500	-69.998	
18	207.600	-69.998	
18	207.700	-69.998	
18	207.800	-69.998	
18	207.900	-69.998	
18	208.000	-69.998	
18	208.100	-69.998	
18	208.200	-69.998	
18	208.300	-69.998	
18	208.400	-69.998	
18	208.500	-69.998	
18	208.600	-69.998	
18	208.700	-69.998	
18	208.800	-69.998	
18	208.900	-69.998	
18	209.000	-69.998	
18	209.100	-69.998	
18	209.200	-69.998	
18	209.300	-69.998	
18	209.400	-69.998	
18	209.500	-69.998	
18	209.600	-69.998	
18	209.700	-69.998	
18	209.800	-69.998	
18	209.900	-69.998	
18	210.000	-69.998	
18	210.100	-69.998	
18	210.200	-69.998	
18	210.300	-69.998	
18	210.400	-69.998	
18	210.500	-69.998	
18	210.600	-69.998	
18	210.700	-69.998	
18	210.800	-69.998	
18	210.900	-69.998	
18	211.000	-69.998	
18	211.100	-69.998	
18	211.200	-69.998	
18	211.300	-69.998	
18	211.400	-69.998	
18	211.500	-69.998	
18	211.600	-69.998	
18	211.700	-69.998	
18	211.800	-69.998	
18	211.900	-69.998	
18	212.000	-69.998	
18	212.100	-69.998	
18	212.200	-69.998	
18	212.300	-69.998	
18	212.400	-69.998	
18	212.500	-69.998	
18	212.600	-69.998	
18	212.700	-69.998	
18	212.800	-69.998	
18	212.900	-69.998	
18	213.000	-69.998	
18	213.100	-69.998	
18	213.200	-69.998	
18	213.300	-69.998	
18	213.400	-69.998	
18	213.500	-69.998	
18	213.600	-69.998	
18	213.700	-69.998	
18	213.800	-69.998	
18	213.900	-69.998	
18	214.000	-69.998	
18	214.100	-69.998	
18	214.200	-69.998	
18	214.300	-69.998	
18	214.400	-69.998	
18	214.500	-69.998	
18	214.600	-69.998	
18	214.700	-69.998	
18	214.800	-69.998	
18	214.900	-69.998	
18	215.000	-69.998	
18	215.100	-69.998	
18	215.200	-69.998	
18	215.300	-69.998	
18	215.400	-69.998	
18	215.500	-69.998	
18	215.600	-69.998	
18	215.700	-69.998	
18	215.800	-69.998	
18	215.900	-69.998	
18	216.000	-69.998	
18	216.100	-69.998	
18	216.200	-69.998	
18	216.300	-69.998	
18	216.400	-69.998	
18	216.500	-69.998	
18	216.600	-69.998	
18	216.700	-69.998	
18	216.800	-69.998	
18	216.900	-69.998	
18	217.000	-69.998	
18	217.100	-69.998	
18	217.200	-69.998	
18	217.300	-69.998	
18	217.400	-69.998	
18	217.500	-69.998	
18	217.600	-69.998	
18	217.700	-69.998	
18	217.800	-69.998	
18	217.900	-69.998	
18	218.000	-69.998	
18	218.100	-69.998	
18	218.200	-69.998	
18	218.300	-69.998	
18	218.400	-69.998	
18	218.500	-69.998	
18	218.600	-69.998	
18	218.700	-69.998	
18	218.800	-69.998	
18	218.900	-69.998	
18	219.000	-69.998	
18	219.100	-69.998	
18	219.200	-69.998	
18	219.300	-69.998	
18	219.400	-69.998	
18	219.500	-69.998	
18	219.600	-69.998	
18	219.700	-69.998	
18	219.800	-69.998	
18	219.900	-69.998	
18	220.000	-69.998	
18	220.100	-69.998	
18	220.200	-69.998	
18	220.300	-69.998	
18	220.400	-69.998	
18	220.500	-69.998	
18	220.600	-69.998	
18	220.700	-69.998	
18	220.800	-69.998	
18	220.900	-69.998	
18	221.000	-69.998	
18	221.100	-69.998	
18	221.200	-69.998	
18	221.300	-69.998	
18	221.400	-69.998	
18	221.500	-69.998	
18	221.600	-69.998	
18	221.700	-69.998	
18	221.800	-69.998	
18	221.900	-69.998	
18	222.000	-69.998	
18	222.100	-69.998	
18	222.200	-69.998	
18	222.300	-69.998	
18	222.400	-69.998	
18	222.500	-69.998	
18	222.600	-69.998	
18	222.700	-69.998	
18	222.800	-69.998	
18	222.900	-69.998	
18	223.000	-69.998	
18	223.100	-69.998	
18	223.200	-69.998	
18	223.300	-69.998	
18	223.400	-69.998	
18	223.500	-69.998	
18	223.600	-69.998	
18	223.700	-69.998	
18	223.800	-69.998	
18	223.900	-69.998	
18	224.000	-69.998	
18	224.100	-69.998	
18	224.200	-69.998	
18	224.300	-69.998	
18	224.400	-69.998	
18	224.500	-69.998	
18	224.600	-69.998	
18	224.700	-69.998	
18	224.800	-69.998	
18	224.900	-69.998	
18	225.000	-69.998	
18	225.100	-69.998	
18	225.200	-69.998	
18	225.300	-69.998	
18	225.400	-69.998	
18	225.500	-69.998	
18	225.600	-69.998	
18	225.700	-69.998	
18	225.800	-69.998	
18	225.900	-69.998	
18	226.000	-69.998	
18	226.100	-69.998	
18	226.200	-69.998	
18	226.300	-69.998	
18	226.400	-69.998	
18	226.500	-69.998	
18	226.600	-69.998	
18	226.700	-69.998	
18	226.800	-69.998	
18	226.900	-69.998	
18	227.000	-69.998	
18	227.100	-69.998	
18	227.200	-69.998	
18	227.300	-69.998	
18	227.400	-69.998	
18	227.500	-69.998	
18	227.600	-69.998	
18	227.700	-69.998	
18	227.800	-69.998	
18	227.900	-69.998	
18	228.000	-69.998	
18	228.100	-69.998	
18	228.200	-69.998	
18	228.300	-69.998	
18	228.400	-69.998	
18	228.500	-69.998	
18	228.600	-69.998	
18	228.700	-69.998	
18	228.800	-69.998	
18	228.900	-69.998	
18	229.000	-69.998	
18	229.100	-69.998	
18	229.200	-69.998	
18	229.300	-69.998	
18	229.400	-69.998	
18	229.500	-69.998	
18	229.600	-69.998	
18	229.700	-69.998	
18	229.800	-69.998	
18	229.900	-69.998	
18	230.000	-69.998	
18	230.100	-69.998	
18	230.200	-69.998	
18	230.300	-69.998	
18	230.400	-69.998	
18	230.500	-69.998	
18	230.600	-69.998	
18	230.700	-69.998	
18	230.800	-69.998	
18	230.900	-69.998	
18	231.000	-69.998	
18	231.100	-69.998	
18	231.200	-69.998	
18	231.300	-69.998	
18	231.400	-69.998	
18	231.500	-69.998	
18	231.600	-69.998	
18	231.700	-69.998	
18	231.800	-69.998	
18	231.900	-69.998	
18	232.000	-69.998	
18	232.100	-69.998	
18	232.200	-69.998	
18	232.300	-69.998	
18	232.400	-69.998	
18	232.500	-69.998	
18	232.600	-69.998	
18	232.700	-69.998	
18	232.800	-69.998	
18	232.900	-69.998	
18	233.000	-69.998	
18	233.100	-69.998	
18	233.200	-69.998	
18	233.300	-69.998	
18	233.400	-69.998	
18	233.500	-69.998	
18	233.600	-69.998	
18	233.700	-69.998	
18	233.800	-69.998	
18	233.900	-69.998	
18	234.000	-69.998	
18	234.100	-69.998	
18	234.200	-69.998	
18	234.300	-69.998	
18	234.400	-69.998	
18	234.500	-69.998	
18	234.600	-69.998	
18	234.700	-69.998	
18	234.800	-69.998	
18	234.900	-69.998	
18	235.000	-69.998	
18	235.100	-69.998	
18	235.200	-69.998	
18	235.300	-69.998	
18	235.400	-69.998	
18	235.500	-69.998	
18	235.600	-69.998	
18	235.700	-69.998	
18	235.800	-69.998	
18	235.900	-69.998	
18	236.000	-69.998	
18	236.100	-69.998	
18	236.200	-69.998	
18	236.300	-69.998	
18	236.400	-69.998	
18	236.500	-69.998	
18	236.600	-69.998	
18	236.700	-69.998	
18	236.800	-69.998	
18	236.900	-69.998	
18	237.000	-69.998	
18	237.100	-69.998	
18	237.200	-69.998	
18	237.300	-69.998	
18	237.400	-69.998	
18	237.500	-69.998	
18	237.600	-69.998	
18	237.700	-69.998	
18	237.800	-69.998	
18	237.900	-69.998	
18	238.000	-69.998	
18	238.100	-69.998	
18	238.200	-69.998	
18	238.300	-69.998	
18	238.400	-69.998	
18	238.500	-69.998	
18	238.600	-69.998	
18	238.700	-69.998	
18	238.800	-69.998	
18	238.900	-69.998	
18	239.000	-69.998	
18	239.100	-69.998	
18	239.200	-69.998	
18	239.300	-69.998	
18	239.400	-69.998	
18	239.500	-69.998	
18	239.600	-69.998	
18	239.700	-69.998	
18	239.800	-69.998	
18	239.900	-69.998	
18	240.000	-69.998	
18	240.100	-69.998	
18	240.200	-69.998	
18	240.300	-69.998	
18	240.400	-69.998	
18	240.500	-69.998	
18	240.600	-69.998	
18	240.700	-69.998	
18	240.800	-69.998	
18	240.900	-69.998	
18	241.000	-69.998	
18	241.100	-69.998	
18	241.200	-69.998	
18	241.300	-69.998	
18	241.400	-69.998	
18	241.500	-69.998	
18	241.600	-69.998	
18	241.700	-69.998	
18	241.800	-69.998	
18	241.900	-69.998	
18	242.000	-69.998	
18	242.100	-69.998	
18	242.200	-69.998	
18	242.300	-69.998	
18	242.400	-69.998	
18	242.500	-69.998	
18	242.600	-69.998	
18	242.700	-69.998	
18	242.800	-69.998	
18	242.900	-69.998	
18	243.000	-69.998	
18	243.100	-69.998	
18	243.200	-69.998	
18	243.300	-69.998	
18	243.400	-69.998	
18	243.500	-69.998	
18	243.600	-69.998	
18	243.700	-69.998	
18	243.800	-69.998	
18	243.900	-69.998	
18	244.000	-69.998	
18	244.100	-69.998	
18	244.200	-69.998	
18	244.300	-69.998	
18	244.400	-69.998	
18	244.500	-69.998	
18	244.600	-69.998	
18	244.700	-69.998	
18	244.800	-69.998	
18	244.900	-69.998	
18	245.000	-69.998	
18	245.100	-69.998	
18	245.200	-69.998	
18	245.300	-69.998	
18	245.400	-69.998	
18	245.500	-69.998	
18	245.600	-69.998	
18	245.700	-69.998	
18	245.800	-69.998	
18	245.900	-69.998	
18	246.000	-69.998	
18	246.100	-69.998	
18	246.200	-69.998	
18	246.300	-69.998	
18	246.400	-69.998	
18	246.500	-69.998	
18	246.600	-69.998	
18	246.700	-69.998	
18	246.800	-69.998	
18	246.900	-69.998	
18	247.000	-69.998	
18	247.100	-69.998	
18	247.200	-69.998	
18	247.300	-69.998	
18	247.400	-69.998	
18	247.500	-69.998	
18	247.600	-69.998	
18	247.700	-69.998	
18	247.800	-69.998	
18	247.900	-69.998	
18	248.000	-69.998	
18	248.100	-69.998	
18	248.200	-69.998	
18	248.300	-69.998	
18	248.400	-69.998	
18	248.500	-69.998	
18	248.600	-69.998	
18	248.700	-69.998	
18	248.800	-69.998	
18	248.900	-69.998	
18	249.000	-69.998	
18	249.100	-69.998	
18	249.200	-69.998	
18	249.300	-69.998	
18	249.400	-69.998	
18	249.500	-69.998	
18	249.600	-69.998	
18	249.700	-69.998	
18	249.800	-69.998	
18	249.900	-69.998	
18	250.000	-69.998	
18	250.100	-69.998	
18	250.200	-69.998	
18	250.300	-69.998	
18	250.400	-69.998	
18	250.500	-69.998	
18	250.600	-69.998	
18	250.700	-69.998	
18	250.800	-69.998	
18	250.900	-69.998	
18	251.000	-69.998	
18	251.100	-69.998	
18	251.200	-69.998	
18	251.300	-69.998	
18	251.400	-69.998	
18	251.500	-69.998	
18	251.600	-69.998	
18	251.700	-69.998	
18	251.800	-69.998	
18	251.900	-69.998	
18	252.000	-69.998	
18	252.100	-69.998	
18	252.200	-69.998	
18	252.300	-69.998	
18	252.400	-69.998	
18	252.500	-69.998	
18	252.600	-69.998	
18	252.700	-69.998	
18	252.800	-69.998	
18	252.900	-69.998	
18	253.000	-69.998	
18	253.100	-69.998	
18	253.200	-69.998	
18	253.300	-69.998	
18	253.400	-69.998	
18	253.500	-69.998	
18	253.600	-69.998	
18	253.700	-69.998	
18	253.800	-69.998	
18	253.900	-69.998	
18	254.000	-69.998	
18	254.100	-69.998	
18	254.200	-69.998	
18	254.300	-69.998	
18	254.400	-69.998	
18	254.500	-69.998	
18	254.600	-69.998	
18	254.700	-69.998	
18	254.800	-69.998	
18	254.900	-69.998	
18	255.000	-69.998	
18	255.100	-69.998	
18	255.200	-69.998	
18	255.300	-69.998	
18	255.400	-69.998	
18	255.500	-69.998	
18	255.600	-69.998	
18	255.700	-69.998	
18	255.800	-69.998	
18	255.900	-69.998	
18	256.000	-69.998	
18	256.100	-69.998	
18	256.200	-69.998	
18	256.300	-69.998	
18	256.400	-69.998	
18	256.500	-69.998	
18	256.600	-69.998	
18	256.700	-69.998	
18	256.800	-69.998	
18	256.900	-69.998	
18	257.000	-69.998	
18	257.100	-69.998	
18	257.200	-69.998	
18	257.300	-69.998	
18	257.400	-69.998	
18	257.500	-69.998	
18	257.600	-69.998	
18	257.700	-69.998	
18	257.800	-69.998	
18	257.900	-69.998	
18	258.000	-69.998	
18	258.100	-69.998	
18	258.200	-69.998	
18	258.300	-69.998	
18	258.400	-69.998	
18	258.500	-69.998	
18	258.600	-69.998	
18	258.700	-69.998	
18	258.800	-69.998	
18	258.900	-69.998	
18	259.000	-69.998	
18	259.100	-69.998	
18	259.200	-69.998	
18	259.300	-69.998	
18	259.400	-69.998	
18	259.500	-69.998	
18	259.600	-69.998	
18	259.700	-69.998	
18	259.800	-69.998	
18	259.900	-69.998	
18	260.000	-69.998	
18	260.100	-69.998	
18	260.200	-69.998	
18	260.300	-69.998	
18	260.400	-69.998	
18	260.500	-69.998	
18	260.600	-69.998	
18	260.700	-69.998	
18	260.800	-69.998	
18	260.900	-69.998	
18	261.000	-69.998	
18	261.100	-69.998	
18	261.200	-69.998	
18	261.300	-69.998	
18	261.400	-69.998	
18	261.500	-69.998	
18	261.600	-69.998	
18	261.700	-69.998	
18	261.800	-69.998	
18	261.900	-69.998	
18	262.000	-69.998	
18	262.100	-69.998	
18	262.200	-69.998	
18	262.300	-69.998	
18	262.400	-69.998	
18	262.500	-69.998	
18	262.600	-69.998	
18	262.700	-69.998	
18	262.800	-69.998	
18	262.900	-69.998	
18	263.000	-69.998	
18	263.100	-69.998	
18	263.200	-69.998	
18	263.300	-69.998	
18	263.400	-69.998	
18	263.500	-69.998	
18	263.600	-69.998	
18	263.700	-69.998	
18	263.800	-69.998	
18	263.900	-69.998	
18	264.000	-69.998	
18	264.100	-69.998	
18	264.200	-69.998	
18	264.300	-69.998	
18	264.400	-69.998	
18	264.500	-69.998	
18	264.600	-69.998	
18	264.700	-69.998	
18	264.800	-69.998	
18	264.900	-69.998	
18	265.000	-69.998	
18	265.100	-69.998	
18	265.200	-69.998	
18	265.300	-69.998	
18	265.400	-69.998	
18	265.500	-69.998	
18	265.600	-69.998	
18	265.700	-69.998	
18	265.800	-69.998	
18	265.900	-69.998	
18	266.000	-69.998	
18	266.100	-69.998	
18	266.200	-69.998	
18	266.300	-69.998	
18	266.400	-69.998	
18	266.500	-69.998	
18	266.600	-69.998	
18	266.700	-69.998	
18	266.800	-69.998	
18	266.900	-69.998	
18	267.000	-69.998	
18	267.100	-69.998	
18	267.200	-69.998	
18	267.300	-69.998	
18	267.400	-69.998	
18	267.500	-69.998	
18	267.600	-69.998	
18	267.700	-69.998	
18	267.800	-69.998	
18	267.900	-69.998	
18	268.000	-69.998	
18	268.100	-69.998	
18	268.200	-69.998	
18	268.300	-69.998	
18	268.400	-69.998	
18	268.500	-69.998	
18	268.600	-69.998	
18	268.700	-69.998	
18	268.800	-69.998	
18	268.900	-69.998	
18	269.000	-69.998	
18	269.100	-69.998	
18	269.200	-69.998	
18	269.300	-69.998	
18	269.400	-69.998	
18	269.500	-69.998	
18	269.600	-69.998	
18	269.700	-69.998	
18	269.800	-69.998	
18	269.900	-69.998	
18	270.000	-69.998	
18	270.100	-69.998	
18	270.200	-69.998	
18	270.300	-69.998	
18	270.400	-69.998	
18	270.500	-69.998	
18	270.600	-69.998	
18	270.700	-69.998	
18	270.800	-69.998	
18	270.900	-69.998	
18	271.000	-69.998	
18	271.100	-69.998	
18	271.200	-69.998	
18	271.300	-69.998	
18	271.400	-69.998	
18	271.500	-69.998	
18	271.600	-69.998	
18	271.700	-69.998	
18	271.800	-69.998	
18	271.900	-69.998	
18	272.000	-69.998	
18	272.100	-69.998	
18	272.200	-69.998	
18	272.300	-69.998	
18	272.400	-69.998	
18	272.500	-69.998	
18	272.600	-69.998	
18	272.700	-69.998	
18	272.800	-69.998	
18	272.900	-69.998	
18	273.000	-69.998	
18	273.100	-69.998	
18	273.200	-69.998	
18	273.300	-69.998	
18	273.400	-69.998	
18	273.500	-69.998	
18	273.600	-69.998	
18	273.700	-69.998	
18	273.800	-69.998	
18	273.900	-69.998	
18	274.000	-69.998	
18	274.100	-69.998	
18	274.200	-69.998	
18	274.300	-69.998	
18	274.400	-69.998	
18	274.500	-69.998	
18	274.600	-69.998	
18	274.700	-69.998	
18	274.800	-69.998	
18	274.900	-69.998	
18	275.000	-69.998	
18	275.100	-69.998	
18	275.200	-69.998	
18	275.300	-69.998	
18	275.400	-69.998	
18	275.500	-69.998	
18	275.600	-69.998	
18	275.700	-69.998	
18	275.800	-69.998	
18	275.900	-69.998	
18	276.000	-69.998	
18	276.100	-69.998	
18	276.200	-69.998	
18	276.300	-69.998	
18	276.400	-69.998	
18	276.500	-69.998	
18	276.600	-69.998	
18	276.700	-69.998	
18	276.800	-69.998	
18	276.900	-69.998	
18	277.000	-69.998	
18	277.100	-69.998	
18	277.200	-69.998	
18	277.300	-69.998	
18	277.400	-69.998	
18	277.500	-69.998	
18	277.600	-69.998	
18	277.700	-69.998	
18	277.800	-69.998	
18	277.900	-69.998	
18	278.000	-69.998	
18	278.100	-69.998	
18	278.200	-69.998	
18	278.300	-69.998	
18	278.400	-69.998	
18	278.500	-69.998	
18	278.600	-69.998	
18	278.700	-69.998	
18	278.800	-69.998	
18	278.900	-69.998	
18	279.000	-69.998	
18	279.100	-69.998	
18	279.200	-69.998	
18	279.300	-69.998	
18	279.400	-69.998	
18	279.500	-69.998	
18	279.600	-69.998	
18	279.700	-69.998	
18	279.800	-69.998	
18	279.900	-69.998	
18	280.000	-69.998	
18	280.100	-69.998	
18	280.200	-69.998	
18	280.300	-69.998	
18	280.400	-69.998	
18	280.500	-69.998	
18	280.600	-69.998	
18	280.700	-69.998	
18	280.800	-69.998	
18	280.900	-69.998	
18	281.000	-69.998	
18	281.100	-69.998	
18	281.200	-69.998	
18	281.300	-69.998	
18	281.400	-69.998	
18	281.500	-69.998	
18	281.600	-69.998	
18	281.700	-69.998	
18	281.800	-69.998	
18	281.900	-69.998	
18	282.000	-69.998	
18	282.100	-69.998	
18	282.200	-69.998	
18	282.300	-69.998	
18	282.400	-69.998	
18	282.500	-69.998	
18	282.600	-69.998	
18	282.700	-69.998	
18	282.800	-69.998	
18	282.900	-69.998	
18	283.000	-69.998	
18	283.100	-69.998	
18	283.200	-69.998	
18	283.300	-69.998	
18	283.400	-69.998	
18	283.500	-69.998	
18	283.600	-69.998	
18	283.700	-69.998	
18	283.800	-69.998	
18	283.900	-69.998	
18	284.000	-69.998	
18	284.100	-69.998	
18	284.200	-69.998	
18	284.300	-69.998	
18	284.400	-69.998	
18	284.500	-69.998	
18	284.600	-69.998	
18	284.700	-69.998	
18	284.800	-69.998	
18	284.900	-69.998	
18	285.000	-69.998	
18	285.100	-69.998	
18	285.200	-69.998	
18	285.300	-69.998	
18	285.400	-69.998	
18	285.500	-69.998	
18	285.600	-69.998	
18	285.700	-69.998	
18	285.800	-69.998	
18	285.900	-69.998	
18	286.000	-69.998	
18	286.100	-69.998	
18	286.200	-69.998	
18	286.300	-69.998	
18	286.400	-69.998	
18	286.500	-69.998	
18	286.600	-69.998	
18	286.700	-69.998	
18	286.800	-69.998	
18	286.900	-69.998	
18	287.000	-69.998	
18	287.100	-69.998	
18	287.200	-69.998	
18	287.300	-69.998	
18	287.400	-69.998	
18	287.500	-69.998	
18	287.600	-69.998	
18	287.700	-69.998	
18	287.800	-69.998	
18	287.900	-69.998	
18	288.000	-69.998	
18	288.100	-69.998	
18	288.200	-69.998	
18	288.300	-69.998	
18	288.400	-69.998	
18	288.500	-69.998	
18	288.600	-69.998	
18	288.700	-69.998	
18	288.800	-69.998	
18	288.900	-69.998	
18	289.000	-69.998	
18	289.100	-69.998	
18	289.200	-69.998	
18	289.300	-69.998	
18	289.400	-69.998	
18	289.500	-69.998	
18	289.600	-69.998	
18	289.700	-69.998	
18	289.800	-69.998	
18	289.900	-69.998	
18	290.000	-69.998	
18	290.100	-69.998	
18	290.200	-69.998	
18	290.300	-69.998	
18	290.400	-69.998	
18	290.500	-69.998	
18	290.600	-69.998	
18	290.700	-69.998	
18	290.800	-69.998	
18	290.900	-69.998	
18	291.000	-69.998	
18	291.100	-69.998	
18	291.200	-69.998	
18	291.300	-69.998	
18	291.400	-69.998	
18	291.500	-69.998	
18	291.600	-69.998	
18	291.700	-69.998	
18	291.800	-69.998	
18	291.900	-69.998	
18	292.000	-69.998	
18	292.100	-69.998	
18	292.200	-69.998	
18	292.300	-69.998	
18	292.400	-69.998	
18	292.500	-69.998	
18	292.600	-69.998	
18	292.700	-69.998	
18	292.800	-69.998	
18	292.900	-69.998	
18	293.000	-69.998	
18	293.100	-69.998	
18	293.200	-69.998	
18	293.300	-69.998	
18	293.400	-69.998	
18	293.500	-69.998	
18	293.600	-69.998	
18	293.700	-69.998	
18	293.800	-69.998	
18	293.900	-69.998	
18	294.000	-69.998	
18	294.100	-69.998	
18	294.200	-69.998	
18	294.300	-69.998	
18	294.400	-69.998	
18	294.500	-69.998	
18	294.600	-69.998	
18	294.700	-69.998	
18	294.800	-69.998	
18	294.900	-69.998	
18	295.000	-69.998	
18	295.100	-69.998	
18	295.200	-69.998	
18	295.300	-69.998	
18	295.400	-69.998	
18	295.500	-69.998	
18	295.600	-69.998	
18	295.700	-69.998	
18	295.800	-69.998	
18	295.900	-69.998	
18	296.000	-69.998	
18	296.100	-69.998	
18	296.200	-69.998	
18	296.300	-69.998	
18	296.400	-69.998	
18	296.500	-69.998	
18	296.600	-69.998	
18	296.700	-69.998	
18	296.800	-69.998	
18	296.900	-69.998	
18	297.000	-69.998	
18	297.100	-69.998	
18	297.200	-69.998	
18	297.300	-69.998	
18	297.400	-69.998	
18	297.500	-69.998	
18	297.600	-69.998	
18	297.700	-69.998	
18	297.800	-69.998	
18	297.900	-69.998	
18	298.000	-69.998	
18	298.100	-69.998	
18	298.200	-69.998	
18	298.300	-69.998	
18	298.400	-69.998	
18	298.500	-69.998	
18	298.600	-69.998	
18	298.700	-69.998	
18	298.800	-69.998	
18	298.900	-69.998	
18	299.000	-69.998	
18	299.100	-69.998	
18	299.200	-69.998	
18	299.300	-69.998	
18	299.400	-69.998	
18	299.500	-69.998	
18	299.600	-69.998	
18	299.700	-69.998	
18	299.800	-69.998	
18	299.900	-69.998	
18	300.000	-69.998	
18	300.100	-69.998	
18	300.200	-69.998	
18	300.300	-69.998	
18	300.400	-69.998	
18	300.500	-69.998	
18	300.600	-69.998	
18	300.700	-69.998	
18	300.800	-69.998	
18	300.900	-69.998	
18	301.000	-69.998	
18	301.100	-69.998	
18	301.200	-69.998	
18	301.300	-69.998	
18	301.400	-69.998	
18	301.500	-69.998	
18	301.600	-69.998	
18	301.700	-69.998	
18	301.800	-69.998	
18	301.900	-69.998	
18	302.000	-69.998	
18	302.100	-69.998	
18	302.200	-69.998	
18	302.300	-69.998	
18	302.400	-69.998	
18	302.500	-69.998	
18	302.600	-69.998	
18	302.700	-69.998	
18	302.800	-69.998	
18	302.900	-69.998	
18	303.000	-69.998	
18	303.100	-69.998	
18	303.200	-69.998	
18	303.300	-69.998	
18	303.400	-69.998	
18	303.500	-69.998	
18	303.600	-69.998	
18	303.700	-69.998	
18	303.800	-69.998	
18	303.900	-69.998	
18	304.000	-69.998	
18	304.100	-69.998	
18	304.200	-69.998	
18	304.300	-69.998	
18	304.400	-69.998	
18	304.500	-69.998	
18	304.600	-69.998	
18	304.700	-69.998	
18	304.800	-69.998	
18	304.900	-69.998	
18	305.000	-69.998	
18	305.100	-69.998	
18	305.200	-69.998	
18	305.300	-69.998	
18	305.400	-69.998	
18	305.500	-69.998	
18	305.600	-69.998	
18	305.700	-69.998	
18	305.800	-69.998	
18	305.900	-69.998	
18	306.000	-69.998	
18	306.100	-69.998	
18	306.200	-69.998	
18	306.300	-69.998	
18	306.400	-69.998	
18	306.500	-69.998	
18	306.600	-69.998	
18	306.700	-69.998	
18	306.800	-69.998	
18	306.900	-69.998	
18	307.000	-69.998	
18	307.100	-69.998	
18	307.200	-69.998	
18	307.300	-69.998	
18	307.400	-69.998	
18	307.500	-69.998	
18	307.600	-69.998	
18	307.700	-69.998	
18	307.800	-69.998	
18	307.900	-69.998	
18	308.000	-69.998	
18	308.100	-69.998	
18	308.200	-69.998	
18	308.300	-69.998	
18	308.400	-69.998	
18	308.500	-69.998	
18	308.600	-69.998	
18	308.700	-69.998	
18	308.800	-69.998	
18	308.900	-69.998	
18	309.000	-69.998	
18	309.100	-69.998	
18	309.200	-69.998	
18	309.300	-69.998	
18	309.400	-69.998	
18	309.500	-69.998	
18	309.600	-69.998	
18	309.700	-69.998	
18	309.800	-69.998	
18	309.900	-69.998	
18	310.000	-69.998	
18	310.100	-69.998	
18	310.200	-69.998	
18	310.300	-69.998	
18	310.400	-69.998	
18	310.500	-69.998	
18	310.600	-69.998	
18	310.700	-69.998	
18	310.800	-69.998	
18	310.900	-69.998	
18	311.000	-69.998	
18	311.100	-69.998	
18	311.200	-69.998	
18	311.300	-69.998	
18	311.400	-69.998	
18	311.500	-69.998	
18	311.600	-69.998	
18	311.700	-69.998	
18	311.800	-69.998	
18	311.900	-69.998	
18	312.000	-69.998	
18	312.100	-69.998	
18	312.200	-69.998	
18	312.300	-69.998	
18	312.400	-69.998	
18	312.500	-69.998	
18	312.600	-69.998	
18	312.700	-69.998	
18	312.800	-69.998	
18	312.900	-69.998	
18	313.000	-69.998	
18	313.100	-69.998	
18	313.200	-69.998	
18	313.300	-69.998	
18	313.400	-69.998	
18	313.500	-69.998	
18	313.600	-69.998	
18	313.700	-69.998	
18	313.800	-69.998	
18	313.900	-69.998	
18	314.000	-69.998	
18	314.100	-69.998	
18	314.200	-69.998	
18	314.300	-69.998	
18	314.400	-69.998	
18	314.500	-69.998	
18	314.600	-69.998	
18	314.700	-69.998	
18	314.800	-69.998	
18	314.900	-69.998	
18	315.000	-69.998	
18	315.100	-69.998	
18	315.200	-69.998	
18	315.300	-69.998	
18	315.400	-69.998	
18	315.500	-69.998	
18	315.600	-69.998	
18	315.700	-69.998	
18	315.800	-69.998	
18	315.900	-69.998	
18	316.000	-69.998	
18	316.100	-69.998	
18	316.200	-69.998	
18	316.300	-69.998	
18	316.400	-69.998	
18	316.500	-69.998	
18	316.600	-69.998	
18	316.700	-69.998	
18	316.800	-69.998	
18	316.900	-69.998	
18	317.000	-69.998	
18	317.100	-69.998	
18	317.200	-69.998	
18	317.300	-69.998	
18	317.400	-69.998	
18	317.500	-69.998	
18	317.600	-69.998	
18	317.700	-69.998	
18	317.800	-69.998	
18	317.900	-69.998	
18	318.000	-69.998	
18	318.100	-69.998	
18	318.200	-69.998	
18	318.300	-69.998	
18	318.400	-69.998	
18	318.500	-69.998	
18	318.600	-69.998	
18	318.700	-69.998	
18	318.800	-69.998	
18	318.900	-69.998	
18	319.000	-69.998	
18	319.100	-69.998	
18	319.200	-69.998	
18	319.300	-69.998	
18	319.400	-69.998	
18	319.500	-69.998	
18	319.600	-69.998	
18	319.700	-69.998	
18	319.800	-69.998	
18	319.900	-69.998	
18	320.000	-69.998	
18	320.100	-69.998	
18	320.200	-69.998	
18	320.300	-69.998	
18	320.400	-69.998	
18	320.500	-69.998	
18	320.600	-69.998	
18	320.700	-69.998	
18	320.800	-69.998	
18	320.900	-69.998	
18	321.000	-69.998	
18	321.100	-69.998	
18	321.200	-69.998	
18	321.300	-69.998	
18	321.400	-69.998	
18	321.500	-69.998	
18	321.600	-69.998	
18	321.700	-69.998	
18	321.800	-69.998	
18	321.900	-69.998	
18	322.000	-69.998	
18	322.100	-69.998	
18	322.200	-69.998	
18	322.300	-69.998	
18	322.400	-69.998	
18	322.500	-69.998	
18	322.600	-69.998	
18	322.700	-69.998	
18	322.800	-69.998	
18	322.900	-69.998	
18	323.000	-69.998	
18	323.100	-69.998	
18	323.200	-69.998	
18	323.300	-69.998	
18	323.400	-69.998	
18	323.500	-69.998	
18	323.600	-69.998	
18	323.700	-69.998	
18	323.800	-69.998	
18	323.900	-69.998	
18	324.000	-69.998	
18	324.100	-69.998	
18	324.200	-69.998	
18	324.300	-69.998	
18	324.400	-69.998	
18	324.500	-69.998	
18	324.600	-69.998	
18	324.700	-69.998	
18	324.800	-69.998	
18	324.900	-69.998	
18	325.000	-69.998	
18	325.100	-69.998	
18	325.200	-69.998	
18	325.300	-69.998	
18	325.400	-69.998	
18	325.500	-69.998	
18	325.600	-69.998	
18	325.700	-69.998	
18	325.800	-69.998	
18	325.900	-69.998	
18	326.000	-69.998	
18	326.100	-69.998	
18	326.200	-69.998	
18	326.300	-69.998	
18	326.400	-69.998	
18	326.500	-69.998	
18	326.600	-69.998	
18	326.700	-69.998	
18	326.800	-69.998	
18	326.900	-69.998	
18	327.000	-69.998	
18	327.100	-69.998	
18	327.200	-69.998	
18	327.300	-69.998	
18	327.400	-69.998	
18	327.500	-69.998	
18	327.600	-69.998	
18	327.700	-69.998	
18	327.800	-69.998	
18	327.900	-69.998	
18	328.000	-69.998	
18	328.100	-69.998	
18	328.200	-69.998	
18	328.300	-69.998	
18	328.400	-69.998	
18	328.500	-69.998	
18	328.600	-69.998	
18	328.700	-69.998	
18	328.800	-69.998	
18	328.900	-69.998	
18	329.000	-69.998	
18	329.100	-69.998	
18	329.200	-69.998	
18	329.300	-69.998	
18	329.400	-69.998	
18	329.500	-69.998	
18	329.600	-69.998	
18	329.700	-69.998	
18	329.800	-69.998	
18	329.900	-69.998	
18	330.000	-69.998	
18	330.100	-69.998	
18	330.200	-69.998	
18	330.300	-69.998	
18	330.400	-69.998	
18	330.500	-69.998	
18	330.600	-69.998	
18	330.700	-69.998	
18	330.800	-69.998	
18	330.900	-69.998	
18	331.000	-69.998	
18	331.100	-69.998	
18	331.200	-69.998	
18	331.300	-69.998	
18	331.400	-69.998	
18	331.500	-69.998	
18	331.600	-69.998	
18	331.700	-69.998	
18	331.800	-69.998	
18	331.900	-69.998	
18	332.000	-69.998	
18	332.100	-69.998	
18	332.200	-69.998	
18	332.300	-69.998	
18	332.400	-69.998	
18	332.500	-69.998	
18	332.600	-69.998	
18	332.700	-69.998	
18	332.800	-69.998	
18	332.900	-69.998	
18	333.000	-69.998	
18	333.100	-69.998	
18	333.200	-69.998	
18	333.300	-69.998	
18	333.400	-69.998	
18	333.500	-69.998	
18	333.600	-69.998	
18	333.700	-69.998	
18	333.800	-69.998	
18	333.900	-69.998	
18	334.000	-69.998	
18	334.100	-69.998	
18	334.200	-69.998	
18	334.300	-69.998	
18	334.400	-69.998	
18	334.500	-69.998	
18	334.600	-69.998	
18	334.700	-69.998	
18	334.800	-69.998	
18	334.900	-69.998	
18	335.000	-69.998	
18	335.100	-69.998	
18	335.200	-69.998	
18	335.300	-69.998	
18	335.400	-69.998	
18	335.500	-69.998	
18	335.600	-69.998	
18	335.700	-69.998	
18	335.800	-69.998	
18	335.900	-69.998	
18	336.000	-69.998	
18	336.100	-69.998	
18	336.200	-69.998	
18	336.300	-69.998	
18	336.400	-69.998	
18	336.500	-69.998	
18	336.600	-69.998	
18	336.700	-69.998	
18	336.800	-69.998	
18	336.900	-69.998	
18	337.000	-69.998	
18	337.100	-69.998	
18	337.200	-69.998	
18	337.300	-69.998	
18	337.400	-69.998	
18	337.500	-69.998	
18	337.600	-69.998	
18	337.700	-69.998	
18	337.800	-69.998	
18	337.900	-69.998	
18	338.000	-69.998	
18	338.100	-69.998	
18	338.200	-69.998	
18	338.300	-69.998	
18	338.400	-69.998	
18	338.500	-69.998	
18	338.600	-69.998	
18	338.700	-69.998	
18	338.800	-69.998	
18	338.900	-69.998	
18	339.000	-69.998	
18	339.100	-69.998	
18	339.200	-69.998	
18	339.300	-69.998	
18	339.400	-69.998	
18	339.500	-69.998	
18	339.600	-69.998	
18	339.700	-69.998	
18	339.800	-69.998	
18	339.900	-69.998	
18	340.000	-69.998	
18	340.100	-69.998	
18	340.200	-69.998	
18	340.300	-69.998	
18	340.400	-69.998	
18	340.500	-69.998	
18	340.600	-69.998	
18	340.700	-69.998	
18	340.800	-69.998	
18	340.900	-69.998	
18	341.000	-69.998	
18	341.100	-69.998	
18	341.200	-69.998	
18	341.300	-69.998	
18	341.400	-69.998	
18	341.500	-69.998	
18	341.600	-69.998	
18	341.700	-69.998	
18	341.800	-69.998	
18	341.900	-69.998	
18	342.000	-69.998	
18	342.100	-69.998	
18	342.200	-69.998	
18	342.300	-69.998	
18	342.400	-69.998	
18	342.500	-69.998	
18	342.600	-69.998	
18	342.700	-69.998	
18	342.800	-69.998	
18	342.900	-69.998	
18	343.000	-69.998	
18	343.100	-69.998	
18	343.200	-69.998	
18	343.300	-69.998	
18	343.400	-69.998	
18	343.500	-69.998	
18	343.600	-69.998	
18	343.700	-69.998	
18	343.800	-69.998	
18	343.900	-69.998	
18	344.000	-69.998	
18	344.100	-69.998	
18	344.200	-69.998	
18	344.300	-69.998	
18	344.400	-69.998	
18	344.500	-69.998	
18	344.600	-69.998	
18	344.700	-69.998	
18	344.800	-69.998	
18	344.900	-69.998	
18	345.000	-69.998	
18	345.100	-69.998	
18	345.200	-69.998	
18	345.300	-69.998	
18	345.400	-69.998	
18	345.500	-69.998	
18	345.600	-69.998	
18	345.700	-69.998	
18	345.800	-69.998	
18	345.900	-69.998	
18	346.000	-69.998	
18	346.100	-69.998	
18	346.200	-69.998	
18	346.300	-69.998	
18	346.400	-69.998	
18	346.500	-69.998	
18	346.600	-69.998	
18	346.700	-69.998	
18	346.800	-69.998	
18	346.900	-69.998	
18	347.000	-69.998	
18	347.100	-69.998	
18	347.200	-69.998	
18	347.300	-69.998	
18	347.400	-69.998	
18	347.500	-69.998	
18	347.600	-69.998	
18	347.700	-69.998	
18	347.800	-69.998	
18	347.900	-69.998	
18	348.000	-69.998	
18	348.100	-69.998	
18	348.200	-69.998	
18	348.300	-69.998	
18	348.400	-69.998	
18	348.500	-69.998	
18	348.600	-69.998	
18	348.700	-69.998	
18	348.800	-69.998	
18	348.900	-69.998	
18	349.000	-69.998	
18	349.100	-69.998	
18	349.200	-69.998	
18	349.300	-69.998	
18	349.400	-69.998	
18	349.500	-69.998	
18	349.600	-69.998	
18	349.700	-69.998	
18	349.800	-69.998	
18	349.900	-69.998	
18	350.000	-69.998	
18	350.100	-69.998	
18	350.200	-69.998	
18	350.300	-69.998	
18	350.400	-69.998	
18	350.500	-69.998	
18	350.600	-69.998	
18	350.700	-69.998	
18	350.800	-69.998	
18	350.900	-69.998	
18	351.000	-69.998	
18	351.100	-69.998	
18	351.200	-69.998	
18	351.300	-69.998	
18	351.400	-69.998	
18	351.500	-69.998	
18	351.600	-69.998	
18	351.700	-69.998	
18	351.800	-69.998	
18	351.900	-69.998	
18	352.000	-69.998	
18	352.100	-69.998	
18	352.200	-69.998	
18	352.300	-69.998	
18	352.400	-69.998	
18	352.500	-69.998	
18	352.600	-69.998	
18	352.700	-69.998	
18	352.800	-69.998	
18	352.900	-69.998	
18	353.000	-69.998	
18	353.100	-69.998	
18	353.200	-69.998	
18	353.300	-69.998	
18	353.400	-69.998	
18	353.500	-69.998	
18	353.600	-69.998	
18	353.700	-69.998	
18	353.800	-69.998	
18	353.900	-69.998	
18	354.000	-69.998	
18	354.100	-69.998	
18	354.200	-69.998	
18	354.300	-69.998	
18	354.400	-69.998	
18	354.500	-69.998	
18	354.600	-69.998	
18	354.700	-69.998	
18	354.800	-69.998	
18	354.900	-69.998	
18	355.000	-69.998	
18	355.100	-69.998	
18	355.200	-69.998	
18	355.300	-69.998	
18	355.400	-69.998	
18	355.500	-69.998	
18	355.600	-69.998	
18	355.700	-69.998	
18	355.800	-69.998	
18	355.900	-69.998	
18	356.000	-69.998	
18	356.100	-69.998	
18	356.200	-69.998	
18	356.300	-69.998	
18	356.400	-69.998	
18	356.500	-69.998	
18	356.600	-69.998	
18	356.700	-69.998	
18	356.800	-69.998	
18	356.900	-69.998	
18	357.000	-69.998	
18	357.100	-69.998	
18	357.200	-69.998	
18	357.300	-69.998	
18	357.400	-69.998	
18	357.500	-69.998	
18	357.600	-69.998	
18	357.700	-69.998	
18	357.800	-69.998	
18	357.900	-69.998	
18	358.000	-69.998	
18	358.100	-69.998	
18	358.200	-69.998	
18	358.300	-69.998	
18	358.400	-69.998	
18	358.500	-69.998	
18	358.600	-69.998	
18	358.700	-69.998	
18	358.800	-69.998	
18	358.900	-69.998	
18	359.000	-69.998	
18	359.100	-69.998	
18	359.200	-69.998	
18	359.300	-69.998	
18	359.400	-69.998	
18	359.500	-69.998	
18	359.600	-69.998	
18	359.700	-69.998	
18	359.800	-69.998	
18	359.900	-69.998	
18	360.000	-69.998	
18	360.100	-69.998	
18	360.200	-69.998	
18	360.300	-69.998	
18	360.400	-69.998	
18	360.500	-69.998	
18	360.600	-69.998	
18	360.700	-69.998	
18	360.800	-69.998	
18	360.900	-69.998	
18	361.000	-69.998	
18	361.100	-69.998	
18	361.200	-69.998	
18	361.300	-69.998	
18	361.400	-69.998	
18	361.500	-69.998	
18	361.600	-69.998	
18	361.700	-69.998	
18	361.800	-69.998	
18	361.900	-69.998	
18	362.000	-69.998	
18	362.100	-69.998	
18	362.200	-69.998	
18	362.300	-69.998	
18	362.400	-69.998	
18	362.500	-69.998	
18	362.600	-69.998	
18	362.700	-69.998	
18	362.800	-69.998	
18	362.900	-69.998	
18	363.000	-69.998	
18	363.100	-69.998	
18	363.200	-69.998	
18	363.300	-69.998	
18	363.400	-69.998	
18	363.500	-69.998	
18	363.600	-69.998	
18	363.700	-69.998	
18	363.800	-69.998	
18	363.900	-69.998	
18	364.000	-69.998	
18	364.100	-69.998	
18	364.200	-69.998	
18	364.300	-69.998	
18	364.400	-69.998	
18	364.500	-69.998	
18	364.600	-69.998	
18	364.700	-69.998	
18	364.800	-69.998	
18	364.900	-69.998	
18	365.000	-69.998	
18	365.100	-69.998	
18	365.200	-69.998	
18	365.300	-69.998	
18	365.400	-69.998	
18	365.500	-69.998	
18	365.600	-69.998	
18	365.700	-69.998	
18	365.800	-69.998	
18	365.900	-69.998	
18	366.000	-69.998	
18	366.100	-69.998	
18	366.200	-69.998	
18	366.300	-69.998	
18	366.400	-69.998	
18	366.500	-69.998	
18	366.600	-69.998	
18	366.700	-69.998	
18	366.800	-69.998	
18	366.900	-69.998	
18	367.000	-69.998	
18	367.100	-69.998	
18	367.200	-69.998	
18	367.300	-69.998	
18	367.400	-69.998	
18	367.500	-69.998	
18	367.600	-69.998	
18	367.700	-69.998	
18	367.800	-69.998	
18	367.900	-69.998	
18	368.000	-69.998	
18	368.100	-69.998	
18	368.200	-69.998	
18	368.300	-69.998	
18	368.400	-69.998	
18	368.500	-69.998	
18	368.600	-69.998	
18	368.700	-69.998	
18	368.800	-69.998	
18	368.900	-69.998	
18	369.000	-69.998	
18	369.100	-69.998	
18	369.200	-69.998	
18	369.300	-69.998	
18	369.400	-69.998	
18	369.500	-69.998	
18	369.600	-69.998	
18	369.700	-69.998	
18	369.800	-69.998	
18	369.900	-69.998	
18	370.000	-69.998	
18	370.100	-69.998	
18	370.200	-69.998	
18	370.300	-69.998	
18	370.400	-69.998	
18	370.500	-69.998	
18	370.600	-69.998	
18	370.700	-69.998	
18	370.800	-69.998	
18	370.900	-69.998	
18	371.000	-69.998	
18	371.100	-69.998	
18	371.200	-69.998	
18	371.300	-69.998	
18	371.400	-69.998	
18	371.500	-69.998	
18	371.600	-69.998	
18	371.700	-69.998	
18	371.800	-69.998	
18	371.900	-69.998	
18	372.000	-69.998	
18	372.100	-69.998	
18	372.200	-69.998	
18	372.300	-69.998	
18	372.400	-69.998	
18	372.500	-69.998	
18	372.600	-69.998	
18	372.700	-69.998	
18	372.800	-69.998	
18	372.900	-69.998	
18	373.000	-69.998	
18	373.100	-69.998	
18	373.200	-69.998	
18	373.300	-69.998	
18	373.400	-69.998	
18	373.500	-69.998	
18	373.600	-69.998	
18	373.700	-69.998	
18	373.800	-69.998	
18	373.900	-69.998	
18	374.000	-69.998	
18	374.100	-69.998	
18	374.200	-69.998	
18	374.300	-69.998	
18	374.400	-69.998	
18	374.500	-69.998	
18	374.600	-69.998	
18	374.700	-69.998	
18	374.800	-69.998	
18	374.900	-69.998	
18	375.000	-69.998	
18	375.100	-69.998	
18	375.200	-69.998	
18	375.300	-69.998	
18	375.400	-69.998	
18	375.500	-69.998	
18	375.600	-69.998	
18	375.700	-69.998	
18	375.800	-69.998	
18	375.900	-69.998	
18	376.000	-69.998	
18	376.100	-69.998	
18	376.200	-69.998	
18	376.300	-69.998	
18	376.400	-69.998	
18	376.500	-69.998	
18	376.600	-69.998	
18	376.700	-69.998	
18	376.800	-69.998	
18	376.900	-69.998	
18	377.000	-69.998	
18	377.100	-69.998	
18	377.200	-69.998	
18	377.300	-69.998	
18	377.400	-69.998	
18	377.500	-69.998	
18	377.600	-69.998	
18	377.700	-69.998	
18	377.800	-69.998	
18	377.900	-69.998	
18	378.000	-69.998	
18	378.100	-69.998	
18	378.200	-69.998	
18	378.300	-69.998	
18	378.400	-69.998	
18	378.500	-69.998	
18	378.600	-69.998	
18	378.700	-69.998	
18	378.800	-69.998	
18	378.900	-69.998	
18	379.000	-69.998	
18	379.100	-69.998	
18	379.200	-69.998	
18	379.300	-69.998	
18	379.400	-69.998	
18	379.500	-69.998	
18	379.600	-69.998	
18	379.700	-69.998	
18	379.800	-69.998	
18	379.900	-69.998	
18	380.000	-69.998	
18	380.100	-69.998	
18	380.200	-69.998	
18	380.300	-69.998	
18	380.400	-69.998	
18	380.500	-69.998	
18	380.600	-69.998	
18	380.700	-69.998	
18	380.800	-69.998	
18	380.900	-69.998	
18	381.000	-69.998	
18	381.100	-69.998	
18	381.200	-69.998	
18	381.300	-69.998	
18	381.400	-69.998	
18	381.500	-69.998	
18	381.600	-69.998	
18	381.700	-69.998	
18	381.800	-69.998	
18	381.900	-69.998	
18	382.000	-69.998	
18	382.100	-69.998	
18	382.200	-69.998	
18	382.300	-69.998	
18	382.400	-69.998	
18	382.500	-69.998	
18	382.600	-69.998	
18	382.700	-69.998	
18	382.800	-69.998	
18	382.900	-69.998	
18	383.000	-69.998	
18	383.100	-69.998	
18	383.200	-69.998	
18	383.300	-69.998	
18	383.400	-69.998	
18	383.500	-69.998	
18	383.600	-69.998	
18	383.700	-69.998	
18	383.800	-69.998	
18	383.900	-69.998	
18	384.000	-69.998	
18	384.100	-69.998	
18	384.200	-69.998	
18	384.300	-69.998	
18	384.400	-69.998	
18	384.500	-69.998	
18	384.600	-69.998	
18	384.700	-69.998	
18	384.800	-69.998	
18	384.900	-69.998	
18	385.000	-69.998	
18	385.100	-69.998	
18	385.200	-69.998	
18	385.300	-69.998	
18	385.400	-69.998	
18	385.500	-69.998	
18	385.600	-69.998	
18	385.700	-69.998	
18	385.800	-69.998	
18	385.900	-69.998	
18	386.000	-69.998	
18	386.100	-69.998	
18	386.200	-69.998	
18	386.300	-69.998	
18	386.400	-69.998	
18	386.500	-69.998	
18	386.600	-69.998	
18	386.700	-69.998	
18	386.800	-69.998	
18	386.900	-69.998	
18	387.000	-69.998	
18	387.100	-69.998	
18	387.200	-69.998	
18	387.300	-69.998	
18	387.400	-69.998	
18	387.500	-69.998	
18	387.600	-69.998	
18	387.700	-69.998	
18	387.800	-69.998	
18	387.900	-69.998	
18	388.000	-69.998	
18	388.100	-69.998	
18	388.200	-69.998	
18	388.300	-69.998	
18	388.400	-69.998	
18	388.500	-69.998	
18	388.600	-69.998	
18	388.700	-69.998	
18	388.800	-69.998	
18	388.900	-69.998	
18	389.000	-69.998	
18	389.100	-69.998	
18	389.200	-69.998	
18	389.300	-69.998	
18	389.400	-69.998	
18	389.500	-69.998	
18	389.600	-69.998	
18	389.700	-69.998	
18	389.800	-69.998	
18	389.900	-69.998	
18	390.000	-69.998	
18	390.100	-69.998	
18	390.200	-69.998	
18	390.300	-69.998	
18	390.400	-69.998	
18	390.500	-69.998	
18	390.600	-69.998	
18	390.700	-69.998	
18	390.800	-69.998	
18	390.900	-69.998	
18	391.000	-69.998	
18	391.100	-69.998	
18	391.200	-69.998	
18	391.300	-69.998	
18	391.400	-69.998	
18	391.500	-69.998	
18	391.600	-69.998	
18	391.700	-69.998	
18	391.800	-69.998	
18	391.900	-69.998	
18	392.000	-69.998	
18	392.100	-69.998	
18	392.200	-69.998	
18	392.300	-69.998	
18	392.400	-69.998	
18	392.500	-69.998	
18	392.600	-69.998	
18	392.700	-69.998	
18	392.800	-69.998	
18	392.900	-69.998	
18	393.000	-69.998	
18	393.100	-69.998	
18	393.200	-69.998	
18	393.300	-69.998	
18	393.400	-69.998	
18	393.500	-69.998	
18	393.600	-69.998	
18	393.700	-69.998	
18	393.800	-69.998	
18	393.900	-69.998	
18	394.000	-69.998	
18	394.100	-69.998	
18	394.200	-69.998	
18	394.300	-69.998	
18	394.400	-69.998	
18	394.500	-69.998	
18	394.600	-69.998	
18	394.700	-69.998	
18	394.800	-69.998	
18	394.900	-69.998	
18	395.000	-69.998	
18	395.100	-69.998	
18	395.200	-69.998	
18	395.300	-69.998	
18	395.400	-69.998	
18	395.500	-69.998	
18	395.600	-69.998	
18	395.700	-69.998	
18	395.800	-69.998	
18	395.900	-69.998	
18	396.000	-69.998	
18	396.100	-69.998	
18	396.200	-69.998	
18	396.300	-69.998	
18	396.400	-69.998	
18	396.500	-69.998	
18	396.600	-69.998	
18	396.700	-69.998	
18	396.800	-69.998	
18	396.900	-69.998	
18	397.000	-69.998	
18	397.100	-69.998	
18	397.200	-69.998	
18	397.300	-69.998	
18	397.400	-69.998	
18	397.500	-69.998	
18	397.600	-69.998	
18	397.700	-69.998	
18	397.800	-69.998	
18	397.900	-69.998	
18	398.000	-69.998	
18	398.100	-69.998	
18	398.200	-69.998	
18	398.300	-69.998	
18	398.400	-69.998	
18	398.500	-69.998	
18	398.600	-69.998	
18	398.700	-69.998	
18	398.800	-69.998	
18	398.900	-69.998	
18	399.000	-69.998	
18	399.100	-69.998	
18	399.200	-69.998	
18	399.300	-69.998	
18	399.400	-69.998	
18	399.500	-69.998	
18	399.600	-69.998	
18	399.700	-69.998	
18	399.800	-69.998	
18	399.900	-69.998	
18	400.000	-69.998	
18	400.100	-69.998	
18	400.200	-69.998	
18	400.300	-69.998	
18	400.400	-69.998	
18	400.500	-69.998	
18	400.600	-69.998	
18	400.700	-69.998	
18	400.800	-69.998	
18	400.900	-69.998	
18	401.000	-69.998	
18	401.100	-69.998	
18	401.200	-69.998	
18	401.300	-69.998	
18	401.400	-69.998	
18	401.500	-69.998	
18	401.600	-69.998	
18	401.700	-69.998	
18	401.800	-69.998	
18	401.900	-69.998	
18	402.000	-69.998	
18	402.100	-69.998	
18	402.200	-69.998	
18	402.300	-69.998	
18	402.400	-69.998	
18	402.500	-69.998	
18	402.600	-69.998	
18	402.700	-69.998	
18	402.800	-69.998	
18	402.900	-69.998	
18	403.000	-69.998	
18	403.100	-69.998	
18	403.200	-69.998	
18	403.300	-69.998	
18	403.400	-69.998	
18	403.500	-69.998	
18	403.600	-69.998	
18	403.700	-69.998	
18	403.800	-69.998	
18	403.900	-69.998	
18	404.000	-69.998	
18	404.100	-69.998	
18	404.200	-69.998	
18	404.300	-69.998	
18	404.400	-69.998	
18	404.500	-69.998	
18	404.600	-69.998	
18	404.700	-69.998	
18	404.800	-69.998	
18	404.900	-69.998	
18	405.000	-69.998	
18	405.100	-69.998	
18	405.200	-69.998	
18	405.300	-69.998	
18	405.400	-69.998	
18	405.500	-69.998	
18	405.600	-69.998	
18	405.700	-69.998	
18	405.800	-69.998	
18	405.900	-69.998	
18	406.000	-69.998	
18	406.100	-69.998	
18	406.200	-69.998	
18	406.300	-69.998	
18	406.400	-69.998	
18	406.500	-69.998	
18	406.600	-69.998	
18	406.700	-69.998	
18	406.800	-69.998	
18	406.900	-69.998	
18	407.000	-69.998	
18	407.100	-69.998	
18	407.200	-69.998	
18	407.300	-69.998	
18	407.400	-69.998	
18	407.500	-69.998	
18	407.600	-69.998	
18	407.700	-69.998	
18	407.800	-69.998	
18	407.900	-69.998	
18	408.000	-69.998	
18	408.100	-69.998	
18	408.200	-69.998	
18	408.300	-69.998	
18	408.400	-69.998	
18	408.500	-69.998	
18	408.600	-69.998	
18	408.700	-69.998	
18	408.800	-69.998	
18	408.900	-69.998	
18	409.000	-69.998	
18	409.100	-69.998	
18	409.200	-69.998	
18	409.300	-69.998	
18	409.400	-69.998	
18	409.500	-69.998	
18	409.600	-69.998	
18	409.700	-69.998	
18	409.800	-69.998	
18	409.900	-69.998	
18	410.000	-69.998	
18	410.100	-69.998	
18	410.200	-69.998	
18	410.300	-69.998	
18	410.400	-69.998	
18	410.500	-69.998	
18	410.600	-69.998	
18	410.700	-69.998	
18	410.800	-69.998	
18	410.900	-69.998	
18	411.000	-69.998	
18	411.100	-69.998	
18	411.200	-69.998	
18	411.300	-69.998	
18	411.400	-69.998	
18	411.500	-69.998	
18	411.600	-69.998	
18	411.700	-69.998	
18	411.800	-69.998	
18	411.900	-69.998	
18	412.000	-69.998	
18	412.100	-69.998	
18	412.200	-69.998	
18	412.300	-69.998	
18	412.400	-69.998	
18	412.500	-69.998	
18	412.600	-69.998	
18	412.700	-69.998	
18	412.800	-69.998	
18	412.900	-69.998	
18	413.000	-69.998	
18	413.100	-69.998	
18	413.200	-69.998	
18	413.300	-69.998	
18	413.400	-69.998	
18	413.500	-69.998	
18	413.600	-69.998	
18	413.700	-69.998	
18	413.800	-69.998	
18	413.900	-69.998	
18	414.000	-69.998	
18	414.100	-69.998	
18	414.200	-69.998	
18	414.300	-69.998	
18	414.400	-69.998	
18	414.500	-69.998	
18	414.600	-69.998	
18	414.700	-69.998	
18	414.800	-69.998	
18	414.900	-69.998	
18	415.000	-69.998	
18	415.100	-69.998	
18	415.200	-69.998	
18	415.300	-69.998	
18	415.400	-69.998	
18	415.500	-69.998	
18	415.600	-69.998	
18	415.700	-69.998	
18	415.800	-69.998	
18	415.900	-69.998	
18	416.000	-69.998	
18	416.100	-69.998	
18	416.200	-69.998	
18	416.300	-69.998	
18	416.400	-69.998	
18	416.500	-69.998	
18	416.600	-69.998	
18	416.700	-69.998	
18	416.800	-69.998	
18	416.900	-69.998	
18	417.000	-69.998	
18	417.100	-69.998	
18	417.200	-69.998	
18	417.300	-69.998	
18	417.400	-69.998	
18	417.500	-69.998	
18	417.600	-69.998	
18	417.700	-69.998	
18	417.800	-69.998	
18	417.900	-69.998	
18	418.000	-69.998	
18	418.100	-69.998	
18	418.200	-69.998	
18	418.300	-69.998	
18	418.400	-69.998	
18	418.500	-69.998	
18	418.600	-69.998	
18	418.700	-69.998	
18	418.800	-69.998	
18	418.900	-69.998	
18	419.000	-69.998	
18	419.100	-69.998	
18	419.200	-69.998	
18	419.300	-69.998	
18	419.400	-69.998	
18	419.500	-69.998	
18	419.600	-69.998	
18	419.700	-69.998	
18	419.800	-69.998	
18	419.900	-69.998	
18	420.000	-69.998	
18	420.100	-69.998	
18	420.200	-69.998	
18	420.300	-69.998	
18	420.400	-69.998	
18	420.500	-69.998	
18	420.600	-69.998	
18	420.700	-69.998	
18	420.800	-69.998	
18	420.900	-69.998	
18	421.000	-69.998	
18	421.100	-69.998	
18	421.200	-69.998	
18	421.300	-69.998	
18	421.400	-69.998	
18	421.500	-69.998	
18	421.600	-69.998	
18	421.700	-69.998	
18	421.800	-69.998	
18	421.900	-69.998	
18	422.000	-69.998	
18	422.100	-69.998	
18	422.200	-69.998	
18	422.300	-69.998	
18	422.400	-69.998	
18	422.500	-69.998	
18	422.600	-69.998	
18	422.700	-69.998	
18	422.800	-69.998	
18	422.900	-69.998	
18	423.000	-69.998	
18	423.100	-69.998	
18	423.200	-69.998	
18	423.300	-69.998	
18	423.400	-69.998	
18	423.500	-69.998	
18	423.600	-69.998	
18	423.700	-69.998	
18	423.800	-69.998	
18	423.900	-69.998	
18	424.000	-69.998	
18	424.100	-69.998	
18	424.200	-69.998	
18	424.300	-69.998	
18	424.400	-69.998	
18	424.500	-69.998	
18	424.600	-69.998	
18	424.700	-69.998	
18	424.800	-69.998	
18	424.900	-69.998	
18	425.000	-69.998	
18	425.100	-69.998	
18	425.200	-69.998	
18	425.300	-69.998	
18	425.400	-69.998	
18	425.500	-69.998	
18	425.600	-69.998	
18	425.700	-69.998	
18	425.800	-69.998	
18	425.900	-69.998	
18	426.000	-69.998	
18	426.100	-69.998	
18	426.200	-69.998	
18	426.300	-69.998	
18	426.400	-69.998	
18	426.500	-69.998	
18	426.600	-69.998	
18	426.700	-69.998	
18	426.800	-69.998	
18	426.900	-69.998	
18	427.000	-69.998	
18	427.100	-69.998	
18	427.200	-69.998	
18	427.300	-69.998	
18	427.400	-69.998	
18	427.500	-69.998	
18	427.600	-69.998	
18	427.700	-69.998	
18	427.800	-69.998	
18	427.900	-69.998	
18	428.000	-69.998	
18	428.100	-69.998	
18	428.200	-69.998	
18	428.300	-69.998	
18	428.400	-69.998	
18	428.500	-69.998	
18	428.600	-69.998	
18	428.700	-69.998	
18	428.800	-69.998	
18	428.900	-69.998	
18	429.000	-69.998	
18	429.100	-69.998	
18	429.200	-69.998	
18	429.300	-69.998	
18	429.400	-69.998	
18	429.500	-69.998	
18	429.600	-69.998	
18	429.700	-69.998	
18	429.800	-69.998	
18	429.900	-69.998	
18	430.000	-69.998	
18	430.100	-69.998	
18	430.200	-69.998	
18	430.300	-69.998	
18	430.400	-69.998	
18	430.500	-69.998	
18	430.600	-69.998	
18	430.700	-69.998	
18	430.800	-69.998	
18	430.900	-69.998	
18	431.000	-69.998	
18	431.100	-69.998	
18	431.200	-69.998	
18	431.300	-69.998	
18	431.400	-69.998	
18	431.500	-69.998	
18	431.600	-69.998	
18	431.700	-69.998	
18	431.800	-69.998	
18	431.900	-69.998	
18	432.000	-69.998	
18	432.100	-69.998	
18	432.200	-69.998	
18	432.300	-69.998	
18	432.400	-69.998	
18	432.500	-69.998	
18	432.600	-69.998	
18	432.700	-69.998	
18	432.800	-69.998	
18	432.900	-69.998	
18	433.000	-69.998	
18	433.100	-69.998	
18	433.200	-69.998	
18	433.300	-69.998	
18	433.400	-69.998	
18	433.500	-69.998	
18	433.600	-69.998	
18	433.700	-69.998	
18	433.800	-69.998	
18	433.900	-69.998	
18	434.000	-69.998	
18	434.100	-69.998	
18	434.200	-69.998	
18	434.300	-69.998	
18	434.400	-69.998	
18	434.500	-69.998	
18	434.600	-69.998	
18	434.700	-69.998	
18	434.800	-69.998	
18	434.900	-69.998	
18	435.000	-69.998	
18	435.100	-69.998	
18	435.200	-69.998	
18	435.300	-69.998	
18	435.400	-69.998	
18	435.500	-69.998	
18	435.600	-69.998	
18	435.700	-69.998	
18	435.800	-69.998	
18	435.900	-69.998	
18	436.000	-69.998	
18	436.100	-69.998	
18	436.200	-69.998	
18	436.300	-69.998	
18	436.400	-69.998	
18	436.500	-69.998	
18	436.600	-69.998	
18	436.700	-69.998	
18	436.800	-69.998	
18	436.900	-69.998	
18	437.000	-69.998	
18	437.100	-69.998	
18	437.200	-69.998	
18	437.300	-69.998	
18	437.400	-69.998	
18	437.500	-69.998	
18	437.600	-69.998	
18	437.700	-69.998	
18	437.800	-69.998	
18	437.900	-69.998	
18	438.000	-69.998	
18	438.100	-69.998	
18	438.200	-69.998	
18	438.300	-69.998	
18	438.400	-69.998	
18	438.500	-69.998	
18	438.600	-69.998	
18	438.700	-69.998	
18	438.800	-69.998	
18	438.900	-69.998	
18	439.000	-69.998	
18	439.100	-69.998	
18	439.200	-69.998	
18	439.300	-69.998	
18	439.400	-69.998	
18	439.500	-69.998	
18	439.600	-69.998	
18	439.700	-69.998	
18	439.800	-69.998	
18	439.900	-69.998	
18	440.000	-69.998	
18	440.100	-69.998	
18	440.200	-69.998	
18	440.300	-69.998	
18	440.400	-69.998	
18	440.500	-69.998	
18	440.600	-69.998	
18	440.700	-69.998	
18	440.800	-69.998	
18	440.900	-69.998	
18	441.000	-69.998	
18	441.100	-69.998	
18	441.200	-69.998	
18	441.300	-69.998	
18	441.400	-69.998	
18	441.500	-69.998	
18	441.600	-69.998	
18	441.700	-69.998	
18	441.800	-69.998	
18	441.900	-69.998	
18	442.000	-69.998	
18	442.100	-69.998	
18	442.200	-69.998	
18	442.300	-69.998	
18	442.400	-69.998	
18	442.500	-69.998	
18	442.600	-69.998	
18	442.700	-69.998	
18	442.800	-69.998	
18	442.900	-69.998	
18	443.000	-69.998	
18	443.100	-69.998	
18	443.200	-69.998	
18	443.300	-69.998	
18	443.400	-69.998	
18	443.500	-69.998	
18	443.600	-69.998	
18	443.700	-69.998	
18	443.800	-69.998	
18	443.900	-69.998	
18	444.000	-69.998	
18	444.100	-69.998	
18	444.200	-69.998	
18	444.300	-69.998	
18	444.400	-69.998	
18	444.500	-69.998	
18	444.600	-69.998	
18	444.700	-69.998	
18	444.800	-69.998	
18	444.900	-69.998	
18	445.000	-69.998	
18	445.100	-69.998	
18	445.200	-69.998	
18	445.300	-69.998	
18	445.400	-69.998	
18	445.500	-69.998	
18	445.600	-69.998	
18	445.700	-69.998	
18	445.800	-69.998	
18	445.900	-69.998	
18	446.000	-69.998	
18	446.100	-69.998	
18	446.200	-69.998	
18	446.300	-69.998	
18	446.400	-69.998	
18	446.500	-69.998	
18	446.600	-69.998	
18	446.700	-69.998	
18	446.800	-69.998	
18	446.900	-69.998	
18	447.000	-69.998	
18	447.100	-69.998	
18	447.200	-69.998	
18	447.300	-69.998	
18	447.400	-69.998	
18	447.500	-69.998	
18	447.600	-69.998	
18	447.700	-69.998	
18	447.800	-69.998	
18	447.900	-69.998	
18	448.000	-69.998	
18	448.100	-69.998	
18	448.200	-69.998	
18	448.300	-69.998	
18	448.400	-69.998	
18	448.500	-69.998	
18	448.600	-69.998	
18	448.700	-69.998	
18	448.800	-69.998	
18	448.900	-69.998	
18	449.000	-69.998	
