39	0.100	-70.000	
39	0.200	-70.000	
39	0.300	-70.000	
39	0.400	-70.000	
39	0.500	-70.000	
39	0.600	-70.000	
39	0.700	-70.000	
39	0.800	-70.000	
39	0.900	-70.000	
39	1.000	-70.000	
39	1.100	-70.000	
39	1.200	-70.000	
39	1.300	-70.000	
39	1.400	-70.000	
39	1.500	-70.000	
39	1.600	-70.000	
39	1.700	-70.000	
39	1.800	-69.999	
39	1.900	-69.999	
39	2.000	-69.999	
39	2.100	-69.999	
39	2.200	-69.999	
39	2.300	-69.999	
39	2.400	-69.999	
39	2.500	-69.999	
39	2.600	-69.999	
39	2.700	-69.999	
39	2.800	-69.999	
39	2.900	-69.999	
39	3.000	-69.999	
39	3.100	-69.999	
39	3.200	-69.999	
39	3.300	-69.999	
39	3.400	-69.999	
39	3.500	-69.999	
39	3.600	-69.999	
39	3.700	-69.999	
39	3.800	-69.999	
39	3.900	-69.999	
39	4.000	-69.999	
39	4.100	-69.999	
39	4.200	-69.999	
39	4.300	-69.999	
39	4.400	-69.999	
39	4.500	-69.999	
39	4.600	-69.999	
39	4.700	-69.999	
39	4.800	-69.999	
39	4.900	-69.999	
39	5.000	-69.999	
39	5.100	-69.999	
39	5.200	-69.999	
39	5.300	-69.999	
39	5.400	-69.999	
39	5.500	-69.999	
39	5.600	-69.999	
39	5.700	-69.999	
39	5.800	-69.999	
39	5.900	-69.999	
39	6.000	-69.999	
39	6.100	-69.999	
39	6.200	-69.999	
39	6.300	-69.999	
39	6.400	-69.999	
39	6.500	-69.999	
39	6.600	-69.999	
39	6.700	-69.999	
39	6.800	-69.999	
39	6.900	-69.999	
39	7.000	-69.999	
39	7.100	-69.999	
39	7.200	-69.999	
39	7.300	-69.999	
39	7.400	-69.999	
39	7.500	-69.999	
39	7.600	-69.999	
39	7.700	-69.999	
39	7.800	-69.999	
39	7.900	-69.999	
39	8.000	-69.999	
39	8.100	-69.999	
39	8.200	-69.999	
39	8.300	-69.999	
39	8.400	-69.999	
39	8.500	-69.999	
39	8.600	-69.999	
39	8.700	-69.999	
39	8.800	-69.999	
39	8.900	-69.999	
39	9.000	-69.999	
39	9.100	-69.999	
39	9.200	-69.999	
39	9.300	-69.999	
39	9.400	-69.999	
39	9.500	-69.999	
39	9.600	-69.999	
39	9.700	-69.999	
39	9.800	-69.999	
39	9.900	-69.998	
39	10.000	-69.998	
39	10.100	-69.998	
39	10.200	-69.998	
39	10.300	-69.998	
39	10.400	-69.998	
39	10.500	-69.998	
39	10.600	-69.998	
39	10.700	-69.998	
39	10.800	-69.998	
39	10.900	-69.998	
39	11.000	-69.998	
39	11.100	-69.998	
39	11.200	-69.998	
39	11.300	-69.998	
39	11.400	-69.998	
39	11.500	-69.998	
39	11.600	-69.998	
39	11.700	-69.998	
39	11.800	-69.998	
39	11.900	-69.998	
39	12.000	-69.998	
39	12.100	-69.998	
39	12.200	-69.998	
39	12.300	-69.998	
39	12.400	-69.998	
39	12.500	-69.998	
39	12.600	-69.998	
39	12.700	-69.998	
39	12.800	-69.998	
39	12.900	-69.998	
39	13.000	-69.998	
39	13.100	-69.998	
39	13.200	-69.998	
39	13.300	-69.998	
39	13.400	-69.998	
39	13.500	-69.998	
39	13.600	-69.998	
39	13.700	-69.998	
39	13.800	-69.998	
39	13.900	-69.998	
39	14.000	-69.998	
39	14.100	-69.998	
39	14.200	-69.998	
39	14.300	-69.998	
39	14.400	-69.998	
39	14.500	-69.998	
39	14.600	-69.998	
39	14.700	-69.998	
39	14.800	-69.998	
39	14.900	-69.998	
39	15.000	-69.998	
39	15.100	-69.998	
39	15.200	-69.998	
39	15.300	-69.998	
39	15.400	-69.998	
39	15.500	-69.998	
39	15.600	-69.998	
39	15.700	-69.998	
39	15.800	-69.998	
39	15.900	-69.998	
39	16.000	-69.998	
39	16.100	-69.998	
39	16.200	-69.998	
39	16.300	-69.998	
39	16.400	-69.998	
39	16.500	-69.998	
39	16.600	-69.998	
39	16.700	-69.998	
39	16.800	-69.998	
39	16.900	-69.998	
39	17.000	-69.998	
39	17.100	-69.998	
39	17.200	-69.998	
39	17.300	-69.998	
39	17.400	-69.998	
39	17.500	-69.998	
39	17.600	-69.998	
39	17.700	-69.998	
39	17.800	-69.998	
39	17.900	-69.998	
39	18.000	-69.998	
39	18.100	-69.998	
39	18.200	-69.998	
39	18.300	-69.998	
39	18.400	-69.998	
39	18.500	-69.998	
39	18.600	-69.998	
39	18.700	-69.998	
39	18.800	-69.998	
39	18.900	-69.998	
39	19.000	-69.998	
39	19.100	-69.998	
39	19.200	-69.998	
39	19.300	-69.998	
39	19.400	-69.998	
39	19.500	-69.998	
39	19.600	-69.998	
39	19.700	-69.998	
39	19.800	-69.998	
39	19.900	-69.998	
39	20.000	-69.998	
39	20.100	-69.998	
39	20.200	-69.998	
39	20.300	-69.998	
39	20.400	-69.998	
39	20.500	-69.998	
39	20.600	-69.998	
39	20.700	-69.998	
39	20.800	-69.998	
39	20.900	-69.998	
39	21.000	-69.998	
39	21.100	-69.998	
39	21.200	-69.998	
39	21.300	-69.998	
39	21.400	-69.998	
39	21.500	-69.998	
39	21.600	-69.998	
39	21.700	-69.998	
39	21.800	-69.998	
39	21.900	-69.998	
39	22.000	-69.998	
39	22.100	-69.998	
39	22.200	-69.998	
39	22.300	-69.998	
39	22.400	-69.998	
39	22.500	-69.998	
39	22.600	-69.998	
39	22.700	-69.998	
39	22.800	-69.998	
39	22.900	-69.998	
39	23.000	-69.998	
39	23.100	-69.998	
39	23.200	-69.998	
39	23.300	-69.998	
39	23.400	-69.998	
39	23.500	-69.998	
39	23.600	-69.998	
39	23.700	-69.998	
39	23.800	-69.998	
39	23.900	-69.998	
39	24.000	-69.998	
39	24.100	-69.998	
39	24.200	-69.998	
39	24.300	-69.998	
39	24.400	-69.998	
39	24.500	-69.998	
39	24.600	-69.998	
39	24.700	-69.998	
39	24.800	-69.998	
39	24.900	-69.998	
39	25.000	-69.998	
39	25.100	-69.998	
39	25.200	-69.998	
39	25.300	-69.998	
39	25.400	-69.998	
39	25.500	-69.998	
39	25.600	-69.998	
39	25.700	-69.998	
39	25.800	-69.998	
39	25.900	-69.998	
39	26.000	-69.998	
39	26.100	-69.998	
39	26.200	-69.998	
39	26.300	-69.998	
39	26.400	-69.998	
39	26.500	-69.998	
39	26.600	-69.998	
39	26.700	-69.998	
39	26.800	-69.998	
39	26.900	-69.998	
39	27.000	-69.998	
39	27.100	-69.998	
39	27.200	-69.998	
39	27.300	-69.998	
39	27.400	-69.998	
39	27.500	-69.998	
39	27.600	-69.998	
39	27.700	-69.998	
39	27.800	-69.998	
39	27.900	-69.998	
39	28.000	-69.998	
39	28.100	-69.998	
39	28.200	-69.998	
39	28.300	-69.998	
39	28.400	-69.998	
39	28.500	-69.998	
39	28.600	-69.998	
39	28.700	-69.998	
39	28.800	-69.998	
39	28.900	-69.998	
39	29.000	-69.998	
39	29.100	-69.998	
39	29.200	-69.998	
39	29.300	-69.998	
39	29.400	-69.998	
39	29.500	-69.998	
39	29.600	-69.998	
39	29.700	-69.998	
39	29.800	-69.998	
39	29.900	-69.998	
39	30.000	-69.998	
39	30.100	-69.998	
39	30.200	-69.998	
39	30.300	-69.998	
39	30.400	-69.998	
39	30.500	-69.998	
39	30.600	-69.998	
39	30.700	-69.998	
39	30.800	-69.998	
39	30.900	-69.998	
39	31.000	-69.998	
39	31.100	-69.998	
39	31.200	-69.998	
39	31.300	-69.998	
39	31.400	-69.998	
39	31.500	-69.998	
39	31.600	-69.998	
39	31.700	-69.998	
39	31.800	-69.998	
39	31.900	-69.998	
39	32.000	-69.998	
39	32.100	-69.998	
39	32.200	-69.998	
39	32.300	-69.998	
39	32.400	-69.998	
39	32.500	-69.998	
39	32.600	-69.998	
39	32.700	-69.998	
39	32.800	-69.998	
39	32.900	-69.998	
39	33.000	-69.998	
39	33.100	-69.998	
39	33.200	-69.998	
39	33.300	-69.998	
39	33.400	-69.998	
39	33.500	-69.998	
39	33.600	-69.998	
39	33.700	-69.998	
39	33.800	-69.998	
39	33.900	-69.998	
39	34.000	-69.998	
39	34.100	-69.998	
39	34.200	-69.998	
39	34.300	-69.998	
39	34.400	-69.998	
39	34.500	-69.998	
39	34.600	-69.998	
39	34.700	-69.998	
39	34.800	-69.998	
39	34.900	-69.998	
39	35.000	-69.998	
39	35.100	-69.998	
39	35.200	-69.998	
39	35.300	-69.998	
39	35.400	-69.998	
39	35.500	-69.998	
39	35.600	-69.998	
39	35.700	-69.998	
39	35.800	-69.998	
39	35.900	-69.998	
39	36.000	-69.998	
39	36.100	-69.998	
39	36.200	-69.998	
39	36.300	-69.998	
39	36.400	-69.998	
39	36.500	-69.998	
39	36.600	-69.998	
39	36.700	-69.998	
39	36.800	-69.998	
39	36.900	-69.998	
39	37.000	-69.998	
39	37.100	-69.998	
39	37.200	-69.998	
39	37.300	-69.998	
39	37.400	-69.998	
39	37.500	-69.998	
39	37.600	-69.998	
39	37.700	-69.998	
39	37.800	-69.998	
39	37.900	-69.998	
39	38.000	-69.998	
39	38.100	-69.998	
39	38.200	-69.998	
39	38.300	-69.998	
39	38.400	-69.998	
39	38.500	-69.998	
39	38.600	-69.998	
39	38.700	-69.998	
39	38.800	-69.998	
39	38.900	-69.998	
39	39.000	-69.998	
39	39.100	-69.998	
39	39.200	-69.998	
39	39.300	-69.998	
39	39.400	-69.998	
39	39.500	-69.998	
39	39.600	-69.998	
39	39.700	-69.998	
39	39.800	-69.998	
39	39.900	-69.998	
39	40.000	-69.998	
39	40.100	-69.998	
39	40.200	-69.998	
39	40.300	-69.998	
39	40.400	-69.998	
39	40.500	-69.998	
39	40.600	-69.998	
39	40.700	-69.998	
39	40.800	-69.998	
39	40.900	-69.998	
39	41.000	-69.998	
39	41.100	-69.998	
39	41.200	-69.998	
39	41.300	-69.998	
39	41.400	-69.998	
39	41.500	-69.998	
39	41.600	-69.998	
39	41.700	-69.998	
39	41.800	-69.998	
39	41.900	-69.998	
39	42.000	-69.998	
39	42.100	-69.998	
39	42.200	-69.998	
39	42.300	-69.998	
39	42.400	-69.998	
39	42.500	-69.998	
39	42.600	-69.998	
39	42.700	-69.998	
39	42.800	-69.998	
39	42.900	-69.998	
39	43.000	-69.998	
39	43.100	-69.998	
39	43.200	-69.998	
39	43.300	-69.998	
39	43.400	-69.998	
39	43.500	-69.998	
39	43.600	-69.998	
39	43.700	-69.998	
39	43.800	-69.998	
39	43.900	-69.998	
39	44.000	-69.998	
39	44.100	-69.998	
39	44.200	-69.998	
39	44.300	-69.998	
39	44.400	-69.998	
39	44.500	-69.998	
39	44.600	-69.998	
39	44.700	-69.998	
39	44.800	-69.998	
39	44.900	-69.998	
39	45.000	-69.998	
39	45.100	-69.998	
39	45.200	-69.998	
39	45.300	-69.998	
39	45.400	-69.998	
39	45.500	-69.998	
39	45.600	-69.998	
39	45.700	-69.998	
39	45.800	-69.998	
39	45.900	-69.998	
39	46.000	-69.998	
39	46.100	-69.998	
39	46.200	-69.998	
39	46.300	-69.998	
39	46.400	-69.998	
39	46.500	-69.998	
39	46.600	-69.998	
39	46.700	-69.998	
39	46.800	-69.998	
39	46.900	-69.998	
39	47.000	-69.998	
39	47.100	-69.998	
39	47.200	-69.998	
39	47.300	-69.998	
39	47.400	-69.998	
39	47.500	-69.998	
39	47.600	-69.998	
39	47.700	-69.998	
39	47.800	-69.998	
39	47.900	-69.998	
39	48.000	-69.998	
39	48.100	-69.998	
39	48.200	-69.998	
39	48.300	-69.998	
39	48.400	-69.998	
39	48.500	-69.998	
39	48.600	-69.998	
39	48.700	-69.998	
39	48.800	-69.998	
39	48.900	-69.998	
39	49.000	-69.998	
39	49.100	-69.998	
39	49.200	-69.998	
39	49.300	-69.998	
39	49.400	-69.998	
39	49.500	-69.998	
39	49.600	-69.998	
39	49.700	-69.998	
39	49.800	-69.998	
39	49.900	-69.998	
39	50.000	-69.998	
39	50.100	-69.998	
39	50.200	-69.998	
39	50.300	-69.998	
39	50.400	-69.998	
39	50.500	-69.998	
39	50.600	-69.998	
39	50.700	-69.998	
39	50.800	-69.998	
39	50.900	-69.998	
39	51.000	-69.998	
39	51.100	-69.998	
39	51.200	-69.998	
39	51.300	-69.998	
39	51.400	-69.998	
39	51.500	-69.998	
39	51.600	-69.998	
39	51.700	-69.998	
39	51.800	-69.998	
39	51.900	-69.998	
39	52.000	-69.998	
39	52.100	-69.998	
39	52.200	-69.998	
39	52.300	-69.998	
39	52.400	-69.998	
39	52.500	-69.998	
39	52.600	-69.998	
39	52.700	-69.998	
39	52.800	-69.998	
39	52.900	-69.998	
39	53.000	-69.998	
39	53.100	-69.998	
39	53.200	-69.998	
39	53.300	-69.998	
39	53.400	-69.998	
39	53.500	-69.998	
39	53.600	-69.998	
39	53.700	-69.998	
39	53.800	-69.998	
39	53.900	-69.998	
39	54.000	-69.998	
39	54.100	-69.998	
39	54.200	-69.998	
39	54.300	-69.998	
39	54.400	-69.998	
39	54.500	-69.998	
39	54.600	-69.998	
39	54.700	-69.998	
39	54.800	-69.998	
39	54.900	-69.998	
39	55.000	-69.998	
39	55.100	-69.998	
39	55.200	-69.998	
39	55.300	-69.998	
39	55.400	-69.998	
39	55.500	-69.998	
39	55.600	-69.998	
39	55.700	-69.998	
39	55.800	-69.998	
39	55.900	-69.998	
39	56.000	-69.998	
39	56.100	-69.998	
39	56.200	-69.998	
39	56.300	-69.998	
39	56.400	-69.998	
39	56.500	-69.998	
39	56.600	-69.998	
39	56.700	-69.998	
39	56.800	-69.998	
39	56.900	-69.998	
39	57.000	-69.998	
39	57.100	-69.998	
39	57.200	-69.998	
39	57.300	-69.998	
39	57.400	-69.998	
39	57.500	-69.998	
39	57.600	-69.998	
39	57.700	-69.998	
39	57.800	-69.998	
39	57.900	-69.998	
39	58.000	-69.998	
39	58.100	-69.998	
39	58.200	-69.998	
39	58.300	-69.998	
39	58.400	-69.998	
39	58.500	-69.998	
39	58.600	-69.998	
39	58.700	-69.998	
39	58.800	-69.998	
39	58.900	-69.998	
39	59.000	-69.998	
39	59.100	-69.998	
39	59.200	-69.998	
39	59.300	-69.998	
39	59.400	-69.998	
39	59.500	-69.998	
39	59.600	-69.998	
39	59.700	-69.998	
39	59.800	-69.998	
39	59.900	-69.998	
39	60.000	-69.998	
39	60.100	-69.998	
39	60.200	-69.998	
39	60.300	-69.998	
39	60.400	-69.998	
39	60.500	-69.998	
39	60.600	-69.998	
39	60.700	-69.998	
39	60.800	-69.998	
39	60.900	-69.998	
39	61.000	-69.998	
39	61.100	-69.998	
39	61.200	-69.998	
39	61.300	-69.998	
39	61.400	-69.998	
39	61.500	-69.998	
39	61.600	-69.998	
39	61.700	-69.998	
39	61.800	-69.998	
39	61.900	-69.998	
39	62.000	-69.998	
39	62.100	-69.998	
39	62.200	-69.998	
39	62.300	-69.998	
39	62.400	-69.998	
39	62.500	-69.998	
39	62.600	-69.998	
39	62.700	-69.998	
39	62.800	-69.998	
39	62.900	-69.998	
39	63.000	-69.998	
39	63.100	-69.998	
39	63.200	-69.998	
39	63.300	-69.998	
39	63.400	-69.998	
39	63.500	-69.998	
39	63.600	-69.998	
39	63.700	-69.998	
39	63.800	-69.998	
39	63.900	-69.998	
39	64.000	-69.998	
39	64.100	-69.998	
39	64.200	-69.998	
39	64.300	-69.998	
39	64.400	-69.998	
39	64.500	-69.998	
39	64.600	-69.998	
39	64.700	-69.998	
39	64.800	-69.998	
39	64.900	-69.998	
39	65.000	-69.998	
39	65.100	-69.998	
39	65.200	-69.998	
39	65.300	-69.998	
39	65.400	-69.998	
39	65.500	-69.998	
39	65.600	-69.998	
39	65.700	-69.998	
39	65.800	-69.998	
39	65.900	-69.998	
39	66.000	-69.998	
39	66.100	-69.998	
39	66.200	-69.998	
39	66.300	-69.998	
39	66.400	-69.998	
39	66.500	-69.998	
39	66.600	-69.998	
39	66.700	-69.998	
39	66.800	-69.998	
39	66.900	-69.998	
39	67.000	-69.998	
39	67.100	-69.998	
39	67.200	-69.998	
39	67.300	-69.998	
39	67.400	-69.998	
39	67.500	-69.998	
39	67.600	-69.998	
39	67.700	-69.998	
39	67.800	-69.998	
39	67.900	-69.998	
39	68.000	-69.998	
39	68.100	-69.998	
39	68.200	-69.998	
39	68.300	-69.998	
39	68.400	-69.998	
39	68.500	-69.998	
39	68.600	-69.998	
39	68.700	-69.998	
39	68.800	-69.998	
39	68.900	-69.998	
39	69.000	-69.998	
39	69.100	-69.998	
39	69.200	-69.998	
39	69.300	-69.998	
39	69.400	-69.998	
39	69.500	-69.998	
39	69.600	-69.998	
39	69.700	-69.998	
39	69.800	-69.998	
39	69.900	-69.998	
39	70.000	-69.998	
39	70.100	-69.998	
39	70.200	-69.998	
39	70.300	-69.998	
39	70.400	-69.998	
39	70.500	-69.998	
39	70.600	-69.998	
39	70.700	-69.998	
39	70.800	-69.998	
39	70.900	-69.998	
39	71.000	-69.998	
39	71.100	-69.998	
39	71.200	-69.998	
39	71.300	-69.998	
39	71.400	-69.998	
39	71.500	-69.998	
39	71.600	-69.998	
39	71.700	-69.998	
39	71.800	-69.998	
39	71.900	-69.998	
39	72.000	-69.998	
39	72.100	-69.998	
39	72.200	-69.998	
39	72.300	-69.998	
39	72.400	-69.998	
39	72.500	-69.998	
39	72.600	-69.998	
39	72.700	-69.998	
39	72.800	-69.998	
39	72.900	-69.998	
39	73.000	-69.998	
39	73.100	-69.998	
39	73.200	-69.998	
39	73.300	-69.998	
39	73.400	-69.998	
39	73.500	-69.998	
39	73.600	-69.998	
39	73.700	-69.998	
39	73.800	-69.998	
39	73.900	-69.998	
39	74.000	-69.998	
39	74.100	-69.998	
39	74.200	-69.998	
39	74.300	-69.998	
39	74.400	-69.998	
39	74.500	-69.998	
39	74.600	-69.998	
39	74.700	-69.998	
39	74.800	-69.998	
39	74.900	-69.998	
39	75.000	-69.998	
39	75.100	-69.998	
39	75.200	-69.998	
39	75.300	-69.998	
39	75.400	-69.998	
39	75.500	-69.998	
39	75.600	-69.998	
39	75.700	-69.998	
39	75.800	-69.998	
39	75.900	-69.998	
39	76.000	-69.998	
39	76.100	-69.998	
39	76.200	-69.998	
39	76.300	-69.998	
39	76.400	-69.998	
39	76.500	-69.998	
39	76.600	-69.998	
39	76.700	-69.998	
39	76.800	-69.998	
39	76.900	-69.998	
39	77.000	-69.998	
39	77.100	-69.998	
39	77.200	-69.998	
39	77.300	-69.998	
39	77.400	-69.998	
39	77.500	-69.998	
39	77.600	-69.998	
39	77.700	-69.998	
39	77.800	-69.998	
39	77.900	-69.998	
39	78.000	-69.998	
39	78.100	-69.998	
39	78.200	-69.998	
39	78.300	-69.998	
39	78.400	-69.998	
39	78.500	-69.998	
39	78.600	-69.998	
39	78.700	-69.998	
39	78.800	-69.998	
39	78.900	-69.998	
39	79.000	-69.998	
39	79.100	-69.998	
39	79.200	-69.998	
39	79.300	-69.998	
39	79.400	-69.998	
39	79.500	-69.998	
39	79.600	-69.998	
39	79.700	-69.998	
39	79.800	-69.998	
39	79.900	-69.998	
39	80.000	-69.998	
39	80.100	-69.998	
39	80.200	-69.998	
39	80.300	-69.998	
39	80.400	-69.998	
39	80.500	-69.998	
39	80.600	-69.998	
39	80.700	-69.998	
39	80.800	-69.998	
39	80.900	-69.998	
39	81.000	-69.998	
39	81.100	-69.998	
39	81.200	-69.998	
39	81.300	-69.998	
39	81.400	-69.998	
39	81.500	-69.998	
39	81.600	-69.998	
39	81.700	-69.998	
39	81.800	-69.998	
39	81.900	-69.998	
39	82.000	-69.998	
39	82.100	-69.998	
39	82.200	-69.998	
39	82.300	-69.998	
39	82.400	-69.998	
39	82.500	-69.998	
39	82.600	-69.998	
39	82.700	-69.998	
39	82.800	-69.998	
39	82.900	-69.998	
39	83.000	-69.998	
39	83.100	-69.998	
39	83.200	-69.998	
39	83.300	-69.998	
39	83.400	-69.998	
39	83.500	-69.998	
39	83.600	-69.998	
39	83.700	-69.998	
39	83.800	-69.998	
39	83.900	-69.998	
39	84.000	-69.998	
39	84.100	-69.998	
39	84.200	-69.998	
39	84.300	-69.998	
39	84.400	-69.998	
39	84.500	-69.998	
39	84.600	-69.998	
39	84.700	-69.998	
39	84.800	-69.998	
39	84.900	-69.998	
39	85.000	-69.998	
39	85.100	-69.998	
39	85.200	-69.998	
39	85.300	-69.998	
39	85.400	-69.998	
39	85.500	-69.998	
39	85.600	-69.998	
39	85.700	-69.998	
39	85.800	-69.998	
39	85.900	-69.998	
39	86.000	-69.998	
39	86.100	-69.998	
39	86.200	-69.998	
39	86.300	-69.998	
39	86.400	-69.998	
39	86.500	-69.998	
39	86.600	-69.998	
39	86.700	-69.998	
39	86.800	-69.998	
39	86.900	-69.998	
39	87.000	-69.998	
39	87.100	-69.998	
39	87.200	-69.998	
39	87.300	-69.998	
39	87.400	-69.998	
39	87.500	-69.998	
39	87.600	-69.998	
39	87.700	-69.998	
39	87.800	-69.998	
39	87.900	-69.998	
39	88.000	-69.998	
39	88.100	-69.998	
39	88.200	-69.998	
39	88.300	-69.998	
39	88.400	-69.998	
39	88.500	-69.998	
39	88.600	-69.998	
39	88.700	-69.998	
39	88.800	-69.998	
39	88.900	-69.998	
39	89.000	-69.998	
39	89.100	-69.998	
39	89.200	-69.998	
39	89.300	-69.998	
39	89.400	-69.998	
39	89.500	-69.998	
39	89.600	-69.998	
39	89.700	-69.998	
39	89.800	-69.998	
39	89.900	-69.998	
39	90.000	-69.998	
39	90.100	-69.998	
39	90.200	-69.998	
39	90.300	-69.998	
39	90.400	-69.998	
39	90.500	-69.998	
39	90.600	-69.998	
39	90.700	-69.998	
39	90.800	-69.998	
39	90.900	-69.998	
39	91.000	-69.998	
39	91.100	-69.998	
39	91.200	-69.998	
39	91.300	-69.998	
39	91.400	-69.998	
39	91.500	-69.998	
39	91.600	-69.998	
39	91.700	-69.998	
39	91.800	-69.998	
39	91.900	-69.998	
39	92.000	-69.998	
39	92.100	-69.998	
39	92.200	-69.998	
39	92.300	-69.998	
39	92.400	-69.998	
39	92.500	-69.998	
39	92.600	-69.998	
39	92.700	-69.998	
39	92.800	-69.998	
39	92.900	-69.998	
39	93.000	-69.998	
39	93.100	-69.998	
39	93.200	-69.998	
39	93.300	-69.998	
39	93.400	-69.998	
39	93.500	-69.998	
39	93.600	-69.998	
39	93.700	-69.998	
39	93.800	-69.998	
39	93.900	-69.998	
39	94.000	-69.998	
39	94.100	-69.998	
39	94.200	-69.998	
39	94.300	-69.998	
39	94.400	-69.998	
39	94.500	-69.998	
39	94.600	-69.998	
39	94.700	-69.998	
39	94.800	-69.998	
39	94.900	-69.998	
39	95.000	-69.998	
39	95.100	-69.998	
39	95.200	-69.998	
39	95.300	-69.998	
39	95.400	-69.998	
39	95.500	-69.998	
39	95.600	-69.998	
39	95.700	-69.998	
39	95.800	-69.998	
39	95.900	-69.998	
39	96.000	-69.998	
39	96.100	-69.998	
39	96.200	-69.998	
39	96.300	-69.998	
39	96.400	-69.998	
39	96.500	-69.998	
39	96.600	-69.998	
39	96.700	-69.998	
39	96.800	-69.998	
39	96.900	-69.998	
39	97.000	-69.998	
39	97.100	-69.998	
39	97.200	-69.998	
39	97.300	-69.998	
39	97.400	-69.998	
39	97.500	-69.998	
39	97.600	-69.998	
39	97.700	-69.998	
39	97.800	-69.998	
39	97.900	-69.998	
39	98.000	-69.998	
39	98.100	-69.998	
39	98.200	-69.998	
39	98.300	-69.998	
39	98.400	-69.998	
39	98.500	-69.998	
39	98.600	-69.998	
39	98.700	-69.998	
39	98.800	-69.998	
39	98.900	-69.998	
39	99.000	-69.998	
39	99.100	-69.998	
39	99.200	-69.998	
39	99.300	-69.998	
39	99.400	-69.998	
39	99.500	-69.998	
39	99.600	-69.998	
39	99.700	-69.998	
39	99.800	-69.998	
39	99.900	-69.998	
39	100.000	-69.998	
39	100.100	-69.998	
39	100.200	-69.998	
39	100.300	-69.998	
39	100.400	-69.998	
39	100.500	-69.998	
39	100.600	-69.998	
39	100.700	-69.998	
39	100.800	-69.998	
39	100.900	-69.998	
39	101.000	-69.998	
39	101.100	-69.998	
39	101.200	-69.998	
39	101.300	-69.998	
39	101.400	-69.998	
39	101.500	-69.998	
39	101.600	-69.998	
39	101.700	-69.998	
39	101.800	-69.998	
39	101.900	-69.998	
39	102.000	-69.998	
39	102.100	-69.998	
39	102.200	-69.998	
39	102.300	-69.998	
39	102.400	-69.998	
39	102.500	-69.998	
39	102.600	-69.998	
39	102.700	-69.998	
39	102.800	-69.998	
39	102.900	-69.998	
39	103.000	-69.998	
39	103.100	-69.998	
39	103.200	-69.998	
39	103.300	-69.998	
39	103.400	-69.998	
39	103.500	-69.998	
39	103.600	-69.998	
39	103.700	-69.998	
39	103.800	-69.998	
39	103.900	-69.998	
39	104.000	-69.998	
39	104.100	-69.998	
39	104.200	-69.998	
39	104.300	-69.998	
39	104.400	-69.998	
39	104.500	-69.998	
39	104.600	-69.998	
39	104.700	-69.998	
39	104.800	-69.998	
39	104.900	-69.998	
39	105.000	-69.998	
39	105.100	-69.998	
39	105.200	-69.998	
39	105.300	-69.998	
39	105.400	-69.998	
39	105.500	-69.998	
39	105.600	-69.998	
39	105.700	-69.998	
39	105.800	-69.998	
39	105.900	-69.998	
39	106.000	-69.998	
39	106.100	-69.998	
39	106.200	-69.998	
39	106.300	-69.998	
39	106.400	-69.998	
39	106.500	-69.998	
39	106.600	-69.998	
39	106.700	-69.998	
39	106.800	-69.998	
39	106.900	-69.998	
39	107.000	-69.998	
39	107.100	-69.998	
39	107.200	-69.998	
39	107.300	-69.998	
39	107.400	-69.998	
39	107.500	-69.998	
39	107.600	-69.998	
39	107.700	-69.998	
39	107.800	-69.998	
39	107.900	-69.998	
39	108.000	-69.998	
39	108.100	-69.998	
39	108.200	-69.998	
39	108.300	-69.998	
39	108.400	-69.998	
39	108.500	-69.998	
39	108.600	-69.998	
39	108.700	-69.998	
39	108.800	-69.998	
39	108.900	-69.998	
39	109.000	-69.998	
39	109.100	-69.998	
39	109.200	-69.998	
39	109.300	-69.998	
39	109.400	-69.998	
39	109.500	-69.998	
39	109.600	-69.998	
39	109.700	-69.998	
39	109.800	-69.998	
39	109.900	-69.998	
39	110.000	-69.998	
39	110.100	-69.998	
39	110.200	-69.998	
39	110.300	-69.998	
39	110.400	-69.998	
39	110.500	-69.998	
39	110.600	-69.998	
39	110.700	-69.998	
39	110.800	-69.998	
39	110.900	-69.998	
39	111.000	-69.998	
39	111.100	-69.998	
39	111.200	-69.998	
39	111.300	-69.998	
39	111.400	-69.998	
39	111.500	-69.998	
39	111.600	-69.998	
39	111.700	-69.998	
39	111.800	-69.998	
39	111.900	-69.998	
39	112.000	-69.998	
39	112.100	-69.998	
39	112.200	-69.998	
39	112.300	-69.998	
39	112.400	-69.998	
39	112.500	-69.998	
39	112.600	-69.998	
39	112.700	-69.998	
39	112.800	-69.998	
39	112.900	-69.998	
39	113.000	-69.998	
39	113.100	-69.998	
39	113.200	-69.998	
39	113.300	-69.998	
39	113.400	-69.998	
39	113.500	-69.998	
39	113.600	-69.998	
39	113.700	-69.998	
39	113.800	-69.998	
39	113.900	-69.998	
39	114.000	-69.998	
39	114.100	-69.998	
39	114.200	-69.998	
39	114.300	-69.998	
39	114.400	-69.998	
39	114.500	-69.998	
39	114.600	-69.998	
39	114.700	-69.998	
39	114.800	-69.998	
39	114.900	-69.998	
39	115.000	-69.998	
39	115.100	-69.998	
39	115.200	-69.998	
39	115.300	-69.998	
39	115.400	-69.998	
39	115.500	-69.998	
39	115.600	-69.998	
39	115.700	-69.998	
39	115.800	-69.998	
39	115.900	-69.998	
39	116.000	-69.998	
39	116.100	-69.998	
39	116.200	-69.998	
39	116.300	-69.998	
39	116.400	-69.998	
39	116.500	-69.998	
39	116.600	-69.998	
39	116.700	-69.998	
39	116.800	-69.998	
39	116.900	-69.998	
39	117.000	-69.998	
39	117.100	-69.998	
39	117.200	-69.998	
39	117.300	-69.998	
39	117.400	-69.998	
39	117.500	-69.998	
39	117.600	-69.998	
39	117.700	-69.998	
39	117.800	-69.998	
39	117.900	-69.998	
39	118.000	-69.998	
39	118.100	-69.998	
39	118.200	-69.998	
39	118.300	-69.998	
39	118.400	-69.998	
39	118.500	-69.998	
39	118.600	-69.998	
39	118.700	-69.998	
39	118.800	-69.998	
39	118.900	-69.998	
39	119.000	-69.998	
39	119.100	-69.998	
39	119.200	-69.998	
39	119.300	-69.998	
39	119.400	-69.998	
39	119.500	-69.998	
39	119.600	-69.998	
39	119.700	-69.998	
39	119.800	-69.998	
39	119.900	-69.998	
39	120.000	-69.998	
39	120.100	-69.998	
39	120.200	-69.998	
39	120.300	-69.998	
39	120.400	-69.998	
39	120.500	-69.998	
39	120.600	-69.998	
39	120.700	-69.998	
39	120.800	-69.998	
39	120.900	-69.998	
39	121.000	-69.998	
39	121.100	-69.998	
39	121.200	-69.998	
39	121.300	-69.998	
39	121.400	-69.998	
39	121.500	-69.998	
39	121.600	-69.998	
39	121.700	-69.998	
39	121.800	-69.998	
39	121.900	-69.998	
39	122.000	-69.998	
39	122.100	-69.998	
39	122.200	-69.998	
39	122.300	-69.998	
39	122.400	-69.998	
39	122.500	-69.998	
39	122.600	-69.998	
39	122.700	-69.998	
39	122.800	-69.998	
39	122.900	-69.998	
39	123.000	-69.998	
39	123.100	-69.998	
39	123.200	-69.998	
39	123.300	-69.998	
39	123.400	-69.998	
39	123.500	-69.998	
39	123.600	-69.998	
39	123.700	-69.998	
39	123.800	-69.998	
39	123.900	-69.998	
39	124.000	-69.998	
39	124.100	-69.998	
39	124.200	-69.998	
39	124.300	-69.998	
39	124.400	-69.998	
39	124.500	-69.998	
39	124.600	-69.998	
39	124.700	-69.998	
39	124.800	-69.998	
39	124.900	-69.998	
39	125.000	-69.998	
39	125.100	-69.998	
39	125.200	-69.998	
39	125.300	-69.998	
39	125.400	-69.998	
39	125.500	-69.998	
39	125.600	-69.998	
39	125.700	-69.998	
39	125.800	-69.998	
39	125.900	-69.998	
39	126.000	-69.998	
39	126.100	-69.998	
39	126.200	-69.998	
39	126.300	-69.998	
39	126.400	-69.998	
39	126.500	-69.998	
39	126.600	-69.998	
39	126.700	-69.998	
39	126.800	-69.998	
39	126.900	-69.998	
39	127.000	-69.998	
39	127.100	-69.998	
39	127.200	-69.998	
39	127.300	-69.998	
39	127.400	-69.998	
39	127.500	-69.998	
39	127.600	-69.998	
39	127.700	-69.998	
39	127.800	-69.998	
39	127.900	-69.998	
39	128.000	-69.998	
39	128.100	-69.998	
39	128.200	-69.998	
39	128.300	-69.998	
39	128.400	-69.998	
39	128.500	-69.998	
39	128.600	-69.998	
39	128.700	-69.998	
39	128.800	-69.998	
39	128.900	-69.998	
39	129.000	-69.998	
39	129.100	-69.998	
39	129.200	-69.998	
39	129.300	-69.998	
39	129.400	-69.998	
39	129.500	-69.998	
39	129.600	-69.998	
39	129.700	-69.998	
39	129.800	-69.998	
39	129.900	-69.998	
39	130.000	-69.998	
39	130.100	-69.998	
39	130.200	-69.998	
39	130.300	-69.998	
39	130.400	-69.998	
39	130.500	-69.998	
39	130.600	-69.998	
39	130.700	-69.998	
39	130.800	-69.998	
39	130.900	-69.998	
39	131.000	-69.998	
39	131.100	-69.998	
39	131.200	-69.998	
39	131.300	-69.998	
39	131.400	-69.998	
39	131.500	-69.998	
39	131.600	-69.998	
39	131.700	-69.998	
39	131.800	-69.998	
39	131.900	-69.998	
39	132.000	-69.998	
39	132.100	-69.998	
39	132.200	-69.998	
39	132.300	-69.998	
39	132.400	-69.998	
39	132.500	-69.998	
39	132.600	-69.998	
39	132.700	-69.998	
39	132.800	-69.998	
39	132.900	-69.998	
39	133.000	-69.998	
39	133.100	-69.998	
39	133.200	-69.998	
39	133.300	-69.998	
39	133.400	-69.998	
39	133.500	-69.998	
39	133.600	-69.998	
39	133.700	-69.998	
39	133.800	-69.998	
39	133.900	-69.998	
39	134.000	-69.998	
39	134.100	-69.998	
39	134.200	-69.998	
39	134.300	-69.998	
39	134.400	-69.998	
39	134.500	-69.998	
39	134.600	-69.998	
39	134.700	-69.998	
39	134.800	-69.998	
39	134.900	-69.998	
39	135.000	-69.998	
39	135.100	-69.998	
39	135.200	-69.998	
39	135.300	-69.998	
39	135.400	-69.998	
39	135.500	-69.998	
39	135.600	-69.998	
39	135.700	-69.998	
39	135.800	-69.998	
39	135.900	-69.998	
39	136.000	-69.998	
39	136.100	-69.998	
39	136.200	-69.998	
39	136.300	-69.998	
39	136.400	-69.998	
39	136.500	-69.998	
39	136.600	-69.998	
39	136.700	-69.998	
39	136.800	-69.998	
39	136.900	-69.998	
39	137.000	-69.998	
39	137.100	-69.998	
39	137.200	-69.998	
39	137.300	-69.998	
39	137.400	-69.998	
39	137.500	-69.998	
39	137.600	-69.998	
39	137.700	-69.998	
39	137.800	-69.998	
39	137.900	-69.998	
39	138.000	-69.998	
39	138.100	-69.998	
39	138.200	-69.998	
39	138.300	-69.998	
39	138.400	-69.998	
39	138.500	-69.998	
39	138.600	-69.998	
39	138.700	-69.998	
39	138.800	-69.998	
39	138.900	-69.998	
39	139.000	-69.998	
39	139.100	-69.998	
39	139.200	-69.998	
39	139.300	-69.998	
39	139.400	-69.998	
39	139.500	-69.998	
39	139.600	-69.998	
39	139.700	-69.998	
39	139.800	-69.998	
39	139.900	-69.998	
39	140.000	-69.998	
39	140.100	-69.998	
39	140.200	-69.998	
39	140.300	-69.998	
39	140.400	-69.998	
39	140.500	-69.998	
39	140.600	-69.998	
39	140.700	-69.998	
39	140.800	-69.998	
39	140.900	-69.998	
39	141.000	-69.998	
39	141.100	-69.998	
39	141.200	-69.998	
39	141.300	-69.998	
39	141.400	-69.998	
39	141.500	-69.998	
39	141.600	-69.998	
39	141.700	-69.998	
39	141.800	-69.998	
39	141.900	-69.998	
39	142.000	-69.998	
39	142.100	-69.998	
39	142.200	-69.998	
39	142.300	-69.998	
39	142.400	-69.998	
39	142.500	-69.998	
39	142.600	-69.998	
39	142.700	-69.998	
39	142.800	-69.998	
39	142.900	-69.998	
39	143.000	-69.998	
39	143.100	-69.998	
39	143.200	-69.998	
39	143.300	-69.998	
39	143.400	-69.998	
39	143.500	-69.998	
39	143.600	-69.998	
39	143.700	-69.998	
39	143.800	-69.998	
39	143.900	-69.998	
39	144.000	-69.998	
39	144.100	-69.998	
39	144.200	-69.998	
39	144.300	-69.998	
39	144.400	-69.998	
39	144.500	-69.998	
39	144.600	-69.998	
39	144.700	-69.998	
39	144.800	-69.998	
39	144.900	-69.998	
39	145.000	-69.998	
39	145.100	-69.998	
39	145.200	-69.998	
39	145.300	-69.998	
39	145.400	-69.998	
39	145.500	-69.998	
39	145.600	-69.998	
39	145.700	-69.998	
39	145.800	-69.998	
39	145.900	-69.998	
39	146.000	-69.998	
39	146.100	-69.998	
39	146.200	-69.998	
39	146.300	-69.998	
39	146.400	-69.998	
39	146.500	-69.998	
39	146.600	-69.998	
39	146.700	-69.998	
39	146.800	-69.998	
39	146.900	-69.998	
39	147.000	-69.998	
39	147.100	-69.998	
39	147.200	-69.998	
39	147.300	-69.998	
39	147.400	-69.998	
39	147.500	-69.998	
39	147.600	-69.998	
39	147.700	-69.998	
39	147.800	-69.998	
39	147.900	-69.998	
39	148.000	-69.998	
39	148.100	-69.998	
39	148.200	-69.998	
39	148.300	-69.998	
39	148.400	-69.998	
39	148.500	-69.998	
39	148.600	-69.998	
39	148.700	-69.998	
39	148.800	-69.998	
39	148.900	-69.998	
39	149.000	-69.998	
39	149.100	-69.998	
39	149.200	-69.998	
39	149.300	-69.998	
39	149.400	-69.998	
39	149.500	-69.998	
39	149.600	-69.998	
39	149.700	-69.998	
39	149.800	-69.998	
39	149.900	-69.998	
39	150.000	-69.998	
39	150.100	-69.998	
39	150.200	-69.998	
39	150.300	-69.998	
39	150.400	-69.998	
39	150.500	-69.998	
39	150.600	-69.998	
39	150.700	-69.998	
39	150.800	-69.998	
39	150.900	-69.998	
39	151.000	-69.998	
39	151.100	-69.998	
39	151.200	-69.998	
39	151.300	-69.998	
39	151.400	-69.998	
39	151.500	-69.998	
39	151.600	-69.998	
39	151.700	-69.998	
39	151.800	-69.998	
39	151.900	-69.998	
39	152.000	-69.998	
39	152.100	-69.998	
39	152.200	-69.998	
39	152.300	-69.998	
39	152.400	-69.998	
39	152.500	-69.998	
39	152.600	-69.998	
39	152.700	-69.998	
39	152.800	-69.998	
39	152.900	-69.998	
39	153.000	-69.998	
39	153.100	-69.998	
39	153.200	-69.998	
39	153.300	-69.998	
39	153.400	-69.998	
39	153.500	-69.998	
39	153.600	-69.998	
39	153.700	-69.998	
39	153.800	-69.998	
39	153.900	-69.998	
39	154.000	-69.998	
39	154.100	-69.998	
39	154.200	-69.998	
39	154.300	-69.998	
39	154.400	-69.998	
39	154.500	-69.998	
39	154.600	-69.998	
39	154.700	-69.998	
39	154.800	-69.998	
39	154.900	-69.998	
39	155.000	-69.998	
39	155.100	-69.998	
39	155.200	-69.998	
39	155.300	-69.998	
39	155.400	-69.998	
39	155.500	-69.998	
39	155.600	-69.998	
39	155.700	-69.998	
39	155.800	-69.998	
39	155.900	-69.998	
39	156.000	-69.998	
39	156.100	-69.998	
39	156.200	-69.998	
39	156.300	-69.998	
39	156.400	-69.998	
39	156.500	-69.998	
39	156.600	-69.998	
39	156.700	-69.998	
39	156.800	-69.998	
39	156.900	-69.998	
39	157.000	-69.998	
39	157.100	-69.998	
39	157.200	-69.998	
39	157.300	-69.998	
39	157.400	-69.998	
39	157.500	-69.998	
39	157.600	-69.998	
39	157.700	-69.998	
39	157.800	-69.998	
39	157.900	-69.998	
39	158.000	-69.998	
39	158.100	-69.998	
39	158.200	-69.998	
39	158.300	-69.998	
39	158.400	-69.998	
39	158.500	-69.998	
39	158.600	-69.998	
39	158.700	-69.998	
39	158.800	-69.998	
39	158.900	-69.998	
39	159.000	-69.998	
39	159.100	-69.998	
39	159.200	-69.998	
39	159.300	-69.998	
39	159.400	-69.998	
39	159.500	-69.998	
39	159.600	-69.998	
39	159.700	-69.998	
39	159.800	-69.998	
39	159.900	-69.998	
39	160.000	-69.998	
39	160.100	-69.998	
39	160.200	-69.998	
39	160.300	-69.998	
39	160.400	-69.998	
39	160.500	-69.998	
39	160.600	-69.998	
39	160.700	-69.998	
39	160.800	-69.998	
39	160.900	-69.998	
39	161.000	-69.998	
39	161.100	-69.998	
39	161.200	-69.998	
39	161.300	-69.998	
39	161.400	-69.998	
39	161.500	-69.998	
39	161.600	-69.998	
39	161.700	-69.998	
39	161.800	-69.998	
39	161.900	-69.998	
39	162.000	-69.998	
39	162.100	-69.998	
39	162.200	-69.998	
39	162.300	-69.998	
39	162.400	-69.998	
39	162.500	-69.998	
39	162.600	-69.998	
39	162.700	-69.998	
39	162.800	-69.998	
39	162.900	-69.998	
39	163.000	-69.998	
39	163.100	-69.998	
39	163.200	-69.998	
39	163.300	-69.998	
39	163.400	-69.998	
39	163.500	-69.998	
39	163.600	-69.998	
39	163.700	-69.998	
39	163.800	-69.998	
39	163.900	-69.998	
39	164.000	-69.998	
39	164.100	-69.998	
39	164.200	-69.998	
39	164.300	-69.998	
39	164.400	-69.998	
39	164.500	-69.998	
39	164.600	-69.998	
39	164.700	-69.998	
39	164.800	-69.998	
39	164.900	-69.998	
39	165.000	-69.998	
39	165.100	-69.998	
39	165.200	-69.998	
39	165.300	-69.998	
39	165.400	-69.998	
39	165.500	-69.998	
39	165.600	-69.998	
39	165.700	-69.998	
39	165.800	-69.998	
39	165.900	-69.998	
39	166.000	-69.998	
39	166.100	-69.998	
39	166.200	-69.998	
39	166.300	-69.998	
39	166.400	-69.998	
39	166.500	-69.998	
39	166.600	-69.998	
39	166.700	-69.998	
39	166.800	-69.998	
39	166.900	-69.998	
39	167.000	-69.998	
39	167.100	-69.998	
39	167.200	-69.998	
39	167.300	-69.998	
39	167.400	-69.998	
39	167.500	-69.998	
39	167.600	-69.998	
39	167.700	-69.998	
39	167.800	-69.998	
39	167.900	-69.998	
39	168.000	-69.998	
39	168.100	-69.998	
39	168.200	-69.998	
39	168.300	-69.998	
39	168.400	-69.998	
39	168.500	-69.998	
39	168.600	-69.998	
39	168.700	-69.998	
39	168.800	-69.998	
39	168.900	-69.998	
39	169.000	-69.998	
39	169.100	-69.998	
39	169.200	-69.998	
39	169.300	-69.998	
39	169.400	-69.998	
39	169.500	-69.998	
39	169.600	-69.998	
39	169.700	-69.998	
39	169.800	-69.998	
39	169.900	-69.998	
39	170.000	-69.998	
39	170.100	-69.998	
39	170.200	-69.998	
39	170.300	-69.998	
39	170.400	-69.998	
39	170.500	-69.998	
39	170.600	-69.998	
39	170.700	-69.998	
39	170.800	-69.998	
39	170.900	-69.998	
39	171.000	-69.998	
39	171.100	-69.998	
39	171.200	-69.998	
39	171.300	-69.998	
39	171.400	-69.998	
39	171.500	-69.998	
39	171.600	-69.998	
39	171.700	-69.998	
39	171.800	-69.998	
39	171.900	-69.998	
39	172.000	-69.998	
39	172.100	-69.998	
39	172.200	-69.998	
39	172.300	-69.998	
39	172.400	-69.998	
39	172.500	-69.998	
39	172.600	-69.998	
39	172.700	-69.998	
39	172.800	-69.998	
39	172.900	-69.998	
39	173.000	-69.998	
39	173.100	-69.998	
39	173.200	-69.998	
39	173.300	-69.998	
39	173.400	-69.998	
39	173.500	-69.998	
39	173.600	-69.998	
39	173.700	-69.998	
39	173.800	-69.998	
39	173.900	-69.998	
39	174.000	-69.998	
39	174.100	-69.998	
39	174.200	-69.998	
39	174.300	-69.998	
39	174.400	-69.998	
39	174.500	-69.998	
39	174.600	-69.998	
39	174.700	-69.998	
39	174.800	-69.998	
39	174.900	-69.998	
39	175.000	-69.998	
39	175.100	-69.998	
39	175.200	-69.998	
39	175.300	-69.998	
39	175.400	-69.998	
39	175.500	-69.998	
39	175.600	-69.998	
39	175.700	-69.998	
39	175.800	-69.998	
39	175.900	-69.998	
39	176.000	-69.998	
39	176.100	-69.998	
39	176.200	-69.998	
39	176.300	-69.998	
39	176.400	-69.998	
39	176.500	-69.998	
39	176.600	-69.998	
39	176.700	-69.998	
39	176.800	-69.998	
39	176.900	-69.998	
39	177.000	-69.998	
39	177.100	-69.998	
39	177.200	-69.998	
39	177.300	-69.998	
39	177.400	-69.998	
39	177.500	-69.998	
39	177.600	-69.998	
39	177.700	-69.998	
39	177.800	-69.998	
39	177.900	-69.998	
39	178.000	-69.998	
39	178.100	-69.998	
39	178.200	-69.998	
39	178.300	-69.998	
39	178.400	-69.998	
39	178.500	-69.998	
39	178.600	-69.998	
39	178.700	-69.998	
39	178.800	-69.998	
39	178.900	-69.998	
39	179.000	-69.998	
39	179.100	-69.998	
39	179.200	-69.998	
39	179.300	-69.998	
39	179.400	-69.998	
39	179.500	-69.998	
39	179.600	-69.998	
39	179.700	-69.998	
39	179.800	-69.998	
39	179.900	-69.998	
39	180.000	-69.998	
39	180.100	-69.998	
39	180.200	-69.998	
39	180.300	-69.998	
39	180.400	-69.998	
39	180.500	-69.998	
39	180.600	-69.998	
39	180.700	-69.998	
39	180.800	-69.998	
39	180.900	-69.998	
39	181.000	-69.998	
39	181.100	-69.998	
39	181.200	-69.998	
39	181.300	-69.998	
39	181.400	-69.998	
39	181.500	-69.998	
39	181.600	-69.998	
39	181.700	-69.998	
39	181.800	-69.998	
39	181.900	-69.998	
39	182.000	-69.998	
39	182.100	-69.998	
39	182.200	-69.998	
39	182.300	-69.998	
39	182.400	-69.998	
39	182.500	-69.998	
39	182.600	-69.998	
39	182.700	-69.998	
39	182.800	-69.998	
39	182.900	-69.998	
39	183.000	-69.998	
39	183.100	-69.998	
39	183.200	-69.998	
39	183.300	-69.998	
39	183.400	-69.998	
39	183.500	-69.998	
39	183.600	-69.998	
39	183.700	-69.998	
39	183.800	-69.998	
39	183.900	-69.998	
39	184.000	-69.998	
39	184.100	-69.998	
39	184.200	-69.998	
39	184.300	-69.998	
39	184.400	-69.998	
39	184.500	-69.998	
39	184.600	-69.998	
39	184.700	-69.998	
39	184.800	-69.998	
39	184.900	-69.998	
39	185.000	-69.998	
39	185.100	-69.998	
39	185.200	-69.998	
39	185.300	-69.998	
39	185.400	-69.998	
39	185.500	-69.998	
39	185.600	-69.998	
39	185.700	-69.998	
39	185.800	-69.998	
39	185.900	-69.998	
39	186.000	-69.998	
39	186.100	-69.998	
39	186.200	-69.998	
39	186.300	-69.998	
39	186.400	-69.998	
39	186.500	-69.998	
39	186.600	-69.998	
39	186.700	-69.998	
39	186.800	-69.998	
39	186.900	-69.998	
39	187.000	-69.998	
39	187.100	-69.998	
39	187.200	-69.998	
39	187.300	-69.998	
39	187.400	-69.998	
39	187.500	-69.998	
39	187.600	-69.998	
39	187.700	-69.998	
39	187.800	-69.998	
39	187.900	-69.998	
39	188.000	-69.998	
39	188.100	-69.998	
39	188.200	-69.998	
39	188.300	-69.998	
39	188.400	-69.998	
39	188.500	-69.998	
39	188.600	-69.998	
39	188.700	-69.998	
39	188.800	-69.998	
39	188.900	-69.998	
39	189.000	-69.998	
39	189.100	-69.998	
39	189.200	-69.998	
39	189.300	-69.998	
39	189.400	-69.998	
39	189.500	-69.998	
39	189.600	-69.998	
39	189.700	-69.998	
39	189.800	-69.998	
39	189.900	-69.998	
39	190.000	-69.998	
39	190.100	-69.998	
39	190.200	-69.998	
39	190.300	-69.998	
39	190.400	-69.998	
39	190.500	-69.998	
39	190.600	-69.998	
39	190.700	-69.998	
39	190.800	-69.998	
39	190.900	-69.998	
39	191.000	-69.998	
39	191.100	-69.998	
39	191.200	-69.998	
39	191.300	-69.998	
39	191.400	-69.998	
39	191.500	-69.998	
39	191.600	-69.998	
39	191.700	-69.998	
39	191.800	-69.998	
39	191.900	-69.998	
39	192.000	-69.998	
39	192.100	-69.998	
39	192.200	-69.998	
39	192.300	-69.998	
39	192.400	-69.998	
39	192.500	-69.998	
39	192.600	-69.998	
39	192.700	-69.998	
39	192.800	-69.998	
39	192.900	-69.998	
39	193.000	-69.998	
39	193.100	-69.998	
39	193.200	-69.998	
39	193.300	-69.998	
39	193.400	-69.998	
39	193.500	-69.998	
39	193.600	-69.998	
39	193.700	-69.998	
39	193.800	-69.998	
39	193.900	-69.998	
39	194.000	-69.998	
39	194.100	-69.998	
39	194.200	-69.998	
39	194.300	-69.998	
39	194.400	-69.998	
39	194.500	-69.998	
39	194.600	-69.998	
39	194.700	-69.998	
39	194.800	-69.998	
39	194.900	-69.998	
39	195.000	-69.998	
39	195.100	-69.998	
39	195.200	-69.998	
39	195.300	-69.998	
39	195.400	-69.998	
39	195.500	-69.998	
39	195.600	-69.998	
39	195.700	-69.998	
39	195.800	-69.998	
39	195.900	-69.998	
39	196.000	-69.998	
39	196.100	-69.998	
39	196.200	-69.998	
39	196.300	-69.998	
39	196.400	-69.998	
39	196.500	-69.998	
39	196.600	-69.998	
39	196.700	-69.998	
39	196.800	-69.998	
39	196.900	-69.998	
39	197.000	-69.998	
39	197.100	-69.998	
39	197.200	-69.998	
39	197.300	-69.998	
39	197.400	-69.998	
39	197.500	-69.998	
39	197.600	-69.998	
39	197.700	-69.998	
39	197.800	-69.998	
39	197.900	-69.998	
39	198.000	-69.998	
39	198.100	-69.998	
39	198.200	-69.998	
39	198.300	-69.998	
39	198.400	-69.998	
39	198.500	-69.998	
39	198.600	-69.998	
39	198.700	-69.998	
39	198.800	-69.998	
39	198.900	-69.998	
39	199.000	-69.998	
39	199.100	-69.998	
39	199.200	-69.998	
39	199.300	-69.998	
39	199.400	-69.998	
39	199.500	-69.998	
39	199.600	-69.998	
39	199.700	-69.998	
39	199.800	-69.998	
39	199.900	-69.998	
39	200.000	-69.998	
39	200.100	-69.998	
39	200.200	-69.998	
39	200.300	-69.998	
39	200.400	-69.998	
39	200.500	-69.998	
39	200.600	-69.998	
39	200.700	-69.998	
39	200.800	-69.998	
39	200.900	-69.998	
39	201.000	-69.998	
39	201.100	-69.998	
39	201.200	-69.998	
39	201.300	-69.998	
39	201.400	-69.998	
39	201.500	-69.998	
39	201.600	-69.998	
39	201.700	-69.998	
39	201.800	-69.998	
39	201.900	-69.998	
39	202.000	-69.998	
39	202.100	-69.998	
39	202.200	-69.998	
39	202.300	-69.998	
39	202.400	-69.998	
39	202.500	-69.998	
39	202.600	-69.998	
39	202.700	-69.998	
39	202.800	-69.998	
39	202.900	-69.998	
39	203.000	-69.998	
39	203.100	-69.998	
39	203.200	-69.998	
39	203.300	-69.998	
39	203.400	-69.998	
39	203.500	-69.998	
39	203.600	-69.998	
39	203.700	-69.998	
39	203.800	-69.998	
39	203.900	-69.998	
39	204.000	-69.998	
39	204.100	-69.998	
39	204.200	-69.998	
39	204.300	-69.998	
39	204.400	-69.998	
39	204.500	-69.998	
39	204.600	-69.998	
39	204.700	-69.998	
39	204.800	-69.998	
39	204.900	-69.998	
39	205.000	-69.998	
39	205.100	-69.998	
39	205.200	-69.998	
39	205.300	-69.998	
39	205.400	-69.998	
39	205.500	-69.998	
39	205.600	-69.998	
39	205.700	-69.998	
39	205.800	-69.998	
39	205.900	-69.998	
39	206.000	-69.998	
39	206.100	-69.998	
39	206.200	-69.998	
39	206.300	-69.998	
39	206.400	-69.998	
39	206.500	-69.998	
39	206.600	-69.998	
39	206.700	-69.998	
39	206.800	-69.998	
39	206.900	-69.998	
39	207.000	-69.998	
39	207.100	-69.998	
39	207.200	-69.998	
39	207.300	-69.998	
39	207.400	-69.998	
39	207.500	-69.998	
39	207.600	-69.998	
39	207.700	-69.998	
39	207.800	-69.998	
39	207.900	-69.998	
39	208.000	-69.998	
39	208.100	-69.998	
39	208.200	-69.998	
39	208.300	-69.998	
39	208.400	-69.998	
39	208.500	-69.998	
39	208.600	-69.998	
39	208.700	-69.998	
39	208.800	-69.998	
39	208.900	-69.998	
39	209.000	-69.998	
39	209.100	-69.998	
39	209.200	-69.998	
39	209.300	-69.998	
39	209.400	-69.998	
39	209.500	-69.998	
39	209.600	-69.998	
39	209.700	-69.998	
39	209.800	-69.998	
39	209.900	-69.998	
39	210.000	-69.998	
39	210.100	-69.998	
39	210.200	-69.998	
39	210.300	-69.998	
39	210.400	-69.998	
39	210.500	-69.998	
39	210.600	-69.998	
39	210.700	-69.998	
39	210.800	-69.998	
39	210.900	-69.998	
39	211.000	-69.998	
39	211.100	-69.998	
39	211.200	-69.998	
39	211.300	-69.998	
39	211.400	-69.998	
39	211.500	-69.998	
39	211.600	-69.998	
39	211.700	-69.998	
39	211.800	-69.998	
39	211.900	-69.998	
39	212.000	-69.998	
39	212.100	-69.998	
39	212.200	-69.998	
39	212.300	-69.998	
39	212.400	-69.998	
39	212.500	-69.998	
39	212.600	-69.998	
39	212.700	-69.998	
39	212.800	-69.998	
39	212.900	-69.998	
39	213.000	-69.998	
39	213.100	-69.998	
39	213.200	-69.998	
39	213.300	-69.998	
39	213.400	-69.998	
39	213.500	-69.998	
39	213.600	-69.998	
39	213.700	-69.998	
39	213.800	-69.998	
39	213.900	-69.998	
39	214.000	-69.998	
39	214.100	-69.998	
39	214.200	-69.998	
39	214.300	-69.998	
39	214.400	-69.998	
39	214.500	-69.998	
39	214.600	-69.998	
39	214.700	-69.998	
39	214.800	-69.998	
39	214.900	-69.998	
39	215.000	-69.998	
39	215.100	-69.998	
39	215.200	-69.998	
39	215.300	-69.998	
39	215.400	-69.998	
39	215.500	-69.998	
39	215.600	-69.998	
39	215.700	-69.998	
39	215.800	-69.998	
39	215.900	-69.998	
39	216.000	-69.998	
39	216.100	-69.998	
39	216.200	-69.998	
39	216.300	-69.998	
39	216.400	-69.998	
39	216.500	-69.998	
39	216.600	-69.998	
39	216.700	-69.998	
39	216.800	-69.998	
39	216.900	-69.998	
39	217.000	-69.998	
39	217.100	-69.998	
39	217.200	-69.998	
39	217.300	-69.998	
39	217.400	-69.998	
39	217.500	-69.998	
39	217.600	-69.998	
39	217.700	-69.998	
39	217.800	-69.998	
39	217.900	-69.998	
39	218.000	-69.998	
39	218.100	-69.998	
39	218.200	-69.998	
39	218.300	-69.998	
39	218.400	-69.998	
39	218.500	-69.998	
39	218.600	-69.998	
39	218.700	-69.998	
39	218.800	-69.998	
39	218.900	-69.998	
39	219.000	-69.998	
39	219.100	-69.998	
39	219.200	-69.998	
39	219.300	-69.998	
39	219.400	-69.998	
39	219.500	-69.998	
39	219.600	-69.998	
39	219.700	-69.998	
39	219.800	-69.998	
39	219.900	-69.998	
39	220.000	-69.998	
39	220.100	-69.998	
39	220.200	-69.998	
39	220.300	-69.998	
39	220.400	-69.998	
39	220.500	-69.998	
39	220.600	-69.998	
39	220.700	-69.998	
39	220.800	-69.998	
39	220.900	-69.998	
39	221.000	-69.998	
39	221.100	-69.998	
39	221.200	-69.998	
39	221.300	-69.998	
39	221.400	-69.998	
39	221.500	-69.998	
39	221.600	-69.998	
39	221.700	-69.998	
39	221.800	-69.998	
39	221.900	-69.998	
39	222.000	-69.998	
39	222.100	-69.998	
39	222.200	-69.998	
39	222.300	-69.998	
39	222.400	-69.998	
39	222.500	-69.998	
39	222.600	-69.998	
39	222.700	-69.998	
39	222.800	-69.998	
39	222.900	-69.998	
39	223.000	-69.998	
39	223.100	-69.998	
39	223.200	-69.998	
39	223.300	-69.998	
39	223.400	-69.998	
39	223.500	-69.998	
39	223.600	-69.998	
39	223.700	-69.998	
39	223.800	-69.998	
39	223.900	-69.998	
39	224.000	-69.998	
39	224.100	-69.998	
39	224.200	-69.998	
39	224.300	-69.998	
39	224.400	-69.998	
39	224.500	-69.998	
39	224.600	-69.998	
39	224.700	-69.998	
39	224.800	-69.998	
39	224.900	-69.998	
39	225.000	-69.998	
39	225.100	-69.998	
39	225.200	-69.998	
39	225.300	-69.998	
39	225.400	-69.998	
39	225.500	-69.998	
39	225.600	-69.998	
39	225.700	-69.998	
39	225.800	-69.998	
39	225.900	-69.998	
39	226.000	-69.998	
39	226.100	-69.998	
39	226.200	-69.998	
39	226.300	-69.998	
39	226.400	-69.998	
39	226.500	-69.998	
39	226.600	-69.998	
39	226.700	-69.998	
39	226.800	-69.998	
39	226.900	-69.998	
39	227.000	-69.998	
39	227.100	-69.998	
39	227.200	-69.998	
39	227.300	-69.998	
39	227.400	-69.998	
39	227.500	-69.998	
39	227.600	-69.998	
39	227.700	-69.998	
39	227.800	-69.998	
39	227.900	-69.998	
39	228.000	-69.998	
39	228.100	-69.998	
39	228.200	-69.998	
39	228.300	-69.998	
39	228.400	-69.998	
39	228.500	-69.998	
39	228.600	-69.998	
39	228.700	-69.998	
39	228.800	-69.998	
39	228.900	-69.998	
39	229.000	-69.998	
39	229.100	-69.998	
39	229.200	-69.998	
39	229.300	-69.998	
39	229.400	-69.998	
39	229.500	-69.998	
39	229.600	-69.998	
39	229.700	-69.998	
39	229.800	-69.998	
39	229.900	-69.998	
39	230.000	-69.998	
39	230.100	-69.998	
39	230.200	-69.998	
39	230.300	-69.998	
39	230.400	-69.998	
39	230.500	-69.998	
39	230.600	-69.998	
39	230.700	-69.998	
39	230.800	-69.998	
39	230.900	-69.998	
39	231.000	-69.998	
39	231.100	-69.998	
39	231.200	-69.998	
39	231.300	-69.998	
39	231.400	-69.998	
39	231.500	-69.998	
39	231.600	-69.998	
39	231.700	-69.998	
39	231.800	-69.998	
39	231.900	-69.998	
39	232.000	-69.998	
39	232.100	-69.998	
39	232.200	-69.998	
39	232.300	-69.998	
39	232.400	-69.998	
39	232.500	-69.998	
39	232.600	-69.998	
39	232.700	-69.998	
39	232.800	-69.998	
39	232.900	-69.998	
39	233.000	-69.998	
39	233.100	-69.998	
39	233.200	-69.998	
39	233.300	-69.998	
39	233.400	-69.998	
39	233.500	-69.998	
39	233.600	-69.998	
39	233.700	-69.998	
39	233.800	-69.998	
39	233.900	-69.998	
39	234.000	-69.998	
39	234.100	-69.998	
39	234.200	-69.998	
39	234.300	-69.998	
39	234.400	-69.998	
39	234.500	-69.998	
39	234.600	-69.998	
39	234.700	-69.998	
39	234.800	-69.998	
39	234.900	-69.998	
39	235.000	-69.998	
39	235.100	-69.998	
39	235.200	-69.998	
39	235.300	-69.998	
39	235.400	-69.998	
39	235.500	-69.998	
39	235.600	-69.998	
39	235.700	-69.998	
39	235.800	-69.998	
39	235.900	-69.998	
39	236.000	-69.998	
39	236.100	-69.998	
39	236.200	-69.998	
39	236.300	-69.998	
39	236.400	-69.998	
39	236.500	-69.998	
39	236.600	-69.998	
39	236.700	-69.998	
39	236.800	-69.998	
39	236.900	-69.998	
39	237.000	-69.998	
39	237.100	-69.998	
39	237.200	-69.998	
39	237.300	-69.998	
39	237.400	-69.998	
39	237.500	-69.998	
39	237.600	-69.998	
39	237.700	-69.998	
39	237.800	-69.998	
39	237.900	-69.998	
39	238.000	-69.998	
39	238.100	-69.998	
39	238.200	-69.998	
39	238.300	-69.998	
39	238.400	-69.998	
39	238.500	-69.998	
39	238.600	-69.998	
39	238.700	-69.998	
39	238.800	-69.998	
39	238.900	-69.998	
39	239.000	-69.998	
39	239.100	-69.998	
39	239.200	-69.998	
39	239.300	-69.998	
39	239.400	-69.998	
39	239.500	-69.998	
39	239.600	-69.998	
39	239.700	-69.998	
39	239.800	-69.998	
39	239.900	-69.998	
39	240.000	-69.998	
39	240.100	-69.998	
39	240.200	-69.998	
39	240.300	-69.998	
39	240.400	-69.998	
39	240.500	-69.998	
39	240.600	-69.998	
39	240.700	-69.998	
39	240.800	-69.998	
39	240.900	-69.998	
39	241.000	-69.998	
39	241.100	-69.998	
39	241.200	-69.998	
39	241.300	-69.998	
39	241.400	-69.998	
39	241.500	-69.998	
39	241.600	-69.998	
39	241.700	-69.998	
39	241.800	-69.998	
39	241.900	-69.998	
39	242.000	-69.998	
39	242.100	-69.998	
39	242.200	-69.998	
39	242.300	-69.998	
39	242.400	-69.998	
39	242.500	-69.998	
39	242.600	-69.998	
39	242.700	-69.998	
39	242.800	-69.998	
39	242.900	-69.998	
39	243.000	-69.998	
39	243.100	-69.998	
39	243.200	-69.998	
39	243.300	-69.998	
39	243.400	-69.998	
39	243.500	-69.998	
39	243.600	-69.998	
39	243.700	-69.998	
39	243.800	-69.998	
39	243.900	-69.998	
39	244.000	-69.998	
39	244.100	-69.998	
39	244.200	-69.998	
39	244.300	-69.998	
39	244.400	-69.998	
39	244.500	-69.998	
39	244.600	-69.998	
39	244.700	-69.998	
39	244.800	-69.998	
39	244.900	-69.998	
39	245.000	-69.998	
39	245.100	-69.998	
39	245.200	-69.998	
39	245.300	-69.998	
39	245.400	-69.998	
39	245.500	-69.998	
39	245.600	-69.998	
39	245.700	-69.998	
39	245.800	-69.998	
39	245.900	-69.998	
39	246.000	-69.998	
39	246.100	-69.998	
39	246.200	-69.998	
39	246.300	-69.998	
39	246.400	-69.998	
39	246.500	-69.998	
39	246.600	-69.998	
39	246.700	-69.998	
39	246.800	-69.998	
39	246.900	-69.998	
39	247.000	-69.998	
39	247.100	-69.998	
39	247.200	-69.998	
39	247.300	-69.998	
39	247.400	-69.998	
39	247.500	-69.998	
39	247.600	-69.998	
39	247.700	-69.998	
39	247.800	-69.998	
39	247.900	-69.998	
39	248.000	-69.998	
39	248.100	-69.998	
39	248.200	-69.998	
39	248.300	-69.998	
39	248.400	-69.998	
39	248.500	-69.998	
39	248.600	-69.998	
39	248.700	-69.998	
39	248.800	-69.998	
39	248.900	-69.998	
39	249.000	-69.998	
39	249.100	-69.998	
39	249.200	-69.998	
39	249.300	-69.998	
39	249.400	-69.998	
39	249.500	-69.998	
39	249.600	-69.998	
39	249.700	-69.998	
39	249.800	-69.998	
39	249.900	-69.998	
39	250.000	-69.998	
39	250.100	-69.998	
39	250.200	-69.998	
39	250.300	-69.998	
39	250.400	-69.998	
39	250.500	-69.998	
39	250.600	-69.998	
39	250.700	-69.998	
39	250.800	-69.998	
39	250.900	-69.998	
39	251.000	-69.998	
39	251.100	-69.998	
39	251.200	-69.998	
39	251.300	-69.998	
39	251.400	-69.998	
39	251.500	-69.998	
39	251.600	-69.998	
39	251.700	-69.998	
39	251.800	-69.998	
39	251.900	-69.998	
39	252.000	-69.998	
39	252.100	-69.998	
39	252.200	-69.998	
39	252.300	-69.998	
39	252.400	-69.998	
39	252.500	-69.998	
39	252.600	-69.998	
39	252.700	-69.998	
39	252.800	-69.998	
39	252.900	-69.998	
39	253.000	-69.998	
39	253.100	-69.998	
39	253.200	-69.998	
39	253.300	-69.998	
39	253.400	-69.998	
39	253.500	-69.998	
39	253.600	-69.998	
39	253.700	-69.998	
39	253.800	-69.998	
39	253.900	-69.998	
39	254.000	-69.998	
39	254.100	-69.998	
39	254.200	-69.998	
39	254.300	-69.998	
39	254.400	-69.998	
39	254.500	-69.998	
39	254.600	-69.998	
39	254.700	-69.998	
39	254.800	-69.998	
39	254.900	-69.998	
39	255.000	-69.998	
39	255.100	-69.998	
39	255.200	-69.998	
39	255.300	-69.998	
39	255.400	-69.998	
39	255.500	-69.998	
39	255.600	-69.998	
39	255.700	-69.998	
39	255.800	-69.998	
39	255.900	-69.998	
39	256.000	-69.998	
39	256.100	-69.998	
39	256.200	-69.998	
39	256.300	-69.998	
39	256.400	-69.998	
39	256.500	-69.998	
39	256.600	-69.998	
39	256.700	-69.998	
39	256.800	-69.998	
39	256.900	-69.998	
39	257.000	-69.998	
39	257.100	-69.998	
39	257.200	-69.998	
39	257.300	-69.998	
39	257.400	-69.998	
39	257.500	-69.998	
39	257.600	-69.998	
39	257.700	-69.998	
39	257.800	-69.998	
39	257.900	-69.998	
39	258.000	-69.998	
39	258.100	-69.998	
39	258.200	-69.998	
39	258.300	-69.998	
39	258.400	-69.998	
39	258.500	-69.998	
39	258.600	-69.998	
39	258.700	-69.998	
39	258.800	-69.998	
39	258.900	-69.998	
39	259.000	-69.998	
39	259.100	-69.998	
39	259.200	-69.998	
39	259.300	-69.998	
39	259.400	-69.998	
39	259.500	-69.998	
39	259.600	-69.998	
39	259.700	-69.998	
39	259.800	-69.998	
39	259.900	-69.998	
39	260.000	-69.998	
39	260.100	-69.998	
39	260.200	-69.998	
39	260.300	-69.998	
39	260.400	-69.998	
39	260.500	-69.998	
39	260.600	-69.998	
39	260.700	-69.998	
39	260.800	-69.998	
39	260.900	-69.998	
39	261.000	-69.998	
39	261.100	-69.998	
39	261.200	-69.998	
39	261.300	-69.998	
39	261.400	-69.998	
39	261.500	-69.998	
39	261.600	-69.998	
39	261.700	-69.998	
39	261.800	-69.998	
39	261.900	-69.998	
39	262.000	-69.998	
39	262.100	-69.998	
39	262.200	-69.998	
39	262.300	-69.998	
39	262.400	-69.998	
39	262.500	-69.998	
39	262.600	-69.998	
39	262.700	-69.998	
39	262.800	-69.998	
39	262.900	-69.998	
39	263.000	-69.998	
39	263.100	-69.998	
39	263.200	-69.998	
39	263.300	-69.998	
39	263.400	-69.998	
39	263.500	-69.998	
39	263.600	-69.998	
39	263.700	-69.998	
39	263.800	-69.998	
39	263.900	-69.998	
39	264.000	-69.998	
39	264.100	-69.998	
39	264.200	-69.998	
39	264.300	-69.998	
39	264.400	-69.998	
39	264.500	-69.998	
39	264.600	-69.998	
39	264.700	-69.998	
39	264.800	-69.998	
39	264.900	-69.998	
39	265.000	-69.998	
39	265.100	-69.998	
39	265.200	-69.998	
39	265.300	-69.998	
39	265.400	-69.998	
39	265.500	-69.998	
39	265.600	-69.998	
39	265.700	-69.998	
39	265.800	-69.998	
39	265.900	-69.998	
39	266.000	-69.998	
39	266.100	-69.998	
39	266.200	-69.998	
39	266.300	-69.998	
39	266.400	-69.998	
39	266.500	-69.998	
39	266.600	-69.998	
39	266.700	-69.998	
39	266.800	-69.998	
39	266.900	-69.998	
39	267.000	-69.998	
39	267.100	-69.998	
39	267.200	-69.998	
39	267.300	-69.998	
39	267.400	-69.998	
39	267.500	-69.998	
39	267.600	-69.998	
39	267.700	-69.998	
39	267.800	-69.998	
39	267.900	-69.998	
39	268.000	-69.998	
39	268.100	-69.998	
39	268.200	-69.998	
39	268.300	-69.998	
39	268.400	-69.998	
39	268.500	-69.998	
39	268.600	-69.998	
39	268.700	-69.998	
39	268.800	-69.998	
39	268.900	-69.998	
39	269.000	-69.998	
39	269.100	-69.998	
39	269.200	-69.998	
39	269.300	-69.998	
39	269.400	-69.998	
39	269.500	-69.998	
39	269.600	-69.998	
39	269.700	-69.998	
39	269.800	-69.998	
39	269.900	-69.998	
39	270.000	-69.998	
39	270.100	-69.998	
39	270.200	-69.998	
39	270.300	-69.998	
39	270.400	-69.998	
39	270.500	-69.998	
39	270.600	-69.998	
39	270.700	-69.998	
39	270.800	-69.998	
39	270.900	-69.998	
39	271.000	-69.998	
39	271.100	-69.998	
39	271.200	-69.998	
39	271.300	-69.998	
39	271.400	-69.998	
39	271.500	-69.998	
39	271.600	-69.998	
39	271.700	-69.998	
39	271.800	-69.998	
39	271.900	-69.998	
39	272.000	-69.998	
39	272.100	-69.998	
39	272.200	-69.998	
39	272.300	-69.998	
39	272.400	-69.998	
39	272.500	-69.998	
39	272.600	-69.998	
39	272.700	-69.998	
39	272.800	-69.998	
39	272.900	-69.998	
39	273.000	-69.998	
39	273.100	-69.998	
39	273.200	-69.998	
39	273.300	-69.998	
39	273.400	-69.998	
39	273.500	-69.998	
39	273.600	-69.998	
39	273.700	-69.998	
39	273.800	-69.998	
39	273.900	-69.998	
39	274.000	-69.998	
39	274.100	-69.998	
39	274.200	-69.998	
39	274.300	-69.998	
39	274.400	-69.998	
39	274.500	-69.998	
39	274.600	-69.998	
39	274.700	-69.998	
39	274.800	-69.998	
39	274.900	-69.998	
39	275.000	-69.998	
39	275.100	-69.998	
39	275.200	-69.998	
39	275.300	-69.998	
39	275.400	-69.998	
39	275.500	-69.998	
39	275.600	-69.998	
39	275.700	-69.998	
39	275.800	-69.998	
39	275.900	-69.998	
39	276.000	-69.998	
39	276.100	-69.998	
39	276.200	-69.998	
39	276.300	-69.998	
39	276.400	-69.998	
39	276.500	-69.998	
39	276.600	-69.998	
39	276.700	-69.998	
39	276.800	-69.998	
39	276.900	-69.998	
39	277.000	-69.998	
39	277.100	-69.998	
39	277.200	-69.998	
39	277.300	-69.998	
39	277.400	-69.998	
39	277.500	-69.998	
39	277.600	-69.998	
39	277.700	-69.998	
39	277.800	-69.998	
39	277.900	-69.998	
39	278.000	-69.998	
39	278.100	-69.998	
39	278.200	-69.998	
39	278.300	-69.998	
39	278.400	-69.998	
39	278.500	-69.998	
39	278.600	-69.998	
39	278.700	-69.998	
39	278.800	-69.998	
39	278.900	-69.998	
39	279.000	-69.998	
39	279.100	-69.998	
39	279.200	-69.998	
39	279.300	-69.998	
39	279.400	-69.998	
39	279.500	-69.998	
39	279.600	-69.998	
39	279.700	-69.998	
39	279.800	-69.998	
39	279.900	-69.998	
39	280.000	-69.998	
39	280.100	-69.998	
39	280.200	-69.998	
39	280.300	-69.998	
39	280.400	-69.998	
39	280.500	-69.998	
39	280.600	-69.998	
39	280.700	-69.998	
39	280.800	-69.998	
39	280.900	-69.998	
39	281.000	-69.998	
39	281.100	-69.998	
39	281.200	-69.998	
39	281.300	-69.998	
39	281.400	-69.998	
39	281.500	-69.998	
39	281.600	-69.998	
39	281.700	-69.998	
39	281.800	-69.998	
39	281.900	-69.998	
39	282.000	-69.998	
39	282.100	-69.998	
39	282.200	-69.998	
39	282.300	-69.998	
39	282.400	-69.998	
39	282.500	-69.998	
39	282.600	-69.998	
39	282.700	-69.998	
39	282.800	-69.998	
39	282.900	-69.998	
39	283.000	-69.998	
39	283.100	-69.998	
39	283.200	-69.998	
39	283.300	-69.998	
39	283.400	-69.998	
39	283.500	-69.998	
39	283.600	-69.998	
39	283.700	-69.998	
39	283.800	-69.998	
39	283.900	-69.998	
39	284.000	-69.998	
39	284.100	-69.998	
39	284.200	-69.998	
39	284.300	-69.998	
39	284.400	-69.998	
39	284.500	-69.998	
39	284.600	-69.998	
39	284.700	-69.998	
39	284.800	-69.998	
39	284.900	-69.998	
39	285.000	-69.998	
39	285.100	-69.998	
39	285.200	-69.998	
39	285.300	-69.998	
39	285.400	-69.998	
39	285.500	-69.998	
39	285.600	-69.998	
39	285.700	-69.998	
39	285.800	-69.998	
39	285.900	-69.998	
39	286.000	-69.998	
39	286.100	-69.998	
39	286.200	-69.998	
39	286.300	-69.998	
39	286.400	-69.998	
39	286.500	-69.998	
39	286.600	-69.998	
39	286.700	-69.998	
39	286.800	-69.998	
39	286.900	-69.998	
39	287.000	-69.998	
39	287.100	-69.998	
39	287.200	-69.998	
39	287.300	-69.998	
39	287.400	-69.998	
39	287.500	-69.998	
39	287.600	-69.998	
39	287.700	-69.998	
39	287.800	-69.998	
39	287.900	-69.998	
39	288.000	-69.998	
39	288.100	-69.998	
39	288.200	-69.998	
39	288.300	-69.998	
39	288.400	-69.998	
39	288.500	-69.998	
39	288.600	-69.998	
39	288.700	-69.998	
39	288.800	-69.998	
39	288.900	-69.998	
39	289.000	-69.998	
39	289.100	-69.998	
39	289.200	-69.998	
39	289.300	-69.998	
39	289.400	-69.998	
39	289.500	-69.998	
39	289.600	-69.998	
39	289.700	-69.998	
39	289.800	-69.998	
39	289.900	-69.998	
39	290.000	-69.998	
39	290.100	-69.998	
39	290.200	-69.998	
39	290.300	-69.998	
39	290.400	-69.998	
39	290.500	-69.998	
39	290.600	-69.998	
39	290.700	-69.998	
39	290.800	-69.998	
39	290.900	-69.998	
39	291.000	-69.998	
39	291.100	-69.998	
39	291.200	-69.998	
39	291.300	-69.998	
39	291.400	-69.998	
39	291.500	-69.998	
39	291.600	-69.998	
39	291.700	-69.998	
39	291.800	-69.998	
39	291.900	-69.998	
39	292.000	-69.998	
39	292.100	-69.998	
39	292.200	-69.998	
39	292.300	-69.998	
39	292.400	-69.998	
39	292.500	-69.998	
39	292.600	-69.998	
39	292.700	-69.998	
39	292.800	-69.998	
39	292.900	-69.998	
39	293.000	-69.998	
39	293.100	-69.998	
39	293.200	-69.998	
39	293.300	-69.998	
39	293.400	-69.998	
39	293.500	-69.998	
39	293.600	-69.998	
39	293.700	-69.998	
39	293.800	-69.998	
39	293.900	-69.998	
39	294.000	-69.998	
39	294.100	-69.998	
39	294.200	-69.998	
39	294.300	-69.998	
39	294.400	-69.998	
39	294.500	-69.998	
39	294.600	-69.998	
39	294.700	-69.998	
39	294.800	-69.998	
39	294.900	-69.998	
39	295.000	-69.998	
39	295.100	-69.998	
39	295.200	-69.998	
39	295.300	-69.998	
39	295.400	-69.998	
39	295.500	-69.998	
39	295.600	-69.998	
39	295.700	-69.998	
39	295.800	-69.998	
39	295.900	-69.998	
39	296.000	-69.998	
39	296.100	-69.998	
39	296.200	-69.998	
39	296.300	-69.998	
39	296.400	-69.998	
39	296.500	-69.998	
39	296.600	-69.998	
39	296.700	-69.998	
39	296.800	-69.998	
39	296.900	-69.998	
39	297.000	-69.998	
39	297.100	-69.998	
39	297.200	-69.998	
39	297.300	-69.998	
39	297.400	-69.998	
39	297.500	-69.998	
39	297.600	-69.998	
39	297.700	-69.998	
39	297.800	-69.998	
39	297.900	-69.998	
39	298.000	-69.998	
39	298.100	-69.998	
39	298.200	-69.998	
39	298.300	-69.998	
39	298.400	-69.998	
39	298.500	-69.998	
39	298.600	-69.998	
39	298.700	-69.998	
39	298.800	-69.998	
39	298.900	-69.998	
39	299.000	-69.998	
39	299.100	-69.998	
39	299.200	-69.998	
39	299.300	-69.998	
39	299.400	-69.998	
39	299.500	-69.998	
39	299.600	-69.998	
39	299.700	-69.998	
39	299.800	-69.998	
39	299.900	-69.998	
39	300.000	-69.998	
39	300.100	-69.998	
39	300.200	-69.998	
39	300.300	-69.998	
39	300.400	-69.998	
39	300.500	-69.998	
39	300.600	-69.998	
39	300.700	-69.998	
39	300.800	-69.998	
39	300.900	-69.998	
39	301.000	-69.998	
39	301.100	-69.998	
39	301.200	-69.998	
39	301.300	-69.998	
39	301.400	-69.998	
39	301.500	-69.998	
39	301.600	-69.998	
39	301.700	-69.998	
39	301.800	-69.998	
39	301.900	-69.998	
39	302.000	-69.998	
39	302.100	-69.998	
39	302.200	-69.998	
39	302.300	-69.998	
39	302.400	-69.998	
39	302.500	-69.998	
39	302.600	-69.998	
39	302.700	-69.998	
39	302.800	-69.998	
39	302.900	-69.998	
39	303.000	-69.998	
39	303.100	-69.998	
39	303.200	-69.998	
39	303.300	-69.998	
39	303.400	-69.998	
39	303.500	-69.998	
39	303.600	-69.998	
39	303.700	-69.998	
39	303.800	-69.998	
39	303.900	-69.998	
39	304.000	-69.998	
39	304.100	-69.998	
39	304.200	-69.998	
39	304.300	-69.998	
39	304.400	-69.998	
39	304.500	-69.998	
39	304.600	-69.998	
39	304.700	-69.998	
39	304.800	-69.998	
39	304.900	-69.998	
39	305.000	-69.998	
39	305.100	-69.998	
39	305.200	-69.998	
39	305.300	-69.998	
39	305.400	-69.998	
39	305.500	-69.998	
39	305.600	-69.998	
39	305.700	-69.998	
39	305.800	-69.998	
39	305.900	-69.998	
39	306.000	-69.998	
39	306.100	-69.998	
39	306.200	-69.998	
39	306.300	-69.998	
39	306.400	-69.998	
39	306.500	-69.998	
39	306.600	-69.998	
39	306.700	-69.998	
39	306.800	-69.998	
39	306.900	-69.998	
39	307.000	-69.998	
39	307.100	-69.998	
39	307.200	-69.998	
39	307.300	-69.998	
39	307.400	-69.998	
39	307.500	-69.998	
39	307.600	-69.998	
39	307.700	-69.998	
39	307.800	-69.998	
39	307.900	-69.998	
39	308.000	-69.998	
39	308.100	-69.998	
39	308.200	-69.998	
39	308.300	-69.998	
39	308.400	-69.998	
39	308.500	-69.998	
39	308.600	-69.998	
39	308.700	-69.998	
39	308.800	-69.998	
39	308.900	-69.998	
39	309.000	-69.998	
39	309.100	-69.998	
39	309.200	-69.998	
39	309.300	-69.998	
39	309.400	-69.998	
39	309.500	-69.998	
39	309.600	-69.998	
39	309.700	-69.998	
39	309.800	-69.998	
39	309.900	-69.998	
39	310.000	-69.998	
39	310.100	-69.998	
39	310.200	-69.998	
39	310.300	-69.998	
39	310.400	-69.998	
39	310.500	-69.998	
39	310.600	-69.998	
39	310.700	-69.998	
39	310.800	-69.998	
39	310.900	-69.998	
39	311.000	-69.998	
39	311.100	-69.998	
39	311.200	-69.998	
39	311.300	-69.998	
39	311.400	-69.998	
39	311.500	-69.998	
39	311.600	-69.998	
39	311.700	-69.998	
39	311.800	-69.998	
39	311.900	-69.998	
39	312.000	-69.998	
39	312.100	-69.998	
39	312.200	-69.998	
39	312.300	-69.998	
39	312.400	-69.998	
39	312.500	-69.998	
39	312.600	-69.998	
39	312.700	-69.998	
39	312.800	-69.998	
39	312.900	-69.998	
39	313.000	-69.998	
39	313.100	-69.998	
39	313.200	-69.998	
39	313.300	-69.998	
39	313.400	-69.998	
39	313.500	-69.998	
39	313.600	-69.998	
39	313.700	-69.998	
39	313.800	-69.998	
39	313.900	-69.998	
39	314.000	-69.998	
39	314.100	-69.998	
39	314.200	-69.998	
39	314.300	-69.998	
39	314.400	-69.998	
39	314.500	-69.998	
39	314.600	-69.998	
39	314.700	-69.998	
39	314.800	-69.998	
39	314.900	-69.998	
39	315.000	-69.998	
39	315.100	-69.998	
39	315.200	-69.998	
39	315.300	-69.998	
39	315.400	-69.998	
39	315.500	-69.998	
39	315.600	-69.998	
39	315.700	-69.998	
39	315.800	-69.998	
39	315.900	-69.998	
39	316.000	-69.998	
39	316.100	-69.998	
39	316.200	-69.998	
39	316.300	-69.998	
39	316.400	-69.998	
39	316.500	-69.998	
39	316.600	-69.998	
39	316.700	-69.998	
39	316.800	-69.998	
39	316.900	-69.998	
39	317.000	-69.998	
39	317.100	-69.998	
39	317.200	-69.998	
39	317.300	-69.998	
39	317.400	-69.998	
39	317.500	-69.998	
39	317.600	-69.998	
39	317.700	-69.998	
39	317.800	-69.998	
39	317.900	-69.998	
39	318.000	-69.998	
39	318.100	-69.998	
39	318.200	-69.998	
39	318.300	-69.998	
39	318.400	-69.998	
39	318.500	-69.998	
39	318.600	-69.998	
39	318.700	-69.998	
39	318.800	-69.998	
39	318.900	-69.998	
39	319.000	-69.998	
39	319.100	-69.998	
39	319.200	-69.998	
39	319.300	-69.998	
39	319.400	-69.998	
39	319.500	-69.998	
39	319.600	-69.998	
39	319.700	-69.998	
39	319.800	-69.998	
39	319.900	-69.998	
39	320.000	-69.998	
39	320.100	-69.998	
39	320.200	-69.998	
39	320.300	-69.998	
39	320.400	-69.998	
39	320.500	-69.998	
39	320.600	-69.998	
39	320.700	-69.998	
39	320.800	-69.998	
39	320.900	-69.998	
39	321.000	-69.998	
39	321.100	-69.998	
39	321.200	-69.998	
39	321.300	-69.998	
39	321.400	-69.998	
39	321.500	-69.998	
39	321.600	-69.998	
39	321.700	-69.998	
39	321.800	-69.998	
39	321.900	-69.998	
39	322.000	-69.998	
39	322.100	-69.998	
39	322.200	-69.998	
39	322.300	-69.998	
39	322.400	-69.998	
39	322.500	-69.998	
39	322.600	-69.998	
39	322.700	-69.998	
39	322.800	-69.998	
39	322.900	-69.998	
39	323.000	-69.998	
39	323.100	-69.998	
39	323.200	-69.998	
39	323.300	-69.998	
39	323.400	-69.998	
39	323.500	-69.998	
39	323.600	-69.998	
39	323.700	-69.998	
39	323.800	-69.998	
39	323.900	-69.998	
39	324.000	-69.998	
39	324.100	-69.998	
39	324.200	-69.998	
39	324.300	-69.998	
39	324.400	-69.998	
39	324.500	-69.998	
39	324.600	-69.998	
39	324.700	-69.998	
39	324.800	-69.998	
39	324.900	-69.998	
39	325.000	-69.998	
39	325.100	-69.998	
39	325.200	-69.998	
39	325.300	-69.998	
39	325.400	-69.998	
39	325.500	-69.998	
39	325.600	-69.998	
39	325.700	-69.998	
39	325.800	-69.998	
39	325.900	-69.998	
39	326.000	-69.998	
39	326.100	-69.998	
39	326.200	-69.998	
39	326.300	-69.998	
39	326.400	-69.998	
39	326.500	-69.998	
39	326.600	-69.998	
39	326.700	-69.998	
39	326.800	-69.998	
39	326.900	-69.998	
39	327.000	-69.998	
39	327.100	-69.998	
39	327.200	-69.998	
39	327.300	-69.998	
39	327.400	-69.998	
39	327.500	-69.998	
39	327.600	-69.998	
39	327.700	-69.998	
39	327.800	-69.998	
39	327.900	-69.998	
39	328.000	-69.998	
39	328.100	-69.998	
39	328.200	-69.998	
39	328.300	-69.998	
39	328.400	-69.998	
39	328.500	-69.998	
39	328.600	-69.998	
39	328.700	-69.998	
39	328.800	-69.998	
39	328.900	-69.998	
39	329.000	-69.998	
39	329.100	-69.998	
39	329.200	-69.998	
39	329.300	-69.998	
39	329.400	-69.998	
39	329.500	-69.998	
39	329.600	-69.998	
39	329.700	-69.998	
39	329.800	-69.998	
39	329.900	-69.998	
39	330.000	-69.998	
39	330.100	-69.998	
39	330.200	-69.998	
39	330.300	-69.998	
39	330.400	-69.998	
39	330.500	-69.998	
39	330.600	-69.998	
39	330.700	-69.998	
39	330.800	-69.998	
39	330.900	-69.998	
39	331.000	-69.998	
39	331.100	-69.998	
39	331.200	-69.998	
39	331.300	-69.998	
39	331.400	-69.998	
39	331.500	-69.998	
39	331.600	-69.998	
39	331.700	-69.998	
39	331.800	-69.998	
39	331.900	-69.998	
39	332.000	-69.998	
39	332.100	-69.998	
39	332.200	-69.998	
39	332.300	-69.998	
39	332.400	-69.998	
39	332.500	-69.998	
39	332.600	-69.998	
39	332.700	-69.998	
39	332.800	-69.998	
39	332.900	-69.998	
39	333.000	-69.998	
39	333.100	-69.998	
39	333.200	-69.998	
39	333.300	-69.998	
39	333.400	-69.998	
39	333.500	-69.998	
39	333.600	-69.998	
39	333.700	-69.998	
39	333.800	-69.998	
39	333.900	-69.998	
39	334.000	-69.998	
39	334.100	-69.998	
39	334.200	-69.998	
39	334.300	-69.998	
39	334.400	-69.998	
39	334.500	-69.998	
39	334.600	-69.998	
39	334.700	-69.998	
39	334.800	-69.998	
39	334.900	-69.998	
39	335.000	-69.998	
39	335.100	-69.998	
39	335.200	-69.998	
39	335.300	-69.998	
39	335.400	-69.998	
39	335.500	-69.998	
39	335.600	-69.998	
39	335.700	-69.998	
39	335.800	-69.998	
39	335.900	-69.998	
39	336.000	-69.998	
39	336.100	-69.998	
39	336.200	-69.998	
39	336.300	-69.998	
39	336.400	-69.998	
39	336.500	-69.998	
39	336.600	-69.998	
39	336.700	-69.998	
39	336.800	-69.998	
39	336.900	-69.998	
39	337.000	-69.998	
39	337.100	-69.998	
39	337.200	-69.998	
39	337.300	-69.998	
39	337.400	-69.998	
39	337.500	-69.998	
39	337.600	-69.998	
39	337.700	-69.998	
39	337.800	-69.998	
39	337.900	-69.998	
39	338.000	-69.998	
39	338.100	-69.998	
39	338.200	-69.998	
39	338.300	-69.998	
39	338.400	-69.998	
39	338.500	-69.998	
39	338.600	-69.998	
39	338.700	-69.998	
39	338.800	-69.998	
39	338.900	-69.998	
39	339.000	-69.998	
39	339.100	-69.998	
39	339.200	-69.998	
39	339.300	-69.998	
39	339.400	-69.998	
39	339.500	-69.998	
39	339.600	-69.998	
39	339.700	-69.998	
39	339.800	-69.998	
39	339.900	-69.998	
39	340.000	-69.998	
39	340.100	-69.998	
39	340.200	-69.998	
39	340.300	-69.998	
39	340.400	-69.998	
39	340.500	-69.998	
39	340.600	-69.998	
39	340.700	-69.998	
39	340.800	-69.998	
39	340.900	-69.998	
39	341.000	-69.998	
39	341.100	-69.998	
39	341.200	-69.998	
39	341.300	-69.998	
39	341.400	-69.998	
39	341.500	-69.998	
39	341.600	-69.998	
39	341.700	-69.998	
39	341.800	-69.998	
39	341.900	-69.998	
39	342.000	-69.998	
39	342.100	-69.998	
39	342.200	-69.998	
39	342.300	-69.998	
39	342.400	-69.998	
39	342.500	-69.998	
39	342.600	-69.998	
39	342.700	-69.998	
39	342.800	-69.998	
39	342.900	-69.998	
39	343.000	-69.998	
39	343.100	-69.998	
39	343.200	-69.998	
39	343.300	-69.998	
39	343.400	-69.998	
39	343.500	-69.998	
39	343.600	-69.998	
39	343.700	-69.998	
39	343.800	-69.998	
39	343.900	-69.998	
39	344.000	-69.998	
39	344.100	-69.998	
39	344.200	-69.998	
39	344.300	-69.998	
39	344.400	-69.998	
39	344.500	-69.998	
39	344.600	-69.998	
39	344.700	-69.998	
39	344.800	-69.998	
39	344.900	-69.998	
39	345.000	-69.998	
39	345.100	-69.998	
39	345.200	-69.998	
39	345.300	-69.998	
39	345.400	-69.998	
39	345.500	-69.998	
39	345.600	-69.998	
39	345.700	-69.998	
39	345.800	-69.998	
39	345.900	-69.998	
39	346.000	-69.998	
39	346.100	-69.998	
39	346.200	-69.998	
39	346.300	-69.998	
39	346.400	-69.998	
39	346.500	-69.998	
39	346.600	-69.998	
39	346.700	-69.998	
39	346.800	-69.998	
39	346.900	-69.998	
39	347.000	-69.998	
39	347.100	-69.998	
39	347.200	-69.998	
39	347.300	-69.998	
39	347.400	-69.998	
39	347.500	-69.998	
39	347.600	-69.998	
39	347.700	-69.998	
39	347.800	-69.998	
39	347.900	-69.998	
39	348.000	-69.998	
39	348.100	-69.998	
39	348.200	-69.998	
39	348.300	-69.998	
39	348.400	-69.998	
39	348.500	-69.998	
39	348.600	-69.998	
39	348.700	-69.998	
39	348.800	-69.998	
39	348.900	-69.998	
39	349.000	-69.998	
39	349.100	-69.998	
39	349.200	-69.998	
39	349.300	-69.998	
39	349.400	-69.998	
39	349.500	-69.998	
39	349.600	-69.998	
39	349.700	-69.998	
39	349.800	-69.998	
39	349.900	-69.998	
39	350.000	-69.998	
39	350.100	-69.998	
39	350.200	-69.998	
39	350.300	-69.998	
39	350.400	-69.998	
39	350.500	-69.998	
39	350.600	-69.998	
39	350.700	-69.998	
39	350.800	-69.998	
39	350.900	-69.998	
39	351.000	-69.998	
39	351.100	-69.998	
39	351.200	-69.998	
39	351.300	-69.998	
39	351.400	-69.998	
39	351.500	-69.998	
39	351.600	-69.998	
39	351.700	-69.998	
39	351.800	-69.998	
39	351.900	-69.998	
39	352.000	-69.998	
39	352.100	-69.998	
39	352.200	-69.998	
39	352.300	-69.998	
39	352.400	-69.998	
39	352.500	-69.998	
39	352.600	-69.998	
39	352.700	-69.998	
39	352.800	-69.998	
39	352.900	-69.998	
39	353.000	-69.998	
39	353.100	-69.998	
39	353.200	-69.998	
39	353.300	-69.998	
39	353.400	-69.998	
39	353.500	-69.998	
39	353.600	-69.998	
39	353.700	-69.998	
39	353.800	-69.998	
39	353.900	-69.998	
39	354.000	-69.998	
39	354.100	-69.998	
39	354.200	-69.998	
39	354.300	-69.998	
39	354.400	-69.998	
39	354.500	-69.998	
39	354.600	-69.998	
39	354.700	-69.998	
39	354.800	-69.998	
39	354.900	-69.998	
39	355.000	-69.998	
39	355.100	-69.998	
39	355.200	-69.998	
39	355.300	-69.998	
39	355.400	-69.998	
39	355.500	-69.998	
39	355.600	-69.998	
39	355.700	-69.998	
39	355.800	-69.998	
39	355.900	-69.998	
39	356.000	-69.998	
39	356.100	-69.998	
39	356.200	-69.998	
39	356.300	-69.998	
39	356.400	-69.998	
39	356.500	-69.998	
39	356.600	-69.998	
39	356.700	-69.998	
39	356.800	-69.998	
39	356.900	-69.998	
39	357.000	-69.998	
39	357.100	-69.998	
39	357.200	-69.998	
39	357.300	-69.998	
39	357.400	-69.998	
39	357.500	-69.998	
39	357.600	-69.998	
39	357.700	-69.998	
39	357.800	-69.998	
39	357.900	-69.998	
39	358.000	-69.998	
39	358.100	-69.998	
39	358.200	-69.998	
39	358.300	-69.998	
39	358.400	-69.998	
39	358.500	-69.998	
39	358.600	-69.998	
39	358.700	-69.998	
39	358.800	-69.998	
39	358.900	-69.998	
39	359.000	-69.998	
39	359.100	-69.998	
39	359.200	-69.998	
39	359.300	-69.998	
39	359.400	-69.998	
39	359.500	-69.998	
39	359.600	-69.998	
39	359.700	-69.998	
39	359.800	-69.998	
39	359.900	-69.998	
39	360.000	-69.998	
39	360.100	-69.998	
39	360.200	-69.998	
39	360.300	-69.998	
39	360.400	-69.998	
39	360.500	-69.998	
39	360.600	-69.998	
39	360.700	-69.998	
39	360.800	-69.998	
39	360.900	-69.998	
39	361.000	-69.998	
39	361.100	-69.998	
39	361.200	-69.998	
39	361.300	-69.998	
39	361.400	-69.998	
39	361.500	-69.998	
39	361.600	-69.998	
39	361.700	-69.998	
39	361.800	-69.998	
39	361.900	-69.998	
39	362.000	-69.998	
39	362.100	-69.998	
39	362.200	-69.998	
39	362.300	-69.998	
39	362.400	-69.998	
39	362.500	-69.998	
39	362.600	-69.998	
39	362.700	-69.998	
39	362.800	-69.998	
39	362.900	-69.998	
39	363.000	-69.998	
39	363.100	-69.998	
39	363.200	-69.998	
39	363.300	-69.998	
39	363.400	-69.998	
39	363.500	-69.998	
39	363.600	-69.998	
39	363.700	-69.998	
39	363.800	-69.998	
39	363.900	-69.998	
39	364.000	-69.998	
39	364.100	-69.998	
39	364.200	-69.998	
39	364.300	-69.998	
39	364.400	-69.998	
39	364.500	-69.998	
39	364.600	-69.998	
39	364.700	-69.998	
39	364.800	-69.998	
39	364.900	-69.998	
39	365.000	-69.998	
39	365.100	-69.998	
39	365.200	-69.998	
39	365.300	-69.998	
39	365.400	-69.998	
39	365.500	-69.998	
39	365.600	-69.998	
39	365.700	-69.998	
39	365.800	-69.998	
39	365.900	-69.998	
39	366.000	-69.998	
39	366.100	-69.998	
39	366.200	-69.998	
39	366.300	-69.998	
39	366.400	-69.998	
39	366.500	-69.998	
39	366.600	-69.998	
39	366.700	-69.998	
39	366.800	-69.998	
39	366.900	-69.998	
39	367.000	-69.998	
39	367.100	-69.998	
39	367.200	-69.998	
39	367.300	-69.998	
39	367.400	-69.998	
39	367.500	-69.998	
39	367.600	-69.998	
39	367.700	-69.998	
39	367.800	-69.998	
39	367.900	-69.998	
39	368.000	-69.998	
39	368.100	-69.998	
39	368.200	-69.998	
39	368.300	-69.998	
39	368.400	-69.998	
39	368.500	-69.998	
39	368.600	-69.998	
39	368.700	-69.998	
39	368.800	-69.998	
39	368.900	-69.998	
39	369.000	-69.998	
39	369.100	-69.998	
39	369.200	-69.998	
39	369.300	-69.998	
39	369.400	-69.998	
39	369.500	-69.998	
39	369.600	-69.998	
39	369.700	-69.998	
39	369.800	-69.998	
39	369.900	-69.998	
39	370.000	-69.998	
39	370.100	-69.998	
39	370.200	-69.998	
39	370.300	-69.998	
39	370.400	-69.998	
39	370.500	-69.998	
39	370.600	-69.998	
39	370.700	-69.998	
39	370.800	-69.998	
39	370.900	-69.998	
39	371.000	-69.998	
39	371.100	-69.998	
39	371.200	-69.998	
39	371.300	-69.998	
39	371.400	-69.998	
39	371.500	-69.998	
39	371.600	-69.998	
39	371.700	-69.998	
39	371.800	-69.998	
39	371.900	-69.998	
39	372.000	-69.998	
39	372.100	-69.998	
39	372.200	-69.998	
39	372.300	-69.998	
39	372.400	-69.998	
39	372.500	-69.998	
39	372.600	-69.998	
39	372.700	-69.998	
39	372.800	-69.998	
39	372.900	-69.998	
39	373.000	-69.998	
39	373.100	-69.998	
39	373.200	-69.998	
39	373.300	-69.998	
39	373.400	-69.998	
39	373.500	-69.998	
39	373.600	-69.998	
39	373.700	-69.998	
39	373.800	-69.998	
39	373.900	-69.998	
39	374.000	-69.998	
39	374.100	-69.998	
39	374.200	-69.998	
39	374.300	-69.998	
39	374.400	-69.998	
39	374.500	-69.998	
39	374.600	-69.998	
39	374.700	-69.998	
39	374.800	-69.998	
39	374.900	-69.998	
39	375.000	-69.998	
39	375.100	-69.998	
39	375.200	-69.998	
39	375.300	-69.998	
39	375.400	-69.998	
39	375.500	-69.998	
39	375.600	-69.998	
39	375.700	-69.998	
39	375.800	-69.998	
39	375.900	-69.998	
39	376.000	-69.998	
39	376.100	-69.998	
39	376.200	-69.998	
39	376.300	-69.998	
39	376.400	-69.998	
39	376.500	-69.998	
39	376.600	-69.998	
39	376.700	-69.998	
39	376.800	-69.998	
39	376.900	-69.998	
39	377.000	-69.998	
39	377.100	-69.998	
39	377.200	-69.998	
39	377.300	-69.998	
39	377.400	-69.998	
39	377.500	-69.998	
39	377.600	-69.998	
39	377.700	-69.998	
39	377.800	-69.998	
39	377.900	-69.998	
39	378.000	-69.998	
39	378.100	-69.998	
39	378.200	-69.998	
39	378.300	-69.998	
39	378.400	-69.998	
39	378.500	-69.998	
39	378.600	-69.998	
39	378.700	-69.998	
39	378.800	-69.998	
39	378.900	-69.998	
39	379.000	-69.998	
39	379.100	-69.998	
39	379.200	-69.998	
39	379.300	-69.998	
39	379.400	-69.998	
39	379.500	-69.998	
39	379.600	-69.998	
39	379.700	-69.998	
39	379.800	-69.998	
39	379.900	-69.998	
39	380.000	-69.998	
39	380.100	-69.998	
39	380.200	-69.998	
39	380.300	-69.998	
39	380.400	-69.998	
39	380.500	-69.998	
39	380.600	-69.998	
39	380.700	-69.998	
39	380.800	-69.998	
39	380.900	-69.998	
39	381.000	-69.998	
39	381.100	-69.998	
39	381.200	-69.998	
39	381.300	-69.998	
39	381.400	-69.998	
39	381.500	-69.998	
39	381.600	-69.998	
39	381.700	-69.998	
39	381.800	-69.998	
39	381.900	-69.998	
39	382.000	-69.998	
39	382.100	-69.998	
39	382.200	-69.998	
39	382.300	-69.998	
39	382.400	-69.998	
39	382.500	-69.998	
39	382.600	-69.998	
39	382.700	-69.998	
39	382.800	-69.998	
39	382.900	-69.998	
39	383.000	-69.998	
39	383.100	-69.998	
39	383.200	-69.998	
39	383.300	-69.998	
39	383.400	-69.998	
39	383.500	-69.998	
39	383.600	-69.998	
39	383.700	-69.998	
39	383.800	-69.998	
39	383.900	-69.998	
39	384.000	-69.998	
39	384.100	-69.998	
39	384.200	-69.998	
39	384.300	-69.998	
39	384.400	-69.998	
39	384.500	-69.998	
39	384.600	-69.998	
39	384.700	-69.998	
39	384.800	-69.998	
39	384.900	-69.998	
39	385.000	-69.998	
39	385.100	-69.998	
39	385.200	-69.998	
39	385.300	-69.998	
39	385.400	-69.998	
39	385.500	-69.998	
39	385.600	-69.998	
39	385.700	-69.998	
39	385.800	-69.998	
39	385.900	-69.998	
39	386.000	-69.998	
39	386.100	-69.998	
39	386.200	-69.998	
39	386.300	-69.998	
39	386.400	-69.998	
39	386.500	-69.998	
39	386.600	-69.998	
39	386.700	-69.998	
39	386.800	-69.998	
39	386.900	-69.998	
39	387.000	-69.998	
39	387.100	-69.998	
39	387.200	-69.998	
39	387.300	-69.998	
39	387.400	-69.998	
39	387.500	-69.998	
39	387.600	-69.998	
39	387.700	-69.998	
39	387.800	-69.998	
39	387.900	-69.998	
39	388.000	-69.998	
39	388.100	-69.998	
39	388.200	-69.998	
39	388.300	-69.998	
39	388.400	-69.998	
39	388.500	-69.998	
39	388.600	-69.998	
39	388.700	-69.998	
39	388.800	-69.998	
39	388.900	-69.998	
39	389.000	-69.998	
39	389.100	-69.998	
39	389.200	-69.998	
39	389.300	-69.998	
39	389.400	-69.998	
39	389.500	-69.998	
39	389.600	-69.998	
39	389.700	-69.998	
39	389.800	-69.998	
39	389.900	-69.998	
39	390.000	-69.998	
39	390.100	-69.998	
39	390.200	-69.998	
39	390.300	-69.998	
39	390.400	-69.998	
39	390.500	-69.998	
39	390.600	-69.998	
39	390.700	-69.998	
39	390.800	-69.998	
39	390.900	-69.998	
39	391.000	-69.998	
39	391.100	-69.998	
39	391.200	-69.998	
39	391.300	-69.998	
39	391.400	-69.998	
39	391.500	-69.998	
39	391.600	-69.998	
39	391.700	-69.998	
39	391.800	-69.998	
39	391.900	-69.998	
39	392.000	-69.998	
39	392.100	-69.998	
39	392.200	-69.998	
39	392.300	-69.998	
39	392.400	-69.998	
39	392.500	-69.998	
39	392.600	-69.998	
39	392.700	-69.998	
39	392.800	-69.998	
39	392.900	-69.998	
39	393.000	-69.998	
39	393.100	-69.998	
39	393.200	-69.998	
39	393.300	-69.998	
39	393.400	-69.998	
39	393.500	-69.998	
39	393.600	-69.998	
39	393.700	-69.998	
39	393.800	-69.998	
39	393.900	-69.998	
39	394.000	-69.998	
39	394.100	-69.998	
39	394.200	-69.998	
39	394.300	-69.998	
39	394.400	-69.998	
39	394.500	-69.998	
39	394.600	-69.998	
39	394.700	-69.998	
39	394.800	-69.998	
39	394.900	-69.998	
39	395.000	-69.998	
39	395.100	-69.998	
39	395.200	-69.998	
39	395.300	-69.998	
39	395.400	-69.998	
39	395.500	-69.998	
39	395.600	-69.998	
39	395.700	-69.998	
39	395.800	-69.998	
39	395.900	-69.998	
39	396.000	-69.998	
39	396.100	-69.998	
39	396.200	-69.998	
39	396.300	-69.998	
39	396.400	-69.998	
39	396.500	-69.998	
39	396.600	-69.998	
39	396.700	-69.998	
39	396.800	-69.998	
39	396.900	-69.998	
39	397.000	-69.998	
39	397.100	-69.998	
39	397.200	-69.998	
39	397.300	-69.998	
39	397.400	-69.998	
39	397.500	-69.998	
39	397.600	-69.998	
39	397.700	-69.998	
39	397.800	-69.998	
39	397.900	-69.998	
39	398.000	-69.998	
39	398.100	-69.998	
39	398.200	-69.998	
39	398.300	-69.998	
39	398.400	-69.998	
39	398.500	-69.998	
39	398.600	-69.998	
39	398.700	-69.998	
39	398.800	-69.998	
39	398.900	-69.998	
39	399.000	-69.998	
39	399.100	-69.998	
39	399.200	-69.998	
39	399.300	-69.998	
39	399.400	-69.998	
39	399.500	-69.998	
39	399.600	-69.998	
39	399.700	-69.998	
39	399.800	-69.998	
39	399.900	-69.998	
39	400.000	-69.998	
39	400.100	-69.998	
39	400.200	-69.998	
39	400.300	-69.998	
39	400.400	-69.998	
39	400.500	-69.998	
39	400.600	-69.998	
39	400.700	-69.998	
39	400.800	-69.998	
39	400.900	-69.998	
39	401.000	-69.998	
39	401.100	-69.998	
39	401.200	-69.998	
39	401.300	-69.998	
39	401.400	-69.998	
39	401.500	-69.998	
39	401.600	-69.998	
39	401.700	-69.998	
39	401.800	-69.998	
39	401.900	-69.998	
39	402.000	-69.998	
39	402.100	-69.998	
39	402.200	-69.998	
39	402.300	-69.998	
39	402.400	-69.998	
39	402.500	-69.998	
39	402.600	-69.998	
39	402.700	-69.998	
39	402.800	-69.998	
39	402.900	-69.998	
39	403.000	-69.998	
39	403.100	-69.998	
39	403.200	-69.998	
39	403.300	-69.998	
39	403.400	-69.998	
39	403.500	-69.998	
39	403.600	-69.998	
39	403.700	-69.998	
39	403.800	-69.998	
39	403.900	-69.998	
39	404.000	-69.998	
39	404.100	-69.998	
39	404.200	-69.998	
39	404.300	-69.998	
39	404.400	-69.998	
39	404.500	-69.998	
39	404.600	-69.998	
39	404.700	-69.998	
39	404.800	-69.998	
39	404.900	-69.998	
39	405.000	-69.998	
39	405.100	-69.998	
39	405.200	-69.998	
39	405.300	-69.998	
39	405.400	-69.998	
39	405.500	-69.998	
39	405.600	-69.998	
39	405.700	-69.998	
39	405.800	-69.998	
39	405.900	-69.998	
39	406.000	-69.998	
39	406.100	-69.998	
39	406.200	-69.998	
39	406.300	-69.998	
39	406.400	-69.998	
39	406.500	-69.998	
39	406.600	-69.998	
39	406.700	-69.998	
39	406.800	-69.998	
39	406.900	-69.998	
39	407.000	-69.998	
39	407.100	-69.998	
39	407.200	-69.998	
39	407.300	-69.998	
39	407.400	-69.998	
39	407.500	-69.998	
39	407.600	-69.998	
39	407.700	-69.998	
39	407.800	-69.998	
39	407.900	-69.998	
39	408.000	-69.998	
39	408.100	-69.998	
39	408.200	-69.998	
39	408.300	-69.998	
39	408.400	-69.998	
39	408.500	-69.998	
39	408.600	-69.998	
39	408.700	-69.998	
39	408.800	-69.998	
39	408.900	-69.998	
39	409.000	-69.998	
39	409.100	-69.998	
39	409.200	-69.998	
39	409.300	-69.998	
39	409.400	-69.998	
39	409.500	-69.998	
39	409.600	-69.998	
39	409.700	-69.998	
39	409.800	-69.998	
39	409.900	-69.998	
39	410.000	-69.998	
39	410.100	-69.998	
39	410.200	-69.998	
39	410.300	-69.998	
39	410.400	-69.998	
39	410.500	-69.998	
39	410.600	-69.998	
39	410.700	-69.998	
39	410.800	-69.998	
39	410.900	-69.998	
39	411.000	-69.998	
39	411.100	-69.998	
39	411.200	-69.998	
39	411.300	-69.998	
39	411.400	-69.998	
39	411.500	-69.998	
39	411.600	-69.998	
39	411.700	-69.998	
39	411.800	-69.998	
39	411.900	-69.998	
39	412.000	-69.998	
39	412.100	-69.998	
39	412.200	-69.998	
39	412.300	-69.998	
39	412.400	-69.998	
39	412.500	-69.998	
39	412.600	-69.998	
39	412.700	-69.998	
39	412.800	-69.998	
39	412.900	-69.998	
39	413.000	-69.998	
39	413.100	-69.998	
39	413.200	-69.998	
39	413.300	-69.998	
39	413.400	-69.998	
39	413.500	-69.998	
39	413.600	-69.998	
39	413.700	-69.998	
39	413.800	-69.998	
39	413.900	-69.998	
39	414.000	-69.998	
39	414.100	-69.998	
39	414.200	-69.998	
39	414.300	-69.998	
39	414.400	-69.998	
39	414.500	-69.998	
39	414.600	-69.998	
39	414.700	-69.998	
39	414.800	-69.998	
39	414.900	-69.998	
39	415.000	-69.998	
39	415.100	-69.998	
39	415.200	-69.998	
39	415.300	-69.998	
39	415.400	-69.998	
39	415.500	-69.998	
39	415.600	-69.998	
39	415.700	-69.998	
39	415.800	-69.998	
39	415.900	-69.998	
39	416.000	-69.998	
39	416.100	-69.998	
39	416.200	-69.998	
39	416.300	-69.998	
39	416.400	-69.998	
39	416.500	-69.998	
39	416.600	-69.998	
39	416.700	-69.998	
39	416.800	-69.998	
39	416.900	-69.998	
39	417.000	-69.998	
39	417.100	-69.998	
39	417.200	-69.998	
39	417.300	-69.998	
39	417.400	-69.998	
39	417.500	-69.998	
39	417.600	-69.998	
39	417.700	-69.998	
39	417.800	-69.998	
39	417.900	-69.998	
39	418.000	-69.998	
39	418.100	-69.998	
39	418.200	-69.998	
39	418.300	-69.998	
39	418.400	-69.998	
39	418.500	-69.998	
39	418.600	-69.998	
39	418.700	-69.998	
39	418.800	-69.998	
39	418.900	-69.998	
39	419.000	-69.998	
39	419.100	-69.998	
39	419.200	-69.998	
39	419.300	-69.998	
39	419.400	-69.998	
39	419.500	-69.998	
39	419.600	-69.998	
39	419.700	-69.998	
39	419.800	-69.998	
39	419.900	-69.998	
39	420.000	-69.998	
39	420.100	-69.998	
39	420.200	-69.998	
39	420.300	-69.998	
39	420.400	-69.998	
39	420.500	-69.998	
39	420.600	-69.998	
39	420.700	-69.998	
39	420.800	-69.998	
39	420.900	-69.998	
39	421.000	-69.998	
39	421.100	-69.998	
39	421.200	-69.998	
39	421.300	-69.998	
39	421.400	-69.998	
39	421.500	-69.998	
39	421.600	-69.998	
39	421.700	-69.998	
39	421.800	-69.998	
39	421.900	-69.998	
39	422.000	-69.998	
39	422.100	-69.998	
39	422.200	-69.998	
39	422.300	-69.998	
39	422.400	-69.998	
39	422.500	-69.998	
39	422.600	-69.998	
39	422.700	-69.998	
39	422.800	-69.998	
39	422.900	-69.998	
39	423.000	-69.998	
39	423.100	-69.998	
39	423.200	-69.998	
39	423.300	-69.998	
39	423.400	-69.998	
39	423.500	-69.998	
39	423.600	-69.998	
39	423.700	-69.998	
39	423.800	-69.998	
39	423.900	-69.998	
39	424.000	-69.998	
39	424.100	-69.998	
39	424.200	-69.998	
39	424.300	-69.998	
39	424.400	-69.998	
39	424.500	-69.998	
39	424.600	-69.998	
39	424.700	-69.998	
39	424.800	-69.998	
39	424.900	-69.998	
39	425.000	-69.998	
39	425.100	-69.998	
39	425.200	-69.998	
39	425.300	-69.998	
39	425.400	-69.998	
39	425.500	-69.998	
39	425.600	-69.998	
39	425.700	-69.998	
39	425.800	-69.998	
39	425.900	-69.998	
39	426.000	-69.998	
39	426.100	-69.998	
39	426.200	-69.998	
39	426.300	-69.998	
39	426.400	-69.998	
39	426.500	-69.998	
39	426.600	-69.998	
39	426.700	-69.998	
39	426.800	-69.998	
39	426.900	-69.998	
39	427.000	-69.998	
39	427.100	-69.998	
39	427.200	-69.998	
39	427.300	-69.998	
39	427.400	-69.998	
39	427.500	-69.998	
39	427.600	-69.998	
39	427.700	-69.998	
39	427.800	-69.998	
39	427.900	-69.998	
39	428.000	-69.998	
39	428.100	-69.998	
39	428.200	-69.998	
39	428.300	-69.998	
39	428.400	-69.998	
39	428.500	-69.998	
39	428.600	-69.998	
39	428.700	-69.998	
39	428.800	-69.998	
39	428.900	-69.998	
39	429.000	-69.998	
39	429.100	-69.998	
39	429.200	-69.998	
39	429.300	-69.998	
39	429.400	-69.998	
39	429.500	-69.998	
39	429.600	-69.998	
39	429.700	-69.998	
39	429.800	-69.998	
39	429.900	-69.998	
39	430.000	-69.998	
39	430.100	-69.998	
39	430.200	-69.998	
39	430.300	-69.998	
39	430.400	-69.998	
39	430.500	-69.998	
39	430.600	-69.998	
39	430.700	-69.998	
39	430.800	-69.998	
39	430.900	-69.998	
39	431.000	-69.998	
39	431.100	-69.998	
39	431.200	-69.998	
39	431.300	-69.998	
39	431.400	-69.998	
39	431.500	-69.998	
39	431.600	-69.998	
39	431.700	-69.998	
39	431.800	-69.998	
39	431.900	-69.998	
39	432.000	-69.998	
39	432.100	-69.998	
39	432.200	-69.998	
39	432.300	-69.998	
39	432.400	-69.998	
39	432.500	-69.998	
39	432.600	-69.998	
39	432.700	-69.998	
39	432.800	-69.998	
39	432.900	-69.998	
39	433.000	-69.998	
39	433.100	-69.998	
39	433.200	-69.998	
39	433.300	-69.998	
39	433.400	-69.998	
39	433.500	-69.998	
39	433.600	-69.998	
39	433.700	-69.998	
39	433.800	-69.998	
39	433.900	-69.998	
39	434.000	-69.998	
39	434.100	-69.998	
39	434.200	-69.998	
39	434.300	-69.998	
39	434.400	-69.998	
39	434.500	-69.998	
39	434.600	-69.998	
39	434.700	-69.998	
39	434.800	-69.998	
39	434.900	-69.998	
39	435.000	-69.998	
39	435.100	-69.998	
39	435.200	-69.998	
39	435.300	-69.998	
39	435.400	-69.998	
39	435.500	-69.998	
39	435.600	-69.998	
39	435.700	-69.998	
39	435.800	-69.998	
39	435.900	-69.998	
39	436.000	-69.998	
39	436.100	-69.998	
39	436.200	-69.998	
39	436.300	-69.998	
39	436.400	-69.998	
39	436.500	-69.998	
39	436.600	-69.998	
39	436.700	-69.998	
39	436.800	-69.998	
39	436.900	-69.998	
39	437.000	-69.998	
39	437.100	-69.998	
39	437.200	-69.998	
39	437.300	-69.998	
39	437.400	-69.998	
39	437.500	-69.998	
39	437.600	-69.998	
39	437.700	-69.998	
39	437.800	-69.998	
39	437.900	-69.998	
39	438.000	-69.998	
39	438.100	-69.998	
39	438.200	-69.998	
39	438.300	-69.998	
39	438.400	-69.998	
39	438.500	-69.998	
39	438.600	-69.998	
39	438.700	-69.998	
39	438.800	-69.998	
39	438.900	-69.998	
39	439.000	-69.998	
39	439.100	-69.998	
39	439.200	-69.998	
39	439.300	-69.998	
39	439.400	-69.998	
39	439.500	-69.998	
39	439.600	-69.998	
39	439.700	-69.998	
39	439.800	-69.998	
39	439.900	-69.998	
39	440.000	-69.998	
39	440.100	-69.998	
39	440.200	-69.998	
39	440.300	-69.998	
39	440.400	-69.998	
39	440.500	-69.998	
39	440.600	-69.998	
39	440.700	-69.998	
39	440.800	-69.998	
39	440.900	-69.998	
39	441.000	-69.998	
39	441.100	-69.998	
39	441.200	-69.998	
39	441.300	-69.998	
39	441.400	-69.998	
39	441.500	-69.998	
39	441.600	-69.998	
39	441.700	-69.998	
39	441.800	-69.998	
39	441.900	-69.998	
39	442.000	-69.998	
39	442.100	-69.998	
39	442.200	-69.998	
39	442.300	-69.998	
39	442.400	-69.998	
39	442.500	-69.998	
39	442.600	-69.998	
39	442.700	-69.998	
39	442.800	-69.998	
39	442.900	-69.998	
39	443.000	-69.998	
39	443.100	-69.998	
39	443.200	-69.998	
39	443.300	-69.998	
39	443.400	-69.998	
39	443.500	-69.998	
39	443.600	-69.998	
39	443.700	-69.998	
39	443.800	-69.998	
39	443.900	-69.998	
39	444.000	-69.998	
39	444.100	-69.998	
39	444.200	-69.998	
39	444.300	-69.998	
39	444.400	-69.998	
39	444.500	-69.998	
39	444.600	-69.998	
39	444.700	-69.998	
39	444.800	-69.998	
39	444.900	-69.998	
39	445.000	-69.998	
39	445.100	-69.998	
39	445.200	-69.998	
39	445.300	-69.998	
39	445.400	-69.998	
39	445.500	-69.998	
39	445.600	-69.998	
39	445.700	-69.998	
39	445.800	-69.998	
39	445.900	-69.998	
39	446.000	-69.998	
39	446.100	-69.998	
39	446.200	-69.998	
39	446.300	-69.998	
39	446.400	-69.998	
39	446.500	-69.998	
39	446.600	-69.998	
39	446.700	-69.998	
39	446.800	-69.998	
39	446.900	-69.998	
39	447.000	-69.998	
39	447.100	-69.998	
39	447.200	-69.998	
39	447.300	-69.998	
39	447.400	-69.998	
39	447.500	-69.998	
39	447.600	-69.998	
39	447.700	-69.998	
39	447.800	-69.998	
39	447.900	-69.998	
39	448.000	-69.998	
39	448.100	-69.998	
39	448.200	-69.998	
39	448.300	-69.998	
39	448.400	-69.998	
39	448.500	-69.998	
39	448.600	-69.998	
39	448.700	-69.998	
39	448.800	-69.998	
39	448.900	-69.998	
39	449.000	-69.998	
