9	0.100	-70.000	
9	0.200	-70.000	
9	0.300	-70.000	
9	0.400	-70.000	
9	0.500	-70.000	
9	0.600	-70.000	
9	0.700	-70.000	
9	0.800	-70.000	
9	0.900	-70.000	
9	1.000	-70.000	
9	1.100	-70.000	
9	1.200	-70.000	
9	1.300	-70.000	
9	1.400	-70.000	
9	1.500	-70.000	
9	1.600	-70.000	
9	1.700	-70.000	
9	1.800	-69.999	
9	1.900	-69.999	
9	2.000	-69.999	
9	2.100	-69.999	
9	2.200	-69.999	
9	2.300	-69.999	
9	2.400	-69.999	
9	2.500	-69.999	
9	2.600	-69.999	
9	2.700	-69.999	
9	2.800	-69.999	
9	2.900	-69.999	
9	3.000	-69.999	
9	3.100	-69.999	
9	3.200	-69.999	
9	3.300	-69.999	
9	3.400	-69.999	
9	3.500	-69.999	
9	3.600	-69.999	
9	3.700	-69.999	
9	3.800	-69.999	
9	3.900	-69.999	
9	4.000	-69.999	
9	4.100	-69.999	
9	4.200	-69.999	
9	4.300	-69.999	
9	4.400	-69.999	
9	4.500	-69.999	
9	4.600	-69.999	
9	4.700	-69.999	
9	4.800	-69.999	
9	4.900	-69.999	
9	5.000	-69.999	
9	5.100	-69.999	
9	5.200	-69.999	
9	5.300	-69.999	
9	5.400	-69.999	
9	5.500	-69.999	
9	5.600	-69.999	
9	5.700	-69.999	
9	5.800	-69.999	
9	5.900	-69.999	
9	6.000	-69.999	
9	6.100	-69.999	
9	6.200	-69.999	
9	6.300	-69.999	
9	6.400	-69.999	
9	6.500	-69.999	
9	6.600	-69.999	
9	6.700	-69.999	
9	6.800	-69.999	
9	6.900	-69.999	
9	7.000	-69.999	
9	7.100	-69.999	
9	7.200	-69.999	
9	7.300	-69.999	
9	7.400	-69.999	
9	7.500	-69.999	
9	7.600	-69.999	
9	7.700	-69.999	
9	7.800	-69.999	
9	7.900	-69.999	
9	8.000	-69.999	
9	8.100	-69.999	
9	8.200	-69.999	
9	8.300	-69.999	
9	8.400	-69.999	
9	8.500	-69.999	
9	8.600	-69.999	
9	8.700	-69.999	
9	8.800	-69.999	
9	8.900	-69.999	
9	9.000	-69.999	
9	9.100	-69.999	
9	9.200	-69.999	
9	9.300	-69.999	
9	9.400	-69.999	
9	9.500	-69.999	
9	9.600	-69.999	
9	9.700	-69.999	
9	9.800	-69.999	
9	9.900	-69.998	
9	10.000	-69.998	
9	10.100	-69.998	
9	10.200	-69.998	
9	10.300	-69.998	
9	10.400	-69.998	
9	10.500	-69.998	
9	10.600	-69.998	
9	10.700	-69.998	
9	10.800	-69.998	
9	10.900	-69.998	
9	11.000	-69.998	
9	11.100	-69.998	
9	11.200	-69.998	
9	11.300	-69.998	
9	11.400	-69.998	
9	11.500	-69.998	
9	11.600	-69.998	
9	11.700	-69.998	
9	11.800	-69.998	
9	11.900	-69.998	
9	12.000	-69.998	
9	12.100	-69.998	
9	12.200	-69.998	
9	12.300	-69.998	
9	12.400	-69.998	
9	12.500	-69.998	
9	12.600	-69.998	
9	12.700	-69.998	
9	12.800	-69.998	
9	12.900	-69.998	
9	13.000	-69.998	
9	13.100	-69.998	
9	13.200	-69.998	
9	13.300	-69.998	
9	13.400	-69.998	
9	13.500	-69.998	
9	13.600	-69.998	
9	13.700	-69.998	
9	13.800	-69.998	
9	13.900	-69.998	
9	14.000	-69.998	
9	14.100	-69.998	
9	14.200	-69.998	
9	14.300	-69.998	
9	14.400	-69.998	
9	14.500	-69.998	
9	14.600	-69.998	
9	14.700	-69.998	
9	14.800	-69.998	
9	14.900	-69.998	
9	15.000	-69.998	
9	15.100	-69.998	
9	15.200	-69.998	
9	15.300	-69.998	
9	15.400	-69.998	
9	15.500	-69.998	
9	15.600	-69.998	
9	15.700	-69.998	
9	15.800	-69.998	
9	15.900	-69.998	
9	16.000	-69.998	
9	16.100	-69.998	
9	16.200	-69.998	
9	16.300	-69.998	
9	16.400	-69.998	
9	16.500	-69.998	
9	16.600	-69.998	
9	16.700	-69.998	
9	16.800	-69.998	
9	16.900	-69.998	
9	17.000	-69.998	
9	17.100	-69.998	
9	17.200	-69.998	
9	17.300	-69.998	
9	17.400	-69.998	
9	17.500	-69.998	
9	17.600	-69.998	
9	17.700	-69.998	
9	17.800	-69.998	
9	17.900	-69.998	
9	18.000	-69.998	
9	18.100	-69.998	
9	18.200	-69.998	
9	18.300	-69.998	
9	18.400	-69.998	
9	18.500	-69.998	
9	18.600	-69.998	
9	18.700	-69.998	
9	18.800	-69.998	
9	18.900	-69.998	
9	19.000	-69.998	
9	19.100	-69.998	
9	19.200	-69.998	
9	19.300	-69.998	
9	19.400	-69.998	
9	19.500	-69.998	
9	19.600	-69.998	
9	19.700	-69.998	
9	19.800	-69.998	
9	19.900	-69.998	
9	20.000	-69.998	
9	20.100	-69.998	
9	20.200	-69.998	
9	20.300	-69.998	
9	20.400	-69.998	
9	20.500	-69.998	
9	20.600	-69.998	
9	20.700	-69.998	
9	20.800	-69.998	
9	20.900	-69.998	
9	21.000	-69.998	
9	21.100	-69.998	
9	21.200	-69.998	
9	21.300	-69.998	
9	21.400	-69.998	
9	21.500	-69.998	
9	21.600	-69.998	
9	21.700	-69.998	
9	21.800	-69.998	
9	21.900	-69.998	
9	22.000	-69.998	
9	22.100	-69.998	
9	22.200	-69.998	
9	22.300	-69.998	
9	22.400	-69.998	
9	22.500	-69.998	
9	22.600	-69.998	
9	22.700	-69.998	
9	22.800	-69.998	
9	22.900	-69.998	
9	23.000	-69.998	
9	23.100	-69.998	
9	23.200	-69.998	
9	23.300	-69.998	
9	23.400	-69.998	
9	23.500	-69.998	
9	23.600	-69.998	
9	23.700	-69.998	
9	23.800	-69.998	
9	23.900	-69.998	
9	24.000	-69.998	
9	24.100	-69.998	
9	24.200	-69.998	
9	24.300	-69.998	
9	24.400	-69.998	
9	24.500	-69.998	
9	24.600	-69.998	
9	24.700	-69.998	
9	24.800	-69.998	
9	24.900	-69.998	
9	25.000	-69.998	
9	25.100	-69.998	
9	25.200	-69.998	
9	25.300	-69.998	
9	25.400	-69.998	
9	25.500	-69.998	
9	25.600	-69.998	
9	25.700	-69.998	
9	25.800	-69.998	
9	25.900	-69.998	
9	26.000	-69.998	
9	26.100	-69.998	
9	26.200	-69.998	
9	26.300	-69.998	
9	26.400	-69.998	
9	26.500	-69.998	
9	26.600	-69.998	
9	26.700	-69.998	
9	26.800	-69.998	
9	26.900	-69.998	
9	27.000	-69.998	
9	27.100	-69.998	
9	27.200	-69.998	
9	27.300	-69.998	
9	27.400	-69.998	
9	27.500	-69.998	
9	27.600	-69.998	
9	27.700	-69.998	
9	27.800	-69.998	
9	27.900	-69.998	
9	28.000	-69.998	
9	28.100	-69.998	
9	28.200	-69.998	
9	28.300	-69.998	
9	28.400	-69.998	
9	28.500	-69.998	
9	28.600	-69.998	
9	28.700	-69.998	
9	28.800	-69.998	
9	28.900	-69.998	
9	29.000	-69.998	
9	29.100	-69.998	
9	29.200	-69.998	
9	29.300	-69.998	
9	29.400	-69.998	
9	29.500	-69.998	
9	29.600	-69.998	
9	29.700	-69.998	
9	29.800	-69.998	
9	29.900	-69.998	
9	30.000	-69.998	
9	30.100	-69.998	
9	30.200	-69.998	
9	30.300	-69.998	
9	30.400	-69.998	
9	30.500	-69.998	
9	30.600	-69.998	
9	30.700	-69.998	
9	30.800	-69.998	
9	30.900	-69.998	
9	31.000	-69.998	
9	31.100	-69.998	
9	31.200	-69.998	
9	31.300	-69.998	
9	31.400	-69.998	
9	31.500	-69.998	
9	31.600	-69.998	
9	31.700	-69.998	
9	31.800	-69.998	
9	31.900	-69.998	
9	32.000	-69.998	
9	32.100	-69.998	
9	32.200	-69.998	
9	32.300	-69.998	
9	32.400	-69.998	
9	32.500	-69.998	
9	32.600	-69.998	
9	32.700	-69.998	
9	32.800	-69.998	
9	32.900	-69.998	
9	33.000	-69.998	
9	33.100	-69.998	
9	33.200	-69.998	
9	33.300	-69.998	
9	33.400	-69.998	
9	33.500	-69.998	
9	33.600	-69.998	
9	33.700	-69.998	
9	33.800	-69.998	
9	33.900	-69.998	
9	34.000	-69.998	
9	34.100	-69.998	
9	34.200	-69.998	
9	34.300	-69.998	
9	34.400	-69.998	
9	34.500	-69.998	
9	34.600	-69.998	
9	34.700	-69.998	
9	34.800	-69.998	
9	34.900	-69.998	
9	35.000	-69.998	
9	35.100	-69.998	
9	35.200	-69.998	
9	35.300	-69.998	
9	35.400	-69.998	
9	35.500	-69.998	
9	35.600	-69.998	
9	35.700	-69.998	
9	35.800	-69.998	
9	35.900	-69.998	
9	36.000	-69.998	
9	36.100	-69.998	
9	36.200	-69.998	
9	36.300	-69.998	
9	36.400	-69.998	
9	36.500	-69.998	
9	36.600	-69.998	
9	36.700	-69.998	
9	36.800	-69.998	
9	36.900	-69.998	
9	37.000	-69.998	
9	37.100	-69.998	
9	37.200	-69.998	
9	37.300	-69.998	
9	37.400	-69.998	
9	37.500	-69.998	
9	37.600	-69.998	
9	37.700	-69.998	
9	37.800	-69.998	
9	37.900	-69.998	
9	38.000	-69.998	
9	38.100	-69.998	
9	38.200	-69.998	
9	38.300	-69.998	
9	38.400	-69.998	
9	38.500	-69.998	
9	38.600	-69.998	
9	38.700	-69.998	
9	38.800	-69.998	
9	38.900	-69.998	
9	39.000	-69.998	
9	39.100	-69.998	
9	39.200	-69.998	
9	39.300	-69.998	
9	39.400	-69.998	
9	39.500	-69.998	
9	39.600	-69.998	
9	39.700	-69.998	
9	39.800	-69.998	
9	39.900	-69.998	
9	40.000	-69.998	
9	40.100	-69.998	
9	40.200	-69.998	
9	40.300	-69.998	
9	40.400	-69.998	
9	40.500	-69.998	
9	40.600	-69.998	
9	40.700	-69.998	
9	40.800	-69.998	
9	40.900	-69.998	
9	41.000	-69.998	
9	41.100	-69.998	
9	41.200	-69.998	
9	41.300	-69.998	
9	41.400	-69.998	
9	41.500	-69.998	
9	41.600	-69.998	
9	41.700	-69.998	
9	41.800	-69.998	
9	41.900	-69.998	
9	42.000	-69.998	
9	42.100	-69.998	
9	42.200	-69.998	
9	42.300	-69.998	
9	42.400	-69.998	
9	42.500	-69.998	
9	42.600	-69.998	
9	42.700	-69.998	
9	42.800	-69.998	
9	42.900	-69.998	
9	43.000	-69.998	
9	43.100	-69.998	
9	43.200	-69.998	
9	43.300	-69.998	
9	43.400	-69.998	
9	43.500	-69.998	
9	43.600	-69.998	
9	43.700	-69.998	
9	43.800	-69.998	
9	43.900	-69.998	
9	44.000	-69.998	
9	44.100	-69.998	
9	44.200	-69.998	
9	44.300	-69.998	
9	44.400	-69.998	
9	44.500	-69.998	
9	44.600	-69.998	
9	44.700	-69.998	
9	44.800	-69.998	
9	44.900	-69.998	
9	45.000	-69.998	
9	45.100	-69.998	
9	45.200	-69.998	
9	45.300	-69.998	
9	45.400	-69.998	
9	45.500	-69.998	
9	45.600	-69.998	
9	45.700	-69.998	
9	45.800	-69.998	
9	45.900	-69.998	
9	46.000	-69.998	
9	46.100	-69.998	
9	46.200	-69.998	
9	46.300	-69.998	
9	46.400	-69.998	
9	46.500	-69.998	
9	46.600	-69.998	
9	46.700	-69.998	
9	46.800	-69.998	
9	46.900	-69.998	
9	47.000	-69.998	
9	47.100	-69.998	
9	47.200	-69.998	
9	47.300	-69.998	
9	47.400	-69.998	
9	47.500	-69.998	
9	47.600	-69.998	
9	47.700	-69.998	
9	47.800	-69.998	
9	47.900	-69.998	
9	48.000	-69.998	
9	48.100	-69.998	
9	48.200	-69.998	
9	48.300	-69.998	
9	48.400	-69.998	
9	48.500	-69.998	
9	48.600	-69.998	
9	48.700	-69.998	
9	48.800	-69.998	
9	48.900	-69.998	
9	49.000	-69.998	
9	49.100	-69.998	
9	49.200	-69.998	
9	49.300	-69.998	
9	49.400	-69.998	
9	49.500	-69.998	
9	49.600	-69.998	
9	49.700	-69.998	
9	49.800	-69.998	
9	49.900	-69.998	
9	50.000	-69.998	
9	50.100	-69.998	
9	50.200	-69.998	
9	50.300	-69.998	
9	50.400	-69.998	
9	50.500	-69.998	
9	50.600	-69.998	
9	50.700	-69.998	
9	50.800	-69.998	
9	50.900	-69.998	
9	51.000	-69.998	
9	51.100	-69.998	
9	51.200	-69.998	
9	51.300	-69.998	
9	51.400	-69.998	
9	51.500	-69.998	
9	51.600	-69.998	
9	51.700	-69.998	
9	51.800	-69.998	
9	51.900	-69.998	
9	52.000	-69.998	
9	52.100	-69.998	
9	52.200	-69.998	
9	52.300	-69.998	
9	52.400	-69.998	
9	52.500	-69.998	
9	52.600	-69.998	
9	52.700	-69.998	
9	52.800	-69.998	
9	52.900	-69.998	
9	53.000	-69.998	
9	53.100	-69.998	
9	53.200	-69.998	
9	53.300	-69.998	
9	53.400	-69.998	
9	53.500	-69.998	
9	53.600	-69.998	
9	53.700	-69.998	
9	53.800	-69.998	
9	53.900	-69.998	
9	54.000	-69.998	
9	54.100	-69.998	
9	54.200	-69.998	
9	54.300	-69.998	
9	54.400	-69.998	
9	54.500	-69.998	
9	54.600	-69.998	
9	54.700	-69.998	
9	54.800	-69.998	
9	54.900	-69.998	
9	55.000	-69.998	
9	55.100	-69.998	
9	55.200	-69.998	
9	55.300	-69.998	
9	55.400	-69.998	
9	55.500	-69.998	
9	55.600	-69.998	
9	55.700	-69.998	
9	55.800	-69.998	
9	55.900	-69.998	
9	56.000	-69.998	
9	56.100	-69.998	
9	56.200	-69.998	
9	56.300	-69.998	
9	56.400	-69.998	
9	56.500	-69.998	
9	56.600	-69.998	
9	56.700	-69.998	
9	56.800	-69.998	
9	56.900	-69.998	
9	57.000	-69.998	
9	57.100	-69.998	
9	57.200	-69.998	
9	57.300	-69.998	
9	57.400	-69.998	
9	57.500	-69.998	
9	57.600	-69.998	
9	57.700	-69.998	
9	57.800	-69.998	
9	57.900	-69.998	
9	58.000	-69.998	
9	58.100	-69.998	
9	58.200	-69.998	
9	58.300	-69.998	
9	58.400	-69.998	
9	58.500	-69.998	
9	58.600	-69.998	
9	58.700	-69.998	
9	58.800	-69.998	
9	58.900	-69.998	
9	59.000	-69.998	
9	59.100	-69.998	
9	59.200	-69.998	
9	59.300	-69.998	
9	59.400	-69.998	
9	59.500	-69.998	
9	59.600	-69.998	
9	59.700	-69.998	
9	59.800	-69.998	
9	59.900	-69.998	
9	60.000	-69.998	
9	60.100	-69.998	
9	60.200	-69.998	
9	60.300	-69.998	
9	60.400	-69.998	
9	60.500	-69.998	
9	60.600	-69.998	
9	60.700	-69.998	
9	60.800	-69.998	
9	60.900	-69.998	
9	61.000	-69.998	
9	61.100	-69.998	
9	61.200	-69.998	
9	61.300	-69.998	
9	61.400	-69.998	
9	61.500	-69.998	
9	61.600	-69.998	
9	61.700	-69.998	
9	61.800	-69.998	
9	61.900	-69.998	
9	62.000	-69.998	
9	62.100	-69.998	
9	62.200	-69.998	
9	62.300	-69.998	
9	62.400	-69.998	
9	62.500	-69.998	
9	62.600	-69.998	
9	62.700	-69.998	
9	62.800	-69.998	
9	62.900	-69.998	
9	63.000	-69.998	
9	63.100	-69.998	
9	63.200	-69.998	
9	63.300	-69.998	
9	63.400	-69.998	
9	63.500	-69.998	
9	63.600	-69.998	
9	63.700	-69.998	
9	63.800	-69.998	
9	63.900	-69.998	
9	64.000	-69.998	
9	64.100	-69.998	
9	64.200	-69.998	
9	64.300	-69.998	
9	64.400	-69.998	
9	64.500	-69.998	
9	64.600	-69.998	
9	64.700	-69.998	
9	64.800	-69.998	
9	64.900	-69.998	
9	65.000	-69.998	
9	65.100	-69.998	
9	65.200	-69.998	
9	65.300	-69.998	
9	65.400	-69.998	
9	65.500	-69.998	
9	65.600	-69.998	
9	65.700	-69.998	
9	65.800	-69.998	
9	65.900	-69.998	
9	66.000	-69.998	
9	66.100	-69.998	
9	66.200	-69.998	
9	66.300	-69.998	
9	66.400	-69.998	
9	66.500	-69.998	
9	66.600	-69.998	
9	66.700	-69.998	
9	66.800	-69.998	
9	66.900	-69.998	
9	67.000	-69.998	
9	67.100	-69.998	
9	67.200	-69.998	
9	67.300	-69.998	
9	67.400	-69.998	
9	67.500	-69.998	
9	67.600	-69.998	
9	67.700	-69.998	
9	67.800	-69.998	
9	67.900	-69.998	
9	68.000	-69.998	
9	68.100	-69.998	
9	68.200	-69.998	
9	68.300	-69.998	
9	68.400	-69.998	
9	68.500	-69.998	
9	68.600	-69.998	
9	68.700	-69.998	
9	68.800	-69.998	
9	68.900	-69.998	
9	69.000	-69.998	
9	69.100	-69.998	
9	69.200	-69.998	
9	69.300	-69.998	
9	69.400	-69.998	
9	69.500	-69.998	
9	69.600	-69.998	
9	69.700	-69.998	
9	69.800	-69.998	
9	69.900	-69.998	
9	70.000	-69.998	
9	70.100	-69.998	
9	70.200	-69.998	
9	70.300	-69.998	
9	70.400	-69.998	
9	70.500	-69.998	
9	70.600	-69.998	
9	70.700	-69.998	
9	70.800	-69.998	
9	70.900	-69.998	
9	71.000	-69.998	
9	71.100	-69.998	
9	71.200	-69.998	
9	71.300	-69.998	
9	71.400	-69.998	
9	71.500	-69.998	
9	71.600	-69.998	
9	71.700	-69.998	
9	71.800	-69.998	
9	71.900	-69.998	
9	72.000	-69.998	
9	72.100	-69.998	
9	72.200	-69.998	
9	72.300	-69.998	
9	72.400	-69.998	
9	72.500	-69.998	
9	72.600	-69.998	
9	72.700	-69.998	
9	72.800	-69.998	
9	72.900	-69.998	
9	73.000	-69.998	
9	73.100	-69.998	
9	73.200	-69.998	
9	73.300	-69.998	
9	73.400	-69.998	
9	73.500	-69.998	
9	73.600	-69.998	
9	73.700	-69.998	
9	73.800	-69.998	
9	73.900	-69.998	
9	74.000	-69.998	
9	74.100	-69.998	
9	74.200	-69.998	
9	74.300	-69.998	
9	74.400	-69.998	
9	74.500	-69.998	
9	74.600	-69.998	
9	74.700	-69.998	
9	74.800	-69.998	
9	74.900	-69.998	
9	75.000	-69.998	
9	75.100	-69.998	
9	75.200	-69.998	
9	75.300	-69.998	
9	75.400	-69.998	
9	75.500	-69.998	
9	75.600	-69.998	
9	75.700	-69.998	
9	75.800	-69.998	
9	75.900	-69.998	
9	76.000	-69.998	
9	76.100	-69.998	
9	76.200	-69.998	
9	76.300	-69.998	
9	76.400	-69.998	
9	76.500	-69.998	
9	76.600	-69.998	
9	76.700	-69.998	
9	76.800	-69.998	
9	76.900	-69.998	
9	77.000	-69.998	
9	77.100	-69.998	
9	77.200	-69.998	
9	77.300	-69.998	
9	77.400	-69.998	
9	77.500	-69.998	
9	77.600	-69.998	
9	77.700	-69.998	
9	77.800	-69.998	
9	77.900	-69.998	
9	78.000	-69.998	
9	78.100	-69.998	
9	78.200	-69.998	
9	78.300	-69.998	
9	78.400	-69.998	
9	78.500	-69.998	
9	78.600	-69.998	
9	78.700	-69.998	
9	78.800	-69.998	
9	78.900	-69.998	
9	79.000	-69.998	
9	79.100	-69.998	
9	79.200	-69.998	
9	79.300	-69.998	
9	79.400	-69.998	
9	79.500	-69.998	
9	79.600	-69.998	
9	79.700	-69.998	
9	79.800	-69.998	
9	79.900	-69.998	
9	80.000	-69.998	
9	80.100	-69.998	
9	80.200	-69.998	
9	80.300	-69.998	
9	80.400	-69.998	
9	80.500	-69.998	
9	80.600	-69.998	
9	80.700	-69.998	
9	80.800	-69.998	
9	80.900	-69.998	
9	81.000	-69.998	
9	81.100	-69.998	
9	81.200	-69.998	
9	81.300	-69.998	
9	81.400	-69.998	
9	81.500	-69.998	
9	81.600	-69.998	
9	81.700	-69.998	
9	81.800	-69.998	
9	81.900	-69.998	
9	82.000	-69.998	
9	82.100	-69.998	
9	82.200	-69.998	
9	82.300	-69.998	
9	82.400	-69.998	
9	82.500	-69.998	
9	82.600	-69.998	
9	82.700	-69.998	
9	82.800	-69.998	
9	82.900	-69.998	
9	83.000	-69.998	
9	83.100	-69.998	
9	83.200	-69.998	
9	83.300	-69.998	
9	83.400	-69.998	
9	83.500	-69.998	
9	83.600	-69.998	
9	83.700	-69.998	
9	83.800	-69.998	
9	83.900	-69.998	
9	84.000	-69.998	
9	84.100	-69.998	
9	84.200	-69.998	
9	84.300	-69.998	
9	84.400	-69.998	
9	84.500	-69.998	
9	84.600	-69.998	
9	84.700	-69.998	
9	84.800	-69.998	
9	84.900	-69.998	
9	85.000	-69.998	
9	85.100	-69.998	
9	85.200	-69.998	
9	85.300	-69.998	
9	85.400	-69.998	
9	85.500	-69.998	
9	85.600	-69.998	
9	85.700	-69.998	
9	85.800	-69.998	
9	85.900	-69.998	
9	86.000	-69.998	
9	86.100	-69.998	
9	86.200	-69.998	
9	86.300	-69.998	
9	86.400	-69.998	
9	86.500	-69.998	
9	86.600	-69.998	
9	86.700	-69.998	
9	86.800	-69.998	
9	86.900	-69.998	
9	87.000	-69.998	
9	87.100	-69.998	
9	87.200	-69.998	
9	87.300	-69.998	
9	87.400	-69.998	
9	87.500	-69.998	
9	87.600	-69.998	
9	87.700	-69.998	
9	87.800	-69.998	
9	87.900	-69.998	
9	88.000	-69.998	
9	88.100	-69.998	
9	88.200	-69.998	
9	88.300	-69.998	
9	88.400	-69.998	
9	88.500	-69.998	
9	88.600	-69.998	
9	88.700	-69.998	
9	88.800	-69.998	
9	88.900	-69.998	
9	89.000	-69.998	
9	89.100	-69.998	
9	89.200	-69.998	
9	89.300	-69.998	
9	89.400	-69.998	
9	89.500	-69.998	
9	89.600	-69.998	
9	89.700	-69.998	
9	89.800	-69.998	
9	89.900	-69.998	
9	90.000	-69.998	
9	90.100	-69.998	
9	90.200	-69.998	
9	90.300	-69.998	
9	90.400	-69.998	
9	90.500	-69.998	
9	90.600	-69.998	
9	90.700	-69.998	
9	90.800	-69.998	
9	90.900	-69.998	
9	91.000	-69.998	
9	91.100	-69.998	
9	91.200	-69.998	
9	91.300	-69.998	
9	91.400	-69.998	
9	91.500	-69.998	
9	91.600	-69.998	
9	91.700	-69.998	
9	91.800	-69.998	
9	91.900	-69.998	
9	92.000	-69.998	
9	92.100	-69.998	
9	92.200	-69.998	
9	92.300	-69.998	
9	92.400	-69.998	
9	92.500	-69.998	
9	92.600	-69.998	
9	92.700	-69.998	
9	92.800	-69.998	
9	92.900	-69.998	
9	93.000	-69.998	
9	93.100	-69.998	
9	93.200	-69.998	
9	93.300	-69.998	
9	93.400	-69.998	
9	93.500	-69.998	
9	93.600	-69.998	
9	93.700	-69.998	
9	93.800	-69.998	
9	93.900	-69.998	
9	94.000	-69.998	
9	94.100	-69.998	
9	94.200	-69.998	
9	94.300	-69.998	
9	94.400	-69.998	
9	94.500	-69.998	
9	94.600	-69.998	
9	94.700	-69.998	
9	94.800	-69.998	
9	94.900	-69.998	
9	95.000	-69.998	
9	95.100	-69.998	
9	95.200	-69.998	
9	95.300	-69.998	
9	95.400	-69.998	
9	95.500	-69.998	
9	95.600	-69.998	
9	95.700	-69.998	
9	95.800	-69.998	
9	95.900	-69.998	
9	96.000	-69.998	
9	96.100	-69.998	
9	96.200	-69.998	
9	96.300	-69.998	
9	96.400	-69.998	
9	96.500	-69.998	
9	96.600	-69.998	
9	96.700	-69.998	
9	96.800	-69.998	
9	96.900	-69.998	
9	97.000	-69.998	
9	97.100	-69.998	
9	97.200	-69.998	
9	97.300	-69.998	
9	97.400	-69.998	
9	97.500	-69.998	
9	97.600	-69.998	
9	97.700	-69.998	
9	97.800	-69.998	
9	97.900	-69.998	
9	98.000	-69.998	
9	98.100	-69.998	
9	98.200	-69.998	
9	98.300	-69.998	
9	98.400	-69.998	
9	98.500	-69.998	
9	98.600	-69.998	
9	98.700	-69.998	
9	98.800	-69.998	
9	98.900	-69.998	
9	99.000	-69.998	
9	99.100	-69.998	
9	99.200	-69.998	
9	99.300	-69.998	
9	99.400	-69.998	
9	99.500	-69.998	
9	99.600	-69.998	
9	99.700	-69.998	
9	99.800	-69.998	
9	99.900	-69.998	
9	100.000	-69.998	
9	100.100	-69.998	
9	100.200	-69.998	
9	100.300	-69.998	
9	100.400	-69.998	
9	100.500	-69.998	
9	100.600	-69.998	
9	100.700	-69.998	
9	100.800	-69.998	
9	100.900	-69.998	
9	101.000	-69.998	
9	101.100	-69.998	
9	101.200	-69.998	
9	101.300	-69.998	
9	101.400	-69.998	
9	101.500	-69.998	
9	101.600	-69.998	
9	101.700	-69.998	
9	101.800	-69.998	
9	101.900	-69.998	
9	102.000	-69.998	
9	102.100	-69.998	
9	102.200	-69.998	
9	102.300	-69.998	
9	102.400	-69.998	
9	102.500	-69.998	
9	102.600	-69.998	
9	102.700	-69.998	
9	102.800	-69.998	
9	102.900	-69.998	
9	103.000	-69.998	
9	103.100	-69.998	
9	103.200	-69.998	
9	103.300	-69.998	
9	103.400	-69.998	
9	103.500	-69.998	
9	103.600	-69.998	
9	103.700	-69.998	
9	103.800	-69.998	
9	103.900	-69.998	
9	104.000	-69.998	
9	104.100	-69.998	
9	104.200	-69.998	
9	104.300	-69.998	
9	104.400	-69.998	
9	104.500	-69.998	
9	104.600	-69.998	
9	104.700	-69.998	
9	104.800	-69.998	
9	104.900	-69.998	
9	105.000	-69.998	
9	105.100	-69.998	
9	105.200	-69.998	
9	105.300	-69.998	
9	105.400	-69.998	
9	105.500	-69.998	
9	105.600	-69.998	
9	105.700	-69.998	
9	105.800	-69.998	
9	105.900	-69.998	
9	106.000	-69.998	
9	106.100	-69.998	
9	106.200	-69.998	
9	106.300	-69.998	
9	106.400	-69.998	
9	106.500	-69.998	
9	106.600	-69.998	
9	106.700	-69.998	
9	106.800	-69.998	
9	106.900	-69.998	
9	107.000	-69.998	
9	107.100	-69.998	
9	107.200	-69.998	
9	107.300	-69.998	
9	107.400	-69.998	
9	107.500	-69.998	
9	107.600	-69.998	
9	107.700	-69.998	
9	107.800	-69.998	
9	107.900	-69.998	
9	108.000	-69.998	
9	108.100	-69.998	
9	108.200	-69.998	
9	108.300	-69.998	
9	108.400	-69.998	
9	108.500	-69.998	
9	108.600	-69.998	
9	108.700	-69.998	
9	108.800	-69.998	
9	108.900	-69.998	
9	109.000	-69.998	
9	109.100	-69.998	
9	109.200	-69.998	
9	109.300	-69.998	
9	109.400	-69.998	
9	109.500	-69.998	
9	109.600	-69.998	
9	109.700	-69.998	
9	109.800	-69.998	
9	109.900	-69.998	
9	110.000	-69.998	
9	110.100	-69.998	
9	110.200	-69.998	
9	110.300	-69.998	
9	110.400	-69.998	
9	110.500	-69.998	
9	110.600	-69.998	
9	110.700	-69.998	
9	110.800	-69.998	
9	110.900	-69.998	
9	111.000	-69.998	
9	111.100	-69.998	
9	111.200	-69.998	
9	111.300	-69.998	
9	111.400	-69.998	
9	111.500	-69.998	
9	111.600	-69.998	
9	111.700	-69.998	
9	111.800	-69.998	
9	111.900	-69.998	
9	112.000	-69.998	
9	112.100	-69.998	
9	112.200	-69.998	
9	112.300	-69.998	
9	112.400	-69.998	
9	112.500	-69.998	
9	112.600	-69.998	
9	112.700	-69.998	
9	112.800	-69.998	
9	112.900	-69.998	
9	113.000	-69.998	
9	113.100	-69.998	
9	113.200	-69.998	
9	113.300	-69.998	
9	113.400	-69.998	
9	113.500	-69.998	
9	113.600	-69.998	
9	113.700	-69.998	
9	113.800	-69.998	
9	113.900	-69.998	
9	114.000	-69.998	
9	114.100	-69.998	
9	114.200	-69.998	
9	114.300	-69.998	
9	114.400	-69.998	
9	114.500	-69.998	
9	114.600	-69.998	
9	114.700	-69.998	
9	114.800	-69.998	
9	114.900	-69.998	
9	115.000	-69.998	
9	115.100	-69.998	
9	115.200	-69.998	
9	115.300	-69.998	
9	115.400	-69.998	
9	115.500	-69.998	
9	115.600	-69.998	
9	115.700	-69.998	
9	115.800	-69.998	
9	115.900	-69.998	
9	116.000	-69.998	
9	116.100	-69.998	
9	116.200	-69.998	
9	116.300	-69.998	
9	116.400	-69.998	
9	116.500	-69.998	
9	116.600	-69.998	
9	116.700	-69.998	
9	116.800	-69.998	
9	116.900	-69.998	
9	117.000	-69.998	
9	117.100	-69.998	
9	117.200	-69.998	
9	117.300	-69.998	
9	117.400	-69.998	
9	117.500	-69.998	
9	117.600	-69.998	
9	117.700	-69.998	
9	117.800	-69.998	
9	117.900	-69.998	
9	118.000	-69.998	
9	118.100	-69.998	
9	118.200	-69.998	
9	118.300	-69.998	
9	118.400	-69.998	
9	118.500	-69.998	
9	118.600	-69.998	
9	118.700	-69.998	
9	118.800	-69.998	
9	118.900	-69.998	
9	119.000	-69.998	
9	119.100	-69.998	
9	119.200	-69.998	
9	119.300	-69.998	
9	119.400	-69.998	
9	119.500	-69.998	
9	119.600	-69.998	
9	119.700	-69.998	
9	119.800	-69.998	
9	119.900	-69.998	
9	120.000	-69.998	
9	120.100	-69.998	
9	120.200	-69.998	
9	120.300	-69.998	
9	120.400	-69.998	
9	120.500	-69.998	
9	120.600	-69.998	
9	120.700	-69.998	
9	120.800	-69.998	
9	120.900	-69.998	
9	121.000	-69.998	
9	121.100	-69.998	
9	121.200	-69.998	
9	121.300	-69.998	
9	121.400	-69.998	
9	121.500	-69.998	
9	121.600	-69.998	
9	121.700	-69.998	
9	121.800	-69.998	
9	121.900	-69.998	
9	122.000	-69.998	
9	122.100	-69.998	
9	122.200	-69.998	
9	122.300	-69.998	
9	122.400	-69.998	
9	122.500	-69.998	
9	122.600	-69.998	
9	122.700	-69.998	
9	122.800	-69.998	
9	122.900	-69.998	
9	123.000	-69.998	
9	123.100	-69.998	
9	123.200	-69.998	
9	123.300	-69.998	
9	123.400	-69.998	
9	123.500	-69.998	
9	123.600	-69.998	
9	123.700	-69.998	
9	123.800	-69.998	
9	123.900	-69.998	
9	124.000	-69.998	
9	124.100	-69.998	
9	124.200	-69.998	
9	124.300	-69.998	
9	124.400	-69.998	
9	124.500	-69.998	
9	124.600	-69.998	
9	124.700	-69.998	
9	124.800	-69.998	
9	124.900	-69.998	
9	125.000	-69.998	
9	125.100	-69.998	
9	125.200	-69.998	
9	125.300	-69.998	
9	125.400	-69.998	
9	125.500	-69.998	
9	125.600	-69.998	
9	125.700	-69.998	
9	125.800	-69.998	
9	125.900	-69.998	
9	126.000	-69.998	
9	126.100	-69.998	
9	126.200	-69.998	
9	126.300	-69.998	
9	126.400	-69.998	
9	126.500	-69.998	
9	126.600	-69.998	
9	126.700	-69.998	
9	126.800	-69.998	
9	126.900	-69.998	
9	127.000	-69.998	
9	127.100	-69.998	
9	127.200	-69.998	
9	127.300	-69.998	
9	127.400	-69.998	
9	127.500	-69.998	
9	127.600	-69.998	
9	127.700	-69.998	
9	127.800	-69.998	
9	127.900	-69.998	
9	128.000	-69.998	
9	128.100	-69.998	
9	128.200	-69.998	
9	128.300	-69.998	
9	128.400	-69.998	
9	128.500	-69.998	
9	128.600	-69.998	
9	128.700	-69.998	
9	128.800	-69.998	
9	128.900	-69.998	
9	129.000	-69.998	
9	129.100	-69.998	
9	129.200	-69.998	
9	129.300	-69.998	
9	129.400	-69.998	
9	129.500	-69.998	
9	129.600	-69.998	
9	129.700	-69.998	
9	129.800	-69.998	
9	129.900	-69.998	
9	130.000	-69.998	
9	130.100	-69.998	
9	130.200	-69.998	
9	130.300	-69.998	
9	130.400	-69.998	
9	130.500	-69.998	
9	130.600	-69.998	
9	130.700	-69.998	
9	130.800	-69.998	
9	130.900	-69.998	
9	131.000	-69.998	
9	131.100	-69.998	
9	131.200	-69.998	
9	131.300	-69.998	
9	131.400	-69.998	
9	131.500	-69.998	
9	131.600	-69.998	
9	131.700	-69.998	
9	131.800	-69.998	
9	131.900	-69.998	
9	132.000	-69.998	
9	132.100	-69.998	
9	132.200	-69.998	
9	132.300	-69.998	
9	132.400	-69.998	
9	132.500	-69.998	
9	132.600	-69.998	
9	132.700	-69.998	
9	132.800	-69.998	
9	132.900	-69.998	
9	133.000	-69.998	
9	133.100	-69.998	
9	133.200	-69.998	
9	133.300	-69.998	
9	133.400	-69.998	
9	133.500	-69.998	
9	133.600	-69.998	
9	133.700	-69.998	
9	133.800	-69.998	
9	133.900	-69.998	
9	134.000	-69.998	
9	134.100	-69.998	
9	134.200	-69.998	
9	134.300	-69.998	
9	134.400	-69.998	
9	134.500	-69.998	
9	134.600	-69.998	
9	134.700	-69.998	
9	134.800	-69.998	
9	134.900	-69.998	
9	135.000	-69.998	
9	135.100	-69.998	
9	135.200	-69.998	
9	135.300	-69.998	
9	135.400	-69.998	
9	135.500	-69.998	
9	135.600	-69.998	
9	135.700	-69.998	
9	135.800	-69.998	
9	135.900	-69.998	
9	136.000	-69.998	
9	136.100	-69.998	
9	136.200	-69.998	
9	136.300	-69.998	
9	136.400	-69.998	
9	136.500	-69.998	
9	136.600	-69.998	
9	136.700	-69.998	
9	136.800	-69.998	
9	136.900	-69.998	
9	137.000	-69.998	
9	137.100	-69.998	
9	137.200	-69.998	
9	137.300	-69.998	
9	137.400	-69.998	
9	137.500	-69.998	
9	137.600	-69.998	
9	137.700	-69.998	
9	137.800	-69.998	
9	137.900	-69.998	
9	138.000	-69.998	
9	138.100	-69.998	
9	138.200	-69.998	
9	138.300	-69.998	
9	138.400	-69.998	
9	138.500	-69.998	
9	138.600	-69.998	
9	138.700	-69.998	
9	138.800	-69.998	
9	138.900	-69.998	
9	139.000	-69.998	
9	139.100	-69.998	
9	139.200	-69.998	
9	139.300	-69.998	
9	139.400	-69.998	
9	139.500	-69.998	
9	139.600	-69.998	
9	139.700	-69.998	
9	139.800	-69.998	
9	139.900	-69.998	
9	140.000	-69.998	
9	140.100	-69.998	
9	140.200	-69.998	
9	140.300	-69.998	
9	140.400	-69.998	
9	140.500	-69.998	
9	140.600	-69.998	
9	140.700	-69.998	
9	140.800	-69.998	
9	140.900	-69.998	
9	141.000	-69.998	
9	141.100	-69.998	
9	141.200	-69.998	
9	141.300	-69.998	
9	141.400	-69.998	
9	141.500	-69.998	
9	141.600	-69.998	
9	141.700	-69.998	
9	141.800	-69.998	
9	141.900	-69.998	
9	142.000	-69.998	
9	142.100	-69.998	
9	142.200	-69.998	
9	142.300	-69.998	
9	142.400	-69.998	
9	142.500	-69.998	
9	142.600	-69.998	
9	142.700	-69.998	
9	142.800	-69.998	
9	142.900	-69.998	
9	143.000	-69.998	
9	143.100	-69.998	
9	143.200	-69.998	
9	143.300	-69.998	
9	143.400	-69.998	
9	143.500	-69.998	
9	143.600	-69.998	
9	143.700	-69.998	
9	143.800	-69.998	
9	143.900	-69.998	
9	144.000	-69.998	
9	144.100	-69.998	
9	144.200	-69.998	
9	144.300	-69.998	
9	144.400	-69.998	
9	144.500	-69.998	
9	144.600	-69.998	
9	144.700	-69.998	
9	144.800	-69.998	
9	144.900	-69.998	
9	145.000	-69.998	
9	145.100	-69.998	
9	145.200	-69.998	
9	145.300	-69.998	
9	145.400	-69.998	
9	145.500	-69.998	
9	145.600	-69.998	
9	145.700	-69.998	
9	145.800	-69.998	
9	145.900	-69.998	
9	146.000	-69.998	
9	146.100	-69.998	
9	146.200	-69.998	
9	146.300	-69.998	
9	146.400	-69.998	
9	146.500	-69.998	
9	146.600	-69.998	
9	146.700	-69.998	
9	146.800	-69.998	
9	146.900	-69.998	
9	147.000	-69.998	
9	147.100	-69.998	
9	147.200	-69.998	
9	147.300	-69.998	
9	147.400	-69.998	
9	147.500	-69.998	
9	147.600	-69.998	
9	147.700	-69.998	
9	147.800	-69.998	
9	147.900	-69.998	
9	148.000	-69.998	
9	148.100	-69.998	
9	148.200	-69.998	
9	148.300	-69.998	
9	148.400	-69.998	
9	148.500	-69.998	
9	148.600	-69.998	
9	148.700	-69.998	
9	148.800	-69.998	
9	148.900	-69.998	
9	149.000	-69.998	
9	149.100	-69.998	
9	149.200	-69.998	
9	149.300	-69.998	
9	149.400	-69.998	
9	149.500	-69.998	
9	149.600	-69.998	
9	149.700	-69.998	
9	149.800	-69.998	
9	149.900	-69.998	
9	150.000	-69.998	
9	150.100	-69.998	
9	150.200	-69.998	
9	150.300	-69.998	
9	150.400	-69.998	
9	150.500	-69.998	
9	150.600	-69.998	
9	150.700	-69.998	
9	150.800	-69.998	
9	150.900	-69.998	
9	151.000	-69.998	
9	151.100	-69.998	
9	151.200	-69.998	
9	151.300	-69.998	
9	151.400	-69.998	
9	151.500	-69.998	
9	151.600	-69.998	
9	151.700	-69.998	
9	151.800	-69.998	
9	151.900	-69.998	
9	152.000	-69.998	
9	152.100	-69.998	
9	152.200	-69.998	
9	152.300	-69.998	
9	152.400	-69.998	
9	152.500	-69.998	
9	152.600	-69.998	
9	152.700	-69.998	
9	152.800	-69.998	
9	152.900	-69.998	
9	153.000	-69.998	
9	153.100	-69.998	
9	153.200	-69.998	
9	153.300	-69.998	
9	153.400	-69.998	
9	153.500	-69.998	
9	153.600	-69.998	
9	153.700	-69.998	
9	153.800	-69.998	
9	153.900	-69.998	
9	154.000	-69.998	
9	154.100	-69.998	
9	154.200	-69.998	
9	154.300	-69.998	
9	154.400	-69.998	
9	154.500	-69.998	
9	154.600	-69.998	
9	154.700	-69.998	
9	154.800	-69.998	
9	154.900	-69.998	
9	155.000	-69.998	
9	155.100	-69.998	
9	155.200	-69.998	
9	155.300	-69.998	
9	155.400	-69.998	
9	155.500	-69.998	
9	155.600	-69.998	
9	155.700	-69.998	
9	155.800	-69.998	
9	155.900	-69.998	
9	156.000	-69.998	
9	156.100	-69.998	
9	156.200	-69.998	
9	156.300	-69.998	
9	156.400	-69.998	
9	156.500	-69.998	
9	156.600	-69.998	
9	156.700	-69.998	
9	156.800	-69.998	
9	156.900	-69.998	
9	157.000	-69.998	
9	157.100	-69.998	
9	157.200	-69.998	
9	157.300	-69.998	
9	157.400	-69.998	
9	157.500	-69.998	
9	157.600	-69.998	
9	157.700	-69.998	
9	157.800	-69.998	
9	157.900	-69.998	
9	158.000	-69.998	
9	158.100	-69.998	
9	158.200	-69.998	
9	158.300	-69.998	
9	158.400	-69.998	
9	158.500	-69.998	
9	158.600	-69.998	
9	158.700	-69.998	
9	158.800	-69.998	
9	158.900	-69.998	
9	159.000	-69.998	
9	159.100	-69.998	
9	159.200	-69.998	
9	159.300	-69.998	
9	159.400	-69.998	
9	159.500	-69.998	
9	159.600	-69.998	
9	159.700	-69.998	
9	159.800	-69.998	
9	159.900	-69.998	
9	160.000	-69.998	
9	160.100	-69.998	
9	160.200	-69.998	
9	160.300	-69.998	
9	160.400	-69.998	
9	160.500	-69.998	
9	160.600	-69.998	
9	160.700	-69.998	
9	160.800	-69.998	
9	160.900	-69.998	
9	161.000	-69.998	
9	161.100	-69.998	
9	161.200	-69.998	
9	161.300	-69.998	
9	161.400	-69.998	
9	161.500	-69.998	
9	161.600	-69.998	
9	161.700	-69.998	
9	161.800	-69.998	
9	161.900	-69.998	
9	162.000	-69.998	
9	162.100	-69.998	
9	162.200	-69.998	
9	162.300	-69.998	
9	162.400	-69.998	
9	162.500	-69.998	
9	162.600	-69.998	
9	162.700	-69.998	
9	162.800	-69.998	
9	162.900	-69.998	
9	163.000	-69.998	
9	163.100	-69.998	
9	163.200	-69.998	
9	163.300	-69.998	
9	163.400	-69.998	
9	163.500	-69.998	
9	163.600	-69.998	
9	163.700	-69.998	
9	163.800	-69.998	
9	163.900	-69.998	
9	164.000	-69.998	
9	164.100	-69.998	
9	164.200	-69.998	
9	164.300	-69.998	
9	164.400	-69.998	
9	164.500	-69.998	
9	164.600	-69.998	
9	164.700	-69.998	
9	164.800	-69.998	
9	164.900	-69.998	
9	165.000	-69.998	
9	165.100	-69.998	
9	165.200	-69.998	
9	165.300	-69.998	
9	165.400	-69.998	
9	165.500	-69.998	
9	165.600	-69.998	
9	165.700	-69.998	
9	165.800	-69.998	
9	165.900	-69.998	
9	166.000	-69.998	
9	166.100	-69.998	
9	166.200	-69.998	
9	166.300	-69.998	
9	166.400	-69.998	
9	166.500	-69.998	
9	166.600	-69.998	
9	166.700	-69.998	
9	166.800	-69.998	
9	166.900	-69.998	
9	167.000	-69.998	
9	167.100	-69.998	
9	167.200	-69.998	
9	167.300	-69.998	
9	167.400	-69.998	
9	167.500	-69.998	
9	167.600	-69.998	
9	167.700	-69.998	
9	167.800	-69.998	
9	167.900	-69.998	
9	168.000	-69.998	
9	168.100	-69.998	
9	168.200	-69.998	
9	168.300	-69.998	
9	168.400	-69.998	
9	168.500	-69.998	
9	168.600	-69.998	
9	168.700	-69.998	
9	168.800	-69.998	
9	168.900	-69.998	
9	169.000	-69.998	
9	169.100	-69.998	
9	169.200	-69.998	
9	169.300	-69.998	
9	169.400	-69.998	
9	169.500	-69.998	
9	169.600	-69.998	
9	169.700	-69.998	
9	169.800	-69.998	
9	169.900	-69.998	
9	170.000	-69.998	
9	170.100	-69.998	
9	170.200	-69.998	
9	170.300	-69.998	
9	170.400	-69.998	
9	170.500	-69.998	
9	170.600	-69.998	
9	170.700	-69.998	
9	170.800	-69.998	
9	170.900	-69.998	
9	171.000	-69.998	
9	171.100	-69.998	
9	171.200	-69.998	
9	171.300	-69.998	
9	171.400	-69.998	
9	171.500	-69.998	
9	171.600	-69.998	
9	171.700	-69.998	
9	171.800	-69.998	
9	171.900	-69.998	
9	172.000	-69.998	
9	172.100	-69.998	
9	172.200	-69.998	
9	172.300	-69.998	
9	172.400	-69.998	
9	172.500	-69.998	
9	172.600	-69.998	
9	172.700	-69.998	
9	172.800	-69.998	
9	172.900	-69.998	
9	173.000	-69.998	
9	173.100	-69.998	
9	173.200	-69.998	
9	173.300	-69.998	
9	173.400	-69.998	
9	173.500	-69.998	
9	173.600	-69.998	
9	173.700	-69.998	
9	173.800	-69.998	
9	173.900	-69.998	
9	174.000	-69.998	
9	174.100	-69.998	
9	174.200	-69.998	
9	174.300	-69.998	
9	174.400	-69.998	
9	174.500	-69.998	
9	174.600	-69.998	
9	174.700	-69.998	
9	174.800	-69.998	
9	174.900	-69.998	
9	175.000	-69.998	
9	175.100	-69.998	
9	175.200	-69.998	
9	175.300	-69.998	
9	175.400	-69.998	
9	175.500	-69.998	
9	175.600	-69.998	
9	175.700	-69.998	
9	175.800	-69.998	
9	175.900	-69.998	
9	176.000	-69.998	
9	176.100	-69.998	
9	176.200	-69.998	
9	176.300	-69.998	
9	176.400	-69.998	
9	176.500	-69.998	
9	176.600	-69.998	
9	176.700	-69.998	
9	176.800	-69.998	
9	176.900	-69.998	
9	177.000	-69.998	
9	177.100	-69.998	
9	177.200	-69.998	
9	177.300	-69.998	
9	177.400	-69.998	
9	177.500	-69.998	
9	177.600	-69.998	
9	177.700	-69.998	
9	177.800	-69.998	
9	177.900	-69.998	
9	178.000	-69.998	
9	178.100	-69.998	
9	178.200	-69.998	
9	178.300	-69.998	
9	178.400	-69.998	
9	178.500	-69.998	
9	178.600	-69.998	
9	178.700	-69.998	
9	178.800	-69.998	
9	178.900	-69.998	
9	179.000	-69.998	
9	179.100	-69.998	
9	179.200	-69.998	
9	179.300	-69.998	
9	179.400	-69.998	
9	179.500	-69.998	
9	179.600	-69.998	
9	179.700	-69.998	
9	179.800	-69.998	
9	179.900	-69.998	
9	180.000	-69.998	
9	180.100	-69.998	
9	180.200	-69.998	
9	180.300	-69.998	
9	180.400	-69.998	
9	180.500	-69.998	
9	180.600	-69.998	
9	180.700	-69.998	
9	180.800	-69.998	
9	180.900	-69.998	
9	181.000	-69.998	
9	181.100	-69.998	
9	181.200	-69.998	
9	181.300	-69.998	
9	181.400	-69.998	
9	181.500	-69.998	
9	181.600	-69.998	
9	181.700	-69.998	
9	181.800	-69.998	
9	181.900	-69.998	
9	182.000	-69.998	
9	182.100	-69.998	
9	182.200	-69.998	
9	182.300	-69.998	
9	182.400	-69.998	
9	182.500	-69.998	
9	182.600	-69.998	
9	182.700	-69.998	
9	182.800	-69.998	
9	182.900	-69.998	
9	183.000	-69.998	
9	183.100	-69.998	
9	183.200	-69.998	
9	183.300	-69.998	
9	183.400	-69.998	
9	183.500	-69.998	
9	183.600	-69.998	
9	183.700	-69.998	
9	183.800	-69.998	
9	183.900	-69.998	
9	184.000	-69.998	
9	184.100	-69.998	
9	184.200	-69.998	
9	184.300	-69.998	
9	184.400	-69.998	
9	184.500	-69.998	
9	184.600	-69.998	
9	184.700	-69.998	
9	184.800	-69.998	
9	184.900	-69.998	
9	185.000	-69.998	
9	185.100	-69.998	
9	185.200	-69.998	
9	185.300	-69.998	
9	185.400	-69.998	
9	185.500	-69.998	
9	185.600	-69.998	
9	185.700	-69.998	
9	185.800	-69.998	
9	185.900	-69.998	
9	186.000	-69.998	
9	186.100	-69.998	
9	186.200	-69.998	
9	186.300	-69.998	
9	186.400	-69.998	
9	186.500	-69.998	
9	186.600	-69.998	
9	186.700	-69.998	
9	186.800	-69.998	
9	186.900	-69.998	
9	187.000	-69.998	
9	187.100	-69.998	
9	187.200	-69.998	
9	187.300	-69.998	
9	187.400	-69.998	
9	187.500	-69.998	
9	187.600	-69.998	
9	187.700	-69.998	
9	187.800	-69.998	
9	187.900	-69.998	
9	188.000	-69.998	
9	188.100	-69.998	
9	188.200	-69.998	
9	188.300	-69.998	
9	188.400	-69.998	
9	188.500	-69.998	
9	188.600	-69.998	
9	188.700	-69.998	
9	188.800	-69.998	
9	188.900	-69.998	
9	189.000	-69.998	
9	189.100	-69.998	
9	189.200	-69.998	
9	189.300	-69.998	
9	189.400	-69.998	
9	189.500	-69.998	
9	189.600	-69.998	
9	189.700	-69.998	
9	189.800	-69.998	
9	189.900	-69.998	
9	190.000	-69.998	
9	190.100	-69.998	
9	190.200	-69.998	
9	190.300	-69.998	
9	190.400	-69.998	
9	190.500	-69.998	
9	190.600	-69.998	
9	190.700	-69.998	
9	190.800	-69.998	
9	190.900	-69.998	
9	191.000	-69.998	
9	191.100	-69.998	
9	191.200	-69.998	
9	191.300	-69.998	
9	191.400	-69.998	
9	191.500	-69.998	
9	191.600	-69.998	
9	191.700	-69.998	
9	191.800	-69.998	
9	191.900	-69.998	
9	192.000	-69.998	
9	192.100	-69.998	
9	192.200	-69.998	
9	192.300	-69.998	
9	192.400	-69.998	
9	192.500	-69.998	
9	192.600	-69.998	
9	192.700	-69.998	
9	192.800	-69.998	
9	192.900	-69.998	
9	193.000	-69.998	
9	193.100	-69.998	
9	193.200	-69.998	
9	193.300	-69.998	
9	193.400	-69.998	
9	193.500	-69.998	
9	193.600	-69.998	
9	193.700	-69.998	
9	193.800	-69.998	
9	193.900	-69.998	
9	194.000	-69.998	
9	194.100	-69.998	
9	194.200	-69.998	
9	194.300	-69.998	
9	194.400	-69.998	
9	194.500	-69.998	
9	194.600	-69.998	
9	194.700	-69.998	
9	194.800	-69.998	
9	194.900	-69.998	
9	195.000	-69.998	
9	195.100	-69.998	
9	195.200	-69.998	
9	195.300	-69.998	
9	195.400	-69.998	
9	195.500	-69.998	
9	195.600	-69.998	
9	195.700	-69.998	
9	195.800	-69.998	
9	195.900	-69.998	
9	196.000	-69.998	
9	196.100	-69.998	
9	196.200	-69.998	
9	196.300	-69.998	
9	196.400	-69.998	
9	196.500	-69.998	
9	196.600	-69.998	
9	196.700	-69.998	
9	196.800	-69.998	
9	196.900	-69.998	
9	197.000	-69.998	
9	197.100	-69.998	
9	197.200	-69.998	
9	197.300	-69.998	
9	197.400	-69.998	
9	197.500	-69.998	
9	197.600	-69.998	
9	197.700	-69.998	
9	197.800	-69.998	
9	197.900	-69.998	
9	198.000	-69.998	
9	198.100	-69.998	
9	198.200	-69.998	
9	198.300	-69.998	
9	198.400	-69.998	
9	198.500	-69.998	
9	198.600	-69.998	
9	198.700	-69.998	
9	198.800	-69.998	
9	198.900	-69.998	
9	199.000	-69.998	
9	199.100	-69.998	
9	199.200	-69.998	
9	199.300	-69.998	
9	199.400	-69.998	
9	199.500	-69.998	
9	199.600	-69.998	
9	199.700	-69.998	
9	199.800	-69.998	
9	199.900	-69.998	
9	200.000	-69.998	
9	200.100	-69.998	
9	200.200	-69.998	
9	200.300	-69.998	
9	200.400	-69.998	
9	200.500	-69.998	
9	200.600	-69.998	
9	200.700	-69.998	
9	200.800	-69.998	
9	200.900	-69.998	
9	201.000	-69.998	
9	201.100	-69.998	
9	201.200	-69.998	
9	201.300	-69.998	
9	201.400	-69.998	
9	201.500	-69.998	
9	201.600	-69.998	
9	201.700	-69.998	
9	201.800	-69.998	
9	201.900	-69.998	
9	202.000	-69.998	
9	202.100	-69.998	
9	202.200	-69.998	
9	202.300	-69.998	
9	202.400	-69.998	
9	202.500	-69.998	
9	202.600	-69.998	
9	202.700	-69.998	
9	202.800	-69.998	
9	202.900	-69.998	
9	203.000	-69.998	
9	203.100	-69.998	
9	203.200	-69.998	
9	203.300	-69.998	
9	203.400	-69.998	
9	203.500	-69.998	
9	203.600	-69.998	
9	203.700	-69.998	
9	203.800	-69.998	
9	203.900	-69.998	
9	204.000	-69.998	
9	204.100	-69.998	
9	204.200	-69.998	
9	204.300	-69.998	
9	204.400	-69.998	
9	204.500	-69.998	
9	204.600	-69.998	
9	204.700	-69.998	
9	204.800	-69.998	
9	204.900	-69.998	
9	205.000	-69.998	
9	205.100	-69.998	
9	205.200	-69.998	
9	205.300	-69.998	
9	205.400	-69.998	
9	205.500	-69.998	
9	205.600	-69.998	
9	205.700	-69.998	
9	205.800	-69.998	
9	205.900	-69.998	
9	206.000	-69.998	
9	206.100	-69.998	
9	206.200	-69.998	
9	206.300	-69.998	
9	206.400	-69.998	
9	206.500	-69.998	
9	206.600	-69.998	
9	206.700	-69.998	
9	206.800	-69.998	
9	206.900	-69.998	
9	207.000	-69.998	
9	207.100	-69.998	
9	207.200	-69.998	
9	207.300	-69.998	
9	207.400	-69.998	
9	207.500	-69.998	
9	207.600	-69.998	
9	207.700	-69.998	
9	207.800	-69.998	
9	207.900	-69.998	
9	208.000	-69.998	
9	208.100	-69.998	
9	208.200	-69.998	
9	208.300	-69.998	
9	208.400	-69.998	
9	208.500	-69.998	
9	208.600	-69.998	
9	208.700	-69.998	
9	208.800	-69.998	
9	208.900	-69.998	
9	209.000	-69.998	
9	209.100	-69.998	
9	209.200	-69.998	
9	209.300	-69.998	
9	209.400	-69.998	
9	209.500	-69.998	
9	209.600	-69.998	
9	209.700	-69.998	
9	209.800	-69.998	
9	209.900	-69.998	
9	210.000	-69.998	
9	210.100	-69.998	
9	210.200	-69.998	
9	210.300	-69.998	
9	210.400	-69.998	
9	210.500	-69.998	
9	210.600	-69.998	
9	210.700	-69.998	
9	210.800	-69.998	
9	210.900	-69.998	
9	211.000	-69.998	
9	211.100	-69.998	
9	211.200	-69.998	
9	211.300	-69.998	
9	211.400	-69.998	
9	211.500	-69.998	
9	211.600	-69.998	
9	211.700	-69.998	
9	211.800	-69.998	
9	211.900	-69.998	
9	212.000	-69.998	
9	212.100	-69.998	
9	212.200	-69.998	
9	212.300	-69.998	
9	212.400	-69.998	
9	212.500	-69.998	
9	212.600	-69.998	
9	212.700	-69.998	
9	212.800	-69.998	
9	212.900	-69.998	
9	213.000	-69.998	
9	213.100	-69.998	
9	213.200	-69.998	
9	213.300	-69.998	
9	213.400	-69.998	
9	213.500	-69.998	
9	213.600	-69.998	
9	213.700	-69.998	
9	213.800	-69.998	
9	213.900	-69.998	
9	214.000	-69.998	
9	214.100	-69.998	
9	214.200	-69.998	
9	214.300	-69.998	
9	214.400	-69.998	
9	214.500	-69.998	
9	214.600	-69.998	
9	214.700	-69.998	
9	214.800	-69.998	
9	214.900	-69.998	
9	215.000	-69.998	
9	215.100	-69.998	
9	215.200	-69.998	
9	215.300	-69.998	
9	215.400	-69.998	
9	215.500	-69.998	
9	215.600	-69.998	
9	215.700	-69.998	
9	215.800	-69.998	
9	215.900	-69.998	
9	216.000	-69.998	
9	216.100	-69.998	
9	216.200	-69.998	
9	216.300	-69.998	
9	216.400	-69.998	
9	216.500	-69.998	
9	216.600	-69.998	
9	216.700	-69.998	
9	216.800	-69.998	
9	216.900	-69.998	
9	217.000	-69.998	
9	217.100	-69.998	
9	217.200	-69.998	
9	217.300	-69.998	
9	217.400	-69.998	
9	217.500	-69.998	
9	217.600	-69.998	
9	217.700	-69.998	
9	217.800	-69.998	
9	217.900	-69.998	
9	218.000	-69.998	
9	218.100	-69.998	
9	218.200	-69.998	
9	218.300	-69.998	
9	218.400	-69.998	
9	218.500	-69.998	
9	218.600	-69.998	
9	218.700	-69.998	
9	218.800	-69.998	
9	218.900	-69.998	
9	219.000	-69.998	
9	219.100	-69.998	
9	219.200	-69.998	
9	219.300	-69.998	
9	219.400	-69.998	
9	219.500	-69.998	
9	219.600	-69.998	
9	219.700	-69.998	
9	219.800	-69.998	
9	219.900	-69.998	
9	220.000	-69.998	
9	220.100	-69.998	
9	220.200	-69.998	
9	220.300	-69.998	
9	220.400	-69.998	
9	220.500	-69.998	
9	220.600	-69.998	
9	220.700	-69.998	
9	220.800	-69.998	
9	220.900	-69.998	
9	221.000	-69.998	
9	221.100	-69.998	
9	221.200	-69.998	
9	221.300	-69.998	
9	221.400	-69.998	
9	221.500	-69.998	
9	221.600	-69.998	
9	221.700	-69.998	
9	221.800	-69.998	
9	221.900	-69.998	
9	222.000	-69.998	
9	222.100	-69.998	
9	222.200	-69.998	
9	222.300	-69.998	
9	222.400	-69.998	
9	222.500	-69.998	
9	222.600	-69.998	
9	222.700	-69.998	
9	222.800	-69.998	
9	222.900	-69.998	
9	223.000	-69.998	
9	223.100	-69.998	
9	223.200	-69.998	
9	223.300	-69.998	
9	223.400	-69.998	
9	223.500	-69.998	
9	223.600	-69.998	
9	223.700	-69.998	
9	223.800	-69.998	
9	223.900	-69.998	
9	224.000	-69.998	
9	224.100	-69.998	
9	224.200	-69.998	
9	224.300	-69.998	
9	224.400	-69.998	
9	224.500	-69.998	
9	224.600	-69.998	
9	224.700	-69.998	
9	224.800	-69.998	
9	224.900	-69.998	
9	225.000	-69.998	
9	225.100	-69.998	
9	225.200	-69.998	
9	225.300	-69.998	
9	225.400	-69.998	
9	225.500	-69.998	
9	225.600	-69.998	
9	225.700	-69.998	
9	225.800	-69.998	
9	225.900	-69.998	
9	226.000	-69.998	
9	226.100	-69.998	
9	226.200	-69.998	
9	226.300	-69.998	
9	226.400	-69.998	
9	226.500	-69.998	
9	226.600	-69.998	
9	226.700	-69.998	
9	226.800	-69.998	
9	226.900	-69.998	
9	227.000	-69.998	
9	227.100	-69.998	
9	227.200	-69.998	
9	227.300	-69.998	
9	227.400	-69.998	
9	227.500	-69.998	
9	227.600	-69.998	
9	227.700	-69.998	
9	227.800	-69.998	
9	227.900	-69.998	
9	228.000	-69.998	
9	228.100	-69.998	
9	228.200	-69.998	
9	228.300	-69.998	
9	228.400	-69.998	
9	228.500	-69.998	
9	228.600	-69.998	
9	228.700	-69.998	
9	228.800	-69.998	
9	228.900	-69.998	
9	229.000	-69.998	
9	229.100	-69.998	
9	229.200	-69.998	
9	229.300	-69.998	
9	229.400	-69.998	
9	229.500	-69.998	
9	229.600	-69.998	
9	229.700	-69.998	
9	229.800	-69.998	
9	229.900	-69.998	
9	230.000	-69.998	
9	230.100	-69.998	
9	230.200	-69.998	
9	230.300	-69.998	
9	230.400	-69.998	
9	230.500	-69.998	
9	230.600	-69.998	
9	230.700	-69.998	
9	230.800	-69.998	
9	230.900	-69.998	
9	231.000	-69.998	
9	231.100	-69.998	
9	231.200	-69.998	
9	231.300	-69.998	
9	231.400	-69.998	
9	231.500	-69.998	
9	231.600	-69.998	
9	231.700	-69.998	
9	231.800	-69.998	
9	231.900	-69.998	
9	232.000	-69.998	
9	232.100	-69.998	
9	232.200	-69.998	
9	232.300	-69.998	
9	232.400	-69.998	
9	232.500	-69.998	
9	232.600	-69.998	
9	232.700	-69.998	
9	232.800	-69.998	
9	232.900	-69.998	
9	233.000	-69.998	
9	233.100	-69.998	
9	233.200	-69.998	
9	233.300	-69.998	
9	233.400	-69.998	
9	233.500	-69.998	
9	233.600	-69.998	
9	233.700	-69.998	
9	233.800	-69.998	
9	233.900	-69.998	
9	234.000	-69.998	
9	234.100	-69.998	
9	234.200	-69.998	
9	234.300	-69.998	
9	234.400	-69.998	
9	234.500	-69.998	
9	234.600	-69.998	
9	234.700	-69.998	
9	234.800	-69.998	
9	234.900	-69.998	
9	235.000	-69.998	
9	235.100	-69.998	
9	235.200	-69.998	
9	235.300	-69.998	
9	235.400	-69.998	
9	235.500	-69.998	
9	235.600	-69.998	
9	235.700	-69.998	
9	235.800	-69.998	
9	235.900	-69.998	
9	236.000	-69.998	
9	236.100	-69.998	
9	236.200	-69.998	
9	236.300	-69.998	
9	236.400	-69.998	
9	236.500	-69.998	
9	236.600	-69.998	
9	236.700	-69.998	
9	236.800	-69.998	
9	236.900	-69.998	
9	237.000	-69.998	
9	237.100	-69.998	
9	237.200	-69.998	
9	237.300	-69.998	
9	237.400	-69.998	
9	237.500	-69.998	
9	237.600	-69.998	
9	237.700	-69.998	
9	237.800	-69.998	
9	237.900	-69.998	
9	238.000	-69.998	
9	238.100	-69.998	
9	238.200	-69.998	
9	238.300	-69.998	
9	238.400	-69.998	
9	238.500	-69.998	
9	238.600	-69.998	
9	238.700	-69.998	
9	238.800	-69.998	
9	238.900	-69.998	
9	239.000	-69.998	
9	239.100	-69.998	
9	239.200	-69.998	
9	239.300	-69.998	
9	239.400	-69.998	
9	239.500	-69.998	
9	239.600	-69.998	
9	239.700	-69.998	
9	239.800	-69.998	
9	239.900	-69.998	
9	240.000	-69.998	
9	240.100	-69.998	
9	240.200	-69.998	
9	240.300	-69.998	
9	240.400	-69.998	
9	240.500	-69.998	
9	240.600	-69.998	
9	240.700	-69.998	
9	240.800	-69.998	
9	240.900	-69.998	
9	241.000	-69.998	
9	241.100	-69.998	
9	241.200	-69.998	
9	241.300	-69.998	
9	241.400	-69.998	
9	241.500	-69.998	
9	241.600	-69.998	
9	241.700	-69.998	
9	241.800	-69.998	
9	241.900	-69.998	
9	242.000	-69.998	
9	242.100	-69.998	
9	242.200	-69.998	
9	242.300	-69.998	
9	242.400	-69.998	
9	242.500	-69.998	
9	242.600	-69.998	
9	242.700	-69.998	
9	242.800	-69.998	
9	242.900	-69.998	
9	243.000	-69.998	
9	243.100	-69.998	
9	243.200	-69.998	
9	243.300	-69.998	
9	243.400	-69.998	
9	243.500	-69.998	
9	243.600	-69.998	
9	243.700	-69.998	
9	243.800	-69.998	
9	243.900	-69.998	
9	244.000	-69.998	
9	244.100	-69.998	
9	244.200	-69.998	
9	244.300	-69.998	
9	244.400	-69.998	
9	244.500	-69.998	
9	244.600	-69.998	
9	244.700	-69.998	
9	244.800	-69.998	
9	244.900	-69.998	
9	245.000	-69.998	
9	245.100	-69.998	
9	245.200	-69.998	
9	245.300	-69.998	
9	245.400	-69.998	
9	245.500	-69.998	
9	245.600	-69.998	
9	245.700	-69.998	
9	245.800	-69.998	
9	245.900	-69.998	
9	246.000	-69.998	
9	246.100	-69.998	
9	246.200	-69.998	
9	246.300	-69.998	
9	246.400	-69.998	
9	246.500	-69.998	
9	246.600	-69.998	
9	246.700	-69.998	
9	246.800	-69.998	
9	246.900	-69.998	
9	247.000	-69.998	
9	247.100	-69.998	
9	247.200	-69.998	
9	247.300	-69.998	
9	247.400	-69.998	
9	247.500	-69.998	
9	247.600	-69.998	
9	247.700	-69.998	
9	247.800	-69.998	
9	247.900	-69.998	
9	248.000	-69.998	
9	248.100	-69.998	
9	248.200	-69.998	
9	248.300	-69.998	
9	248.400	-69.998	
9	248.500	-69.998	
9	248.600	-69.998	
9	248.700	-69.998	
9	248.800	-69.998	
9	248.900	-69.998	
9	249.000	-69.998	
9	249.100	-69.998	
9	249.200	-69.998	
9	249.300	-69.998	
9	249.400	-69.998	
9	249.500	-69.998	
9	249.600	-69.998	
9	249.700	-69.998	
9	249.800	-69.998	
9	249.900	-69.998	
9	250.000	-69.998	
9	250.100	-69.998	
9	250.200	-69.998	
9	250.300	-69.998	
9	250.400	-69.998	
9	250.500	-69.998	
9	250.600	-69.998	
9	250.700	-69.998	
9	250.800	-69.998	
9	250.900	-69.998	
9	251.000	-69.998	
9	251.100	-69.998	
9	251.200	-69.998	
9	251.300	-69.998	
9	251.400	-69.998	
9	251.500	-69.998	
9	251.600	-69.998	
9	251.700	-69.998	
9	251.800	-69.998	
9	251.900	-69.998	
9	252.000	-69.998	
9	252.100	-69.998	
9	252.200	-69.998	
9	252.300	-69.998	
9	252.400	-69.998	
9	252.500	-69.998	
9	252.600	-69.998	
9	252.700	-69.998	
9	252.800	-69.998	
9	252.900	-69.998	
9	253.000	-69.998	
9	253.100	-69.998	
9	253.200	-69.998	
9	253.300	-69.998	
9	253.400	-69.998	
9	253.500	-69.998	
9	253.600	-69.998	
9	253.700	-69.998	
9	253.800	-69.998	
9	253.900	-69.998	
9	254.000	-69.998	
9	254.100	-69.998	
9	254.200	-69.998	
9	254.300	-69.998	
9	254.400	-69.998	
9	254.500	-69.998	
9	254.600	-69.998	
9	254.700	-69.998	
9	254.800	-69.998	
9	254.900	-69.998	
9	255.000	-69.998	
9	255.100	-69.998	
9	255.200	-69.998	
9	255.300	-69.998	
9	255.400	-69.998	
9	255.500	-69.998	
9	255.600	-69.998	
9	255.700	-69.998	
9	255.800	-69.998	
9	255.900	-69.998	
9	256.000	-69.998	
9	256.100	-69.998	
9	256.200	-69.998	
9	256.300	-69.998	
9	256.400	-69.998	
9	256.500	-69.998	
9	256.600	-69.998	
9	256.700	-69.998	
9	256.800	-69.998	
9	256.900	-69.998	
9	257.000	-69.998	
9	257.100	-69.998	
9	257.200	-69.998	
9	257.300	-69.998	
9	257.400	-69.998	
9	257.500	-69.998	
9	257.600	-69.998	
9	257.700	-69.998	
9	257.800	-69.998	
9	257.900	-69.998	
9	258.000	-69.998	
9	258.100	-69.998	
9	258.200	-69.998	
9	258.300	-69.998	
9	258.400	-69.998	
9	258.500	-69.998	
9	258.600	-69.998	
9	258.700	-69.998	
9	258.800	-69.998	
9	258.900	-69.998	
9	259.000	-69.998	
9	259.100	-69.998	
9	259.200	-69.998	
9	259.300	-69.998	
9	259.400	-69.998	
9	259.500	-69.998	
9	259.600	-69.998	
9	259.700	-69.998	
9	259.800	-69.998	
9	259.900	-69.998	
9	260.000	-69.998	
9	260.100	-69.998	
9	260.200	-69.998	
9	260.300	-69.998	
9	260.400	-69.998	
9	260.500	-69.998	
9	260.600	-69.998	
9	260.700	-69.998	
9	260.800	-69.998	
9	260.900	-69.998	
9	261.000	-69.998	
9	261.100	-69.998	
9	261.200	-69.998	
9	261.300	-69.998	
9	261.400	-69.998	
9	261.500	-69.998	
9	261.600	-69.998	
9	261.700	-69.998	
9	261.800	-69.998	
9	261.900	-69.998	
9	262.000	-69.998	
9	262.100	-69.998	
9	262.200	-69.998	
9	262.300	-69.998	
9	262.400	-69.998	
9	262.500	-69.998	
9	262.600	-69.998	
9	262.700	-69.998	
9	262.800	-69.998	
9	262.900	-69.998	
9	263.000	-69.998	
9	263.100	-69.998	
9	263.200	-69.998	
9	263.300	-69.998	
9	263.400	-69.998	
9	263.500	-69.998	
9	263.600	-69.998	
9	263.700	-69.998	
9	263.800	-69.998	
9	263.900	-69.998	
9	264.000	-69.998	
9	264.100	-69.998	
9	264.200	-69.998	
9	264.300	-69.998	
9	264.400	-69.998	
9	264.500	-69.998	
9	264.600	-69.998	
9	264.700	-69.998	
9	264.800	-69.998	
9	264.900	-69.998	
9	265.000	-69.998	
9	265.100	-69.998	
9	265.200	-69.998	
9	265.300	-69.998	
9	265.400	-69.998	
9	265.500	-69.998	
9	265.600	-69.998	
9	265.700	-69.998	
9	265.800	-69.998	
9	265.900	-69.998	
9	266.000	-69.998	
9	266.100	-69.998	
9	266.200	-69.998	
9	266.300	-69.998	
9	266.400	-69.998	
9	266.500	-69.998	
9	266.600	-69.998	
9	266.700	-69.998	
9	266.800	-69.998	
9	266.900	-69.998	
9	267.000	-69.998	
9	267.100	-69.998	
9	267.200	-69.998	
9	267.300	-69.998	
9	267.400	-69.998	
9	267.500	-69.998	
9	267.600	-69.998	
9	267.700	-69.998	
9	267.800	-69.998	
9	267.900	-69.998	
9	268.000	-69.998	
9	268.100	-69.998	
9	268.200	-69.998	
9	268.300	-69.998	
9	268.400	-69.998	
9	268.500	-69.998	
9	268.600	-69.998	
9	268.700	-69.998	
9	268.800	-69.998	
9	268.900	-69.998	
9	269.000	-69.998	
9	269.100	-69.998	
9	269.200	-69.998	
9	269.300	-69.998	
9	269.400	-69.998	
9	269.500	-69.998	
9	269.600	-69.998	
9	269.700	-69.998	
9	269.800	-69.998	
9	269.900	-69.998	
9	270.000	-69.998	
9	270.100	-69.998	
9	270.200	-69.998	
9	270.300	-69.998	
9	270.400	-69.998	
9	270.500	-69.998	
9	270.600	-69.998	
9	270.700	-69.998	
9	270.800	-69.998	
9	270.900	-69.998	
9	271.000	-69.998	
9	271.100	-69.998	
9	271.200	-69.998	
9	271.300	-69.998	
9	271.400	-69.998	
9	271.500	-69.998	
9	271.600	-69.998	
9	271.700	-69.998	
9	271.800	-69.998	
9	271.900	-69.998	
9	272.000	-69.998	
9	272.100	-69.998	
9	272.200	-69.998	
9	272.300	-69.998	
9	272.400	-69.998	
9	272.500	-69.998	
9	272.600	-69.998	
9	272.700	-69.998	
9	272.800	-69.998	
9	272.900	-69.998	
9	273.000	-69.998	
9	273.100	-69.998	
9	273.200	-69.998	
9	273.300	-69.998	
9	273.400	-69.998	
9	273.500	-69.998	
9	273.600	-69.998	
9	273.700	-69.998	
9	273.800	-69.998	
9	273.900	-69.998	
9	274.000	-69.998	
9	274.100	-69.998	
9	274.200	-69.998	
9	274.300	-69.998	
9	274.400	-69.998	
9	274.500	-69.998	
9	274.600	-69.998	
9	274.700	-69.998	
9	274.800	-69.998	
9	274.900	-69.998	
9	275.000	-69.998	
9	275.100	-69.998	
9	275.200	-69.998	
9	275.300	-69.998	
9	275.400	-69.998	
9	275.500	-69.998	
9	275.600	-69.998	
9	275.700	-69.998	
9	275.800	-69.998	
9	275.900	-69.998	
9	276.000	-69.998	
9	276.100	-69.998	
9	276.200	-69.998	
9	276.300	-69.998	
9	276.400	-69.998	
9	276.500	-69.998	
9	276.600	-69.998	
9	276.700	-69.998	
9	276.800	-69.998	
9	276.900	-69.998	
9	277.000	-69.998	
9	277.100	-69.998	
9	277.200	-69.998	
9	277.300	-69.998	
9	277.400	-69.998	
9	277.500	-69.998	
9	277.600	-69.998	
9	277.700	-69.998	
9	277.800	-69.998	
9	277.900	-69.998	
9	278.000	-69.998	
9	278.100	-69.998	
9	278.200	-69.998	
9	278.300	-69.998	
9	278.400	-69.998	
9	278.500	-69.998	
9	278.600	-69.998	
9	278.700	-69.998	
9	278.800	-69.998	
9	278.900	-69.998	
9	279.000	-69.998	
9	279.100	-69.998	
9	279.200	-69.998	
9	279.300	-69.998	
9	279.400	-69.998	
9	279.500	-69.998	
9	279.600	-69.998	
9	279.700	-69.998	
9	279.800	-69.998	
9	279.900	-69.998	
9	280.000	-69.998	
9	280.100	-69.998	
9	280.200	-69.998	
9	280.300	-69.998	
9	280.400	-69.998	
9	280.500	-69.998	
9	280.600	-69.998	
9	280.700	-69.998	
9	280.800	-69.998	
9	280.900	-69.998	
9	281.000	-69.998	
9	281.100	-69.998	
9	281.200	-69.998	
9	281.300	-69.998	
9	281.400	-69.998	
9	281.500	-69.998	
9	281.600	-69.998	
9	281.700	-69.998	
9	281.800	-69.998	
9	281.900	-69.998	
9	282.000	-69.998	
9	282.100	-69.998	
9	282.200	-69.998	
9	282.300	-69.998	
9	282.400	-69.998	
9	282.500	-69.998	
9	282.600	-69.998	
9	282.700	-69.998	
9	282.800	-69.998	
9	282.900	-69.998	
9	283.000	-69.998	
9	283.100	-69.998	
9	283.200	-69.998	
9	283.300	-69.998	
9	283.400	-69.998	
9	283.500	-69.998	
9	283.600	-69.998	
9	283.700	-69.998	
9	283.800	-69.998	
9	283.900	-69.998	
9	284.000	-69.998	
9	284.100	-69.998	
9	284.200	-69.998	
9	284.300	-69.998	
9	284.400	-69.998	
9	284.500	-69.998	
9	284.600	-69.998	
9	284.700	-69.998	
9	284.800	-69.998	
9	284.900	-69.998	
9	285.000	-69.998	
9	285.100	-69.998	
9	285.200	-69.998	
9	285.300	-69.998	
9	285.400	-69.998	
9	285.500	-69.998	
9	285.600	-69.998	
9	285.700	-69.998	
9	285.800	-69.998	
9	285.900	-69.998	
9	286.000	-69.998	
9	286.100	-69.998	
9	286.200	-69.998	
9	286.300	-69.998	
9	286.400	-69.998	
9	286.500	-69.998	
9	286.600	-69.998	
9	286.700	-69.998	
9	286.800	-69.998	
9	286.900	-69.998	
9	287.000	-69.998	
9	287.100	-69.998	
9	287.200	-69.998	
9	287.300	-69.998	
9	287.400	-69.998	
9	287.500	-69.998	
9	287.600	-69.998	
9	287.700	-69.998	
9	287.800	-69.998	
9	287.900	-69.998	
9	288.000	-69.998	
9	288.100	-69.998	
9	288.200	-69.998	
9	288.300	-69.998	
9	288.400	-69.998	
9	288.500	-69.998	
9	288.600	-69.998	
9	288.700	-69.998	
9	288.800	-69.998	
9	288.900	-69.998	
9	289.000	-69.998	
9	289.100	-69.998	
9	289.200	-69.998	
9	289.300	-69.998	
9	289.400	-69.998	
9	289.500	-69.998	
9	289.600	-69.998	
9	289.700	-69.998	
9	289.800	-69.998	
9	289.900	-69.998	
9	290.000	-69.998	
9	290.100	-69.998	
9	290.200	-69.998	
9	290.300	-69.998	
9	290.400	-69.998	
9	290.500	-69.998	
9	290.600	-69.998	
9	290.700	-69.998	
9	290.800	-69.998	
9	290.900	-69.998	
9	291.000	-69.998	
9	291.100	-69.998	
9	291.200	-69.998	
9	291.300	-69.998	
9	291.400	-69.998	
9	291.500	-69.998	
9	291.600	-69.998	
9	291.700	-69.998	
9	291.800	-69.998	
9	291.900	-69.998	
9	292.000	-69.998	
9	292.100	-69.998	
9	292.200	-69.998	
9	292.300	-69.998	
9	292.400	-69.998	
9	292.500	-69.998	
9	292.600	-69.998	
9	292.700	-69.998	
9	292.800	-69.998	
9	292.900	-69.998	
9	293.000	-69.998	
9	293.100	-69.998	
9	293.200	-69.998	
9	293.300	-69.998	
9	293.400	-69.998	
9	293.500	-69.998	
9	293.600	-69.998	
9	293.700	-69.998	
9	293.800	-69.998	
9	293.900	-69.998	
9	294.000	-69.998	
9	294.100	-69.998	
9	294.200	-69.998	
9	294.300	-69.998	
9	294.400	-69.998	
9	294.500	-69.998	
9	294.600	-69.998	
9	294.700	-69.998	
9	294.800	-69.998	
9	294.900	-69.998	
9	295.000	-69.998	
9	295.100	-69.998	
9	295.200	-69.998	
9	295.300	-69.998	
9	295.400	-69.998	
9	295.500	-69.998	
9	295.600	-69.998	
9	295.700	-69.998	
9	295.800	-69.998	
9	295.900	-69.998	
9	296.000	-69.998	
9	296.100	-69.998	
9	296.200	-69.998	
9	296.300	-69.998	
9	296.400	-69.998	
9	296.500	-69.998	
9	296.600	-69.998	
9	296.700	-69.998	
9	296.800	-69.998	
9	296.900	-69.998	
9	297.000	-69.998	
9	297.100	-69.998	
9	297.200	-69.998	
9	297.300	-69.998	
9	297.400	-69.998	
9	297.500	-69.998	
9	297.600	-69.998	
9	297.700	-69.998	
9	297.800	-69.998	
9	297.900	-69.998	
9	298.000	-69.998	
9	298.100	-69.998	
9	298.200	-69.998	
9	298.300	-69.998	
9	298.400	-69.998	
9	298.500	-69.998	
9	298.600	-69.998	
9	298.700	-69.998	
9	298.800	-69.998	
9	298.900	-69.998	
9	299.000	-69.998	
9	299.100	-69.998	
9	299.200	-69.998	
9	299.300	-69.998	
9	299.400	-69.998	
9	299.500	-69.998	
9	299.600	-69.998	
9	299.700	-69.998	
9	299.800	-69.998	
9	299.900	-69.998	
9	300.000	-69.998	
9	300.100	-69.998	
9	300.200	-69.998	
9	300.300	-69.998	
9	300.400	-69.998	
9	300.500	-69.998	
9	300.600	-69.998	
9	300.700	-69.998	
9	300.800	-69.998	
9	300.900	-69.998	
9	301.000	-69.998	
9	301.100	-69.998	
9	301.200	-69.998	
9	301.300	-69.998	
9	301.400	-69.998	
9	301.500	-69.998	
9	301.600	-69.998	
9	301.700	-69.998	
9	301.800	-69.998	
9	301.900	-69.998	
9	302.000	-69.998	
9	302.100	-69.998	
9	302.200	-69.998	
9	302.300	-69.998	
9	302.400	-69.998	
9	302.500	-69.998	
9	302.600	-69.998	
9	302.700	-69.998	
9	302.800	-69.998	
9	302.900	-69.998	
9	303.000	-69.998	
9	303.100	-69.998	
9	303.200	-69.998	
9	303.300	-69.998	
9	303.400	-69.998	
9	303.500	-69.998	
9	303.600	-69.998	
9	303.700	-69.998	
9	303.800	-69.998	
9	303.900	-69.998	
9	304.000	-69.998	
9	304.100	-69.998	
9	304.200	-69.998	
9	304.300	-69.998	
9	304.400	-69.998	
9	304.500	-69.998	
9	304.600	-69.998	
9	304.700	-69.998	
9	304.800	-69.998	
9	304.900	-69.998	
9	305.000	-69.998	
9	305.100	-69.998	
9	305.200	-69.998	
9	305.300	-69.998	
9	305.400	-69.998	
9	305.500	-69.998	
9	305.600	-69.998	
9	305.700	-69.998	
9	305.800	-69.998	
9	305.900	-69.998	
9	306.000	-69.998	
9	306.100	-69.998	
9	306.200	-69.998	
9	306.300	-69.998	
9	306.400	-69.998	
9	306.500	-69.998	
9	306.600	-69.998	
9	306.700	-69.998	
9	306.800	-69.998	
9	306.900	-69.998	
9	307.000	-69.998	
9	307.100	-69.998	
9	307.200	-69.998	
9	307.300	-69.998	
9	307.400	-69.998	
9	307.500	-69.998	
9	307.600	-69.998	
9	307.700	-69.998	
9	307.800	-69.998	
9	307.900	-69.998	
9	308.000	-69.998	
9	308.100	-69.998	
9	308.200	-69.998	
9	308.300	-69.998	
9	308.400	-69.998	
9	308.500	-69.998	
9	308.600	-69.998	
9	308.700	-69.998	
9	308.800	-69.998	
9	308.900	-69.998	
9	309.000	-69.998	
9	309.100	-69.998	
9	309.200	-69.998	
9	309.300	-69.998	
9	309.400	-69.998	
9	309.500	-69.998	
9	309.600	-69.998	
9	309.700	-69.998	
9	309.800	-69.998	
9	309.900	-69.998	
9	310.000	-69.998	
9	310.100	-69.998	
9	310.200	-69.998	
9	310.300	-69.998	
9	310.400	-69.998	
9	310.500	-69.998	
9	310.600	-69.998	
9	310.700	-69.998	
9	310.800	-69.998	
9	310.900	-69.998	
9	311.000	-69.998	
9	311.100	-69.998	
9	311.200	-69.998	
9	311.300	-69.998	
9	311.400	-69.998	
9	311.500	-69.998	
9	311.600	-69.998	
9	311.700	-69.998	
9	311.800	-69.998	
9	311.900	-69.998	
9	312.000	-69.998	
9	312.100	-69.998	
9	312.200	-69.998	
9	312.300	-69.998	
9	312.400	-69.998	
9	312.500	-69.998	
9	312.600	-69.998	
9	312.700	-69.998	
9	312.800	-69.998	
9	312.900	-69.998	
9	313.000	-69.998	
9	313.100	-69.998	
9	313.200	-69.998	
9	313.300	-69.998	
9	313.400	-69.998	
9	313.500	-69.998	
9	313.600	-69.998	
9	313.700	-69.998	
9	313.800	-69.998	
9	313.900	-69.998	
9	314.000	-69.998	
9	314.100	-69.998	
9	314.200	-69.998	
9	314.300	-69.998	
9	314.400	-69.998	
9	314.500	-69.998	
9	314.600	-69.998	
9	314.700	-69.998	
9	314.800	-69.998	
9	314.900	-69.998	
9	315.000	-69.998	
9	315.100	-69.998	
9	315.200	-69.998	
9	315.300	-69.998	
9	315.400	-69.998	
9	315.500	-69.998	
9	315.600	-69.998	
9	315.700	-69.998	
9	315.800	-69.998	
9	315.900	-69.998	
9	316.000	-69.998	
9	316.100	-69.998	
9	316.200	-69.998	
9	316.300	-69.998	
9	316.400	-69.998	
9	316.500	-69.998	
9	316.600	-69.998	
9	316.700	-69.998	
9	316.800	-69.998	
9	316.900	-69.998	
9	317.000	-69.998	
9	317.100	-69.998	
9	317.200	-69.998	
9	317.300	-69.998	
9	317.400	-69.998	
9	317.500	-69.998	
9	317.600	-69.998	
9	317.700	-69.998	
9	317.800	-69.998	
9	317.900	-69.998	
9	318.000	-69.998	
9	318.100	-69.998	
9	318.200	-69.998	
9	318.300	-69.998	
9	318.400	-69.998	
9	318.500	-69.998	
9	318.600	-69.998	
9	318.700	-69.998	
9	318.800	-69.998	
9	318.900	-69.998	
9	319.000	-69.998	
9	319.100	-69.998	
9	319.200	-69.998	
9	319.300	-69.998	
9	319.400	-69.998	
9	319.500	-69.998	
9	319.600	-69.998	
9	319.700	-69.998	
9	319.800	-69.998	
9	319.900	-69.998	
9	320.000	-69.998	
9	320.100	-69.998	
9	320.200	-69.998	
9	320.300	-69.998	
9	320.400	-69.998	
9	320.500	-69.998	
9	320.600	-69.998	
9	320.700	-69.998	
9	320.800	-69.998	
9	320.900	-69.998	
9	321.000	-69.998	
9	321.100	-69.998	
9	321.200	-69.998	
9	321.300	-69.998	
9	321.400	-69.998	
9	321.500	-69.998	
9	321.600	-69.998	
9	321.700	-69.998	
9	321.800	-69.998	
9	321.900	-69.998	
9	322.000	-69.998	
9	322.100	-69.998	
9	322.200	-69.998	
9	322.300	-69.998	
9	322.400	-69.998	
9	322.500	-69.998	
9	322.600	-69.998	
9	322.700	-69.998	
9	322.800	-69.998	
9	322.900	-69.998	
9	323.000	-69.998	
9	323.100	-69.998	
9	323.200	-69.998	
9	323.300	-69.998	
9	323.400	-69.998	
9	323.500	-69.998	
9	323.600	-69.998	
9	323.700	-69.998	
9	323.800	-69.998	
9	323.900	-69.998	
9	324.000	-69.998	
9	324.100	-69.998	
9	324.200	-69.998	
9	324.300	-69.998	
9	324.400	-69.998	
9	324.500	-69.998	
9	324.600	-69.998	
9	324.700	-69.998	
9	324.800	-69.998	
9	324.900	-69.998	
9	325.000	-69.998	
9	325.100	-69.998	
9	325.200	-69.998	
9	325.300	-69.998	
9	325.400	-69.998	
9	325.500	-69.998	
9	325.600	-69.998	
9	325.700	-69.998	
9	325.800	-69.998	
9	325.900	-69.998	
9	326.000	-69.998	
9	326.100	-69.998	
9	326.200	-69.998	
9	326.300	-69.998	
9	326.400	-69.998	
9	326.500	-69.998	
9	326.600	-69.998	
9	326.700	-69.998	
9	326.800	-69.998	
9	326.900	-69.998	
9	327.000	-69.998	
9	327.100	-69.998	
9	327.200	-69.998	
9	327.300	-69.998	
9	327.400	-69.998	
9	327.500	-69.998	
9	327.600	-69.998	
9	327.700	-69.998	
9	327.800	-69.998	
9	327.900	-69.998	
9	328.000	-69.998	
9	328.100	-69.998	
9	328.200	-69.998	
9	328.300	-69.998	
9	328.400	-69.998	
9	328.500	-69.998	
9	328.600	-69.998	
9	328.700	-69.998	
9	328.800	-69.998	
9	328.900	-69.998	
9	329.000	-69.998	
9	329.100	-69.998	
9	329.200	-69.998	
9	329.300	-69.998	
9	329.400	-69.998	
9	329.500	-69.998	
9	329.600	-69.998	
9	329.700	-69.998	
9	329.800	-69.998	
9	329.900	-69.998	
9	330.000	-69.998	
9	330.100	-69.998	
9	330.200	-69.998	
9	330.300	-69.998	
9	330.400	-69.998	
9	330.500	-69.998	
9	330.600	-69.998	
9	330.700	-69.998	
9	330.800	-69.998	
9	330.900	-69.998	
9	331.000	-69.998	
9	331.100	-69.998	
9	331.200	-69.998	
9	331.300	-69.998	
9	331.400	-69.998	
9	331.500	-69.998	
9	331.600	-69.998	
9	331.700	-69.998	
9	331.800	-69.998	
9	331.900	-69.998	
9	332.000	-69.998	
9	332.100	-69.998	
9	332.200	-69.998	
9	332.300	-69.998	
9	332.400	-69.998	
9	332.500	-69.998	
9	332.600	-69.998	
9	332.700	-69.998	
9	332.800	-69.998	
9	332.900	-69.998	
9	333.000	-69.998	
9	333.100	-69.998	
9	333.200	-69.998	
9	333.300	-69.998	
9	333.400	-69.998	
9	333.500	-69.998	
9	333.600	-69.998	
9	333.700	-69.998	
9	333.800	-69.998	
9	333.900	-69.998	
9	334.000	-69.998	
9	334.100	-69.998	
9	334.200	-69.998	
9	334.300	-69.998	
9	334.400	-69.998	
9	334.500	-69.998	
9	334.600	-69.998	
9	334.700	-69.998	
9	334.800	-69.998	
9	334.900	-69.998	
9	335.000	-69.998	
9	335.100	-69.998	
9	335.200	-69.998	
9	335.300	-69.998	
9	335.400	-69.998	
9	335.500	-69.998	
9	335.600	-69.998	
9	335.700	-69.998	
9	335.800	-69.998	
9	335.900	-69.998	
9	336.000	-69.998	
9	336.100	-69.998	
9	336.200	-69.998	
9	336.300	-69.998	
9	336.400	-69.998	
9	336.500	-69.998	
9	336.600	-69.998	
9	336.700	-69.998	
9	336.800	-69.998	
9	336.900	-69.998	
9	337.000	-69.998	
9	337.100	-69.998	
9	337.200	-69.998	
9	337.300	-69.998	
9	337.400	-69.998	
9	337.500	-69.998	
9	337.600	-69.998	
9	337.700	-69.998	
9	337.800	-69.998	
9	337.900	-69.998	
9	338.000	-69.998	
9	338.100	-69.998	
9	338.200	-69.998	
9	338.300	-69.998	
9	338.400	-69.998	
9	338.500	-69.998	
9	338.600	-69.998	
9	338.700	-69.998	
9	338.800	-69.998	
9	338.900	-69.998	
9	339.000	-69.998	
9	339.100	-69.998	
9	339.200	-69.998	
9	339.300	-69.998	
9	339.400	-69.998	
9	339.500	-69.998	
9	339.600	-69.998	
9	339.700	-69.998	
9	339.800	-69.998	
9	339.900	-69.998	
9	340.000	-69.998	
9	340.100	-69.998	
9	340.200	-69.998	
9	340.300	-69.998	
9	340.400	-69.998	
9	340.500	-69.998	
9	340.600	-69.998	
9	340.700	-69.998	
9	340.800	-69.998	
9	340.900	-69.998	
9	341.000	-69.998	
9	341.100	-69.998	
9	341.200	-69.998	
9	341.300	-69.998	
9	341.400	-69.998	
9	341.500	-69.998	
9	341.600	-69.998	
9	341.700	-69.998	
9	341.800	-69.998	
9	341.900	-69.998	
9	342.000	-69.998	
9	342.100	-69.998	
9	342.200	-69.998	
9	342.300	-69.998	
9	342.400	-69.998	
9	342.500	-69.998	
9	342.600	-69.998	
9	342.700	-69.998	
9	342.800	-69.998	
9	342.900	-69.998	
9	343.000	-69.998	
9	343.100	-69.998	
9	343.200	-69.998	
9	343.300	-69.998	
9	343.400	-69.998	
9	343.500	-69.998	
9	343.600	-69.998	
9	343.700	-69.998	
9	343.800	-69.998	
9	343.900	-69.998	
9	344.000	-69.998	
9	344.100	-69.998	
9	344.200	-69.998	
9	344.300	-69.998	
9	344.400	-69.998	
9	344.500	-69.998	
9	344.600	-69.998	
9	344.700	-69.998	
9	344.800	-69.998	
9	344.900	-69.998	
9	345.000	-69.998	
9	345.100	-69.998	
9	345.200	-69.998	
9	345.300	-69.998	
9	345.400	-69.998	
9	345.500	-69.998	
9	345.600	-69.998	
9	345.700	-69.998	
9	345.800	-69.998	
9	345.900	-69.998	
9	346.000	-69.998	
9	346.100	-69.998	
9	346.200	-69.998	
9	346.300	-69.998	
9	346.400	-69.998	
9	346.500	-69.998	
9	346.600	-69.998	
9	346.700	-69.998	
9	346.800	-69.998	
9	346.900	-69.998	
9	347.000	-69.998	
9	347.100	-69.998	
9	347.200	-69.998	
9	347.300	-69.998	
9	347.400	-69.998	
9	347.500	-69.998	
9	347.600	-69.998	
9	347.700	-69.998	
9	347.800	-69.998	
9	347.900	-69.998	
9	348.000	-69.998	
9	348.100	-69.998	
9	348.200	-69.998	
9	348.300	-69.998	
9	348.400	-69.998	
9	348.500	-69.998	
9	348.600	-69.998	
9	348.700	-69.998	
9	348.800	-69.998	
9	348.900	-69.998	
9	349.000	-69.998	
9	349.100	-69.998	
9	349.200	-69.998	
9	349.300	-69.998	
9	349.400	-69.998	
9	349.500	-69.998	
9	349.600	-69.998	
9	349.700	-69.998	
9	349.800	-69.998	
9	349.900	-69.998	
9	350.000	-69.998	
9	350.100	-69.998	
9	350.200	-69.998	
9	350.300	-69.998	
9	350.400	-69.998	
9	350.500	-69.998	
9	350.600	-69.998	
9	350.700	-69.998	
9	350.800	-69.998	
9	350.900	-69.998	
9	351.000	-69.998	
9	351.100	-69.998	
9	351.200	-69.998	
9	351.300	-69.998	
9	351.400	-69.998	
9	351.500	-69.998	
9	351.600	-69.998	
9	351.700	-69.998	
9	351.800	-69.998	
9	351.900	-69.998	
9	352.000	-69.998	
9	352.100	-69.998	
9	352.200	-69.998	
9	352.300	-69.998	
9	352.400	-69.998	
9	352.500	-69.998	
9	352.600	-69.998	
9	352.700	-69.998	
9	352.800	-69.998	
9	352.900	-69.998	
9	353.000	-69.998	
9	353.100	-69.998	
9	353.200	-69.998	
9	353.300	-69.998	
9	353.400	-69.998	
9	353.500	-69.998	
9	353.600	-69.998	
9	353.700	-69.998	
9	353.800	-69.998	
9	353.900	-69.998	
9	354.000	-69.998	
9	354.100	-69.998	
9	354.200	-69.998	
9	354.300	-69.998	
9	354.400	-69.998	
9	354.500	-69.998	
9	354.600	-69.998	
9	354.700	-69.998	
9	354.800	-69.998	
9	354.900	-69.998	
9	355.000	-69.998	
9	355.100	-69.998	
9	355.200	-69.998	
9	355.300	-69.998	
9	355.400	-69.998	
9	355.500	-69.998	
9	355.600	-69.998	
9	355.700	-69.998	
9	355.800	-69.998	
9	355.900	-69.998	
9	356.000	-69.998	
9	356.100	-69.998	
9	356.200	-69.998	
9	356.300	-69.998	
9	356.400	-69.998	
9	356.500	-69.998	
9	356.600	-69.998	
9	356.700	-69.998	
9	356.800	-69.998	
9	356.900	-69.998	
9	357.000	-69.998	
9	357.100	-69.998	
9	357.200	-69.998	
9	357.300	-69.998	
9	357.400	-69.998	
9	357.500	-69.998	
9	357.600	-69.998	
9	357.700	-69.998	
9	357.800	-69.998	
9	357.900	-69.998	
9	358.000	-69.998	
9	358.100	-69.998	
9	358.200	-69.998	
9	358.300	-69.998	
9	358.400	-69.998	
9	358.500	-69.998	
9	358.600	-69.998	
9	358.700	-69.998	
9	358.800	-69.998	
9	358.900	-69.998	
9	359.000	-69.998	
9	359.100	-69.998	
9	359.200	-69.998	
9	359.300	-69.998	
9	359.400	-69.998	
9	359.500	-69.998	
9	359.600	-69.998	
9	359.700	-69.998	
9	359.800	-69.998	
9	359.900	-69.998	
9	360.000	-69.998	
9	360.100	-69.998	
9	360.200	-69.998	
9	360.300	-69.998	
9	360.400	-69.998	
9	360.500	-69.998	
9	360.600	-69.998	
9	360.700	-69.998	
9	360.800	-69.998	
9	360.900	-69.998	
9	361.000	-69.998	
9	361.100	-69.998	
9	361.200	-69.998	
9	361.300	-69.998	
9	361.400	-69.998	
9	361.500	-69.998	
9	361.600	-69.998	
9	361.700	-69.998	
9	361.800	-69.998	
9	361.900	-69.998	
9	362.000	-69.998	
9	362.100	-69.998	
9	362.200	-69.998	
9	362.300	-69.998	
9	362.400	-69.998	
9	362.500	-69.998	
9	362.600	-69.998	
9	362.700	-69.998	
9	362.800	-69.998	
9	362.900	-69.998	
9	363.000	-69.998	
9	363.100	-69.998	
9	363.200	-69.998	
9	363.300	-69.998	
9	363.400	-69.998	
9	363.500	-69.998	
9	363.600	-69.998	
9	363.700	-69.998	
9	363.800	-69.998	
9	363.900	-69.998	
9	364.000	-69.998	
9	364.100	-69.998	
9	364.200	-69.998	
9	364.300	-69.998	
9	364.400	-69.998	
9	364.500	-69.998	
9	364.600	-69.998	
9	364.700	-69.998	
9	364.800	-69.998	
9	364.900	-69.998	
9	365.000	-69.998	
9	365.100	-69.998	
9	365.200	-69.998	
9	365.300	-69.998	
9	365.400	-69.998	
9	365.500	-69.998	
9	365.600	-69.998	
9	365.700	-69.998	
9	365.800	-69.998	
9	365.900	-69.998	
9	366.000	-69.998	
9	366.100	-69.998	
9	366.200	-69.998	
9	366.300	-69.998	
9	366.400	-69.998	
9	366.500	-69.998	
9	366.600	-69.998	
9	366.700	-69.998	
9	366.800	-69.998	
9	366.900	-69.998	
9	367.000	-69.998	
9	367.100	-69.998	
9	367.200	-69.998	
9	367.300	-69.998	
9	367.400	-69.998	
9	367.500	-69.998	
9	367.600	-69.998	
9	367.700	-69.998	
9	367.800	-69.998	
9	367.900	-69.998	
9	368.000	-69.998	
9	368.100	-69.998	
9	368.200	-69.998	
9	368.300	-69.998	
9	368.400	-69.998	
9	368.500	-69.998	
9	368.600	-69.998	
9	368.700	-69.998	
9	368.800	-69.998	
9	368.900	-69.998	
9	369.000	-69.998	
9	369.100	-69.998	
9	369.200	-69.998	
9	369.300	-69.998	
9	369.400	-69.998	
9	369.500	-69.998	
9	369.600	-69.998	
9	369.700	-69.998	
9	369.800	-69.998	
9	369.900	-69.998	
9	370.000	-69.998	
9	370.100	-69.998	
9	370.200	-69.998	
9	370.300	-69.998	
9	370.400	-69.998	
9	370.500	-69.998	
9	370.600	-69.998	
9	370.700	-69.998	
9	370.800	-69.998	
9	370.900	-69.998	
9	371.000	-69.998	
9	371.100	-69.998	
9	371.200	-69.998	
9	371.300	-69.998	
9	371.400	-69.998	
9	371.500	-69.998	
9	371.600	-69.998	
9	371.700	-69.998	
9	371.800	-69.998	
9	371.900	-69.998	
9	372.000	-69.998	
9	372.100	-69.998	
9	372.200	-69.998	
9	372.300	-69.998	
9	372.400	-69.998	
9	372.500	-69.998	
9	372.600	-69.998	
9	372.700	-69.998	
9	372.800	-69.998	
9	372.900	-69.998	
9	373.000	-69.998	
9	373.100	-69.998	
9	373.200	-69.998	
9	373.300	-69.998	
9	373.400	-69.998	
9	373.500	-69.998	
9	373.600	-69.998	
9	373.700	-69.998	
9	373.800	-69.998	
9	373.900	-69.998	
9	374.000	-69.998	
9	374.100	-69.998	
9	374.200	-69.998	
9	374.300	-69.998	
9	374.400	-69.998	
9	374.500	-69.998	
9	374.600	-69.998	
9	374.700	-69.998	
9	374.800	-69.998	
9	374.900	-69.998	
9	375.000	-69.998	
9	375.100	-69.998	
9	375.200	-69.998	
9	375.300	-69.998	
9	375.400	-69.998	
9	375.500	-69.998	
9	375.600	-69.998	
9	375.700	-69.998	
9	375.800	-69.998	
9	375.900	-69.998	
9	376.000	-69.998	
9	376.100	-69.998	
9	376.200	-69.998	
9	376.300	-69.998	
9	376.400	-69.998	
9	376.500	-69.998	
9	376.600	-69.998	
9	376.700	-69.998	
9	376.800	-69.998	
9	376.900	-69.998	
9	377.000	-69.998	
9	377.100	-69.998	
9	377.200	-69.998	
9	377.300	-69.998	
9	377.400	-69.998	
9	377.500	-69.998	
9	377.600	-69.998	
9	377.700	-69.998	
9	377.800	-69.998	
9	377.900	-69.998	
9	378.000	-69.998	
9	378.100	-69.998	
9	378.200	-69.998	
9	378.300	-69.998	
9	378.400	-69.998	
9	378.500	-69.998	
9	378.600	-69.998	
9	378.700	-69.998	
9	378.800	-69.998	
9	378.900	-69.998	
9	379.000	-69.998	
9	379.100	-69.998	
9	379.200	-69.998	
9	379.300	-69.998	
9	379.400	-69.998	
9	379.500	-69.998	
9	379.600	-69.998	
9	379.700	-69.998	
9	379.800	-69.998	
9	379.900	-69.998	
9	380.000	-69.998	
9	380.100	-69.998	
9	380.200	-69.998	
9	380.300	-69.998	
9	380.400	-69.998	
9	380.500	-69.998	
9	380.600	-69.998	
9	380.700	-69.998	
9	380.800	-69.998	
9	380.900	-69.998	
9	381.000	-69.998	
9	381.100	-69.998	
9	381.200	-69.998	
9	381.300	-69.998	
9	381.400	-69.998	
9	381.500	-69.998	
9	381.600	-69.998	
9	381.700	-69.998	
9	381.800	-69.998	
9	381.900	-69.998	
9	382.000	-69.998	
9	382.100	-69.998	
9	382.200	-69.998	
9	382.300	-69.998	
9	382.400	-69.998	
9	382.500	-69.998	
9	382.600	-69.998	
9	382.700	-69.998	
9	382.800	-69.998	
9	382.900	-69.998	
9	383.000	-69.998	
9	383.100	-69.998	
9	383.200	-69.998	
9	383.300	-69.998	
9	383.400	-69.998	
9	383.500	-69.998	
9	383.600	-69.998	
9	383.700	-69.998	
9	383.800	-69.998	
9	383.900	-69.998	
9	384.000	-69.998	
9	384.100	-69.998	
9	384.200	-69.998	
9	384.300	-69.998	
9	384.400	-69.998	
9	384.500	-69.998	
9	384.600	-69.998	
9	384.700	-69.998	
9	384.800	-69.998	
9	384.900	-69.998	
9	385.000	-69.998	
9	385.100	-69.998	
9	385.200	-69.998	
9	385.300	-69.998	
9	385.400	-69.998	
9	385.500	-69.998	
9	385.600	-69.998	
9	385.700	-69.998	
9	385.800	-69.998	
9	385.900	-69.998	
9	386.000	-69.998	
9	386.100	-69.998	
9	386.200	-69.998	
9	386.300	-69.998	
9	386.400	-69.998	
9	386.500	-69.998	
9	386.600	-69.998	
9	386.700	-69.998	
9	386.800	-69.998	
9	386.900	-69.998	
9	387.000	-69.998	
9	387.100	-69.998	
9	387.200	-69.998	
9	387.300	-69.998	
9	387.400	-69.998	
9	387.500	-69.998	
9	387.600	-69.998	
9	387.700	-69.998	
9	387.800	-69.998	
9	387.900	-69.998	
9	388.000	-69.998	
9	388.100	-69.998	
9	388.200	-69.998	
9	388.300	-69.998	
9	388.400	-69.998	
9	388.500	-69.998	
9	388.600	-69.998	
9	388.700	-69.998	
9	388.800	-69.998	
9	388.900	-69.998	
9	389.000	-69.998	
9	389.100	-69.998	
9	389.200	-69.998	
9	389.300	-69.998	
9	389.400	-69.998	
9	389.500	-69.998	
9	389.600	-69.998	
9	389.700	-69.998	
9	389.800	-69.998	
9	389.900	-69.998	
9	390.000	-69.998	
9	390.100	-69.998	
9	390.200	-69.998	
9	390.300	-69.998	
9	390.400	-69.998	
9	390.500	-69.998	
9	390.600	-69.998	
9	390.700	-69.998	
9	390.800	-69.998	
9	390.900	-69.998	
9	391.000	-69.998	
9	391.100	-69.998	
9	391.200	-69.998	
9	391.300	-69.998	
9	391.400	-69.998	
9	391.500	-69.998	
9	391.600	-69.998	
9	391.700	-69.998	
9	391.800	-69.998	
9	391.900	-69.998	
9	392.000	-69.998	
9	392.100	-69.998	
9	392.200	-69.998	
9	392.300	-69.998	
9	392.400	-69.998	
9	392.500	-69.998	
9	392.600	-69.998	
9	392.700	-69.998	
9	392.800	-69.998	
9	392.900	-69.998	
9	393.000	-69.998	
9	393.100	-69.998	
9	393.200	-69.998	
9	393.300	-69.998	
9	393.400	-69.998	
9	393.500	-69.998	
9	393.600	-69.998	
9	393.700	-69.998	
9	393.800	-69.998	
9	393.900	-69.998	
9	394.000	-69.998	
9	394.100	-69.998	
9	394.200	-69.998	
9	394.300	-69.998	
9	394.400	-69.998	
9	394.500	-69.998	
9	394.600	-69.998	
9	394.700	-69.998	
9	394.800	-69.998	
9	394.900	-69.998	
9	395.000	-69.998	
9	395.100	-69.998	
9	395.200	-69.998	
9	395.300	-69.998	
9	395.400	-69.998	
9	395.500	-69.998	
9	395.600	-69.998	
9	395.700	-69.998	
9	395.800	-69.998	
9	395.900	-69.998	
9	396.000	-69.998	
9	396.100	-69.998	
9	396.200	-69.998	
9	396.300	-69.998	
9	396.400	-69.998	
9	396.500	-69.998	
9	396.600	-69.998	
9	396.700	-69.998	
9	396.800	-69.998	
9	396.900	-69.998	
9	397.000	-69.998	
9	397.100	-69.998	
9	397.200	-69.998	
9	397.300	-69.998	
9	397.400	-69.998	
9	397.500	-69.998	
9	397.600	-69.998	
9	397.700	-69.998	
9	397.800	-69.998	
9	397.900	-69.998	
9	398.000	-69.998	
9	398.100	-69.998	
9	398.200	-69.998	
9	398.300	-69.998	
9	398.400	-69.998	
9	398.500	-69.998	
9	398.600	-69.998	
9	398.700	-69.998	
9	398.800	-69.998	
9	398.900	-69.998	
9	399.000	-69.998	
9	399.100	-69.998	
9	399.200	-69.998	
9	399.300	-69.998	
9	399.400	-69.998	
9	399.500	-69.998	
9	399.600	-69.998	
9	399.700	-69.998	
9	399.800	-69.998	
9	399.900	-69.998	
9	400.000	-69.998	
9	400.100	-69.998	
9	400.200	-69.998	
9	400.300	-69.998	
9	400.400	-69.998	
9	400.500	-69.998	
9	400.600	-69.998	
9	400.700	-69.998	
9	400.800	-69.998	
9	400.900	-69.998	
9	401.000	-69.998	
9	401.100	-69.998	
9	401.200	-69.998	
9	401.300	-69.998	
9	401.400	-69.998	
9	401.500	-69.998	
9	401.600	-69.998	
9	401.700	-69.998	
9	401.800	-69.998	
9	401.900	-69.998	
9	402.000	-69.998	
9	402.100	-69.998	
9	402.200	-69.998	
9	402.300	-69.998	
9	402.400	-69.998	
9	402.500	-69.998	
9	402.600	-69.998	
9	402.700	-69.998	
9	402.800	-69.998	
9	402.900	-69.998	
9	403.000	-69.998	
9	403.100	-69.998	
9	403.200	-69.998	
9	403.300	-69.998	
9	403.400	-69.998	
9	403.500	-69.998	
9	403.600	-69.998	
9	403.700	-69.998	
9	403.800	-69.998	
9	403.900	-69.998	
9	404.000	-69.998	
9	404.100	-69.998	
9	404.200	-69.998	
9	404.300	-69.998	
9	404.400	-69.998	
9	404.500	-69.998	
9	404.600	-69.998	
9	404.700	-69.998	
9	404.800	-69.998	
9	404.900	-69.998	
9	405.000	-69.998	
9	405.100	-69.998	
9	405.200	-69.998	
9	405.300	-69.998	
9	405.400	-69.998	
9	405.500	-69.998	
9	405.600	-69.998	
9	405.700	-69.998	
9	405.800	-69.998	
9	405.900	-69.998	
9	406.000	-69.998	
9	406.100	-69.998	
9	406.200	-69.998	
9	406.300	-69.998	
9	406.400	-69.998	
9	406.500	-69.998	
9	406.600	-69.998	
9	406.700	-69.998	
9	406.800	-69.998	
9	406.900	-69.998	
9	407.000	-69.998	
9	407.100	-69.998	
9	407.200	-69.998	
9	407.300	-69.998	
9	407.400	-69.998	
9	407.500	-69.998	
9	407.600	-69.998	
9	407.700	-69.998	
9	407.800	-69.998	
9	407.900	-69.998	
9	408.000	-69.998	
9	408.100	-69.998	
9	408.200	-69.998	
9	408.300	-69.998	
9	408.400	-69.998	
9	408.500	-69.998	
9	408.600	-69.998	
9	408.700	-69.998	
9	408.800	-69.998	
9	408.900	-69.998	
9	409.000	-69.998	
9	409.100	-69.998	
9	409.200	-69.998	
9	409.300	-69.998	
9	409.400	-69.998	
9	409.500	-69.998	
9	409.600	-69.998	
9	409.700	-69.998	
9	409.800	-69.998	
9	409.900	-69.998	
9	410.000	-69.998	
9	410.100	-69.998	
9	410.200	-69.998	
9	410.300	-69.998	
9	410.400	-69.998	
9	410.500	-69.998	
9	410.600	-69.998	
9	410.700	-69.998	
9	410.800	-69.998	
9	410.900	-69.998	
9	411.000	-69.998	
9	411.100	-69.998	
9	411.200	-69.998	
9	411.300	-69.998	
9	411.400	-69.998	
9	411.500	-69.998	
9	411.600	-69.998	
9	411.700	-69.998	
9	411.800	-69.998	
9	411.900	-69.998	
9	412.000	-69.998	
9	412.100	-69.998	
9	412.200	-69.998	
9	412.300	-69.998	
9	412.400	-69.998	
9	412.500	-69.998	
9	412.600	-69.998	
9	412.700	-69.998	
9	412.800	-69.998	
9	412.900	-69.998	
9	413.000	-69.998	
9	413.100	-69.998	
9	413.200	-69.998	
9	413.300	-69.998	
9	413.400	-69.998	
9	413.500	-69.998	
9	413.600	-69.998	
9	413.700	-69.998	
9	413.800	-69.998	
9	413.900	-69.998	
9	414.000	-69.998	
9	414.100	-69.998	
9	414.200	-69.998	
9	414.300	-69.998	
9	414.400	-69.998	
9	414.500	-69.998	
9	414.600	-69.998	
9	414.700	-69.998	
9	414.800	-69.998	
9	414.900	-69.998	
9	415.000	-69.998	
9	415.100	-69.998	
9	415.200	-69.998	
9	415.300	-69.998	
9	415.400	-69.998	
9	415.500	-69.998	
9	415.600	-69.998	
9	415.700	-69.998	
9	415.800	-69.998	
9	415.900	-69.998	
9	416.000	-69.998	
9	416.100	-69.998	
9	416.200	-69.998	
9	416.300	-69.998	
9	416.400	-69.998	
9	416.500	-69.998	
9	416.600	-69.998	
9	416.700	-69.998	
9	416.800	-69.998	
9	416.900	-69.998	
9	417.000	-69.998	
9	417.100	-69.998	
9	417.200	-69.998	
9	417.300	-69.998	
9	417.400	-69.998	
9	417.500	-69.998	
9	417.600	-69.998	
9	417.700	-69.998	
9	417.800	-69.998	
9	417.900	-69.998	
9	418.000	-69.998	
9	418.100	-69.998	
9	418.200	-69.998	
9	418.300	-69.998	
9	418.400	-69.998	
9	418.500	-69.998	
9	418.600	-69.998	
9	418.700	-69.998	
9	418.800	-69.998	
9	418.900	-69.998	
9	419.000	-69.998	
9	419.100	-69.998	
9	419.200	-69.998	
9	419.300	-69.998	
9	419.400	-69.998	
9	419.500	-69.998	
9	419.600	-69.998	
9	419.700	-69.998	
9	419.800	-69.998	
9	419.900	-69.998	
9	420.000	-69.998	
9	420.100	-69.998	
9	420.200	-69.998	
9	420.300	-69.998	
9	420.400	-69.998	
9	420.500	-69.998	
9	420.600	-69.998	
9	420.700	-69.998	
9	420.800	-69.998	
9	420.900	-69.998	
9	421.000	-69.998	
9	421.100	-69.998	
9	421.200	-69.998	
9	421.300	-69.998	
9	421.400	-69.998	
9	421.500	-69.998	
9	421.600	-69.998	
9	421.700	-69.998	
9	421.800	-69.998	
9	421.900	-69.998	
9	422.000	-69.998	
9	422.100	-69.998	
9	422.200	-69.998	
9	422.300	-69.998	
9	422.400	-69.998	
9	422.500	-69.998	
9	422.600	-69.998	
9	422.700	-69.998	
9	422.800	-69.998	
9	422.900	-69.998	
9	423.000	-69.998	
9	423.100	-69.998	
9	423.200	-69.998	
9	423.300	-69.998	
9	423.400	-69.998	
9	423.500	-69.998	
9	423.600	-69.998	
9	423.700	-69.998	
9	423.800	-69.998	
9	423.900	-69.998	
9	424.000	-69.998	
9	424.100	-69.998	
9	424.200	-69.998	
9	424.300	-69.998	
9	424.400	-69.998	
9	424.500	-69.998	
9	424.600	-69.998	
9	424.700	-69.998	
9	424.800	-69.998	
9	424.900	-69.998	
9	425.000	-69.998	
9	425.100	-69.998	
9	425.200	-69.998	
9	425.300	-69.998	
9	425.400	-69.998	
9	425.500	-69.998	
9	425.600	-69.998	
9	425.700	-69.998	
9	425.800	-69.998	
9	425.900	-69.998	
9	426.000	-69.998	
9	426.100	-69.998	
9	426.200	-69.998	
9	426.300	-69.998	
9	426.400	-69.998	
9	426.500	-69.998	
9	426.600	-69.998	
9	426.700	-69.998	
9	426.800	-69.998	
9	426.900	-69.998	
9	427.000	-69.998	
9	427.100	-69.998	
9	427.200	-69.998	
9	427.300	-69.998	
9	427.400	-69.998	
9	427.500	-69.998	
9	427.600	-69.998	
9	427.700	-69.998	
9	427.800	-69.998	
9	427.900	-69.998	
9	428.000	-69.998	
9	428.100	-69.998	
9	428.200	-69.998	
9	428.300	-69.998	
9	428.400	-69.998	
9	428.500	-69.998	
9	428.600	-69.998	
9	428.700	-69.998	
9	428.800	-69.998	
9	428.900	-69.998	
9	429.000	-69.998	
9	429.100	-69.998	
9	429.200	-69.998	
9	429.300	-69.998	
9	429.400	-69.998	
9	429.500	-69.998	
9	429.600	-69.998	
9	429.700	-69.998	
9	429.800	-69.998	
9	429.900	-69.998	
9	430.000	-69.998	
9	430.100	-69.998	
9	430.200	-69.998	
9	430.300	-69.998	
9	430.400	-69.998	
9	430.500	-69.998	
9	430.600	-69.998	
9	430.700	-69.998	
9	430.800	-69.998	
9	430.900	-69.998	
9	431.000	-69.998	
9	431.100	-69.998	
9	431.200	-69.998	
9	431.300	-69.998	
9	431.400	-69.998	
9	431.500	-69.998	
9	431.600	-69.998	
9	431.700	-69.998	
9	431.800	-69.998	
9	431.900	-69.998	
9	432.000	-69.998	
9	432.100	-69.998	
9	432.200	-69.998	
9	432.300	-69.998	
9	432.400	-69.998	
9	432.500	-69.998	
9	432.600	-69.998	
9	432.700	-69.998	
9	432.800	-69.998	
9	432.900	-69.998	
9	433.000	-69.998	
9	433.100	-69.998	
9	433.200	-69.998	
9	433.300	-69.998	
9	433.400	-69.998	
9	433.500	-69.998	
9	433.600	-69.998	
9	433.700	-69.998	
9	433.800	-69.998	
9	433.900	-69.998	
9	434.000	-69.998	
9	434.100	-69.998	
9	434.200	-69.998	
9	434.300	-69.998	
9	434.400	-69.998	
9	434.500	-69.998	
9	434.600	-69.998	
9	434.700	-69.998	
9	434.800	-69.998	
9	434.900	-69.998	
9	435.000	-69.998	
9	435.100	-69.998	
9	435.200	-69.998	
9	435.300	-69.998	
9	435.400	-69.998	
9	435.500	-69.998	
9	435.600	-69.998	
9	435.700	-69.998	
9	435.800	-69.998	
9	435.900	-69.998	
9	436.000	-69.998	
9	436.100	-69.998	
9	436.200	-69.998	
9	436.300	-69.998	
9	436.400	-69.998	
9	436.500	-69.998	
9	436.600	-69.998	
9	436.700	-69.998	
9	436.800	-69.998	
9	436.900	-69.998	
9	437.000	-69.998	
9	437.100	-69.998	
9	437.200	-69.998	
9	437.300	-69.998	
9	437.400	-69.998	
9	437.500	-69.998	
9	437.600	-69.998	
9	437.700	-69.998	
9	437.800	-69.998	
9	437.900	-69.998	
9	438.000	-69.998	
9	438.100	-69.998	
9	438.200	-69.998	
9	438.300	-69.998	
9	438.400	-69.998	
9	438.500	-69.998	
9	438.600	-69.998	
9	438.700	-69.998	
9	438.800	-69.998	
9	438.900	-69.998	
9	439.000	-69.998	
9	439.100	-69.998	
9	439.200	-69.998	
9	439.300	-69.998	
9	439.400	-69.998	
9	439.500	-69.998	
9	439.600	-69.998	
9	439.700	-69.998	
9	439.800	-69.998	
9	439.900	-69.998	
9	440.000	-69.998	
9	440.100	-69.998	
9	440.200	-69.998	
9	440.300	-69.998	
9	440.400	-69.998	
9	440.500	-69.998	
9	440.600	-69.998	
9	440.700	-69.998	
9	440.800	-69.998	
9	440.900	-69.998	
9	441.000	-69.998	
9	441.100	-69.998	
9	441.200	-69.998	
9	441.300	-69.998	
9	441.400	-69.998	
9	441.500	-69.998	
9	441.600	-69.998	
9	441.700	-69.998	
9	441.800	-69.998	
9	441.900	-69.998	
9	442.000	-69.998	
9	442.100	-69.998	
9	442.200	-69.998	
9	442.300	-69.998	
9	442.400	-69.998	
9	442.500	-69.998	
9	442.600	-69.998	
9	442.700	-69.998	
9	442.800	-69.998	
9	442.900	-69.998	
9	443.000	-69.998	
9	443.100	-69.998	
9	443.200	-69.998	
9	443.300	-69.998	
9	443.400	-69.998	
9	443.500	-69.998	
9	443.600	-69.998	
9	443.700	-69.998	
9	443.800	-69.998	
9	443.900	-69.998	
9	444.000	-69.998	
9	444.100	-69.998	
9	444.200	-69.998	
9	444.300	-69.998	
9	444.400	-69.998	
9	444.500	-69.998	
9	444.600	-69.998	
9	444.700	-69.998	
9	444.800	-69.998	
9	444.900	-69.998	
9	445.000	-69.998	
9	445.100	-69.998	
9	445.200	-69.998	
9	445.300	-69.998	
9	445.400	-69.998	
9	445.500	-69.998	
9	445.600	-69.998	
9	445.700	-69.998	
9	445.800	-69.998	
9	445.900	-69.998	
9	446.000	-69.998	
9	446.100	-69.998	
9	446.200	-69.998	
9	446.300	-69.998	
9	446.400	-69.998	
9	446.500	-69.998	
9	446.600	-69.998	
9	446.700	-69.998	
9	446.800	-69.998	
9	446.900	-69.998	
9	447.000	-69.998	
9	447.100	-69.998	
9	447.200	-69.998	
9	447.300	-69.998	
9	447.400	-69.998	
9	447.500	-69.998	
9	447.600	-69.998	
9	447.700	-69.998	
9	447.800	-69.998	
9	447.900	-69.998	
9	448.000	-69.998	
9	448.100	-69.998	
9	448.200	-69.998	
9	448.300	-69.998	
9	448.400	-69.998	
9	448.500	-69.998	
9	448.600	-69.998	
9	448.700	-69.998	
9	448.800	-69.998	
9	448.900	-69.998	
9	449.000	-69.998	
