16	0.100	-70.000	
16	0.200	-70.000	
16	0.300	-70.000	
16	0.400	-70.000	
16	0.500	-70.000	
16	0.600	-70.000	
16	0.700	-70.000	
16	0.800	-70.000	
16	0.900	-70.000	
16	1.000	-70.000	
16	1.100	-70.000	
16	1.200	-70.000	
16	1.300	-70.000	
16	1.400	-70.000	
16	1.500	-70.000	
16	1.600	-70.000	
16	1.700	-70.000	
16	1.800	-69.999	
16	1.900	-69.999	
16	2.000	-69.999	
16	2.100	-69.999	
16	2.200	-69.999	
16	2.300	-69.999	
16	2.400	-69.999	
16	2.500	-69.999	
16	2.600	-69.999	
16	2.700	-69.999	
16	2.800	-69.999	
16	2.900	-69.999	
16	3.000	-69.999	
16	3.100	-69.999	
16	3.200	-69.999	
16	3.300	-69.999	
16	3.400	-69.999	
16	3.500	-69.999	
16	3.600	-69.999	
16	3.700	-69.999	
16	3.800	-69.999	
16	3.900	-69.999	
16	4.000	-69.999	
16	4.100	-69.999	
16	4.200	-69.999	
16	4.300	-69.999	
16	4.400	-69.999	
16	4.500	-69.999	
16	4.600	-69.999	
16	4.700	-69.999	
16	4.800	-69.999	
16	4.900	-69.999	
16	5.000	-69.999	
16	5.100	-69.999	
16	5.200	-69.999	
16	5.300	-69.999	
16	5.400	-69.999	
16	5.500	-69.999	
16	5.600	-69.999	
16	5.700	-69.999	
16	5.800	-69.999	
16	5.900	-69.999	
16	6.000	-69.999	
16	6.100	-69.999	
16	6.200	-69.999	
16	6.300	-69.999	
16	6.400	-69.999	
16	6.500	-69.999	
16	6.600	-69.999	
16	6.700	-69.999	
16	6.800	-69.999	
16	6.900	-69.999	
16	7.000	-69.999	
16	7.100	-69.999	
16	7.200	-69.999	
16	7.300	-69.999	
16	7.400	-69.999	
16	7.500	-69.999	
16	7.600	-69.999	
16	7.700	-69.999	
16	7.800	-69.999	
16	7.900	-69.999	
16	8.000	-69.999	
16	8.100	-69.999	
16	8.200	-69.999	
16	8.300	-69.999	
16	8.400	-69.999	
16	8.500	-69.999	
16	8.600	-69.999	
16	8.700	-69.999	
16	8.800	-69.999	
16	8.900	-69.999	
16	9.000	-69.999	
16	9.100	-69.999	
16	9.200	-69.999	
16	9.300	-69.999	
16	9.400	-69.999	
16	9.500	-69.999	
16	9.600	-69.999	
16	9.700	-69.999	
16	9.800	-69.999	
16	9.900	-69.998	
16	10.000	-69.998	
16	10.100	-69.998	
16	10.200	-69.998	
16	10.300	-69.998	
16	10.400	-69.998	
16	10.500	-69.998	
16	10.600	-69.998	
16	10.700	-69.998	
16	10.800	-69.998	
16	10.900	-69.998	
16	11.000	-69.998	
16	11.100	-69.998	
16	11.200	-69.998	
16	11.300	-69.998	
16	11.400	-69.998	
16	11.500	-69.998	
16	11.600	-69.998	
16	11.700	-69.998	
16	11.800	-69.998	
16	11.900	-69.998	
16	12.000	-69.998	
16	12.100	-69.998	
16	12.200	-69.998	
16	12.300	-69.998	
16	12.400	-69.998	
16	12.500	-69.998	
16	12.600	-69.998	
16	12.700	-69.998	
16	12.800	-69.998	
16	12.900	-69.998	
16	13.000	-69.998	
16	13.100	-69.998	
16	13.200	-69.998	
16	13.300	-69.998	
16	13.400	-69.998	
16	13.500	-69.998	
16	13.600	-69.998	
16	13.700	-69.998	
16	13.800	-69.998	
16	13.900	-69.998	
16	14.000	-69.998	
16	14.100	-69.998	
16	14.200	-69.998	
16	14.300	-69.998	
16	14.400	-69.998	
16	14.500	-69.998	
16	14.600	-69.998	
16	14.700	-69.998	
16	14.800	-69.998	
16	14.900	-69.998	
16	15.000	-69.998	
16	15.100	-69.998	
16	15.200	-69.998	
16	15.300	-69.998	
16	15.400	-69.998	
16	15.500	-69.998	
16	15.600	-69.998	
16	15.700	-69.998	
16	15.800	-69.998	
16	15.900	-69.998	
16	16.000	-69.998	
16	16.100	-69.998	
16	16.200	-69.998	
16	16.300	-69.998	
16	16.400	-69.998	
16	16.500	-69.998	
16	16.600	-69.998	
16	16.700	-69.998	
16	16.800	-69.998	
16	16.900	-69.998	
16	17.000	-69.998	
16	17.100	-69.998	
16	17.200	-69.998	
16	17.300	-69.998	
16	17.400	-69.998	
16	17.500	-69.998	
16	17.600	-69.998	
16	17.700	-69.998	
16	17.800	-69.998	
16	17.900	-69.998	
16	18.000	-69.998	
16	18.100	-69.998	
16	18.200	-69.998	
16	18.300	-69.998	
16	18.400	-69.998	
16	18.500	-69.998	
16	18.600	-69.998	
16	18.700	-69.998	
16	18.800	-69.998	
16	18.900	-69.998	
16	19.000	-69.998	
16	19.100	-69.998	
16	19.200	-69.998	
16	19.300	-69.998	
16	19.400	-69.998	
16	19.500	-69.998	
16	19.600	-69.998	
16	19.700	-69.998	
16	19.800	-69.998	
16	19.900	-69.998	
16	20.000	-69.998	
16	20.100	-69.998	
16	20.200	-69.998	
16	20.300	-69.998	
16	20.400	-69.998	
16	20.500	-69.998	
16	20.600	-69.998	
16	20.700	-69.998	
16	20.800	-69.998	
16	20.900	-69.998	
16	21.000	-69.998	
16	21.100	-69.998	
16	21.200	-69.998	
16	21.300	-69.998	
16	21.400	-69.998	
16	21.500	-69.998	
16	21.600	-69.998	
16	21.700	-69.998	
16	21.800	-69.998	
16	21.900	-69.998	
16	22.000	-69.998	
16	22.100	-69.998	
16	22.200	-69.998	
16	22.300	-69.998	
16	22.400	-69.998	
16	22.500	-69.998	
16	22.600	-69.998	
16	22.700	-69.998	
16	22.800	-69.998	
16	22.900	-69.998	
16	23.000	-69.998	
16	23.100	-69.998	
16	23.200	-69.998	
16	23.300	-69.998	
16	23.400	-69.998	
16	23.500	-69.998	
16	23.600	-69.998	
16	23.700	-69.998	
16	23.800	-69.998	
16	23.900	-69.998	
16	24.000	-69.998	
16	24.100	-69.998	
16	24.200	-69.998	
16	24.300	-69.998	
16	24.400	-69.998	
16	24.500	-69.998	
16	24.600	-69.998	
16	24.700	-69.998	
16	24.800	-69.998	
16	24.900	-69.998	
16	25.000	-69.998	
16	25.100	-69.998	
16	25.200	-69.998	
16	25.300	-69.998	
16	25.400	-69.998	
16	25.500	-69.998	
16	25.600	-69.998	
16	25.700	-69.998	
16	25.800	-69.998	
16	25.900	-69.998	
16	26.000	-69.998	
16	26.100	-69.998	
16	26.200	-69.998	
16	26.300	-69.998	
16	26.400	-69.998	
16	26.500	-69.998	
16	26.600	-69.998	
16	26.700	-69.998	
16	26.800	-69.998	
16	26.900	-69.998	
16	27.000	-69.998	
16	27.100	-69.998	
16	27.200	-69.998	
16	27.300	-69.998	
16	27.400	-69.998	
16	27.500	-69.998	
16	27.600	-69.998	
16	27.700	-69.998	
16	27.800	-69.998	
16	27.900	-69.998	
16	28.000	-69.998	
16	28.100	-69.998	
16	28.200	-69.998	
16	28.300	-69.998	
16	28.400	-69.998	
16	28.500	-69.998	
16	28.600	-69.998	
16	28.700	-69.998	
16	28.800	-69.998	
16	28.900	-69.998	
16	29.000	-69.998	
16	29.100	-69.998	
16	29.200	-69.998	
16	29.300	-69.998	
16	29.400	-69.998	
16	29.500	-69.998	
16	29.600	-69.998	
16	29.700	-69.998	
16	29.800	-69.998	
16	29.900	-69.998	
16	30.000	-69.998	
16	30.100	-69.998	
16	30.200	-69.998	
16	30.300	-69.998	
16	30.400	-69.998	
16	30.500	-69.998	
16	30.600	-69.998	
16	30.700	-69.998	
16	30.800	-69.998	
16	30.900	-69.998	
16	31.000	-69.998	
16	31.100	-69.998	
16	31.200	-69.998	
16	31.300	-69.998	
16	31.400	-69.998	
16	31.500	-69.998	
16	31.600	-69.998	
16	31.700	-69.998	
16	31.800	-69.998	
16	31.900	-69.998	
16	32.000	-69.998	
16	32.100	-69.998	
16	32.200	-69.998	
16	32.300	-69.998	
16	32.400	-69.998	
16	32.500	-69.998	
16	32.600	-69.998	
16	32.700	-69.998	
16	32.800	-69.998	
16	32.900	-69.998	
16	33.000	-69.998	
16	33.100	-69.998	
16	33.200	-69.998	
16	33.300	-69.998	
16	33.400	-69.998	
16	33.500	-69.998	
16	33.600	-69.998	
16	33.700	-69.998	
16	33.800	-69.998	
16	33.900	-69.998	
16	34.000	-69.998	
16	34.100	-69.998	
16	34.200	-69.998	
16	34.300	-69.998	
16	34.400	-69.998	
16	34.500	-69.998	
16	34.600	-69.998	
16	34.700	-69.998	
16	34.800	-69.998	
16	34.900	-69.998	
16	35.000	-69.998	
16	35.100	-69.998	
16	35.200	-69.998	
16	35.300	-69.998	
16	35.400	-69.998	
16	35.500	-69.998	
16	35.600	-69.998	
16	35.700	-69.998	
16	35.800	-69.998	
16	35.900	-69.998	
16	36.000	-69.998	
16	36.100	-69.998	
16	36.200	-69.998	
16	36.300	-69.998	
16	36.400	-69.998	
16	36.500	-69.998	
16	36.600	-69.998	
16	36.700	-69.998	
16	36.800	-69.998	
16	36.900	-69.998	
16	37.000	-69.998	
16	37.100	-69.998	
16	37.200	-69.998	
16	37.300	-69.998	
16	37.400	-69.998	
16	37.500	-69.998	
16	37.600	-69.998	
16	37.700	-69.998	
16	37.800	-69.998	
16	37.900	-69.998	
16	38.000	-69.998	
16	38.100	-69.998	
16	38.200	-69.998	
16	38.300	-69.998	
16	38.400	-69.998	
16	38.500	-69.998	
16	38.600	-69.998	
16	38.700	-69.998	
16	38.800	-69.998	
16	38.900	-69.998	
16	39.000	-69.998	
16	39.100	-69.998	
16	39.200	-69.998	
16	39.300	-69.998	
16	39.400	-69.998	
16	39.500	-69.998	
16	39.600	-69.998	
16	39.700	-69.998	
16	39.800	-69.998	
16	39.900	-69.998	
16	40.000	-69.998	
16	40.100	-69.998	
16	40.200	-69.998	
16	40.300	-69.998	
16	40.400	-69.998	
16	40.500	-69.998	
16	40.600	-69.998	
16	40.700	-69.998	
16	40.800	-69.998	
16	40.900	-69.998	
16	41.000	-69.998	
16	41.100	-69.998	
16	41.200	-69.998	
16	41.300	-69.998	
16	41.400	-69.998	
16	41.500	-69.998	
16	41.600	-69.998	
16	41.700	-69.998	
16	41.800	-69.998	
16	41.900	-69.998	
16	42.000	-69.998	
16	42.100	-69.998	
16	42.200	-69.998	
16	42.300	-69.998	
16	42.400	-69.998	
16	42.500	-69.998	
16	42.600	-69.998	
16	42.700	-69.998	
16	42.800	-69.998	
16	42.900	-69.998	
16	43.000	-69.998	
16	43.100	-69.998	
16	43.200	-69.998	
16	43.300	-69.998	
16	43.400	-69.998	
16	43.500	-69.998	
16	43.600	-69.998	
16	43.700	-69.998	
16	43.800	-69.998	
16	43.900	-69.998	
16	44.000	-69.998	
16	44.100	-69.998	
16	44.200	-69.998	
16	44.300	-69.998	
16	44.400	-69.998	
16	44.500	-69.998	
16	44.600	-69.998	
16	44.700	-69.998	
16	44.800	-69.998	
16	44.900	-69.998	
16	45.000	-69.998	
16	45.100	-69.998	
16	45.200	-69.998	
16	45.300	-69.998	
16	45.400	-69.998	
16	45.500	-69.998	
16	45.600	-69.998	
16	45.700	-69.998	
16	45.800	-69.998	
16	45.900	-69.998	
16	46.000	-69.998	
16	46.100	-69.998	
16	46.200	-69.998	
16	46.300	-69.998	
16	46.400	-69.998	
16	46.500	-69.998	
16	46.600	-69.998	
16	46.700	-69.998	
16	46.800	-69.998	
16	46.900	-69.998	
16	47.000	-69.998	
16	47.100	-69.998	
16	47.200	-69.998	
16	47.300	-69.998	
16	47.400	-69.998	
16	47.500	-69.998	
16	47.600	-69.998	
16	47.700	-69.998	
16	47.800	-69.998	
16	47.900	-69.998	
16	48.000	-69.998	
16	48.100	-69.998	
16	48.200	-69.998	
16	48.300	-69.998	
16	48.400	-69.998	
16	48.500	-69.998	
16	48.600	-69.998	
16	48.700	-69.998	
16	48.800	-69.998	
16	48.900	-69.998	
16	49.000	-69.998	
16	49.100	-69.998	
16	49.200	-69.998	
16	49.300	-69.998	
16	49.400	-69.998	
16	49.500	-69.998	
16	49.600	-69.998	
16	49.700	-69.998	
16	49.800	-69.998	
16	49.900	-69.998	
16	50.000	-69.998	
16	50.100	-69.998	
16	50.200	-69.998	
16	50.300	-69.998	
16	50.400	-69.998	
16	50.500	-69.998	
16	50.600	-69.998	
16	50.700	-69.998	
16	50.800	-69.998	
16	50.900	-69.998	
16	51.000	-69.998	
16	51.100	-69.998	
16	51.200	-69.998	
16	51.300	-69.998	
16	51.400	-69.998	
16	51.500	-69.998	
16	51.600	-69.998	
16	51.700	-69.998	
16	51.800	-69.998	
16	51.900	-69.998	
16	52.000	-69.998	
16	52.100	-69.998	
16	52.200	-69.998	
16	52.300	-69.998	
16	52.400	-69.998	
16	52.500	-69.998	
16	52.600	-69.998	
16	52.700	-69.998	
16	52.800	-69.998	
16	52.900	-69.998	
16	53.000	-69.998	
16	53.100	-69.998	
16	53.200	-69.998	
16	53.300	-69.998	
16	53.400	-69.998	
16	53.500	-69.998	
16	53.600	-69.998	
16	53.700	-69.998	
16	53.800	-69.998	
16	53.900	-69.998	
16	54.000	-69.998	
16	54.100	-69.998	
16	54.200	-69.998	
16	54.300	-69.998	
16	54.400	-69.998	
16	54.500	-69.998	
16	54.600	-69.998	
16	54.700	-69.998	
16	54.800	-69.998	
16	54.900	-69.998	
16	55.000	-69.998	
16	55.100	-69.998	
16	55.200	-69.998	
16	55.300	-69.998	
16	55.400	-69.998	
16	55.500	-69.998	
16	55.600	-69.998	
16	55.700	-69.998	
16	55.800	-69.998	
16	55.900	-69.998	
16	56.000	-69.998	
16	56.100	-69.998	
16	56.200	-69.998	
16	56.300	-69.998	
16	56.400	-69.998	
16	56.500	-69.998	
16	56.600	-69.998	
16	56.700	-69.998	
16	56.800	-69.998	
16	56.900	-69.998	
16	57.000	-69.998	
16	57.100	-69.998	
16	57.200	-69.998	
16	57.300	-69.998	
16	57.400	-69.998	
16	57.500	-69.998	
16	57.600	-69.998	
16	57.700	-69.998	
16	57.800	-69.998	
16	57.900	-69.998	
16	58.000	-69.998	
16	58.100	-69.998	
16	58.200	-69.998	
16	58.300	-69.998	
16	58.400	-69.998	
16	58.500	-69.998	
16	58.600	-69.998	
16	58.700	-69.998	
16	58.800	-69.998	
16	58.900	-69.998	
16	59.000	-69.998	
16	59.100	-69.998	
16	59.200	-69.998	
16	59.300	-69.998	
16	59.400	-69.998	
16	59.500	-69.998	
16	59.600	-69.998	
16	59.700	-69.998	
16	59.800	-69.998	
16	59.900	-69.998	
16	60.000	-69.998	
16	60.100	-69.998	
16	60.200	-69.998	
16	60.300	-69.998	
16	60.400	-69.998	
16	60.500	-69.998	
16	60.600	-69.998	
16	60.700	-69.998	
16	60.800	-69.998	
16	60.900	-69.998	
16	61.000	-69.998	
16	61.100	-69.998	
16	61.200	-69.998	
16	61.300	-69.998	
16	61.400	-69.998	
16	61.500	-69.998	
16	61.600	-69.998	
16	61.700	-69.998	
16	61.800	-69.998	
16	61.900	-69.998	
16	62.000	-69.998	
16	62.100	-69.998	
16	62.200	-69.998	
16	62.300	-69.998	
16	62.400	-69.998	
16	62.500	-69.998	
16	62.600	-69.998	
16	62.700	-69.998	
16	62.800	-69.998	
16	62.900	-69.998	
16	63.000	-69.998	
16	63.100	-69.998	
16	63.200	-69.998	
16	63.300	-69.998	
16	63.400	-69.998	
16	63.500	-69.998	
16	63.600	-69.998	
16	63.700	-69.998	
16	63.800	-69.998	
16	63.900	-69.998	
16	64.000	-69.998	
16	64.100	-69.998	
16	64.200	-69.998	
16	64.300	-69.998	
16	64.400	-69.998	
16	64.500	-69.998	
16	64.600	-69.998	
16	64.700	-69.998	
16	64.800	-69.998	
16	64.900	-69.998	
16	65.000	-69.998	
16	65.100	-69.998	
16	65.200	-69.998	
16	65.300	-69.998	
16	65.400	-69.998	
16	65.500	-69.998	
16	65.600	-69.998	
16	65.700	-69.998	
16	65.800	-69.998	
16	65.900	-69.998	
16	66.000	-69.998	
16	66.100	-69.998	
16	66.200	-69.998	
16	66.300	-69.998	
16	66.400	-69.998	
16	66.500	-69.998	
16	66.600	-69.998	
16	66.700	-69.998	
16	66.800	-69.998	
16	66.900	-69.998	
16	67.000	-69.998	
16	67.100	-69.998	
16	67.200	-69.998	
16	67.300	-69.998	
16	67.400	-69.998	
16	67.500	-69.998	
16	67.600	-69.998	
16	67.700	-69.998	
16	67.800	-69.998	
16	67.900	-69.998	
16	68.000	-69.998	
16	68.100	-69.998	
16	68.200	-69.998	
16	68.300	-69.998	
16	68.400	-69.998	
16	68.500	-69.998	
16	68.600	-69.998	
16	68.700	-69.998	
16	68.800	-69.998	
16	68.900	-69.998	
16	69.000	-69.998	
16	69.100	-69.998	
16	69.200	-69.998	
16	69.300	-69.998	
16	69.400	-69.998	
16	69.500	-69.998	
16	69.600	-69.998	
16	69.700	-69.998	
16	69.800	-69.998	
16	69.900	-69.998	
16	70.000	-69.998	
16	70.100	-69.998	
16	70.200	-69.998	
16	70.300	-69.998	
16	70.400	-69.998	
16	70.500	-69.998	
16	70.600	-69.998	
16	70.700	-69.998	
16	70.800	-69.998	
16	70.900	-69.998	
16	71.000	-69.998	
16	71.100	-69.998	
16	71.200	-69.998	
16	71.300	-69.998	
16	71.400	-69.998	
16	71.500	-69.998	
16	71.600	-69.998	
16	71.700	-69.998	
16	71.800	-69.998	
16	71.900	-69.998	
16	72.000	-69.998	
16	72.100	-69.998	
16	72.200	-69.998	
16	72.300	-69.998	
16	72.400	-69.998	
16	72.500	-69.998	
16	72.600	-69.998	
16	72.700	-69.998	
16	72.800	-69.998	
16	72.900	-69.998	
16	73.000	-69.998	
16	73.100	-69.998	
16	73.200	-69.998	
16	73.300	-69.998	
16	73.400	-69.998	
16	73.500	-69.998	
16	73.600	-69.998	
16	73.700	-69.998	
16	73.800	-69.998	
16	73.900	-69.998	
16	74.000	-69.998	
16	74.100	-69.998	
16	74.200	-69.998	
16	74.300	-69.998	
16	74.400	-69.998	
16	74.500	-69.998	
16	74.600	-69.998	
16	74.700	-69.998	
16	74.800	-69.998	
16	74.900	-69.998	
16	75.000	-69.998	
16	75.100	-69.998	
16	75.200	-69.998	
16	75.300	-69.998	
16	75.400	-69.998	
16	75.500	-69.998	
16	75.600	-69.998	
16	75.700	-69.998	
16	75.800	-69.998	
16	75.900	-69.998	
16	76.000	-69.998	
16	76.100	-69.998	
16	76.200	-69.998	
16	76.300	-69.998	
16	76.400	-69.998	
16	76.500	-69.998	
16	76.600	-69.998	
16	76.700	-69.998	
16	76.800	-69.998	
16	76.900	-69.998	
16	77.000	-69.998	
16	77.100	-69.998	
16	77.200	-69.998	
16	77.300	-69.998	
16	77.400	-69.998	
16	77.500	-69.998	
16	77.600	-69.998	
16	77.700	-69.998	
16	77.800	-69.998	
16	77.900	-69.998	
16	78.000	-69.998	
16	78.100	-69.998	
16	78.200	-69.998	
16	78.300	-69.998	
16	78.400	-69.998	
16	78.500	-69.998	
16	78.600	-69.998	
16	78.700	-69.998	
16	78.800	-69.998	
16	78.900	-69.998	
16	79.000	-69.998	
16	79.100	-69.998	
16	79.200	-69.998	
16	79.300	-69.998	
16	79.400	-69.998	
16	79.500	-69.998	
16	79.600	-69.998	
16	79.700	-69.998	
16	79.800	-69.998	
16	79.900	-69.998	
16	80.000	-69.998	
16	80.100	-69.998	
16	80.200	-69.998	
16	80.300	-69.998	
16	80.400	-69.998	
16	80.500	-69.998	
16	80.600	-69.998	
16	80.700	-69.998	
16	80.800	-69.998	
16	80.900	-69.998	
16	81.000	-69.998	
16	81.100	-69.998	
16	81.200	-69.998	
16	81.300	-69.998	
16	81.400	-69.998	
16	81.500	-69.998	
16	81.600	-69.998	
16	81.700	-69.998	
16	81.800	-69.998	
16	81.900	-69.998	
16	82.000	-69.998	
16	82.100	-69.998	
16	82.200	-69.998	
16	82.300	-69.998	
16	82.400	-69.998	
16	82.500	-69.998	
16	82.600	-69.998	
16	82.700	-69.998	
16	82.800	-69.998	
16	82.900	-69.998	
16	83.000	-69.998	
16	83.100	-69.998	
16	83.200	-69.998	
16	83.300	-69.998	
16	83.400	-69.998	
16	83.500	-69.998	
16	83.600	-69.998	
16	83.700	-69.998	
16	83.800	-69.998	
16	83.900	-69.998	
16	84.000	-69.998	
16	84.100	-69.998	
16	84.200	-69.998	
16	84.300	-69.998	
16	84.400	-69.998	
16	84.500	-69.998	
16	84.600	-69.998	
16	84.700	-69.998	
16	84.800	-69.998	
16	84.900	-69.998	
16	85.000	-69.998	
16	85.100	-69.998	
16	85.200	-69.998	
16	85.300	-69.998	
16	85.400	-69.998	
16	85.500	-69.998	
16	85.600	-69.998	
16	85.700	-69.998	
16	85.800	-69.998	
16	85.900	-69.998	
16	86.000	-69.998	
16	86.100	-69.998	
16	86.200	-69.998	
16	86.300	-69.998	
16	86.400	-69.998	
16	86.500	-69.998	
16	86.600	-69.998	
16	86.700	-69.998	
16	86.800	-69.998	
16	86.900	-69.998	
16	87.000	-69.998	
16	87.100	-69.998	
16	87.200	-69.998	
16	87.300	-69.998	
16	87.400	-69.998	
16	87.500	-69.998	
16	87.600	-69.998	
16	87.700	-69.998	
16	87.800	-69.998	
16	87.900	-69.998	
16	88.000	-69.998	
16	88.100	-69.998	
16	88.200	-69.998	
16	88.300	-69.998	
16	88.400	-69.998	
16	88.500	-69.998	
16	88.600	-69.998	
16	88.700	-69.998	
16	88.800	-69.998	
16	88.900	-69.998	
16	89.000	-69.998	
16	89.100	-69.998	
16	89.200	-69.998	
16	89.300	-69.998	
16	89.400	-69.998	
16	89.500	-69.998	
16	89.600	-69.998	
16	89.700	-69.998	
16	89.800	-69.998	
16	89.900	-69.998	
16	90.000	-69.998	
16	90.100	-69.998	
16	90.200	-69.998	
16	90.300	-69.998	
16	90.400	-69.998	
16	90.500	-69.998	
16	90.600	-69.998	
16	90.700	-69.998	
16	90.800	-69.998	
16	90.900	-69.998	
16	91.000	-69.998	
16	91.100	-69.998	
16	91.200	-69.998	
16	91.300	-69.998	
16	91.400	-69.998	
16	91.500	-69.998	
16	91.600	-69.998	
16	91.700	-69.998	
16	91.800	-69.998	
16	91.900	-69.998	
16	92.000	-69.998	
16	92.100	-69.998	
16	92.200	-69.998	
16	92.300	-69.998	
16	92.400	-69.998	
16	92.500	-69.998	
16	92.600	-69.998	
16	92.700	-69.998	
16	92.800	-69.998	
16	92.900	-69.998	
16	93.000	-69.998	
16	93.100	-69.998	
16	93.200	-69.998	
16	93.300	-69.998	
16	93.400	-69.998	
16	93.500	-69.998	
16	93.600	-69.998	
16	93.700	-69.998	
16	93.800	-69.998	
16	93.900	-69.998	
16	94.000	-69.998	
16	94.100	-69.998	
16	94.200	-69.998	
16	94.300	-69.998	
16	94.400	-69.998	
16	94.500	-69.998	
16	94.600	-69.998	
16	94.700	-69.998	
16	94.800	-69.998	
16	94.900	-69.998	
16	95.000	-69.998	
16	95.100	-69.998	
16	95.200	-69.998	
16	95.300	-69.998	
16	95.400	-69.998	
16	95.500	-69.998	
16	95.600	-69.998	
16	95.700	-69.998	
16	95.800	-69.998	
16	95.900	-69.998	
16	96.000	-69.998	
16	96.100	-69.998	
16	96.200	-69.998	
16	96.300	-69.998	
16	96.400	-69.998	
16	96.500	-69.998	
16	96.600	-69.998	
16	96.700	-69.998	
16	96.800	-69.998	
16	96.900	-69.998	
16	97.000	-69.998	
16	97.100	-69.998	
16	97.200	-69.998	
16	97.300	-69.998	
16	97.400	-69.998	
16	97.500	-69.998	
16	97.600	-69.998	
16	97.700	-69.998	
16	97.800	-69.998	
16	97.900	-69.998	
16	98.000	-69.998	
16	98.100	-69.998	
16	98.200	-69.998	
16	98.300	-69.998	
16	98.400	-69.998	
16	98.500	-69.998	
16	98.600	-69.998	
16	98.700	-69.998	
16	98.800	-69.998	
16	98.900	-69.998	
16	99.000	-69.998	
16	99.100	-69.998	
16	99.200	-69.998	
16	99.300	-69.998	
16	99.400	-69.998	
16	99.500	-69.998	
16	99.600	-69.998	
16	99.700	-69.998	
16	99.800	-69.998	
16	99.900	-69.998	
16	100.000	-69.998	
16	100.100	-69.998	
16	100.200	-69.998	
16	100.300	-69.998	
16	100.400	-69.998	
16	100.500	-69.998	
16	100.600	-69.998	
16	100.700	-69.998	
16	100.800	-69.998	
16	100.900	-69.998	
16	101.000	-69.998	
16	101.100	-69.998	
16	101.200	-69.998	
16	101.300	-69.998	
16	101.400	-69.998	
16	101.500	-69.998	
16	101.600	-69.998	
16	101.700	-69.998	
16	101.800	-69.998	
16	101.900	-69.998	
16	102.000	-69.998	
16	102.100	-69.998	
16	102.200	-69.998	
16	102.300	-69.998	
16	102.400	-69.998	
16	102.500	-69.998	
16	102.600	-69.998	
16	102.700	-69.998	
16	102.800	-69.998	
16	102.900	-69.998	
16	103.000	-69.998	
16	103.100	-69.998	
16	103.200	-69.998	
16	103.300	-69.998	
16	103.400	-69.998	
16	103.500	-69.998	
16	103.600	-69.998	
16	103.700	-69.998	
16	103.800	-69.998	
16	103.900	-69.998	
16	104.000	-69.998	
16	104.100	-69.998	
16	104.200	-69.998	
16	104.300	-69.998	
16	104.400	-69.998	
16	104.500	-69.998	
16	104.600	-69.998	
16	104.700	-69.998	
16	104.800	-69.998	
16	104.900	-69.998	
16	105.000	-69.998	
16	105.100	-69.998	
16	105.200	-69.998	
16	105.300	-69.998	
16	105.400	-69.998	
16	105.500	-69.998	
16	105.600	-69.998	
16	105.700	-69.998	
16	105.800	-69.998	
16	105.900	-69.998	
16	106.000	-69.998	
16	106.100	-69.998	
16	106.200	-69.998	
16	106.300	-69.998	
16	106.400	-69.998	
16	106.500	-69.998	
16	106.600	-69.998	
16	106.700	-69.998	
16	106.800	-69.998	
16	106.900	-69.998	
16	107.000	-69.998	
16	107.100	-69.998	
16	107.200	-69.998	
16	107.300	-69.998	
16	107.400	-69.998	
16	107.500	-69.998	
16	107.600	-69.998	
16	107.700	-69.998	
16	107.800	-69.998	
16	107.900	-69.998	
16	108.000	-69.998	
16	108.100	-69.998	
16	108.200	-69.998	
16	108.300	-69.998	
16	108.400	-69.998	
16	108.500	-69.998	
16	108.600	-69.998	
16	108.700	-69.998	
16	108.800	-69.998	
16	108.900	-69.998	
16	109.000	-69.998	
16	109.100	-69.998	
16	109.200	-69.998	
16	109.300	-69.998	
16	109.400	-69.998	
16	109.500	-69.998	
16	109.600	-69.998	
16	109.700	-69.998	
16	109.800	-69.998	
16	109.900	-69.998	
16	110.000	-69.998	
16	110.100	-69.998	
16	110.200	-69.998	
16	110.300	-69.998	
16	110.400	-69.998	
16	110.500	-69.998	
16	110.600	-69.998	
16	110.700	-69.998	
16	110.800	-69.998	
16	110.900	-69.998	
16	111.000	-69.998	
16	111.100	-69.998	
16	111.200	-69.998	
16	111.300	-69.998	
16	111.400	-69.998	
16	111.500	-69.998	
16	111.600	-69.998	
16	111.700	-69.998	
16	111.800	-69.998	
16	111.900	-69.998	
16	112.000	-69.998	
16	112.100	-69.998	
16	112.200	-69.998	
16	112.300	-69.998	
16	112.400	-69.998	
16	112.500	-69.998	
16	112.600	-69.998	
16	112.700	-69.998	
16	112.800	-69.998	
16	112.900	-69.998	
16	113.000	-69.998	
16	113.100	-69.998	
16	113.200	-69.998	
16	113.300	-69.998	
16	113.400	-69.998	
16	113.500	-69.998	
16	113.600	-69.998	
16	113.700	-69.998	
16	113.800	-69.998	
16	113.900	-69.998	
16	114.000	-69.998	
16	114.100	-69.998	
16	114.200	-69.998	
16	114.300	-69.998	
16	114.400	-69.998	
16	114.500	-69.998	
16	114.600	-69.998	
16	114.700	-69.998	
16	114.800	-69.998	
16	114.900	-69.998	
16	115.000	-69.998	
16	115.100	-69.998	
16	115.200	-69.998	
16	115.300	-69.998	
16	115.400	-69.998	
16	115.500	-69.998	
16	115.600	-69.998	
16	115.700	-69.998	
16	115.800	-69.998	
16	115.900	-69.998	
16	116.000	-69.998	
16	116.100	-69.998	
16	116.200	-69.998	
16	116.300	-69.998	
16	116.400	-69.998	
16	116.500	-69.998	
16	116.600	-69.998	
16	116.700	-69.998	
16	116.800	-69.998	
16	116.900	-69.998	
16	117.000	-69.998	
16	117.100	-69.998	
16	117.200	-69.998	
16	117.300	-69.998	
16	117.400	-69.998	
16	117.500	-69.998	
16	117.600	-69.998	
16	117.700	-69.998	
16	117.800	-69.998	
16	117.900	-69.998	
16	118.000	-69.998	
16	118.100	-69.998	
16	118.200	-69.998	
16	118.300	-69.998	
16	118.400	-69.998	
16	118.500	-69.998	
16	118.600	-69.998	
16	118.700	-69.998	
16	118.800	-69.998	
16	118.900	-69.998	
16	119.000	-69.998	
16	119.100	-69.998	
16	119.200	-69.998	
16	119.300	-69.998	
16	119.400	-69.998	
16	119.500	-69.998	
16	119.600	-69.998	
16	119.700	-69.998	
16	119.800	-69.998	
16	119.900	-69.998	
16	120.000	-69.998	
16	120.100	-69.998	
16	120.200	-69.998	
16	120.300	-69.998	
16	120.400	-69.998	
16	120.500	-69.998	
16	120.600	-69.998	
16	120.700	-69.998	
16	120.800	-69.998	
16	120.900	-69.998	
16	121.000	-69.998	
16	121.100	-69.998	
16	121.200	-69.998	
16	121.300	-69.998	
16	121.400	-69.998	
16	121.500	-69.998	
16	121.600	-69.998	
16	121.700	-69.998	
16	121.800	-69.998	
16	121.900	-69.998	
16	122.000	-69.998	
16	122.100	-69.998	
16	122.200	-69.998	
16	122.300	-69.998	
16	122.400	-69.998	
16	122.500	-69.998	
16	122.600	-69.998	
16	122.700	-69.998	
16	122.800	-69.998	
16	122.900	-69.998	
16	123.000	-69.998	
16	123.100	-69.998	
16	123.200	-69.998	
16	123.300	-69.998	
16	123.400	-69.998	
16	123.500	-69.998	
16	123.600	-69.998	
16	123.700	-69.998	
16	123.800	-69.998	
16	123.900	-69.998	
16	124.000	-69.998	
16	124.100	-69.998	
16	124.200	-69.998	
16	124.300	-69.998	
16	124.400	-69.998	
16	124.500	-69.998	
16	124.600	-69.998	
16	124.700	-69.998	
16	124.800	-69.998	
16	124.900	-69.998	
16	125.000	-69.998	
16	125.100	-69.998	
16	125.200	-69.998	
16	125.300	-69.998	
16	125.400	-69.998	
16	125.500	-69.998	
16	125.600	-69.998	
16	125.700	-69.998	
16	125.800	-69.998	
16	125.900	-69.998	
16	126.000	-69.998	
16	126.100	-69.998	
16	126.200	-69.998	
16	126.300	-69.998	
16	126.400	-69.998	
16	126.500	-69.998	
16	126.600	-69.998	
16	126.700	-69.998	
16	126.800	-69.998	
16	126.900	-69.998	
16	127.000	-69.998	
16	127.100	-69.998	
16	127.200	-69.998	
16	127.300	-69.998	
16	127.400	-69.998	
16	127.500	-69.998	
16	127.600	-69.998	
16	127.700	-69.998	
16	127.800	-69.998	
16	127.900	-69.998	
16	128.000	-69.998	
16	128.100	-69.998	
16	128.200	-69.998	
16	128.300	-69.998	
16	128.400	-69.998	
16	128.500	-69.998	
16	128.600	-69.998	
16	128.700	-69.998	
16	128.800	-69.998	
16	128.900	-69.998	
16	129.000	-69.998	
16	129.100	-69.998	
16	129.200	-69.998	
16	129.300	-69.998	
16	129.400	-69.998	
16	129.500	-69.998	
16	129.600	-69.998	
16	129.700	-69.998	
16	129.800	-69.998	
16	129.900	-69.998	
16	130.000	-69.998	
16	130.100	-69.998	
16	130.200	-69.998	
16	130.300	-69.998	
16	130.400	-69.998	
16	130.500	-69.998	
16	130.600	-69.998	
16	130.700	-69.998	
16	130.800	-69.998	
16	130.900	-69.998	
16	131.000	-69.998	
16	131.100	-69.998	
16	131.200	-69.998	
16	131.300	-69.998	
16	131.400	-69.998	
16	131.500	-69.998	
16	131.600	-69.998	
16	131.700	-69.998	
16	131.800	-69.998	
16	131.900	-69.998	
16	132.000	-69.998	
16	132.100	-69.998	
16	132.200	-69.998	
16	132.300	-69.998	
16	132.400	-69.998	
16	132.500	-69.998	
16	132.600	-69.998	
16	132.700	-69.998	
16	132.800	-69.998	
16	132.900	-69.998	
16	133.000	-69.998	
16	133.100	-69.998	
16	133.200	-69.998	
16	133.300	-69.998	
16	133.400	-69.998	
16	133.500	-69.998	
16	133.600	-69.998	
16	133.700	-69.998	
16	133.800	-69.998	
16	133.900	-69.998	
16	134.000	-69.998	
16	134.100	-69.998	
16	134.200	-69.998	
16	134.300	-69.998	
16	134.400	-69.998	
16	134.500	-69.998	
16	134.600	-69.998	
16	134.700	-69.998	
16	134.800	-69.998	
16	134.900	-69.998	
16	135.000	-69.998	
16	135.100	-69.998	
16	135.200	-69.998	
16	135.300	-69.998	
16	135.400	-69.998	
16	135.500	-69.998	
16	135.600	-69.998	
16	135.700	-69.998	
16	135.800	-69.998	
16	135.900	-69.998	
16	136.000	-69.998	
16	136.100	-69.998	
16	136.200	-69.998	
16	136.300	-69.998	
16	136.400	-69.998	
16	136.500	-69.998	
16	136.600	-69.998	
16	136.700	-69.998	
16	136.800	-69.998	
16	136.900	-69.998	
16	137.000	-69.998	
16	137.100	-69.998	
16	137.200	-69.998	
16	137.300	-69.998	
16	137.400	-69.998	
16	137.500	-69.998	
16	137.600	-69.998	
16	137.700	-69.998	
16	137.800	-69.998	
16	137.900	-69.998	
16	138.000	-69.998	
16	138.100	-69.998	
16	138.200	-69.998	
16	138.300	-69.998	
16	138.400	-69.998	
16	138.500	-69.998	
16	138.600	-69.998	
16	138.700	-69.998	
16	138.800	-69.998	
16	138.900	-69.998	
16	139.000	-69.998	
16	139.100	-69.998	
16	139.200	-69.998	
16	139.300	-69.998	
16	139.400	-69.998	
16	139.500	-69.998	
16	139.600	-69.998	
16	139.700	-69.998	
16	139.800	-69.998	
16	139.900	-69.998	
16	140.000	-69.998	
16	140.100	-69.998	
16	140.200	-69.998	
16	140.300	-69.998	
16	140.400	-69.998	
16	140.500	-69.998	
16	140.600	-69.998	
16	140.700	-69.998	
16	140.800	-69.998	
16	140.900	-69.998	
16	141.000	-69.998	
16	141.100	-69.998	
16	141.200	-69.998	
16	141.300	-69.998	
16	141.400	-69.998	
16	141.500	-69.998	
16	141.600	-69.998	
16	141.700	-69.998	
16	141.800	-69.998	
16	141.900	-69.998	
16	142.000	-69.998	
16	142.100	-69.998	
16	142.200	-69.998	
16	142.300	-69.998	
16	142.400	-69.998	
16	142.500	-69.998	
16	142.600	-69.998	
16	142.700	-69.998	
16	142.800	-69.998	
16	142.900	-69.998	
16	143.000	-69.998	
16	143.100	-69.998	
16	143.200	-69.998	
16	143.300	-69.998	
16	143.400	-69.998	
16	143.500	-69.998	
16	143.600	-69.998	
16	143.700	-69.998	
16	143.800	-69.998	
16	143.900	-69.998	
16	144.000	-69.998	
16	144.100	-69.998	
16	144.200	-69.998	
16	144.300	-69.998	
16	144.400	-69.998	
16	144.500	-69.998	
16	144.600	-69.998	
16	144.700	-69.998	
16	144.800	-69.998	
16	144.900	-69.998	
16	145.000	-69.998	
16	145.100	-69.998	
16	145.200	-69.998	
16	145.300	-69.998	
16	145.400	-69.998	
16	145.500	-69.998	
16	145.600	-69.998	
16	145.700	-69.998	
16	145.800	-69.998	
16	145.900	-69.998	
16	146.000	-69.998	
16	146.100	-69.998	
16	146.200	-69.998	
16	146.300	-69.998	
16	146.400	-69.998	
16	146.500	-69.998	
16	146.600	-69.998	
16	146.700	-69.998	
16	146.800	-69.998	
16	146.900	-69.998	
16	147.000	-69.998	
16	147.100	-69.998	
16	147.200	-69.998	
16	147.300	-69.998	
16	147.400	-69.998	
16	147.500	-69.998	
16	147.600	-69.998	
16	147.700	-69.998	
16	147.800	-69.998	
16	147.900	-69.998	
16	148.000	-69.998	
16	148.100	-69.998	
16	148.200	-69.998	
16	148.300	-69.998	
16	148.400	-69.998	
16	148.500	-69.998	
16	148.600	-69.998	
16	148.700	-69.998	
16	148.800	-69.998	
16	148.900	-69.998	
16	149.000	-69.998	
16	149.100	-69.998	
16	149.200	-69.998	
16	149.300	-69.998	
16	149.400	-69.998	
16	149.500	-69.998	
16	149.600	-69.998	
16	149.700	-69.998	
16	149.800	-69.998	
16	149.900	-69.998	
16	150.000	-69.998	
16	150.100	-69.998	
16	150.200	-69.998	
16	150.300	-69.998	
16	150.400	-69.998	
16	150.500	-69.998	
16	150.600	-69.998	
16	150.700	-69.998	
16	150.800	-69.998	
16	150.900	-69.998	
16	151.000	-69.998	
16	151.100	-69.998	
16	151.200	-69.998	
16	151.300	-69.998	
16	151.400	-69.998	
16	151.500	-69.998	
16	151.600	-69.998	
16	151.700	-69.998	
16	151.800	-69.998	
16	151.900	-69.998	
16	152.000	-69.998	
16	152.100	-69.998	
16	152.200	-69.998	
16	152.300	-69.998	
16	152.400	-69.998	
16	152.500	-69.998	
16	152.600	-69.998	
16	152.700	-69.998	
16	152.800	-69.998	
16	152.900	-69.998	
16	153.000	-69.998	
16	153.100	-69.998	
16	153.200	-69.998	
16	153.300	-69.998	
16	153.400	-69.998	
16	153.500	-69.998	
16	153.600	-69.998	
16	153.700	-69.998	
16	153.800	-69.998	
16	153.900	-69.998	
16	154.000	-69.998	
16	154.100	-69.998	
16	154.200	-69.998	
16	154.300	-69.998	
16	154.400	-69.998	
16	154.500	-69.998	
16	154.600	-69.998	
16	154.700	-69.998	
16	154.800	-69.998	
16	154.900	-69.998	
16	155.000	-69.998	
16	155.100	-69.998	
16	155.200	-69.998	
16	155.300	-69.998	
16	155.400	-69.998	
16	155.500	-69.998	
16	155.600	-69.998	
16	155.700	-69.998	
16	155.800	-69.998	
16	155.900	-69.998	
16	156.000	-69.998	
16	156.100	-69.998	
16	156.200	-69.998	
16	156.300	-69.998	
16	156.400	-69.998	
16	156.500	-69.998	
16	156.600	-69.998	
16	156.700	-69.998	
16	156.800	-69.998	
16	156.900	-69.998	
16	157.000	-69.998	
16	157.100	-69.998	
16	157.200	-69.998	
16	157.300	-69.998	
16	157.400	-69.998	
16	157.500	-69.998	
16	157.600	-69.998	
16	157.700	-69.998	
16	157.800	-69.998	
16	157.900	-69.998	
16	158.000	-69.998	
16	158.100	-69.998	
16	158.200	-69.998	
16	158.300	-69.998	
16	158.400	-69.998	
16	158.500	-69.998	
16	158.600	-69.998	
16	158.700	-69.998	
16	158.800	-69.998	
16	158.900	-69.998	
16	159.000	-69.998	
16	159.100	-69.998	
16	159.200	-69.998	
16	159.300	-69.998	
16	159.400	-69.998	
16	159.500	-69.998	
16	159.600	-69.998	
16	159.700	-69.998	
16	159.800	-69.998	
16	159.900	-69.998	
16	160.000	-69.998	
16	160.100	-69.998	
16	160.200	-69.998	
16	160.300	-69.998	
16	160.400	-69.998	
16	160.500	-69.998	
16	160.600	-69.998	
16	160.700	-69.998	
16	160.800	-69.998	
16	160.900	-69.998	
16	161.000	-69.998	
16	161.100	-69.998	
16	161.200	-69.998	
16	161.300	-69.998	
16	161.400	-69.998	
16	161.500	-69.998	
16	161.600	-69.998	
16	161.700	-69.998	
16	161.800	-69.998	
16	161.900	-69.998	
16	162.000	-69.998	
16	162.100	-69.998	
16	162.200	-69.998	
16	162.300	-69.998	
16	162.400	-69.998	
16	162.500	-69.998	
16	162.600	-69.998	
16	162.700	-69.998	
16	162.800	-69.998	
16	162.900	-69.998	
16	163.000	-69.998	
16	163.100	-69.998	
16	163.200	-69.998	
16	163.300	-69.998	
16	163.400	-69.998	
16	163.500	-69.998	
16	163.600	-69.998	
16	163.700	-69.998	
16	163.800	-69.998	
16	163.900	-69.998	
16	164.000	-69.998	
16	164.100	-69.998	
16	164.200	-69.998	
16	164.300	-69.998	
16	164.400	-69.998	
16	164.500	-69.998	
16	164.600	-69.998	
16	164.700	-69.998	
16	164.800	-69.998	
16	164.900	-69.998	
16	165.000	-69.998	
16	165.100	-69.998	
16	165.200	-69.998	
16	165.300	-69.998	
16	165.400	-69.998	
16	165.500	-69.998	
16	165.600	-69.998	
16	165.700	-69.998	
16	165.800	-69.998	
16	165.900	-69.998	
16	166.000	-69.998	
16	166.100	-69.998	
16	166.200	-69.998	
16	166.300	-69.998	
16	166.400	-69.998	
16	166.500	-69.998	
16	166.600	-69.998	
16	166.700	-69.998	
16	166.800	-69.998	
16	166.900	-69.998	
16	167.000	-69.998	
16	167.100	-69.998	
16	167.200	-69.998	
16	167.300	-69.998	
16	167.400	-69.998	
16	167.500	-69.998	
16	167.600	-69.998	
16	167.700	-69.998	
16	167.800	-69.998	
16	167.900	-69.998	
16	168.000	-69.998	
16	168.100	-69.998	
16	168.200	-69.998	
16	168.300	-69.998	
16	168.400	-69.998	
16	168.500	-69.998	
16	168.600	-69.998	
16	168.700	-69.998	
16	168.800	-69.998	
16	168.900	-69.998	
16	169.000	-69.998	
16	169.100	-69.998	
16	169.200	-69.998	
16	169.300	-69.998	
16	169.400	-69.998	
16	169.500	-69.998	
16	169.600	-69.998	
16	169.700	-69.998	
16	169.800	-69.998	
16	169.900	-69.998	
16	170.000	-69.998	
16	170.100	-69.998	
16	170.200	-69.998	
16	170.300	-69.998	
16	170.400	-69.998	
16	170.500	-69.998	
16	170.600	-69.998	
16	170.700	-69.998	
16	170.800	-69.998	
16	170.900	-69.998	
16	171.000	-69.998	
16	171.100	-69.998	
16	171.200	-69.998	
16	171.300	-69.998	
16	171.400	-69.998	
16	171.500	-69.998	
16	171.600	-69.998	
16	171.700	-69.998	
16	171.800	-69.998	
16	171.900	-69.998	
16	172.000	-69.998	
16	172.100	-69.998	
16	172.200	-69.998	
16	172.300	-69.998	
16	172.400	-69.998	
16	172.500	-69.998	
16	172.600	-69.998	
16	172.700	-69.998	
16	172.800	-69.998	
16	172.900	-69.998	
16	173.000	-69.998	
16	173.100	-69.998	
16	173.200	-69.998	
16	173.300	-69.998	
16	173.400	-69.998	
16	173.500	-69.998	
16	173.600	-69.998	
16	173.700	-69.998	
16	173.800	-69.998	
16	173.900	-69.998	
16	174.000	-69.998	
16	174.100	-69.998	
16	174.200	-69.998	
16	174.300	-69.998	
16	174.400	-69.998	
16	174.500	-69.998	
16	174.600	-69.998	
16	174.700	-69.998	
16	174.800	-69.998	
16	174.900	-69.998	
16	175.000	-69.998	
16	175.100	-69.998	
16	175.200	-69.998	
16	175.300	-69.998	
16	175.400	-69.998	
16	175.500	-69.998	
16	175.600	-69.998	
16	175.700	-69.998	
16	175.800	-69.998	
16	175.900	-69.998	
16	176.000	-69.998	
16	176.100	-69.998	
16	176.200	-69.998	
16	176.300	-69.998	
16	176.400	-69.998	
16	176.500	-69.998	
16	176.600	-69.998	
16	176.700	-69.998	
16	176.800	-69.998	
16	176.900	-69.998	
16	177.000	-69.998	
16	177.100	-69.998	
16	177.200	-69.998	
16	177.300	-69.998	
16	177.400	-69.998	
16	177.500	-69.998	
16	177.600	-69.998	
16	177.700	-69.998	
16	177.800	-69.998	
16	177.900	-69.998	
16	178.000	-69.998	
16	178.100	-69.998	
16	178.200	-69.998	
16	178.300	-69.998	
16	178.400	-69.998	
16	178.500	-69.998	
16	178.600	-69.998	
16	178.700	-69.998	
16	178.800	-69.998	
16	178.900	-69.998	
16	179.000	-69.998	
16	179.100	-69.998	
16	179.200	-69.998	
16	179.300	-69.998	
16	179.400	-69.998	
16	179.500	-69.998	
16	179.600	-69.998	
16	179.700	-69.998	
16	179.800	-69.998	
16	179.900	-69.998	
16	180.000	-69.998	
16	180.100	-69.998	
16	180.200	-69.998	
16	180.300	-69.998	
16	180.400	-69.998	
16	180.500	-69.998	
16	180.600	-69.998	
16	180.700	-69.998	
16	180.800	-69.998	
16	180.900	-69.998	
16	181.000	-69.998	
16	181.100	-69.998	
16	181.200	-69.998	
16	181.300	-69.998	
16	181.400	-69.998	
16	181.500	-69.998	
16	181.600	-69.998	
16	181.700	-69.998	
16	181.800	-69.998	
16	181.900	-69.998	
16	182.000	-69.998	
16	182.100	-69.998	
16	182.200	-69.998	
16	182.300	-69.998	
16	182.400	-69.998	
16	182.500	-69.998	
16	182.600	-69.998	
16	182.700	-69.998	
16	182.800	-69.998	
16	182.900	-69.998	
16	183.000	-69.998	
16	183.100	-69.998	
16	183.200	-69.998	
16	183.300	-69.998	
16	183.400	-69.998	
16	183.500	-69.998	
16	183.600	-69.998	
16	183.700	-69.998	
16	183.800	-69.998	
16	183.900	-69.998	
16	184.000	-69.998	
16	184.100	-69.998	
16	184.200	-69.998	
16	184.300	-69.998	
16	184.400	-69.998	
16	184.500	-69.998	
16	184.600	-69.998	
16	184.700	-69.998	
16	184.800	-69.998	
16	184.900	-69.998	
16	185.000	-69.998	
16	185.100	-69.998	
16	185.200	-69.998	
16	185.300	-69.998	
16	185.400	-69.998	
16	185.500	-69.998	
16	185.600	-69.998	
16	185.700	-69.998	
16	185.800	-69.998	
16	185.900	-69.998	
16	186.000	-69.998	
16	186.100	-69.998	
16	186.200	-69.998	
16	186.300	-69.998	
16	186.400	-69.998	
16	186.500	-69.998	
16	186.600	-69.998	
16	186.700	-69.998	
16	186.800	-69.998	
16	186.900	-69.998	
16	187.000	-69.998	
16	187.100	-69.998	
16	187.200	-69.998	
16	187.300	-69.998	
16	187.400	-69.998	
16	187.500	-69.998	
16	187.600	-69.998	
16	187.700	-69.998	
16	187.800	-69.998	
16	187.900	-69.998	
16	188.000	-69.998	
16	188.100	-69.998	
16	188.200	-69.998	
16	188.300	-69.998	
16	188.400	-69.998	
16	188.500	-69.998	
16	188.600	-69.998	
16	188.700	-69.998	
16	188.800	-69.998	
16	188.900	-69.998	
16	189.000	-69.998	
16	189.100	-69.998	
16	189.200	-69.998	
16	189.300	-69.998	
16	189.400	-69.998	
16	189.500	-69.998	
16	189.600	-69.998	
16	189.700	-69.998	
16	189.800	-69.998	
16	189.900	-69.998	
16	190.000	-69.998	
16	190.100	-69.998	
16	190.200	-69.998	
16	190.300	-69.998	
16	190.400	-69.998	
16	190.500	-69.998	
16	190.600	-69.998	
16	190.700	-69.998	
16	190.800	-69.998	
16	190.900	-69.998	
16	191.000	-69.998	
16	191.100	-69.998	
16	191.200	-69.998	
16	191.300	-69.998	
16	191.400	-69.998	
16	191.500	-69.998	
16	191.600	-69.998	
16	191.700	-69.998	
16	191.800	-69.998	
16	191.900	-69.998	
16	192.000	-69.998	
16	192.100	-69.998	
16	192.200	-69.998	
16	192.300	-69.998	
16	192.400	-69.998	
16	192.500	-69.998	
16	192.600	-69.998	
16	192.700	-69.998	
16	192.800	-69.998	
16	192.900	-69.998	
16	193.000	-69.998	
16	193.100	-69.998	
16	193.200	-69.998	
16	193.300	-69.998	
16	193.400	-69.998	
16	193.500	-69.998	
16	193.600	-69.998	
16	193.700	-69.998	
16	193.800	-69.998	
16	193.900	-69.998	
16	194.000	-69.998	
16	194.100	-69.998	
16	194.200	-69.998	
16	194.300	-69.998	
16	194.400	-69.998	
16	194.500	-69.998	
16	194.600	-69.998	
16	194.700	-69.998	
16	194.800	-69.998	
16	194.900	-69.998	
16	195.000	-69.998	
16	195.100	-69.998	
16	195.200	-69.998	
16	195.300	-69.998	
16	195.400	-69.998	
16	195.500	-69.998	
16	195.600	-69.998	
16	195.700	-69.998	
16	195.800	-69.998	
16	195.900	-69.998	
16	196.000	-69.998	
16	196.100	-69.998	
16	196.200	-69.998	
16	196.300	-69.998	
16	196.400	-69.998	
16	196.500	-69.998	
16	196.600	-69.998	
16	196.700	-69.998	
16	196.800	-69.998	
16	196.900	-69.998	
16	197.000	-69.998	
16	197.100	-69.998	
16	197.200	-69.998	
16	197.300	-69.998	
16	197.400	-69.998	
16	197.500	-69.998	
16	197.600	-69.998	
16	197.700	-69.998	
16	197.800	-69.998	
16	197.900	-69.998	
16	198.000	-69.998	
16	198.100	-69.998	
16	198.200	-69.998	
16	198.300	-69.998	
16	198.400	-69.998	
16	198.500	-69.998	
16	198.600	-69.998	
16	198.700	-69.998	
16	198.800	-69.998	
16	198.900	-69.998	
16	199.000	-69.998	
16	199.100	-69.998	
16	199.200	-69.998	
16	199.300	-69.998	
16	199.400	-69.998	
16	199.500	-69.998	
16	199.600	-69.998	
16	199.700	-69.998	
16	199.800	-69.998	
16	199.900	-69.998	
16	200.000	-69.998	
16	200.100	-69.998	
16	200.200	-69.998	
16	200.300	-69.998	
16	200.400	-69.998	
16	200.500	-69.998	
16	200.600	-69.998	
16	200.700	-69.998	
16	200.800	-69.998	
16	200.900	-69.998	
16	201.000	-69.998	
16	201.100	-69.998	
16	201.200	-69.998	
16	201.300	-69.998	
16	201.400	-69.998	
16	201.500	-69.998	
16	201.600	-69.998	
16	201.700	-69.998	
16	201.800	-69.998	
16	201.900	-69.998	
16	202.000	-69.998	
16	202.100	-69.998	
16	202.200	-69.998	
16	202.300	-69.998	
16	202.400	-69.998	
16	202.500	-69.998	
16	202.600	-69.998	
16	202.700	-69.998	
16	202.800	-69.998	
16	202.900	-69.998	
16	203.000	-69.998	
16	203.100	-69.998	
16	203.200	-69.998	
16	203.300	-69.998	
16	203.400	-69.998	
16	203.500	-69.998	
16	203.600	-69.998	
16	203.700	-69.998	
16	203.800	-69.998	
16	203.900	-69.998	
16	204.000	-69.998	
16	204.100	-69.998	
16	204.200	-69.998	
16	204.300	-69.998	
16	204.400	-69.998	
16	204.500	-69.998	
16	204.600	-69.998	
16	204.700	-69.998	
16	204.800	-69.998	
16	204.900	-69.998	
16	205.000	-69.998	
16	205.100	-69.998	
16	205.200	-69.998	
16	205.300	-69.998	
16	205.400	-69.998	
16	205.500	-69.998	
16	205.600	-69.998	
16	205.700	-69.998	
16	205.800	-69.998	
16	205.900	-69.998	
16	206.000	-69.998	
16	206.100	-69.998	
16	206.200	-69.998	
16	206.300	-69.998	
16	206.400	-69.998	
16	206.500	-69.998	
16	206.600	-69.998	
16	206.700	-69.998	
16	206.800	-69.998	
16	206.900	-69.998	
16	207.000	-69.998	
16	207.100	-69.998	
16	207.200	-69.998	
16	207.300	-69.998	
16	207.400	-69.998	
16	207.500	-69.998	
16	207.600	-69.998	
16	207.700	-69.998	
16	207.800	-69.998	
16	207.900	-69.998	
16	208.000	-69.998	
16	208.100	-69.998	
16	208.200	-69.998	
16	208.300	-69.998	
16	208.400	-69.998	
16	208.500	-69.998	
16	208.600	-69.998	
16	208.700	-69.998	
16	208.800	-69.998	
16	208.900	-69.998	
16	209.000	-69.998	
16	209.100	-69.998	
16	209.200	-69.998	
16	209.300	-69.998	
16	209.400	-69.998	
16	209.500	-69.998	
16	209.600	-69.998	
16	209.700	-69.998	
16	209.800	-69.998	
16	209.900	-69.998	
16	210.000	-69.998	
16	210.100	-69.998	
16	210.200	-69.998	
16	210.300	-69.998	
16	210.400	-69.998	
16	210.500	-69.998	
16	210.600	-69.998	
16	210.700	-69.998	
16	210.800	-69.998	
16	210.900	-69.998	
16	211.000	-69.998	
16	211.100	-69.998	
16	211.200	-69.998	
16	211.300	-69.998	
16	211.400	-69.998	
16	211.500	-69.998	
16	211.600	-69.998	
16	211.700	-69.998	
16	211.800	-69.998	
16	211.900	-69.998	
16	212.000	-69.998	
16	212.100	-69.998	
16	212.200	-69.998	
16	212.300	-69.998	
16	212.400	-69.998	
16	212.500	-69.998	
16	212.600	-69.998	
16	212.700	-69.998	
16	212.800	-69.998	
16	212.900	-69.998	
16	213.000	-69.998	
16	213.100	-69.998	
16	213.200	-69.998	
16	213.300	-69.998	
16	213.400	-69.998	
16	213.500	-69.998	
16	213.600	-69.998	
16	213.700	-69.998	
16	213.800	-69.998	
16	213.900	-69.998	
16	214.000	-69.998	
16	214.100	-69.998	
16	214.200	-69.998	
16	214.300	-69.998	
16	214.400	-69.998	
16	214.500	-69.998	
16	214.600	-69.998	
16	214.700	-69.998	
16	214.800	-69.998	
16	214.900	-69.998	
16	215.000	-69.998	
16	215.100	-69.998	
16	215.200	-69.998	
16	215.300	-69.998	
16	215.400	-69.998	
16	215.500	-69.998	
16	215.600	-69.998	
16	215.700	-69.998	
16	215.800	-69.998	
16	215.900	-69.998	
16	216.000	-69.998	
16	216.100	-69.998	
16	216.200	-69.998	
16	216.300	-69.998	
16	216.400	-69.998	
16	216.500	-69.998	
16	216.600	-69.998	
16	216.700	-69.998	
16	216.800	-69.998	
16	216.900	-69.998	
16	217.000	-69.998	
16	217.100	-69.998	
16	217.200	-69.998	
16	217.300	-69.998	
16	217.400	-69.998	
16	217.500	-69.998	
16	217.600	-69.998	
16	217.700	-69.998	
16	217.800	-69.998	
16	217.900	-69.998	
16	218.000	-69.998	
16	218.100	-69.998	
16	218.200	-69.998	
16	218.300	-69.998	
16	218.400	-69.998	
16	218.500	-69.998	
16	218.600	-69.998	
16	218.700	-69.998	
16	218.800	-69.998	
16	218.900	-69.998	
16	219.000	-69.998	
16	219.100	-69.998	
16	219.200	-69.998	
16	219.300	-69.998	
16	219.400	-69.998	
16	219.500	-69.998	
16	219.600	-69.998	
16	219.700	-69.998	
16	219.800	-69.998	
16	219.900	-69.998	
16	220.000	-69.998	
16	220.100	-69.998	
16	220.200	-69.998	
16	220.300	-69.998	
16	220.400	-69.998	
16	220.500	-69.998	
16	220.600	-69.998	
16	220.700	-69.998	
16	220.800	-69.998	
16	220.900	-69.998	
16	221.000	-69.998	
16	221.100	-69.998	
16	221.200	-69.998	
16	221.300	-69.998	
16	221.400	-69.998	
16	221.500	-69.998	
16	221.600	-69.998	
16	221.700	-69.998	
16	221.800	-69.998	
16	221.900	-69.998	
16	222.000	-69.998	
16	222.100	-69.998	
16	222.200	-69.998	
16	222.300	-69.998	
16	222.400	-69.998	
16	222.500	-69.998	
16	222.600	-69.998	
16	222.700	-69.998	
16	222.800	-69.998	
16	222.900	-69.998	
16	223.000	-69.998	
16	223.100	-69.998	
16	223.200	-69.998	
16	223.300	-69.998	
16	223.400	-69.998	
16	223.500	-69.998	
16	223.600	-69.998	
16	223.700	-69.998	
16	223.800	-69.998	
16	223.900	-69.998	
16	224.000	-69.998	
16	224.100	-69.998	
16	224.200	-69.998	
16	224.300	-69.998	
16	224.400	-69.998	
16	224.500	-69.998	
16	224.600	-69.998	
16	224.700	-69.998	
16	224.800	-69.998	
16	224.900	-69.998	
16	225.000	-69.998	
16	225.100	-69.998	
16	225.200	-69.998	
16	225.300	-69.998	
16	225.400	-69.998	
16	225.500	-69.998	
16	225.600	-69.998	
16	225.700	-69.998	
16	225.800	-69.998	
16	225.900	-69.998	
16	226.000	-69.998	
16	226.100	-69.998	
16	226.200	-69.998	
16	226.300	-69.998	
16	226.400	-69.998	
16	226.500	-69.998	
16	226.600	-69.998	
16	226.700	-69.998	
16	226.800	-69.998	
16	226.900	-69.998	
16	227.000	-69.998	
16	227.100	-69.998	
16	227.200	-69.998	
16	227.300	-69.998	
16	227.400	-69.998	
16	227.500	-69.998	
16	227.600	-69.998	
16	227.700	-69.998	
16	227.800	-69.998	
16	227.900	-69.998	
16	228.000	-69.998	
16	228.100	-69.998	
16	228.200	-69.998	
16	228.300	-69.998	
16	228.400	-69.998	
16	228.500	-69.998	
16	228.600	-69.998	
16	228.700	-69.998	
16	228.800	-69.998	
16	228.900	-69.998	
16	229.000	-69.998	
16	229.100	-69.998	
16	229.200	-69.998	
16	229.300	-69.998	
16	229.400	-69.998	
16	229.500	-69.998	
16	229.600	-69.998	
16	229.700	-69.998	
16	229.800	-69.998	
16	229.900	-69.998	
16	230.000	-69.998	
16	230.100	-69.998	
16	230.200	-69.998	
16	230.300	-69.998	
16	230.400	-69.998	
16	230.500	-69.998	
16	230.600	-69.998	
16	230.700	-69.998	
16	230.800	-69.998	
16	230.900	-69.998	
16	231.000	-69.998	
16	231.100	-69.998	
16	231.200	-69.998	
16	231.300	-69.998	
16	231.400	-69.998	
16	231.500	-69.998	
16	231.600	-69.998	
16	231.700	-69.998	
16	231.800	-69.998	
16	231.900	-69.998	
16	232.000	-69.998	
16	232.100	-69.998	
16	232.200	-69.998	
16	232.300	-69.998	
16	232.400	-69.998	
16	232.500	-69.998	
16	232.600	-69.998	
16	232.700	-69.998	
16	232.800	-69.998	
16	232.900	-69.998	
16	233.000	-69.998	
16	233.100	-69.998	
16	233.200	-69.998	
16	233.300	-69.998	
16	233.400	-69.998	
16	233.500	-69.998	
16	233.600	-69.998	
16	233.700	-69.998	
16	233.800	-69.998	
16	233.900	-69.998	
16	234.000	-69.998	
16	234.100	-69.998	
16	234.200	-69.998	
16	234.300	-69.998	
16	234.400	-69.998	
16	234.500	-69.998	
16	234.600	-69.998	
16	234.700	-69.998	
16	234.800	-69.998	
16	234.900	-69.998	
16	235.000	-69.998	
16	235.100	-69.998	
16	235.200	-69.998	
16	235.300	-69.998	
16	235.400	-69.998	
16	235.500	-69.998	
16	235.600	-69.998	
16	235.700	-69.998	
16	235.800	-69.998	
16	235.900	-69.998	
16	236.000	-69.998	
16	236.100	-69.998	
16	236.200	-69.998	
16	236.300	-69.998	
16	236.400	-69.998	
16	236.500	-69.998	
16	236.600	-69.998	
16	236.700	-69.998	
16	236.800	-69.998	
16	236.900	-69.998	
16	237.000	-69.998	
16	237.100	-69.998	
16	237.200	-69.998	
16	237.300	-69.998	
16	237.400	-69.998	
16	237.500	-69.998	
16	237.600	-69.998	
16	237.700	-69.998	
16	237.800	-69.998	
16	237.900	-69.998	
16	238.000	-69.998	
16	238.100	-69.998	
16	238.200	-69.998	
16	238.300	-69.998	
16	238.400	-69.998	
16	238.500	-69.998	
16	238.600	-69.998	
16	238.700	-69.998	
16	238.800	-69.998	
16	238.900	-69.998	
16	239.000	-69.998	
16	239.100	-69.998	
16	239.200	-69.998	
16	239.300	-69.998	
16	239.400	-69.998	
16	239.500	-69.998	
16	239.600	-69.998	
16	239.700	-69.998	
16	239.800	-69.998	
16	239.900	-69.998	
16	240.000	-69.998	
16	240.100	-69.998	
16	240.200	-69.998	
16	240.300	-69.998	
16	240.400	-69.998	
16	240.500	-69.998	
16	240.600	-69.998	
16	240.700	-69.998	
16	240.800	-69.998	
16	240.900	-69.998	
16	241.000	-69.998	
16	241.100	-69.998	
16	241.200	-69.998	
16	241.300	-69.998	
16	241.400	-69.998	
16	241.500	-69.998	
16	241.600	-69.998	
16	241.700	-69.998	
16	241.800	-69.998	
16	241.900	-69.998	
16	242.000	-69.998	
16	242.100	-69.998	
16	242.200	-69.998	
16	242.300	-69.998	
16	242.400	-69.998	
16	242.500	-69.998	
16	242.600	-69.998	
16	242.700	-69.998	
16	242.800	-69.998	
16	242.900	-69.998	
16	243.000	-69.998	
16	243.100	-69.998	
16	243.200	-69.998	
16	243.300	-69.998	
16	243.400	-69.998	
16	243.500	-69.998	
16	243.600	-69.998	
16	243.700	-69.998	
16	243.800	-69.998	
16	243.900	-69.998	
16	244.000	-69.998	
16	244.100	-69.998	
16	244.200	-69.998	
16	244.300	-69.998	
16	244.400	-69.998	
16	244.500	-69.998	
16	244.600	-69.998	
16	244.700	-69.998	
16	244.800	-69.998	
16	244.900	-69.998	
16	245.000	-69.998	
16	245.100	-69.998	
16	245.200	-69.998	
16	245.300	-69.998	
16	245.400	-69.998	
16	245.500	-69.998	
16	245.600	-69.998	
16	245.700	-69.998	
16	245.800	-69.998	
16	245.900	-69.998	
16	246.000	-69.998	
16	246.100	-69.998	
16	246.200	-69.998	
16	246.300	-69.998	
16	246.400	-69.998	
16	246.500	-69.998	
16	246.600	-69.998	
16	246.700	-69.998	
16	246.800	-69.998	
16	246.900	-69.998	
16	247.000	-69.998	
16	247.100	-69.998	
16	247.200	-69.998	
16	247.300	-69.998	
16	247.400	-69.998	
16	247.500	-69.998	
16	247.600	-69.998	
16	247.700	-69.998	
16	247.800	-69.998	
16	247.900	-69.998	
16	248.000	-69.998	
16	248.100	-69.998	
16	248.200	-69.998	
16	248.300	-69.998	
16	248.400	-69.998	
16	248.500	-69.998	
16	248.600	-69.998	
16	248.700	-69.998	
16	248.800	-69.998	
16	248.900	-69.998	
16	249.000	-69.998	
16	249.100	-69.998	
16	249.200	-69.998	
16	249.300	-69.998	
16	249.400	-69.998	
16	249.500	-69.998	
16	249.600	-69.998	
16	249.700	-69.998	
16	249.800	-69.998	
16	249.900	-69.998	
16	250.000	-69.998	
16	250.100	-69.998	
16	250.200	-69.998	
16	250.300	-69.998	
16	250.400	-69.998	
16	250.500	-69.998	
16	250.600	-69.998	
16	250.700	-69.998	
16	250.800	-69.998	
16	250.900	-69.998	
16	251.000	-69.998	
16	251.100	-69.998	
16	251.200	-69.998	
16	251.300	-69.998	
16	251.400	-69.998	
16	251.500	-69.998	
16	251.600	-69.998	
16	251.700	-69.998	
16	251.800	-69.998	
16	251.900	-69.998	
16	252.000	-69.998	
16	252.100	-69.998	
16	252.200	-69.998	
16	252.300	-69.998	
16	252.400	-69.998	
16	252.500	-69.998	
16	252.600	-69.998	
16	252.700	-69.998	
16	252.800	-69.998	
16	252.900	-69.998	
16	253.000	-69.998	
16	253.100	-69.998	
16	253.200	-69.998	
16	253.300	-69.998	
16	253.400	-69.998	
16	253.500	-69.998	
16	253.600	-69.998	
16	253.700	-69.998	
16	253.800	-69.998	
16	253.900	-69.998	
16	254.000	-69.998	
16	254.100	-69.998	
16	254.200	-69.998	
16	254.300	-69.998	
16	254.400	-69.998	
16	254.500	-69.998	
16	254.600	-69.998	
16	254.700	-69.998	
16	254.800	-69.998	
16	254.900	-69.998	
16	255.000	-69.998	
16	255.100	-69.998	
16	255.200	-69.998	
16	255.300	-69.998	
16	255.400	-69.998	
16	255.500	-69.998	
16	255.600	-69.998	
16	255.700	-69.998	
16	255.800	-69.998	
16	255.900	-69.998	
16	256.000	-69.998	
16	256.100	-69.998	
16	256.200	-69.998	
16	256.300	-69.998	
16	256.400	-69.998	
16	256.500	-69.998	
16	256.600	-69.998	
16	256.700	-69.998	
16	256.800	-69.998	
16	256.900	-69.998	
16	257.000	-69.998	
16	257.100	-69.998	
16	257.200	-69.998	
16	257.300	-69.998	
16	257.400	-69.998	
16	257.500	-69.998	
16	257.600	-69.998	
16	257.700	-69.998	
16	257.800	-69.998	
16	257.900	-69.998	
16	258.000	-69.998	
16	258.100	-69.998	
16	258.200	-69.998	
16	258.300	-69.998	
16	258.400	-69.998	
16	258.500	-69.998	
16	258.600	-69.998	
16	258.700	-69.998	
16	258.800	-69.998	
16	258.900	-69.998	
16	259.000	-69.998	
16	259.100	-69.998	
16	259.200	-69.998	
16	259.300	-69.998	
16	259.400	-69.998	
16	259.500	-69.998	
16	259.600	-69.998	
16	259.700	-69.998	
16	259.800	-69.998	
16	259.900	-69.998	
16	260.000	-69.998	
16	260.100	-69.998	
16	260.200	-69.998	
16	260.300	-69.998	
16	260.400	-69.998	
16	260.500	-69.998	
16	260.600	-69.998	
16	260.700	-69.998	
16	260.800	-69.998	
16	260.900	-69.998	
16	261.000	-69.998	
16	261.100	-69.998	
16	261.200	-69.998	
16	261.300	-69.998	
16	261.400	-69.998	
16	261.500	-69.998	
16	261.600	-69.998	
16	261.700	-69.998	
16	261.800	-69.998	
16	261.900	-69.998	
16	262.000	-69.998	
16	262.100	-69.998	
16	262.200	-69.998	
16	262.300	-69.998	
16	262.400	-69.998	
16	262.500	-69.998	
16	262.600	-69.998	
16	262.700	-69.998	
16	262.800	-69.998	
16	262.900	-69.998	
16	263.000	-69.998	
16	263.100	-69.998	
16	263.200	-69.998	
16	263.300	-69.998	
16	263.400	-69.998	
16	263.500	-69.998	
16	263.600	-69.998	
16	263.700	-69.998	
16	263.800	-69.998	
16	263.900	-69.998	
16	264.000	-69.998	
16	264.100	-69.998	
16	264.200	-69.998	
16	264.300	-69.998	
16	264.400	-69.998	
16	264.500	-69.998	
16	264.600	-69.998	
16	264.700	-69.998	
16	264.800	-69.998	
16	264.900	-69.998	
16	265.000	-69.998	
16	265.100	-69.998	
16	265.200	-69.998	
16	265.300	-69.998	
16	265.400	-69.998	
16	265.500	-69.998	
16	265.600	-69.998	
16	265.700	-69.998	
16	265.800	-69.998	
16	265.900	-69.998	
16	266.000	-69.998	
16	266.100	-69.998	
16	266.200	-69.998	
16	266.300	-69.998	
16	266.400	-69.998	
16	266.500	-69.998	
16	266.600	-69.998	
16	266.700	-69.998	
16	266.800	-69.998	
16	266.900	-69.998	
16	267.000	-69.998	
16	267.100	-69.998	
16	267.200	-69.998	
16	267.300	-69.998	
16	267.400	-69.998	
16	267.500	-69.998	
16	267.600	-69.998	
16	267.700	-69.998	
16	267.800	-69.998	
16	267.900	-69.998	
16	268.000	-69.998	
16	268.100	-69.998	
16	268.200	-69.998	
16	268.300	-69.998	
16	268.400	-69.998	
16	268.500	-69.998	
16	268.600	-69.998	
16	268.700	-69.998	
16	268.800	-69.998	
16	268.900	-69.998	
16	269.000	-69.998	
16	269.100	-69.998	
16	269.200	-69.998	
16	269.300	-69.998	
16	269.400	-69.998	
16	269.500	-69.998	
16	269.600	-69.998	
16	269.700	-69.998	
16	269.800	-69.998	
16	269.900	-69.998	
16	270.000	-69.998	
16	270.100	-69.998	
16	270.200	-69.998	
16	270.300	-69.998	
16	270.400	-69.998	
16	270.500	-69.998	
16	270.600	-69.998	
16	270.700	-69.998	
16	270.800	-69.998	
16	270.900	-69.998	
16	271.000	-69.998	
16	271.100	-69.998	
16	271.200	-69.998	
16	271.300	-69.998	
16	271.400	-69.998	
16	271.500	-69.998	
16	271.600	-69.998	
16	271.700	-69.998	
16	271.800	-69.998	
16	271.900	-69.998	
16	272.000	-69.998	
16	272.100	-69.998	
16	272.200	-69.998	
16	272.300	-69.998	
16	272.400	-69.998	
16	272.500	-69.998	
16	272.600	-69.998	
16	272.700	-69.998	
16	272.800	-69.998	
16	272.900	-69.998	
16	273.000	-69.998	
16	273.100	-69.998	
16	273.200	-69.998	
16	273.300	-69.998	
16	273.400	-69.998	
16	273.500	-69.998	
16	273.600	-69.998	
16	273.700	-69.998	
16	273.800	-69.998	
16	273.900	-69.998	
16	274.000	-69.998	
16	274.100	-69.998	
16	274.200	-69.998	
16	274.300	-69.998	
16	274.400	-69.998	
16	274.500	-69.998	
16	274.600	-69.998	
16	274.700	-69.998	
16	274.800	-69.998	
16	274.900	-69.998	
16	275.000	-69.998	
16	275.100	-69.998	
16	275.200	-69.998	
16	275.300	-69.998	
16	275.400	-69.998	
16	275.500	-69.998	
16	275.600	-69.998	
16	275.700	-69.998	
16	275.800	-69.998	
16	275.900	-69.998	
16	276.000	-69.998	
16	276.100	-69.998	
16	276.200	-69.998	
16	276.300	-69.998	
16	276.400	-69.998	
16	276.500	-69.998	
16	276.600	-69.998	
16	276.700	-69.998	
16	276.800	-69.998	
16	276.900	-69.998	
16	277.000	-69.998	
16	277.100	-69.998	
16	277.200	-69.998	
16	277.300	-69.998	
16	277.400	-69.998	
16	277.500	-69.998	
16	277.600	-69.998	
16	277.700	-69.998	
16	277.800	-69.998	
16	277.900	-69.998	
16	278.000	-69.998	
16	278.100	-69.998	
16	278.200	-69.998	
16	278.300	-69.998	
16	278.400	-69.998	
16	278.500	-69.998	
16	278.600	-69.998	
16	278.700	-69.998	
16	278.800	-69.998	
16	278.900	-69.998	
16	279.000	-69.998	
16	279.100	-69.998	
16	279.200	-69.998	
16	279.300	-69.998	
16	279.400	-69.998	
16	279.500	-69.998	
16	279.600	-69.998	
16	279.700	-69.998	
16	279.800	-69.998	
16	279.900	-69.998	
16	280.000	-69.998	
16	280.100	-69.998	
16	280.200	-69.998	
16	280.300	-69.998	
16	280.400	-69.998	
16	280.500	-69.998	
16	280.600	-69.998	
16	280.700	-69.998	
16	280.800	-69.998	
16	280.900	-69.998	
16	281.000	-69.998	
16	281.100	-69.998	
16	281.200	-69.998	
16	281.300	-69.998	
16	281.400	-69.998	
16	281.500	-69.998	
16	281.600	-69.998	
16	281.700	-69.998	
16	281.800	-69.998	
16	281.900	-69.998	
16	282.000	-69.998	
16	282.100	-69.998	
16	282.200	-69.998	
16	282.300	-69.998	
16	282.400	-69.998	
16	282.500	-69.998	
16	282.600	-69.998	
16	282.700	-69.998	
16	282.800	-69.998	
16	282.900	-69.998	
16	283.000	-69.998	
16	283.100	-69.998	
16	283.200	-69.998	
16	283.300	-69.998	
16	283.400	-69.998	
16	283.500	-69.998	
16	283.600	-69.998	
16	283.700	-69.998	
16	283.800	-69.998	
16	283.900	-69.998	
16	284.000	-69.998	
16	284.100	-69.998	
16	284.200	-69.998	
16	284.300	-69.998	
16	284.400	-69.998	
16	284.500	-69.998	
16	284.600	-69.998	
16	284.700	-69.998	
16	284.800	-69.998	
16	284.900	-69.998	
16	285.000	-69.998	
16	285.100	-69.998	
16	285.200	-69.998	
16	285.300	-69.998	
16	285.400	-69.998	
16	285.500	-69.998	
16	285.600	-69.998	
16	285.700	-69.998	
16	285.800	-69.998	
16	285.900	-69.998	
16	286.000	-69.998	
16	286.100	-69.998	
16	286.200	-69.998	
16	286.300	-69.998	
16	286.400	-69.998	
16	286.500	-69.998	
16	286.600	-69.998	
16	286.700	-69.998	
16	286.800	-69.998	
16	286.900	-69.998	
16	287.000	-69.998	
16	287.100	-69.998	
16	287.200	-69.998	
16	287.300	-69.998	
16	287.400	-69.998	
16	287.500	-69.998	
16	287.600	-69.998	
16	287.700	-69.998	
16	287.800	-69.998	
16	287.900	-69.998	
16	288.000	-69.998	
16	288.100	-69.998	
16	288.200	-69.998	
16	288.300	-69.998	
16	288.400	-69.998	
16	288.500	-69.998	
16	288.600	-69.998	
16	288.700	-69.998	
16	288.800	-69.998	
16	288.900	-69.998	
16	289.000	-69.998	
16	289.100	-69.998	
16	289.200	-69.998	
16	289.300	-69.998	
16	289.400	-69.998	
16	289.500	-69.998	
16	289.600	-69.998	
16	289.700	-69.998	
16	289.800	-69.998	
16	289.900	-69.998	
16	290.000	-69.998	
16	290.100	-69.998	
16	290.200	-69.998	
16	290.300	-69.998	
16	290.400	-69.998	
16	290.500	-69.998	
16	290.600	-69.998	
16	290.700	-69.998	
16	290.800	-69.998	
16	290.900	-69.998	
16	291.000	-69.998	
16	291.100	-69.998	
16	291.200	-69.998	
16	291.300	-69.998	
16	291.400	-69.998	
16	291.500	-69.998	
16	291.600	-69.998	
16	291.700	-69.998	
16	291.800	-69.998	
16	291.900	-69.998	
16	292.000	-69.998	
16	292.100	-69.998	
16	292.200	-69.998	
16	292.300	-69.998	
16	292.400	-69.998	
16	292.500	-69.998	
16	292.600	-69.998	
16	292.700	-69.998	
16	292.800	-69.998	
16	292.900	-69.998	
16	293.000	-69.998	
16	293.100	-69.998	
16	293.200	-69.998	
16	293.300	-69.998	
16	293.400	-69.998	
16	293.500	-69.998	
16	293.600	-69.998	
16	293.700	-69.998	
16	293.800	-69.998	
16	293.900	-69.998	
16	294.000	-69.998	
16	294.100	-69.998	
16	294.200	-69.998	
16	294.300	-69.998	
16	294.400	-69.998	
16	294.500	-69.998	
16	294.600	-69.998	
16	294.700	-69.998	
16	294.800	-69.998	
16	294.900	-69.998	
16	295.000	-69.998	
16	295.100	-69.998	
16	295.200	-69.998	
16	295.300	-69.998	
16	295.400	-69.998	
16	295.500	-69.998	
16	295.600	-69.998	
16	295.700	-69.998	
16	295.800	-69.998	
16	295.900	-69.998	
16	296.000	-69.998	
16	296.100	-69.998	
16	296.200	-69.998	
16	296.300	-69.998	
16	296.400	-69.998	
16	296.500	-69.998	
16	296.600	-69.998	
16	296.700	-69.998	
16	296.800	-69.998	
16	296.900	-69.998	
16	297.000	-69.998	
16	297.100	-69.998	
16	297.200	-69.998	
16	297.300	-69.998	
16	297.400	-69.998	
16	297.500	-69.998	
16	297.600	-69.998	
16	297.700	-69.998	
16	297.800	-69.998	
16	297.900	-69.998	
16	298.000	-69.998	
16	298.100	-69.998	
16	298.200	-69.998	
16	298.300	-69.998	
16	298.400	-69.998	
16	298.500	-69.998	
16	298.600	-69.998	
16	298.700	-69.998	
16	298.800	-69.998	
16	298.900	-69.998	
16	299.000	-69.998	
16	299.100	-69.998	
16	299.200	-69.998	
16	299.300	-69.998	
16	299.400	-69.998	
16	299.500	-69.998	
16	299.600	-69.998	
16	299.700	-69.998	
16	299.800	-69.998	
16	299.900	-69.998	
16	300.000	-69.998	
16	300.100	-69.998	
16	300.200	-69.998	
16	300.300	-69.998	
16	300.400	-69.998	
16	300.500	-69.998	
16	300.600	-69.998	
16	300.700	-69.998	
16	300.800	-69.998	
16	300.900	-69.998	
16	301.000	-69.998	
16	301.100	-69.998	
16	301.200	-69.998	
16	301.300	-69.998	
16	301.400	-69.998	
16	301.500	-69.998	
16	301.600	-69.998	
16	301.700	-69.998	
16	301.800	-69.998	
16	301.900	-69.998	
16	302.000	-69.998	
16	302.100	-69.998	
16	302.200	-69.998	
16	302.300	-69.998	
16	302.400	-69.998	
16	302.500	-69.998	
16	302.600	-69.998	
16	302.700	-69.998	
16	302.800	-69.998	
16	302.900	-69.998	
16	303.000	-69.998	
16	303.100	-69.998	
16	303.200	-69.998	
16	303.300	-69.998	
16	303.400	-69.998	
16	303.500	-69.998	
16	303.600	-69.998	
16	303.700	-69.998	
16	303.800	-69.998	
16	303.900	-69.998	
16	304.000	-69.998	
16	304.100	-69.998	
16	304.200	-69.998	
16	304.300	-69.998	
16	304.400	-69.998	
16	304.500	-69.998	
16	304.600	-69.998	
16	304.700	-69.998	
16	304.800	-69.998	
16	304.900	-69.998	
16	305.000	-69.998	
16	305.100	-69.998	
16	305.200	-69.998	
16	305.300	-69.998	
16	305.400	-69.998	
16	305.500	-69.998	
16	305.600	-69.998	
16	305.700	-69.998	
16	305.800	-69.998	
16	305.900	-69.998	
16	306.000	-69.998	
16	306.100	-69.998	
16	306.200	-69.998	
16	306.300	-69.998	
16	306.400	-69.998	
16	306.500	-69.998	
16	306.600	-69.998	
16	306.700	-69.998	
16	306.800	-69.998	
16	306.900	-69.998	
16	307.000	-69.998	
16	307.100	-69.998	
16	307.200	-69.998	
16	307.300	-69.998	
16	307.400	-69.998	
16	307.500	-69.998	
16	307.600	-69.998	
16	307.700	-69.998	
16	307.800	-69.998	
16	307.900	-69.998	
16	308.000	-69.998	
16	308.100	-69.998	
16	308.200	-69.998	
16	308.300	-69.998	
16	308.400	-69.998	
16	308.500	-69.998	
16	308.600	-69.998	
16	308.700	-69.998	
16	308.800	-69.998	
16	308.900	-69.998	
16	309.000	-69.998	
16	309.100	-69.998	
16	309.200	-69.998	
16	309.300	-69.998	
16	309.400	-69.998	
16	309.500	-69.998	
16	309.600	-69.998	
16	309.700	-69.998	
16	309.800	-69.998	
16	309.900	-69.998	
16	310.000	-69.998	
16	310.100	-69.998	
16	310.200	-69.998	
16	310.300	-69.998	
16	310.400	-69.998	
16	310.500	-69.998	
16	310.600	-69.998	
16	310.700	-69.998	
16	310.800	-69.998	
16	310.900	-69.998	
16	311.000	-69.998	
16	311.100	-69.998	
16	311.200	-69.998	
16	311.300	-69.998	
16	311.400	-69.998	
16	311.500	-69.998	
16	311.600	-69.998	
16	311.700	-69.998	
16	311.800	-69.998	
16	311.900	-69.998	
16	312.000	-69.998	
16	312.100	-69.998	
16	312.200	-69.998	
16	312.300	-69.998	
16	312.400	-69.998	
16	312.500	-69.998	
16	312.600	-69.998	
16	312.700	-69.998	
16	312.800	-69.998	
16	312.900	-69.998	
16	313.000	-69.998	
16	313.100	-69.998	
16	313.200	-69.998	
16	313.300	-69.998	
16	313.400	-69.998	
16	313.500	-69.998	
16	313.600	-69.998	
16	313.700	-69.998	
16	313.800	-69.998	
16	313.900	-69.998	
16	314.000	-69.998	
16	314.100	-69.998	
16	314.200	-69.998	
16	314.300	-69.998	
16	314.400	-69.998	
16	314.500	-69.998	
16	314.600	-69.998	
16	314.700	-69.998	
16	314.800	-69.998	
16	314.900	-69.998	
16	315.000	-69.998	
16	315.100	-69.998	
16	315.200	-69.998	
16	315.300	-69.998	
16	315.400	-69.998	
16	315.500	-69.998	
16	315.600	-69.998	
16	315.700	-69.998	
16	315.800	-69.998	
16	315.900	-69.998	
16	316.000	-69.998	
16	316.100	-69.998	
16	316.200	-69.998	
16	316.300	-69.998	
16	316.400	-69.998	
16	316.500	-69.998	
16	316.600	-69.998	
16	316.700	-69.998	
16	316.800	-69.998	
16	316.900	-69.998	
16	317.000	-69.998	
16	317.100	-69.998	
16	317.200	-69.998	
16	317.300	-69.998	
16	317.400	-69.998	
16	317.500	-69.998	
16	317.600	-69.998	
16	317.700	-69.998	
16	317.800	-69.998	
16	317.900	-69.998	
16	318.000	-69.998	
16	318.100	-69.998	
16	318.200	-69.998	
16	318.300	-69.998	
16	318.400	-69.998	
16	318.500	-69.998	
16	318.600	-69.998	
16	318.700	-69.998	
16	318.800	-69.998	
16	318.900	-69.998	
16	319.000	-69.998	
16	319.100	-69.998	
16	319.200	-69.998	
16	319.300	-69.998	
16	319.400	-69.998	
16	319.500	-69.998	
16	319.600	-69.998	
16	319.700	-69.998	
16	319.800	-69.998	
16	319.900	-69.998	
16	320.000	-69.998	
16	320.100	-69.998	
16	320.200	-69.998	
16	320.300	-69.998	
16	320.400	-69.998	
16	320.500	-69.998	
16	320.600	-69.998	
16	320.700	-69.998	
16	320.800	-69.998	
16	320.900	-69.998	
16	321.000	-69.998	
16	321.100	-69.998	
16	321.200	-69.998	
16	321.300	-69.998	
16	321.400	-69.998	
16	321.500	-69.998	
16	321.600	-69.998	
16	321.700	-69.998	
16	321.800	-69.998	
16	321.900	-69.998	
16	322.000	-69.998	
16	322.100	-69.998	
16	322.200	-69.998	
16	322.300	-69.998	
16	322.400	-69.998	
16	322.500	-69.998	
16	322.600	-69.998	
16	322.700	-69.998	
16	322.800	-69.998	
16	322.900	-69.998	
16	323.000	-69.998	
16	323.100	-69.998	
16	323.200	-69.998	
16	323.300	-69.998	
16	323.400	-69.998	
16	323.500	-69.998	
16	323.600	-69.998	
16	323.700	-69.998	
16	323.800	-69.998	
16	323.900	-69.998	
16	324.000	-69.998	
16	324.100	-69.998	
16	324.200	-69.998	
16	324.300	-69.998	
16	324.400	-69.998	
16	324.500	-69.998	
16	324.600	-69.998	
16	324.700	-69.998	
16	324.800	-69.998	
16	324.900	-69.998	
16	325.000	-69.998	
16	325.100	-69.998	
16	325.200	-69.998	
16	325.300	-69.998	
16	325.400	-69.998	
16	325.500	-69.998	
16	325.600	-69.998	
16	325.700	-69.998	
16	325.800	-69.998	
16	325.900	-69.998	
16	326.000	-69.998	
16	326.100	-69.998	
16	326.200	-69.998	
16	326.300	-69.998	
16	326.400	-69.998	
16	326.500	-69.998	
16	326.600	-69.998	
16	326.700	-69.998	
16	326.800	-69.998	
16	326.900	-69.998	
16	327.000	-69.998	
16	327.100	-69.998	
16	327.200	-69.998	
16	327.300	-69.998	
16	327.400	-69.998	
16	327.500	-69.998	
16	327.600	-69.998	
16	327.700	-69.998	
16	327.800	-69.998	
16	327.900	-69.998	
16	328.000	-69.998	
16	328.100	-69.998	
16	328.200	-69.998	
16	328.300	-69.998	
16	328.400	-69.998	
16	328.500	-69.998	
16	328.600	-69.998	
16	328.700	-69.998	
16	328.800	-69.998	
16	328.900	-69.998	
16	329.000	-69.998	
16	329.100	-69.998	
16	329.200	-69.998	
16	329.300	-69.998	
16	329.400	-69.998	
16	329.500	-69.998	
16	329.600	-69.998	
16	329.700	-69.998	
16	329.800	-69.998	
16	329.900	-69.998	
16	330.000	-69.998	
16	330.100	-69.998	
16	330.200	-69.998	
16	330.300	-69.998	
16	330.400	-69.998	
16	330.500	-69.998	
16	330.600	-69.998	
16	330.700	-69.998	
16	330.800	-69.998	
16	330.900	-69.998	
16	331.000	-69.998	
16	331.100	-69.998	
16	331.200	-69.998	
16	331.300	-69.998	
16	331.400	-69.998	
16	331.500	-69.998	
16	331.600	-69.998	
16	331.700	-69.998	
16	331.800	-69.998	
16	331.900	-69.998	
16	332.000	-69.998	
16	332.100	-69.998	
16	332.200	-69.998	
16	332.300	-69.998	
16	332.400	-69.998	
16	332.500	-69.998	
16	332.600	-69.998	
16	332.700	-69.998	
16	332.800	-69.998	
16	332.900	-69.998	
16	333.000	-69.998	
16	333.100	-69.998	
16	333.200	-69.998	
16	333.300	-69.998	
16	333.400	-69.998	
16	333.500	-69.998	
16	333.600	-69.998	
16	333.700	-69.998	
16	333.800	-69.998	
16	333.900	-69.998	
16	334.000	-69.998	
16	334.100	-69.998	
16	334.200	-69.998	
16	334.300	-69.998	
16	334.400	-69.998	
16	334.500	-69.998	
16	334.600	-69.998	
16	334.700	-69.998	
16	334.800	-69.998	
16	334.900	-69.998	
16	335.000	-69.998	
16	335.100	-69.998	
16	335.200	-69.998	
16	335.300	-69.998	
16	335.400	-69.998	
16	335.500	-69.998	
16	335.600	-69.998	
16	335.700	-69.998	
16	335.800	-69.998	
16	335.900	-69.998	
16	336.000	-69.998	
16	336.100	-69.998	
16	336.200	-69.998	
16	336.300	-69.998	
16	336.400	-69.998	
16	336.500	-69.998	
16	336.600	-69.998	
16	336.700	-69.998	
16	336.800	-69.998	
16	336.900	-69.998	
16	337.000	-69.998	
16	337.100	-69.998	
16	337.200	-69.998	
16	337.300	-69.998	
16	337.400	-69.998	
16	337.500	-69.998	
16	337.600	-69.998	
16	337.700	-69.998	
16	337.800	-69.998	
16	337.900	-69.998	
16	338.000	-69.998	
16	338.100	-69.998	
16	338.200	-69.998	
16	338.300	-69.998	
16	338.400	-69.998	
16	338.500	-69.998	
16	338.600	-69.998	
16	338.700	-69.998	
16	338.800	-69.998	
16	338.900	-69.998	
16	339.000	-69.998	
16	339.100	-69.998	
16	339.200	-69.998	
16	339.300	-69.998	
16	339.400	-69.998	
16	339.500	-69.998	
16	339.600	-69.998	
16	339.700	-69.998	
16	339.800	-69.998	
16	339.900	-69.998	
16	340.000	-69.998	
16	340.100	-69.998	
16	340.200	-69.998	
16	340.300	-69.998	
16	340.400	-69.998	
16	340.500	-69.998	
16	340.600	-69.998	
16	340.700	-69.998	
16	340.800	-69.998	
16	340.900	-69.998	
16	341.000	-69.998	
16	341.100	-69.998	
16	341.200	-69.998	
16	341.300	-69.998	
16	341.400	-69.998	
16	341.500	-69.998	
16	341.600	-69.998	
16	341.700	-69.998	
16	341.800	-69.998	
16	341.900	-69.998	
16	342.000	-69.998	
16	342.100	-69.998	
16	342.200	-69.998	
16	342.300	-69.998	
16	342.400	-69.998	
16	342.500	-69.998	
16	342.600	-69.998	
16	342.700	-69.998	
16	342.800	-69.998	
16	342.900	-69.998	
16	343.000	-69.998	
16	343.100	-69.998	
16	343.200	-69.998	
16	343.300	-69.998	
16	343.400	-69.998	
16	343.500	-69.998	
16	343.600	-69.998	
16	343.700	-69.998	
16	343.800	-69.998	
16	343.900	-69.998	
16	344.000	-69.998	
16	344.100	-69.998	
16	344.200	-69.998	
16	344.300	-69.998	
16	344.400	-69.998	
16	344.500	-69.998	
16	344.600	-69.998	
16	344.700	-69.998	
16	344.800	-69.998	
16	344.900	-69.998	
16	345.000	-69.998	
16	345.100	-69.998	
16	345.200	-69.998	
16	345.300	-69.998	
16	345.400	-69.998	
16	345.500	-69.998	
16	345.600	-69.998	
16	345.700	-69.998	
16	345.800	-69.998	
16	345.900	-69.998	
16	346.000	-69.998	
16	346.100	-69.998	
16	346.200	-69.998	
16	346.300	-69.998	
16	346.400	-69.998	
16	346.500	-69.998	
16	346.600	-69.998	
16	346.700	-69.998	
16	346.800	-69.998	
16	346.900	-69.998	
16	347.000	-69.998	
16	347.100	-69.998	
16	347.200	-69.998	
16	347.300	-69.998	
16	347.400	-69.998	
16	347.500	-69.998	
16	347.600	-69.998	
16	347.700	-69.998	
16	347.800	-69.998	
16	347.900	-69.998	
16	348.000	-69.998	
16	348.100	-69.998	
16	348.200	-69.998	
16	348.300	-69.998	
16	348.400	-69.998	
16	348.500	-69.998	
16	348.600	-69.998	
16	348.700	-69.998	
16	348.800	-69.998	
16	348.900	-69.998	
16	349.000	-69.998	
16	349.100	-69.998	
16	349.200	-69.998	
16	349.300	-69.998	
16	349.400	-69.998	
16	349.500	-69.998	
16	349.600	-69.998	
16	349.700	-69.998	
16	349.800	-69.998	
16	349.900	-69.998	
16	350.000	-69.998	
16	350.100	-69.998	
16	350.200	-69.998	
16	350.300	-69.998	
16	350.400	-69.998	
16	350.500	-69.998	
16	350.600	-69.998	
16	350.700	-69.998	
16	350.800	-69.998	
16	350.900	-69.998	
16	351.000	-69.998	
16	351.100	-69.998	
16	351.200	-69.998	
16	351.300	-69.998	
16	351.400	-69.998	
16	351.500	-69.998	
16	351.600	-69.998	
16	351.700	-69.998	
16	351.800	-69.998	
16	351.900	-69.998	
16	352.000	-69.998	
16	352.100	-69.998	
16	352.200	-69.998	
16	352.300	-69.998	
16	352.400	-69.998	
16	352.500	-69.998	
16	352.600	-69.998	
16	352.700	-69.998	
16	352.800	-69.998	
16	352.900	-69.998	
16	353.000	-69.998	
16	353.100	-69.998	
16	353.200	-69.998	
16	353.300	-69.998	
16	353.400	-69.998	
16	353.500	-69.998	
16	353.600	-69.998	
16	353.700	-69.998	
16	353.800	-69.998	
16	353.900	-69.998	
16	354.000	-69.998	
16	354.100	-69.998	
16	354.200	-69.998	
16	354.300	-69.998	
16	354.400	-69.998	
16	354.500	-69.998	
16	354.600	-69.998	
16	354.700	-69.998	
16	354.800	-69.998	
16	354.900	-69.998	
16	355.000	-69.998	
16	355.100	-69.998	
16	355.200	-69.998	
16	355.300	-69.998	
16	355.400	-69.998	
16	355.500	-69.998	
16	355.600	-69.998	
16	355.700	-69.998	
16	355.800	-69.998	
16	355.900	-69.998	
16	356.000	-69.998	
16	356.100	-69.998	
16	356.200	-69.998	
16	356.300	-69.998	
16	356.400	-69.998	
16	356.500	-69.998	
16	356.600	-69.998	
16	356.700	-69.998	
16	356.800	-69.998	
16	356.900	-69.998	
16	357.000	-69.998	
16	357.100	-69.998	
16	357.200	-69.998	
16	357.300	-69.998	
16	357.400	-69.998	
16	357.500	-69.998	
16	357.600	-69.998	
16	357.700	-69.998	
16	357.800	-69.998	
16	357.900	-69.998	
16	358.000	-69.998	
16	358.100	-69.998	
16	358.200	-69.998	
16	358.300	-69.998	
16	358.400	-69.998	
16	358.500	-69.998	
16	358.600	-69.998	
16	358.700	-69.998	
16	358.800	-69.998	
16	358.900	-69.998	
16	359.000	-69.998	
16	359.100	-69.998	
16	359.200	-69.998	
16	359.300	-69.998	
16	359.400	-69.998	
16	359.500	-69.998	
16	359.600	-69.998	
16	359.700	-69.998	
16	359.800	-69.998	
16	359.900	-69.998	
16	360.000	-69.998	
16	360.100	-69.998	
16	360.200	-69.998	
16	360.300	-69.998	
16	360.400	-69.998	
16	360.500	-69.998	
16	360.600	-69.998	
16	360.700	-69.998	
16	360.800	-69.998	
16	360.900	-69.998	
16	361.000	-69.998	
16	361.100	-69.998	
16	361.200	-69.998	
16	361.300	-69.998	
16	361.400	-69.998	
16	361.500	-69.998	
16	361.600	-69.998	
16	361.700	-69.998	
16	361.800	-69.998	
16	361.900	-69.998	
16	362.000	-69.998	
16	362.100	-69.998	
16	362.200	-69.998	
16	362.300	-69.998	
16	362.400	-69.998	
16	362.500	-69.998	
16	362.600	-69.998	
16	362.700	-69.998	
16	362.800	-69.998	
16	362.900	-69.998	
16	363.000	-69.998	
16	363.100	-69.998	
16	363.200	-69.998	
16	363.300	-69.998	
16	363.400	-69.998	
16	363.500	-69.998	
16	363.600	-69.998	
16	363.700	-69.998	
16	363.800	-69.998	
16	363.900	-69.998	
16	364.000	-69.998	
16	364.100	-69.998	
16	364.200	-69.998	
16	364.300	-69.998	
16	364.400	-69.998	
16	364.500	-69.998	
16	364.600	-69.998	
16	364.700	-69.998	
16	364.800	-69.998	
16	364.900	-69.998	
16	365.000	-69.998	
16	365.100	-69.998	
16	365.200	-69.998	
16	365.300	-69.998	
16	365.400	-69.998	
16	365.500	-69.998	
16	365.600	-69.998	
16	365.700	-69.998	
16	365.800	-69.998	
16	365.900	-69.998	
16	366.000	-69.998	
16	366.100	-69.998	
16	366.200	-69.998	
16	366.300	-69.998	
16	366.400	-69.998	
16	366.500	-69.998	
16	366.600	-69.998	
16	366.700	-69.998	
16	366.800	-69.998	
16	366.900	-69.998	
16	367.000	-69.998	
16	367.100	-69.998	
16	367.200	-69.998	
16	367.300	-69.998	
16	367.400	-69.998	
16	367.500	-69.998	
16	367.600	-69.998	
16	367.700	-69.998	
16	367.800	-69.998	
16	367.900	-69.998	
16	368.000	-69.998	
16	368.100	-69.998	
16	368.200	-69.998	
16	368.300	-69.998	
16	368.400	-69.998	
16	368.500	-69.998	
16	368.600	-69.998	
16	368.700	-69.998	
16	368.800	-69.998	
16	368.900	-69.998	
16	369.000	-69.998	
16	369.100	-69.998	
16	369.200	-69.998	
16	369.300	-69.998	
16	369.400	-69.998	
16	369.500	-69.998	
16	369.600	-69.998	
16	369.700	-69.998	
16	369.800	-69.998	
16	369.900	-69.998	
16	370.000	-69.998	
16	370.100	-69.998	
16	370.200	-69.998	
16	370.300	-69.998	
16	370.400	-69.998	
16	370.500	-69.998	
16	370.600	-69.998	
16	370.700	-69.998	
16	370.800	-69.998	
16	370.900	-69.998	
16	371.000	-69.998	
16	371.100	-69.998	
16	371.200	-69.998	
16	371.300	-69.998	
16	371.400	-69.998	
16	371.500	-69.998	
16	371.600	-69.998	
16	371.700	-69.998	
16	371.800	-69.998	
16	371.900	-69.998	
16	372.000	-69.998	
16	372.100	-69.998	
16	372.200	-69.998	
16	372.300	-69.998	
16	372.400	-69.998	
16	372.500	-69.998	
16	372.600	-69.998	
16	372.700	-69.998	
16	372.800	-69.998	
16	372.900	-69.998	
16	373.000	-69.998	
16	373.100	-69.998	
16	373.200	-69.998	
16	373.300	-69.998	
16	373.400	-69.998	
16	373.500	-69.998	
16	373.600	-69.998	
16	373.700	-69.998	
16	373.800	-69.998	
16	373.900	-69.998	
16	374.000	-69.998	
16	374.100	-69.998	
16	374.200	-69.998	
16	374.300	-69.998	
16	374.400	-69.998	
16	374.500	-69.998	
16	374.600	-69.998	
16	374.700	-69.998	
16	374.800	-69.998	
16	374.900	-69.998	
16	375.000	-69.998	
16	375.100	-69.998	
16	375.200	-69.998	
16	375.300	-69.998	
16	375.400	-69.998	
16	375.500	-69.998	
16	375.600	-69.998	
16	375.700	-69.998	
16	375.800	-69.998	
16	375.900	-69.998	
16	376.000	-69.998	
16	376.100	-69.998	
16	376.200	-69.998	
16	376.300	-69.998	
16	376.400	-69.998	
16	376.500	-69.998	
16	376.600	-69.998	
16	376.700	-69.998	
16	376.800	-69.998	
16	376.900	-69.998	
16	377.000	-69.998	
16	377.100	-69.998	
16	377.200	-69.998	
16	377.300	-69.998	
16	377.400	-69.998	
16	377.500	-69.998	
16	377.600	-69.998	
16	377.700	-69.998	
16	377.800	-69.998	
16	377.900	-69.998	
16	378.000	-69.998	
16	378.100	-69.998	
16	378.200	-69.998	
16	378.300	-69.998	
16	378.400	-69.998	
16	378.500	-69.998	
16	378.600	-69.998	
16	378.700	-69.998	
16	378.800	-69.998	
16	378.900	-69.998	
16	379.000	-69.998	
16	379.100	-69.998	
16	379.200	-69.998	
16	379.300	-69.998	
16	379.400	-69.998	
16	379.500	-69.998	
16	379.600	-69.998	
16	379.700	-69.998	
16	379.800	-69.998	
16	379.900	-69.998	
16	380.000	-69.998	
16	380.100	-69.998	
16	380.200	-69.998	
16	380.300	-69.998	
16	380.400	-69.998	
16	380.500	-69.998	
16	380.600	-69.998	
16	380.700	-69.998	
16	380.800	-69.998	
16	380.900	-69.998	
16	381.000	-69.998	
16	381.100	-69.998	
16	381.200	-69.998	
16	381.300	-69.998	
16	381.400	-69.998	
16	381.500	-69.998	
16	381.600	-69.998	
16	381.700	-69.998	
16	381.800	-69.998	
16	381.900	-69.998	
16	382.000	-69.998	
16	382.100	-69.998	
16	382.200	-69.998	
16	382.300	-69.998	
16	382.400	-69.998	
16	382.500	-69.998	
16	382.600	-69.998	
16	382.700	-69.998	
16	382.800	-69.998	
16	382.900	-69.998	
16	383.000	-69.998	
16	383.100	-69.998	
16	383.200	-69.998	
16	383.300	-69.998	
16	383.400	-69.998	
16	383.500	-69.998	
16	383.600	-69.998	
16	383.700	-69.998	
16	383.800	-69.998	
16	383.900	-69.998	
16	384.000	-69.998	
16	384.100	-69.998	
16	384.200	-69.998	
16	384.300	-69.998	
16	384.400	-69.998	
16	384.500	-69.998	
16	384.600	-69.998	
16	384.700	-69.998	
16	384.800	-69.998	
16	384.900	-69.998	
16	385.000	-69.998	
16	385.100	-69.998	
16	385.200	-69.998	
16	385.300	-69.998	
16	385.400	-69.998	
16	385.500	-69.998	
16	385.600	-69.998	
16	385.700	-69.998	
16	385.800	-69.998	
16	385.900	-69.998	
16	386.000	-69.998	
16	386.100	-69.998	
16	386.200	-69.998	
16	386.300	-69.998	
16	386.400	-69.998	
16	386.500	-69.998	
16	386.600	-69.998	
16	386.700	-69.998	
16	386.800	-69.998	
16	386.900	-69.998	
16	387.000	-69.998	
16	387.100	-69.998	
16	387.200	-69.998	
16	387.300	-69.998	
16	387.400	-69.998	
16	387.500	-69.998	
16	387.600	-69.998	
16	387.700	-69.998	
16	387.800	-69.998	
16	387.900	-69.998	
16	388.000	-69.998	
16	388.100	-69.998	
16	388.200	-69.998	
16	388.300	-69.998	
16	388.400	-69.998	
16	388.500	-69.998	
16	388.600	-69.998	
16	388.700	-69.998	
16	388.800	-69.998	
16	388.900	-69.998	
16	389.000	-69.998	
16	389.100	-69.998	
16	389.200	-69.998	
16	389.300	-69.998	
16	389.400	-69.998	
16	389.500	-69.998	
16	389.600	-69.998	
16	389.700	-69.998	
16	389.800	-69.998	
16	389.900	-69.998	
16	390.000	-69.998	
16	390.100	-69.998	
16	390.200	-69.998	
16	390.300	-69.998	
16	390.400	-69.998	
16	390.500	-69.998	
16	390.600	-69.998	
16	390.700	-69.998	
16	390.800	-69.998	
16	390.900	-69.998	
16	391.000	-69.998	
16	391.100	-69.998	
16	391.200	-69.998	
16	391.300	-69.998	
16	391.400	-69.998	
16	391.500	-69.998	
16	391.600	-69.998	
16	391.700	-69.998	
16	391.800	-69.998	
16	391.900	-69.998	
16	392.000	-69.998	
16	392.100	-69.998	
16	392.200	-69.998	
16	392.300	-69.998	
16	392.400	-69.998	
16	392.500	-69.998	
16	392.600	-69.998	
16	392.700	-69.998	
16	392.800	-69.998	
16	392.900	-69.998	
16	393.000	-69.998	
16	393.100	-69.998	
16	393.200	-69.998	
16	393.300	-69.998	
16	393.400	-69.998	
16	393.500	-69.998	
16	393.600	-69.998	
16	393.700	-69.998	
16	393.800	-69.998	
16	393.900	-69.998	
16	394.000	-69.998	
16	394.100	-69.998	
16	394.200	-69.998	
16	394.300	-69.998	
16	394.400	-69.998	
16	394.500	-69.998	
16	394.600	-69.998	
16	394.700	-69.998	
16	394.800	-69.998	
16	394.900	-69.998	
16	395.000	-69.998	
16	395.100	-69.998	
16	395.200	-69.998	
16	395.300	-69.998	
16	395.400	-69.998	
16	395.500	-69.998	
16	395.600	-69.998	
16	395.700	-69.998	
16	395.800	-69.998	
16	395.900	-69.998	
16	396.000	-69.998	
16	396.100	-69.998	
16	396.200	-69.998	
16	396.300	-69.998	
16	396.400	-69.998	
16	396.500	-69.998	
16	396.600	-69.998	
16	396.700	-69.998	
16	396.800	-69.998	
16	396.900	-69.998	
16	397.000	-69.998	
16	397.100	-69.998	
16	397.200	-69.998	
16	397.300	-69.998	
16	397.400	-69.998	
16	397.500	-69.998	
16	397.600	-69.998	
16	397.700	-69.998	
16	397.800	-69.998	
16	397.900	-69.998	
16	398.000	-69.998	
16	398.100	-69.998	
16	398.200	-69.998	
16	398.300	-69.998	
16	398.400	-69.998	
16	398.500	-69.998	
16	398.600	-69.998	
16	398.700	-69.998	
16	398.800	-69.998	
16	398.900	-69.998	
16	399.000	-69.998	
16	399.100	-69.998	
16	399.200	-69.998	
16	399.300	-69.998	
16	399.400	-69.998	
16	399.500	-69.998	
16	399.600	-69.998	
16	399.700	-69.998	
16	399.800	-69.998	
16	399.900	-69.998	
16	400.000	-69.998	
16	400.100	-69.998	
16	400.200	-69.998	
16	400.300	-69.998	
16	400.400	-69.998	
16	400.500	-69.998	
16	400.600	-69.998	
16	400.700	-69.998	
16	400.800	-69.998	
16	400.900	-69.998	
16	401.000	-69.998	
16	401.100	-69.998	
16	401.200	-69.998	
16	401.300	-69.998	
16	401.400	-69.998	
16	401.500	-69.998	
16	401.600	-69.998	
16	401.700	-69.998	
16	401.800	-69.998	
16	401.900	-69.998	
16	402.000	-69.998	
16	402.100	-69.998	
16	402.200	-69.998	
16	402.300	-69.998	
16	402.400	-69.998	
16	402.500	-69.998	
16	402.600	-69.998	
16	402.700	-69.998	
16	402.800	-69.998	
16	402.900	-69.998	
16	403.000	-69.998	
16	403.100	-69.998	
16	403.200	-69.998	
16	403.300	-69.998	
16	403.400	-69.998	
16	403.500	-69.998	
16	403.600	-69.998	
16	403.700	-69.998	
16	403.800	-69.998	
16	403.900	-69.998	
16	404.000	-69.998	
16	404.100	-69.998	
16	404.200	-69.998	
16	404.300	-69.998	
16	404.400	-69.998	
16	404.500	-69.998	
16	404.600	-69.998	
16	404.700	-69.998	
16	404.800	-69.998	
16	404.900	-69.998	
16	405.000	-69.998	
16	405.100	-69.998	
16	405.200	-69.998	
16	405.300	-69.998	
16	405.400	-69.998	
16	405.500	-69.998	
16	405.600	-69.998	
16	405.700	-69.998	
16	405.800	-69.998	
16	405.900	-69.998	
16	406.000	-69.998	
16	406.100	-69.998	
16	406.200	-69.998	
16	406.300	-69.998	
16	406.400	-69.998	
16	406.500	-69.998	
16	406.600	-69.998	
16	406.700	-69.998	
16	406.800	-69.998	
16	406.900	-69.998	
16	407.000	-69.998	
16	407.100	-69.998	
16	407.200	-69.998	
16	407.300	-69.998	
16	407.400	-69.998	
16	407.500	-69.998	
16	407.600	-69.998	
16	407.700	-69.998	
16	407.800	-69.998	
16	407.900	-69.998	
16	408.000	-69.998	
16	408.100	-69.998	
16	408.200	-69.998	
16	408.300	-69.998	
16	408.400	-69.998	
16	408.500	-69.998	
16	408.600	-69.998	
16	408.700	-69.998	
16	408.800	-69.998	
16	408.900	-69.998	
16	409.000	-69.998	
16	409.100	-69.998	
16	409.200	-69.998	
16	409.300	-69.998	
16	409.400	-69.998	
16	409.500	-69.998	
16	409.600	-69.998	
16	409.700	-69.998	
16	409.800	-69.998	
16	409.900	-69.998	
16	410.000	-69.998	
16	410.100	-69.998	
16	410.200	-69.998	
16	410.300	-69.998	
16	410.400	-69.998	
16	410.500	-69.998	
16	410.600	-69.998	
16	410.700	-69.998	
16	410.800	-69.998	
16	410.900	-69.998	
16	411.000	-69.998	
16	411.100	-69.998	
16	411.200	-69.998	
16	411.300	-69.998	
16	411.400	-69.998	
16	411.500	-69.998	
16	411.600	-69.998	
16	411.700	-69.998	
16	411.800	-69.998	
16	411.900	-69.998	
16	412.000	-69.998	
16	412.100	-69.998	
16	412.200	-69.998	
16	412.300	-69.998	
16	412.400	-69.998	
16	412.500	-69.998	
16	412.600	-69.998	
16	412.700	-69.998	
16	412.800	-69.998	
16	412.900	-69.998	
16	413.000	-69.998	
16	413.100	-69.998	
16	413.200	-69.998	
16	413.300	-69.998	
16	413.400	-69.998	
16	413.500	-69.998	
16	413.600	-69.998	
16	413.700	-69.998	
16	413.800	-69.998	
16	413.900	-69.998	
16	414.000	-69.998	
16	414.100	-69.998	
16	414.200	-69.998	
16	414.300	-69.998	
16	414.400	-69.998	
16	414.500	-69.998	
16	414.600	-69.998	
16	414.700	-69.998	
16	414.800	-69.998	
16	414.900	-69.998	
16	415.000	-69.998	
16	415.100	-69.998	
16	415.200	-69.998	
16	415.300	-69.998	
16	415.400	-69.998	
16	415.500	-69.998	
16	415.600	-69.998	
16	415.700	-69.998	
16	415.800	-69.998	
16	415.900	-69.998	
16	416.000	-69.998	
16	416.100	-69.998	
16	416.200	-69.998	
16	416.300	-69.998	
16	416.400	-69.998	
16	416.500	-69.998	
16	416.600	-69.998	
16	416.700	-69.998	
16	416.800	-69.998	
16	416.900	-69.998	
16	417.000	-69.998	
16	417.100	-69.998	
16	417.200	-69.998	
16	417.300	-69.998	
16	417.400	-69.998	
16	417.500	-69.998	
16	417.600	-69.998	
16	417.700	-69.998	
16	417.800	-69.998	
16	417.900	-69.998	
16	418.000	-69.998	
16	418.100	-69.998	
16	418.200	-69.998	
16	418.300	-69.998	
16	418.400	-69.998	
16	418.500	-69.998	
16	418.600	-69.998	
16	418.700	-69.998	
16	418.800	-69.998	
16	418.900	-69.998	
16	419.000	-69.998	
16	419.100	-69.998	
16	419.200	-69.998	
16	419.300	-69.998	
16	419.400	-69.998	
16	419.500	-69.998	
16	419.600	-69.998	
16	419.700	-69.998	
16	419.800	-69.998	
16	419.900	-69.998	
16	420.000	-69.998	
16	420.100	-69.998	
16	420.200	-69.998	
16	420.300	-69.998	
16	420.400	-69.998	
16	420.500	-69.998	
16	420.600	-69.998	
16	420.700	-69.998	
16	420.800	-69.998	
16	420.900	-69.998	
16	421.000	-69.998	
16	421.100	-69.998	
16	421.200	-69.998	
16	421.300	-69.998	
16	421.400	-69.998	
16	421.500	-69.998	
16	421.600	-69.998	
16	421.700	-69.998	
16	421.800	-69.998	
16	421.900	-69.998	
16	422.000	-69.998	
16	422.100	-69.998	
16	422.200	-69.998	
16	422.300	-69.998	
16	422.400	-69.998	
16	422.500	-69.998	
16	422.600	-69.998	
16	422.700	-69.998	
16	422.800	-69.998	
16	422.900	-69.998	
16	423.000	-69.998	
16	423.100	-69.998	
16	423.200	-69.998	
16	423.300	-69.998	
16	423.400	-69.998	
16	423.500	-69.998	
16	423.600	-69.998	
16	423.700	-69.998	
16	423.800	-69.998	
16	423.900	-69.998	
16	424.000	-69.998	
16	424.100	-69.998	
16	424.200	-69.998	
16	424.300	-69.998	
16	424.400	-69.998	
16	424.500	-69.998	
16	424.600	-69.998	
16	424.700	-69.998	
16	424.800	-69.998	
16	424.900	-69.998	
16	425.000	-69.998	
16	425.100	-69.998	
16	425.200	-69.998	
16	425.300	-69.998	
16	425.400	-69.998	
16	425.500	-69.998	
16	425.600	-69.998	
16	425.700	-69.998	
16	425.800	-69.998	
16	425.900	-69.998	
16	426.000	-69.998	
16	426.100	-69.998	
16	426.200	-69.998	
16	426.300	-69.998	
16	426.400	-69.998	
16	426.500	-69.998	
16	426.600	-69.998	
16	426.700	-69.998	
16	426.800	-69.998	
16	426.900	-69.998	
16	427.000	-69.998	
16	427.100	-69.998	
16	427.200	-69.998	
16	427.300	-69.998	
16	427.400	-69.998	
16	427.500	-69.998	
16	427.600	-69.998	
16	427.700	-69.998	
16	427.800	-69.998	
16	427.900	-69.998	
16	428.000	-69.998	
16	428.100	-69.998	
16	428.200	-69.998	
16	428.300	-69.998	
16	428.400	-69.998	
16	428.500	-69.998	
16	428.600	-69.998	
16	428.700	-69.998	
16	428.800	-69.998	
16	428.900	-69.998	
16	429.000	-69.998	
16	429.100	-69.998	
16	429.200	-69.998	
16	429.300	-69.998	
16	429.400	-69.998	
16	429.500	-69.998	
16	429.600	-69.998	
16	429.700	-69.998	
16	429.800	-69.998	
16	429.900	-69.998	
16	430.000	-69.998	
16	430.100	-69.998	
16	430.200	-69.998	
16	430.300	-69.998	
16	430.400	-69.998	
16	430.500	-69.998	
16	430.600	-69.998	
16	430.700	-69.998	
16	430.800	-69.998	
16	430.900	-69.998	
16	431.000	-69.998	
16	431.100	-69.998	
16	431.200	-69.998	
16	431.300	-69.998	
16	431.400	-69.998	
16	431.500	-69.998	
16	431.600	-69.998	
16	431.700	-69.998	
16	431.800	-69.998	
16	431.900	-69.998	
16	432.000	-69.998	
16	432.100	-69.998	
16	432.200	-69.998	
16	432.300	-69.998	
16	432.400	-69.998	
16	432.500	-69.998	
16	432.600	-69.998	
16	432.700	-69.998	
16	432.800	-69.998	
16	432.900	-69.998	
16	433.000	-69.998	
16	433.100	-69.998	
16	433.200	-69.998	
16	433.300	-69.998	
16	433.400	-69.998	
16	433.500	-69.998	
16	433.600	-69.998	
16	433.700	-69.998	
16	433.800	-69.998	
16	433.900	-69.998	
16	434.000	-69.998	
16	434.100	-69.998	
16	434.200	-69.998	
16	434.300	-69.998	
16	434.400	-69.998	
16	434.500	-69.998	
16	434.600	-69.998	
16	434.700	-69.998	
16	434.800	-69.998	
16	434.900	-69.998	
16	435.000	-69.998	
16	435.100	-69.998	
16	435.200	-69.998	
16	435.300	-69.998	
16	435.400	-69.998	
16	435.500	-69.998	
16	435.600	-69.998	
16	435.700	-69.998	
16	435.800	-69.998	
16	435.900	-69.998	
16	436.000	-69.998	
16	436.100	-69.998	
16	436.200	-69.998	
16	436.300	-69.998	
16	436.400	-69.998	
16	436.500	-69.998	
16	436.600	-69.998	
16	436.700	-69.998	
16	436.800	-69.998	
16	436.900	-69.998	
16	437.000	-69.998	
16	437.100	-69.998	
16	437.200	-69.998	
16	437.300	-69.998	
16	437.400	-69.998	
16	437.500	-69.998	
16	437.600	-69.998	
16	437.700	-69.998	
16	437.800	-69.998	
16	437.900	-69.998	
16	438.000	-69.998	
16	438.100	-69.998	
16	438.200	-69.998	
16	438.300	-69.998	
16	438.400	-69.998	
16	438.500	-69.998	
16	438.600	-69.998	
16	438.700	-69.998	
16	438.800	-69.998	
16	438.900	-69.998	
16	439.000	-69.998	
16	439.100	-69.998	
16	439.200	-69.998	
16	439.300	-69.998	
16	439.400	-69.998	
16	439.500	-69.998	
16	439.600	-69.998	
16	439.700	-69.998	
16	439.800	-69.998	
16	439.900	-69.998	
16	440.000	-69.998	
16	440.100	-69.998	
16	440.200	-69.998	
16	440.300	-69.998	
16	440.400	-69.998	
16	440.500	-69.998	
16	440.600	-69.998	
16	440.700	-69.998	
16	440.800	-69.998	
16	440.900	-69.998	
16	441.000	-69.998	
16	441.100	-69.998	
16	441.200	-69.998	
16	441.300	-69.998	
16	441.400	-69.998	
16	441.500	-69.998	
16	441.600	-69.998	
16	441.700	-69.998	
16	441.800	-69.998	
16	441.900	-69.998	
16	442.000	-69.998	
16	442.100	-69.998	
16	442.200	-69.998	
16	442.300	-69.998	
16	442.400	-69.998	
16	442.500	-69.998	
16	442.600	-69.998	
16	442.700	-69.998	
16	442.800	-69.998	
16	442.900	-69.998	
16	443.000	-69.998	
16	443.100	-69.998	
16	443.200	-69.998	
16	443.300	-69.998	
16	443.400	-69.998	
16	443.500	-69.998	
16	443.600	-69.998	
16	443.700	-69.998	
16	443.800	-69.998	
16	443.900	-69.998	
16	444.000	-69.998	
16	444.100	-69.998	
16	444.200	-69.998	
16	444.300	-69.998	
16	444.400	-69.998	
16	444.500	-69.998	
16	444.600	-69.998	
16	444.700	-69.998	
16	444.800	-69.998	
16	444.900	-69.998	
16	445.000	-69.998	
16	445.100	-69.998	
16	445.200	-69.998	
16	445.300	-69.998	
16	445.400	-69.998	
16	445.500	-69.998	
16	445.600	-69.998	
16	445.700	-69.998	
16	445.800	-69.998	
16	445.900	-69.998	
16	446.000	-69.998	
16	446.100	-69.998	
16	446.200	-69.998	
16	446.300	-69.998	
16	446.400	-69.998	
16	446.500	-69.998	
16	446.600	-69.998	
16	446.700	-69.998	
16	446.800	-69.998	
16	446.900	-69.998	
16	447.000	-69.998	
16	447.100	-69.998	
16	447.200	-69.998	
16	447.300	-69.998	
16	447.400	-69.998	
16	447.500	-69.998	
16	447.600	-69.998	
16	447.700	-69.998	
16	447.800	-69.998	
16	447.900	-69.998	
16	448.000	-69.998	
16	448.100	-69.998	
16	448.200	-69.998	
16	448.300	-69.998	
16	448.400	-69.998	
16	448.500	-69.998	
16	448.600	-69.998	
16	448.700	-69.998	
16	448.800	-69.998	
16	448.900	-69.998	
16	449.000	-69.998	
