33	0.100	-70.000	
33	0.200	-70.000	
33	0.300	-70.000	
33	0.400	-70.000	
33	0.500	-70.000	
33	0.600	-70.000	
33	0.700	-70.000	
33	0.800	-70.000	
33	0.900	-70.000	
33	1.000	-70.000	
33	1.100	-70.000	
33	1.200	-70.000	
33	1.300	-70.000	
33	1.400	-70.000	
33	1.500	-70.000	
33	1.600	-70.000	
33	1.700	-70.000	
33	1.800	-69.999	
33	1.900	-69.999	
33	2.000	-69.999	
33	2.100	-69.999	
33	2.200	-69.999	
33	2.300	-69.999	
33	2.400	-69.999	
33	2.500	-69.999	
33	2.600	-69.999	
33	2.700	-69.999	
33	2.800	-69.999	
33	2.900	-69.999	
33	3.000	-69.999	
33	3.100	-69.999	
33	3.200	-69.999	
33	3.300	-69.999	
33	3.400	-69.999	
33	3.500	-69.999	
33	3.600	-69.999	
33	3.700	-69.999	
33	3.800	-69.999	
33	3.900	-69.999	
33	4.000	-69.999	
33	4.100	-69.999	
33	4.200	-69.999	
33	4.300	-69.999	
33	4.400	-69.999	
33	4.500	-69.999	
33	4.600	-69.999	
33	4.700	-69.999	
33	4.800	-69.999	
33	4.900	-69.999	
33	5.000	-69.999	
33	5.100	-69.999	
33	5.200	-69.999	
33	5.300	-69.999	
33	5.400	-69.999	
33	5.500	-69.999	
33	5.600	-69.999	
33	5.700	-69.999	
33	5.800	-69.999	
33	5.900	-69.999	
33	6.000	-69.999	
33	6.100	-69.999	
33	6.200	-69.999	
33	6.300	-69.999	
33	6.400	-69.999	
33	6.500	-69.999	
33	6.600	-69.999	
33	6.700	-69.999	
33	6.800	-69.999	
33	6.900	-69.999	
33	7.000	-69.999	
33	7.100	-69.999	
33	7.200	-69.999	
33	7.300	-69.999	
33	7.400	-69.999	
33	7.500	-69.999	
33	7.600	-69.999	
33	7.700	-69.999	
33	7.800	-69.999	
33	7.900	-69.999	
33	8.000	-69.999	
33	8.100	-69.999	
33	8.200	-69.999	
33	8.300	-69.999	
33	8.400	-69.999	
33	8.500	-69.999	
33	8.600	-69.999	
33	8.700	-69.999	
33	8.800	-69.999	
33	8.900	-69.999	
33	9.000	-69.999	
33	9.100	-69.999	
33	9.200	-69.999	
33	9.300	-69.999	
33	9.400	-69.999	
33	9.500	-69.999	
33	9.600	-69.999	
33	9.700	-69.999	
33	9.800	-69.999	
33	9.900	-69.998	
33	10.000	-69.998	
33	10.100	-69.998	
33	10.200	-69.998	
33	10.300	-69.998	
33	10.400	-69.998	
33	10.500	-69.998	
33	10.600	-69.998	
33	10.700	-69.998	
33	10.800	-69.998	
33	10.900	-69.998	
33	11.000	-69.998	
33	11.100	-69.998	
33	11.200	-69.998	
33	11.300	-69.998	
33	11.400	-69.998	
33	11.500	-69.998	
33	11.600	-69.998	
33	11.700	-69.998	
33	11.800	-69.998	
33	11.900	-69.998	
33	12.000	-69.998	
33	12.100	-69.998	
33	12.200	-69.998	
33	12.300	-69.998	
33	12.400	-69.998	
33	12.500	-69.998	
33	12.600	-69.998	
33	12.700	-69.998	
33	12.800	-69.998	
33	12.900	-69.998	
33	13.000	-69.998	
33	13.100	-69.998	
33	13.200	-69.998	
33	13.300	-69.998	
33	13.400	-69.998	
33	13.500	-69.998	
33	13.600	-69.998	
33	13.700	-69.998	
33	13.800	-69.998	
33	13.900	-69.998	
33	14.000	-69.998	
33	14.100	-69.998	
33	14.200	-69.998	
33	14.300	-69.998	
33	14.400	-69.998	
33	14.500	-69.998	
33	14.600	-69.998	
33	14.700	-69.998	
33	14.800	-69.998	
33	14.900	-69.998	
33	15.000	-69.998	
33	15.100	-69.998	
33	15.200	-69.998	
33	15.300	-69.998	
33	15.400	-69.998	
33	15.500	-69.998	
33	15.600	-69.998	
33	15.700	-69.998	
33	15.800	-69.998	
33	15.900	-69.998	
33	16.000	-69.998	
33	16.100	-69.998	
33	16.200	-69.998	
33	16.300	-69.998	
33	16.400	-69.998	
33	16.500	-69.998	
33	16.600	-69.998	
33	16.700	-69.998	
33	16.800	-69.998	
33	16.900	-69.998	
33	17.000	-69.998	
33	17.100	-69.998	
33	17.200	-69.998	
33	17.300	-69.998	
33	17.400	-69.998	
33	17.500	-69.998	
33	17.600	-69.998	
33	17.700	-69.998	
33	17.800	-69.998	
33	17.900	-69.998	
33	18.000	-69.998	
33	18.100	-69.998	
33	18.200	-69.998	
33	18.300	-69.998	
33	18.400	-69.998	
33	18.500	-69.998	
33	18.600	-69.998	
33	18.700	-69.998	
33	18.800	-69.998	
33	18.900	-69.998	
33	19.000	-69.998	
33	19.100	-69.998	
33	19.200	-69.998	
33	19.300	-69.998	
33	19.400	-69.998	
33	19.500	-69.998	
33	19.600	-69.998	
33	19.700	-69.998	
33	19.800	-69.998	
33	19.900	-69.998	
33	20.000	-69.998	
33	20.100	-69.998	
33	20.200	-69.998	
33	20.300	-69.998	
33	20.400	-69.998	
33	20.500	-69.998	
33	20.600	-69.998	
33	20.700	-69.998	
33	20.800	-69.998	
33	20.900	-69.998	
33	21.000	-69.998	
33	21.100	-69.998	
33	21.200	-69.998	
33	21.300	-69.998	
33	21.400	-69.998	
33	21.500	-69.998	
33	21.600	-69.998	
33	21.700	-69.998	
33	21.800	-69.998	
33	21.900	-69.998	
33	22.000	-69.998	
33	22.100	-69.998	
33	22.200	-69.998	
33	22.300	-69.998	
33	22.400	-69.998	
33	22.500	-69.998	
33	22.600	-69.998	
33	22.700	-69.998	
33	22.800	-69.998	
33	22.900	-69.998	
33	23.000	-69.998	
33	23.100	-69.998	
33	23.200	-69.998	
33	23.300	-69.998	
33	23.400	-69.998	
33	23.500	-69.998	
33	23.600	-69.998	
33	23.700	-69.998	
33	23.800	-69.998	
33	23.900	-69.998	
33	24.000	-69.998	
33	24.100	-69.998	
33	24.200	-69.998	
33	24.300	-69.998	
33	24.400	-69.998	
33	24.500	-69.998	
33	24.600	-69.998	
33	24.700	-69.998	
33	24.800	-69.998	
33	24.900	-69.998	
33	25.000	-69.998	
33	25.100	-69.998	
33	25.200	-69.998	
33	25.300	-69.998	
33	25.400	-69.998	
33	25.500	-69.998	
33	25.600	-69.998	
33	25.700	-69.998	
33	25.800	-69.998	
33	25.900	-69.998	
33	26.000	-69.998	
33	26.100	-69.998	
33	26.200	-69.998	
33	26.300	-69.998	
33	26.400	-69.998	
33	26.500	-69.998	
33	26.600	-69.998	
33	26.700	-69.998	
33	26.800	-69.998	
33	26.900	-69.998	
33	27.000	-69.998	
33	27.100	-69.998	
33	27.200	-69.998	
33	27.300	-69.998	
33	27.400	-69.998	
33	27.500	-69.998	
33	27.600	-69.998	
33	27.700	-69.998	
33	27.800	-69.998	
33	27.900	-69.998	
33	28.000	-69.998	
33	28.100	-69.998	
33	28.200	-69.998	
33	28.300	-69.998	
33	28.400	-69.998	
33	28.500	-69.998	
33	28.600	-69.998	
33	28.700	-69.998	
33	28.800	-69.998	
33	28.900	-69.998	
33	29.000	-69.998	
33	29.100	-69.998	
33	29.200	-69.998	
33	29.300	-69.998	
33	29.400	-69.998	
33	29.500	-69.998	
33	29.600	-69.998	
33	29.700	-69.998	
33	29.800	-69.998	
33	29.900	-69.998	
33	30.000	-69.998	
33	30.100	-69.998	
33	30.200	-69.998	
33	30.300	-69.998	
33	30.400	-69.998	
33	30.500	-69.998	
33	30.600	-69.998	
33	30.700	-69.998	
33	30.800	-69.998	
33	30.900	-69.998	
33	31.000	-69.998	
33	31.100	-69.998	
33	31.200	-69.998	
33	31.300	-69.998	
33	31.400	-69.998	
33	31.500	-69.998	
33	31.600	-69.998	
33	31.700	-69.998	
33	31.800	-69.998	
33	31.900	-69.998	
33	32.000	-69.998	
33	32.100	-69.998	
33	32.200	-69.998	
33	32.300	-69.998	
33	32.400	-69.998	
33	32.500	-69.998	
33	32.600	-69.998	
33	32.700	-69.998	
33	32.800	-69.998	
33	32.900	-69.998	
33	33.000	-69.998	
33	33.100	-69.998	
33	33.200	-69.998	
33	33.300	-69.998	
33	33.400	-69.998	
33	33.500	-69.998	
33	33.600	-69.998	
33	33.700	-69.998	
33	33.800	-69.998	
33	33.900	-69.998	
33	34.000	-69.998	
33	34.100	-69.998	
33	34.200	-69.998	
33	34.300	-69.998	
33	34.400	-69.998	
33	34.500	-69.998	
33	34.600	-69.998	
33	34.700	-69.998	
33	34.800	-69.998	
33	34.900	-69.998	
33	35.000	-69.998	
33	35.100	-69.998	
33	35.200	-69.998	
33	35.300	-69.998	
33	35.400	-69.998	
33	35.500	-69.998	
33	35.600	-69.998	
33	35.700	-69.998	
33	35.800	-69.998	
33	35.900	-69.998	
33	36.000	-69.998	
33	36.100	-69.998	
33	36.200	-69.998	
33	36.300	-69.998	
33	36.400	-69.998	
33	36.500	-69.998	
33	36.600	-69.998	
33	36.700	-69.998	
33	36.800	-69.998	
33	36.900	-69.998	
33	37.000	-69.998	
33	37.100	-69.998	
33	37.200	-69.998	
33	37.300	-69.998	
33	37.400	-69.998	
33	37.500	-69.998	
33	37.600	-69.998	
33	37.700	-69.998	
33	37.800	-69.998	
33	37.900	-69.998	
33	38.000	-69.998	
33	38.100	-69.998	
33	38.200	-69.998	
33	38.300	-69.998	
33	38.400	-69.998	
33	38.500	-69.998	
33	38.600	-69.998	
33	38.700	-69.998	
33	38.800	-69.998	
33	38.900	-69.998	
33	39.000	-69.998	
33	39.100	-69.998	
33	39.200	-69.998	
33	39.300	-69.998	
33	39.400	-69.998	
33	39.500	-69.998	
33	39.600	-69.998	
33	39.700	-69.998	
33	39.800	-69.998	
33	39.900	-69.998	
33	40.000	-69.998	
33	40.100	-69.998	
33	40.200	-69.998	
33	40.300	-69.998	
33	40.400	-69.998	
33	40.500	-69.998	
33	40.600	-69.998	
33	40.700	-69.998	
33	40.800	-69.998	
33	40.900	-69.998	
33	41.000	-69.998	
33	41.100	-69.998	
33	41.200	-69.998	
33	41.300	-69.998	
33	41.400	-69.998	
33	41.500	-69.998	
33	41.600	-69.998	
33	41.700	-69.998	
33	41.800	-69.998	
33	41.900	-69.998	
33	42.000	-69.998	
33	42.100	-69.998	
33	42.200	-69.998	
33	42.300	-69.998	
33	42.400	-69.998	
33	42.500	-69.998	
33	42.600	-69.998	
33	42.700	-69.998	
33	42.800	-69.998	
33	42.900	-69.998	
33	43.000	-69.998	
33	43.100	-69.998	
33	43.200	-69.998	
33	43.300	-69.998	
33	43.400	-69.998	
33	43.500	-69.998	
33	43.600	-69.998	
33	43.700	-69.998	
33	43.800	-69.998	
33	43.900	-69.998	
33	44.000	-69.998	
33	44.100	-69.998	
33	44.200	-69.998	
33	44.300	-69.998	
33	44.400	-69.998	
33	44.500	-69.998	
33	44.600	-69.998	
33	44.700	-69.998	
33	44.800	-69.998	
33	44.900	-69.998	
33	45.000	-69.998	
33	45.100	-69.998	
33	45.200	-69.998	
33	45.300	-69.998	
33	45.400	-69.998	
33	45.500	-69.998	
33	45.600	-69.998	
33	45.700	-69.998	
33	45.800	-69.998	
33	45.900	-69.998	
33	46.000	-69.998	
33	46.100	-69.998	
33	46.200	-69.998	
33	46.300	-69.998	
33	46.400	-69.998	
33	46.500	-69.998	
33	46.600	-69.998	
33	46.700	-69.998	
33	46.800	-69.998	
33	46.900	-69.998	
33	47.000	-69.998	
33	47.100	-69.998	
33	47.200	-69.998	
33	47.300	-69.998	
33	47.400	-69.998	
33	47.500	-69.998	
33	47.600	-69.998	
33	47.700	-69.998	
33	47.800	-69.998	
33	47.900	-69.998	
33	48.000	-69.998	
33	48.100	-69.998	
33	48.200	-69.998	
33	48.300	-69.998	
33	48.400	-69.998	
33	48.500	-69.998	
33	48.600	-69.998	
33	48.700	-69.998	
33	48.800	-69.998	
33	48.900	-69.998	
33	49.000	-69.998	
33	49.100	-69.998	
33	49.200	-69.998	
33	49.300	-69.998	
33	49.400	-69.998	
33	49.500	-69.998	
33	49.600	-69.998	
33	49.700	-69.998	
33	49.800	-69.998	
33	49.900	-69.998	
33	50.000	-69.998	
33	50.100	-69.998	
33	50.200	-69.998	
33	50.300	-69.998	
33	50.400	-69.998	
33	50.500	-69.998	
33	50.600	-69.998	
33	50.700	-69.998	
33	50.800	-69.998	
33	50.900	-69.998	
33	51.000	-69.998	
33	51.100	-69.998	
33	51.200	-69.998	
33	51.300	-69.998	
33	51.400	-69.998	
33	51.500	-69.998	
33	51.600	-69.998	
33	51.700	-69.998	
33	51.800	-69.998	
33	51.900	-69.998	
33	52.000	-69.998	
33	52.100	-69.998	
33	52.200	-69.998	
33	52.300	-69.998	
33	52.400	-69.998	
33	52.500	-69.998	
33	52.600	-69.998	
33	52.700	-69.998	
33	52.800	-69.998	
33	52.900	-69.998	
33	53.000	-69.998	
33	53.100	-69.998	
33	53.200	-69.998	
33	53.300	-69.998	
33	53.400	-69.998	
33	53.500	-69.998	
33	53.600	-69.998	
33	53.700	-69.998	
33	53.800	-69.998	
33	53.900	-69.998	
33	54.000	-69.998	
33	54.100	-69.998	
33	54.200	-69.998	
33	54.300	-69.998	
33	54.400	-69.998	
33	54.500	-69.998	
33	54.600	-69.998	
33	54.700	-69.998	
33	54.800	-69.998	
33	54.900	-69.998	
33	55.000	-69.998	
33	55.100	-69.998	
33	55.200	-69.998	
33	55.300	-69.998	
33	55.400	-69.998	
33	55.500	-69.998	
33	55.600	-69.998	
33	55.700	-69.998	
33	55.800	-69.998	
33	55.900	-69.998	
33	56.000	-69.998	
33	56.100	-69.998	
33	56.200	-69.998	
33	56.300	-69.998	
33	56.400	-69.998	
33	56.500	-69.998	
33	56.600	-69.998	
33	56.700	-69.998	
33	56.800	-69.998	
33	56.900	-69.998	
33	57.000	-69.998	
33	57.100	-69.998	
33	57.200	-69.998	
33	57.300	-69.998	
33	57.400	-69.998	
33	57.500	-69.998	
33	57.600	-69.998	
33	57.700	-69.998	
33	57.800	-69.998	
33	57.900	-69.998	
33	58.000	-69.998	
33	58.100	-69.998	
33	58.200	-69.998	
33	58.300	-69.998	
33	58.400	-69.998	
33	58.500	-69.998	
33	58.600	-69.998	
33	58.700	-69.998	
33	58.800	-69.998	
33	58.900	-69.998	
33	59.000	-69.998	
33	59.100	-69.998	
33	59.200	-69.998	
33	59.300	-69.998	
33	59.400	-69.998	
33	59.500	-69.998	
33	59.600	-69.998	
33	59.700	-69.998	
33	59.800	-69.998	
33	59.900	-69.998	
33	60.000	-69.998	
33	60.100	-69.998	
33	60.200	-69.998	
33	60.300	-69.998	
33	60.400	-69.998	
33	60.500	-69.998	
33	60.600	-69.998	
33	60.700	-69.998	
33	60.800	-69.998	
33	60.900	-69.998	
33	61.000	-69.998	
33	61.100	-69.998	
33	61.200	-69.998	
33	61.300	-69.998	
33	61.400	-69.998	
33	61.500	-69.998	
33	61.600	-69.998	
33	61.700	-69.998	
33	61.800	-69.998	
33	61.900	-69.998	
33	62.000	-69.998	
33	62.100	-69.998	
33	62.200	-69.998	
33	62.300	-69.998	
33	62.400	-69.998	
33	62.500	-69.998	
33	62.600	-69.998	
33	62.700	-69.998	
33	62.800	-69.998	
33	62.900	-69.998	
33	63.000	-69.998	
33	63.100	-69.998	
33	63.200	-69.998	
33	63.300	-69.998	
33	63.400	-69.998	
33	63.500	-69.998	
33	63.600	-69.998	
33	63.700	-69.998	
33	63.800	-69.998	
33	63.900	-69.998	
33	64.000	-69.998	
33	64.100	-69.998	
33	64.200	-69.998	
33	64.300	-69.998	
33	64.400	-69.998	
33	64.500	-69.998	
33	64.600	-69.998	
33	64.700	-69.998	
33	64.800	-69.998	
33	64.900	-69.998	
33	65.000	-69.998	
33	65.100	-69.998	
33	65.200	-69.998	
33	65.300	-69.998	
33	65.400	-69.998	
33	65.500	-69.998	
33	65.600	-69.998	
33	65.700	-69.998	
33	65.800	-69.998	
33	65.900	-69.998	
33	66.000	-69.998	
33	66.100	-69.998	
33	66.200	-69.998	
33	66.300	-69.998	
33	66.400	-69.998	
33	66.500	-69.998	
33	66.600	-69.998	
33	66.700	-69.998	
33	66.800	-69.998	
33	66.900	-69.998	
33	67.000	-69.998	
33	67.100	-69.998	
33	67.200	-69.998	
33	67.300	-69.998	
33	67.400	-69.998	
33	67.500	-69.998	
33	67.600	-69.998	
33	67.700	-69.998	
33	67.800	-69.998	
33	67.900	-69.998	
33	68.000	-69.998	
33	68.100	-69.998	
33	68.200	-69.998	
33	68.300	-69.998	
33	68.400	-69.998	
33	68.500	-69.998	
33	68.600	-69.998	
33	68.700	-69.998	
33	68.800	-69.998	
33	68.900	-69.998	
33	69.000	-69.998	
33	69.100	-69.998	
33	69.200	-69.998	
33	69.300	-69.998	
33	69.400	-69.998	
33	69.500	-69.998	
33	69.600	-69.998	
33	69.700	-69.998	
33	69.800	-69.998	
33	69.900	-69.998	
33	70.000	-69.998	
33	70.100	-69.998	
33	70.200	-69.998	
33	70.300	-69.998	
33	70.400	-69.998	
33	70.500	-69.998	
33	70.600	-69.998	
33	70.700	-69.998	
33	70.800	-69.998	
33	70.900	-69.998	
33	71.000	-69.998	
33	71.100	-69.998	
33	71.200	-69.998	
33	71.300	-69.998	
33	71.400	-69.998	
33	71.500	-69.998	
33	71.600	-69.998	
33	71.700	-69.998	
33	71.800	-69.998	
33	71.900	-69.998	
33	72.000	-69.998	
33	72.100	-69.998	
33	72.200	-69.998	
33	72.300	-69.998	
33	72.400	-69.998	
33	72.500	-69.998	
33	72.600	-69.998	
33	72.700	-69.998	
33	72.800	-69.998	
33	72.900	-69.998	
33	73.000	-69.998	
33	73.100	-69.998	
33	73.200	-69.998	
33	73.300	-69.998	
33	73.400	-69.998	
33	73.500	-69.998	
33	73.600	-69.998	
33	73.700	-69.998	
33	73.800	-69.998	
33	73.900	-69.998	
33	74.000	-69.998	
33	74.100	-69.998	
33	74.200	-69.998	
33	74.300	-69.998	
33	74.400	-69.998	
33	74.500	-69.998	
33	74.600	-69.998	
33	74.700	-69.998	
33	74.800	-69.998	
33	74.900	-69.998	
33	75.000	-69.998	
33	75.100	-69.998	
33	75.200	-69.998	
33	75.300	-69.998	
33	75.400	-69.998	
33	75.500	-69.998	
33	75.600	-69.998	
33	75.700	-69.998	
33	75.800	-69.998	
33	75.900	-69.998	
33	76.000	-69.998	
33	76.100	-69.998	
33	76.200	-69.998	
33	76.300	-69.998	
33	76.400	-69.998	
33	76.500	-69.998	
33	76.600	-69.998	
33	76.700	-69.998	
33	76.800	-69.998	
33	76.900	-69.998	
33	77.000	-69.998	
33	77.100	-69.998	
33	77.200	-69.998	
33	77.300	-69.998	
33	77.400	-69.998	
33	77.500	-69.998	
33	77.600	-69.998	
33	77.700	-69.998	
33	77.800	-69.998	
33	77.900	-69.998	
33	78.000	-69.998	
33	78.100	-69.998	
33	78.200	-69.998	
33	78.300	-69.998	
33	78.400	-69.998	
33	78.500	-69.998	
33	78.600	-69.998	
33	78.700	-69.998	
33	78.800	-69.998	
33	78.900	-69.998	
33	79.000	-69.998	
33	79.100	-69.998	
33	79.200	-69.998	
33	79.300	-69.998	
33	79.400	-69.998	
33	79.500	-69.998	
33	79.600	-69.998	
33	79.700	-69.998	
33	79.800	-69.998	
33	79.900	-69.998	
33	80.000	-69.998	
33	80.100	-69.998	
33	80.200	-69.998	
33	80.300	-69.998	
33	80.400	-69.998	
33	80.500	-69.998	
33	80.600	-69.998	
33	80.700	-69.998	
33	80.800	-69.998	
33	80.900	-69.998	
33	81.000	-69.998	
33	81.100	-69.998	
33	81.200	-69.998	
33	81.300	-69.998	
33	81.400	-69.998	
33	81.500	-69.998	
33	81.600	-69.998	
33	81.700	-69.998	
33	81.800	-69.998	
33	81.900	-69.998	
33	82.000	-69.998	
33	82.100	-69.998	
33	82.200	-69.998	
33	82.300	-69.998	
33	82.400	-69.998	
33	82.500	-69.998	
33	82.600	-69.998	
33	82.700	-69.998	
33	82.800	-69.998	
33	82.900	-69.998	
33	83.000	-69.998	
33	83.100	-69.998	
33	83.200	-69.998	
33	83.300	-69.998	
33	83.400	-69.998	
33	83.500	-69.998	
33	83.600	-69.998	
33	83.700	-69.998	
33	83.800	-69.998	
33	83.900	-69.998	
33	84.000	-69.998	
33	84.100	-69.998	
33	84.200	-69.998	
33	84.300	-69.998	
33	84.400	-69.998	
33	84.500	-69.998	
33	84.600	-69.998	
33	84.700	-69.998	
33	84.800	-69.998	
33	84.900	-69.998	
33	85.000	-69.998	
33	85.100	-69.998	
33	85.200	-69.998	
33	85.300	-69.998	
33	85.400	-69.998	
33	85.500	-69.998	
33	85.600	-69.998	
33	85.700	-69.998	
33	85.800	-69.998	
33	85.900	-69.998	
33	86.000	-69.998	
33	86.100	-69.998	
33	86.200	-69.998	
33	86.300	-69.998	
33	86.400	-69.998	
33	86.500	-69.998	
33	86.600	-69.998	
33	86.700	-69.998	
33	86.800	-69.998	
33	86.900	-69.998	
33	87.000	-69.998	
33	87.100	-69.998	
33	87.200	-69.998	
33	87.300	-69.998	
33	87.400	-69.998	
33	87.500	-69.998	
33	87.600	-69.998	
33	87.700	-69.998	
33	87.800	-69.998	
33	87.900	-69.998	
33	88.000	-69.998	
33	88.100	-69.998	
33	88.200	-69.998	
33	88.300	-69.998	
33	88.400	-69.998	
33	88.500	-69.998	
33	88.600	-69.998	
33	88.700	-69.998	
33	88.800	-69.998	
33	88.900	-69.998	
33	89.000	-69.998	
33	89.100	-69.998	
33	89.200	-69.998	
33	89.300	-69.998	
33	89.400	-69.998	
33	89.500	-69.998	
33	89.600	-69.998	
33	89.700	-69.998	
33	89.800	-69.998	
33	89.900	-69.998	
33	90.000	-69.998	
33	90.100	-69.998	
33	90.200	-69.998	
33	90.300	-69.998	
33	90.400	-69.998	
33	90.500	-69.998	
33	90.600	-69.998	
33	90.700	-69.998	
33	90.800	-69.998	
33	90.900	-69.998	
33	91.000	-69.998	
33	91.100	-69.998	
33	91.200	-69.998	
33	91.300	-69.998	
33	91.400	-69.998	
33	91.500	-69.998	
33	91.600	-69.998	
33	91.700	-69.998	
33	91.800	-69.998	
33	91.900	-69.998	
33	92.000	-69.998	
33	92.100	-69.998	
33	92.200	-69.998	
33	92.300	-69.998	
33	92.400	-69.998	
33	92.500	-69.998	
33	92.600	-69.998	
33	92.700	-69.998	
33	92.800	-69.998	
33	92.900	-69.998	
33	93.000	-69.998	
33	93.100	-69.998	
33	93.200	-69.998	
33	93.300	-69.998	
33	93.400	-69.998	
33	93.500	-69.998	
33	93.600	-69.998	
33	93.700	-69.998	
33	93.800	-69.998	
33	93.900	-69.998	
33	94.000	-69.998	
33	94.100	-69.998	
33	94.200	-69.998	
33	94.300	-69.998	
33	94.400	-69.998	
33	94.500	-69.998	
33	94.600	-69.998	
33	94.700	-69.998	
33	94.800	-69.998	
33	94.900	-69.998	
33	95.000	-69.998	
33	95.100	-69.998	
33	95.200	-69.998	
33	95.300	-69.998	
33	95.400	-69.998	
33	95.500	-69.998	
33	95.600	-69.998	
33	95.700	-69.998	
33	95.800	-69.998	
33	95.900	-69.998	
33	96.000	-69.998	
33	96.100	-69.998	
33	96.200	-69.998	
33	96.300	-69.998	
33	96.400	-69.998	
33	96.500	-69.998	
33	96.600	-69.998	
33	96.700	-69.998	
33	96.800	-69.998	
33	96.900	-69.998	
33	97.000	-69.998	
33	97.100	-69.998	
33	97.200	-69.998	
33	97.300	-69.998	
33	97.400	-69.998	
33	97.500	-69.998	
33	97.600	-69.998	
33	97.700	-69.998	
33	97.800	-69.998	
33	97.900	-69.998	
33	98.000	-69.998	
33	98.100	-69.998	
33	98.200	-69.998	
33	98.300	-69.998	
33	98.400	-69.998	
33	98.500	-69.998	
33	98.600	-69.998	
33	98.700	-69.998	
33	98.800	-69.998	
33	98.900	-69.998	
33	99.000	-69.998	
33	99.100	-69.998	
33	99.200	-69.998	
33	99.300	-69.998	
33	99.400	-69.998	
33	99.500	-69.998	
33	99.600	-69.998	
33	99.700	-69.998	
33	99.800	-69.998	
33	99.900	-69.998	
33	100.000	-69.998	
33	100.100	-69.998	
33	100.200	-69.998	
33	100.300	-69.998	
33	100.400	-69.998	
33	100.500	-69.998	
33	100.600	-69.998	
33	100.700	-69.998	
33	100.800	-69.998	
33	100.900	-69.998	
33	101.000	-69.998	
33	101.100	-69.998	
33	101.200	-69.998	
33	101.300	-69.998	
33	101.400	-69.998	
33	101.500	-69.998	
33	101.600	-69.998	
33	101.700	-69.998	
33	101.800	-69.998	
33	101.900	-69.998	
33	102.000	-69.998	
33	102.100	-69.998	
33	102.200	-69.998	
33	102.300	-69.998	
33	102.400	-69.998	
33	102.500	-69.998	
33	102.600	-69.998	
33	102.700	-69.998	
33	102.800	-69.998	
33	102.900	-69.998	
33	103.000	-69.998	
33	103.100	-69.998	
33	103.200	-69.998	
33	103.300	-69.998	
33	103.400	-69.998	
33	103.500	-69.998	
33	103.600	-69.998	
33	103.700	-69.998	
33	103.800	-69.998	
33	103.900	-69.998	
33	104.000	-69.998	
33	104.100	-69.998	
33	104.200	-69.998	
33	104.300	-69.998	
33	104.400	-69.998	
33	104.500	-69.998	
33	104.600	-69.998	
33	104.700	-69.998	
33	104.800	-69.998	
33	104.900	-69.998	
33	105.000	-69.998	
33	105.100	-69.998	
33	105.200	-69.998	
33	105.300	-69.998	
33	105.400	-69.998	
33	105.500	-69.998	
33	105.600	-69.998	
33	105.700	-69.998	
33	105.800	-69.998	
33	105.900	-69.998	
33	106.000	-69.998	
33	106.100	-69.998	
33	106.200	-69.998	
33	106.300	-69.998	
33	106.400	-69.998	
33	106.500	-69.998	
33	106.600	-69.998	
33	106.700	-69.998	
33	106.800	-69.998	
33	106.900	-69.998	
33	107.000	-69.998	
33	107.100	-69.998	
33	107.200	-69.998	
33	107.300	-69.998	
33	107.400	-69.998	
33	107.500	-69.998	
33	107.600	-69.998	
33	107.700	-69.998	
33	107.800	-69.998	
33	107.900	-69.998	
33	108.000	-69.998	
33	108.100	-69.998	
33	108.200	-69.998	
33	108.300	-69.998	
33	108.400	-69.998	
33	108.500	-69.998	
33	108.600	-69.998	
33	108.700	-69.998	
33	108.800	-69.998	
33	108.900	-69.998	
33	109.000	-69.998	
33	109.100	-69.998	
33	109.200	-69.998	
33	109.300	-69.998	
33	109.400	-69.998	
33	109.500	-69.998	
33	109.600	-69.998	
33	109.700	-69.998	
33	109.800	-69.998	
33	109.900	-69.998	
33	110.000	-69.998	
33	110.100	-69.998	
33	110.200	-69.998	
33	110.300	-69.998	
33	110.400	-69.998	
33	110.500	-69.998	
33	110.600	-69.998	
33	110.700	-69.998	
33	110.800	-69.998	
33	110.900	-69.998	
33	111.000	-69.998	
33	111.100	-69.998	
33	111.200	-69.998	
33	111.300	-69.998	
33	111.400	-69.998	
33	111.500	-69.998	
33	111.600	-69.998	
33	111.700	-69.998	
33	111.800	-69.998	
33	111.900	-69.998	
33	112.000	-69.998	
33	112.100	-69.998	
33	112.200	-69.998	
33	112.300	-69.998	
33	112.400	-69.998	
33	112.500	-69.998	
33	112.600	-69.998	
33	112.700	-69.998	
33	112.800	-69.998	
33	112.900	-69.998	
33	113.000	-69.998	
33	113.100	-69.998	
33	113.200	-69.998	
33	113.300	-69.998	
33	113.400	-69.998	
33	113.500	-69.998	
33	113.600	-69.998	
33	113.700	-69.998	
33	113.800	-69.998	
33	113.900	-69.998	
33	114.000	-69.998	
33	114.100	-69.998	
33	114.200	-69.998	
33	114.300	-69.998	
33	114.400	-69.998	
33	114.500	-69.998	
33	114.600	-69.998	
33	114.700	-69.998	
33	114.800	-69.998	
33	114.900	-69.998	
33	115.000	-69.998	
33	115.100	-69.998	
33	115.200	-69.998	
33	115.300	-69.998	
33	115.400	-69.998	
33	115.500	-69.998	
33	115.600	-69.998	
33	115.700	-69.998	
33	115.800	-69.998	
33	115.900	-69.998	
33	116.000	-69.998	
33	116.100	-69.998	
33	116.200	-69.998	
33	116.300	-69.998	
33	116.400	-69.998	
33	116.500	-69.998	
33	116.600	-69.998	
33	116.700	-69.998	
33	116.800	-69.998	
33	116.900	-69.998	
33	117.000	-69.998	
33	117.100	-69.998	
33	117.200	-69.998	
33	117.300	-69.998	
33	117.400	-69.998	
33	117.500	-69.998	
33	117.600	-69.998	
33	117.700	-69.998	
33	117.800	-69.998	
33	117.900	-69.998	
33	118.000	-69.998	
33	118.100	-69.998	
33	118.200	-69.998	
33	118.300	-69.998	
33	118.400	-69.998	
33	118.500	-69.998	
33	118.600	-69.998	
33	118.700	-69.998	
33	118.800	-69.998	
33	118.900	-69.998	
33	119.000	-69.998	
33	119.100	-69.998	
33	119.200	-69.998	
33	119.300	-69.998	
33	119.400	-69.998	
33	119.500	-69.998	
33	119.600	-69.998	
33	119.700	-69.998	
33	119.800	-69.998	
33	119.900	-69.998	
33	120.000	-69.998	
33	120.100	-69.998	
33	120.200	-69.998	
33	120.300	-69.998	
33	120.400	-69.998	
33	120.500	-69.998	
33	120.600	-69.998	
33	120.700	-69.998	
33	120.800	-69.998	
33	120.900	-69.998	
33	121.000	-69.998	
33	121.100	-69.998	
33	121.200	-69.998	
33	121.300	-69.998	
33	121.400	-69.998	
33	121.500	-69.998	
33	121.600	-69.998	
33	121.700	-69.998	
33	121.800	-69.998	
33	121.900	-69.998	
33	122.000	-69.998	
33	122.100	-69.998	
33	122.200	-69.998	
33	122.300	-69.998	
33	122.400	-69.998	
33	122.500	-69.998	
33	122.600	-69.998	
33	122.700	-69.998	
33	122.800	-69.998	
33	122.900	-69.998	
33	123.000	-69.998	
33	123.100	-69.998	
33	123.200	-69.998	
33	123.300	-69.998	
33	123.400	-69.998	
33	123.500	-69.998	
33	123.600	-69.998	
33	123.700	-69.998	
33	123.800	-69.998	
33	123.900	-69.998	
33	124.000	-69.998	
33	124.100	-69.998	
33	124.200	-69.998	
33	124.300	-69.998	
33	124.400	-69.998	
33	124.500	-69.998	
33	124.600	-69.998	
33	124.700	-69.998	
33	124.800	-69.998	
33	124.900	-69.998	
33	125.000	-69.998	
33	125.100	-69.998	
33	125.200	-69.998	
33	125.300	-69.998	
33	125.400	-69.998	
33	125.500	-69.998	
33	125.600	-69.998	
33	125.700	-69.998	
33	125.800	-69.998	
33	125.900	-69.998	
33	126.000	-69.998	
33	126.100	-69.998	
33	126.200	-69.998	
33	126.300	-69.998	
33	126.400	-69.998	
33	126.500	-69.998	
33	126.600	-69.998	
33	126.700	-69.998	
33	126.800	-69.998	
33	126.900	-69.998	
33	127.000	-69.998	
33	127.100	-69.998	
33	127.200	-69.998	
33	127.300	-69.998	
33	127.400	-69.998	
33	127.500	-69.998	
33	127.600	-69.998	
33	127.700	-69.998	
33	127.800	-69.998	
33	127.900	-69.998	
33	128.000	-69.998	
33	128.100	-69.998	
33	128.200	-69.998	
33	128.300	-69.998	
33	128.400	-69.998	
33	128.500	-69.998	
33	128.600	-69.998	
33	128.700	-69.998	
33	128.800	-69.998	
33	128.900	-69.998	
33	129.000	-69.998	
33	129.100	-69.998	
33	129.200	-69.998	
33	129.300	-69.998	
33	129.400	-69.998	
33	129.500	-69.998	
33	129.600	-69.998	
33	129.700	-69.998	
33	129.800	-69.998	
33	129.900	-69.998	
33	130.000	-69.998	
33	130.100	-69.998	
33	130.200	-69.998	
33	130.300	-69.998	
33	130.400	-69.998	
33	130.500	-69.998	
33	130.600	-69.998	
33	130.700	-69.998	
33	130.800	-69.998	
33	130.900	-69.998	
33	131.000	-69.998	
33	131.100	-69.998	
33	131.200	-69.998	
33	131.300	-69.998	
33	131.400	-69.998	
33	131.500	-69.998	
33	131.600	-69.998	
33	131.700	-69.998	
33	131.800	-69.998	
33	131.900	-69.998	
33	132.000	-69.998	
33	132.100	-69.998	
33	132.200	-69.998	
33	132.300	-69.998	
33	132.400	-69.998	
33	132.500	-69.998	
33	132.600	-69.998	
33	132.700	-69.998	
33	132.800	-69.998	
33	132.900	-69.998	
33	133.000	-69.998	
33	133.100	-69.998	
33	133.200	-69.998	
33	133.300	-69.998	
33	133.400	-69.998	
33	133.500	-69.998	
33	133.600	-69.998	
33	133.700	-69.998	
33	133.800	-69.998	
33	133.900	-69.998	
33	134.000	-69.998	
33	134.100	-69.998	
33	134.200	-69.998	
33	134.300	-69.998	
33	134.400	-69.998	
33	134.500	-69.998	
33	134.600	-69.998	
33	134.700	-69.998	
33	134.800	-69.998	
33	134.900	-69.998	
33	135.000	-69.998	
33	135.100	-69.998	
33	135.200	-69.998	
33	135.300	-69.998	
33	135.400	-69.998	
33	135.500	-69.998	
33	135.600	-69.998	
33	135.700	-69.998	
33	135.800	-69.998	
33	135.900	-69.998	
33	136.000	-69.998	
33	136.100	-69.998	
33	136.200	-69.998	
33	136.300	-69.998	
33	136.400	-69.998	
33	136.500	-69.998	
33	136.600	-69.998	
33	136.700	-69.998	
33	136.800	-69.998	
33	136.900	-69.998	
33	137.000	-69.998	
33	137.100	-69.998	
33	137.200	-69.998	
33	137.300	-69.998	
33	137.400	-69.998	
33	137.500	-69.998	
33	137.600	-69.998	
33	137.700	-69.998	
33	137.800	-69.998	
33	137.900	-69.998	
33	138.000	-69.998	
33	138.100	-69.998	
33	138.200	-69.998	
33	138.300	-69.998	
33	138.400	-69.998	
33	138.500	-69.998	
33	138.600	-69.998	
33	138.700	-69.998	
33	138.800	-69.998	
33	138.900	-69.998	
33	139.000	-69.998	
33	139.100	-69.998	
33	139.200	-69.998	
33	139.300	-69.998	
33	139.400	-69.998	
33	139.500	-69.998	
33	139.600	-69.998	
33	139.700	-69.998	
33	139.800	-69.998	
33	139.900	-69.998	
33	140.000	-69.998	
33	140.100	-69.998	
33	140.200	-69.998	
33	140.300	-69.998	
33	140.400	-69.998	
33	140.500	-69.998	
33	140.600	-69.998	
33	140.700	-69.998	
33	140.800	-69.998	
33	140.900	-69.998	
33	141.000	-69.998	
33	141.100	-69.998	
33	141.200	-69.998	
33	141.300	-69.998	
33	141.400	-69.998	
33	141.500	-69.998	
33	141.600	-69.998	
33	141.700	-69.998	
33	141.800	-69.998	
33	141.900	-69.998	
33	142.000	-69.998	
33	142.100	-69.998	
33	142.200	-69.998	
33	142.300	-69.998	
33	142.400	-69.998	
33	142.500	-69.998	
33	142.600	-69.998	
33	142.700	-69.998	
33	142.800	-69.998	
33	142.900	-69.998	
33	143.000	-69.998	
33	143.100	-69.998	
33	143.200	-69.998	
33	143.300	-69.998	
33	143.400	-69.998	
33	143.500	-69.998	
33	143.600	-69.998	
33	143.700	-69.998	
33	143.800	-69.998	
33	143.900	-69.998	
33	144.000	-69.998	
33	144.100	-69.998	
33	144.200	-69.998	
33	144.300	-69.998	
33	144.400	-69.998	
33	144.500	-69.998	
33	144.600	-69.998	
33	144.700	-69.998	
33	144.800	-69.998	
33	144.900	-69.998	
33	145.000	-69.998	
33	145.100	-69.998	
33	145.200	-69.998	
33	145.300	-69.998	
33	145.400	-69.998	
33	145.500	-69.998	
33	145.600	-69.998	
33	145.700	-69.998	
33	145.800	-69.998	
33	145.900	-69.998	
33	146.000	-69.998	
33	146.100	-69.998	
33	146.200	-69.998	
33	146.300	-69.998	
33	146.400	-69.998	
33	146.500	-69.998	
33	146.600	-69.998	
33	146.700	-69.998	
33	146.800	-69.998	
33	146.900	-69.998	
33	147.000	-69.998	
33	147.100	-69.998	
33	147.200	-69.998	
33	147.300	-69.998	
33	147.400	-69.998	
33	147.500	-69.998	
33	147.600	-69.998	
33	147.700	-69.998	
33	147.800	-69.998	
33	147.900	-69.998	
33	148.000	-69.998	
33	148.100	-69.998	
33	148.200	-69.998	
33	148.300	-69.998	
33	148.400	-69.998	
33	148.500	-69.998	
33	148.600	-69.998	
33	148.700	-69.998	
33	148.800	-69.998	
33	148.900	-69.998	
33	149.000	-69.998	
33	149.100	-69.998	
33	149.200	-69.998	
33	149.300	-69.998	
33	149.400	-69.998	
33	149.500	-69.998	
33	149.600	-69.998	
33	149.700	-69.998	
33	149.800	-69.998	
33	149.900	-69.998	
33	150.000	-69.998	
33	150.100	-69.998	
33	150.200	-69.998	
33	150.300	-69.998	
33	150.400	-69.998	
33	150.500	-69.998	
33	150.600	-69.998	
33	150.700	-69.998	
33	150.800	-69.998	
33	150.900	-69.998	
33	151.000	-69.998	
33	151.100	-69.998	
33	151.200	-69.998	
33	151.300	-69.998	
33	151.400	-69.998	
33	151.500	-69.998	
33	151.600	-69.998	
33	151.700	-69.998	
33	151.800	-69.998	
33	151.900	-69.998	
33	152.000	-69.998	
33	152.100	-69.998	
33	152.200	-69.998	
33	152.300	-69.998	
33	152.400	-69.998	
33	152.500	-69.998	
33	152.600	-69.998	
33	152.700	-69.998	
33	152.800	-69.998	
33	152.900	-69.998	
33	153.000	-69.998	
33	153.100	-69.998	
33	153.200	-69.998	
33	153.300	-69.998	
33	153.400	-69.998	
33	153.500	-69.998	
33	153.600	-69.998	
33	153.700	-69.998	
33	153.800	-69.998	
33	153.900	-69.998	
33	154.000	-69.998	
33	154.100	-69.998	
33	154.200	-69.998	
33	154.300	-69.998	
33	154.400	-69.998	
33	154.500	-69.998	
33	154.600	-69.998	
33	154.700	-69.998	
33	154.800	-69.998	
33	154.900	-69.998	
33	155.000	-69.998	
33	155.100	-69.998	
33	155.200	-69.998	
33	155.300	-69.998	
33	155.400	-69.998	
33	155.500	-69.998	
33	155.600	-69.998	
33	155.700	-69.998	
33	155.800	-69.998	
33	155.900	-69.998	
33	156.000	-69.998	
33	156.100	-69.998	
33	156.200	-69.998	
33	156.300	-69.998	
33	156.400	-69.998	
33	156.500	-69.998	
33	156.600	-69.998	
33	156.700	-69.998	
33	156.800	-69.998	
33	156.900	-69.998	
33	157.000	-69.998	
33	157.100	-69.998	
33	157.200	-69.998	
33	157.300	-69.998	
33	157.400	-69.998	
33	157.500	-69.998	
33	157.600	-69.998	
33	157.700	-69.998	
33	157.800	-69.998	
33	157.900	-69.998	
33	158.000	-69.998	
33	158.100	-69.998	
33	158.200	-69.998	
33	158.300	-69.998	
33	158.400	-69.998	
33	158.500	-69.998	
33	158.600	-69.998	
33	158.700	-69.998	
33	158.800	-69.998	
33	158.900	-69.998	
33	159.000	-69.998	
33	159.100	-69.998	
33	159.200	-69.998	
33	159.300	-69.998	
33	159.400	-69.998	
33	159.500	-69.998	
33	159.600	-69.998	
33	159.700	-69.998	
33	159.800	-69.998	
33	159.900	-69.998	
33	160.000	-69.998	
33	160.100	-69.998	
33	160.200	-69.998	
33	160.300	-69.998	
33	160.400	-69.998	
33	160.500	-69.998	
33	160.600	-69.998	
33	160.700	-69.998	
33	160.800	-69.998	
33	160.900	-69.998	
33	161.000	-69.998	
33	161.100	-69.998	
33	161.200	-69.998	
33	161.300	-69.998	
33	161.400	-69.998	
33	161.500	-69.998	
33	161.600	-69.998	
33	161.700	-69.998	
33	161.800	-69.998	
33	161.900	-69.998	
33	162.000	-69.998	
33	162.100	-69.998	
33	162.200	-69.998	
33	162.300	-69.998	
33	162.400	-69.998	
33	162.500	-69.998	
33	162.600	-69.998	
33	162.700	-69.998	
33	162.800	-69.998	
33	162.900	-69.998	
33	163.000	-69.998	
33	163.100	-69.998	
33	163.200	-69.998	
33	163.300	-69.998	
33	163.400	-69.998	
33	163.500	-69.998	
33	163.600	-69.998	
33	163.700	-69.998	
33	163.800	-69.998	
33	163.900	-69.998	
33	164.000	-69.998	
33	164.100	-69.998	
33	164.200	-69.998	
33	164.300	-69.998	
33	164.400	-69.998	
33	164.500	-69.998	
33	164.600	-69.998	
33	164.700	-69.998	
33	164.800	-69.998	
33	164.900	-69.998	
33	165.000	-69.998	
33	165.100	-69.998	
33	165.200	-69.998	
33	165.300	-69.998	
33	165.400	-69.998	
33	165.500	-69.998	
33	165.600	-69.998	
33	165.700	-69.998	
33	165.800	-69.998	
33	165.900	-69.998	
33	166.000	-69.998	
33	166.100	-69.998	
33	166.200	-69.998	
33	166.300	-69.998	
33	166.400	-69.998	
33	166.500	-69.998	
33	166.600	-69.998	
33	166.700	-69.998	
33	166.800	-69.998	
33	166.900	-69.998	
33	167.000	-69.998	
33	167.100	-69.998	
33	167.200	-69.998	
33	167.300	-69.998	
33	167.400	-69.998	
33	167.500	-69.998	
33	167.600	-69.998	
33	167.700	-69.998	
33	167.800	-69.998	
33	167.900	-69.998	
33	168.000	-69.998	
33	168.100	-69.998	
33	168.200	-69.998	
33	168.300	-69.998	
33	168.400	-69.998	
33	168.500	-69.998	
33	168.600	-69.998	
33	168.700	-69.998	
33	168.800	-69.998	
33	168.900	-69.998	
33	169.000	-69.998	
33	169.100	-69.998	
33	169.200	-69.998	
33	169.300	-69.998	
33	169.400	-69.998	
33	169.500	-69.998	
33	169.600	-69.998	
33	169.700	-69.998	
33	169.800	-69.998	
33	169.900	-69.998	
33	170.000	-69.998	
33	170.100	-69.998	
33	170.200	-69.998	
33	170.300	-69.998	
33	170.400	-69.998	
33	170.500	-69.998	
33	170.600	-69.998	
33	170.700	-69.998	
33	170.800	-69.998	
33	170.900	-69.998	
33	171.000	-69.998	
33	171.100	-69.998	
33	171.200	-69.998	
33	171.300	-69.998	
33	171.400	-69.998	
33	171.500	-69.998	
33	171.600	-69.998	
33	171.700	-69.998	
33	171.800	-69.998	
33	171.900	-69.998	
33	172.000	-69.998	
33	172.100	-69.998	
33	172.200	-69.998	
33	172.300	-69.998	
33	172.400	-69.998	
33	172.500	-69.998	
33	172.600	-69.998	
33	172.700	-69.998	
33	172.800	-69.998	
33	172.900	-69.998	
33	173.000	-69.998	
33	173.100	-69.998	
33	173.200	-69.998	
33	173.300	-69.998	
33	173.400	-69.998	
33	173.500	-69.998	
33	173.600	-69.998	
33	173.700	-69.998	
33	173.800	-69.998	
33	173.900	-69.998	
33	174.000	-69.998	
33	174.100	-69.998	
33	174.200	-69.998	
33	174.300	-69.998	
33	174.400	-69.998	
33	174.500	-69.998	
33	174.600	-69.998	
33	174.700	-69.998	
33	174.800	-69.998	
33	174.900	-69.998	
33	175.000	-69.998	
33	175.100	-69.998	
33	175.200	-69.998	
33	175.300	-69.998	
33	175.400	-69.998	
33	175.500	-69.998	
33	175.600	-69.998	
33	175.700	-69.998	
33	175.800	-69.998	
33	175.900	-69.998	
33	176.000	-69.998	
33	176.100	-69.998	
33	176.200	-69.998	
33	176.300	-69.998	
33	176.400	-69.998	
33	176.500	-69.998	
33	176.600	-69.998	
33	176.700	-69.998	
33	176.800	-69.998	
33	176.900	-69.998	
33	177.000	-69.998	
33	177.100	-69.998	
33	177.200	-69.998	
33	177.300	-69.998	
33	177.400	-69.998	
33	177.500	-69.998	
33	177.600	-69.998	
33	177.700	-69.998	
33	177.800	-69.998	
33	177.900	-69.998	
33	178.000	-69.998	
33	178.100	-69.998	
33	178.200	-69.998	
33	178.300	-69.998	
33	178.400	-69.998	
33	178.500	-69.998	
33	178.600	-69.998	
33	178.700	-69.998	
33	178.800	-69.998	
33	178.900	-69.998	
33	179.000	-69.998	
33	179.100	-69.998	
33	179.200	-69.998	
33	179.300	-69.998	
33	179.400	-69.998	
33	179.500	-69.998	
33	179.600	-69.998	
33	179.700	-69.998	
33	179.800	-69.998	
33	179.900	-69.998	
33	180.000	-69.998	
33	180.100	-69.998	
33	180.200	-69.998	
33	180.300	-69.998	
33	180.400	-69.998	
33	180.500	-69.998	
33	180.600	-69.998	
33	180.700	-69.998	
33	180.800	-69.998	
33	180.900	-69.998	
33	181.000	-69.998	
33	181.100	-69.998	
33	181.200	-69.998	
33	181.300	-69.998	
33	181.400	-69.998	
33	181.500	-69.998	
33	181.600	-69.998	
33	181.700	-69.998	
33	181.800	-69.998	
33	181.900	-69.998	
33	182.000	-69.998	
33	182.100	-69.998	
33	182.200	-69.998	
33	182.300	-69.998	
33	182.400	-69.998	
33	182.500	-69.998	
33	182.600	-69.998	
33	182.700	-69.998	
33	182.800	-69.998	
33	182.900	-69.998	
33	183.000	-69.998	
33	183.100	-69.998	
33	183.200	-69.998	
33	183.300	-69.998	
33	183.400	-69.998	
33	183.500	-69.998	
33	183.600	-69.998	
33	183.700	-69.998	
33	183.800	-69.998	
33	183.900	-69.998	
33	184.000	-69.998	
33	184.100	-69.998	
33	184.200	-69.998	
33	184.300	-69.998	
33	184.400	-69.998	
33	184.500	-69.998	
33	184.600	-69.998	
33	184.700	-69.998	
33	184.800	-69.998	
33	184.900	-69.998	
33	185.000	-69.998	
33	185.100	-69.998	
33	185.200	-69.998	
33	185.300	-69.998	
33	185.400	-69.998	
33	185.500	-69.998	
33	185.600	-69.998	
33	185.700	-69.998	
33	185.800	-69.998	
33	185.900	-69.998	
33	186.000	-69.998	
33	186.100	-69.998	
33	186.200	-69.998	
33	186.300	-69.998	
33	186.400	-69.998	
33	186.500	-69.998	
33	186.600	-69.998	
33	186.700	-69.998	
33	186.800	-69.998	
33	186.900	-69.998	
33	187.000	-69.998	
33	187.100	-69.998	
33	187.200	-69.998	
33	187.300	-69.998	
33	187.400	-69.998	
33	187.500	-69.998	
33	187.600	-69.998	
33	187.700	-69.998	
33	187.800	-69.998	
33	187.900	-69.998	
33	188.000	-69.998	
33	188.100	-69.998	
33	188.200	-69.998	
33	188.300	-69.998	
33	188.400	-69.998	
33	188.500	-69.998	
33	188.600	-69.998	
33	188.700	-69.998	
33	188.800	-69.998	
33	188.900	-69.998	
33	189.000	-69.998	
33	189.100	-69.998	
33	189.200	-69.998	
33	189.300	-69.998	
33	189.400	-69.998	
33	189.500	-69.998	
33	189.600	-69.998	
33	189.700	-69.998	
33	189.800	-69.998	
33	189.900	-69.998	
33	190.000	-69.998	
33	190.100	-69.998	
33	190.200	-69.998	
33	190.300	-69.998	
33	190.400	-69.998	
33	190.500	-69.998	
33	190.600	-69.998	
33	190.700	-69.998	
33	190.800	-69.998	
33	190.900	-69.998	
33	191.000	-69.998	
33	191.100	-69.998	
33	191.200	-69.998	
33	191.300	-69.998	
33	191.400	-69.998	
33	191.500	-69.998	
33	191.600	-69.998	
33	191.700	-69.998	
33	191.800	-69.998	
33	191.900	-69.998	
33	192.000	-69.998	
33	192.100	-69.998	
33	192.200	-69.998	
33	192.300	-69.998	
33	192.400	-69.998	
33	192.500	-69.998	
33	192.600	-69.998	
33	192.700	-69.998	
33	192.800	-69.998	
33	192.900	-69.998	
33	193.000	-69.998	
33	193.100	-69.998	
33	193.200	-69.998	
33	193.300	-69.998	
33	193.400	-69.998	
33	193.500	-69.998	
33	193.600	-69.998	
33	193.700	-69.998	
33	193.800	-69.998	
33	193.900	-69.998	
33	194.000	-69.998	
33	194.100	-69.998	
33	194.200	-69.998	
33	194.300	-69.998	
33	194.400	-69.998	
33	194.500	-69.998	
33	194.600	-69.998	
33	194.700	-69.998	
33	194.800	-69.998	
33	194.900	-69.998	
33	195.000	-69.998	
33	195.100	-69.998	
33	195.200	-69.998	
33	195.300	-69.998	
33	195.400	-69.998	
33	195.500	-69.998	
33	195.600	-69.998	
33	195.700	-69.998	
33	195.800	-69.998	
33	195.900	-69.998	
33	196.000	-69.998	
33	196.100	-69.998	
33	196.200	-69.998	
33	196.300	-69.998	
33	196.400	-69.998	
33	196.500	-69.998	
33	196.600	-69.998	
33	196.700	-69.998	
33	196.800	-69.998	
33	196.900	-69.998	
33	197.000	-69.998	
33	197.100	-69.998	
33	197.200	-69.998	
33	197.300	-69.998	
33	197.400	-69.998	
33	197.500	-69.998	
33	197.600	-69.998	
33	197.700	-69.998	
33	197.800	-69.998	
33	197.900	-69.998	
33	198.000	-69.998	
33	198.100	-69.998	
33	198.200	-69.998	
33	198.300	-69.998	
33	198.400	-69.998	
33	198.500	-69.998	
33	198.600	-69.998	
33	198.700	-69.998	
33	198.800	-69.998	
33	198.900	-69.998	
33	199.000	-69.998	
33	199.100	-69.998	
33	199.200	-69.998	
33	199.300	-69.998	
33	199.400	-69.998	
33	199.500	-69.998	
33	199.600	-69.998	
33	199.700	-69.998	
33	199.800	-69.998	
33	199.900	-69.998	
33	200.000	-69.998	
33	200.100	-69.998	
33	200.200	-69.998	
33	200.300	-69.998	
33	200.400	-69.998	
33	200.500	-69.998	
33	200.600	-69.998	
33	200.700	-69.998	
33	200.800	-69.998	
33	200.900	-69.998	
33	201.000	-69.998	
33	201.100	-69.998	
33	201.200	-69.998	
33	201.300	-69.998	
33	201.400	-69.998	
33	201.500	-69.998	
33	201.600	-69.998	
33	201.700	-69.998	
33	201.800	-69.998	
33	201.900	-69.998	
33	202.000	-69.998	
33	202.100	-69.998	
33	202.200	-69.998	
33	202.300	-69.998	
33	202.400	-69.998	
33	202.500	-69.998	
33	202.600	-69.998	
33	202.700	-69.998	
33	202.800	-69.998	
33	202.900	-69.998	
33	203.000	-69.998	
33	203.100	-69.998	
33	203.200	-69.998	
33	203.300	-69.998	
33	203.400	-69.998	
33	203.500	-69.998	
33	203.600	-69.998	
33	203.700	-69.998	
33	203.800	-69.998	
33	203.900	-69.998	
33	204.000	-69.998	
33	204.100	-69.998	
33	204.200	-69.998	
33	204.300	-69.998	
33	204.400	-69.998	
33	204.500	-69.998	
33	204.600	-69.998	
33	204.700	-69.998	
33	204.800	-69.998	
33	204.900	-69.998	
33	205.000	-69.998	
33	205.100	-69.998	
33	205.200	-69.998	
33	205.300	-69.998	
33	205.400	-69.998	
33	205.500	-69.998	
33	205.600	-69.998	
33	205.700	-69.998	
33	205.800	-69.998	
33	205.900	-69.998	
33	206.000	-69.998	
33	206.100	-69.998	
33	206.200	-69.998	
33	206.300	-69.998	
33	206.400	-69.998	
33	206.500	-69.998	
33	206.600	-69.998	
33	206.700	-69.998	
33	206.800	-69.998	
33	206.900	-69.998	
33	207.000	-69.998	
33	207.100	-69.998	
33	207.200	-69.998	
33	207.300	-69.998	
33	207.400	-69.998	
33	207.500	-69.998	
33	207.600	-69.998	
33	207.700	-69.998	
33	207.800	-69.998	
33	207.900	-69.998	
33	208.000	-69.998	
33	208.100	-69.998	
33	208.200	-69.998	
33	208.300	-69.998	
33	208.400	-69.998	
33	208.500	-69.998	
33	208.600	-69.998	
33	208.700	-69.998	
33	208.800	-69.998	
33	208.900	-69.998	
33	209.000	-69.998	
33	209.100	-69.998	
33	209.200	-69.998	
33	209.300	-69.998	
33	209.400	-69.998	
33	209.500	-69.998	
33	209.600	-69.998	
33	209.700	-69.998	
33	209.800	-69.998	
33	209.900	-69.998	
33	210.000	-69.998	
33	210.100	-69.998	
33	210.200	-69.998	
33	210.300	-69.998	
33	210.400	-69.998	
33	210.500	-69.998	
33	210.600	-69.998	
33	210.700	-69.998	
33	210.800	-69.998	
33	210.900	-69.998	
33	211.000	-69.998	
33	211.100	-69.998	
33	211.200	-69.998	
33	211.300	-69.998	
33	211.400	-69.998	
33	211.500	-69.998	
33	211.600	-69.998	
33	211.700	-69.998	
33	211.800	-69.998	
33	211.900	-69.998	
33	212.000	-69.998	
33	212.100	-69.998	
33	212.200	-69.998	
33	212.300	-69.998	
33	212.400	-69.998	
33	212.500	-69.998	
33	212.600	-69.998	
33	212.700	-69.998	
33	212.800	-69.998	
33	212.900	-69.998	
33	213.000	-69.998	
33	213.100	-69.998	
33	213.200	-69.998	
33	213.300	-69.998	
33	213.400	-69.998	
33	213.500	-69.998	
33	213.600	-69.998	
33	213.700	-69.998	
33	213.800	-69.998	
33	213.900	-69.998	
33	214.000	-69.998	
33	214.100	-69.998	
33	214.200	-69.998	
33	214.300	-69.998	
33	214.400	-69.998	
33	214.500	-69.998	
33	214.600	-69.998	
33	214.700	-69.998	
33	214.800	-69.998	
33	214.900	-69.998	
33	215.000	-69.998	
33	215.100	-69.998	
33	215.200	-69.998	
33	215.300	-69.998	
33	215.400	-69.998	
33	215.500	-69.998	
33	215.600	-69.998	
33	215.700	-69.998	
33	215.800	-69.998	
33	215.900	-69.998	
33	216.000	-69.998	
33	216.100	-69.998	
33	216.200	-69.998	
33	216.300	-69.998	
33	216.400	-69.998	
33	216.500	-69.998	
33	216.600	-69.998	
33	216.700	-69.998	
33	216.800	-69.998	
33	216.900	-69.998	
33	217.000	-69.998	
33	217.100	-69.998	
33	217.200	-69.998	
33	217.300	-69.998	
33	217.400	-69.998	
33	217.500	-69.998	
33	217.600	-69.998	
33	217.700	-69.998	
33	217.800	-69.998	
33	217.900	-69.998	
33	218.000	-69.998	
33	218.100	-69.998	
33	218.200	-69.998	
33	218.300	-69.998	
33	218.400	-69.998	
33	218.500	-69.998	
33	218.600	-69.998	
33	218.700	-69.998	
33	218.800	-69.998	
33	218.900	-69.998	
33	219.000	-69.998	
33	219.100	-69.998	
33	219.200	-69.998	
33	219.300	-69.998	
33	219.400	-69.998	
33	219.500	-69.998	
33	219.600	-69.998	
33	219.700	-69.998	
33	219.800	-69.998	
33	219.900	-69.998	
33	220.000	-69.998	
33	220.100	-69.998	
33	220.200	-69.998	
33	220.300	-69.998	
33	220.400	-69.998	
33	220.500	-69.998	
33	220.600	-69.998	
33	220.700	-69.998	
33	220.800	-69.998	
33	220.900	-69.998	
33	221.000	-69.998	
33	221.100	-69.998	
33	221.200	-69.998	
33	221.300	-69.998	
33	221.400	-69.998	
33	221.500	-69.998	
33	221.600	-69.998	
33	221.700	-69.998	
33	221.800	-69.998	
33	221.900	-69.998	
33	222.000	-69.998	
33	222.100	-69.998	
33	222.200	-69.998	
33	222.300	-69.998	
33	222.400	-69.998	
33	222.500	-69.998	
33	222.600	-69.998	
33	222.700	-69.998	
33	222.800	-69.998	
33	222.900	-69.998	
33	223.000	-69.998	
33	223.100	-69.998	
33	223.200	-69.998	
33	223.300	-69.998	
33	223.400	-69.998	
33	223.500	-69.998	
33	223.600	-69.998	
33	223.700	-69.998	
33	223.800	-69.998	
33	223.900	-69.998	
33	224.000	-69.998	
33	224.100	-69.998	
33	224.200	-69.998	
33	224.300	-69.998	
33	224.400	-69.998	
33	224.500	-69.998	
33	224.600	-69.998	
33	224.700	-69.998	
33	224.800	-69.998	
33	224.900	-69.998	
33	225.000	-69.998	
33	225.100	-69.998	
33	225.200	-69.998	
33	225.300	-69.998	
33	225.400	-69.998	
33	225.500	-69.998	
33	225.600	-69.998	
33	225.700	-69.998	
33	225.800	-69.998	
33	225.900	-69.998	
33	226.000	-69.998	
33	226.100	-69.998	
33	226.200	-69.998	
33	226.300	-69.998	
33	226.400	-69.998	
33	226.500	-69.998	
33	226.600	-69.998	
33	226.700	-69.998	
33	226.800	-69.998	
33	226.900	-69.998	
33	227.000	-69.998	
33	227.100	-69.998	
33	227.200	-69.998	
33	227.300	-69.998	
33	227.400	-69.998	
33	227.500	-69.998	
33	227.600	-69.998	
33	227.700	-69.998	
33	227.800	-69.998	
33	227.900	-69.998	
33	228.000	-69.998	
33	228.100	-69.998	
33	228.200	-69.998	
33	228.300	-69.998	
33	228.400	-69.998	
33	228.500	-69.998	
33	228.600	-69.998	
33	228.700	-69.998	
33	228.800	-69.998	
33	228.900	-69.998	
33	229.000	-69.998	
33	229.100	-69.998	
33	229.200	-69.998	
33	229.300	-69.998	
33	229.400	-69.998	
33	229.500	-69.998	
33	229.600	-69.998	
33	229.700	-69.998	
33	229.800	-69.998	
33	229.900	-69.998	
33	230.000	-69.998	
33	230.100	-69.998	
33	230.200	-69.998	
33	230.300	-69.998	
33	230.400	-69.998	
33	230.500	-69.998	
33	230.600	-69.998	
33	230.700	-69.998	
33	230.800	-69.998	
33	230.900	-69.998	
33	231.000	-69.998	
33	231.100	-69.998	
33	231.200	-69.998	
33	231.300	-69.998	
33	231.400	-69.998	
33	231.500	-69.998	
33	231.600	-69.998	
33	231.700	-69.998	
33	231.800	-69.998	
33	231.900	-69.998	
33	232.000	-69.998	
33	232.100	-69.998	
33	232.200	-69.998	
33	232.300	-69.998	
33	232.400	-69.998	
33	232.500	-69.998	
33	232.600	-69.998	
33	232.700	-69.998	
33	232.800	-69.998	
33	232.900	-69.998	
33	233.000	-69.998	
33	233.100	-69.998	
33	233.200	-69.998	
33	233.300	-69.998	
33	233.400	-69.998	
33	233.500	-69.998	
33	233.600	-69.998	
33	233.700	-69.998	
33	233.800	-69.998	
33	233.900	-69.998	
33	234.000	-69.998	
33	234.100	-69.998	
33	234.200	-69.998	
33	234.300	-69.998	
33	234.400	-69.998	
33	234.500	-69.998	
33	234.600	-69.998	
33	234.700	-69.998	
33	234.800	-69.998	
33	234.900	-69.998	
33	235.000	-69.998	
33	235.100	-69.998	
33	235.200	-69.998	
33	235.300	-69.998	
33	235.400	-69.998	
33	235.500	-69.998	
33	235.600	-69.998	
33	235.700	-69.998	
33	235.800	-69.998	
33	235.900	-69.998	
33	236.000	-69.998	
33	236.100	-69.998	
33	236.200	-69.998	
33	236.300	-69.998	
33	236.400	-69.998	
33	236.500	-69.998	
33	236.600	-69.998	
33	236.700	-69.998	
33	236.800	-69.998	
33	236.900	-69.998	
33	237.000	-69.998	
33	237.100	-69.998	
33	237.200	-69.998	
33	237.300	-69.998	
33	237.400	-69.998	
33	237.500	-69.998	
33	237.600	-69.998	
33	237.700	-69.998	
33	237.800	-69.998	
33	237.900	-69.998	
33	238.000	-69.998	
33	238.100	-69.998	
33	238.200	-69.998	
33	238.300	-69.998	
33	238.400	-69.998	
33	238.500	-69.998	
33	238.600	-69.998	
33	238.700	-69.998	
33	238.800	-69.998	
33	238.900	-69.998	
33	239.000	-69.998	
33	239.100	-69.998	
33	239.200	-69.998	
33	239.300	-69.998	
33	239.400	-69.998	
33	239.500	-69.998	
33	239.600	-69.998	
33	239.700	-69.998	
33	239.800	-69.998	
33	239.900	-69.998	
33	240.000	-69.998	
33	240.100	-69.998	
33	240.200	-69.998	
33	240.300	-69.998	
33	240.400	-69.998	
33	240.500	-69.998	
33	240.600	-69.998	
33	240.700	-69.998	
33	240.800	-69.998	
33	240.900	-69.998	
33	241.000	-69.998	
33	241.100	-69.998	
33	241.200	-69.998	
33	241.300	-69.998	
33	241.400	-69.998	
33	241.500	-69.998	
33	241.600	-69.998	
33	241.700	-69.998	
33	241.800	-69.998	
33	241.900	-69.998	
33	242.000	-69.998	
33	242.100	-69.998	
33	242.200	-69.998	
33	242.300	-69.998	
33	242.400	-69.998	
33	242.500	-69.998	
33	242.600	-69.998	
33	242.700	-69.998	
33	242.800	-69.998	
33	242.900	-69.998	
33	243.000	-69.998	
33	243.100	-69.998	
33	243.200	-69.998	
33	243.300	-69.998	
33	243.400	-69.998	
33	243.500	-69.998	
33	243.600	-69.998	
33	243.700	-69.998	
33	243.800	-69.998	
33	243.900	-69.998	
33	244.000	-69.998	
33	244.100	-69.998	
33	244.200	-69.998	
33	244.300	-69.998	
33	244.400	-69.998	
33	244.500	-69.998	
33	244.600	-69.998	
33	244.700	-69.998	
33	244.800	-69.998	
33	244.900	-69.998	
33	245.000	-69.998	
33	245.100	-69.998	
33	245.200	-69.998	
33	245.300	-69.998	
33	245.400	-69.998	
33	245.500	-69.998	
33	245.600	-69.998	
33	245.700	-69.998	
33	245.800	-69.998	
33	245.900	-69.998	
33	246.000	-69.998	
33	246.100	-69.998	
33	246.200	-69.998	
33	246.300	-69.998	
33	246.400	-69.998	
33	246.500	-69.998	
33	246.600	-69.998	
33	246.700	-69.998	
33	246.800	-69.998	
33	246.900	-69.998	
33	247.000	-69.998	
33	247.100	-69.998	
33	247.200	-69.998	
33	247.300	-69.998	
33	247.400	-69.998	
33	247.500	-69.998	
33	247.600	-69.998	
33	247.700	-69.998	
33	247.800	-69.998	
33	247.900	-69.998	
33	248.000	-69.998	
33	248.100	-69.998	
33	248.200	-69.998	
33	248.300	-69.998	
33	248.400	-69.998	
33	248.500	-69.998	
33	248.600	-69.998	
33	248.700	-69.998	
33	248.800	-69.998	
33	248.900	-69.998	
33	249.000	-69.998	
33	249.100	-69.998	
33	249.200	-69.998	
33	249.300	-69.998	
33	249.400	-69.998	
33	249.500	-69.998	
33	249.600	-69.998	
33	249.700	-69.998	
33	249.800	-69.998	
33	249.900	-69.998	
33	250.000	-69.998	
33	250.100	-69.998	
33	250.200	-69.998	
33	250.300	-69.998	
33	250.400	-69.998	
33	250.500	-69.998	
33	250.600	-69.998	
33	250.700	-69.998	
33	250.800	-69.998	
33	250.900	-69.998	
33	251.000	-69.998	
33	251.100	-69.998	
33	251.200	-69.998	
33	251.300	-69.998	
33	251.400	-69.998	
33	251.500	-69.998	
33	251.600	-69.998	
33	251.700	-69.998	
33	251.800	-69.998	
33	251.900	-69.998	
33	252.000	-69.998	
33	252.100	-69.998	
33	252.200	-69.998	
33	252.300	-69.998	
33	252.400	-69.998	
33	252.500	-69.998	
33	252.600	-69.998	
33	252.700	-69.998	
33	252.800	-69.998	
33	252.900	-69.998	
33	253.000	-69.998	
33	253.100	-69.998	
33	253.200	-69.998	
33	253.300	-69.998	
33	253.400	-69.998	
33	253.500	-69.998	
33	253.600	-69.998	
33	253.700	-69.998	
33	253.800	-69.998	
33	253.900	-69.998	
33	254.000	-69.998	
33	254.100	-69.998	
33	254.200	-69.998	
33	254.300	-69.998	
33	254.400	-69.998	
33	254.500	-69.998	
33	254.600	-69.998	
33	254.700	-69.998	
33	254.800	-69.998	
33	254.900	-69.998	
33	255.000	-69.998	
33	255.100	-69.998	
33	255.200	-69.998	
33	255.300	-69.998	
33	255.400	-69.998	
33	255.500	-69.998	
33	255.600	-69.998	
33	255.700	-69.998	
33	255.800	-69.998	
33	255.900	-69.998	
33	256.000	-69.998	
33	256.100	-69.998	
33	256.200	-69.998	
33	256.300	-69.998	
33	256.400	-69.998	
33	256.500	-69.998	
33	256.600	-69.998	
33	256.700	-69.998	
33	256.800	-69.998	
33	256.900	-69.998	
33	257.000	-69.998	
33	257.100	-69.998	
33	257.200	-69.998	
33	257.300	-69.998	
33	257.400	-69.998	
33	257.500	-69.998	
33	257.600	-69.998	
33	257.700	-69.998	
33	257.800	-69.998	
33	257.900	-69.998	
33	258.000	-69.998	
33	258.100	-69.998	
33	258.200	-69.998	
33	258.300	-69.998	
33	258.400	-69.998	
33	258.500	-69.998	
33	258.600	-69.998	
33	258.700	-69.998	
33	258.800	-69.998	
33	258.900	-69.998	
33	259.000	-69.998	
33	259.100	-69.998	
33	259.200	-69.998	
33	259.300	-69.998	
33	259.400	-69.998	
33	259.500	-69.998	
33	259.600	-69.998	
33	259.700	-69.998	
33	259.800	-69.998	
33	259.900	-69.998	
33	260.000	-69.998	
33	260.100	-69.998	
33	260.200	-69.998	
33	260.300	-69.998	
33	260.400	-69.998	
33	260.500	-69.998	
33	260.600	-69.998	
33	260.700	-69.998	
33	260.800	-69.998	
33	260.900	-69.998	
33	261.000	-69.998	
33	261.100	-69.998	
33	261.200	-69.998	
33	261.300	-69.998	
33	261.400	-69.998	
33	261.500	-69.998	
33	261.600	-69.998	
33	261.700	-69.998	
33	261.800	-69.998	
33	261.900	-69.998	
33	262.000	-69.998	
33	262.100	-69.998	
33	262.200	-69.998	
33	262.300	-69.998	
33	262.400	-69.998	
33	262.500	-69.998	
33	262.600	-69.998	
33	262.700	-69.998	
33	262.800	-69.998	
33	262.900	-69.998	
33	263.000	-69.998	
33	263.100	-69.998	
33	263.200	-69.998	
33	263.300	-69.998	
33	263.400	-69.998	
33	263.500	-69.998	
33	263.600	-69.998	
33	263.700	-69.998	
33	263.800	-69.998	
33	263.900	-69.998	
33	264.000	-69.998	
33	264.100	-69.998	
33	264.200	-69.998	
33	264.300	-69.998	
33	264.400	-69.998	
33	264.500	-69.998	
33	264.600	-69.998	
33	264.700	-69.998	
33	264.800	-69.998	
33	264.900	-69.998	
33	265.000	-69.998	
33	265.100	-69.998	
33	265.200	-69.998	
33	265.300	-69.998	
33	265.400	-69.998	
33	265.500	-69.998	
33	265.600	-69.998	
33	265.700	-69.998	
33	265.800	-69.998	
33	265.900	-69.998	
33	266.000	-69.998	
33	266.100	-69.998	
33	266.200	-69.998	
33	266.300	-69.998	
33	266.400	-69.998	
33	266.500	-69.998	
33	266.600	-69.998	
33	266.700	-69.998	
33	266.800	-69.998	
33	266.900	-69.998	
33	267.000	-69.998	
33	267.100	-69.998	
33	267.200	-69.998	
33	267.300	-69.998	
33	267.400	-69.998	
33	267.500	-69.998	
33	267.600	-69.998	
33	267.700	-69.998	
33	267.800	-69.998	
33	267.900	-69.998	
33	268.000	-69.998	
33	268.100	-69.998	
33	268.200	-69.998	
33	268.300	-69.998	
33	268.400	-69.998	
33	268.500	-69.998	
33	268.600	-69.998	
33	268.700	-69.998	
33	268.800	-69.998	
33	268.900	-69.998	
33	269.000	-69.998	
33	269.100	-69.998	
33	269.200	-69.998	
33	269.300	-69.998	
33	269.400	-69.998	
33	269.500	-69.998	
33	269.600	-69.998	
33	269.700	-69.998	
33	269.800	-69.998	
33	269.900	-69.998	
33	270.000	-69.998	
33	270.100	-69.998	
33	270.200	-69.998	
33	270.300	-69.998	
33	270.400	-69.998	
33	270.500	-69.998	
33	270.600	-69.998	
33	270.700	-69.998	
33	270.800	-69.998	
33	270.900	-69.998	
33	271.000	-69.998	
33	271.100	-69.998	
33	271.200	-69.998	
33	271.300	-69.998	
33	271.400	-69.998	
33	271.500	-69.998	
33	271.600	-69.998	
33	271.700	-69.998	
33	271.800	-69.998	
33	271.900	-69.998	
33	272.000	-69.998	
33	272.100	-69.998	
33	272.200	-69.998	
33	272.300	-69.998	
33	272.400	-69.998	
33	272.500	-69.998	
33	272.600	-69.998	
33	272.700	-69.998	
33	272.800	-69.998	
33	272.900	-69.998	
33	273.000	-69.998	
33	273.100	-69.998	
33	273.200	-69.998	
33	273.300	-69.998	
33	273.400	-69.998	
33	273.500	-69.998	
33	273.600	-69.998	
33	273.700	-69.998	
33	273.800	-69.998	
33	273.900	-69.998	
33	274.000	-69.998	
33	274.100	-69.998	
33	274.200	-69.998	
33	274.300	-69.998	
33	274.400	-69.998	
33	274.500	-69.998	
33	274.600	-69.998	
33	274.700	-69.998	
33	274.800	-69.998	
33	274.900	-69.998	
33	275.000	-69.998	
33	275.100	-69.998	
33	275.200	-69.998	
33	275.300	-69.998	
33	275.400	-69.998	
33	275.500	-69.998	
33	275.600	-69.998	
33	275.700	-69.998	
33	275.800	-69.998	
33	275.900	-69.998	
33	276.000	-69.998	
33	276.100	-69.998	
33	276.200	-69.998	
33	276.300	-69.998	
33	276.400	-69.998	
33	276.500	-69.998	
33	276.600	-69.998	
33	276.700	-69.998	
33	276.800	-69.998	
33	276.900	-69.998	
33	277.000	-69.998	
33	277.100	-69.998	
33	277.200	-69.998	
33	277.300	-69.998	
33	277.400	-69.998	
33	277.500	-69.998	
33	277.600	-69.998	
33	277.700	-69.998	
33	277.800	-69.998	
33	277.900	-69.998	
33	278.000	-69.998	
33	278.100	-69.998	
33	278.200	-69.998	
33	278.300	-69.998	
33	278.400	-69.998	
33	278.500	-69.998	
33	278.600	-69.998	
33	278.700	-69.998	
33	278.800	-69.998	
33	278.900	-69.998	
33	279.000	-69.998	
33	279.100	-69.998	
33	279.200	-69.998	
33	279.300	-69.998	
33	279.400	-69.998	
33	279.500	-69.998	
33	279.600	-69.998	
33	279.700	-69.998	
33	279.800	-69.998	
33	279.900	-69.998	
33	280.000	-69.998	
33	280.100	-69.998	
33	280.200	-69.998	
33	280.300	-69.998	
33	280.400	-69.998	
33	280.500	-69.998	
33	280.600	-69.998	
33	280.700	-69.998	
33	280.800	-69.998	
33	280.900	-69.998	
33	281.000	-69.998	
33	281.100	-69.998	
33	281.200	-69.998	
33	281.300	-69.998	
33	281.400	-69.998	
33	281.500	-69.998	
33	281.600	-69.998	
33	281.700	-69.998	
33	281.800	-69.998	
33	281.900	-69.998	
33	282.000	-69.998	
33	282.100	-69.998	
33	282.200	-69.998	
33	282.300	-69.998	
33	282.400	-69.998	
33	282.500	-69.998	
33	282.600	-69.998	
33	282.700	-69.998	
33	282.800	-69.998	
33	282.900	-69.998	
33	283.000	-69.998	
33	283.100	-69.998	
33	283.200	-69.998	
33	283.300	-69.998	
33	283.400	-69.998	
33	283.500	-69.998	
33	283.600	-69.998	
33	283.700	-69.998	
33	283.800	-69.998	
33	283.900	-69.998	
33	284.000	-69.998	
33	284.100	-69.998	
33	284.200	-69.998	
33	284.300	-69.998	
33	284.400	-69.998	
33	284.500	-69.998	
33	284.600	-69.998	
33	284.700	-69.998	
33	284.800	-69.998	
33	284.900	-69.998	
33	285.000	-69.998	
33	285.100	-69.998	
33	285.200	-69.998	
33	285.300	-69.998	
33	285.400	-69.998	
33	285.500	-69.998	
33	285.600	-69.998	
33	285.700	-69.998	
33	285.800	-69.998	
33	285.900	-69.998	
33	286.000	-69.998	
33	286.100	-69.998	
33	286.200	-69.998	
33	286.300	-69.998	
33	286.400	-69.998	
33	286.500	-69.998	
33	286.600	-69.998	
33	286.700	-69.998	
33	286.800	-69.998	
33	286.900	-69.998	
33	287.000	-69.998	
33	287.100	-69.998	
33	287.200	-69.998	
33	287.300	-69.998	
33	287.400	-69.998	
33	287.500	-69.998	
33	287.600	-69.998	
33	287.700	-69.998	
33	287.800	-69.998	
33	287.900	-69.998	
33	288.000	-69.998	
33	288.100	-69.998	
33	288.200	-69.998	
33	288.300	-69.998	
33	288.400	-69.998	
33	288.500	-69.998	
33	288.600	-69.998	
33	288.700	-69.998	
33	288.800	-69.998	
33	288.900	-69.998	
33	289.000	-69.998	
33	289.100	-69.998	
33	289.200	-69.998	
33	289.300	-69.998	
33	289.400	-69.998	
33	289.500	-69.998	
33	289.600	-69.998	
33	289.700	-69.998	
33	289.800	-69.998	
33	289.900	-69.998	
33	290.000	-69.998	
33	290.100	-69.998	
33	290.200	-69.998	
33	290.300	-69.998	
33	290.400	-69.998	
33	290.500	-69.998	
33	290.600	-69.998	
33	290.700	-69.998	
33	290.800	-69.998	
33	290.900	-69.998	
33	291.000	-69.998	
33	291.100	-69.998	
33	291.200	-69.998	
33	291.300	-69.998	
33	291.400	-69.998	
33	291.500	-69.998	
33	291.600	-69.998	
33	291.700	-69.998	
33	291.800	-69.998	
33	291.900	-69.998	
33	292.000	-69.998	
33	292.100	-69.998	
33	292.200	-69.998	
33	292.300	-69.998	
33	292.400	-69.998	
33	292.500	-69.998	
33	292.600	-69.998	
33	292.700	-69.998	
33	292.800	-69.998	
33	292.900	-69.998	
33	293.000	-69.998	
33	293.100	-69.998	
33	293.200	-69.998	
33	293.300	-69.998	
33	293.400	-69.998	
33	293.500	-69.998	
33	293.600	-69.998	
33	293.700	-69.998	
33	293.800	-69.998	
33	293.900	-69.998	
33	294.000	-69.998	
33	294.100	-69.998	
33	294.200	-69.998	
33	294.300	-69.998	
33	294.400	-69.998	
33	294.500	-69.998	
33	294.600	-69.998	
33	294.700	-69.998	
33	294.800	-69.998	
33	294.900	-69.998	
33	295.000	-69.998	
33	295.100	-69.998	
33	295.200	-69.998	
33	295.300	-69.998	
33	295.400	-69.998	
33	295.500	-69.998	
33	295.600	-69.998	
33	295.700	-69.998	
33	295.800	-69.998	
33	295.900	-69.998	
33	296.000	-69.998	
33	296.100	-69.998	
33	296.200	-69.998	
33	296.300	-69.998	
33	296.400	-69.998	
33	296.500	-69.998	
33	296.600	-69.998	
33	296.700	-69.998	
33	296.800	-69.998	
33	296.900	-69.998	
33	297.000	-69.998	
33	297.100	-69.998	
33	297.200	-69.998	
33	297.300	-69.998	
33	297.400	-69.998	
33	297.500	-69.998	
33	297.600	-69.998	
33	297.700	-69.998	
33	297.800	-69.998	
33	297.900	-69.998	
33	298.000	-69.998	
33	298.100	-69.998	
33	298.200	-69.998	
33	298.300	-69.998	
33	298.400	-69.998	
33	298.500	-69.998	
33	298.600	-69.998	
33	298.700	-69.998	
33	298.800	-69.998	
33	298.900	-69.998	
33	299.000	-69.998	
33	299.100	-69.998	
33	299.200	-69.998	
33	299.300	-69.998	
33	299.400	-69.998	
33	299.500	-69.998	
33	299.600	-69.998	
33	299.700	-69.998	
33	299.800	-69.998	
33	299.900	-69.998	
33	300.000	-69.998	
33	300.100	-69.998	
33	300.200	-69.998	
33	300.300	-69.998	
33	300.400	-69.998	
33	300.500	-69.998	
33	300.600	-69.998	
33	300.700	-69.998	
33	300.800	-69.998	
33	300.900	-69.998	
33	301.000	-69.998	
33	301.100	-69.998	
33	301.200	-69.998	
33	301.300	-69.998	
33	301.400	-69.998	
33	301.500	-69.998	
33	301.600	-69.998	
33	301.700	-69.998	
33	301.800	-69.998	
33	301.900	-69.998	
33	302.000	-69.998	
33	302.100	-69.998	
33	302.200	-69.998	
33	302.300	-69.998	
33	302.400	-69.998	
33	302.500	-69.998	
33	302.600	-69.998	
33	302.700	-69.998	
33	302.800	-69.998	
33	302.900	-69.998	
33	303.000	-69.998	
33	303.100	-69.998	
33	303.200	-69.998	
33	303.300	-69.998	
33	303.400	-69.998	
33	303.500	-69.998	
33	303.600	-69.998	
33	303.700	-69.998	
33	303.800	-69.998	
33	303.900	-69.998	
33	304.000	-69.998	
33	304.100	-69.998	
33	304.200	-69.998	
33	304.300	-69.998	
33	304.400	-69.998	
33	304.500	-69.998	
33	304.600	-69.998	
33	304.700	-69.998	
33	304.800	-69.998	
33	304.900	-69.998	
33	305.000	-69.998	
33	305.100	-69.998	
33	305.200	-69.998	
33	305.300	-69.998	
33	305.400	-69.998	
33	305.500	-69.998	
33	305.600	-69.998	
33	305.700	-69.998	
33	305.800	-69.998	
33	305.900	-69.998	
33	306.000	-69.998	
33	306.100	-69.998	
33	306.200	-69.998	
33	306.300	-69.998	
33	306.400	-69.998	
33	306.500	-69.998	
33	306.600	-69.998	
33	306.700	-69.998	
33	306.800	-69.998	
33	306.900	-69.998	
33	307.000	-69.998	
33	307.100	-69.998	
33	307.200	-69.998	
33	307.300	-69.998	
33	307.400	-69.998	
33	307.500	-69.998	
33	307.600	-69.998	
33	307.700	-69.998	
33	307.800	-69.998	
33	307.900	-69.998	
33	308.000	-69.998	
33	308.100	-69.998	
33	308.200	-69.998	
33	308.300	-69.998	
33	308.400	-69.998	
33	308.500	-69.998	
33	308.600	-69.998	
33	308.700	-69.998	
33	308.800	-69.998	
33	308.900	-69.998	
33	309.000	-69.998	
33	309.100	-69.998	
33	309.200	-69.998	
33	309.300	-69.998	
33	309.400	-69.998	
33	309.500	-69.998	
33	309.600	-69.998	
33	309.700	-69.998	
33	309.800	-69.998	
33	309.900	-69.998	
33	310.000	-69.998	
33	310.100	-69.998	
33	310.200	-69.998	
33	310.300	-69.998	
33	310.400	-69.998	
33	310.500	-69.998	
33	310.600	-69.998	
33	310.700	-69.998	
33	310.800	-69.998	
33	310.900	-69.998	
33	311.000	-69.998	
33	311.100	-69.998	
33	311.200	-69.998	
33	311.300	-69.998	
33	311.400	-69.998	
33	311.500	-69.998	
33	311.600	-69.998	
33	311.700	-69.998	
33	311.800	-69.998	
33	311.900	-69.998	
33	312.000	-69.998	
33	312.100	-69.998	
33	312.200	-69.998	
33	312.300	-69.998	
33	312.400	-69.998	
33	312.500	-69.998	
33	312.600	-69.998	
33	312.700	-69.998	
33	312.800	-69.998	
33	312.900	-69.998	
33	313.000	-69.998	
33	313.100	-69.998	
33	313.200	-69.998	
33	313.300	-69.998	
33	313.400	-69.998	
33	313.500	-69.998	
33	313.600	-69.998	
33	313.700	-69.998	
33	313.800	-69.998	
33	313.900	-69.998	
33	314.000	-69.998	
33	314.100	-69.998	
33	314.200	-69.998	
33	314.300	-69.998	
33	314.400	-69.998	
33	314.500	-69.998	
33	314.600	-69.998	
33	314.700	-69.998	
33	314.800	-69.998	
33	314.900	-69.998	
33	315.000	-69.998	
33	315.100	-69.998	
33	315.200	-69.998	
33	315.300	-69.998	
33	315.400	-69.998	
33	315.500	-69.998	
33	315.600	-69.998	
33	315.700	-69.998	
33	315.800	-69.998	
33	315.900	-69.998	
33	316.000	-69.998	
33	316.100	-69.998	
33	316.200	-69.998	
33	316.300	-69.998	
33	316.400	-69.998	
33	316.500	-69.998	
33	316.600	-69.998	
33	316.700	-69.998	
33	316.800	-69.998	
33	316.900	-69.998	
33	317.000	-69.998	
33	317.100	-69.998	
33	317.200	-69.998	
33	317.300	-69.998	
33	317.400	-69.998	
33	317.500	-69.998	
33	317.600	-69.998	
33	317.700	-69.998	
33	317.800	-69.998	
33	317.900	-69.998	
33	318.000	-69.998	
33	318.100	-69.998	
33	318.200	-69.998	
33	318.300	-69.998	
33	318.400	-69.998	
33	318.500	-69.998	
33	318.600	-69.998	
33	318.700	-69.998	
33	318.800	-69.998	
33	318.900	-69.998	
33	319.000	-69.998	
33	319.100	-69.998	
33	319.200	-69.998	
33	319.300	-69.998	
33	319.400	-69.998	
33	319.500	-69.998	
33	319.600	-69.998	
33	319.700	-69.998	
33	319.800	-69.998	
33	319.900	-69.998	
33	320.000	-69.998	
33	320.100	-69.998	
33	320.200	-69.998	
33	320.300	-69.998	
33	320.400	-69.998	
33	320.500	-69.998	
33	320.600	-69.998	
33	320.700	-69.998	
33	320.800	-69.998	
33	320.900	-69.998	
33	321.000	-69.998	
33	321.100	-69.998	
33	321.200	-69.998	
33	321.300	-69.998	
33	321.400	-69.998	
33	321.500	-69.998	
33	321.600	-69.998	
33	321.700	-69.998	
33	321.800	-69.998	
33	321.900	-69.998	
33	322.000	-69.998	
33	322.100	-69.998	
33	322.200	-69.998	
33	322.300	-69.998	
33	322.400	-69.998	
33	322.500	-69.998	
33	322.600	-69.998	
33	322.700	-69.998	
33	322.800	-69.998	
33	322.900	-69.998	
33	323.000	-69.998	
33	323.100	-69.998	
33	323.200	-69.998	
33	323.300	-69.998	
33	323.400	-69.998	
33	323.500	-69.998	
33	323.600	-69.998	
33	323.700	-69.998	
33	323.800	-69.998	
33	323.900	-69.998	
33	324.000	-69.998	
33	324.100	-69.998	
33	324.200	-69.998	
33	324.300	-69.998	
33	324.400	-69.998	
33	324.500	-69.998	
33	324.600	-69.998	
33	324.700	-69.998	
33	324.800	-69.998	
33	324.900	-69.998	
33	325.000	-69.998	
33	325.100	-69.998	
33	325.200	-69.998	
33	325.300	-69.998	
33	325.400	-69.998	
33	325.500	-69.998	
33	325.600	-69.998	
33	325.700	-69.998	
33	325.800	-69.998	
33	325.900	-69.998	
33	326.000	-69.998	
33	326.100	-69.998	
33	326.200	-69.998	
33	326.300	-69.998	
33	326.400	-69.998	
33	326.500	-69.998	
33	326.600	-69.998	
33	326.700	-69.998	
33	326.800	-69.998	
33	326.900	-69.998	
33	327.000	-69.998	
33	327.100	-69.998	
33	327.200	-69.998	
33	327.300	-69.998	
33	327.400	-69.998	
33	327.500	-69.998	
33	327.600	-69.998	
33	327.700	-69.998	
33	327.800	-69.998	
33	327.900	-69.998	
33	328.000	-69.998	
33	328.100	-69.998	
33	328.200	-69.998	
33	328.300	-69.998	
33	328.400	-69.998	
33	328.500	-69.998	
33	328.600	-69.998	
33	328.700	-69.998	
33	328.800	-69.998	
33	328.900	-69.998	
33	329.000	-69.998	
33	329.100	-69.998	
33	329.200	-69.998	
33	329.300	-69.998	
33	329.400	-69.998	
33	329.500	-69.998	
33	329.600	-69.998	
33	329.700	-69.998	
33	329.800	-69.998	
33	329.900	-69.998	
33	330.000	-69.998	
33	330.100	-69.998	
33	330.200	-69.998	
33	330.300	-69.998	
33	330.400	-69.998	
33	330.500	-69.998	
33	330.600	-69.998	
33	330.700	-69.998	
33	330.800	-69.998	
33	330.900	-69.998	
33	331.000	-69.998	
33	331.100	-69.998	
33	331.200	-69.998	
33	331.300	-69.998	
33	331.400	-69.998	
33	331.500	-69.998	
33	331.600	-69.998	
33	331.700	-69.998	
33	331.800	-69.998	
33	331.900	-69.998	
33	332.000	-69.998	
33	332.100	-69.998	
33	332.200	-69.998	
33	332.300	-69.998	
33	332.400	-69.998	
33	332.500	-69.998	
33	332.600	-69.998	
33	332.700	-69.998	
33	332.800	-69.998	
33	332.900	-69.998	
33	333.000	-69.998	
33	333.100	-69.998	
33	333.200	-69.998	
33	333.300	-69.998	
33	333.400	-69.998	
33	333.500	-69.998	
33	333.600	-69.998	
33	333.700	-69.998	
33	333.800	-69.998	
33	333.900	-69.998	
33	334.000	-69.998	
33	334.100	-69.998	
33	334.200	-69.998	
33	334.300	-69.998	
33	334.400	-69.998	
33	334.500	-69.998	
33	334.600	-69.998	
33	334.700	-69.998	
33	334.800	-69.998	
33	334.900	-69.998	
33	335.000	-69.998	
33	335.100	-69.998	
33	335.200	-69.998	
33	335.300	-69.998	
33	335.400	-69.998	
33	335.500	-69.998	
33	335.600	-69.998	
33	335.700	-69.998	
33	335.800	-69.998	
33	335.900	-69.998	
33	336.000	-69.998	
33	336.100	-69.998	
33	336.200	-69.998	
33	336.300	-69.998	
33	336.400	-69.998	
33	336.500	-69.998	
33	336.600	-69.998	
33	336.700	-69.998	
33	336.800	-69.998	
33	336.900	-69.998	
33	337.000	-69.998	
33	337.100	-69.998	
33	337.200	-69.998	
33	337.300	-69.998	
33	337.400	-69.998	
33	337.500	-69.998	
33	337.600	-69.998	
33	337.700	-69.998	
33	337.800	-69.998	
33	337.900	-69.998	
33	338.000	-69.998	
33	338.100	-69.998	
33	338.200	-69.998	
33	338.300	-69.998	
33	338.400	-69.998	
33	338.500	-69.998	
33	338.600	-69.998	
33	338.700	-69.998	
33	338.800	-69.998	
33	338.900	-69.998	
33	339.000	-69.998	
33	339.100	-69.998	
33	339.200	-69.998	
33	339.300	-69.998	
33	339.400	-69.998	
33	339.500	-69.998	
33	339.600	-69.998	
33	339.700	-69.998	
33	339.800	-69.998	
33	339.900	-69.998	
33	340.000	-69.998	
33	340.100	-69.998	
33	340.200	-69.998	
33	340.300	-69.998	
33	340.400	-69.998	
33	340.500	-69.998	
33	340.600	-69.998	
33	340.700	-69.998	
33	340.800	-69.998	
33	340.900	-69.998	
33	341.000	-69.998	
33	341.100	-69.998	
33	341.200	-69.998	
33	341.300	-69.998	
33	341.400	-69.998	
33	341.500	-69.998	
33	341.600	-69.998	
33	341.700	-69.998	
33	341.800	-69.998	
33	341.900	-69.998	
33	342.000	-69.998	
33	342.100	-69.998	
33	342.200	-69.998	
33	342.300	-69.998	
33	342.400	-69.998	
33	342.500	-69.998	
33	342.600	-69.998	
33	342.700	-69.998	
33	342.800	-69.998	
33	342.900	-69.998	
33	343.000	-69.998	
33	343.100	-69.998	
33	343.200	-69.998	
33	343.300	-69.998	
33	343.400	-69.998	
33	343.500	-69.998	
33	343.600	-69.998	
33	343.700	-69.998	
33	343.800	-69.998	
33	343.900	-69.998	
33	344.000	-69.998	
33	344.100	-69.998	
33	344.200	-69.998	
33	344.300	-69.998	
33	344.400	-69.998	
33	344.500	-69.998	
33	344.600	-69.998	
33	344.700	-69.998	
33	344.800	-69.998	
33	344.900	-69.998	
33	345.000	-69.998	
33	345.100	-69.998	
33	345.200	-69.998	
33	345.300	-69.998	
33	345.400	-69.998	
33	345.500	-69.998	
33	345.600	-69.998	
33	345.700	-69.998	
33	345.800	-69.998	
33	345.900	-69.998	
33	346.000	-69.998	
33	346.100	-69.998	
33	346.200	-69.998	
33	346.300	-69.998	
33	346.400	-69.998	
33	346.500	-69.998	
33	346.600	-69.998	
33	346.700	-69.998	
33	346.800	-69.998	
33	346.900	-69.998	
33	347.000	-69.998	
33	347.100	-69.998	
33	347.200	-69.998	
33	347.300	-69.998	
33	347.400	-69.998	
33	347.500	-69.998	
33	347.600	-69.998	
33	347.700	-69.998	
33	347.800	-69.998	
33	347.900	-69.998	
33	348.000	-69.998	
33	348.100	-69.998	
33	348.200	-69.998	
33	348.300	-69.998	
33	348.400	-69.998	
33	348.500	-69.998	
33	348.600	-69.998	
33	348.700	-69.998	
33	348.800	-69.998	
33	348.900	-69.998	
33	349.000	-69.998	
33	349.100	-69.998	
33	349.200	-69.998	
33	349.300	-69.998	
33	349.400	-69.998	
33	349.500	-69.998	
33	349.600	-69.998	
33	349.700	-69.998	
33	349.800	-69.998	
33	349.900	-69.998	
33	350.000	-69.998	
33	350.100	-69.998	
33	350.200	-69.998	
33	350.300	-69.998	
33	350.400	-69.998	
33	350.500	-69.998	
33	350.600	-69.998	
33	350.700	-69.998	
33	350.800	-69.998	
33	350.900	-69.998	
33	351.000	-69.998	
33	351.100	-69.998	
33	351.200	-69.998	
33	351.300	-69.998	
33	351.400	-69.998	
33	351.500	-69.998	
33	351.600	-69.998	
33	351.700	-69.998	
33	351.800	-69.998	
33	351.900	-69.998	
33	352.000	-69.998	
33	352.100	-69.998	
33	352.200	-69.998	
33	352.300	-69.998	
33	352.400	-69.998	
33	352.500	-69.998	
33	352.600	-69.998	
33	352.700	-69.998	
33	352.800	-69.998	
33	352.900	-69.998	
33	353.000	-69.998	
33	353.100	-69.998	
33	353.200	-69.998	
33	353.300	-69.998	
33	353.400	-69.998	
33	353.500	-69.998	
33	353.600	-69.998	
33	353.700	-69.998	
33	353.800	-69.998	
33	353.900	-69.998	
33	354.000	-69.998	
33	354.100	-69.998	
33	354.200	-69.998	
33	354.300	-69.998	
33	354.400	-69.998	
33	354.500	-69.998	
33	354.600	-69.998	
33	354.700	-69.998	
33	354.800	-69.998	
33	354.900	-69.998	
33	355.000	-69.998	
33	355.100	-69.998	
33	355.200	-69.998	
33	355.300	-69.998	
33	355.400	-69.998	
33	355.500	-69.998	
33	355.600	-69.998	
33	355.700	-69.998	
33	355.800	-69.998	
33	355.900	-69.998	
33	356.000	-69.998	
33	356.100	-69.998	
33	356.200	-69.998	
33	356.300	-69.998	
33	356.400	-69.998	
33	356.500	-69.998	
33	356.600	-69.998	
33	356.700	-69.998	
33	356.800	-69.998	
33	356.900	-69.998	
33	357.000	-69.998	
33	357.100	-69.998	
33	357.200	-69.998	
33	357.300	-69.998	
33	357.400	-69.998	
33	357.500	-69.998	
33	357.600	-69.998	
33	357.700	-69.998	
33	357.800	-69.998	
33	357.900	-69.998	
33	358.000	-69.998	
33	358.100	-69.998	
33	358.200	-69.998	
33	358.300	-69.998	
33	358.400	-69.998	
33	358.500	-69.998	
33	358.600	-69.998	
33	358.700	-69.998	
33	358.800	-69.998	
33	358.900	-69.998	
33	359.000	-69.998	
33	359.100	-69.998	
33	359.200	-69.998	
33	359.300	-69.998	
33	359.400	-69.998	
33	359.500	-69.998	
33	359.600	-69.998	
33	359.700	-69.998	
33	359.800	-69.998	
33	359.900	-69.998	
33	360.000	-69.998	
33	360.100	-69.998	
33	360.200	-69.998	
33	360.300	-69.998	
33	360.400	-69.998	
33	360.500	-69.998	
33	360.600	-69.998	
33	360.700	-69.998	
33	360.800	-69.998	
33	360.900	-69.998	
33	361.000	-69.998	
33	361.100	-69.998	
33	361.200	-69.998	
33	361.300	-69.998	
33	361.400	-69.998	
33	361.500	-69.998	
33	361.600	-69.998	
33	361.700	-69.998	
33	361.800	-69.998	
33	361.900	-69.998	
33	362.000	-69.998	
33	362.100	-69.998	
33	362.200	-69.998	
33	362.300	-69.998	
33	362.400	-69.998	
33	362.500	-69.998	
33	362.600	-69.998	
33	362.700	-69.998	
33	362.800	-69.998	
33	362.900	-69.998	
33	363.000	-69.998	
33	363.100	-69.998	
33	363.200	-69.998	
33	363.300	-69.998	
33	363.400	-69.998	
33	363.500	-69.998	
33	363.600	-69.998	
33	363.700	-69.998	
33	363.800	-69.998	
33	363.900	-69.998	
33	364.000	-69.998	
33	364.100	-69.998	
33	364.200	-69.998	
33	364.300	-69.998	
33	364.400	-69.998	
33	364.500	-69.998	
33	364.600	-69.998	
33	364.700	-69.998	
33	364.800	-69.998	
33	364.900	-69.998	
33	365.000	-69.998	
33	365.100	-69.998	
33	365.200	-69.998	
33	365.300	-69.998	
33	365.400	-69.998	
33	365.500	-69.998	
33	365.600	-69.998	
33	365.700	-69.998	
33	365.800	-69.998	
33	365.900	-69.998	
33	366.000	-69.998	
33	366.100	-69.998	
33	366.200	-69.998	
33	366.300	-69.998	
33	366.400	-69.998	
33	366.500	-69.998	
33	366.600	-69.998	
33	366.700	-69.998	
33	366.800	-69.998	
33	366.900	-69.998	
33	367.000	-69.998	
33	367.100	-69.998	
33	367.200	-69.998	
33	367.300	-69.998	
33	367.400	-69.998	
33	367.500	-69.998	
33	367.600	-69.998	
33	367.700	-69.998	
33	367.800	-69.998	
33	367.900	-69.998	
33	368.000	-69.998	
33	368.100	-69.998	
33	368.200	-69.998	
33	368.300	-69.998	
33	368.400	-69.998	
33	368.500	-69.998	
33	368.600	-69.998	
33	368.700	-69.998	
33	368.800	-69.998	
33	368.900	-69.998	
33	369.000	-69.998	
33	369.100	-69.998	
33	369.200	-69.998	
33	369.300	-69.998	
33	369.400	-69.998	
33	369.500	-69.998	
33	369.600	-69.998	
33	369.700	-69.998	
33	369.800	-69.998	
33	369.900	-69.998	
33	370.000	-69.998	
33	370.100	-69.998	
33	370.200	-69.998	
33	370.300	-69.998	
33	370.400	-69.998	
33	370.500	-69.998	
33	370.600	-69.998	
33	370.700	-69.998	
33	370.800	-69.998	
33	370.900	-69.998	
33	371.000	-69.998	
33	371.100	-69.998	
33	371.200	-69.998	
33	371.300	-69.998	
33	371.400	-69.998	
33	371.500	-69.998	
33	371.600	-69.998	
33	371.700	-69.998	
33	371.800	-69.998	
33	371.900	-69.998	
33	372.000	-69.998	
33	372.100	-69.998	
33	372.200	-69.998	
33	372.300	-69.998	
33	372.400	-69.998	
33	372.500	-69.998	
33	372.600	-69.998	
33	372.700	-69.998	
33	372.800	-69.998	
33	372.900	-69.998	
33	373.000	-69.998	
33	373.100	-69.998	
33	373.200	-69.998	
33	373.300	-69.998	
33	373.400	-69.998	
33	373.500	-69.998	
33	373.600	-69.998	
33	373.700	-69.998	
33	373.800	-69.998	
33	373.900	-69.998	
33	374.000	-69.998	
33	374.100	-69.998	
33	374.200	-69.998	
33	374.300	-69.998	
33	374.400	-69.998	
33	374.500	-69.998	
33	374.600	-69.998	
33	374.700	-69.998	
33	374.800	-69.998	
33	374.900	-69.998	
33	375.000	-69.998	
33	375.100	-69.998	
33	375.200	-69.998	
33	375.300	-69.998	
33	375.400	-69.998	
33	375.500	-69.998	
33	375.600	-69.998	
33	375.700	-69.998	
33	375.800	-69.998	
33	375.900	-69.998	
33	376.000	-69.998	
33	376.100	-69.998	
33	376.200	-69.998	
33	376.300	-69.998	
33	376.400	-69.998	
33	376.500	-69.998	
33	376.600	-69.998	
33	376.700	-69.998	
33	376.800	-69.998	
33	376.900	-69.998	
33	377.000	-69.998	
33	377.100	-69.998	
33	377.200	-69.998	
33	377.300	-69.998	
33	377.400	-69.998	
33	377.500	-69.998	
33	377.600	-69.998	
33	377.700	-69.998	
33	377.800	-69.998	
33	377.900	-69.998	
33	378.000	-69.998	
33	378.100	-69.998	
33	378.200	-69.998	
33	378.300	-69.998	
33	378.400	-69.998	
33	378.500	-69.998	
33	378.600	-69.998	
33	378.700	-69.998	
33	378.800	-69.998	
33	378.900	-69.998	
33	379.000	-69.998	
33	379.100	-69.998	
33	379.200	-69.998	
33	379.300	-69.998	
33	379.400	-69.998	
33	379.500	-69.998	
33	379.600	-69.998	
33	379.700	-69.998	
33	379.800	-69.998	
33	379.900	-69.998	
33	380.000	-69.998	
33	380.100	-69.998	
33	380.200	-69.998	
33	380.300	-69.998	
33	380.400	-69.998	
33	380.500	-69.998	
33	380.600	-69.998	
33	380.700	-69.998	
33	380.800	-69.998	
33	380.900	-69.998	
33	381.000	-69.998	
33	381.100	-69.998	
33	381.200	-69.998	
33	381.300	-69.998	
33	381.400	-69.998	
33	381.500	-69.998	
33	381.600	-69.998	
33	381.700	-69.998	
33	381.800	-69.998	
33	381.900	-69.998	
33	382.000	-69.998	
33	382.100	-69.998	
33	382.200	-69.998	
33	382.300	-69.998	
33	382.400	-69.998	
33	382.500	-69.998	
33	382.600	-69.998	
33	382.700	-69.998	
33	382.800	-69.998	
33	382.900	-69.998	
33	383.000	-69.998	
33	383.100	-69.998	
33	383.200	-69.998	
33	383.300	-69.998	
33	383.400	-69.998	
33	383.500	-69.998	
33	383.600	-69.998	
33	383.700	-69.998	
33	383.800	-69.998	
33	383.900	-69.998	
33	384.000	-69.998	
33	384.100	-69.998	
33	384.200	-69.998	
33	384.300	-69.998	
33	384.400	-69.998	
33	384.500	-69.998	
33	384.600	-69.998	
33	384.700	-69.998	
33	384.800	-69.998	
33	384.900	-69.998	
33	385.000	-69.998	
33	385.100	-69.998	
33	385.200	-69.998	
33	385.300	-69.998	
33	385.400	-69.998	
33	385.500	-69.998	
33	385.600	-69.998	
33	385.700	-69.998	
33	385.800	-69.998	
33	385.900	-69.998	
33	386.000	-69.998	
33	386.100	-69.998	
33	386.200	-69.998	
33	386.300	-69.998	
33	386.400	-69.998	
33	386.500	-69.998	
33	386.600	-69.998	
33	386.700	-69.998	
33	386.800	-69.998	
33	386.900	-69.998	
33	387.000	-69.998	
33	387.100	-69.998	
33	387.200	-69.998	
33	387.300	-69.998	
33	387.400	-69.998	
33	387.500	-69.998	
33	387.600	-69.998	
33	387.700	-69.998	
33	387.800	-69.998	
33	387.900	-69.998	
33	388.000	-69.998	
33	388.100	-69.998	
33	388.200	-69.998	
33	388.300	-69.998	
33	388.400	-69.998	
33	388.500	-69.998	
33	388.600	-69.998	
33	388.700	-69.998	
33	388.800	-69.998	
33	388.900	-69.998	
33	389.000	-69.998	
33	389.100	-69.998	
33	389.200	-69.998	
33	389.300	-69.998	
33	389.400	-69.998	
33	389.500	-69.998	
33	389.600	-69.998	
33	389.700	-69.998	
33	389.800	-69.998	
33	389.900	-69.998	
33	390.000	-69.998	
33	390.100	-69.998	
33	390.200	-69.998	
33	390.300	-69.998	
33	390.400	-69.998	
33	390.500	-69.998	
33	390.600	-69.998	
33	390.700	-69.998	
33	390.800	-69.998	
33	390.900	-69.998	
33	391.000	-69.998	
33	391.100	-69.998	
33	391.200	-69.998	
33	391.300	-69.998	
33	391.400	-69.998	
33	391.500	-69.998	
33	391.600	-69.998	
33	391.700	-69.998	
33	391.800	-69.998	
33	391.900	-69.998	
33	392.000	-69.998	
33	392.100	-69.998	
33	392.200	-69.998	
33	392.300	-69.998	
33	392.400	-69.998	
33	392.500	-69.998	
33	392.600	-69.998	
33	392.700	-69.998	
33	392.800	-69.998	
33	392.900	-69.998	
33	393.000	-69.998	
33	393.100	-69.998	
33	393.200	-69.998	
33	393.300	-69.998	
33	393.400	-69.998	
33	393.500	-69.998	
33	393.600	-69.998	
33	393.700	-69.998	
33	393.800	-69.998	
33	393.900	-69.998	
33	394.000	-69.998	
33	394.100	-69.998	
33	394.200	-69.998	
33	394.300	-69.998	
33	394.400	-69.998	
33	394.500	-69.998	
33	394.600	-69.998	
33	394.700	-69.998	
33	394.800	-69.998	
33	394.900	-69.998	
33	395.000	-69.998	
33	395.100	-69.998	
33	395.200	-69.998	
33	395.300	-69.998	
33	395.400	-69.998	
33	395.500	-69.998	
33	395.600	-69.998	
33	395.700	-69.998	
33	395.800	-69.998	
33	395.900	-69.998	
33	396.000	-69.998	
33	396.100	-69.998	
33	396.200	-69.998	
33	396.300	-69.998	
33	396.400	-69.998	
33	396.500	-69.998	
33	396.600	-69.998	
33	396.700	-69.998	
33	396.800	-69.998	
33	396.900	-69.998	
33	397.000	-69.998	
33	397.100	-69.998	
33	397.200	-69.998	
33	397.300	-69.998	
33	397.400	-69.998	
33	397.500	-69.998	
33	397.600	-69.998	
33	397.700	-69.998	
33	397.800	-69.998	
33	397.900	-69.998	
33	398.000	-69.998	
33	398.100	-69.998	
33	398.200	-69.998	
33	398.300	-69.998	
33	398.400	-69.998	
33	398.500	-69.998	
33	398.600	-69.998	
33	398.700	-69.998	
33	398.800	-69.998	
33	398.900	-69.998	
33	399.000	-69.998	
33	399.100	-69.998	
33	399.200	-69.998	
33	399.300	-69.998	
33	399.400	-69.998	
33	399.500	-69.998	
33	399.600	-69.998	
33	399.700	-69.998	
33	399.800	-69.998	
33	399.900	-69.998	
33	400.000	-69.998	
33	400.100	-69.998	
33	400.200	-69.998	
33	400.300	-69.998	
33	400.400	-69.998	
33	400.500	-69.998	
33	400.600	-69.998	
33	400.700	-69.998	
33	400.800	-69.998	
33	400.900	-69.998	
33	401.000	-69.998	
33	401.100	-69.998	
33	401.200	-69.998	
33	401.300	-69.998	
33	401.400	-69.998	
33	401.500	-69.998	
33	401.600	-69.998	
33	401.700	-69.998	
33	401.800	-69.998	
33	401.900	-69.998	
33	402.000	-69.998	
33	402.100	-69.998	
33	402.200	-69.998	
33	402.300	-69.998	
33	402.400	-69.998	
33	402.500	-69.998	
33	402.600	-69.998	
33	402.700	-69.998	
33	402.800	-69.998	
33	402.900	-69.998	
33	403.000	-69.998	
33	403.100	-69.998	
33	403.200	-69.998	
33	403.300	-69.998	
33	403.400	-69.998	
33	403.500	-69.998	
33	403.600	-69.998	
33	403.700	-69.998	
33	403.800	-69.998	
33	403.900	-69.998	
33	404.000	-69.998	
33	404.100	-69.998	
33	404.200	-69.998	
33	404.300	-69.998	
33	404.400	-69.998	
33	404.500	-69.998	
33	404.600	-69.998	
33	404.700	-69.998	
33	404.800	-69.998	
33	404.900	-69.998	
33	405.000	-69.998	
33	405.100	-69.998	
33	405.200	-69.998	
33	405.300	-69.998	
33	405.400	-69.998	
33	405.500	-69.998	
33	405.600	-69.998	
33	405.700	-69.998	
33	405.800	-69.998	
33	405.900	-69.998	
33	406.000	-69.998	
33	406.100	-69.998	
33	406.200	-69.998	
33	406.300	-69.998	
33	406.400	-69.998	
33	406.500	-69.998	
33	406.600	-69.998	
33	406.700	-69.998	
33	406.800	-69.998	
33	406.900	-69.998	
33	407.000	-69.998	
33	407.100	-69.998	
33	407.200	-69.998	
33	407.300	-69.998	
33	407.400	-69.998	
33	407.500	-69.998	
33	407.600	-69.998	
33	407.700	-69.998	
33	407.800	-69.998	
33	407.900	-69.998	
33	408.000	-69.998	
33	408.100	-69.998	
33	408.200	-69.998	
33	408.300	-69.998	
33	408.400	-69.998	
33	408.500	-69.998	
33	408.600	-69.998	
33	408.700	-69.998	
33	408.800	-69.998	
33	408.900	-69.998	
33	409.000	-69.998	
33	409.100	-69.998	
33	409.200	-69.998	
33	409.300	-69.998	
33	409.400	-69.998	
33	409.500	-69.998	
33	409.600	-69.998	
33	409.700	-69.998	
33	409.800	-69.998	
33	409.900	-69.998	
33	410.000	-69.998	
33	410.100	-69.998	
33	410.200	-69.998	
33	410.300	-69.998	
33	410.400	-69.998	
33	410.500	-69.998	
33	410.600	-69.998	
33	410.700	-69.998	
33	410.800	-69.998	
33	410.900	-69.998	
33	411.000	-69.998	
33	411.100	-69.998	
33	411.200	-69.998	
33	411.300	-69.998	
33	411.400	-69.998	
33	411.500	-69.998	
33	411.600	-69.998	
33	411.700	-69.998	
33	411.800	-69.998	
33	411.900	-69.998	
33	412.000	-69.998	
33	412.100	-69.998	
33	412.200	-69.998	
33	412.300	-69.998	
33	412.400	-69.998	
33	412.500	-69.998	
33	412.600	-69.998	
33	412.700	-69.998	
33	412.800	-69.998	
33	412.900	-69.998	
33	413.000	-69.998	
33	413.100	-69.998	
33	413.200	-69.998	
33	413.300	-69.998	
33	413.400	-69.998	
33	413.500	-69.998	
33	413.600	-69.998	
33	413.700	-69.998	
33	413.800	-69.998	
33	413.900	-69.998	
33	414.000	-69.998	
33	414.100	-69.998	
33	414.200	-69.998	
33	414.300	-69.998	
33	414.400	-69.998	
33	414.500	-69.998	
33	414.600	-69.998	
33	414.700	-69.998	
33	414.800	-69.998	
33	414.900	-69.998	
33	415.000	-69.998	
33	415.100	-69.998	
33	415.200	-69.998	
33	415.300	-69.998	
33	415.400	-69.998	
33	415.500	-69.998	
33	415.600	-69.998	
33	415.700	-69.998	
33	415.800	-69.998	
33	415.900	-69.998	
33	416.000	-69.998	
33	416.100	-69.998	
33	416.200	-69.998	
33	416.300	-69.998	
33	416.400	-69.998	
33	416.500	-69.998	
33	416.600	-69.998	
33	416.700	-69.998	
33	416.800	-69.998	
33	416.900	-69.998	
33	417.000	-69.998	
33	417.100	-69.998	
33	417.200	-69.998	
33	417.300	-69.998	
33	417.400	-69.998	
33	417.500	-69.998	
33	417.600	-69.998	
33	417.700	-69.998	
33	417.800	-69.998	
33	417.900	-69.998	
33	418.000	-69.998	
33	418.100	-69.998	
33	418.200	-69.998	
33	418.300	-69.998	
33	418.400	-69.998	
33	418.500	-69.998	
33	418.600	-69.998	
33	418.700	-69.998	
33	418.800	-69.998	
33	418.900	-69.998	
33	419.000	-69.998	
33	419.100	-69.998	
33	419.200	-69.998	
33	419.300	-69.998	
33	419.400	-69.998	
33	419.500	-69.998	
33	419.600	-69.998	
33	419.700	-69.998	
33	419.800	-69.998	
33	419.900	-69.998	
33	420.000	-69.998	
33	420.100	-69.998	
33	420.200	-69.998	
33	420.300	-69.998	
33	420.400	-69.998	
33	420.500	-69.998	
33	420.600	-69.998	
33	420.700	-69.998	
33	420.800	-69.998	
33	420.900	-69.998	
33	421.000	-69.998	
33	421.100	-69.998	
33	421.200	-69.998	
33	421.300	-69.998	
33	421.400	-69.998	
33	421.500	-69.998	
33	421.600	-69.998	
33	421.700	-69.998	
33	421.800	-69.998	
33	421.900	-69.998	
33	422.000	-69.998	
33	422.100	-69.998	
33	422.200	-69.998	
33	422.300	-69.998	
33	422.400	-69.998	
33	422.500	-69.998	
33	422.600	-69.998	
33	422.700	-69.998	
33	422.800	-69.998	
33	422.900	-69.998	
33	423.000	-69.998	
33	423.100	-69.998	
33	423.200	-69.998	
33	423.300	-69.998	
33	423.400	-69.998	
33	423.500	-69.998	
33	423.600	-69.998	
33	423.700	-69.998	
33	423.800	-69.998	
33	423.900	-69.998	
33	424.000	-69.998	
33	424.100	-69.998	
33	424.200	-69.998	
33	424.300	-69.998	
33	424.400	-69.998	
33	424.500	-69.998	
33	424.600	-69.998	
33	424.700	-69.998	
33	424.800	-69.998	
33	424.900	-69.998	
33	425.000	-69.998	
33	425.100	-69.998	
33	425.200	-69.998	
33	425.300	-69.998	
33	425.400	-69.998	
33	425.500	-69.998	
33	425.600	-69.998	
33	425.700	-69.998	
33	425.800	-69.998	
33	425.900	-69.998	
33	426.000	-69.998	
33	426.100	-69.998	
33	426.200	-69.998	
33	426.300	-69.998	
33	426.400	-69.998	
33	426.500	-69.998	
33	426.600	-69.998	
33	426.700	-69.998	
33	426.800	-69.998	
33	426.900	-69.998	
33	427.000	-69.998	
33	427.100	-69.998	
33	427.200	-69.998	
33	427.300	-69.998	
33	427.400	-69.998	
33	427.500	-69.998	
33	427.600	-69.998	
33	427.700	-69.998	
33	427.800	-69.998	
33	427.900	-69.998	
33	428.000	-69.998	
33	428.100	-69.998	
33	428.200	-69.998	
33	428.300	-69.998	
33	428.400	-69.998	
33	428.500	-69.998	
33	428.600	-69.998	
33	428.700	-69.998	
33	428.800	-69.998	
33	428.900	-69.998	
33	429.000	-69.998	
33	429.100	-69.998	
33	429.200	-69.998	
33	429.300	-69.998	
33	429.400	-69.998	
33	429.500	-69.998	
33	429.600	-69.998	
33	429.700	-69.998	
33	429.800	-69.998	
33	429.900	-69.998	
33	430.000	-69.998	
33	430.100	-69.998	
33	430.200	-69.998	
33	430.300	-69.998	
33	430.400	-69.998	
33	430.500	-69.998	
33	430.600	-69.998	
33	430.700	-69.998	
33	430.800	-69.998	
33	430.900	-69.998	
33	431.000	-69.998	
33	431.100	-69.998	
33	431.200	-69.998	
33	431.300	-69.998	
33	431.400	-69.998	
33	431.500	-69.998	
33	431.600	-69.998	
33	431.700	-69.998	
33	431.800	-69.998	
33	431.900	-69.998	
33	432.000	-69.998	
33	432.100	-69.998	
33	432.200	-69.998	
33	432.300	-69.998	
33	432.400	-69.998	
33	432.500	-69.998	
33	432.600	-69.998	
33	432.700	-69.998	
33	432.800	-69.998	
33	432.900	-69.998	
33	433.000	-69.998	
33	433.100	-69.998	
33	433.200	-69.998	
33	433.300	-69.998	
33	433.400	-69.998	
33	433.500	-69.998	
33	433.600	-69.998	
33	433.700	-69.998	
33	433.800	-69.998	
33	433.900	-69.998	
33	434.000	-69.998	
33	434.100	-69.998	
33	434.200	-69.998	
33	434.300	-69.998	
33	434.400	-69.998	
33	434.500	-69.998	
33	434.600	-69.998	
33	434.700	-69.998	
33	434.800	-69.998	
33	434.900	-69.998	
33	435.000	-69.998	
33	435.100	-69.998	
33	435.200	-69.998	
33	435.300	-69.998	
33	435.400	-69.998	
33	435.500	-69.998	
33	435.600	-69.998	
33	435.700	-69.998	
33	435.800	-69.998	
33	435.900	-69.998	
33	436.000	-69.998	
33	436.100	-69.998	
33	436.200	-69.998	
33	436.300	-69.998	
33	436.400	-69.998	
33	436.500	-69.998	
33	436.600	-69.998	
33	436.700	-69.998	
33	436.800	-69.998	
33	436.900	-69.998	
33	437.000	-69.998	
33	437.100	-69.998	
33	437.200	-69.998	
33	437.300	-69.998	
33	437.400	-69.998	
33	437.500	-69.998	
33	437.600	-69.998	
33	437.700	-69.998	
33	437.800	-69.998	
33	437.900	-69.998	
33	438.000	-69.998	
33	438.100	-69.998	
33	438.200	-69.998	
33	438.300	-69.998	
33	438.400	-69.998	
33	438.500	-69.998	
33	438.600	-69.998	
33	438.700	-69.998	
33	438.800	-69.998	
33	438.900	-69.998	
33	439.000	-69.998	
33	439.100	-69.998	
33	439.200	-69.998	
33	439.300	-69.998	
33	439.400	-69.998	
33	439.500	-69.998	
33	439.600	-69.998	
33	439.700	-69.998	
33	439.800	-69.998	
33	439.900	-69.998	
33	440.000	-69.998	
33	440.100	-69.998	
33	440.200	-69.998	
33	440.300	-69.998	
33	440.400	-69.998	
33	440.500	-69.998	
33	440.600	-69.998	
33	440.700	-69.998	
33	440.800	-69.998	
33	440.900	-69.998	
33	441.000	-69.998	
33	441.100	-69.998	
33	441.200	-69.998	
33	441.300	-69.998	
33	441.400	-69.998	
33	441.500	-69.998	
33	441.600	-69.998	
33	441.700	-69.998	
33	441.800	-69.998	
33	441.900	-69.998	
33	442.000	-69.998	
33	442.100	-69.998	
33	442.200	-69.998	
33	442.300	-69.998	
33	442.400	-69.998	
33	442.500	-69.998	
33	442.600	-69.998	
33	442.700	-69.998	
33	442.800	-69.998	
33	442.900	-69.998	
33	443.000	-69.998	
33	443.100	-69.998	
33	443.200	-69.998	
33	443.300	-69.998	
33	443.400	-69.998	
33	443.500	-69.998	
33	443.600	-69.998	
33	443.700	-69.998	
33	443.800	-69.998	
33	443.900	-69.998	
33	444.000	-69.998	
33	444.100	-69.998	
33	444.200	-69.998	
33	444.300	-69.998	
33	444.400	-69.998	
33	444.500	-69.998	
33	444.600	-69.998	
33	444.700	-69.998	
33	444.800	-69.998	
33	444.900	-69.998	
33	445.000	-69.998	
33	445.100	-69.998	
33	445.200	-69.998	
33	445.300	-69.998	
33	445.400	-69.998	
33	445.500	-69.998	
33	445.600	-69.998	
33	445.700	-69.998	
33	445.800	-69.998	
33	445.900	-69.998	
33	446.000	-69.998	
33	446.100	-69.998	
33	446.200	-69.998	
33	446.300	-69.998	
33	446.400	-69.998	
33	446.500	-69.998	
33	446.600	-69.998	
33	446.700	-69.998	
33	446.800	-69.998	
33	446.900	-69.998	
33	447.000	-69.998	
33	447.100	-69.998	
33	447.200	-69.998	
33	447.300	-69.998	
33	447.400	-69.998	
33	447.500	-69.998	
33	447.600	-69.998	
33	447.700	-69.998	
33	447.800	-69.998	
33	447.900	-69.998	
33	448.000	-69.998	
33	448.100	-69.998	
33	448.200	-69.998	
33	448.300	-69.998	
33	448.400	-69.998	
33	448.500	-69.998	
33	448.600	-69.998	
33	448.700	-69.998	
33	448.800	-69.998	
33	448.900	-69.998	
33	449.000	-69.998	
