15	0.100	-70.000	
15	0.200	-70.000	
15	0.300	-70.000	
15	0.400	-70.000	
15	0.500	-70.000	
15	0.600	-70.000	
15	0.700	-70.000	
15	0.800	-70.000	
15	0.900	-70.000	
15	1.000	-70.000	
15	1.100	-70.000	
15	1.200	-70.000	
15	1.300	-70.000	
15	1.400	-70.000	
15	1.500	-70.000	
15	1.600	-70.000	
15	1.700	-70.000	
15	1.800	-69.999	
15	1.900	-69.999	
15	2.000	-69.999	
15	2.100	-69.999	
15	2.200	-69.999	
15	2.300	-69.999	
15	2.400	-69.999	
15	2.500	-69.999	
15	2.600	-69.999	
15	2.700	-69.999	
15	2.800	-69.999	
15	2.900	-69.999	
15	3.000	-69.999	
15	3.100	-69.999	
15	3.200	-69.999	
15	3.300	-69.999	
15	3.400	-69.999	
15	3.500	-69.999	
15	3.600	-69.999	
15	3.700	-69.999	
15	3.800	-69.999	
15	3.900	-69.999	
15	4.000	-69.999	
15	4.100	-69.999	
15	4.200	-69.999	
15	4.300	-69.999	
15	4.400	-69.999	
15	4.500	-69.999	
15	4.600	-69.999	
15	4.700	-69.999	
15	4.800	-69.999	
15	4.900	-69.999	
15	5.000	-69.999	
15	5.100	-69.999	
15	5.200	-69.999	
15	5.300	-69.999	
15	5.400	-69.999	
15	5.500	-69.999	
15	5.600	-69.999	
15	5.700	-69.999	
15	5.800	-69.999	
15	5.900	-69.999	
15	6.000	-69.999	
15	6.100	-69.999	
15	6.200	-69.999	
15	6.300	-69.999	
15	6.400	-69.999	
15	6.500	-69.999	
15	6.600	-69.999	
15	6.700	-69.999	
15	6.800	-69.999	
15	6.900	-69.999	
15	7.000	-69.999	
15	7.100	-69.999	
15	7.200	-69.999	
15	7.300	-69.999	
15	7.400	-69.999	
15	7.500	-69.999	
15	7.600	-69.999	
15	7.700	-69.999	
15	7.800	-69.999	
15	7.900	-69.999	
15	8.000	-69.999	
15	8.100	-69.999	
15	8.200	-69.999	
15	8.300	-69.999	
15	8.400	-69.999	
15	8.500	-69.999	
15	8.600	-69.999	
15	8.700	-69.999	
15	8.800	-69.999	
15	8.900	-69.999	
15	9.000	-69.999	
15	9.100	-69.999	
15	9.200	-69.999	
15	9.300	-69.999	
15	9.400	-69.999	
15	9.500	-69.999	
15	9.600	-69.999	
15	9.700	-69.999	
15	9.800	-69.999	
15	9.900	-69.998	
15	10.000	-69.998	
15	10.100	-69.998	
15	10.200	-69.998	
15	10.300	-69.998	
15	10.400	-69.998	
15	10.500	-69.998	
15	10.600	-69.998	
15	10.700	-69.998	
15	10.800	-69.998	
15	10.900	-69.998	
15	11.000	-69.998	
15	11.100	-69.998	
15	11.200	-69.998	
15	11.300	-69.998	
15	11.400	-69.998	
15	11.500	-69.998	
15	11.600	-69.998	
15	11.700	-69.998	
15	11.800	-69.998	
15	11.900	-69.998	
15	12.000	-69.998	
15	12.100	-69.998	
15	12.200	-69.998	
15	12.300	-69.998	
15	12.400	-69.998	
15	12.500	-69.998	
15	12.600	-69.998	
15	12.700	-69.998	
15	12.800	-69.998	
15	12.900	-69.998	
15	13.000	-69.998	
15	13.100	-69.998	
15	13.200	-69.998	
15	13.300	-69.998	
15	13.400	-69.998	
15	13.500	-69.998	
15	13.600	-69.998	
15	13.700	-69.998	
15	13.800	-69.998	
15	13.900	-69.998	
15	14.000	-69.998	
15	14.100	-69.998	
15	14.200	-69.998	
15	14.300	-69.998	
15	14.400	-69.998	
15	14.500	-69.998	
15	14.600	-69.998	
15	14.700	-69.998	
15	14.800	-69.998	
15	14.900	-69.998	
15	15.000	-69.998	
15	15.100	-69.998	
15	15.200	-69.998	
15	15.300	-69.998	
15	15.400	-69.998	
15	15.500	-69.998	
15	15.600	-69.998	
15	15.700	-69.998	
15	15.800	-69.998	
15	15.900	-69.998	
15	16.000	-69.998	
15	16.100	-69.998	
15	16.200	-69.998	
15	16.300	-69.998	
15	16.400	-69.998	
15	16.500	-69.998	
15	16.600	-69.998	
15	16.700	-69.998	
15	16.800	-69.998	
15	16.900	-69.998	
15	17.000	-69.998	
15	17.100	-69.998	
15	17.200	-69.998	
15	17.300	-69.998	
15	17.400	-69.998	
15	17.500	-69.998	
15	17.600	-69.998	
15	17.700	-69.998	
15	17.800	-69.998	
15	17.900	-69.998	
15	18.000	-69.998	
15	18.100	-69.998	
15	18.200	-69.998	
15	18.300	-69.998	
15	18.400	-69.998	
15	18.500	-69.998	
15	18.600	-69.998	
15	18.700	-69.998	
15	18.800	-69.998	
15	18.900	-69.998	
15	19.000	-69.998	
15	19.100	-69.998	
15	19.200	-69.998	
15	19.300	-69.998	
15	19.400	-69.998	
15	19.500	-69.998	
15	19.600	-69.998	
15	19.700	-69.998	
15	19.800	-69.998	
15	19.900	-69.998	
15	20.000	-69.998	
15	20.100	-69.998	
15	20.200	-69.998	
15	20.300	-69.998	
15	20.400	-69.998	
15	20.500	-69.998	
15	20.600	-69.998	
15	20.700	-69.998	
15	20.800	-69.998	
15	20.900	-69.998	
15	21.000	-69.998	
15	21.100	-69.998	
15	21.200	-69.998	
15	21.300	-69.998	
15	21.400	-69.998	
15	21.500	-69.998	
15	21.600	-69.998	
15	21.700	-69.998	
15	21.800	-69.998	
15	21.900	-69.998	
15	22.000	-69.998	
15	22.100	-69.998	
15	22.200	-69.998	
15	22.300	-69.998	
15	22.400	-69.998	
15	22.500	-69.998	
15	22.600	-69.998	
15	22.700	-69.998	
15	22.800	-69.998	
15	22.900	-69.998	
15	23.000	-69.998	
15	23.100	-69.998	
15	23.200	-69.998	
15	23.300	-69.998	
15	23.400	-69.998	
15	23.500	-69.998	
15	23.600	-69.998	
15	23.700	-69.998	
15	23.800	-69.998	
15	23.900	-69.998	
15	24.000	-69.998	
15	24.100	-69.998	
15	24.200	-69.998	
15	24.300	-69.998	
15	24.400	-69.998	
15	24.500	-69.998	
15	24.600	-69.998	
15	24.700	-69.998	
15	24.800	-69.998	
15	24.900	-69.998	
15	25.000	-69.998	
15	25.100	-69.998	
15	25.200	-69.998	
15	25.300	-69.998	
15	25.400	-69.998	
15	25.500	-69.998	
15	25.600	-69.998	
15	25.700	-69.998	
15	25.800	-69.998	
15	25.900	-69.998	
15	26.000	-69.998	
15	26.100	-69.998	
15	26.200	-69.998	
15	26.300	-69.998	
15	26.400	-69.998	
15	26.500	-69.998	
15	26.600	-69.998	
15	26.700	-69.998	
15	26.800	-69.998	
15	26.900	-69.998	
15	27.000	-69.998	
15	27.100	-69.998	
15	27.200	-69.998	
15	27.300	-69.998	
15	27.400	-69.998	
15	27.500	-69.998	
15	27.600	-69.998	
15	27.700	-69.998	
15	27.800	-69.998	
15	27.900	-69.998	
15	28.000	-69.998	
15	28.100	-69.998	
15	28.200	-69.998	
15	28.300	-69.998	
15	28.400	-69.998	
15	28.500	-69.998	
15	28.600	-69.998	
15	28.700	-69.998	
15	28.800	-69.998	
15	28.900	-69.998	
15	29.000	-69.998	
15	29.100	-69.998	
15	29.200	-69.998	
15	29.300	-69.998	
15	29.400	-69.998	
15	29.500	-69.998	
15	29.600	-69.998	
15	29.700	-69.998	
15	29.800	-69.998	
15	29.900	-69.998	
15	30.000	-69.998	
15	30.100	-69.998	
15	30.200	-69.998	
15	30.300	-69.998	
15	30.400	-69.998	
15	30.500	-69.998	
15	30.600	-69.998	
15	30.700	-69.998	
15	30.800	-69.998	
15	30.900	-69.998	
15	31.000	-69.998	
15	31.100	-69.998	
15	31.200	-69.998	
15	31.300	-69.998	
15	31.400	-69.998	
15	31.500	-69.998	
15	31.600	-69.998	
15	31.700	-69.998	
15	31.800	-69.998	
15	31.900	-69.998	
15	32.000	-69.998	
15	32.100	-69.998	
15	32.200	-69.998	
15	32.300	-69.998	
15	32.400	-69.998	
15	32.500	-69.998	
15	32.600	-69.998	
15	32.700	-69.998	
15	32.800	-69.998	
15	32.900	-69.998	
15	33.000	-69.998	
15	33.100	-69.998	
15	33.200	-69.998	
15	33.300	-69.998	
15	33.400	-69.998	
15	33.500	-69.998	
15	33.600	-69.998	
15	33.700	-69.998	
15	33.800	-69.998	
15	33.900	-69.998	
15	34.000	-69.998	
15	34.100	-69.998	
15	34.200	-69.998	
15	34.300	-69.998	
15	34.400	-69.998	
15	34.500	-69.998	
15	34.600	-69.998	
15	34.700	-69.998	
15	34.800	-69.998	
15	34.900	-69.998	
15	35.000	-69.998	
15	35.100	-69.998	
15	35.200	-69.998	
15	35.300	-69.998	
15	35.400	-69.998	
15	35.500	-69.998	
15	35.600	-69.998	
15	35.700	-69.998	
15	35.800	-69.998	
15	35.900	-69.998	
15	36.000	-69.998	
15	36.100	-69.998	
15	36.200	-69.998	
15	36.300	-69.998	
15	36.400	-69.998	
15	36.500	-69.998	
15	36.600	-69.998	
15	36.700	-69.998	
15	36.800	-69.998	
15	36.900	-69.998	
15	37.000	-69.998	
15	37.100	-69.998	
15	37.200	-69.998	
15	37.300	-69.998	
15	37.400	-69.998	
15	37.500	-69.998	
15	37.600	-69.998	
15	37.700	-69.998	
15	37.800	-69.998	
15	37.900	-69.998	
15	38.000	-69.998	
15	38.100	-69.998	
15	38.200	-69.998	
15	38.300	-69.998	
15	38.400	-69.998	
15	38.500	-69.998	
15	38.600	-69.998	
15	38.700	-69.998	
15	38.800	-69.998	
15	38.900	-69.998	
15	39.000	-69.998	
15	39.100	-69.998	
15	39.200	-69.998	
15	39.300	-69.998	
15	39.400	-69.998	
15	39.500	-69.998	
15	39.600	-69.998	
15	39.700	-69.998	
15	39.800	-69.998	
15	39.900	-69.998	
15	40.000	-69.998	
15	40.100	-69.998	
15	40.200	-69.998	
15	40.300	-69.998	
15	40.400	-69.998	
15	40.500	-69.998	
15	40.600	-69.998	
15	40.700	-69.998	
15	40.800	-69.998	
15	40.900	-69.998	
15	41.000	-69.998	
15	41.100	-69.998	
15	41.200	-69.998	
15	41.300	-69.998	
15	41.400	-69.998	
15	41.500	-69.998	
15	41.600	-69.998	
15	41.700	-69.998	
15	41.800	-69.998	
15	41.900	-69.998	
15	42.000	-69.998	
15	42.100	-69.998	
15	42.200	-69.998	
15	42.300	-69.998	
15	42.400	-69.998	
15	42.500	-69.998	
15	42.600	-69.998	
15	42.700	-69.998	
15	42.800	-69.998	
15	42.900	-69.998	
15	43.000	-69.998	
15	43.100	-69.998	
15	43.200	-69.998	
15	43.300	-69.998	
15	43.400	-69.998	
15	43.500	-69.998	
15	43.600	-69.998	
15	43.700	-69.998	
15	43.800	-69.998	
15	43.900	-69.998	
15	44.000	-69.998	
15	44.100	-69.998	
15	44.200	-69.998	
15	44.300	-69.998	
15	44.400	-69.998	
15	44.500	-69.998	
15	44.600	-69.998	
15	44.700	-69.998	
15	44.800	-69.998	
15	44.900	-69.998	
15	45.000	-69.998	
15	45.100	-69.998	
15	45.200	-69.998	
15	45.300	-69.998	
15	45.400	-69.998	
15	45.500	-69.998	
15	45.600	-69.998	
15	45.700	-69.998	
15	45.800	-69.998	
15	45.900	-69.998	
15	46.000	-69.998	
15	46.100	-69.998	
15	46.200	-69.998	
15	46.300	-69.998	
15	46.400	-69.998	
15	46.500	-69.998	
15	46.600	-69.998	
15	46.700	-69.998	
15	46.800	-69.998	
15	46.900	-69.998	
15	47.000	-69.998	
15	47.100	-69.998	
15	47.200	-69.998	
15	47.300	-69.998	
15	47.400	-69.998	
15	47.500	-69.998	
15	47.600	-69.998	
15	47.700	-69.998	
15	47.800	-69.998	
15	47.900	-69.998	
15	48.000	-69.998	
15	48.100	-69.998	
15	48.200	-69.998	
15	48.300	-69.998	
15	48.400	-69.998	
15	48.500	-69.998	
15	48.600	-69.998	
15	48.700	-69.998	
15	48.800	-69.998	
15	48.900	-69.998	
15	49.000	-69.998	
15	49.100	-69.998	
15	49.200	-69.998	
15	49.300	-69.998	
15	49.400	-69.998	
15	49.500	-69.998	
15	49.600	-69.998	
15	49.700	-69.998	
15	49.800	-69.998	
15	49.900	-69.998	
15	50.000	-69.998	
15	50.100	-69.998	
15	50.200	-69.998	
15	50.300	-69.998	
15	50.400	-69.998	
15	50.500	-69.998	
15	50.600	-69.998	
15	50.700	-69.998	
15	50.800	-69.998	
15	50.900	-69.998	
15	51.000	-69.998	
15	51.100	-69.998	
15	51.200	-69.998	
15	51.300	-69.998	
15	51.400	-69.998	
15	51.500	-69.998	
15	51.600	-69.998	
15	51.700	-69.998	
15	51.800	-69.998	
15	51.900	-69.998	
15	52.000	-69.998	
15	52.100	-69.998	
15	52.200	-69.998	
15	52.300	-69.998	
15	52.400	-69.998	
15	52.500	-69.998	
15	52.600	-69.998	
15	52.700	-69.998	
15	52.800	-69.998	
15	52.900	-69.998	
15	53.000	-69.998	
15	53.100	-69.998	
15	53.200	-69.998	
15	53.300	-69.998	
15	53.400	-69.998	
15	53.500	-69.998	
15	53.600	-69.998	
15	53.700	-69.998	
15	53.800	-69.998	
15	53.900	-69.998	
15	54.000	-69.998	
15	54.100	-69.998	
15	54.200	-69.998	
15	54.300	-69.998	
15	54.400	-69.998	
15	54.500	-69.998	
15	54.600	-69.998	
15	54.700	-69.998	
15	54.800	-69.998	
15	54.900	-69.998	
15	55.000	-69.998	
15	55.100	-69.998	
15	55.200	-69.998	
15	55.300	-69.998	
15	55.400	-69.998	
15	55.500	-69.998	
15	55.600	-69.998	
15	55.700	-69.998	
15	55.800	-69.998	
15	55.900	-69.998	
15	56.000	-69.998	
15	56.100	-69.998	
15	56.200	-69.998	
15	56.300	-69.998	
15	56.400	-69.998	
15	56.500	-69.998	
15	56.600	-69.998	
15	56.700	-69.998	
15	56.800	-69.998	
15	56.900	-69.998	
15	57.000	-69.998	
15	57.100	-69.998	
15	57.200	-69.998	
15	57.300	-69.998	
15	57.400	-69.998	
15	57.500	-69.998	
15	57.600	-69.998	
15	57.700	-69.998	
15	57.800	-69.998	
15	57.900	-69.998	
15	58.000	-69.998	
15	58.100	-69.998	
15	58.200	-69.998	
15	58.300	-69.998	
15	58.400	-69.998	
15	58.500	-69.998	
15	58.600	-69.998	
15	58.700	-69.998	
15	58.800	-69.998	
15	58.900	-69.998	
15	59.000	-69.998	
15	59.100	-69.998	
15	59.200	-69.998	
15	59.300	-69.998	
15	59.400	-69.998	
15	59.500	-69.998	
15	59.600	-69.998	
15	59.700	-69.998	
15	59.800	-69.998	
15	59.900	-69.998	
15	60.000	-69.998	
15	60.100	-69.998	
15	60.200	-69.998	
15	60.300	-69.998	
15	60.400	-69.998	
15	60.500	-69.998	
15	60.600	-69.998	
15	60.700	-69.998	
15	60.800	-69.998	
15	60.900	-69.998	
15	61.000	-69.998	
15	61.100	-69.998	
15	61.200	-69.998	
15	61.300	-69.998	
15	61.400	-69.998	
15	61.500	-69.998	
15	61.600	-69.998	
15	61.700	-69.998	
15	61.800	-69.998	
15	61.900	-69.998	
15	62.000	-69.998	
15	62.100	-69.998	
15	62.200	-69.998	
15	62.300	-69.998	
15	62.400	-69.998	
15	62.500	-69.998	
15	62.600	-69.998	
15	62.700	-69.998	
15	62.800	-69.998	
15	62.900	-69.998	
15	63.000	-69.998	
15	63.100	-69.998	
15	63.200	-69.998	
15	63.300	-69.998	
15	63.400	-69.998	
15	63.500	-69.998	
15	63.600	-69.998	
15	63.700	-69.998	
15	63.800	-69.998	
15	63.900	-69.998	
15	64.000	-69.998	
15	64.100	-69.998	
15	64.200	-69.998	
15	64.300	-69.998	
15	64.400	-69.998	
15	64.500	-69.998	
15	64.600	-69.998	
15	64.700	-69.998	
15	64.800	-69.998	
15	64.900	-69.998	
15	65.000	-69.998	
15	65.100	-69.998	
15	65.200	-69.998	
15	65.300	-69.998	
15	65.400	-69.998	
15	65.500	-69.998	
15	65.600	-69.998	
15	65.700	-69.998	
15	65.800	-69.998	
15	65.900	-69.998	
15	66.000	-69.998	
15	66.100	-69.998	
15	66.200	-69.998	
15	66.300	-69.998	
15	66.400	-69.998	
15	66.500	-69.998	
15	66.600	-69.998	
15	66.700	-69.998	
15	66.800	-69.998	
15	66.900	-69.998	
15	67.000	-69.998	
15	67.100	-69.998	
15	67.200	-69.998	
15	67.300	-69.998	
15	67.400	-69.998	
15	67.500	-69.998	
15	67.600	-69.998	
15	67.700	-69.998	
15	67.800	-69.998	
15	67.900	-69.998	
15	68.000	-69.998	
15	68.100	-69.998	
15	68.200	-69.998	
15	68.300	-69.998	
15	68.400	-69.998	
15	68.500	-69.998	
15	68.600	-69.998	
15	68.700	-69.998	
15	68.800	-69.998	
15	68.900	-69.998	
15	69.000	-69.998	
15	69.100	-69.998	
15	69.200	-69.998	
15	69.300	-69.998	
15	69.400	-69.998	
15	69.500	-69.998	
15	69.600	-69.998	
15	69.700	-69.998	
15	69.800	-69.998	
15	69.900	-69.998	
15	70.000	-69.998	
15	70.100	-69.998	
15	70.200	-69.998	
15	70.300	-69.998	
15	70.400	-69.998	
15	70.500	-69.998	
15	70.600	-69.998	
15	70.700	-69.998	
15	70.800	-69.998	
15	70.900	-69.998	
15	71.000	-69.998	
15	71.100	-69.998	
15	71.200	-69.998	
15	71.300	-69.998	
15	71.400	-69.998	
15	71.500	-69.998	
15	71.600	-69.998	
15	71.700	-69.998	
15	71.800	-69.998	
15	71.900	-69.998	
15	72.000	-69.998	
15	72.100	-69.998	
15	72.200	-69.998	
15	72.300	-69.998	
15	72.400	-69.998	
15	72.500	-69.998	
15	72.600	-69.998	
15	72.700	-69.998	
15	72.800	-69.998	
15	72.900	-69.998	
15	73.000	-69.998	
15	73.100	-69.998	
15	73.200	-69.998	
15	73.300	-69.998	
15	73.400	-69.998	
15	73.500	-69.998	
15	73.600	-69.998	
15	73.700	-69.998	
15	73.800	-69.998	
15	73.900	-69.998	
15	74.000	-69.998	
15	74.100	-69.998	
15	74.200	-69.998	
15	74.300	-69.998	
15	74.400	-69.998	
15	74.500	-69.998	
15	74.600	-69.998	
15	74.700	-69.998	
15	74.800	-69.998	
15	74.900	-69.998	
15	75.000	-69.998	
15	75.100	-69.998	
15	75.200	-69.998	
15	75.300	-69.998	
15	75.400	-69.998	
15	75.500	-69.998	
15	75.600	-69.998	
15	75.700	-69.998	
15	75.800	-69.998	
15	75.900	-69.998	
15	76.000	-69.998	
15	76.100	-69.998	
15	76.200	-69.998	
15	76.300	-69.998	
15	76.400	-69.998	
15	76.500	-69.998	
15	76.600	-69.998	
15	76.700	-69.998	
15	76.800	-69.998	
15	76.900	-69.998	
15	77.000	-69.998	
15	77.100	-69.998	
15	77.200	-69.998	
15	77.300	-69.998	
15	77.400	-69.998	
15	77.500	-69.998	
15	77.600	-69.998	
15	77.700	-69.998	
15	77.800	-69.998	
15	77.900	-69.998	
15	78.000	-69.998	
15	78.100	-69.998	
15	78.200	-69.998	
15	78.300	-69.998	
15	78.400	-69.998	
15	78.500	-69.998	
15	78.600	-69.998	
15	78.700	-69.998	
15	78.800	-69.998	
15	78.900	-69.998	
15	79.000	-69.998	
15	79.100	-69.998	
15	79.200	-69.998	
15	79.300	-69.998	
15	79.400	-69.998	
15	79.500	-69.998	
15	79.600	-69.998	
15	79.700	-69.998	
15	79.800	-69.998	
15	79.900	-69.998	
15	80.000	-69.998	
15	80.100	-69.998	
15	80.200	-69.998	
15	80.300	-69.998	
15	80.400	-69.998	
15	80.500	-69.998	
15	80.600	-69.998	
15	80.700	-69.998	
15	80.800	-69.998	
15	80.900	-69.998	
15	81.000	-69.998	
15	81.100	-69.998	
15	81.200	-69.998	
15	81.300	-69.998	
15	81.400	-69.998	
15	81.500	-69.998	
15	81.600	-69.998	
15	81.700	-69.998	
15	81.800	-69.998	
15	81.900	-69.998	
15	82.000	-69.998	
15	82.100	-69.998	
15	82.200	-69.998	
15	82.300	-69.998	
15	82.400	-69.998	
15	82.500	-69.998	
15	82.600	-69.998	
15	82.700	-69.998	
15	82.800	-69.998	
15	82.900	-69.998	
15	83.000	-69.998	
15	83.100	-69.998	
15	83.200	-69.998	
15	83.300	-69.998	
15	83.400	-69.998	
15	83.500	-69.998	
15	83.600	-69.998	
15	83.700	-69.998	
15	83.800	-69.998	
15	83.900	-69.998	
15	84.000	-69.998	
15	84.100	-69.998	
15	84.200	-69.998	
15	84.300	-69.998	
15	84.400	-69.998	
15	84.500	-69.998	
15	84.600	-69.998	
15	84.700	-69.998	
15	84.800	-69.998	
15	84.900	-69.998	
15	85.000	-69.998	
15	85.100	-69.998	
15	85.200	-69.998	
15	85.300	-69.998	
15	85.400	-69.998	
15	85.500	-69.998	
15	85.600	-69.998	
15	85.700	-69.998	
15	85.800	-69.998	
15	85.900	-69.998	
15	86.000	-69.998	
15	86.100	-69.998	
15	86.200	-69.998	
15	86.300	-69.998	
15	86.400	-69.998	
15	86.500	-69.998	
15	86.600	-69.998	
15	86.700	-69.998	
15	86.800	-69.998	
15	86.900	-69.998	
15	87.000	-69.998	
15	87.100	-69.998	
15	87.200	-69.998	
15	87.300	-69.998	
15	87.400	-69.998	
15	87.500	-69.998	
15	87.600	-69.998	
15	87.700	-69.998	
15	87.800	-69.998	
15	87.900	-69.998	
15	88.000	-69.998	
15	88.100	-69.998	
15	88.200	-69.998	
15	88.300	-69.998	
15	88.400	-69.998	
15	88.500	-69.998	
15	88.600	-69.998	
15	88.700	-69.998	
15	88.800	-69.998	
15	88.900	-69.998	
15	89.000	-69.998	
15	89.100	-69.998	
15	89.200	-69.998	
15	89.300	-69.998	
15	89.400	-69.998	
15	89.500	-69.998	
15	89.600	-69.998	
15	89.700	-69.998	
15	89.800	-69.998	
15	89.900	-69.998	
15	90.000	-69.998	
15	90.100	-69.998	
15	90.200	-69.998	
15	90.300	-69.998	
15	90.400	-69.998	
15	90.500	-69.998	
15	90.600	-69.998	
15	90.700	-69.998	
15	90.800	-69.998	
15	90.900	-69.998	
15	91.000	-69.998	
15	91.100	-69.998	
15	91.200	-69.998	
15	91.300	-69.998	
15	91.400	-69.998	
15	91.500	-69.998	
15	91.600	-69.998	
15	91.700	-69.998	
15	91.800	-69.998	
15	91.900	-69.998	
15	92.000	-69.998	
15	92.100	-69.998	
15	92.200	-69.998	
15	92.300	-69.998	
15	92.400	-69.998	
15	92.500	-69.998	
15	92.600	-69.998	
15	92.700	-69.998	
15	92.800	-69.998	
15	92.900	-69.998	
15	93.000	-69.998	
15	93.100	-69.998	
15	93.200	-69.998	
15	93.300	-69.998	
15	93.400	-69.998	
15	93.500	-69.998	
15	93.600	-69.998	
15	93.700	-69.998	
15	93.800	-69.998	
15	93.900	-69.998	
15	94.000	-69.998	
15	94.100	-69.998	
15	94.200	-69.998	
15	94.300	-69.998	
15	94.400	-69.998	
15	94.500	-69.998	
15	94.600	-69.998	
15	94.700	-69.998	
15	94.800	-69.998	
15	94.900	-69.998	
15	95.000	-69.998	
15	95.100	-69.998	
15	95.200	-69.998	
15	95.300	-69.998	
15	95.400	-69.998	
15	95.500	-69.998	
15	95.600	-69.998	
15	95.700	-69.998	
15	95.800	-69.998	
15	95.900	-69.998	
15	96.000	-69.998	
15	96.100	-69.998	
15	96.200	-69.998	
15	96.300	-69.998	
15	96.400	-69.998	
15	96.500	-69.998	
15	96.600	-69.998	
15	96.700	-69.998	
15	96.800	-69.998	
15	96.900	-69.998	
15	97.000	-69.998	
15	97.100	-69.998	
15	97.200	-69.998	
15	97.300	-69.998	
15	97.400	-69.998	
15	97.500	-69.998	
15	97.600	-69.998	
15	97.700	-69.998	
15	97.800	-69.998	
15	97.900	-69.998	
15	98.000	-69.998	
15	98.100	-69.998	
15	98.200	-69.998	
15	98.300	-69.998	
15	98.400	-69.998	
15	98.500	-69.998	
15	98.600	-69.998	
15	98.700	-69.998	
15	98.800	-69.998	
15	98.900	-69.998	
15	99.000	-69.998	
15	99.100	-69.998	
15	99.200	-69.998	
15	99.300	-69.998	
15	99.400	-69.998	
15	99.500	-69.998	
15	99.600	-69.998	
15	99.700	-69.998	
15	99.800	-69.998	
15	99.900	-69.998	
15	100.000	-69.998	
15	100.100	-69.998	
15	100.200	-69.998	
15	100.300	-69.998	
15	100.400	-69.998	
15	100.500	-69.998	
15	100.600	-69.998	
15	100.700	-69.998	
15	100.800	-69.998	
15	100.900	-69.998	
15	101.000	-69.998	
15	101.100	-69.998	
15	101.200	-69.998	
15	101.300	-69.998	
15	101.400	-69.998	
15	101.500	-69.998	
15	101.600	-69.998	
15	101.700	-69.998	
15	101.800	-69.998	
15	101.900	-69.998	
15	102.000	-69.998	
15	102.100	-69.998	
15	102.200	-69.998	
15	102.300	-69.998	
15	102.400	-69.998	
15	102.500	-69.998	
15	102.600	-69.998	
15	102.700	-69.998	
15	102.800	-69.998	
15	102.900	-69.998	
15	103.000	-69.998	
15	103.100	-69.998	
15	103.200	-69.998	
15	103.300	-69.998	
15	103.400	-69.998	
15	103.500	-69.998	
15	103.600	-69.998	
15	103.700	-69.998	
15	103.800	-69.998	
15	103.900	-69.998	
15	104.000	-69.998	
15	104.100	-69.998	
15	104.200	-69.998	
15	104.300	-69.998	
15	104.400	-69.998	
15	104.500	-69.998	
15	104.600	-69.998	
15	104.700	-69.998	
15	104.800	-69.998	
15	104.900	-69.998	
15	105.000	-69.998	
15	105.100	-69.998	
15	105.200	-69.998	
15	105.300	-69.998	
15	105.400	-69.998	
15	105.500	-69.998	
15	105.600	-69.998	
15	105.700	-69.998	
15	105.800	-69.998	
15	105.900	-69.998	
15	106.000	-69.998	
15	106.100	-69.998	
15	106.200	-69.998	
15	106.300	-69.998	
15	106.400	-69.998	
15	106.500	-69.998	
15	106.600	-69.998	
15	106.700	-69.998	
15	106.800	-69.998	
15	106.900	-69.998	
15	107.000	-69.998	
15	107.100	-69.998	
15	107.200	-69.998	
15	107.300	-69.998	
15	107.400	-69.998	
15	107.500	-69.998	
15	107.600	-69.998	
15	107.700	-69.998	
15	107.800	-69.998	
15	107.900	-69.998	
15	108.000	-69.998	
15	108.100	-69.998	
15	108.200	-69.998	
15	108.300	-69.998	
15	108.400	-69.998	
15	108.500	-69.998	
15	108.600	-69.998	
15	108.700	-69.998	
15	108.800	-69.998	
15	108.900	-69.998	
15	109.000	-69.998	
15	109.100	-69.998	
15	109.200	-69.998	
15	109.300	-69.998	
15	109.400	-69.998	
15	109.500	-69.998	
15	109.600	-69.998	
15	109.700	-69.998	
15	109.800	-69.998	
15	109.900	-69.998	
15	110.000	-69.998	
15	110.100	-69.998	
15	110.200	-69.998	
15	110.300	-69.998	
15	110.400	-69.998	
15	110.500	-69.998	
15	110.600	-69.998	
15	110.700	-69.998	
15	110.800	-69.998	
15	110.900	-69.998	
15	111.000	-69.998	
15	111.100	-69.998	
15	111.200	-69.998	
15	111.300	-69.998	
15	111.400	-69.998	
15	111.500	-69.998	
15	111.600	-69.998	
15	111.700	-69.998	
15	111.800	-69.998	
15	111.900	-69.998	
15	112.000	-69.998	
15	112.100	-69.998	
15	112.200	-69.998	
15	112.300	-69.998	
15	112.400	-69.998	
15	112.500	-69.998	
15	112.600	-69.998	
15	112.700	-69.998	
15	112.800	-69.998	
15	112.900	-69.998	
15	113.000	-69.998	
15	113.100	-69.998	
15	113.200	-69.998	
15	113.300	-69.998	
15	113.400	-69.998	
15	113.500	-69.998	
15	113.600	-69.998	
15	113.700	-69.998	
15	113.800	-69.998	
15	113.900	-69.998	
15	114.000	-69.998	
15	114.100	-69.998	
15	114.200	-69.998	
15	114.300	-69.998	
15	114.400	-69.998	
15	114.500	-69.998	
15	114.600	-69.998	
15	114.700	-69.998	
15	114.800	-69.998	
15	114.900	-69.998	
15	115.000	-69.998	
15	115.100	-69.998	
15	115.200	-69.998	
15	115.300	-69.998	
15	115.400	-69.998	
15	115.500	-69.998	
15	115.600	-69.998	
15	115.700	-69.998	
15	115.800	-69.998	
15	115.900	-69.998	
15	116.000	-69.998	
15	116.100	-69.998	
15	116.200	-69.998	
15	116.300	-69.998	
15	116.400	-69.998	
15	116.500	-69.998	
15	116.600	-69.998	
15	116.700	-69.998	
15	116.800	-69.998	
15	116.900	-69.998	
15	117.000	-69.998	
15	117.100	-69.998	
15	117.200	-69.998	
15	117.300	-69.998	
15	117.400	-69.998	
15	117.500	-69.998	
15	117.600	-69.998	
15	117.700	-69.998	
15	117.800	-69.998	
15	117.900	-69.998	
15	118.000	-69.998	
15	118.100	-69.998	
15	118.200	-69.998	
15	118.300	-69.998	
15	118.400	-69.998	
15	118.500	-69.998	
15	118.600	-69.998	
15	118.700	-69.998	
15	118.800	-69.998	
15	118.900	-69.998	
15	119.000	-69.998	
15	119.100	-69.998	
15	119.200	-69.998	
15	119.300	-69.998	
15	119.400	-69.998	
15	119.500	-69.998	
15	119.600	-69.998	
15	119.700	-69.998	
15	119.800	-69.998	
15	119.900	-69.998	
15	120.000	-69.998	
15	120.100	-69.998	
15	120.200	-69.998	
15	120.300	-69.998	
15	120.400	-69.998	
15	120.500	-69.998	
15	120.600	-69.998	
15	120.700	-69.998	
15	120.800	-69.998	
15	120.900	-69.998	
15	121.000	-69.998	
15	121.100	-69.998	
15	121.200	-69.998	
15	121.300	-69.998	
15	121.400	-69.998	
15	121.500	-69.998	
15	121.600	-69.998	
15	121.700	-69.998	
15	121.800	-69.998	
15	121.900	-69.998	
15	122.000	-69.998	
15	122.100	-69.998	
15	122.200	-69.998	
15	122.300	-69.998	
15	122.400	-69.998	
15	122.500	-69.998	
15	122.600	-69.998	
15	122.700	-69.998	
15	122.800	-69.998	
15	122.900	-69.998	
15	123.000	-69.998	
15	123.100	-69.998	
15	123.200	-69.998	
15	123.300	-69.998	
15	123.400	-69.998	
15	123.500	-69.998	
15	123.600	-69.998	
15	123.700	-69.998	
15	123.800	-69.998	
15	123.900	-69.998	
15	124.000	-69.998	
15	124.100	-69.998	
15	124.200	-69.998	
15	124.300	-69.998	
15	124.400	-69.998	
15	124.500	-69.998	
15	124.600	-69.998	
15	124.700	-69.998	
15	124.800	-69.998	
15	124.900	-69.998	
15	125.000	-69.998	
15	125.100	-69.998	
15	125.200	-69.998	
15	125.300	-69.998	
15	125.400	-69.998	
15	125.500	-69.998	
15	125.600	-69.998	
15	125.700	-69.998	
15	125.800	-69.998	
15	125.900	-69.998	
15	126.000	-69.998	
15	126.100	-69.998	
15	126.200	-69.998	
15	126.300	-69.998	
15	126.400	-69.998	
15	126.500	-69.998	
15	126.600	-69.998	
15	126.700	-69.998	
15	126.800	-69.998	
15	126.900	-69.998	
15	127.000	-69.998	
15	127.100	-69.998	
15	127.200	-69.998	
15	127.300	-69.998	
15	127.400	-69.998	
15	127.500	-69.998	
15	127.600	-69.998	
15	127.700	-69.998	
15	127.800	-69.998	
15	127.900	-69.998	
15	128.000	-69.998	
15	128.100	-69.998	
15	128.200	-69.998	
15	128.300	-69.998	
15	128.400	-69.998	
15	128.500	-69.998	
15	128.600	-69.998	
15	128.700	-69.998	
15	128.800	-69.998	
15	128.900	-69.998	
15	129.000	-69.998	
15	129.100	-69.998	
15	129.200	-69.998	
15	129.300	-69.998	
15	129.400	-69.998	
15	129.500	-69.998	
15	129.600	-69.998	
15	129.700	-69.998	
15	129.800	-69.998	
15	129.900	-69.998	
15	130.000	-69.998	
15	130.100	-69.998	
15	130.200	-69.998	
15	130.300	-69.998	
15	130.400	-69.998	
15	130.500	-69.998	
15	130.600	-69.998	
15	130.700	-69.998	
15	130.800	-69.998	
15	130.900	-69.998	
15	131.000	-69.998	
15	131.100	-69.998	
15	131.200	-69.998	
15	131.300	-69.998	
15	131.400	-69.998	
15	131.500	-69.998	
15	131.600	-69.998	
15	131.700	-69.998	
15	131.800	-69.998	
15	131.900	-69.998	
15	132.000	-69.998	
15	132.100	-69.998	
15	132.200	-69.998	
15	132.300	-69.998	
15	132.400	-69.998	
15	132.500	-69.998	
15	132.600	-69.998	
15	132.700	-69.998	
15	132.800	-69.998	
15	132.900	-69.998	
15	133.000	-69.998	
15	133.100	-69.998	
15	133.200	-69.998	
15	133.300	-69.998	
15	133.400	-69.998	
15	133.500	-69.998	
15	133.600	-69.998	
15	133.700	-69.998	
15	133.800	-69.998	
15	133.900	-69.998	
15	134.000	-69.998	
15	134.100	-69.998	
15	134.200	-69.998	
15	134.300	-69.998	
15	134.400	-69.998	
15	134.500	-69.998	
15	134.600	-69.998	
15	134.700	-69.998	
15	134.800	-69.998	
15	134.900	-69.998	
15	135.000	-69.998	
15	135.100	-69.998	
15	135.200	-69.998	
15	135.300	-69.998	
15	135.400	-69.998	
15	135.500	-69.998	
15	135.600	-69.998	
15	135.700	-69.998	
15	135.800	-69.998	
15	135.900	-69.998	
15	136.000	-69.998	
15	136.100	-69.998	
15	136.200	-69.998	
15	136.300	-69.998	
15	136.400	-69.998	
15	136.500	-69.998	
15	136.600	-69.998	
15	136.700	-69.998	
15	136.800	-69.998	
15	136.900	-69.998	
15	137.000	-69.998	
15	137.100	-69.998	
15	137.200	-69.998	
15	137.300	-69.998	
15	137.400	-69.998	
15	137.500	-69.998	
15	137.600	-69.998	
15	137.700	-69.998	
15	137.800	-69.998	
15	137.900	-69.998	
15	138.000	-69.998	
15	138.100	-69.998	
15	138.200	-69.998	
15	138.300	-69.998	
15	138.400	-69.998	
15	138.500	-69.998	
15	138.600	-69.998	
15	138.700	-69.998	
15	138.800	-69.998	
15	138.900	-69.998	
15	139.000	-69.998	
15	139.100	-69.998	
15	139.200	-69.998	
15	139.300	-69.998	
15	139.400	-69.998	
15	139.500	-69.998	
15	139.600	-69.998	
15	139.700	-69.998	
15	139.800	-69.998	
15	139.900	-69.998	
15	140.000	-69.998	
15	140.100	-69.998	
15	140.200	-69.998	
15	140.300	-69.998	
15	140.400	-69.998	
15	140.500	-69.998	
15	140.600	-69.998	
15	140.700	-69.998	
15	140.800	-69.998	
15	140.900	-69.998	
15	141.000	-69.998	
15	141.100	-69.998	
15	141.200	-69.998	
15	141.300	-69.998	
15	141.400	-69.998	
15	141.500	-69.998	
15	141.600	-69.998	
15	141.700	-69.998	
15	141.800	-69.998	
15	141.900	-69.998	
15	142.000	-69.998	
15	142.100	-69.998	
15	142.200	-69.998	
15	142.300	-69.998	
15	142.400	-69.998	
15	142.500	-69.998	
15	142.600	-69.998	
15	142.700	-69.998	
15	142.800	-69.998	
15	142.900	-69.998	
15	143.000	-69.998	
15	143.100	-69.998	
15	143.200	-69.998	
15	143.300	-69.998	
15	143.400	-69.998	
15	143.500	-69.998	
15	143.600	-69.998	
15	143.700	-69.998	
15	143.800	-69.998	
15	143.900	-69.998	
15	144.000	-69.998	
15	144.100	-69.998	
15	144.200	-69.998	
15	144.300	-69.998	
15	144.400	-69.998	
15	144.500	-69.998	
15	144.600	-69.998	
15	144.700	-69.998	
15	144.800	-69.998	
15	144.900	-69.998	
15	145.000	-69.998	
15	145.100	-69.998	
15	145.200	-69.998	
15	145.300	-69.998	
15	145.400	-69.998	
15	145.500	-69.998	
15	145.600	-69.998	
15	145.700	-69.998	
15	145.800	-69.998	
15	145.900	-69.998	
15	146.000	-69.998	
15	146.100	-69.998	
15	146.200	-69.998	
15	146.300	-69.998	
15	146.400	-69.998	
15	146.500	-69.998	
15	146.600	-69.998	
15	146.700	-69.998	
15	146.800	-69.998	
15	146.900	-69.998	
15	147.000	-69.998	
15	147.100	-69.998	
15	147.200	-69.998	
15	147.300	-69.998	
15	147.400	-69.998	
15	147.500	-69.998	
15	147.600	-69.998	
15	147.700	-69.998	
15	147.800	-69.998	
15	147.900	-69.998	
15	148.000	-69.998	
15	148.100	-69.998	
15	148.200	-69.998	
15	148.300	-69.998	
15	148.400	-69.998	
15	148.500	-69.998	
15	148.600	-69.998	
15	148.700	-69.998	
15	148.800	-69.998	
15	148.900	-69.998	
15	149.000	-69.998	
15	149.100	-69.998	
15	149.200	-69.998	
15	149.300	-69.998	
15	149.400	-69.998	
15	149.500	-69.998	
15	149.600	-69.998	
15	149.700	-69.998	
15	149.800	-69.998	
15	149.900	-69.998	
15	150.000	-69.998	
15	150.100	-69.998	
15	150.200	-69.998	
15	150.300	-69.998	
15	150.400	-69.998	
15	150.500	-69.998	
15	150.600	-69.998	
15	150.700	-69.998	
15	150.800	-69.998	
15	150.900	-69.998	
15	151.000	-69.998	
15	151.100	-69.998	
15	151.200	-69.998	
15	151.300	-69.998	
15	151.400	-69.998	
15	151.500	-69.998	
15	151.600	-69.998	
15	151.700	-69.998	
15	151.800	-69.998	
15	151.900	-69.998	
15	152.000	-69.998	
15	152.100	-69.998	
15	152.200	-69.998	
15	152.300	-69.998	
15	152.400	-69.998	
15	152.500	-69.998	
15	152.600	-69.998	
15	152.700	-69.998	
15	152.800	-69.998	
15	152.900	-69.998	
15	153.000	-69.998	
15	153.100	-69.998	
15	153.200	-69.998	
15	153.300	-69.998	
15	153.400	-69.998	
15	153.500	-69.998	
15	153.600	-69.998	
15	153.700	-69.998	
15	153.800	-69.998	
15	153.900	-69.998	
15	154.000	-69.998	
15	154.100	-69.998	
15	154.200	-69.998	
15	154.300	-69.998	
15	154.400	-69.998	
15	154.500	-69.998	
15	154.600	-69.998	
15	154.700	-69.998	
15	154.800	-69.998	
15	154.900	-69.998	
15	155.000	-69.998	
15	155.100	-69.998	
15	155.200	-69.998	
15	155.300	-69.998	
15	155.400	-69.998	
15	155.500	-69.998	
15	155.600	-69.998	
15	155.700	-69.998	
15	155.800	-69.998	
15	155.900	-69.998	
15	156.000	-69.998	
15	156.100	-69.998	
15	156.200	-69.998	
15	156.300	-69.998	
15	156.400	-69.998	
15	156.500	-69.998	
15	156.600	-69.998	
15	156.700	-69.998	
15	156.800	-69.998	
15	156.900	-69.998	
15	157.000	-69.998	
15	157.100	-69.998	
15	157.200	-69.998	
15	157.300	-69.998	
15	157.400	-69.998	
15	157.500	-69.998	
15	157.600	-69.998	
15	157.700	-69.998	
15	157.800	-69.998	
15	157.900	-69.998	
15	158.000	-69.998	
15	158.100	-69.998	
15	158.200	-69.998	
15	158.300	-69.998	
15	158.400	-69.998	
15	158.500	-69.998	
15	158.600	-69.998	
15	158.700	-69.998	
15	158.800	-69.998	
15	158.900	-69.998	
15	159.000	-69.998	
15	159.100	-69.998	
15	159.200	-69.998	
15	159.300	-69.998	
15	159.400	-69.998	
15	159.500	-69.998	
15	159.600	-69.998	
15	159.700	-69.998	
15	159.800	-69.998	
15	159.900	-69.998	
15	160.000	-69.998	
15	160.100	-69.998	
15	160.200	-69.998	
15	160.300	-69.998	
15	160.400	-69.998	
15	160.500	-69.998	
15	160.600	-69.998	
15	160.700	-69.998	
15	160.800	-69.998	
15	160.900	-69.998	
15	161.000	-69.998	
15	161.100	-69.998	
15	161.200	-69.998	
15	161.300	-69.998	
15	161.400	-69.998	
15	161.500	-69.998	
15	161.600	-69.998	
15	161.700	-69.998	
15	161.800	-69.998	
15	161.900	-69.998	
15	162.000	-69.998	
15	162.100	-69.998	
15	162.200	-69.998	
15	162.300	-69.998	
15	162.400	-69.998	
15	162.500	-69.998	
15	162.600	-69.998	
15	162.700	-69.998	
15	162.800	-69.998	
15	162.900	-69.998	
15	163.000	-69.998	
15	163.100	-69.998	
15	163.200	-69.998	
15	163.300	-69.998	
15	163.400	-69.998	
15	163.500	-69.998	
15	163.600	-69.998	
15	163.700	-69.998	
15	163.800	-69.998	
15	163.900	-69.998	
15	164.000	-69.998	
15	164.100	-69.998	
15	164.200	-69.998	
15	164.300	-69.998	
15	164.400	-69.998	
15	164.500	-69.998	
15	164.600	-69.998	
15	164.700	-69.998	
15	164.800	-69.998	
15	164.900	-69.998	
15	165.000	-69.998	
15	165.100	-69.998	
15	165.200	-69.998	
15	165.300	-69.998	
15	165.400	-69.998	
15	165.500	-69.998	
15	165.600	-69.998	
15	165.700	-69.998	
15	165.800	-69.998	
15	165.900	-69.998	
15	166.000	-69.998	
15	166.100	-69.998	
15	166.200	-69.998	
15	166.300	-69.998	
15	166.400	-69.998	
15	166.500	-69.998	
15	166.600	-69.998	
15	166.700	-69.998	
15	166.800	-69.998	
15	166.900	-69.998	
15	167.000	-69.998	
15	167.100	-69.998	
15	167.200	-69.998	
15	167.300	-69.998	
15	167.400	-69.998	
15	167.500	-69.998	
15	167.600	-69.998	
15	167.700	-69.998	
15	167.800	-69.998	
15	167.900	-69.998	
15	168.000	-69.998	
15	168.100	-69.998	
15	168.200	-69.998	
15	168.300	-69.998	
15	168.400	-69.998	
15	168.500	-69.998	
15	168.600	-69.998	
15	168.700	-69.998	
15	168.800	-69.998	
15	168.900	-69.998	
15	169.000	-69.998	
15	169.100	-69.998	
15	169.200	-69.998	
15	169.300	-69.998	
15	169.400	-69.998	
15	169.500	-69.998	
15	169.600	-69.998	
15	169.700	-69.998	
15	169.800	-69.998	
15	169.900	-69.998	
15	170.000	-69.998	
15	170.100	-69.998	
15	170.200	-69.998	
15	170.300	-69.998	
15	170.400	-69.998	
15	170.500	-69.998	
15	170.600	-69.998	
15	170.700	-69.998	
15	170.800	-69.998	
15	170.900	-69.998	
15	171.000	-69.998	
15	171.100	-69.998	
15	171.200	-69.998	
15	171.300	-69.998	
15	171.400	-69.998	
15	171.500	-69.998	
15	171.600	-69.998	
15	171.700	-69.998	
15	171.800	-69.998	
15	171.900	-69.998	
15	172.000	-69.998	
15	172.100	-69.998	
15	172.200	-69.998	
15	172.300	-69.998	
15	172.400	-69.998	
15	172.500	-69.998	
15	172.600	-69.998	
15	172.700	-69.998	
15	172.800	-69.998	
15	172.900	-69.998	
15	173.000	-69.998	
15	173.100	-69.998	
15	173.200	-69.998	
15	173.300	-69.998	
15	173.400	-69.998	
15	173.500	-69.998	
15	173.600	-69.998	
15	173.700	-69.998	
15	173.800	-69.998	
15	173.900	-69.998	
15	174.000	-69.998	
15	174.100	-69.998	
15	174.200	-69.998	
15	174.300	-69.998	
15	174.400	-69.998	
15	174.500	-69.998	
15	174.600	-69.998	
15	174.700	-69.998	
15	174.800	-69.998	
15	174.900	-69.998	
15	175.000	-69.998	
15	175.100	-69.998	
15	175.200	-69.998	
15	175.300	-69.998	
15	175.400	-69.998	
15	175.500	-69.998	
15	175.600	-69.998	
15	175.700	-69.998	
15	175.800	-69.998	
15	175.900	-69.998	
15	176.000	-69.998	
15	176.100	-69.998	
15	176.200	-69.998	
15	176.300	-69.998	
15	176.400	-69.998	
15	176.500	-69.998	
15	176.600	-69.998	
15	176.700	-69.998	
15	176.800	-69.998	
15	176.900	-69.998	
15	177.000	-69.998	
15	177.100	-69.998	
15	177.200	-69.998	
15	177.300	-69.998	
15	177.400	-69.998	
15	177.500	-69.998	
15	177.600	-69.998	
15	177.700	-69.998	
15	177.800	-69.998	
15	177.900	-69.998	
15	178.000	-69.998	
15	178.100	-69.998	
15	178.200	-69.998	
15	178.300	-69.998	
15	178.400	-69.998	
15	178.500	-69.998	
15	178.600	-69.998	
15	178.700	-69.998	
15	178.800	-69.998	
15	178.900	-69.998	
15	179.000	-69.998	
15	179.100	-69.998	
15	179.200	-69.998	
15	179.300	-69.998	
15	179.400	-69.998	
15	179.500	-69.998	
15	179.600	-69.998	
15	179.700	-69.998	
15	179.800	-69.998	
15	179.900	-69.998	
15	180.000	-69.998	
15	180.100	-69.998	
15	180.200	-69.998	
15	180.300	-69.998	
15	180.400	-69.998	
15	180.500	-69.998	
15	180.600	-69.998	
15	180.700	-69.998	
15	180.800	-69.998	
15	180.900	-69.998	
15	181.000	-69.998	
15	181.100	-69.998	
15	181.200	-69.998	
15	181.300	-69.998	
15	181.400	-69.998	
15	181.500	-69.998	
15	181.600	-69.998	
15	181.700	-69.998	
15	181.800	-69.998	
15	181.900	-69.998	
15	182.000	-69.998	
15	182.100	-69.998	
15	182.200	-69.998	
15	182.300	-69.998	
15	182.400	-69.998	
15	182.500	-69.998	
15	182.600	-69.998	
15	182.700	-69.998	
15	182.800	-69.998	
15	182.900	-69.998	
15	183.000	-69.998	
15	183.100	-69.998	
15	183.200	-69.998	
15	183.300	-69.998	
15	183.400	-69.998	
15	183.500	-69.998	
15	183.600	-69.998	
15	183.700	-69.998	
15	183.800	-69.998	
15	183.900	-69.998	
15	184.000	-69.998	
15	184.100	-69.998	
15	184.200	-69.998	
15	184.300	-69.998	
15	184.400	-69.998	
15	184.500	-69.998	
15	184.600	-69.998	
15	184.700	-69.998	
15	184.800	-69.998	
15	184.900	-69.998	
15	185.000	-69.998	
15	185.100	-69.998	
15	185.200	-69.998	
15	185.300	-69.998	
15	185.400	-69.998	
15	185.500	-69.998	
15	185.600	-69.998	
15	185.700	-69.998	
15	185.800	-69.998	
15	185.900	-69.998	
15	186.000	-69.998	
15	186.100	-69.998	
15	186.200	-69.998	
15	186.300	-69.998	
15	186.400	-69.998	
15	186.500	-69.998	
15	186.600	-69.998	
15	186.700	-69.998	
15	186.800	-69.998	
15	186.900	-69.998	
15	187.000	-69.998	
15	187.100	-69.998	
15	187.200	-69.998	
15	187.300	-69.998	
15	187.400	-69.998	
15	187.500	-69.998	
15	187.600	-69.998	
15	187.700	-69.998	
15	187.800	-69.998	
15	187.900	-69.998	
15	188.000	-69.998	
15	188.100	-69.998	
15	188.200	-69.998	
15	188.300	-69.998	
15	188.400	-69.998	
15	188.500	-69.998	
15	188.600	-69.998	
15	188.700	-69.998	
15	188.800	-69.998	
15	188.900	-69.998	
15	189.000	-69.998	
15	189.100	-69.998	
15	189.200	-69.998	
15	189.300	-69.998	
15	189.400	-69.998	
15	189.500	-69.998	
15	189.600	-69.998	
15	189.700	-69.998	
15	189.800	-69.998	
15	189.900	-69.998	
15	190.000	-69.998	
15	190.100	-69.998	
15	190.200	-69.998	
15	190.300	-69.998	
15	190.400	-69.998	
15	190.500	-69.998	
15	190.600	-69.998	
15	190.700	-69.998	
15	190.800	-69.998	
15	190.900	-69.998	
15	191.000	-69.998	
15	191.100	-69.998	
15	191.200	-69.998	
15	191.300	-69.998	
15	191.400	-69.998	
15	191.500	-69.998	
15	191.600	-69.998	
15	191.700	-69.998	
15	191.800	-69.998	
15	191.900	-69.998	
15	192.000	-69.998	
15	192.100	-69.998	
15	192.200	-69.998	
15	192.300	-69.998	
15	192.400	-69.998	
15	192.500	-69.998	
15	192.600	-69.998	
15	192.700	-69.998	
15	192.800	-69.998	
15	192.900	-69.998	
15	193.000	-69.998	
15	193.100	-69.998	
15	193.200	-69.998	
15	193.300	-69.998	
15	193.400	-69.998	
15	193.500	-69.998	
15	193.600	-69.998	
15	193.700	-69.998	
15	193.800	-69.998	
15	193.900	-69.998	
15	194.000	-69.998	
15	194.100	-69.998	
15	194.200	-69.998	
15	194.300	-69.998	
15	194.400	-69.998	
15	194.500	-69.998	
15	194.600	-69.998	
15	194.700	-69.998	
15	194.800	-69.998	
15	194.900	-69.998	
15	195.000	-69.998	
15	195.100	-69.998	
15	195.200	-69.998	
15	195.300	-69.998	
15	195.400	-69.998	
15	195.500	-69.998	
15	195.600	-69.998	
15	195.700	-69.998	
15	195.800	-69.998	
15	195.900	-69.998	
15	196.000	-69.998	
15	196.100	-69.998	
15	196.200	-69.998	
15	196.300	-69.998	
15	196.400	-69.998	
15	196.500	-69.998	
15	196.600	-69.998	
15	196.700	-69.998	
15	196.800	-69.998	
15	196.900	-69.998	
15	197.000	-69.998	
15	197.100	-69.998	
15	197.200	-69.998	
15	197.300	-69.998	
15	197.400	-69.998	
15	197.500	-69.998	
15	197.600	-69.998	
15	197.700	-69.998	
15	197.800	-69.998	
15	197.900	-69.998	
15	198.000	-69.998	
15	198.100	-69.998	
15	198.200	-69.998	
15	198.300	-69.998	
15	198.400	-69.998	
15	198.500	-69.998	
15	198.600	-69.998	
15	198.700	-69.998	
15	198.800	-69.998	
15	198.900	-69.998	
15	199.000	-69.998	
15	199.100	-69.998	
15	199.200	-69.998	
15	199.300	-69.998	
15	199.400	-69.998	
15	199.500	-69.998	
15	199.600	-69.998	
15	199.700	-69.998	
15	199.800	-69.998	
15	199.900	-69.998	
15	200.000	-69.998	
15	200.100	-69.998	
15	200.200	-69.998	
15	200.300	-69.998	
15	200.400	-69.998	
15	200.500	-69.998	
15	200.600	-69.998	
15	200.700	-69.998	
15	200.800	-69.998	
15	200.900	-69.998	
15	201.000	-69.998	
15	201.100	-69.998	
15	201.200	-69.998	
15	201.300	-69.998	
15	201.400	-69.998	
15	201.500	-69.998	
15	201.600	-69.998	
15	201.700	-69.998	
15	201.800	-69.998	
15	201.900	-69.998	
15	202.000	-69.998	
15	202.100	-69.998	
15	202.200	-69.998	
15	202.300	-69.998	
15	202.400	-69.998	
15	202.500	-69.998	
15	202.600	-69.998	
15	202.700	-69.998	
15	202.800	-69.998	
15	202.900	-69.998	
15	203.000	-69.998	
15	203.100	-69.998	
15	203.200	-69.998	
15	203.300	-69.998	
15	203.400	-69.998	
15	203.500	-69.998	
15	203.600	-69.998	
15	203.700	-69.998	
15	203.800	-69.998	
15	203.900	-69.998	
15	204.000	-69.998	
15	204.100	-69.998	
15	204.200	-69.998	
15	204.300	-69.998	
15	204.400	-69.998	
15	204.500	-69.998	
15	204.600	-69.998	
15	204.700	-69.998	
15	204.800	-69.998	
15	204.900	-69.998	
15	205.000	-69.998	
15	205.100	-69.998	
15	205.200	-69.998	
15	205.300	-69.998	
15	205.400	-69.998	
15	205.500	-69.998	
15	205.600	-69.998	
15	205.700	-69.998	
15	205.800	-69.998	
15	205.900	-69.998	
15	206.000	-69.998	
15	206.100	-69.998	
15	206.200	-69.998	
15	206.300	-69.998	
15	206.400	-69.998	
15	206.500	-69.998	
15	206.600	-69.998	
15	206.700	-69.998	
15	206.800	-69.998	
15	206.900	-69.998	
15	207.000	-69.998	
15	207.100	-69.998	
15	207.200	-69.998	
15	207.300	-69.998	
15	207.400	-69.998	
15	207.500	-69.998	
15	207.600	-69.998	
15	207.700	-69.998	
15	207.800	-69.998	
15	207.900	-69.998	
15	208.000	-69.998	
15	208.100	-69.998	
15	208.200	-69.998	
15	208.300	-69.998	
15	208.400	-69.998	
15	208.500	-69.998	
15	208.600	-69.998	
15	208.700	-69.998	
15	208.800	-69.998	
15	208.900	-69.998	
15	209.000	-69.998	
15	209.100	-69.998	
15	209.200	-69.998	
15	209.300	-69.998	
15	209.400	-69.998	
15	209.500	-69.998	
15	209.600	-69.998	
15	209.700	-69.998	
15	209.800	-69.998	
15	209.900	-69.998	
15	210.000	-69.998	
15	210.100	-69.998	
15	210.200	-69.998	
15	210.300	-69.998	
15	210.400	-69.998	
15	210.500	-69.998	
15	210.600	-69.998	
15	210.700	-69.998	
15	210.800	-69.998	
15	210.900	-69.998	
15	211.000	-69.998	
15	211.100	-69.998	
15	211.200	-69.998	
15	211.300	-69.998	
15	211.400	-69.998	
15	211.500	-69.998	
15	211.600	-69.998	
15	211.700	-69.998	
15	211.800	-69.998	
15	211.900	-69.998	
15	212.000	-69.998	
15	212.100	-69.998	
15	212.200	-69.998	
15	212.300	-69.998	
15	212.400	-69.998	
15	212.500	-69.998	
15	212.600	-69.998	
15	212.700	-69.998	
15	212.800	-69.998	
15	212.900	-69.998	
15	213.000	-69.998	
15	213.100	-69.998	
15	213.200	-69.998	
15	213.300	-69.998	
15	213.400	-69.998	
15	213.500	-69.998	
15	213.600	-69.998	
15	213.700	-69.998	
15	213.800	-69.998	
15	213.900	-69.998	
15	214.000	-69.998	
15	214.100	-69.998	
15	214.200	-69.998	
15	214.300	-69.998	
15	214.400	-69.998	
15	214.500	-69.998	
15	214.600	-69.998	
15	214.700	-69.998	
15	214.800	-69.998	
15	214.900	-69.998	
15	215.000	-69.998	
15	215.100	-69.998	
15	215.200	-69.998	
15	215.300	-69.998	
15	215.400	-69.998	
15	215.500	-69.998	
15	215.600	-69.998	
15	215.700	-69.998	
15	215.800	-69.998	
15	215.900	-69.998	
15	216.000	-69.998	
15	216.100	-69.998	
15	216.200	-69.998	
15	216.300	-69.998	
15	216.400	-69.998	
15	216.500	-69.998	
15	216.600	-69.998	
15	216.700	-69.998	
15	216.800	-69.998	
15	216.900	-69.998	
15	217.000	-69.998	
15	217.100	-69.998	
15	217.200	-69.998	
15	217.300	-69.998	
15	217.400	-69.998	
15	217.500	-69.998	
15	217.600	-69.998	
15	217.700	-69.998	
15	217.800	-69.998	
15	217.900	-69.998	
15	218.000	-69.998	
15	218.100	-69.998	
15	218.200	-69.998	
15	218.300	-69.998	
15	218.400	-69.998	
15	218.500	-69.998	
15	218.600	-69.998	
15	218.700	-69.998	
15	218.800	-69.998	
15	218.900	-69.998	
15	219.000	-69.998	
15	219.100	-69.998	
15	219.200	-69.998	
15	219.300	-69.998	
15	219.400	-69.998	
15	219.500	-69.998	
15	219.600	-69.998	
15	219.700	-69.998	
15	219.800	-69.998	
15	219.900	-69.998	
15	220.000	-69.998	
15	220.100	-69.998	
15	220.200	-69.998	
15	220.300	-69.998	
15	220.400	-69.998	
15	220.500	-69.998	
15	220.600	-69.998	
15	220.700	-69.998	
15	220.800	-69.998	
15	220.900	-69.998	
15	221.000	-69.998	
15	221.100	-69.998	
15	221.200	-69.998	
15	221.300	-69.998	
15	221.400	-69.998	
15	221.500	-69.998	
15	221.600	-69.998	
15	221.700	-69.998	
15	221.800	-69.998	
15	221.900	-69.998	
15	222.000	-69.998	
15	222.100	-69.998	
15	222.200	-69.998	
15	222.300	-69.998	
15	222.400	-69.998	
15	222.500	-69.998	
15	222.600	-69.998	
15	222.700	-69.998	
15	222.800	-69.998	
15	222.900	-69.998	
15	223.000	-69.998	
15	223.100	-69.998	
15	223.200	-69.998	
15	223.300	-69.998	
15	223.400	-69.998	
15	223.500	-69.998	
15	223.600	-69.998	
15	223.700	-69.998	
15	223.800	-69.998	
15	223.900	-69.998	
15	224.000	-69.998	
15	224.100	-69.998	
15	224.200	-69.998	
15	224.300	-69.998	
15	224.400	-69.998	
15	224.500	-69.998	
15	224.600	-69.998	
15	224.700	-69.998	
15	224.800	-69.998	
15	224.900	-69.998	
15	225.000	-69.998	
15	225.100	-69.998	
15	225.200	-69.998	
15	225.300	-69.998	
15	225.400	-69.998	
15	225.500	-69.998	
15	225.600	-69.998	
15	225.700	-69.998	
15	225.800	-69.998	
15	225.900	-69.998	
15	226.000	-69.998	
15	226.100	-69.998	
15	226.200	-69.998	
15	226.300	-69.998	
15	226.400	-69.998	
15	226.500	-69.998	
15	226.600	-69.998	
15	226.700	-69.998	
15	226.800	-69.998	
15	226.900	-69.998	
15	227.000	-69.998	
15	227.100	-69.998	
15	227.200	-69.998	
15	227.300	-69.998	
15	227.400	-69.998	
15	227.500	-69.998	
15	227.600	-69.998	
15	227.700	-69.998	
15	227.800	-69.998	
15	227.900	-69.998	
15	228.000	-69.998	
15	228.100	-69.998	
15	228.200	-69.998	
15	228.300	-69.998	
15	228.400	-69.998	
15	228.500	-69.998	
15	228.600	-69.998	
15	228.700	-69.998	
15	228.800	-69.998	
15	228.900	-69.998	
15	229.000	-69.998	
15	229.100	-69.998	
15	229.200	-69.998	
15	229.300	-69.998	
15	229.400	-69.998	
15	229.500	-69.998	
15	229.600	-69.998	
15	229.700	-69.998	
15	229.800	-69.998	
15	229.900	-69.998	
15	230.000	-69.998	
15	230.100	-69.998	
15	230.200	-69.998	
15	230.300	-69.998	
15	230.400	-69.998	
15	230.500	-69.998	
15	230.600	-69.998	
15	230.700	-69.998	
15	230.800	-69.998	
15	230.900	-69.998	
15	231.000	-69.998	
15	231.100	-69.998	
15	231.200	-69.998	
15	231.300	-69.998	
15	231.400	-69.998	
15	231.500	-69.998	
15	231.600	-69.998	
15	231.700	-69.998	
15	231.800	-69.998	
15	231.900	-69.998	
15	232.000	-69.998	
15	232.100	-69.998	
15	232.200	-69.998	
15	232.300	-69.998	
15	232.400	-69.998	
15	232.500	-69.998	
15	232.600	-69.998	
15	232.700	-69.998	
15	232.800	-69.998	
15	232.900	-69.998	
15	233.000	-69.998	
15	233.100	-69.998	
15	233.200	-69.998	
15	233.300	-69.998	
15	233.400	-69.998	
15	233.500	-69.998	
15	233.600	-69.998	
15	233.700	-69.998	
15	233.800	-69.998	
15	233.900	-69.998	
15	234.000	-69.998	
15	234.100	-69.998	
15	234.200	-69.998	
15	234.300	-69.998	
15	234.400	-69.998	
15	234.500	-69.998	
15	234.600	-69.998	
15	234.700	-69.998	
15	234.800	-69.998	
15	234.900	-69.998	
15	235.000	-69.998	
15	235.100	-69.998	
15	235.200	-69.998	
15	235.300	-69.998	
15	235.400	-69.998	
15	235.500	-69.998	
15	235.600	-69.998	
15	235.700	-69.998	
15	235.800	-69.998	
15	235.900	-69.998	
15	236.000	-69.998	
15	236.100	-69.998	
15	236.200	-69.998	
15	236.300	-69.998	
15	236.400	-69.998	
15	236.500	-69.998	
15	236.600	-69.998	
15	236.700	-69.998	
15	236.800	-69.998	
15	236.900	-69.998	
15	237.000	-69.998	
15	237.100	-69.998	
15	237.200	-69.998	
15	237.300	-69.998	
15	237.400	-69.998	
15	237.500	-69.998	
15	237.600	-69.998	
15	237.700	-69.998	
15	237.800	-69.998	
15	237.900	-69.998	
15	238.000	-69.998	
15	238.100	-69.998	
15	238.200	-69.998	
15	238.300	-69.998	
15	238.400	-69.998	
15	238.500	-69.998	
15	238.600	-69.998	
15	238.700	-69.998	
15	238.800	-69.998	
15	238.900	-69.998	
15	239.000	-69.998	
15	239.100	-69.998	
15	239.200	-69.998	
15	239.300	-69.998	
15	239.400	-69.998	
15	239.500	-69.998	
15	239.600	-69.998	
15	239.700	-69.998	
15	239.800	-69.998	
15	239.900	-69.998	
15	240.000	-69.998	
15	240.100	-69.998	
15	240.200	-69.998	
15	240.300	-69.998	
15	240.400	-69.998	
15	240.500	-69.998	
15	240.600	-69.998	
15	240.700	-69.998	
15	240.800	-69.998	
15	240.900	-69.998	
15	241.000	-69.998	
15	241.100	-69.998	
15	241.200	-69.998	
15	241.300	-69.998	
15	241.400	-69.998	
15	241.500	-69.998	
15	241.600	-69.998	
15	241.700	-69.998	
15	241.800	-69.998	
15	241.900	-69.998	
15	242.000	-69.998	
15	242.100	-69.998	
15	242.200	-69.998	
15	242.300	-69.998	
15	242.400	-69.998	
15	242.500	-69.998	
15	242.600	-69.998	
15	242.700	-69.998	
15	242.800	-69.998	
15	242.900	-69.998	
15	243.000	-69.998	
15	243.100	-69.998	
15	243.200	-69.998	
15	243.300	-69.998	
15	243.400	-69.998	
15	243.500	-69.998	
15	243.600	-69.998	
15	243.700	-69.998	
15	243.800	-69.998	
15	243.900	-69.998	
15	244.000	-69.998	
15	244.100	-69.998	
15	244.200	-69.998	
15	244.300	-69.998	
15	244.400	-69.998	
15	244.500	-69.998	
15	244.600	-69.998	
15	244.700	-69.998	
15	244.800	-69.998	
15	244.900	-69.998	
15	245.000	-69.998	
15	245.100	-69.998	
15	245.200	-69.998	
15	245.300	-69.998	
15	245.400	-69.998	
15	245.500	-69.998	
15	245.600	-69.998	
15	245.700	-69.998	
15	245.800	-69.998	
15	245.900	-69.998	
15	246.000	-69.998	
15	246.100	-69.998	
15	246.200	-69.998	
15	246.300	-69.998	
15	246.400	-69.998	
15	246.500	-69.998	
15	246.600	-69.998	
15	246.700	-69.998	
15	246.800	-69.998	
15	246.900	-69.998	
15	247.000	-69.998	
15	247.100	-69.998	
15	247.200	-69.998	
15	247.300	-69.998	
15	247.400	-69.998	
15	247.500	-69.998	
15	247.600	-69.998	
15	247.700	-69.998	
15	247.800	-69.998	
15	247.900	-69.998	
15	248.000	-69.998	
15	248.100	-69.998	
15	248.200	-69.998	
15	248.300	-69.998	
15	248.400	-69.998	
15	248.500	-69.998	
15	248.600	-69.998	
15	248.700	-69.998	
15	248.800	-69.998	
15	248.900	-69.998	
15	249.000	-69.998	
15	249.100	-69.998	
15	249.200	-69.998	
15	249.300	-69.998	
15	249.400	-69.998	
15	249.500	-69.998	
15	249.600	-69.998	
15	249.700	-69.998	
15	249.800	-69.998	
15	249.900	-69.998	
15	250.000	-69.998	
15	250.100	-69.998	
15	250.200	-69.998	
15	250.300	-69.998	
15	250.400	-69.998	
15	250.500	-69.998	
15	250.600	-69.998	
15	250.700	-69.998	
15	250.800	-69.998	
15	250.900	-69.998	
15	251.000	-69.998	
15	251.100	-69.998	
15	251.200	-69.998	
15	251.300	-69.998	
15	251.400	-69.998	
15	251.500	-69.998	
15	251.600	-69.998	
15	251.700	-69.998	
15	251.800	-69.998	
15	251.900	-69.998	
15	252.000	-69.998	
15	252.100	-69.998	
15	252.200	-69.998	
15	252.300	-69.998	
15	252.400	-69.998	
15	252.500	-69.998	
15	252.600	-69.998	
15	252.700	-69.998	
15	252.800	-69.998	
15	252.900	-69.998	
15	253.000	-69.998	
15	253.100	-69.998	
15	253.200	-69.998	
15	253.300	-69.998	
15	253.400	-69.998	
15	253.500	-69.998	
15	253.600	-69.998	
15	253.700	-69.998	
15	253.800	-69.998	
15	253.900	-69.998	
15	254.000	-69.998	
15	254.100	-69.998	
15	254.200	-69.998	
15	254.300	-69.998	
15	254.400	-69.998	
15	254.500	-69.998	
15	254.600	-69.998	
15	254.700	-69.998	
15	254.800	-69.998	
15	254.900	-69.998	
15	255.000	-69.998	
15	255.100	-69.998	
15	255.200	-69.998	
15	255.300	-69.998	
15	255.400	-69.998	
15	255.500	-69.998	
15	255.600	-69.998	
15	255.700	-69.998	
15	255.800	-69.998	
15	255.900	-69.998	
15	256.000	-69.998	
15	256.100	-69.998	
15	256.200	-69.998	
15	256.300	-69.998	
15	256.400	-69.998	
15	256.500	-69.998	
15	256.600	-69.998	
15	256.700	-69.998	
15	256.800	-69.998	
15	256.900	-69.998	
15	257.000	-69.998	
15	257.100	-69.998	
15	257.200	-69.998	
15	257.300	-69.998	
15	257.400	-69.998	
15	257.500	-69.998	
15	257.600	-69.998	
15	257.700	-69.998	
15	257.800	-69.998	
15	257.900	-69.998	
15	258.000	-69.998	
15	258.100	-69.998	
15	258.200	-69.998	
15	258.300	-69.998	
15	258.400	-69.998	
15	258.500	-69.998	
15	258.600	-69.998	
15	258.700	-69.998	
15	258.800	-69.998	
15	258.900	-69.998	
15	259.000	-69.998	
15	259.100	-69.998	
15	259.200	-69.998	
15	259.300	-69.998	
15	259.400	-69.998	
15	259.500	-69.998	
15	259.600	-69.998	
15	259.700	-69.998	
15	259.800	-69.998	
15	259.900	-69.998	
15	260.000	-69.998	
15	260.100	-69.998	
15	260.200	-69.998	
15	260.300	-69.998	
15	260.400	-69.998	
15	260.500	-69.998	
15	260.600	-69.998	
15	260.700	-69.998	
15	260.800	-69.998	
15	260.900	-69.998	
15	261.000	-69.998	
15	261.100	-69.998	
15	261.200	-69.998	
15	261.300	-69.998	
15	261.400	-69.998	
15	261.500	-69.998	
15	261.600	-69.998	
15	261.700	-69.998	
15	261.800	-69.998	
15	261.900	-69.998	
15	262.000	-69.998	
15	262.100	-69.998	
15	262.200	-69.998	
15	262.300	-69.998	
15	262.400	-69.998	
15	262.500	-69.998	
15	262.600	-69.998	
15	262.700	-69.998	
15	262.800	-69.998	
15	262.900	-69.998	
15	263.000	-69.998	
15	263.100	-69.998	
15	263.200	-69.998	
15	263.300	-69.998	
15	263.400	-69.998	
15	263.500	-69.998	
15	263.600	-69.998	
15	263.700	-69.998	
15	263.800	-69.998	
15	263.900	-69.998	
15	264.000	-69.998	
15	264.100	-69.998	
15	264.200	-69.998	
15	264.300	-69.998	
15	264.400	-69.998	
15	264.500	-69.998	
15	264.600	-69.998	
15	264.700	-69.998	
15	264.800	-69.998	
15	264.900	-69.998	
15	265.000	-69.998	
15	265.100	-69.998	
15	265.200	-69.998	
15	265.300	-69.998	
15	265.400	-69.998	
15	265.500	-69.998	
15	265.600	-69.998	
15	265.700	-69.998	
15	265.800	-69.998	
15	265.900	-69.998	
15	266.000	-69.998	
15	266.100	-69.998	
15	266.200	-69.998	
15	266.300	-69.998	
15	266.400	-69.998	
15	266.500	-69.998	
15	266.600	-69.998	
15	266.700	-69.998	
15	266.800	-69.998	
15	266.900	-69.998	
15	267.000	-69.998	
15	267.100	-69.998	
15	267.200	-69.998	
15	267.300	-69.998	
15	267.400	-69.998	
15	267.500	-69.998	
15	267.600	-69.998	
15	267.700	-69.998	
15	267.800	-69.998	
15	267.900	-69.998	
15	268.000	-69.998	
15	268.100	-69.998	
15	268.200	-69.998	
15	268.300	-69.998	
15	268.400	-69.998	
15	268.500	-69.998	
15	268.600	-69.998	
15	268.700	-69.998	
15	268.800	-69.998	
15	268.900	-69.998	
15	269.000	-69.998	
15	269.100	-69.998	
15	269.200	-69.998	
15	269.300	-69.998	
15	269.400	-69.998	
15	269.500	-69.998	
15	269.600	-69.998	
15	269.700	-69.998	
15	269.800	-69.998	
15	269.900	-69.998	
15	270.000	-69.998	
15	270.100	-69.998	
15	270.200	-69.998	
15	270.300	-69.998	
15	270.400	-69.998	
15	270.500	-69.998	
15	270.600	-69.998	
15	270.700	-69.998	
15	270.800	-69.998	
15	270.900	-69.998	
15	271.000	-69.998	
15	271.100	-69.998	
15	271.200	-69.998	
15	271.300	-69.998	
15	271.400	-69.998	
15	271.500	-69.998	
15	271.600	-69.998	
15	271.700	-69.998	
15	271.800	-69.998	
15	271.900	-69.998	
15	272.000	-69.998	
15	272.100	-69.998	
15	272.200	-69.998	
15	272.300	-69.998	
15	272.400	-69.998	
15	272.500	-69.998	
15	272.600	-69.998	
15	272.700	-69.998	
15	272.800	-69.998	
15	272.900	-69.998	
15	273.000	-69.998	
15	273.100	-69.998	
15	273.200	-69.998	
15	273.300	-69.998	
15	273.400	-69.998	
15	273.500	-69.998	
15	273.600	-69.998	
15	273.700	-69.998	
15	273.800	-69.998	
15	273.900	-69.998	
15	274.000	-69.998	
15	274.100	-69.998	
15	274.200	-69.998	
15	274.300	-69.998	
15	274.400	-69.998	
15	274.500	-69.998	
15	274.600	-69.998	
15	274.700	-69.998	
15	274.800	-69.998	
15	274.900	-69.998	
15	275.000	-69.998	
15	275.100	-69.998	
15	275.200	-69.998	
15	275.300	-69.998	
15	275.400	-69.998	
15	275.500	-69.998	
15	275.600	-69.998	
15	275.700	-69.998	
15	275.800	-69.998	
15	275.900	-69.998	
15	276.000	-69.998	
15	276.100	-69.998	
15	276.200	-69.998	
15	276.300	-69.998	
15	276.400	-69.998	
15	276.500	-69.998	
15	276.600	-69.998	
15	276.700	-69.998	
15	276.800	-69.998	
15	276.900	-69.998	
15	277.000	-69.998	
15	277.100	-69.998	
15	277.200	-69.998	
15	277.300	-69.998	
15	277.400	-69.998	
15	277.500	-69.998	
15	277.600	-69.998	
15	277.700	-69.998	
15	277.800	-69.998	
15	277.900	-69.998	
15	278.000	-69.998	
15	278.100	-69.998	
15	278.200	-69.998	
15	278.300	-69.998	
15	278.400	-69.998	
15	278.500	-69.998	
15	278.600	-69.998	
15	278.700	-69.998	
15	278.800	-69.998	
15	278.900	-69.998	
15	279.000	-69.998	
15	279.100	-69.998	
15	279.200	-69.998	
15	279.300	-69.998	
15	279.400	-69.998	
15	279.500	-69.998	
15	279.600	-69.998	
15	279.700	-69.998	
15	279.800	-69.998	
15	279.900	-69.998	
15	280.000	-69.998	
15	280.100	-69.998	
15	280.200	-69.998	
15	280.300	-69.998	
15	280.400	-69.998	
15	280.500	-69.998	
15	280.600	-69.998	
15	280.700	-69.998	
15	280.800	-69.998	
15	280.900	-69.998	
15	281.000	-69.998	
15	281.100	-69.998	
15	281.200	-69.998	
15	281.300	-69.998	
15	281.400	-69.998	
15	281.500	-69.998	
15	281.600	-69.998	
15	281.700	-69.998	
15	281.800	-69.998	
15	281.900	-69.998	
15	282.000	-69.998	
15	282.100	-69.998	
15	282.200	-69.998	
15	282.300	-69.998	
15	282.400	-69.998	
15	282.500	-69.998	
15	282.600	-69.998	
15	282.700	-69.998	
15	282.800	-69.998	
15	282.900	-69.998	
15	283.000	-69.998	
15	283.100	-69.998	
15	283.200	-69.998	
15	283.300	-69.998	
15	283.400	-69.998	
15	283.500	-69.998	
15	283.600	-69.998	
15	283.700	-69.998	
15	283.800	-69.998	
15	283.900	-69.998	
15	284.000	-69.998	
15	284.100	-69.998	
15	284.200	-69.998	
15	284.300	-69.998	
15	284.400	-69.998	
15	284.500	-69.998	
15	284.600	-69.998	
15	284.700	-69.998	
15	284.800	-69.998	
15	284.900	-69.998	
15	285.000	-69.998	
15	285.100	-69.998	
15	285.200	-69.998	
15	285.300	-69.998	
15	285.400	-69.998	
15	285.500	-69.998	
15	285.600	-69.998	
15	285.700	-69.998	
15	285.800	-69.998	
15	285.900	-69.998	
15	286.000	-69.998	
15	286.100	-69.998	
15	286.200	-69.998	
15	286.300	-69.998	
15	286.400	-69.998	
15	286.500	-69.998	
15	286.600	-69.998	
15	286.700	-69.998	
15	286.800	-69.998	
15	286.900	-69.998	
15	287.000	-69.998	
15	287.100	-69.998	
15	287.200	-69.998	
15	287.300	-69.998	
15	287.400	-69.998	
15	287.500	-69.998	
15	287.600	-69.998	
15	287.700	-69.998	
15	287.800	-69.998	
15	287.900	-69.998	
15	288.000	-69.998	
15	288.100	-69.998	
15	288.200	-69.998	
15	288.300	-69.998	
15	288.400	-69.998	
15	288.500	-69.998	
15	288.600	-69.998	
15	288.700	-69.998	
15	288.800	-69.998	
15	288.900	-69.998	
15	289.000	-69.998	
15	289.100	-69.998	
15	289.200	-69.998	
15	289.300	-69.998	
15	289.400	-69.998	
15	289.500	-69.998	
15	289.600	-69.998	
15	289.700	-69.998	
15	289.800	-69.998	
15	289.900	-69.998	
15	290.000	-69.998	
15	290.100	-69.998	
15	290.200	-69.998	
15	290.300	-69.998	
15	290.400	-69.998	
15	290.500	-69.998	
15	290.600	-69.998	
15	290.700	-69.998	
15	290.800	-69.998	
15	290.900	-69.998	
15	291.000	-69.998	
15	291.100	-69.998	
15	291.200	-69.998	
15	291.300	-69.998	
15	291.400	-69.998	
15	291.500	-69.998	
15	291.600	-69.998	
15	291.700	-69.998	
15	291.800	-69.998	
15	291.900	-69.998	
15	292.000	-69.998	
15	292.100	-69.998	
15	292.200	-69.998	
15	292.300	-69.998	
15	292.400	-69.998	
15	292.500	-69.998	
15	292.600	-69.998	
15	292.700	-69.998	
15	292.800	-69.998	
15	292.900	-69.998	
15	293.000	-69.998	
15	293.100	-69.998	
15	293.200	-69.998	
15	293.300	-69.998	
15	293.400	-69.998	
15	293.500	-69.998	
15	293.600	-69.998	
15	293.700	-69.998	
15	293.800	-69.998	
15	293.900	-69.998	
15	294.000	-69.998	
15	294.100	-69.998	
15	294.200	-69.998	
15	294.300	-69.998	
15	294.400	-69.998	
15	294.500	-69.998	
15	294.600	-69.998	
15	294.700	-69.998	
15	294.800	-69.998	
15	294.900	-69.998	
15	295.000	-69.998	
15	295.100	-69.998	
15	295.200	-69.998	
15	295.300	-69.998	
15	295.400	-69.998	
15	295.500	-69.998	
15	295.600	-69.998	
15	295.700	-69.998	
15	295.800	-69.998	
15	295.900	-69.998	
15	296.000	-69.998	
15	296.100	-69.998	
15	296.200	-69.998	
15	296.300	-69.998	
15	296.400	-69.998	
15	296.500	-69.998	
15	296.600	-69.998	
15	296.700	-69.998	
15	296.800	-69.998	
15	296.900	-69.998	
15	297.000	-69.998	
15	297.100	-69.998	
15	297.200	-69.998	
15	297.300	-69.998	
15	297.400	-69.998	
15	297.500	-69.998	
15	297.600	-69.998	
15	297.700	-69.998	
15	297.800	-69.998	
15	297.900	-69.998	
15	298.000	-69.998	
15	298.100	-69.998	
15	298.200	-69.998	
15	298.300	-69.998	
15	298.400	-69.998	
15	298.500	-69.998	
15	298.600	-69.998	
15	298.700	-69.998	
15	298.800	-69.998	
15	298.900	-69.998	
15	299.000	-69.998	
15	299.100	-69.998	
15	299.200	-69.998	
15	299.300	-69.998	
15	299.400	-69.998	
15	299.500	-69.998	
15	299.600	-69.998	
15	299.700	-69.998	
15	299.800	-69.998	
15	299.900	-69.998	
15	300.000	-69.998	
15	300.100	-69.998	
15	300.200	-69.998	
15	300.300	-69.998	
15	300.400	-69.998	
15	300.500	-69.998	
15	300.600	-69.998	
15	300.700	-69.998	
15	300.800	-69.998	
15	300.900	-69.998	
15	301.000	-69.998	
15	301.100	-69.998	
15	301.200	-69.998	
15	301.300	-69.998	
15	301.400	-69.998	
15	301.500	-69.998	
15	301.600	-69.998	
15	301.700	-69.998	
15	301.800	-69.998	
15	301.900	-69.998	
15	302.000	-69.998	
15	302.100	-69.998	
15	302.200	-69.998	
15	302.300	-69.998	
15	302.400	-69.998	
15	302.500	-69.998	
15	302.600	-69.998	
15	302.700	-69.998	
15	302.800	-69.998	
15	302.900	-69.998	
15	303.000	-69.998	
15	303.100	-69.998	
15	303.200	-69.998	
15	303.300	-69.998	
15	303.400	-69.998	
15	303.500	-69.998	
15	303.600	-69.998	
15	303.700	-69.998	
15	303.800	-69.998	
15	303.900	-69.998	
15	304.000	-69.998	
15	304.100	-69.998	
15	304.200	-69.998	
15	304.300	-69.998	
15	304.400	-69.998	
15	304.500	-69.998	
15	304.600	-69.998	
15	304.700	-69.998	
15	304.800	-69.998	
15	304.900	-69.998	
15	305.000	-69.998	
15	305.100	-69.998	
15	305.200	-69.998	
15	305.300	-69.998	
15	305.400	-69.998	
15	305.500	-69.998	
15	305.600	-69.998	
15	305.700	-69.998	
15	305.800	-69.998	
15	305.900	-69.998	
15	306.000	-69.998	
15	306.100	-69.998	
15	306.200	-69.998	
15	306.300	-69.998	
15	306.400	-69.998	
15	306.500	-69.998	
15	306.600	-69.998	
15	306.700	-69.998	
15	306.800	-69.998	
15	306.900	-69.998	
15	307.000	-69.998	
15	307.100	-69.998	
15	307.200	-69.998	
15	307.300	-69.998	
15	307.400	-69.998	
15	307.500	-69.998	
15	307.600	-69.998	
15	307.700	-69.998	
15	307.800	-69.998	
15	307.900	-69.998	
15	308.000	-69.998	
15	308.100	-69.998	
15	308.200	-69.998	
15	308.300	-69.998	
15	308.400	-69.998	
15	308.500	-69.998	
15	308.600	-69.998	
15	308.700	-69.998	
15	308.800	-69.998	
15	308.900	-69.998	
15	309.000	-69.998	
15	309.100	-69.998	
15	309.200	-69.998	
15	309.300	-69.998	
15	309.400	-69.998	
15	309.500	-69.998	
15	309.600	-69.998	
15	309.700	-69.998	
15	309.800	-69.998	
15	309.900	-69.998	
15	310.000	-69.998	
15	310.100	-69.998	
15	310.200	-69.998	
15	310.300	-69.998	
15	310.400	-69.998	
15	310.500	-69.998	
15	310.600	-69.998	
15	310.700	-69.998	
15	310.800	-69.998	
15	310.900	-69.998	
15	311.000	-69.998	
15	311.100	-69.998	
15	311.200	-69.998	
15	311.300	-69.998	
15	311.400	-69.998	
15	311.500	-69.998	
15	311.600	-69.998	
15	311.700	-69.998	
15	311.800	-69.998	
15	311.900	-69.998	
15	312.000	-69.998	
15	312.100	-69.998	
15	312.200	-69.998	
15	312.300	-69.998	
15	312.400	-69.998	
15	312.500	-69.998	
15	312.600	-69.998	
15	312.700	-69.998	
15	312.800	-69.998	
15	312.900	-69.998	
15	313.000	-69.998	
15	313.100	-69.998	
15	313.200	-69.998	
15	313.300	-69.998	
15	313.400	-69.998	
15	313.500	-69.998	
15	313.600	-69.998	
15	313.700	-69.998	
15	313.800	-69.998	
15	313.900	-69.998	
15	314.000	-69.998	
15	314.100	-69.998	
15	314.200	-69.998	
15	314.300	-69.998	
15	314.400	-69.998	
15	314.500	-69.998	
15	314.600	-69.998	
15	314.700	-69.998	
15	314.800	-69.998	
15	314.900	-69.998	
15	315.000	-69.998	
15	315.100	-69.998	
15	315.200	-69.998	
15	315.300	-69.998	
15	315.400	-69.998	
15	315.500	-69.998	
15	315.600	-69.998	
15	315.700	-69.998	
15	315.800	-69.998	
15	315.900	-69.998	
15	316.000	-69.998	
15	316.100	-69.998	
15	316.200	-69.998	
15	316.300	-69.998	
15	316.400	-69.998	
15	316.500	-69.998	
15	316.600	-69.998	
15	316.700	-69.998	
15	316.800	-69.998	
15	316.900	-69.998	
15	317.000	-69.998	
15	317.100	-69.998	
15	317.200	-69.998	
15	317.300	-69.998	
15	317.400	-69.998	
15	317.500	-69.998	
15	317.600	-69.998	
15	317.700	-69.998	
15	317.800	-69.998	
15	317.900	-69.998	
15	318.000	-69.998	
15	318.100	-69.998	
15	318.200	-69.998	
15	318.300	-69.998	
15	318.400	-69.998	
15	318.500	-69.998	
15	318.600	-69.998	
15	318.700	-69.998	
15	318.800	-69.998	
15	318.900	-69.998	
15	319.000	-69.998	
15	319.100	-69.998	
15	319.200	-69.998	
15	319.300	-69.998	
15	319.400	-69.998	
15	319.500	-69.998	
15	319.600	-69.998	
15	319.700	-69.998	
15	319.800	-69.998	
15	319.900	-69.998	
15	320.000	-69.998	
15	320.100	-69.998	
15	320.200	-69.998	
15	320.300	-69.998	
15	320.400	-69.998	
15	320.500	-69.998	
15	320.600	-69.998	
15	320.700	-69.998	
15	320.800	-69.998	
15	320.900	-69.998	
15	321.000	-69.998	
15	321.100	-69.998	
15	321.200	-69.998	
15	321.300	-69.998	
15	321.400	-69.998	
15	321.500	-69.998	
15	321.600	-69.998	
15	321.700	-69.998	
15	321.800	-69.998	
15	321.900	-69.998	
15	322.000	-69.998	
15	322.100	-69.998	
15	322.200	-69.998	
15	322.300	-69.998	
15	322.400	-69.998	
15	322.500	-69.998	
15	322.600	-69.998	
15	322.700	-69.998	
15	322.800	-69.998	
15	322.900	-69.998	
15	323.000	-69.998	
15	323.100	-69.998	
15	323.200	-69.998	
15	323.300	-69.998	
15	323.400	-69.998	
15	323.500	-69.998	
15	323.600	-69.998	
15	323.700	-69.998	
15	323.800	-69.998	
15	323.900	-69.998	
15	324.000	-69.998	
15	324.100	-69.998	
15	324.200	-69.998	
15	324.300	-69.998	
15	324.400	-69.998	
15	324.500	-69.998	
15	324.600	-69.998	
15	324.700	-69.998	
15	324.800	-69.998	
15	324.900	-69.998	
15	325.000	-69.998	
15	325.100	-69.998	
15	325.200	-69.998	
15	325.300	-69.998	
15	325.400	-69.998	
15	325.500	-69.998	
15	325.600	-69.998	
15	325.700	-69.998	
15	325.800	-69.998	
15	325.900	-69.998	
15	326.000	-69.998	
15	326.100	-69.998	
15	326.200	-69.998	
15	326.300	-69.998	
15	326.400	-69.998	
15	326.500	-69.998	
15	326.600	-69.998	
15	326.700	-69.998	
15	326.800	-69.998	
15	326.900	-69.998	
15	327.000	-69.998	
15	327.100	-69.998	
15	327.200	-69.998	
15	327.300	-69.998	
15	327.400	-69.998	
15	327.500	-69.998	
15	327.600	-69.998	
15	327.700	-69.998	
15	327.800	-69.998	
15	327.900	-69.998	
15	328.000	-69.998	
15	328.100	-69.998	
15	328.200	-69.998	
15	328.300	-69.998	
15	328.400	-69.998	
15	328.500	-69.998	
15	328.600	-69.998	
15	328.700	-69.998	
15	328.800	-69.998	
15	328.900	-69.998	
15	329.000	-69.998	
15	329.100	-69.998	
15	329.200	-69.998	
15	329.300	-69.998	
15	329.400	-69.998	
15	329.500	-69.998	
15	329.600	-69.998	
15	329.700	-69.998	
15	329.800	-69.998	
15	329.900	-69.998	
15	330.000	-69.998	
15	330.100	-69.998	
15	330.200	-69.998	
15	330.300	-69.998	
15	330.400	-69.998	
15	330.500	-69.998	
15	330.600	-69.998	
15	330.700	-69.998	
15	330.800	-69.998	
15	330.900	-69.998	
15	331.000	-69.998	
15	331.100	-69.998	
15	331.200	-69.998	
15	331.300	-69.998	
15	331.400	-69.998	
15	331.500	-69.998	
15	331.600	-69.998	
15	331.700	-69.998	
15	331.800	-69.998	
15	331.900	-69.998	
15	332.000	-69.998	
15	332.100	-69.998	
15	332.200	-69.998	
15	332.300	-69.998	
15	332.400	-69.998	
15	332.500	-69.998	
15	332.600	-69.998	
15	332.700	-69.998	
15	332.800	-69.998	
15	332.900	-69.998	
15	333.000	-69.998	
15	333.100	-69.998	
15	333.200	-69.998	
15	333.300	-69.998	
15	333.400	-69.998	
15	333.500	-69.998	
15	333.600	-69.998	
15	333.700	-69.998	
15	333.800	-69.998	
15	333.900	-69.998	
15	334.000	-69.998	
15	334.100	-69.998	
15	334.200	-69.998	
15	334.300	-69.998	
15	334.400	-69.998	
15	334.500	-69.998	
15	334.600	-69.998	
15	334.700	-69.998	
15	334.800	-69.998	
15	334.900	-69.998	
15	335.000	-69.998	
15	335.100	-69.998	
15	335.200	-69.998	
15	335.300	-69.998	
15	335.400	-69.998	
15	335.500	-69.998	
15	335.600	-69.998	
15	335.700	-69.998	
15	335.800	-69.998	
15	335.900	-69.998	
15	336.000	-69.998	
15	336.100	-69.998	
15	336.200	-69.998	
15	336.300	-69.998	
15	336.400	-69.998	
15	336.500	-69.998	
15	336.600	-69.998	
15	336.700	-69.998	
15	336.800	-69.998	
15	336.900	-69.998	
15	337.000	-69.998	
15	337.100	-69.998	
15	337.200	-69.998	
15	337.300	-69.998	
15	337.400	-69.998	
15	337.500	-69.998	
15	337.600	-69.998	
15	337.700	-69.998	
15	337.800	-69.998	
15	337.900	-69.998	
15	338.000	-69.998	
15	338.100	-69.998	
15	338.200	-69.998	
15	338.300	-69.998	
15	338.400	-69.998	
15	338.500	-69.998	
15	338.600	-69.998	
15	338.700	-69.998	
15	338.800	-69.998	
15	338.900	-69.998	
15	339.000	-69.998	
15	339.100	-69.998	
15	339.200	-69.998	
15	339.300	-69.998	
15	339.400	-69.998	
15	339.500	-69.998	
15	339.600	-69.998	
15	339.700	-69.998	
15	339.800	-69.998	
15	339.900	-69.998	
15	340.000	-69.998	
15	340.100	-69.998	
15	340.200	-69.998	
15	340.300	-69.998	
15	340.400	-69.998	
15	340.500	-69.998	
15	340.600	-69.998	
15	340.700	-69.998	
15	340.800	-69.998	
15	340.900	-69.998	
15	341.000	-69.998	
15	341.100	-69.998	
15	341.200	-69.998	
15	341.300	-69.998	
15	341.400	-69.998	
15	341.500	-69.998	
15	341.600	-69.998	
15	341.700	-69.998	
15	341.800	-69.998	
15	341.900	-69.998	
15	342.000	-69.998	
15	342.100	-69.998	
15	342.200	-69.998	
15	342.300	-69.998	
15	342.400	-69.998	
15	342.500	-69.998	
15	342.600	-69.998	
15	342.700	-69.998	
15	342.800	-69.998	
15	342.900	-69.998	
15	343.000	-69.998	
15	343.100	-69.998	
15	343.200	-69.998	
15	343.300	-69.998	
15	343.400	-69.998	
15	343.500	-69.998	
15	343.600	-69.998	
15	343.700	-69.998	
15	343.800	-69.998	
15	343.900	-69.998	
15	344.000	-69.998	
15	344.100	-69.998	
15	344.200	-69.998	
15	344.300	-69.998	
15	344.400	-69.998	
15	344.500	-69.998	
15	344.600	-69.998	
15	344.700	-69.998	
15	344.800	-69.998	
15	344.900	-69.998	
15	345.000	-69.998	
15	345.100	-69.998	
15	345.200	-69.998	
15	345.300	-69.998	
15	345.400	-69.998	
15	345.500	-69.998	
15	345.600	-69.998	
15	345.700	-69.998	
15	345.800	-69.998	
15	345.900	-69.998	
15	346.000	-69.998	
15	346.100	-69.998	
15	346.200	-69.998	
15	346.300	-69.998	
15	346.400	-69.998	
15	346.500	-69.998	
15	346.600	-69.998	
15	346.700	-69.998	
15	346.800	-69.998	
15	346.900	-69.998	
15	347.000	-69.998	
15	347.100	-69.998	
15	347.200	-69.998	
15	347.300	-69.998	
15	347.400	-69.998	
15	347.500	-69.998	
15	347.600	-69.998	
15	347.700	-69.998	
15	347.800	-69.998	
15	347.900	-69.998	
15	348.000	-69.998	
15	348.100	-69.998	
15	348.200	-69.998	
15	348.300	-69.998	
15	348.400	-69.998	
15	348.500	-69.998	
15	348.600	-69.998	
15	348.700	-69.998	
15	348.800	-69.998	
15	348.900	-69.998	
15	349.000	-69.998	
15	349.100	-69.998	
15	349.200	-69.998	
15	349.300	-69.998	
15	349.400	-69.998	
15	349.500	-69.998	
15	349.600	-69.998	
15	349.700	-69.998	
15	349.800	-69.998	
15	349.900	-69.998	
15	350.000	-69.998	
15	350.100	-69.998	
15	350.200	-69.998	
15	350.300	-69.998	
15	350.400	-69.998	
15	350.500	-69.998	
15	350.600	-69.998	
15	350.700	-69.998	
15	350.800	-69.998	
15	350.900	-69.998	
15	351.000	-69.998	
15	351.100	-69.998	
15	351.200	-69.998	
15	351.300	-69.998	
15	351.400	-69.998	
15	351.500	-69.998	
15	351.600	-69.998	
15	351.700	-69.998	
15	351.800	-69.998	
15	351.900	-69.998	
15	352.000	-69.998	
15	352.100	-69.998	
15	352.200	-69.998	
15	352.300	-69.998	
15	352.400	-69.998	
15	352.500	-69.998	
15	352.600	-69.998	
15	352.700	-69.998	
15	352.800	-69.998	
15	352.900	-69.998	
15	353.000	-69.998	
15	353.100	-69.998	
15	353.200	-69.998	
15	353.300	-69.998	
15	353.400	-69.998	
15	353.500	-69.998	
15	353.600	-69.998	
15	353.700	-69.998	
15	353.800	-69.998	
15	353.900	-69.998	
15	354.000	-69.998	
15	354.100	-69.998	
15	354.200	-69.998	
15	354.300	-69.998	
15	354.400	-69.998	
15	354.500	-69.998	
15	354.600	-69.998	
15	354.700	-69.998	
15	354.800	-69.998	
15	354.900	-69.998	
15	355.000	-69.998	
15	355.100	-69.998	
15	355.200	-69.998	
15	355.300	-69.998	
15	355.400	-69.998	
15	355.500	-69.998	
15	355.600	-69.998	
15	355.700	-69.998	
15	355.800	-69.998	
15	355.900	-69.998	
15	356.000	-69.998	
15	356.100	-69.998	
15	356.200	-69.998	
15	356.300	-69.998	
15	356.400	-69.998	
15	356.500	-69.998	
15	356.600	-69.998	
15	356.700	-69.998	
15	356.800	-69.998	
15	356.900	-69.998	
15	357.000	-69.998	
15	357.100	-69.998	
15	357.200	-69.998	
15	357.300	-69.998	
15	357.400	-69.998	
15	357.500	-69.998	
15	357.600	-69.998	
15	357.700	-69.998	
15	357.800	-69.998	
15	357.900	-69.998	
15	358.000	-69.998	
15	358.100	-69.998	
15	358.200	-69.998	
15	358.300	-69.998	
15	358.400	-69.998	
15	358.500	-69.998	
15	358.600	-69.998	
15	358.700	-69.998	
15	358.800	-69.998	
15	358.900	-69.998	
15	359.000	-69.998	
15	359.100	-69.998	
15	359.200	-69.998	
15	359.300	-69.998	
15	359.400	-69.998	
15	359.500	-69.998	
15	359.600	-69.998	
15	359.700	-69.998	
15	359.800	-69.998	
15	359.900	-69.998	
15	360.000	-69.998	
15	360.100	-69.998	
15	360.200	-69.998	
15	360.300	-69.998	
15	360.400	-69.998	
15	360.500	-69.998	
15	360.600	-69.998	
15	360.700	-69.998	
15	360.800	-69.998	
15	360.900	-69.998	
15	361.000	-69.998	
15	361.100	-69.998	
15	361.200	-69.998	
15	361.300	-69.998	
15	361.400	-69.998	
15	361.500	-69.998	
15	361.600	-69.998	
15	361.700	-69.998	
15	361.800	-69.998	
15	361.900	-69.998	
15	362.000	-69.998	
15	362.100	-69.998	
15	362.200	-69.998	
15	362.300	-69.998	
15	362.400	-69.998	
15	362.500	-69.998	
15	362.600	-69.998	
15	362.700	-69.998	
15	362.800	-69.998	
15	362.900	-69.998	
15	363.000	-69.998	
15	363.100	-69.998	
15	363.200	-69.998	
15	363.300	-69.998	
15	363.400	-69.998	
15	363.500	-69.998	
15	363.600	-69.998	
15	363.700	-69.998	
15	363.800	-69.998	
15	363.900	-69.998	
15	364.000	-69.998	
15	364.100	-69.998	
15	364.200	-69.998	
15	364.300	-69.998	
15	364.400	-69.998	
15	364.500	-69.998	
15	364.600	-69.998	
15	364.700	-69.998	
15	364.800	-69.998	
15	364.900	-69.998	
15	365.000	-69.998	
15	365.100	-69.998	
15	365.200	-69.998	
15	365.300	-69.998	
15	365.400	-69.998	
15	365.500	-69.998	
15	365.600	-69.998	
15	365.700	-69.998	
15	365.800	-69.998	
15	365.900	-69.998	
15	366.000	-69.998	
15	366.100	-69.998	
15	366.200	-69.998	
15	366.300	-69.998	
15	366.400	-69.998	
15	366.500	-69.998	
15	366.600	-69.998	
15	366.700	-69.998	
15	366.800	-69.998	
15	366.900	-69.998	
15	367.000	-69.998	
15	367.100	-69.998	
15	367.200	-69.998	
15	367.300	-69.998	
15	367.400	-69.998	
15	367.500	-69.998	
15	367.600	-69.998	
15	367.700	-69.998	
15	367.800	-69.998	
15	367.900	-69.998	
15	368.000	-69.998	
15	368.100	-69.998	
15	368.200	-69.998	
15	368.300	-69.998	
15	368.400	-69.998	
15	368.500	-69.998	
15	368.600	-69.998	
15	368.700	-69.998	
15	368.800	-69.998	
15	368.900	-69.998	
15	369.000	-69.998	
15	369.100	-69.998	
15	369.200	-69.998	
15	369.300	-69.998	
15	369.400	-69.998	
15	369.500	-69.998	
15	369.600	-69.998	
15	369.700	-69.998	
15	369.800	-69.998	
15	369.900	-69.998	
15	370.000	-69.998	
15	370.100	-69.998	
15	370.200	-69.998	
15	370.300	-69.998	
15	370.400	-69.998	
15	370.500	-69.998	
15	370.600	-69.998	
15	370.700	-69.998	
15	370.800	-69.998	
15	370.900	-69.998	
15	371.000	-69.998	
15	371.100	-69.998	
15	371.200	-69.998	
15	371.300	-69.998	
15	371.400	-69.998	
15	371.500	-69.998	
15	371.600	-69.998	
15	371.700	-69.998	
15	371.800	-69.998	
15	371.900	-69.998	
15	372.000	-69.998	
15	372.100	-69.998	
15	372.200	-69.998	
15	372.300	-69.998	
15	372.400	-69.998	
15	372.500	-69.998	
15	372.600	-69.998	
15	372.700	-69.998	
15	372.800	-69.998	
15	372.900	-69.998	
15	373.000	-69.998	
15	373.100	-69.998	
15	373.200	-69.998	
15	373.300	-69.998	
15	373.400	-69.998	
15	373.500	-69.998	
15	373.600	-69.998	
15	373.700	-69.998	
15	373.800	-69.998	
15	373.900	-69.998	
15	374.000	-69.998	
15	374.100	-69.998	
15	374.200	-69.998	
15	374.300	-69.998	
15	374.400	-69.998	
15	374.500	-69.998	
15	374.600	-69.998	
15	374.700	-69.998	
15	374.800	-69.998	
15	374.900	-69.998	
15	375.000	-69.998	
15	375.100	-69.998	
15	375.200	-69.998	
15	375.300	-69.998	
15	375.400	-69.998	
15	375.500	-69.998	
15	375.600	-69.998	
15	375.700	-69.998	
15	375.800	-69.998	
15	375.900	-69.998	
15	376.000	-69.998	
15	376.100	-69.998	
15	376.200	-69.998	
15	376.300	-69.998	
15	376.400	-69.998	
15	376.500	-69.998	
15	376.600	-69.998	
15	376.700	-69.998	
15	376.800	-69.998	
15	376.900	-69.998	
15	377.000	-69.998	
15	377.100	-69.998	
15	377.200	-69.998	
15	377.300	-69.998	
15	377.400	-69.998	
15	377.500	-69.998	
15	377.600	-69.998	
15	377.700	-69.998	
15	377.800	-69.998	
15	377.900	-69.998	
15	378.000	-69.998	
15	378.100	-69.998	
15	378.200	-69.998	
15	378.300	-69.998	
15	378.400	-69.998	
15	378.500	-69.998	
15	378.600	-69.998	
15	378.700	-69.998	
15	378.800	-69.998	
15	378.900	-69.998	
15	379.000	-69.998	
15	379.100	-69.998	
15	379.200	-69.998	
15	379.300	-69.998	
15	379.400	-69.998	
15	379.500	-69.998	
15	379.600	-69.998	
15	379.700	-69.998	
15	379.800	-69.998	
15	379.900	-69.998	
15	380.000	-69.998	
15	380.100	-69.998	
15	380.200	-69.998	
15	380.300	-69.998	
15	380.400	-69.998	
15	380.500	-69.998	
15	380.600	-69.998	
15	380.700	-69.998	
15	380.800	-69.998	
15	380.900	-69.998	
15	381.000	-69.998	
15	381.100	-69.998	
15	381.200	-69.998	
15	381.300	-69.998	
15	381.400	-69.998	
15	381.500	-69.998	
15	381.600	-69.998	
15	381.700	-69.998	
15	381.800	-69.998	
15	381.900	-69.998	
15	382.000	-69.998	
15	382.100	-69.998	
15	382.200	-69.998	
15	382.300	-69.998	
15	382.400	-69.998	
15	382.500	-69.998	
15	382.600	-69.998	
15	382.700	-69.998	
15	382.800	-69.998	
15	382.900	-69.998	
15	383.000	-69.998	
15	383.100	-69.998	
15	383.200	-69.998	
15	383.300	-69.998	
15	383.400	-69.998	
15	383.500	-69.998	
15	383.600	-69.998	
15	383.700	-69.998	
15	383.800	-69.998	
15	383.900	-69.998	
15	384.000	-69.998	
15	384.100	-69.998	
15	384.200	-69.998	
15	384.300	-69.998	
15	384.400	-69.998	
15	384.500	-69.998	
15	384.600	-69.998	
15	384.700	-69.998	
15	384.800	-69.998	
15	384.900	-69.998	
15	385.000	-69.998	
15	385.100	-69.998	
15	385.200	-69.998	
15	385.300	-69.998	
15	385.400	-69.998	
15	385.500	-69.998	
15	385.600	-69.998	
15	385.700	-69.998	
15	385.800	-69.998	
15	385.900	-69.998	
15	386.000	-69.998	
15	386.100	-69.998	
15	386.200	-69.998	
15	386.300	-69.998	
15	386.400	-69.998	
15	386.500	-69.998	
15	386.600	-69.998	
15	386.700	-69.998	
15	386.800	-69.998	
15	386.900	-69.998	
15	387.000	-69.998	
15	387.100	-69.998	
15	387.200	-69.998	
15	387.300	-69.998	
15	387.400	-69.998	
15	387.500	-69.998	
15	387.600	-69.998	
15	387.700	-69.998	
15	387.800	-69.998	
15	387.900	-69.998	
15	388.000	-69.998	
15	388.100	-69.998	
15	388.200	-69.998	
15	388.300	-69.998	
15	388.400	-69.998	
15	388.500	-69.998	
15	388.600	-69.998	
15	388.700	-69.998	
15	388.800	-69.998	
15	388.900	-69.998	
15	389.000	-69.998	
15	389.100	-69.998	
15	389.200	-69.998	
15	389.300	-69.998	
15	389.400	-69.998	
15	389.500	-69.998	
15	389.600	-69.998	
15	389.700	-69.998	
15	389.800	-69.998	
15	389.900	-69.998	
15	390.000	-69.998	
15	390.100	-69.998	
15	390.200	-69.998	
15	390.300	-69.998	
15	390.400	-69.998	
15	390.500	-69.998	
15	390.600	-69.998	
15	390.700	-69.998	
15	390.800	-69.998	
15	390.900	-69.998	
15	391.000	-69.998	
15	391.100	-69.998	
15	391.200	-69.998	
15	391.300	-69.998	
15	391.400	-69.998	
15	391.500	-69.998	
15	391.600	-69.998	
15	391.700	-69.998	
15	391.800	-69.998	
15	391.900	-69.998	
15	392.000	-69.998	
15	392.100	-69.998	
15	392.200	-69.998	
15	392.300	-69.998	
15	392.400	-69.998	
15	392.500	-69.998	
15	392.600	-69.998	
15	392.700	-69.998	
15	392.800	-69.998	
15	392.900	-69.998	
15	393.000	-69.998	
15	393.100	-69.998	
15	393.200	-69.998	
15	393.300	-69.998	
15	393.400	-69.998	
15	393.500	-69.998	
15	393.600	-69.998	
15	393.700	-69.998	
15	393.800	-69.998	
15	393.900	-69.998	
15	394.000	-69.998	
15	394.100	-69.998	
15	394.200	-69.998	
15	394.300	-69.998	
15	394.400	-69.998	
15	394.500	-69.998	
15	394.600	-69.998	
15	394.700	-69.998	
15	394.800	-69.998	
15	394.900	-69.998	
15	395.000	-69.998	
15	395.100	-69.998	
15	395.200	-69.998	
15	395.300	-69.998	
15	395.400	-69.998	
15	395.500	-69.998	
15	395.600	-69.998	
15	395.700	-69.998	
15	395.800	-69.998	
15	395.900	-69.998	
15	396.000	-69.998	
15	396.100	-69.998	
15	396.200	-69.998	
15	396.300	-69.998	
15	396.400	-69.998	
15	396.500	-69.998	
15	396.600	-69.998	
15	396.700	-69.998	
15	396.800	-69.998	
15	396.900	-69.998	
15	397.000	-69.998	
15	397.100	-69.998	
15	397.200	-69.998	
15	397.300	-69.998	
15	397.400	-69.998	
15	397.500	-69.998	
15	397.600	-69.998	
15	397.700	-69.998	
15	397.800	-69.998	
15	397.900	-69.998	
15	398.000	-69.998	
15	398.100	-69.998	
15	398.200	-69.998	
15	398.300	-69.998	
15	398.400	-69.998	
15	398.500	-69.998	
15	398.600	-69.998	
15	398.700	-69.998	
15	398.800	-69.998	
15	398.900	-69.998	
15	399.000	-69.998	
15	399.100	-69.998	
15	399.200	-69.998	
15	399.300	-69.998	
15	399.400	-69.998	
15	399.500	-69.998	
15	399.600	-69.998	
15	399.700	-69.998	
15	399.800	-69.998	
15	399.900	-69.998	
15	400.000	-69.998	
15	400.100	-69.998	
15	400.200	-69.998	
15	400.300	-69.998	
15	400.400	-69.998	
15	400.500	-69.998	
15	400.600	-69.998	
15	400.700	-69.998	
15	400.800	-69.998	
15	400.900	-69.998	
15	401.000	-69.998	
15	401.100	-69.998	
15	401.200	-69.998	
15	401.300	-69.998	
15	401.400	-69.998	
15	401.500	-69.998	
15	401.600	-69.998	
15	401.700	-69.998	
15	401.800	-69.998	
15	401.900	-69.998	
15	402.000	-69.998	
15	402.100	-69.998	
15	402.200	-69.998	
15	402.300	-69.998	
15	402.400	-69.998	
15	402.500	-69.998	
15	402.600	-69.998	
15	402.700	-69.998	
15	402.800	-69.998	
15	402.900	-69.998	
15	403.000	-69.998	
15	403.100	-69.998	
15	403.200	-69.998	
15	403.300	-69.998	
15	403.400	-69.998	
15	403.500	-69.998	
15	403.600	-69.998	
15	403.700	-69.998	
15	403.800	-69.998	
15	403.900	-69.998	
15	404.000	-69.998	
15	404.100	-69.998	
15	404.200	-69.998	
15	404.300	-69.998	
15	404.400	-69.998	
15	404.500	-69.998	
15	404.600	-69.998	
15	404.700	-69.998	
15	404.800	-69.998	
15	404.900	-69.998	
15	405.000	-69.998	
15	405.100	-69.998	
15	405.200	-69.998	
15	405.300	-69.998	
15	405.400	-69.998	
15	405.500	-69.998	
15	405.600	-69.998	
15	405.700	-69.998	
15	405.800	-69.998	
15	405.900	-69.998	
15	406.000	-69.998	
15	406.100	-69.998	
15	406.200	-69.998	
15	406.300	-69.998	
15	406.400	-69.998	
15	406.500	-69.998	
15	406.600	-69.998	
15	406.700	-69.998	
15	406.800	-69.998	
15	406.900	-69.998	
15	407.000	-69.998	
15	407.100	-69.998	
15	407.200	-69.998	
15	407.300	-69.998	
15	407.400	-69.998	
15	407.500	-69.998	
15	407.600	-69.998	
15	407.700	-69.998	
15	407.800	-69.998	
15	407.900	-69.998	
15	408.000	-69.998	
15	408.100	-69.998	
15	408.200	-69.998	
15	408.300	-69.998	
15	408.400	-69.998	
15	408.500	-69.998	
15	408.600	-69.998	
15	408.700	-69.998	
15	408.800	-69.998	
15	408.900	-69.998	
15	409.000	-69.998	
15	409.100	-69.998	
15	409.200	-69.998	
15	409.300	-69.998	
15	409.400	-69.998	
15	409.500	-69.998	
15	409.600	-69.998	
15	409.700	-69.998	
15	409.800	-69.998	
15	409.900	-69.998	
15	410.000	-69.998	
15	410.100	-69.998	
15	410.200	-69.998	
15	410.300	-69.998	
15	410.400	-69.998	
15	410.500	-69.998	
15	410.600	-69.998	
15	410.700	-69.998	
15	410.800	-69.998	
15	410.900	-69.998	
15	411.000	-69.998	
15	411.100	-69.998	
15	411.200	-69.998	
15	411.300	-69.998	
15	411.400	-69.998	
15	411.500	-69.998	
15	411.600	-69.998	
15	411.700	-69.998	
15	411.800	-69.998	
15	411.900	-69.998	
15	412.000	-69.998	
15	412.100	-69.998	
15	412.200	-69.998	
15	412.300	-69.998	
15	412.400	-69.998	
15	412.500	-69.998	
15	412.600	-69.998	
15	412.700	-69.998	
15	412.800	-69.998	
15	412.900	-69.998	
15	413.000	-69.998	
15	413.100	-69.998	
15	413.200	-69.998	
15	413.300	-69.998	
15	413.400	-69.998	
15	413.500	-69.998	
15	413.600	-69.998	
15	413.700	-69.998	
15	413.800	-69.998	
15	413.900	-69.998	
15	414.000	-69.998	
15	414.100	-69.998	
15	414.200	-69.998	
15	414.300	-69.998	
15	414.400	-69.998	
15	414.500	-69.998	
15	414.600	-69.998	
15	414.700	-69.998	
15	414.800	-69.998	
15	414.900	-69.998	
15	415.000	-69.998	
15	415.100	-69.998	
15	415.200	-69.998	
15	415.300	-69.998	
15	415.400	-69.998	
15	415.500	-69.998	
15	415.600	-69.998	
15	415.700	-69.998	
15	415.800	-69.998	
15	415.900	-69.998	
15	416.000	-69.998	
15	416.100	-69.998	
15	416.200	-69.998	
15	416.300	-69.998	
15	416.400	-69.998	
15	416.500	-69.998	
15	416.600	-69.998	
15	416.700	-69.998	
15	416.800	-69.998	
15	416.900	-69.998	
15	417.000	-69.998	
15	417.100	-69.998	
15	417.200	-69.998	
15	417.300	-69.998	
15	417.400	-69.998	
15	417.500	-69.998	
15	417.600	-69.998	
15	417.700	-69.998	
15	417.800	-69.998	
15	417.900	-69.998	
15	418.000	-69.998	
15	418.100	-69.998	
15	418.200	-69.998	
15	418.300	-69.998	
15	418.400	-69.998	
15	418.500	-69.998	
15	418.600	-69.998	
15	418.700	-69.998	
15	418.800	-69.998	
15	418.900	-69.998	
15	419.000	-69.998	
15	419.100	-69.998	
15	419.200	-69.998	
15	419.300	-69.998	
15	419.400	-69.998	
15	419.500	-69.998	
15	419.600	-69.998	
15	419.700	-69.998	
15	419.800	-69.998	
15	419.900	-69.998	
15	420.000	-69.998	
15	420.100	-69.998	
15	420.200	-69.998	
15	420.300	-69.998	
15	420.400	-69.998	
15	420.500	-69.998	
15	420.600	-69.998	
15	420.700	-69.998	
15	420.800	-69.998	
15	420.900	-69.998	
15	421.000	-69.998	
15	421.100	-69.998	
15	421.200	-69.998	
15	421.300	-69.998	
15	421.400	-69.998	
15	421.500	-69.998	
15	421.600	-69.998	
15	421.700	-69.998	
15	421.800	-69.998	
15	421.900	-69.998	
15	422.000	-69.998	
15	422.100	-69.998	
15	422.200	-69.998	
15	422.300	-69.998	
15	422.400	-69.998	
15	422.500	-69.998	
15	422.600	-69.998	
15	422.700	-69.998	
15	422.800	-69.998	
15	422.900	-69.998	
15	423.000	-69.998	
15	423.100	-69.998	
15	423.200	-69.998	
15	423.300	-69.998	
15	423.400	-69.998	
15	423.500	-69.998	
15	423.600	-69.998	
15	423.700	-69.998	
15	423.800	-69.998	
15	423.900	-69.998	
15	424.000	-69.998	
15	424.100	-69.998	
15	424.200	-69.998	
15	424.300	-69.998	
15	424.400	-69.998	
15	424.500	-69.998	
15	424.600	-69.998	
15	424.700	-69.998	
15	424.800	-69.998	
15	424.900	-69.998	
15	425.000	-69.998	
15	425.100	-69.998	
15	425.200	-69.998	
15	425.300	-69.998	
15	425.400	-69.998	
15	425.500	-69.998	
15	425.600	-69.998	
15	425.700	-69.998	
15	425.800	-69.998	
15	425.900	-69.998	
15	426.000	-69.998	
15	426.100	-69.998	
15	426.200	-69.998	
15	426.300	-69.998	
15	426.400	-69.998	
15	426.500	-69.998	
15	426.600	-69.998	
15	426.700	-69.998	
15	426.800	-69.998	
15	426.900	-69.998	
15	427.000	-69.998	
15	427.100	-69.998	
15	427.200	-69.998	
15	427.300	-69.998	
15	427.400	-69.998	
15	427.500	-69.998	
15	427.600	-69.998	
15	427.700	-69.998	
15	427.800	-69.998	
15	427.900	-69.998	
15	428.000	-69.998	
15	428.100	-69.998	
15	428.200	-69.998	
15	428.300	-69.998	
15	428.400	-69.998	
15	428.500	-69.998	
15	428.600	-69.998	
15	428.700	-69.998	
15	428.800	-69.998	
15	428.900	-69.998	
15	429.000	-69.998	
15	429.100	-69.998	
15	429.200	-69.998	
15	429.300	-69.998	
15	429.400	-69.998	
15	429.500	-69.998	
15	429.600	-69.998	
15	429.700	-69.998	
15	429.800	-69.998	
15	429.900	-69.998	
15	430.000	-69.998	
15	430.100	-69.998	
15	430.200	-69.998	
15	430.300	-69.998	
15	430.400	-69.998	
15	430.500	-69.998	
15	430.600	-69.998	
15	430.700	-69.998	
15	430.800	-69.998	
15	430.900	-69.998	
15	431.000	-69.998	
15	431.100	-69.998	
15	431.200	-69.998	
15	431.300	-69.998	
15	431.400	-69.998	
15	431.500	-69.998	
15	431.600	-69.998	
15	431.700	-69.998	
15	431.800	-69.998	
15	431.900	-69.998	
15	432.000	-69.998	
15	432.100	-69.998	
15	432.200	-69.998	
15	432.300	-69.998	
15	432.400	-69.998	
15	432.500	-69.998	
15	432.600	-69.998	
15	432.700	-69.998	
15	432.800	-69.998	
15	432.900	-69.998	
15	433.000	-69.998	
15	433.100	-69.998	
15	433.200	-69.998	
15	433.300	-69.998	
15	433.400	-69.998	
15	433.500	-69.998	
15	433.600	-69.998	
15	433.700	-69.998	
15	433.800	-69.998	
15	433.900	-69.998	
15	434.000	-69.998	
15	434.100	-69.998	
15	434.200	-69.998	
15	434.300	-69.998	
15	434.400	-69.998	
15	434.500	-69.998	
15	434.600	-69.998	
15	434.700	-69.998	
15	434.800	-69.998	
15	434.900	-69.998	
15	435.000	-69.998	
15	435.100	-69.998	
15	435.200	-69.998	
15	435.300	-69.998	
15	435.400	-69.998	
15	435.500	-69.998	
15	435.600	-69.998	
15	435.700	-69.998	
15	435.800	-69.998	
15	435.900	-69.998	
15	436.000	-69.998	
15	436.100	-69.998	
15	436.200	-69.998	
15	436.300	-69.998	
15	436.400	-69.998	
15	436.500	-69.998	
15	436.600	-69.998	
15	436.700	-69.998	
15	436.800	-69.998	
15	436.900	-69.998	
15	437.000	-69.998	
15	437.100	-69.998	
15	437.200	-69.998	
15	437.300	-69.998	
15	437.400	-69.998	
15	437.500	-69.998	
15	437.600	-69.998	
15	437.700	-69.998	
15	437.800	-69.998	
15	437.900	-69.998	
15	438.000	-69.998	
15	438.100	-69.998	
15	438.200	-69.998	
15	438.300	-69.998	
15	438.400	-69.998	
15	438.500	-69.998	
15	438.600	-69.998	
15	438.700	-69.998	
15	438.800	-69.998	
15	438.900	-69.998	
15	439.000	-69.998	
15	439.100	-69.998	
15	439.200	-69.998	
15	439.300	-69.998	
15	439.400	-69.998	
15	439.500	-69.998	
15	439.600	-69.998	
15	439.700	-69.998	
15	439.800	-69.998	
15	439.900	-69.998	
15	440.000	-69.998	
15	440.100	-69.998	
15	440.200	-69.998	
15	440.300	-69.998	
15	440.400	-69.998	
15	440.500	-69.998	
15	440.600	-69.998	
15	440.700	-69.998	
15	440.800	-69.998	
15	440.900	-69.998	
15	441.000	-69.998	
15	441.100	-69.998	
15	441.200	-69.998	
15	441.300	-69.998	
15	441.400	-69.998	
15	441.500	-69.998	
15	441.600	-69.998	
15	441.700	-69.998	
15	441.800	-69.998	
15	441.900	-69.998	
15	442.000	-69.998	
15	442.100	-69.998	
15	442.200	-69.998	
15	442.300	-69.998	
15	442.400	-69.998	
15	442.500	-69.998	
15	442.600	-69.998	
15	442.700	-69.998	
15	442.800	-69.998	
15	442.900	-69.998	
15	443.000	-69.998	
15	443.100	-69.998	
15	443.200	-69.998	
15	443.300	-69.998	
15	443.400	-69.998	
15	443.500	-69.998	
15	443.600	-69.998	
15	443.700	-69.998	
15	443.800	-69.998	
15	443.900	-69.998	
15	444.000	-69.998	
15	444.100	-69.998	
15	444.200	-69.998	
15	444.300	-69.998	
15	444.400	-69.998	
15	444.500	-69.998	
15	444.600	-69.998	
15	444.700	-69.998	
15	444.800	-69.998	
15	444.900	-69.998	
15	445.000	-69.998	
15	445.100	-69.998	
15	445.200	-69.998	
15	445.300	-69.998	
15	445.400	-69.998	
15	445.500	-69.998	
15	445.600	-69.998	
15	445.700	-69.998	
15	445.800	-69.998	
15	445.900	-69.998	
15	446.000	-69.998	
15	446.100	-69.998	
15	446.200	-69.998	
15	446.300	-69.998	
15	446.400	-69.998	
15	446.500	-69.998	
15	446.600	-69.998	
15	446.700	-69.998	
15	446.800	-69.998	
15	446.900	-69.998	
15	447.000	-69.998	
15	447.100	-69.998	
15	447.200	-69.998	
15	447.300	-69.998	
15	447.400	-69.998	
15	447.500	-69.998	
15	447.600	-69.998	
15	447.700	-69.998	
15	447.800	-69.998	
15	447.900	-69.998	
15	448.000	-69.998	
15	448.100	-69.998	
15	448.200	-69.998	
15	448.300	-69.998	
15	448.400	-69.998	
15	448.500	-69.998	
15	448.600	-69.998	
15	448.700	-69.998	
15	448.800	-69.998	
15	448.900	-69.998	
15	449.000	-69.998	
