29	0.100	-70.000	
29	0.200	-70.000	
29	0.300	-70.000	
29	0.400	-70.000	
29	0.500	-70.000	
29	0.600	-70.000	
29	0.700	-70.000	
29	0.800	-70.000	
29	0.900	-70.000	
29	1.000	-70.000	
29	1.100	-70.000	
29	1.200	-70.000	
29	1.300	-70.000	
29	1.400	-70.000	
29	1.500	-70.000	
29	1.600	-70.000	
29	1.700	-70.000	
29	1.800	-69.999	
29	1.900	-69.999	
29	2.000	-69.999	
29	2.100	-69.999	
29	2.200	-69.999	
29	2.300	-69.999	
29	2.400	-69.999	
29	2.500	-69.999	
29	2.600	-69.999	
29	2.700	-69.999	
29	2.800	-69.999	
29	2.900	-69.999	
29	3.000	-69.999	
29	3.100	-69.999	
29	3.200	-69.999	
29	3.300	-69.999	
29	3.400	-69.999	
29	3.500	-69.999	
29	3.600	-69.999	
29	3.700	-69.999	
29	3.800	-69.999	
29	3.900	-69.999	
29	4.000	-69.999	
29	4.100	-69.999	
29	4.200	-69.999	
29	4.300	-69.999	
29	4.400	-69.999	
29	4.500	-69.999	
29	4.600	-69.999	
29	4.700	-69.999	
29	4.800	-69.999	
29	4.900	-69.999	
29	5.000	-69.999	
29	5.100	-69.999	
29	5.200	-69.999	
29	5.300	-69.999	
29	5.400	-69.999	
29	5.500	-69.999	
29	5.600	-69.999	
29	5.700	-69.999	
29	5.800	-69.999	
29	5.900	-69.999	
29	6.000	-69.999	
29	6.100	-69.999	
29	6.200	-69.999	
29	6.300	-69.999	
29	6.400	-69.999	
29	6.500	-69.999	
29	6.600	-69.999	
29	6.700	-69.999	
29	6.800	-69.999	
29	6.900	-69.999	
29	7.000	-69.999	
29	7.100	-69.999	
29	7.200	-69.999	
29	7.300	-69.999	
29	7.400	-69.999	
29	7.500	-69.999	
29	7.600	-69.999	
29	7.700	-69.999	
29	7.800	-69.999	
29	7.900	-69.999	
29	8.000	-69.999	
29	8.100	-69.999	
29	8.200	-69.999	
29	8.300	-69.999	
29	8.400	-69.999	
29	8.500	-69.999	
29	8.600	-69.999	
29	8.700	-69.999	
29	8.800	-69.999	
29	8.900	-69.999	
29	9.000	-69.999	
29	9.100	-69.999	
29	9.200	-69.999	
29	9.300	-69.999	
29	9.400	-69.999	
29	9.500	-69.999	
29	9.600	-69.999	
29	9.700	-69.999	
29	9.800	-69.999	
29	9.900	-69.998	
29	10.000	-69.998	
29	10.100	-69.998	
29	10.200	-69.998	
29	10.300	-69.998	
29	10.400	-69.998	
29	10.500	-69.998	
29	10.600	-69.998	
29	10.700	-69.998	
29	10.800	-69.998	
29	10.900	-69.998	
29	11.000	-69.998	
29	11.100	-69.998	
29	11.200	-69.998	
29	11.300	-69.998	
29	11.400	-69.998	
29	11.500	-69.998	
29	11.600	-69.998	
29	11.700	-69.998	
29	11.800	-69.998	
29	11.900	-69.998	
29	12.000	-69.998	
29	12.100	-69.998	
29	12.200	-69.998	
29	12.300	-69.998	
29	12.400	-69.998	
29	12.500	-69.998	
29	12.600	-69.998	
29	12.700	-69.998	
29	12.800	-69.998	
29	12.900	-69.998	
29	13.000	-69.998	
29	13.100	-69.998	
29	13.200	-69.998	
29	13.300	-69.998	
29	13.400	-69.998	
29	13.500	-69.998	
29	13.600	-69.998	
29	13.700	-69.998	
29	13.800	-69.998	
29	13.900	-69.998	
29	14.000	-69.998	
29	14.100	-69.998	
29	14.200	-69.998	
29	14.300	-69.998	
29	14.400	-69.998	
29	14.500	-69.998	
29	14.600	-69.998	
29	14.700	-69.998	
29	14.800	-69.998	
29	14.900	-69.998	
29	15.000	-69.998	
29	15.100	-69.998	
29	15.200	-69.998	
29	15.300	-69.998	
29	15.400	-69.998	
29	15.500	-69.998	
29	15.600	-69.998	
29	15.700	-69.998	
29	15.800	-69.998	
29	15.900	-69.998	
29	16.000	-69.998	
29	16.100	-69.998	
29	16.200	-69.998	
29	16.300	-69.998	
29	16.400	-69.998	
29	16.500	-69.998	
29	16.600	-69.998	
29	16.700	-69.998	
29	16.800	-69.998	
29	16.900	-69.998	
29	17.000	-69.998	
29	17.100	-69.998	
29	17.200	-69.998	
29	17.300	-69.998	
29	17.400	-69.998	
29	17.500	-69.998	
29	17.600	-69.998	
29	17.700	-69.998	
29	17.800	-69.998	
29	17.900	-69.998	
29	18.000	-69.998	
29	18.100	-69.998	
29	18.200	-69.998	
29	18.300	-69.998	
29	18.400	-69.998	
29	18.500	-69.998	
29	18.600	-69.998	
29	18.700	-69.998	
29	18.800	-69.998	
29	18.900	-69.998	
29	19.000	-69.998	
29	19.100	-69.998	
29	19.200	-69.998	
29	19.300	-69.998	
29	19.400	-69.998	
29	19.500	-69.998	
29	19.600	-69.998	
29	19.700	-69.998	
29	19.800	-69.998	
29	19.900	-69.998	
29	20.000	-69.998	
29	20.100	-69.998	
29	20.200	-69.998	
29	20.300	-69.998	
29	20.400	-69.998	
29	20.500	-69.998	
29	20.600	-69.998	
29	20.700	-69.998	
29	20.800	-69.998	
29	20.900	-69.998	
29	21.000	-69.998	
29	21.100	-69.998	
29	21.200	-69.998	
29	21.300	-69.998	
29	21.400	-69.998	
29	21.500	-69.998	
29	21.600	-69.998	
29	21.700	-69.998	
29	21.800	-69.998	
29	21.900	-69.998	
29	22.000	-69.998	
29	22.100	-69.998	
29	22.200	-69.998	
29	22.300	-69.998	
29	22.400	-69.998	
29	22.500	-69.998	
29	22.600	-69.998	
29	22.700	-69.998	
29	22.800	-69.998	
29	22.900	-69.998	
29	23.000	-69.998	
29	23.100	-69.998	
29	23.200	-69.998	
29	23.300	-69.998	
29	23.400	-69.998	
29	23.500	-69.998	
29	23.600	-69.998	
29	23.700	-69.998	
29	23.800	-69.998	
29	23.900	-69.998	
29	24.000	-69.998	
29	24.100	-69.998	
29	24.200	-69.998	
29	24.300	-69.998	
29	24.400	-69.998	
29	24.500	-69.998	
29	24.600	-69.998	
29	24.700	-69.998	
29	24.800	-69.998	
29	24.900	-69.998	
29	25.000	-69.998	
29	25.100	-69.998	
29	25.200	-69.998	
29	25.300	-69.998	
29	25.400	-69.998	
29	25.500	-69.998	
29	25.600	-69.998	
29	25.700	-69.998	
29	25.800	-69.998	
29	25.900	-69.998	
29	26.000	-69.998	
29	26.100	-69.998	
29	26.200	-69.998	
29	26.300	-69.998	
29	26.400	-69.998	
29	26.500	-69.998	
29	26.600	-69.998	
29	26.700	-69.998	
29	26.800	-69.998	
29	26.900	-69.998	
29	27.000	-69.998	
29	27.100	-69.998	
29	27.200	-69.998	
29	27.300	-69.998	
29	27.400	-69.998	
29	27.500	-69.998	
29	27.600	-69.998	
29	27.700	-69.998	
29	27.800	-69.998	
29	27.900	-69.998	
29	28.000	-69.998	
29	28.100	-69.998	
29	28.200	-69.998	
29	28.300	-69.998	
29	28.400	-69.998	
29	28.500	-69.998	
29	28.600	-69.998	
29	28.700	-69.998	
29	28.800	-69.998	
29	28.900	-69.998	
29	29.000	-69.998	
29	29.100	-69.998	
29	29.200	-69.998	
29	29.300	-69.998	
29	29.400	-69.998	
29	29.500	-69.998	
29	29.600	-69.998	
29	29.700	-69.998	
29	29.800	-69.998	
29	29.900	-69.998	
29	30.000	-69.998	
29	30.100	-69.998	
29	30.200	-69.998	
29	30.300	-69.998	
29	30.400	-69.998	
29	30.500	-69.998	
29	30.600	-69.998	
29	30.700	-69.998	
29	30.800	-69.998	
29	30.900	-69.998	
29	31.000	-69.998	
29	31.100	-69.998	
29	31.200	-69.998	
29	31.300	-69.998	
29	31.400	-69.998	
29	31.500	-69.998	
29	31.600	-69.998	
29	31.700	-69.998	
29	31.800	-69.998	
29	31.900	-69.998	
29	32.000	-69.998	
29	32.100	-69.998	
29	32.200	-69.998	
29	32.300	-69.998	
29	32.400	-69.998	
29	32.500	-69.998	
29	32.600	-69.998	
29	32.700	-69.998	
29	32.800	-69.998	
29	32.900	-69.998	
29	33.000	-69.998	
29	33.100	-69.998	
29	33.200	-69.998	
29	33.300	-69.998	
29	33.400	-69.998	
29	33.500	-69.998	
29	33.600	-69.998	
29	33.700	-69.998	
29	33.800	-69.998	
29	33.900	-69.998	
29	34.000	-69.998	
29	34.100	-69.998	
29	34.200	-69.998	
29	34.300	-69.998	
29	34.400	-69.998	
29	34.500	-69.998	
29	34.600	-69.998	
29	34.700	-69.998	
29	34.800	-69.998	
29	34.900	-69.998	
29	35.000	-69.998	
29	35.100	-69.998	
29	35.200	-69.998	
29	35.300	-69.998	
29	35.400	-69.998	
29	35.500	-69.998	
29	35.600	-69.998	
29	35.700	-69.998	
29	35.800	-69.998	
29	35.900	-69.998	
29	36.000	-69.998	
29	36.100	-69.998	
29	36.200	-69.998	
29	36.300	-69.998	
29	36.400	-69.998	
29	36.500	-69.998	
29	36.600	-69.998	
29	36.700	-69.998	
29	36.800	-69.998	
29	36.900	-69.998	
29	37.000	-69.998	
29	37.100	-69.998	
29	37.200	-69.998	
29	37.300	-69.998	
29	37.400	-69.998	
29	37.500	-69.998	
29	37.600	-69.998	
29	37.700	-69.998	
29	37.800	-69.998	
29	37.900	-69.998	
29	38.000	-69.998	
29	38.100	-69.998	
29	38.200	-69.998	
29	38.300	-69.998	
29	38.400	-69.998	
29	38.500	-69.998	
29	38.600	-69.998	
29	38.700	-69.998	
29	38.800	-69.998	
29	38.900	-69.998	
29	39.000	-69.998	
29	39.100	-69.998	
29	39.200	-69.998	
29	39.300	-69.998	
29	39.400	-69.998	
29	39.500	-69.998	
29	39.600	-69.998	
29	39.700	-69.998	
29	39.800	-69.998	
29	39.900	-69.998	
29	40.000	-69.998	
29	40.100	-69.998	
29	40.200	-69.998	
29	40.300	-69.998	
29	40.400	-69.998	
29	40.500	-69.998	
29	40.600	-69.998	
29	40.700	-69.998	
29	40.800	-69.998	
29	40.900	-69.998	
29	41.000	-69.998	
29	41.100	-69.998	
29	41.200	-69.998	
29	41.300	-69.998	
29	41.400	-69.998	
29	41.500	-69.998	
29	41.600	-69.998	
29	41.700	-69.998	
29	41.800	-69.998	
29	41.900	-69.998	
29	42.000	-69.998	
29	42.100	-69.998	
29	42.200	-69.998	
29	42.300	-69.998	
29	42.400	-69.998	
29	42.500	-69.998	
29	42.600	-69.998	
29	42.700	-69.998	
29	42.800	-69.998	
29	42.900	-69.998	
29	43.000	-69.998	
29	43.100	-69.998	
29	43.200	-69.998	
29	43.300	-69.998	
29	43.400	-69.998	
29	43.500	-69.998	
29	43.600	-69.998	
29	43.700	-69.998	
29	43.800	-69.998	
29	43.900	-69.998	
29	44.000	-69.998	
29	44.100	-69.998	
29	44.200	-69.998	
29	44.300	-69.998	
29	44.400	-69.998	
29	44.500	-69.998	
29	44.600	-69.998	
29	44.700	-69.998	
29	44.800	-69.998	
29	44.900	-69.998	
29	45.000	-69.998	
29	45.100	-69.998	
29	45.200	-69.998	
29	45.300	-69.998	
29	45.400	-69.998	
29	45.500	-69.998	
29	45.600	-69.998	
29	45.700	-69.998	
29	45.800	-69.998	
29	45.900	-69.998	
29	46.000	-69.998	
29	46.100	-69.998	
29	46.200	-69.998	
29	46.300	-69.998	
29	46.400	-69.998	
29	46.500	-69.998	
29	46.600	-69.998	
29	46.700	-69.998	
29	46.800	-69.998	
29	46.900	-69.998	
29	47.000	-69.998	
29	47.100	-69.998	
29	47.200	-69.998	
29	47.300	-69.998	
29	47.400	-69.998	
29	47.500	-69.998	
29	47.600	-69.998	
29	47.700	-69.998	
29	47.800	-69.998	
29	47.900	-69.998	
29	48.000	-69.998	
29	48.100	-69.998	
29	48.200	-69.998	
29	48.300	-69.998	
29	48.400	-69.998	
29	48.500	-69.998	
29	48.600	-69.998	
29	48.700	-69.998	
29	48.800	-69.998	
29	48.900	-69.998	
29	49.000	-69.998	
29	49.100	-69.998	
29	49.200	-69.998	
29	49.300	-69.998	
29	49.400	-69.998	
29	49.500	-69.998	
29	49.600	-69.998	
29	49.700	-69.998	
29	49.800	-69.998	
29	49.900	-69.998	
29	50.000	-69.998	
29	50.100	-69.998	
29	50.200	-69.998	
29	50.300	-69.998	
29	50.400	-69.998	
29	50.500	-69.998	
29	50.600	-69.998	
29	50.700	-69.998	
29	50.800	-69.998	
29	50.900	-69.998	
29	51.000	-69.998	
29	51.100	-69.998	
29	51.200	-69.998	
29	51.300	-69.998	
29	51.400	-69.998	
29	51.500	-69.998	
29	51.600	-69.998	
29	51.700	-69.998	
29	51.800	-69.998	
29	51.900	-69.998	
29	52.000	-69.998	
29	52.100	-69.998	
29	52.200	-69.998	
29	52.300	-69.998	
29	52.400	-69.998	
29	52.500	-69.998	
29	52.600	-69.998	
29	52.700	-69.998	
29	52.800	-69.998	
29	52.900	-69.998	
29	53.000	-69.998	
29	53.100	-69.998	
29	53.200	-69.998	
29	53.300	-69.998	
29	53.400	-69.998	
29	53.500	-69.998	
29	53.600	-69.998	
29	53.700	-69.998	
29	53.800	-69.998	
29	53.900	-69.998	
29	54.000	-69.998	
29	54.100	-69.998	
29	54.200	-69.998	
29	54.300	-69.998	
29	54.400	-69.998	
29	54.500	-69.998	
29	54.600	-69.998	
29	54.700	-69.998	
29	54.800	-69.998	
29	54.900	-69.998	
29	55.000	-69.998	
29	55.100	-69.998	
29	55.200	-69.998	
29	55.300	-69.998	
29	55.400	-69.998	
29	55.500	-69.998	
29	55.600	-69.998	
29	55.700	-69.998	
29	55.800	-69.998	
29	55.900	-69.998	
29	56.000	-69.998	
29	56.100	-69.998	
29	56.200	-69.998	
29	56.300	-69.998	
29	56.400	-69.998	
29	56.500	-69.998	
29	56.600	-69.998	
29	56.700	-69.998	
29	56.800	-69.998	
29	56.900	-69.998	
29	57.000	-69.998	
29	57.100	-69.998	
29	57.200	-69.998	
29	57.300	-69.998	
29	57.400	-69.998	
29	57.500	-69.998	
29	57.600	-69.998	
29	57.700	-69.998	
29	57.800	-69.998	
29	57.900	-69.998	
29	58.000	-69.998	
29	58.100	-69.998	
29	58.200	-69.998	
29	58.300	-69.998	
29	58.400	-69.998	
29	58.500	-69.998	
29	58.600	-69.998	
29	58.700	-69.998	
29	58.800	-69.998	
29	58.900	-69.998	
29	59.000	-69.998	
29	59.100	-69.998	
29	59.200	-69.998	
29	59.300	-69.998	
29	59.400	-69.998	
29	59.500	-69.998	
29	59.600	-69.998	
29	59.700	-69.998	
29	59.800	-69.998	
29	59.900	-69.998	
29	60.000	-69.998	
29	60.100	-69.998	
29	60.200	-69.998	
29	60.300	-69.998	
29	60.400	-69.998	
29	60.500	-69.998	
29	60.600	-69.998	
29	60.700	-69.998	
29	60.800	-69.998	
29	60.900	-69.998	
29	61.000	-69.998	
29	61.100	-69.998	
29	61.200	-69.998	
29	61.300	-69.998	
29	61.400	-69.998	
29	61.500	-69.998	
29	61.600	-69.998	
29	61.700	-69.998	
29	61.800	-69.998	
29	61.900	-69.998	
29	62.000	-69.998	
29	62.100	-69.998	
29	62.200	-69.998	
29	62.300	-69.998	
29	62.400	-69.998	
29	62.500	-69.998	
29	62.600	-69.998	
29	62.700	-69.998	
29	62.800	-69.998	
29	62.900	-69.998	
29	63.000	-69.998	
29	63.100	-69.998	
29	63.200	-69.998	
29	63.300	-69.998	
29	63.400	-69.998	
29	63.500	-69.998	
29	63.600	-69.998	
29	63.700	-69.998	
29	63.800	-69.998	
29	63.900	-69.998	
29	64.000	-69.998	
29	64.100	-69.998	
29	64.200	-69.998	
29	64.300	-69.998	
29	64.400	-69.998	
29	64.500	-69.998	
29	64.600	-69.998	
29	64.700	-69.998	
29	64.800	-69.998	
29	64.900	-69.998	
29	65.000	-69.998	
29	65.100	-69.998	
29	65.200	-69.998	
29	65.300	-69.998	
29	65.400	-69.998	
29	65.500	-69.998	
29	65.600	-69.998	
29	65.700	-69.998	
29	65.800	-69.998	
29	65.900	-69.998	
29	66.000	-69.998	
29	66.100	-69.998	
29	66.200	-69.998	
29	66.300	-69.998	
29	66.400	-69.998	
29	66.500	-69.998	
29	66.600	-69.998	
29	66.700	-69.998	
29	66.800	-69.998	
29	66.900	-69.998	
29	67.000	-69.998	
29	67.100	-69.998	
29	67.200	-69.998	
29	67.300	-69.998	
29	67.400	-69.998	
29	67.500	-69.998	
29	67.600	-69.998	
29	67.700	-69.998	
29	67.800	-69.998	
29	67.900	-69.998	
29	68.000	-69.998	
29	68.100	-69.998	
29	68.200	-69.998	
29	68.300	-69.998	
29	68.400	-69.998	
29	68.500	-69.998	
29	68.600	-69.998	
29	68.700	-69.998	
29	68.800	-69.998	
29	68.900	-69.998	
29	69.000	-69.998	
29	69.100	-69.998	
29	69.200	-69.998	
29	69.300	-69.998	
29	69.400	-69.998	
29	69.500	-69.998	
29	69.600	-69.998	
29	69.700	-69.998	
29	69.800	-69.998	
29	69.900	-69.998	
29	70.000	-69.998	
29	70.100	-69.998	
29	70.200	-69.998	
29	70.300	-69.998	
29	70.400	-69.998	
29	70.500	-69.998	
29	70.600	-69.998	
29	70.700	-69.998	
29	70.800	-69.998	
29	70.900	-69.998	
29	71.000	-69.998	
29	71.100	-69.998	
29	71.200	-69.998	
29	71.300	-69.998	
29	71.400	-69.998	
29	71.500	-69.998	
29	71.600	-69.998	
29	71.700	-69.998	
29	71.800	-69.998	
29	71.900	-69.998	
29	72.000	-69.998	
29	72.100	-69.998	
29	72.200	-69.998	
29	72.300	-69.998	
29	72.400	-69.998	
29	72.500	-69.998	
29	72.600	-69.998	
29	72.700	-69.998	
29	72.800	-69.998	
29	72.900	-69.998	
29	73.000	-69.998	
29	73.100	-69.998	
29	73.200	-69.998	
29	73.300	-69.998	
29	73.400	-69.998	
29	73.500	-69.998	
29	73.600	-69.998	
29	73.700	-69.998	
29	73.800	-69.998	
29	73.900	-69.998	
29	74.000	-69.998	
29	74.100	-69.998	
29	74.200	-69.998	
29	74.300	-69.998	
29	74.400	-69.998	
29	74.500	-69.998	
29	74.600	-69.998	
29	74.700	-69.998	
29	74.800	-69.998	
29	74.900	-69.998	
29	75.000	-69.998	
29	75.100	-69.998	
29	75.200	-69.998	
29	75.300	-69.998	
29	75.400	-69.998	
29	75.500	-69.998	
29	75.600	-69.998	
29	75.700	-69.998	
29	75.800	-69.998	
29	75.900	-69.998	
29	76.000	-69.998	
29	76.100	-69.998	
29	76.200	-69.998	
29	76.300	-69.998	
29	76.400	-69.998	
29	76.500	-69.998	
29	76.600	-69.998	
29	76.700	-69.998	
29	76.800	-69.998	
29	76.900	-69.998	
29	77.000	-69.998	
29	77.100	-69.998	
29	77.200	-69.998	
29	77.300	-69.998	
29	77.400	-69.998	
29	77.500	-69.998	
29	77.600	-69.998	
29	77.700	-69.998	
29	77.800	-69.998	
29	77.900	-69.998	
29	78.000	-69.998	
29	78.100	-69.998	
29	78.200	-69.998	
29	78.300	-69.998	
29	78.400	-69.998	
29	78.500	-69.998	
29	78.600	-69.998	
29	78.700	-69.998	
29	78.800	-69.998	
29	78.900	-69.998	
29	79.000	-69.998	
29	79.100	-69.998	
29	79.200	-69.998	
29	79.300	-69.998	
29	79.400	-69.998	
29	79.500	-69.998	
29	79.600	-69.998	
29	79.700	-69.998	
29	79.800	-69.998	
29	79.900	-69.998	
29	80.000	-69.998	
29	80.100	-69.998	
29	80.200	-69.998	
29	80.300	-69.998	
29	80.400	-69.998	
29	80.500	-69.998	
29	80.600	-69.998	
29	80.700	-69.998	
29	80.800	-69.998	
29	80.900	-69.998	
29	81.000	-69.998	
29	81.100	-69.998	
29	81.200	-69.998	
29	81.300	-69.998	
29	81.400	-69.998	
29	81.500	-69.998	
29	81.600	-69.998	
29	81.700	-69.998	
29	81.800	-69.998	
29	81.900	-69.998	
29	82.000	-69.998	
29	82.100	-69.998	
29	82.200	-69.998	
29	82.300	-69.998	
29	82.400	-69.998	
29	82.500	-69.998	
29	82.600	-69.998	
29	82.700	-69.998	
29	82.800	-69.998	
29	82.900	-69.998	
29	83.000	-69.998	
29	83.100	-69.998	
29	83.200	-69.998	
29	83.300	-69.998	
29	83.400	-69.998	
29	83.500	-69.998	
29	83.600	-69.998	
29	83.700	-69.998	
29	83.800	-69.998	
29	83.900	-69.998	
29	84.000	-69.998	
29	84.100	-69.998	
29	84.200	-69.998	
29	84.300	-69.998	
29	84.400	-69.998	
29	84.500	-69.998	
29	84.600	-69.998	
29	84.700	-69.998	
29	84.800	-69.998	
29	84.900	-69.998	
29	85.000	-69.998	
29	85.100	-69.998	
29	85.200	-69.998	
29	85.300	-69.998	
29	85.400	-69.998	
29	85.500	-69.998	
29	85.600	-69.998	
29	85.700	-69.998	
29	85.800	-69.998	
29	85.900	-69.998	
29	86.000	-69.998	
29	86.100	-69.998	
29	86.200	-69.998	
29	86.300	-69.998	
29	86.400	-69.998	
29	86.500	-69.998	
29	86.600	-69.998	
29	86.700	-69.998	
29	86.800	-69.998	
29	86.900	-69.998	
29	87.000	-69.998	
29	87.100	-69.998	
29	87.200	-69.998	
29	87.300	-69.998	
29	87.400	-69.998	
29	87.500	-69.998	
29	87.600	-69.998	
29	87.700	-69.998	
29	87.800	-69.998	
29	87.900	-69.998	
29	88.000	-69.998	
29	88.100	-69.998	
29	88.200	-69.998	
29	88.300	-69.998	
29	88.400	-69.998	
29	88.500	-69.998	
29	88.600	-69.998	
29	88.700	-69.998	
29	88.800	-69.998	
29	88.900	-69.998	
29	89.000	-69.998	
29	89.100	-69.998	
29	89.200	-69.998	
29	89.300	-69.998	
29	89.400	-69.998	
29	89.500	-69.998	
29	89.600	-69.998	
29	89.700	-69.998	
29	89.800	-69.998	
29	89.900	-69.998	
29	90.000	-69.998	
29	90.100	-69.998	
29	90.200	-69.998	
29	90.300	-69.998	
29	90.400	-69.998	
29	90.500	-69.998	
29	90.600	-69.998	
29	90.700	-69.998	
29	90.800	-69.998	
29	90.900	-69.998	
29	91.000	-69.998	
29	91.100	-69.998	
29	91.200	-69.998	
29	91.300	-69.998	
29	91.400	-69.998	
29	91.500	-69.998	
29	91.600	-69.998	
29	91.700	-69.998	
29	91.800	-69.998	
29	91.900	-69.998	
29	92.000	-69.998	
29	92.100	-69.998	
29	92.200	-69.998	
29	92.300	-69.998	
29	92.400	-69.998	
29	92.500	-69.998	
29	92.600	-69.998	
29	92.700	-69.998	
29	92.800	-69.998	
29	92.900	-69.998	
29	93.000	-69.998	
29	93.100	-69.998	
29	93.200	-69.998	
29	93.300	-69.998	
29	93.400	-69.998	
29	93.500	-69.998	
29	93.600	-69.998	
29	93.700	-69.998	
29	93.800	-69.998	
29	93.900	-69.998	
29	94.000	-69.998	
29	94.100	-69.998	
29	94.200	-69.998	
29	94.300	-69.998	
29	94.400	-69.998	
29	94.500	-69.998	
29	94.600	-69.998	
29	94.700	-69.998	
29	94.800	-69.998	
29	94.900	-69.998	
29	95.000	-69.998	
29	95.100	-69.998	
29	95.200	-69.998	
29	95.300	-69.998	
29	95.400	-69.998	
29	95.500	-69.998	
29	95.600	-69.998	
29	95.700	-69.998	
29	95.800	-69.998	
29	95.900	-69.998	
29	96.000	-69.998	
29	96.100	-69.998	
29	96.200	-69.998	
29	96.300	-69.998	
29	96.400	-69.998	
29	96.500	-69.998	
29	96.600	-69.998	
29	96.700	-69.998	
29	96.800	-69.998	
29	96.900	-69.998	
29	97.000	-69.998	
29	97.100	-69.998	
29	97.200	-69.998	
29	97.300	-69.998	
29	97.400	-69.998	
29	97.500	-69.998	
29	97.600	-69.998	
29	97.700	-69.998	
29	97.800	-69.998	
29	97.900	-69.998	
29	98.000	-69.998	
29	98.100	-69.998	
29	98.200	-69.998	
29	98.300	-69.998	
29	98.400	-69.998	
29	98.500	-69.998	
29	98.600	-69.998	
29	98.700	-69.998	
29	98.800	-69.998	
29	98.900	-69.998	
29	99.000	-69.998	
29	99.100	-69.998	
29	99.200	-69.998	
29	99.300	-69.998	
29	99.400	-69.998	
29	99.500	-69.998	
29	99.600	-69.998	
29	99.700	-69.998	
29	99.800	-69.998	
29	99.900	-69.998	
29	100.000	-69.998	
29	100.100	-69.998	
29	100.200	-69.998	
29	100.300	-69.998	
29	100.400	-69.998	
29	100.500	-69.998	
29	100.600	-69.998	
29	100.700	-69.998	
29	100.800	-69.998	
29	100.900	-69.998	
29	101.000	-69.998	
29	101.100	-69.998	
29	101.200	-69.998	
29	101.300	-69.998	
29	101.400	-69.998	
29	101.500	-69.998	
29	101.600	-69.998	
29	101.700	-69.998	
29	101.800	-69.998	
29	101.900	-69.998	
29	102.000	-69.998	
29	102.100	-69.998	
29	102.200	-69.998	
29	102.300	-69.998	
29	102.400	-69.998	
29	102.500	-69.998	
29	102.600	-69.998	
29	102.700	-69.998	
29	102.800	-69.998	
29	102.900	-69.998	
29	103.000	-69.998	
29	103.100	-69.998	
29	103.200	-69.998	
29	103.300	-69.998	
29	103.400	-69.998	
29	103.500	-69.998	
29	103.600	-69.998	
29	103.700	-69.998	
29	103.800	-69.998	
29	103.900	-69.998	
29	104.000	-69.998	
29	104.100	-69.998	
29	104.200	-69.998	
29	104.300	-69.998	
29	104.400	-69.998	
29	104.500	-69.998	
29	104.600	-69.998	
29	104.700	-69.998	
29	104.800	-69.998	
29	104.900	-69.998	
29	105.000	-69.998	
29	105.100	-69.998	
29	105.200	-69.998	
29	105.300	-69.998	
29	105.400	-69.998	
29	105.500	-69.998	
29	105.600	-69.998	
29	105.700	-69.998	
29	105.800	-69.998	
29	105.900	-69.998	
29	106.000	-69.998	
29	106.100	-69.998	
29	106.200	-69.998	
29	106.300	-69.998	
29	106.400	-69.998	
29	106.500	-69.998	
29	106.600	-69.998	
29	106.700	-69.998	
29	106.800	-69.998	
29	106.900	-69.998	
29	107.000	-69.998	
29	107.100	-69.998	
29	107.200	-69.998	
29	107.300	-69.998	
29	107.400	-69.998	
29	107.500	-69.998	
29	107.600	-69.998	
29	107.700	-69.998	
29	107.800	-69.998	
29	107.900	-69.998	
29	108.000	-69.998	
29	108.100	-69.998	
29	108.200	-69.998	
29	108.300	-69.998	
29	108.400	-69.998	
29	108.500	-69.998	
29	108.600	-69.998	
29	108.700	-69.998	
29	108.800	-69.998	
29	108.900	-69.998	
29	109.000	-69.998	
29	109.100	-69.998	
29	109.200	-69.998	
29	109.300	-69.998	
29	109.400	-69.998	
29	109.500	-69.998	
29	109.600	-69.998	
29	109.700	-69.998	
29	109.800	-69.998	
29	109.900	-69.998	
29	110.000	-69.998	
29	110.100	-69.998	
29	110.200	-69.998	
29	110.300	-69.998	
29	110.400	-69.998	
29	110.500	-69.998	
29	110.600	-69.998	
29	110.700	-69.998	
29	110.800	-69.998	
29	110.900	-69.998	
29	111.000	-69.998	
29	111.100	-69.998	
29	111.200	-69.998	
29	111.300	-69.998	
29	111.400	-69.998	
29	111.500	-69.998	
29	111.600	-69.998	
29	111.700	-69.998	
29	111.800	-69.998	
29	111.900	-69.998	
29	112.000	-69.998	
29	112.100	-69.998	
29	112.200	-69.998	
29	112.300	-69.998	
29	112.400	-69.998	
29	112.500	-69.998	
29	112.600	-69.998	
29	112.700	-69.998	
29	112.800	-69.998	
29	112.900	-69.998	
29	113.000	-69.998	
29	113.100	-69.998	
29	113.200	-69.998	
29	113.300	-69.998	
29	113.400	-69.998	
29	113.500	-69.998	
29	113.600	-69.998	
29	113.700	-69.998	
29	113.800	-69.998	
29	113.900	-69.998	
29	114.000	-69.998	
29	114.100	-69.998	
29	114.200	-69.998	
29	114.300	-69.998	
29	114.400	-69.998	
29	114.500	-69.998	
29	114.600	-69.998	
29	114.700	-69.998	
29	114.800	-69.998	
29	114.900	-69.998	
29	115.000	-69.998	
29	115.100	-69.998	
29	115.200	-69.998	
29	115.300	-69.998	
29	115.400	-69.998	
29	115.500	-69.998	
29	115.600	-69.998	
29	115.700	-69.998	
29	115.800	-69.998	
29	115.900	-69.998	
29	116.000	-69.998	
29	116.100	-69.998	
29	116.200	-69.998	
29	116.300	-69.998	
29	116.400	-69.998	
29	116.500	-69.998	
29	116.600	-69.998	
29	116.700	-69.998	
29	116.800	-69.998	
29	116.900	-69.998	
29	117.000	-69.998	
29	117.100	-69.998	
29	117.200	-69.998	
29	117.300	-69.998	
29	117.400	-69.998	
29	117.500	-69.998	
29	117.600	-69.998	
29	117.700	-69.998	
29	117.800	-69.998	
29	117.900	-69.998	
29	118.000	-69.998	
29	118.100	-69.998	
29	118.200	-69.998	
29	118.300	-69.998	
29	118.400	-69.998	
29	118.500	-69.998	
29	118.600	-69.998	
29	118.700	-69.998	
29	118.800	-69.998	
29	118.900	-69.998	
29	119.000	-69.998	
29	119.100	-69.998	
29	119.200	-69.998	
29	119.300	-69.998	
29	119.400	-69.998	
29	119.500	-69.998	
29	119.600	-69.998	
29	119.700	-69.998	
29	119.800	-69.998	
29	119.900	-69.998	
29	120.000	-69.998	
29	120.100	-69.998	
29	120.200	-69.998	
29	120.300	-69.998	
29	120.400	-69.998	
29	120.500	-69.998	
29	120.600	-69.998	
29	120.700	-69.998	
29	120.800	-69.998	
29	120.900	-69.998	
29	121.000	-69.998	
29	121.100	-69.998	
29	121.200	-69.998	
29	121.300	-69.998	
29	121.400	-69.998	
29	121.500	-69.998	
29	121.600	-69.998	
29	121.700	-69.998	
29	121.800	-69.998	
29	121.900	-69.998	
29	122.000	-69.998	
29	122.100	-69.998	
29	122.200	-69.998	
29	122.300	-69.998	
29	122.400	-69.998	
29	122.500	-69.998	
29	122.600	-69.998	
29	122.700	-69.998	
29	122.800	-69.998	
29	122.900	-69.998	
29	123.000	-69.998	
29	123.100	-69.998	
29	123.200	-69.998	
29	123.300	-69.998	
29	123.400	-69.998	
29	123.500	-69.998	
29	123.600	-69.998	
29	123.700	-69.998	
29	123.800	-69.998	
29	123.900	-69.998	
29	124.000	-69.998	
29	124.100	-69.998	
29	124.200	-69.998	
29	124.300	-69.998	
29	124.400	-69.998	
29	124.500	-69.998	
29	124.600	-69.998	
29	124.700	-69.998	
29	124.800	-69.998	
29	124.900	-69.998	
29	125.000	-69.998	
29	125.100	-69.998	
29	125.200	-69.998	
29	125.300	-69.998	
29	125.400	-69.998	
29	125.500	-69.998	
29	125.600	-69.998	
29	125.700	-69.998	
29	125.800	-69.998	
29	125.900	-69.998	
29	126.000	-69.998	
29	126.100	-69.998	
29	126.200	-69.998	
29	126.300	-69.998	
29	126.400	-69.998	
29	126.500	-69.998	
29	126.600	-69.998	
29	126.700	-69.998	
29	126.800	-69.998	
29	126.900	-69.998	
29	127.000	-69.998	
29	127.100	-69.998	
29	127.200	-69.998	
29	127.300	-69.998	
29	127.400	-69.998	
29	127.500	-69.998	
29	127.600	-69.998	
29	127.700	-69.998	
29	127.800	-69.998	
29	127.900	-69.998	
29	128.000	-69.998	
29	128.100	-69.998	
29	128.200	-69.998	
29	128.300	-69.998	
29	128.400	-69.998	
29	128.500	-69.998	
29	128.600	-69.998	
29	128.700	-69.998	
29	128.800	-69.998	
29	128.900	-69.998	
29	129.000	-69.998	
29	129.100	-69.998	
29	129.200	-69.998	
29	129.300	-69.998	
29	129.400	-69.998	
29	129.500	-69.998	
29	129.600	-69.998	
29	129.700	-69.998	
29	129.800	-69.998	
29	129.900	-69.998	
29	130.000	-69.998	
29	130.100	-69.998	
29	130.200	-69.998	
29	130.300	-69.998	
29	130.400	-69.998	
29	130.500	-69.998	
29	130.600	-69.998	
29	130.700	-69.998	
29	130.800	-69.998	
29	130.900	-69.998	
29	131.000	-69.998	
29	131.100	-69.998	
29	131.200	-69.998	
29	131.300	-69.998	
29	131.400	-69.998	
29	131.500	-69.998	
29	131.600	-69.998	
29	131.700	-69.998	
29	131.800	-69.998	
29	131.900	-69.998	
29	132.000	-69.998	
29	132.100	-69.998	
29	132.200	-69.998	
29	132.300	-69.998	
29	132.400	-69.998	
29	132.500	-69.998	
29	132.600	-69.998	
29	132.700	-69.998	
29	132.800	-69.998	
29	132.900	-69.998	
29	133.000	-69.998	
29	133.100	-69.998	
29	133.200	-69.998	
29	133.300	-69.998	
29	133.400	-69.998	
29	133.500	-69.998	
29	133.600	-69.998	
29	133.700	-69.998	
29	133.800	-69.998	
29	133.900	-69.998	
29	134.000	-69.998	
29	134.100	-69.998	
29	134.200	-69.998	
29	134.300	-69.998	
29	134.400	-69.998	
29	134.500	-69.998	
29	134.600	-69.998	
29	134.700	-69.998	
29	134.800	-69.998	
29	134.900	-69.998	
29	135.000	-69.998	
29	135.100	-69.998	
29	135.200	-69.998	
29	135.300	-69.998	
29	135.400	-69.998	
29	135.500	-69.998	
29	135.600	-69.998	
29	135.700	-69.998	
29	135.800	-69.998	
29	135.900	-69.998	
29	136.000	-69.998	
29	136.100	-69.998	
29	136.200	-69.998	
29	136.300	-69.998	
29	136.400	-69.998	
29	136.500	-69.998	
29	136.600	-69.998	
29	136.700	-69.998	
29	136.800	-69.998	
29	136.900	-69.998	
29	137.000	-69.998	
29	137.100	-69.998	
29	137.200	-69.998	
29	137.300	-69.998	
29	137.400	-69.998	
29	137.500	-69.998	
29	137.600	-69.998	
29	137.700	-69.998	
29	137.800	-69.998	
29	137.900	-69.998	
29	138.000	-69.998	
29	138.100	-69.998	
29	138.200	-69.998	
29	138.300	-69.998	
29	138.400	-69.998	
29	138.500	-69.998	
29	138.600	-69.998	
29	138.700	-69.998	
29	138.800	-69.998	
29	138.900	-69.998	
29	139.000	-69.998	
29	139.100	-69.998	
29	139.200	-69.998	
29	139.300	-69.998	
29	139.400	-69.998	
29	139.500	-69.998	
29	139.600	-69.998	
29	139.700	-69.998	
29	139.800	-69.998	
29	139.900	-69.998	
29	140.000	-69.998	
29	140.100	-69.998	
29	140.200	-69.998	
29	140.300	-69.998	
29	140.400	-69.998	
29	140.500	-69.998	
29	140.600	-69.998	
29	140.700	-69.998	
29	140.800	-69.998	
29	140.900	-69.998	
29	141.000	-69.998	
29	141.100	-69.998	
29	141.200	-69.998	
29	141.300	-69.998	
29	141.400	-69.998	
29	141.500	-69.998	
29	141.600	-69.998	
29	141.700	-69.998	
29	141.800	-69.998	
29	141.900	-69.998	
29	142.000	-69.998	
29	142.100	-69.998	
29	142.200	-69.998	
29	142.300	-69.998	
29	142.400	-69.998	
29	142.500	-69.998	
29	142.600	-69.998	
29	142.700	-69.998	
29	142.800	-69.998	
29	142.900	-69.998	
29	143.000	-69.998	
29	143.100	-69.998	
29	143.200	-69.998	
29	143.300	-69.998	
29	143.400	-69.998	
29	143.500	-69.998	
29	143.600	-69.998	
29	143.700	-69.998	
29	143.800	-69.998	
29	143.900	-69.998	
29	144.000	-69.998	
29	144.100	-69.998	
29	144.200	-69.998	
29	144.300	-69.998	
29	144.400	-69.998	
29	144.500	-69.998	
29	144.600	-69.998	
29	144.700	-69.998	
29	144.800	-69.998	
29	144.900	-69.998	
29	145.000	-69.998	
29	145.100	-69.998	
29	145.200	-69.998	
29	145.300	-69.998	
29	145.400	-69.998	
29	145.500	-69.998	
29	145.600	-69.998	
29	145.700	-69.998	
29	145.800	-69.998	
29	145.900	-69.998	
29	146.000	-69.998	
29	146.100	-69.998	
29	146.200	-69.998	
29	146.300	-69.998	
29	146.400	-69.998	
29	146.500	-69.998	
29	146.600	-69.998	
29	146.700	-69.998	
29	146.800	-69.998	
29	146.900	-69.998	
29	147.000	-69.998	
29	147.100	-69.998	
29	147.200	-69.998	
29	147.300	-69.998	
29	147.400	-69.998	
29	147.500	-69.998	
29	147.600	-69.998	
29	147.700	-69.998	
29	147.800	-69.998	
29	147.900	-69.998	
29	148.000	-69.998	
29	148.100	-69.998	
29	148.200	-69.998	
29	148.300	-69.998	
29	148.400	-69.998	
29	148.500	-69.998	
29	148.600	-69.998	
29	148.700	-69.998	
29	148.800	-69.998	
29	148.900	-69.998	
29	149.000	-69.998	
29	149.100	-69.998	
29	149.200	-69.998	
29	149.300	-69.998	
29	149.400	-69.998	
29	149.500	-69.998	
29	149.600	-69.998	
29	149.700	-69.998	
29	149.800	-69.998	
29	149.900	-69.998	
29	150.000	-69.998	
29	150.100	-69.998	
29	150.200	-69.998	
29	150.300	-69.998	
29	150.400	-69.998	
29	150.500	-69.998	
29	150.600	-69.998	
29	150.700	-69.998	
29	150.800	-69.998	
29	150.900	-69.998	
29	151.000	-69.998	
29	151.100	-69.998	
29	151.200	-69.998	
29	151.300	-69.998	
29	151.400	-69.998	
29	151.500	-69.998	
29	151.600	-69.998	
29	151.700	-69.998	
29	151.800	-69.998	
29	151.900	-69.998	
29	152.000	-69.998	
29	152.100	-69.998	
29	152.200	-69.998	
29	152.300	-69.998	
29	152.400	-69.998	
29	152.500	-69.998	
29	152.600	-69.998	
29	152.700	-69.998	
29	152.800	-69.998	
29	152.900	-69.998	
29	153.000	-69.998	
29	153.100	-69.998	
29	153.200	-69.998	
29	153.300	-69.998	
29	153.400	-69.998	
29	153.500	-69.998	
29	153.600	-69.998	
29	153.700	-69.998	
29	153.800	-69.998	
29	153.900	-69.998	
29	154.000	-69.998	
29	154.100	-69.998	
29	154.200	-69.998	
29	154.300	-69.998	
29	154.400	-69.998	
29	154.500	-69.998	
29	154.600	-69.998	
29	154.700	-69.998	
29	154.800	-69.998	
29	154.900	-69.998	
29	155.000	-69.998	
29	155.100	-69.998	
29	155.200	-69.998	
29	155.300	-69.998	
29	155.400	-69.998	
29	155.500	-69.998	
29	155.600	-69.998	
29	155.700	-69.998	
29	155.800	-69.998	
29	155.900	-69.998	
29	156.000	-69.998	
29	156.100	-69.998	
29	156.200	-69.998	
29	156.300	-69.998	
29	156.400	-69.998	
29	156.500	-69.998	
29	156.600	-69.998	
29	156.700	-69.998	
29	156.800	-69.998	
29	156.900	-69.998	
29	157.000	-69.998	
29	157.100	-69.998	
29	157.200	-69.998	
29	157.300	-69.998	
29	157.400	-69.998	
29	157.500	-69.998	
29	157.600	-69.998	
29	157.700	-69.998	
29	157.800	-69.998	
29	157.900	-69.998	
29	158.000	-69.998	
29	158.100	-69.998	
29	158.200	-69.998	
29	158.300	-69.998	
29	158.400	-69.998	
29	158.500	-69.998	
29	158.600	-69.998	
29	158.700	-69.998	
29	158.800	-69.998	
29	158.900	-69.998	
29	159.000	-69.998	
29	159.100	-69.998	
29	159.200	-69.998	
29	159.300	-69.998	
29	159.400	-69.998	
29	159.500	-69.998	
29	159.600	-69.998	
29	159.700	-69.998	
29	159.800	-69.998	
29	159.900	-69.998	
29	160.000	-69.998	
29	160.100	-69.998	
29	160.200	-69.998	
29	160.300	-69.998	
29	160.400	-69.998	
29	160.500	-69.998	
29	160.600	-69.998	
29	160.700	-69.998	
29	160.800	-69.998	
29	160.900	-69.998	
29	161.000	-69.998	
29	161.100	-69.998	
29	161.200	-69.998	
29	161.300	-69.998	
29	161.400	-69.998	
29	161.500	-69.998	
29	161.600	-69.998	
29	161.700	-69.998	
29	161.800	-69.998	
29	161.900	-69.998	
29	162.000	-69.998	
29	162.100	-69.998	
29	162.200	-69.998	
29	162.300	-69.998	
29	162.400	-69.998	
29	162.500	-69.998	
29	162.600	-69.998	
29	162.700	-69.998	
29	162.800	-69.998	
29	162.900	-69.998	
29	163.000	-69.998	
29	163.100	-69.998	
29	163.200	-69.998	
29	163.300	-69.998	
29	163.400	-69.998	
29	163.500	-69.998	
29	163.600	-69.998	
29	163.700	-69.998	
29	163.800	-69.998	
29	163.900	-69.998	
29	164.000	-69.998	
29	164.100	-69.998	
29	164.200	-69.998	
29	164.300	-69.998	
29	164.400	-69.998	
29	164.500	-69.998	
29	164.600	-69.998	
29	164.700	-69.998	
29	164.800	-69.998	
29	164.900	-69.998	
29	165.000	-69.998	
29	165.100	-69.998	
29	165.200	-69.998	
29	165.300	-69.998	
29	165.400	-69.998	
29	165.500	-69.998	
29	165.600	-69.998	
29	165.700	-69.998	
29	165.800	-69.998	
29	165.900	-69.998	
29	166.000	-69.998	
29	166.100	-69.998	
29	166.200	-69.998	
29	166.300	-69.998	
29	166.400	-69.998	
29	166.500	-69.998	
29	166.600	-69.998	
29	166.700	-69.998	
29	166.800	-69.998	
29	166.900	-69.998	
29	167.000	-69.998	
29	167.100	-69.998	
29	167.200	-69.998	
29	167.300	-69.998	
29	167.400	-69.998	
29	167.500	-69.998	
29	167.600	-69.998	
29	167.700	-69.998	
29	167.800	-69.998	
29	167.900	-69.998	
29	168.000	-69.998	
29	168.100	-69.998	
29	168.200	-69.998	
29	168.300	-69.998	
29	168.400	-69.998	
29	168.500	-69.998	
29	168.600	-69.998	
29	168.700	-69.998	
29	168.800	-69.998	
29	168.900	-69.998	
29	169.000	-69.998	
29	169.100	-69.998	
29	169.200	-69.998	
29	169.300	-69.998	
29	169.400	-69.998	
29	169.500	-69.998	
29	169.600	-69.998	
29	169.700	-69.998	
29	169.800	-69.998	
29	169.900	-69.998	
29	170.000	-69.998	
29	170.100	-69.998	
29	170.200	-69.998	
29	170.300	-69.998	
29	170.400	-69.998	
29	170.500	-69.998	
29	170.600	-69.998	
29	170.700	-69.998	
29	170.800	-69.998	
29	170.900	-69.998	
29	171.000	-69.998	
29	171.100	-69.998	
29	171.200	-69.998	
29	171.300	-69.998	
29	171.400	-69.998	
29	171.500	-69.998	
29	171.600	-69.998	
29	171.700	-69.998	
29	171.800	-69.998	
29	171.900	-69.998	
29	172.000	-69.998	
29	172.100	-69.998	
29	172.200	-69.998	
29	172.300	-69.998	
29	172.400	-69.998	
29	172.500	-69.998	
29	172.600	-69.998	
29	172.700	-69.998	
29	172.800	-69.998	
29	172.900	-69.998	
29	173.000	-69.998	
29	173.100	-69.998	
29	173.200	-69.998	
29	173.300	-69.998	
29	173.400	-69.998	
29	173.500	-69.998	
29	173.600	-69.998	
29	173.700	-69.998	
29	173.800	-69.998	
29	173.900	-69.998	
29	174.000	-69.998	
29	174.100	-69.998	
29	174.200	-69.998	
29	174.300	-69.998	
29	174.400	-69.998	
29	174.500	-69.998	
29	174.600	-69.998	
29	174.700	-69.998	
29	174.800	-69.998	
29	174.900	-69.998	
29	175.000	-69.998	
29	175.100	-69.998	
29	175.200	-69.998	
29	175.300	-69.998	
29	175.400	-69.998	
29	175.500	-69.998	
29	175.600	-69.998	
29	175.700	-69.998	
29	175.800	-69.998	
29	175.900	-69.998	
29	176.000	-69.998	
29	176.100	-69.998	
29	176.200	-69.998	
29	176.300	-69.998	
29	176.400	-69.998	
29	176.500	-69.998	
29	176.600	-69.998	
29	176.700	-69.998	
29	176.800	-69.998	
29	176.900	-69.998	
29	177.000	-69.998	
29	177.100	-69.998	
29	177.200	-69.998	
29	177.300	-69.998	
29	177.400	-69.998	
29	177.500	-69.998	
29	177.600	-69.998	
29	177.700	-69.998	
29	177.800	-69.998	
29	177.900	-69.998	
29	178.000	-69.998	
29	178.100	-69.998	
29	178.200	-69.998	
29	178.300	-69.998	
29	178.400	-69.998	
29	178.500	-69.998	
29	178.600	-69.998	
29	178.700	-69.998	
29	178.800	-69.998	
29	178.900	-69.998	
29	179.000	-69.998	
29	179.100	-69.998	
29	179.200	-69.998	
29	179.300	-69.998	
29	179.400	-69.998	
29	179.500	-69.998	
29	179.600	-69.998	
29	179.700	-69.998	
29	179.800	-69.998	
29	179.900	-69.998	
29	180.000	-69.998	
29	180.100	-69.998	
29	180.200	-69.998	
29	180.300	-69.998	
29	180.400	-69.998	
29	180.500	-69.998	
29	180.600	-69.998	
29	180.700	-69.998	
29	180.800	-69.998	
29	180.900	-69.998	
29	181.000	-69.998	
29	181.100	-69.998	
29	181.200	-69.998	
29	181.300	-69.998	
29	181.400	-69.998	
29	181.500	-69.998	
29	181.600	-69.998	
29	181.700	-69.998	
29	181.800	-69.998	
29	181.900	-69.998	
29	182.000	-69.998	
29	182.100	-69.998	
29	182.200	-69.998	
29	182.300	-69.998	
29	182.400	-69.998	
29	182.500	-69.998	
29	182.600	-69.998	
29	182.700	-69.998	
29	182.800	-69.998	
29	182.900	-69.998	
29	183.000	-69.998	
29	183.100	-69.998	
29	183.200	-69.998	
29	183.300	-69.998	
29	183.400	-69.998	
29	183.500	-69.998	
29	183.600	-69.998	
29	183.700	-69.998	
29	183.800	-69.998	
29	183.900	-69.998	
29	184.000	-69.998	
29	184.100	-69.998	
29	184.200	-69.998	
29	184.300	-69.998	
29	184.400	-69.998	
29	184.500	-69.998	
29	184.600	-69.998	
29	184.700	-69.998	
29	184.800	-69.998	
29	184.900	-69.998	
29	185.000	-69.998	
29	185.100	-69.998	
29	185.200	-69.998	
29	185.300	-69.998	
29	185.400	-69.998	
29	185.500	-69.998	
29	185.600	-69.998	
29	185.700	-69.998	
29	185.800	-69.998	
29	185.900	-69.998	
29	186.000	-69.998	
29	186.100	-69.998	
29	186.200	-69.998	
29	186.300	-69.998	
29	186.400	-69.998	
29	186.500	-69.998	
29	186.600	-69.998	
29	186.700	-69.998	
29	186.800	-69.998	
29	186.900	-69.998	
29	187.000	-69.998	
29	187.100	-69.998	
29	187.200	-69.998	
29	187.300	-69.998	
29	187.400	-69.998	
29	187.500	-69.998	
29	187.600	-69.998	
29	187.700	-69.998	
29	187.800	-69.998	
29	187.900	-69.998	
29	188.000	-69.998	
29	188.100	-69.998	
29	188.200	-69.998	
29	188.300	-69.998	
29	188.400	-69.998	
29	188.500	-69.998	
29	188.600	-69.998	
29	188.700	-69.998	
29	188.800	-69.998	
29	188.900	-69.998	
29	189.000	-69.998	
29	189.100	-69.998	
29	189.200	-69.998	
29	189.300	-69.998	
29	189.400	-69.998	
29	189.500	-69.998	
29	189.600	-69.998	
29	189.700	-69.998	
29	189.800	-69.998	
29	189.900	-69.998	
29	190.000	-69.998	
29	190.100	-69.998	
29	190.200	-69.998	
29	190.300	-69.998	
29	190.400	-69.998	
29	190.500	-69.998	
29	190.600	-69.998	
29	190.700	-69.998	
29	190.800	-69.998	
29	190.900	-69.998	
29	191.000	-69.998	
29	191.100	-69.998	
29	191.200	-69.998	
29	191.300	-69.998	
29	191.400	-69.998	
29	191.500	-69.998	
29	191.600	-69.998	
29	191.700	-69.998	
29	191.800	-69.998	
29	191.900	-69.998	
29	192.000	-69.998	
29	192.100	-69.998	
29	192.200	-69.998	
29	192.300	-69.998	
29	192.400	-69.998	
29	192.500	-69.998	
29	192.600	-69.998	
29	192.700	-69.998	
29	192.800	-69.998	
29	192.900	-69.998	
29	193.000	-69.998	
29	193.100	-69.998	
29	193.200	-69.998	
29	193.300	-69.998	
29	193.400	-69.998	
29	193.500	-69.998	
29	193.600	-69.998	
29	193.700	-69.998	
29	193.800	-69.998	
29	193.900	-69.998	
29	194.000	-69.998	
29	194.100	-69.998	
29	194.200	-69.998	
29	194.300	-69.998	
29	194.400	-69.998	
29	194.500	-69.998	
29	194.600	-69.998	
29	194.700	-69.998	
29	194.800	-69.998	
29	194.900	-69.998	
29	195.000	-69.998	
29	195.100	-69.998	
29	195.200	-69.998	
29	195.300	-69.998	
29	195.400	-69.998	
29	195.500	-69.998	
29	195.600	-69.998	
29	195.700	-69.998	
29	195.800	-69.998	
29	195.900	-69.998	
29	196.000	-69.998	
29	196.100	-69.998	
29	196.200	-69.998	
29	196.300	-69.998	
29	196.400	-69.998	
29	196.500	-69.998	
29	196.600	-69.998	
29	196.700	-69.998	
29	196.800	-69.998	
29	196.900	-69.998	
29	197.000	-69.998	
29	197.100	-69.998	
29	197.200	-69.998	
29	197.300	-69.998	
29	197.400	-69.998	
29	197.500	-69.998	
29	197.600	-69.998	
29	197.700	-69.998	
29	197.800	-69.998	
29	197.900	-69.998	
29	198.000	-69.998	
29	198.100	-69.998	
29	198.200	-69.998	
29	198.300	-69.998	
29	198.400	-69.998	
29	198.500	-69.998	
29	198.600	-69.998	
29	198.700	-69.998	
29	198.800	-69.998	
29	198.900	-69.998	
29	199.000	-69.998	
29	199.100	-69.998	
29	199.200	-69.998	
29	199.300	-69.998	
29	199.400	-69.998	
29	199.500	-69.998	
29	199.600	-69.998	
29	199.700	-69.998	
29	199.800	-69.998	
29	199.900	-69.998	
29	200.000	-69.998	
29	200.100	-69.998	
29	200.200	-69.998	
29	200.300	-69.998	
29	200.400	-69.998	
29	200.500	-69.998	
29	200.600	-69.998	
29	200.700	-69.998	
29	200.800	-69.998	
29	200.900	-69.998	
29	201.000	-69.998	
29	201.100	-69.998	
29	201.200	-69.998	
29	201.300	-69.998	
29	201.400	-69.998	
29	201.500	-69.998	
29	201.600	-69.998	
29	201.700	-69.998	
29	201.800	-69.998	
29	201.900	-69.998	
29	202.000	-69.998	
29	202.100	-69.998	
29	202.200	-69.998	
29	202.300	-69.998	
29	202.400	-69.998	
29	202.500	-69.998	
29	202.600	-69.998	
29	202.700	-69.998	
29	202.800	-69.998	
29	202.900	-69.998	
29	203.000	-69.998	
29	203.100	-69.998	
29	203.200	-69.998	
29	203.300	-69.998	
29	203.400	-69.998	
29	203.500	-69.998	
29	203.600	-69.998	
29	203.700	-69.998	
29	203.800	-69.998	
29	203.900	-69.998	
29	204.000	-69.998	
29	204.100	-69.998	
29	204.200	-69.998	
29	204.300	-69.998	
29	204.400	-69.998	
29	204.500	-69.998	
29	204.600	-69.998	
29	204.700	-69.998	
29	204.800	-69.998	
29	204.900	-69.998	
29	205.000	-69.998	
29	205.100	-69.998	
29	205.200	-69.998	
29	205.300	-69.998	
29	205.400	-69.998	
29	205.500	-69.998	
29	205.600	-69.998	
29	205.700	-69.998	
29	205.800	-69.998	
29	205.900	-69.998	
29	206.000	-69.998	
29	206.100	-69.998	
29	206.200	-69.998	
29	206.300	-69.998	
29	206.400	-69.998	
29	206.500	-69.998	
29	206.600	-69.998	
29	206.700	-69.998	
29	206.800	-69.998	
29	206.900	-69.998	
29	207.000	-69.998	
29	207.100	-69.998	
29	207.200	-69.998	
29	207.300	-69.998	
29	207.400	-69.998	
29	207.500	-69.998	
29	207.600	-69.998	
29	207.700	-69.998	
29	207.800	-69.998	
29	207.900	-69.998	
29	208.000	-69.998	
29	208.100	-69.998	
29	208.200	-69.998	
29	208.300	-69.998	
29	208.400	-69.998	
29	208.500	-69.998	
29	208.600	-69.998	
29	208.700	-69.998	
29	208.800	-69.998	
29	208.900	-69.998	
29	209.000	-69.998	
29	209.100	-69.998	
29	209.200	-69.998	
29	209.300	-69.998	
29	209.400	-69.998	
29	209.500	-69.998	
29	209.600	-69.998	
29	209.700	-69.998	
29	209.800	-69.998	
29	209.900	-69.998	
29	210.000	-69.998	
29	210.100	-69.998	
29	210.200	-69.998	
29	210.300	-69.998	
29	210.400	-69.998	
29	210.500	-69.998	
29	210.600	-69.998	
29	210.700	-69.998	
29	210.800	-69.998	
29	210.900	-69.998	
29	211.000	-69.998	
29	211.100	-69.998	
29	211.200	-69.998	
29	211.300	-69.998	
29	211.400	-69.998	
29	211.500	-69.998	
29	211.600	-69.998	
29	211.700	-69.998	
29	211.800	-69.998	
29	211.900	-69.998	
29	212.000	-69.998	
29	212.100	-69.998	
29	212.200	-69.998	
29	212.300	-69.998	
29	212.400	-69.998	
29	212.500	-69.998	
29	212.600	-69.998	
29	212.700	-69.998	
29	212.800	-69.998	
29	212.900	-69.998	
29	213.000	-69.998	
29	213.100	-69.998	
29	213.200	-69.998	
29	213.300	-69.998	
29	213.400	-69.998	
29	213.500	-69.998	
29	213.600	-69.998	
29	213.700	-69.998	
29	213.800	-69.998	
29	213.900	-69.998	
29	214.000	-69.998	
29	214.100	-69.998	
29	214.200	-69.998	
29	214.300	-69.998	
29	214.400	-69.998	
29	214.500	-69.998	
29	214.600	-69.998	
29	214.700	-69.998	
29	214.800	-69.998	
29	214.900	-69.998	
29	215.000	-69.998	
29	215.100	-69.998	
29	215.200	-69.998	
29	215.300	-69.998	
29	215.400	-69.998	
29	215.500	-69.998	
29	215.600	-69.998	
29	215.700	-69.998	
29	215.800	-69.998	
29	215.900	-69.998	
29	216.000	-69.998	
29	216.100	-69.998	
29	216.200	-69.998	
29	216.300	-69.998	
29	216.400	-69.998	
29	216.500	-69.998	
29	216.600	-69.998	
29	216.700	-69.998	
29	216.800	-69.998	
29	216.900	-69.998	
29	217.000	-69.998	
29	217.100	-69.998	
29	217.200	-69.998	
29	217.300	-69.998	
29	217.400	-69.998	
29	217.500	-69.998	
29	217.600	-69.998	
29	217.700	-69.998	
29	217.800	-69.998	
29	217.900	-69.998	
29	218.000	-69.998	
29	218.100	-69.998	
29	218.200	-69.998	
29	218.300	-69.998	
29	218.400	-69.998	
29	218.500	-69.998	
29	218.600	-69.998	
29	218.700	-69.998	
29	218.800	-69.998	
29	218.900	-69.998	
29	219.000	-69.998	
29	219.100	-69.998	
29	219.200	-69.998	
29	219.300	-69.998	
29	219.400	-69.998	
29	219.500	-69.998	
29	219.600	-69.998	
29	219.700	-69.998	
29	219.800	-69.998	
29	219.900	-69.998	
29	220.000	-69.998	
29	220.100	-69.998	
29	220.200	-69.998	
29	220.300	-69.998	
29	220.400	-69.998	
29	220.500	-69.998	
29	220.600	-69.998	
29	220.700	-69.998	
29	220.800	-69.998	
29	220.900	-69.998	
29	221.000	-69.998	
29	221.100	-69.998	
29	221.200	-69.998	
29	221.300	-69.998	
29	221.400	-69.998	
29	221.500	-69.998	
29	221.600	-69.998	
29	221.700	-69.998	
29	221.800	-69.998	
29	221.900	-69.998	
29	222.000	-69.998	
29	222.100	-69.998	
29	222.200	-69.998	
29	222.300	-69.998	
29	222.400	-69.998	
29	222.500	-69.998	
29	222.600	-69.998	
29	222.700	-69.998	
29	222.800	-69.998	
29	222.900	-69.998	
29	223.000	-69.998	
29	223.100	-69.998	
29	223.200	-69.998	
29	223.300	-69.998	
29	223.400	-69.998	
29	223.500	-69.998	
29	223.600	-69.998	
29	223.700	-69.998	
29	223.800	-69.998	
29	223.900	-69.998	
29	224.000	-69.998	
29	224.100	-69.998	
29	224.200	-69.998	
29	224.300	-69.998	
29	224.400	-69.998	
29	224.500	-69.998	
29	224.600	-69.998	
29	224.700	-69.998	
29	224.800	-69.998	
29	224.900	-69.998	
29	225.000	-69.998	
29	225.100	-69.998	
29	225.200	-69.998	
29	225.300	-69.998	
29	225.400	-69.998	
29	225.500	-69.998	
29	225.600	-69.998	
29	225.700	-69.998	
29	225.800	-69.998	
29	225.900	-69.998	
29	226.000	-69.998	
29	226.100	-69.998	
29	226.200	-69.998	
29	226.300	-69.998	
29	226.400	-69.998	
29	226.500	-69.998	
29	226.600	-69.998	
29	226.700	-69.998	
29	226.800	-69.998	
29	226.900	-69.998	
29	227.000	-69.998	
29	227.100	-69.998	
29	227.200	-69.998	
29	227.300	-69.998	
29	227.400	-69.998	
29	227.500	-69.998	
29	227.600	-69.998	
29	227.700	-69.998	
29	227.800	-69.998	
29	227.900	-69.998	
29	228.000	-69.998	
29	228.100	-69.998	
29	228.200	-69.998	
29	228.300	-69.998	
29	228.400	-69.998	
29	228.500	-69.998	
29	228.600	-69.998	
29	228.700	-69.998	
29	228.800	-69.998	
29	228.900	-69.998	
29	229.000	-69.998	
29	229.100	-69.998	
29	229.200	-69.998	
29	229.300	-69.998	
29	229.400	-69.998	
29	229.500	-69.998	
29	229.600	-69.998	
29	229.700	-69.998	
29	229.800	-69.998	
29	229.900	-69.998	
29	230.000	-69.998	
29	230.100	-69.998	
29	230.200	-69.998	
29	230.300	-69.998	
29	230.400	-69.998	
29	230.500	-69.998	
29	230.600	-69.998	
29	230.700	-69.998	
29	230.800	-69.998	
29	230.900	-69.998	
29	231.000	-69.998	
29	231.100	-69.998	
29	231.200	-69.998	
29	231.300	-69.998	
29	231.400	-69.998	
29	231.500	-69.998	
29	231.600	-69.998	
29	231.700	-69.998	
29	231.800	-69.998	
29	231.900	-69.998	
29	232.000	-69.998	
29	232.100	-69.998	
29	232.200	-69.998	
29	232.300	-69.998	
29	232.400	-69.998	
29	232.500	-69.998	
29	232.600	-69.998	
29	232.700	-69.998	
29	232.800	-69.998	
29	232.900	-69.998	
29	233.000	-69.998	
29	233.100	-69.998	
29	233.200	-69.998	
29	233.300	-69.998	
29	233.400	-69.998	
29	233.500	-69.998	
29	233.600	-69.998	
29	233.700	-69.998	
29	233.800	-69.998	
29	233.900	-69.998	
29	234.000	-69.998	
29	234.100	-69.998	
29	234.200	-69.998	
29	234.300	-69.998	
29	234.400	-69.998	
29	234.500	-69.998	
29	234.600	-69.998	
29	234.700	-69.998	
29	234.800	-69.998	
29	234.900	-69.998	
29	235.000	-69.998	
29	235.100	-69.998	
29	235.200	-69.998	
29	235.300	-69.998	
29	235.400	-69.998	
29	235.500	-69.998	
29	235.600	-69.998	
29	235.700	-69.998	
29	235.800	-69.998	
29	235.900	-69.998	
29	236.000	-69.998	
29	236.100	-69.998	
29	236.200	-69.998	
29	236.300	-69.998	
29	236.400	-69.998	
29	236.500	-69.998	
29	236.600	-69.998	
29	236.700	-69.998	
29	236.800	-69.998	
29	236.900	-69.998	
29	237.000	-69.998	
29	237.100	-69.998	
29	237.200	-69.998	
29	237.300	-69.998	
29	237.400	-69.998	
29	237.500	-69.998	
29	237.600	-69.998	
29	237.700	-69.998	
29	237.800	-69.998	
29	237.900	-69.998	
29	238.000	-69.998	
29	238.100	-69.998	
29	238.200	-69.998	
29	238.300	-69.998	
29	238.400	-69.998	
29	238.500	-69.998	
29	238.600	-69.998	
29	238.700	-69.998	
29	238.800	-69.998	
29	238.900	-69.998	
29	239.000	-69.998	
29	239.100	-69.998	
29	239.200	-69.998	
29	239.300	-69.998	
29	239.400	-69.998	
29	239.500	-69.998	
29	239.600	-69.998	
29	239.700	-69.998	
29	239.800	-69.998	
29	239.900	-69.998	
29	240.000	-69.998	
29	240.100	-69.998	
29	240.200	-69.998	
29	240.300	-69.998	
29	240.400	-69.998	
29	240.500	-69.998	
29	240.600	-69.998	
29	240.700	-69.998	
29	240.800	-69.998	
29	240.900	-69.998	
29	241.000	-69.998	
29	241.100	-69.998	
29	241.200	-69.998	
29	241.300	-69.998	
29	241.400	-69.998	
29	241.500	-69.998	
29	241.600	-69.998	
29	241.700	-69.998	
29	241.800	-69.998	
29	241.900	-69.998	
29	242.000	-69.998	
29	242.100	-69.998	
29	242.200	-69.998	
29	242.300	-69.998	
29	242.400	-69.998	
29	242.500	-69.998	
29	242.600	-69.998	
29	242.700	-69.998	
29	242.800	-69.998	
29	242.900	-69.998	
29	243.000	-69.998	
29	243.100	-69.998	
29	243.200	-69.998	
29	243.300	-69.998	
29	243.400	-69.998	
29	243.500	-69.998	
29	243.600	-69.998	
29	243.700	-69.998	
29	243.800	-69.998	
29	243.900	-69.998	
29	244.000	-69.998	
29	244.100	-69.998	
29	244.200	-69.998	
29	244.300	-69.998	
29	244.400	-69.998	
29	244.500	-69.998	
29	244.600	-69.998	
29	244.700	-69.998	
29	244.800	-69.998	
29	244.900	-69.998	
29	245.000	-69.998	
29	245.100	-69.998	
29	245.200	-69.998	
29	245.300	-69.998	
29	245.400	-69.998	
29	245.500	-69.998	
29	245.600	-69.998	
29	245.700	-69.998	
29	245.800	-69.998	
29	245.900	-69.998	
29	246.000	-69.998	
29	246.100	-69.998	
29	246.200	-69.998	
29	246.300	-69.998	
29	246.400	-69.998	
29	246.500	-69.998	
29	246.600	-69.998	
29	246.700	-69.998	
29	246.800	-69.998	
29	246.900	-69.998	
29	247.000	-69.998	
29	247.100	-69.998	
29	247.200	-69.998	
29	247.300	-69.998	
29	247.400	-69.998	
29	247.500	-69.998	
29	247.600	-69.998	
29	247.700	-69.998	
29	247.800	-69.998	
29	247.900	-69.998	
29	248.000	-69.998	
29	248.100	-69.998	
29	248.200	-69.998	
29	248.300	-69.998	
29	248.400	-69.998	
29	248.500	-69.998	
29	248.600	-69.998	
29	248.700	-69.998	
29	248.800	-69.998	
29	248.900	-69.998	
29	249.000	-69.998	
29	249.100	-69.998	
29	249.200	-69.998	
29	249.300	-69.998	
29	249.400	-69.998	
29	249.500	-69.998	
29	249.600	-69.998	
29	249.700	-69.998	
29	249.800	-69.998	
29	249.900	-69.998	
29	250.000	-69.998	
29	250.100	-69.998	
29	250.200	-69.998	
29	250.300	-69.998	
29	250.400	-69.998	
29	250.500	-69.998	
29	250.600	-69.998	
29	250.700	-69.998	
29	250.800	-69.998	
29	250.900	-69.998	
29	251.000	-69.998	
29	251.100	-69.998	
29	251.200	-69.998	
29	251.300	-69.998	
29	251.400	-69.998	
29	251.500	-69.998	
29	251.600	-69.998	
29	251.700	-69.998	
29	251.800	-69.998	
29	251.900	-69.998	
29	252.000	-69.998	
29	252.100	-69.998	
29	252.200	-69.998	
29	252.300	-69.998	
29	252.400	-69.998	
29	252.500	-69.998	
29	252.600	-69.998	
29	252.700	-69.998	
29	252.800	-69.998	
29	252.900	-69.998	
29	253.000	-69.998	
29	253.100	-69.998	
29	253.200	-69.998	
29	253.300	-69.998	
29	253.400	-69.998	
29	253.500	-69.998	
29	253.600	-69.998	
29	253.700	-69.998	
29	253.800	-69.998	
29	253.900	-69.998	
29	254.000	-69.998	
29	254.100	-69.998	
29	254.200	-69.998	
29	254.300	-69.998	
29	254.400	-69.998	
29	254.500	-69.998	
29	254.600	-69.998	
29	254.700	-69.998	
29	254.800	-69.998	
29	254.900	-69.998	
29	255.000	-69.998	
29	255.100	-69.998	
29	255.200	-69.998	
29	255.300	-69.998	
29	255.400	-69.998	
29	255.500	-69.998	
29	255.600	-69.998	
29	255.700	-69.998	
29	255.800	-69.998	
29	255.900	-69.998	
29	256.000	-69.998	
29	256.100	-69.998	
29	256.200	-69.998	
29	256.300	-69.998	
29	256.400	-69.998	
29	256.500	-69.998	
29	256.600	-69.998	
29	256.700	-69.998	
29	256.800	-69.998	
29	256.900	-69.998	
29	257.000	-69.998	
29	257.100	-69.998	
29	257.200	-69.998	
29	257.300	-69.998	
29	257.400	-69.998	
29	257.500	-69.998	
29	257.600	-69.998	
29	257.700	-69.998	
29	257.800	-69.998	
29	257.900	-69.998	
29	258.000	-69.998	
29	258.100	-69.998	
29	258.200	-69.998	
29	258.300	-69.998	
29	258.400	-69.998	
29	258.500	-69.998	
29	258.600	-69.998	
29	258.700	-69.998	
29	258.800	-69.998	
29	258.900	-69.998	
29	259.000	-69.998	
29	259.100	-69.998	
29	259.200	-69.998	
29	259.300	-69.998	
29	259.400	-69.998	
29	259.500	-69.998	
29	259.600	-69.998	
29	259.700	-69.998	
29	259.800	-69.998	
29	259.900	-69.998	
29	260.000	-69.998	
29	260.100	-69.998	
29	260.200	-69.998	
29	260.300	-69.998	
29	260.400	-69.998	
29	260.500	-69.998	
29	260.600	-69.998	
29	260.700	-69.998	
29	260.800	-69.998	
29	260.900	-69.998	
29	261.000	-69.998	
29	261.100	-69.998	
29	261.200	-69.998	
29	261.300	-69.998	
29	261.400	-69.998	
29	261.500	-69.998	
29	261.600	-69.998	
29	261.700	-69.998	
29	261.800	-69.998	
29	261.900	-69.998	
29	262.000	-69.998	
29	262.100	-69.998	
29	262.200	-69.998	
29	262.300	-69.998	
29	262.400	-69.998	
29	262.500	-69.998	
29	262.600	-69.998	
29	262.700	-69.998	
29	262.800	-69.998	
29	262.900	-69.998	
29	263.000	-69.998	
29	263.100	-69.998	
29	263.200	-69.998	
29	263.300	-69.998	
29	263.400	-69.998	
29	263.500	-69.998	
29	263.600	-69.998	
29	263.700	-69.998	
29	263.800	-69.998	
29	263.900	-69.998	
29	264.000	-69.998	
29	264.100	-69.998	
29	264.200	-69.998	
29	264.300	-69.998	
29	264.400	-69.998	
29	264.500	-69.998	
29	264.600	-69.998	
29	264.700	-69.998	
29	264.800	-69.998	
29	264.900	-69.998	
29	265.000	-69.998	
29	265.100	-69.998	
29	265.200	-69.998	
29	265.300	-69.998	
29	265.400	-69.998	
29	265.500	-69.998	
29	265.600	-69.998	
29	265.700	-69.998	
29	265.800	-69.998	
29	265.900	-69.998	
29	266.000	-69.998	
29	266.100	-69.998	
29	266.200	-69.998	
29	266.300	-69.998	
29	266.400	-69.998	
29	266.500	-69.998	
29	266.600	-69.998	
29	266.700	-69.998	
29	266.800	-69.998	
29	266.900	-69.998	
29	267.000	-69.998	
29	267.100	-69.998	
29	267.200	-69.998	
29	267.300	-69.998	
29	267.400	-69.998	
29	267.500	-69.998	
29	267.600	-69.998	
29	267.700	-69.998	
29	267.800	-69.998	
29	267.900	-69.998	
29	268.000	-69.998	
29	268.100	-69.998	
29	268.200	-69.998	
29	268.300	-69.998	
29	268.400	-69.998	
29	268.500	-69.998	
29	268.600	-69.998	
29	268.700	-69.998	
29	268.800	-69.998	
29	268.900	-69.998	
29	269.000	-69.998	
29	269.100	-69.998	
29	269.200	-69.998	
29	269.300	-69.998	
29	269.400	-69.998	
29	269.500	-69.998	
29	269.600	-69.998	
29	269.700	-69.998	
29	269.800	-69.998	
29	269.900	-69.998	
29	270.000	-69.998	
29	270.100	-69.998	
29	270.200	-69.998	
29	270.300	-69.998	
29	270.400	-69.998	
29	270.500	-69.998	
29	270.600	-69.998	
29	270.700	-69.998	
29	270.800	-69.998	
29	270.900	-69.998	
29	271.000	-69.998	
29	271.100	-69.998	
29	271.200	-69.998	
29	271.300	-69.998	
29	271.400	-69.998	
29	271.500	-69.998	
29	271.600	-69.998	
29	271.700	-69.998	
29	271.800	-69.998	
29	271.900	-69.998	
29	272.000	-69.998	
29	272.100	-69.998	
29	272.200	-69.998	
29	272.300	-69.998	
29	272.400	-69.998	
29	272.500	-69.998	
29	272.600	-69.998	
29	272.700	-69.998	
29	272.800	-69.998	
29	272.900	-69.998	
29	273.000	-69.998	
29	273.100	-69.998	
29	273.200	-69.998	
29	273.300	-69.998	
29	273.400	-69.998	
29	273.500	-69.998	
29	273.600	-69.998	
29	273.700	-69.998	
29	273.800	-69.998	
29	273.900	-69.998	
29	274.000	-69.998	
29	274.100	-69.998	
29	274.200	-69.998	
29	274.300	-69.998	
29	274.400	-69.998	
29	274.500	-69.998	
29	274.600	-69.998	
29	274.700	-69.998	
29	274.800	-69.998	
29	274.900	-69.998	
29	275.000	-69.998	
29	275.100	-69.998	
29	275.200	-69.998	
29	275.300	-69.998	
29	275.400	-69.998	
29	275.500	-69.998	
29	275.600	-69.998	
29	275.700	-69.998	
29	275.800	-69.998	
29	275.900	-69.998	
29	276.000	-69.998	
29	276.100	-69.998	
29	276.200	-69.998	
29	276.300	-69.998	
29	276.400	-69.998	
29	276.500	-69.998	
29	276.600	-69.998	
29	276.700	-69.998	
29	276.800	-69.998	
29	276.900	-69.998	
29	277.000	-69.998	
29	277.100	-69.998	
29	277.200	-69.998	
29	277.300	-69.998	
29	277.400	-69.998	
29	277.500	-69.998	
29	277.600	-69.998	
29	277.700	-69.998	
29	277.800	-69.998	
29	277.900	-69.998	
29	278.000	-69.998	
29	278.100	-69.998	
29	278.200	-69.998	
29	278.300	-69.998	
29	278.400	-69.998	
29	278.500	-69.998	
29	278.600	-69.998	
29	278.700	-69.998	
29	278.800	-69.998	
29	278.900	-69.998	
29	279.000	-69.998	
29	279.100	-69.998	
29	279.200	-69.998	
29	279.300	-69.998	
29	279.400	-69.998	
29	279.500	-69.998	
29	279.600	-69.998	
29	279.700	-69.998	
29	279.800	-69.998	
29	279.900	-69.998	
29	280.000	-69.998	
29	280.100	-69.998	
29	280.200	-69.998	
29	280.300	-69.998	
29	280.400	-69.998	
29	280.500	-69.998	
29	280.600	-69.998	
29	280.700	-69.998	
29	280.800	-69.998	
29	280.900	-69.998	
29	281.000	-69.998	
29	281.100	-69.998	
29	281.200	-69.998	
29	281.300	-69.998	
29	281.400	-69.998	
29	281.500	-69.998	
29	281.600	-69.998	
29	281.700	-69.998	
29	281.800	-69.998	
29	281.900	-69.998	
29	282.000	-69.998	
29	282.100	-69.998	
29	282.200	-69.998	
29	282.300	-69.998	
29	282.400	-69.998	
29	282.500	-69.998	
29	282.600	-69.998	
29	282.700	-69.998	
29	282.800	-69.998	
29	282.900	-69.998	
29	283.000	-69.998	
29	283.100	-69.998	
29	283.200	-69.998	
29	283.300	-69.998	
29	283.400	-69.998	
29	283.500	-69.998	
29	283.600	-69.998	
29	283.700	-69.998	
29	283.800	-69.998	
29	283.900	-69.998	
29	284.000	-69.998	
29	284.100	-69.998	
29	284.200	-69.998	
29	284.300	-69.998	
29	284.400	-69.998	
29	284.500	-69.998	
29	284.600	-69.998	
29	284.700	-69.998	
29	284.800	-69.998	
29	284.900	-69.998	
29	285.000	-69.998	
29	285.100	-69.998	
29	285.200	-69.998	
29	285.300	-69.998	
29	285.400	-69.998	
29	285.500	-69.998	
29	285.600	-69.998	
29	285.700	-69.998	
29	285.800	-69.998	
29	285.900	-69.998	
29	286.000	-69.998	
29	286.100	-69.998	
29	286.200	-69.998	
29	286.300	-69.998	
29	286.400	-69.998	
29	286.500	-69.998	
29	286.600	-69.998	
29	286.700	-69.998	
29	286.800	-69.998	
29	286.900	-69.998	
29	287.000	-69.998	
29	287.100	-69.998	
29	287.200	-69.998	
29	287.300	-69.998	
29	287.400	-69.998	
29	287.500	-69.998	
29	287.600	-69.998	
29	287.700	-69.998	
29	287.800	-69.998	
29	287.900	-69.998	
29	288.000	-69.998	
29	288.100	-69.998	
29	288.200	-69.998	
29	288.300	-69.998	
29	288.400	-69.998	
29	288.500	-69.998	
29	288.600	-69.998	
29	288.700	-69.998	
29	288.800	-69.998	
29	288.900	-69.998	
29	289.000	-69.998	
29	289.100	-69.998	
29	289.200	-69.998	
29	289.300	-69.998	
29	289.400	-69.998	
29	289.500	-69.998	
29	289.600	-69.998	
29	289.700	-69.998	
29	289.800	-69.998	
29	289.900	-69.998	
29	290.000	-69.998	
29	290.100	-69.998	
29	290.200	-69.998	
29	290.300	-69.998	
29	290.400	-69.998	
29	290.500	-69.998	
29	290.600	-69.998	
29	290.700	-69.998	
29	290.800	-69.998	
29	290.900	-69.998	
29	291.000	-69.998	
29	291.100	-69.998	
29	291.200	-69.998	
29	291.300	-69.998	
29	291.400	-69.998	
29	291.500	-69.998	
29	291.600	-69.998	
29	291.700	-69.998	
29	291.800	-69.998	
29	291.900	-69.998	
29	292.000	-69.998	
29	292.100	-69.998	
29	292.200	-69.998	
29	292.300	-69.998	
29	292.400	-69.998	
29	292.500	-69.998	
29	292.600	-69.998	
29	292.700	-69.998	
29	292.800	-69.998	
29	292.900	-69.998	
29	293.000	-69.998	
29	293.100	-69.998	
29	293.200	-69.998	
29	293.300	-69.998	
29	293.400	-69.998	
29	293.500	-69.998	
29	293.600	-69.998	
29	293.700	-69.998	
29	293.800	-69.998	
29	293.900	-69.998	
29	294.000	-69.998	
29	294.100	-69.998	
29	294.200	-69.998	
29	294.300	-69.998	
29	294.400	-69.998	
29	294.500	-69.998	
29	294.600	-69.998	
29	294.700	-69.998	
29	294.800	-69.998	
29	294.900	-69.998	
29	295.000	-69.998	
29	295.100	-69.998	
29	295.200	-69.998	
29	295.300	-69.998	
29	295.400	-69.998	
29	295.500	-69.998	
29	295.600	-69.998	
29	295.700	-69.998	
29	295.800	-69.998	
29	295.900	-69.998	
29	296.000	-69.998	
29	296.100	-69.998	
29	296.200	-69.998	
29	296.300	-69.998	
29	296.400	-69.998	
29	296.500	-69.998	
29	296.600	-69.998	
29	296.700	-69.998	
29	296.800	-69.998	
29	296.900	-69.998	
29	297.000	-69.998	
29	297.100	-69.998	
29	297.200	-69.998	
29	297.300	-69.998	
29	297.400	-69.998	
29	297.500	-69.998	
29	297.600	-69.998	
29	297.700	-69.998	
29	297.800	-69.998	
29	297.900	-69.998	
29	298.000	-69.998	
29	298.100	-69.998	
29	298.200	-69.998	
29	298.300	-69.998	
29	298.400	-69.998	
29	298.500	-69.998	
29	298.600	-69.998	
29	298.700	-69.998	
29	298.800	-69.998	
29	298.900	-69.998	
29	299.000	-69.998	
29	299.100	-69.998	
29	299.200	-69.998	
29	299.300	-69.998	
29	299.400	-69.998	
29	299.500	-69.998	
29	299.600	-69.998	
29	299.700	-69.998	
29	299.800	-69.998	
29	299.900	-69.998	
29	300.000	-69.998	
29	300.100	-69.998	
29	300.200	-69.998	
29	300.300	-69.998	
29	300.400	-69.998	
29	300.500	-69.998	
29	300.600	-69.998	
29	300.700	-69.998	
29	300.800	-69.998	
29	300.900	-69.998	
29	301.000	-69.998	
29	301.100	-69.998	
29	301.200	-69.998	
29	301.300	-69.998	
29	301.400	-69.998	
29	301.500	-69.998	
29	301.600	-69.998	
29	301.700	-69.998	
29	301.800	-69.998	
29	301.900	-69.998	
29	302.000	-69.998	
29	302.100	-69.998	
29	302.200	-69.998	
29	302.300	-69.998	
29	302.400	-69.998	
29	302.500	-69.998	
29	302.600	-69.998	
29	302.700	-69.998	
29	302.800	-69.998	
29	302.900	-69.998	
29	303.000	-69.998	
29	303.100	-69.998	
29	303.200	-69.998	
29	303.300	-69.998	
29	303.400	-69.998	
29	303.500	-69.998	
29	303.600	-69.998	
29	303.700	-69.998	
29	303.800	-69.998	
29	303.900	-69.998	
29	304.000	-69.998	
29	304.100	-69.998	
29	304.200	-69.998	
29	304.300	-69.998	
29	304.400	-69.998	
29	304.500	-69.998	
29	304.600	-69.998	
29	304.700	-69.998	
29	304.800	-69.998	
29	304.900	-69.998	
29	305.000	-69.998	
29	305.100	-69.998	
29	305.200	-69.998	
29	305.300	-69.998	
29	305.400	-69.998	
29	305.500	-69.998	
29	305.600	-69.998	
29	305.700	-69.998	
29	305.800	-69.998	
29	305.900	-69.998	
29	306.000	-69.998	
29	306.100	-69.998	
29	306.200	-69.998	
29	306.300	-69.998	
29	306.400	-69.998	
29	306.500	-69.998	
29	306.600	-69.998	
29	306.700	-69.998	
29	306.800	-69.998	
29	306.900	-69.998	
29	307.000	-69.998	
29	307.100	-69.998	
29	307.200	-69.998	
29	307.300	-69.998	
29	307.400	-69.998	
29	307.500	-69.998	
29	307.600	-69.998	
29	307.700	-69.998	
29	307.800	-69.998	
29	307.900	-69.998	
29	308.000	-69.998	
29	308.100	-69.998	
29	308.200	-69.998	
29	308.300	-69.998	
29	308.400	-69.998	
29	308.500	-69.998	
29	308.600	-69.998	
29	308.700	-69.998	
29	308.800	-69.998	
29	308.900	-69.998	
29	309.000	-69.998	
29	309.100	-69.998	
29	309.200	-69.998	
29	309.300	-69.998	
29	309.400	-69.998	
29	309.500	-69.998	
29	309.600	-69.998	
29	309.700	-69.998	
29	309.800	-69.998	
29	309.900	-69.998	
29	310.000	-69.998	
29	310.100	-69.998	
29	310.200	-69.998	
29	310.300	-69.998	
29	310.400	-69.998	
29	310.500	-69.998	
29	310.600	-69.998	
29	310.700	-69.998	
29	310.800	-69.998	
29	310.900	-69.998	
29	311.000	-69.998	
29	311.100	-69.998	
29	311.200	-69.998	
29	311.300	-69.998	
29	311.400	-69.998	
29	311.500	-69.998	
29	311.600	-69.998	
29	311.700	-69.998	
29	311.800	-69.998	
29	311.900	-69.998	
29	312.000	-69.998	
29	312.100	-69.998	
29	312.200	-69.998	
29	312.300	-69.998	
29	312.400	-69.998	
29	312.500	-69.998	
29	312.600	-69.998	
29	312.700	-69.998	
29	312.800	-69.998	
29	312.900	-69.998	
29	313.000	-69.998	
29	313.100	-69.998	
29	313.200	-69.998	
29	313.300	-69.998	
29	313.400	-69.998	
29	313.500	-69.998	
29	313.600	-69.998	
29	313.700	-69.998	
29	313.800	-69.998	
29	313.900	-69.998	
29	314.000	-69.998	
29	314.100	-69.998	
29	314.200	-69.998	
29	314.300	-69.998	
29	314.400	-69.998	
29	314.500	-69.998	
29	314.600	-69.998	
29	314.700	-69.998	
29	314.800	-69.998	
29	314.900	-69.998	
29	315.000	-69.998	
29	315.100	-69.998	
29	315.200	-69.998	
29	315.300	-69.998	
29	315.400	-69.998	
29	315.500	-69.998	
29	315.600	-69.998	
29	315.700	-69.998	
29	315.800	-69.998	
29	315.900	-69.998	
29	316.000	-69.998	
29	316.100	-69.998	
29	316.200	-69.998	
29	316.300	-69.998	
29	316.400	-69.998	
29	316.500	-69.998	
29	316.600	-69.998	
29	316.700	-69.998	
29	316.800	-69.998	
29	316.900	-69.998	
29	317.000	-69.998	
29	317.100	-69.998	
29	317.200	-69.998	
29	317.300	-69.998	
29	317.400	-69.998	
29	317.500	-69.998	
29	317.600	-69.998	
29	317.700	-69.998	
29	317.800	-69.998	
29	317.900	-69.998	
29	318.000	-69.998	
29	318.100	-69.998	
29	318.200	-69.998	
29	318.300	-69.998	
29	318.400	-69.998	
29	318.500	-69.998	
29	318.600	-69.998	
29	318.700	-69.998	
29	318.800	-69.998	
29	318.900	-69.998	
29	319.000	-69.998	
29	319.100	-69.998	
29	319.200	-69.998	
29	319.300	-69.998	
29	319.400	-69.998	
29	319.500	-69.998	
29	319.600	-69.998	
29	319.700	-69.998	
29	319.800	-69.998	
29	319.900	-69.998	
29	320.000	-69.998	
29	320.100	-69.998	
29	320.200	-69.998	
29	320.300	-69.998	
29	320.400	-69.998	
29	320.500	-69.998	
29	320.600	-69.998	
29	320.700	-69.998	
29	320.800	-69.998	
29	320.900	-69.998	
29	321.000	-69.998	
29	321.100	-69.998	
29	321.200	-69.998	
29	321.300	-69.998	
29	321.400	-69.998	
29	321.500	-69.998	
29	321.600	-69.998	
29	321.700	-69.998	
29	321.800	-69.998	
29	321.900	-69.998	
29	322.000	-69.998	
29	322.100	-69.998	
29	322.200	-69.998	
29	322.300	-69.998	
29	322.400	-69.998	
29	322.500	-69.998	
29	322.600	-69.998	
29	322.700	-69.998	
29	322.800	-69.998	
29	322.900	-69.998	
29	323.000	-69.998	
29	323.100	-69.998	
29	323.200	-69.998	
29	323.300	-69.998	
29	323.400	-69.998	
29	323.500	-69.998	
29	323.600	-69.998	
29	323.700	-69.998	
29	323.800	-69.998	
29	323.900	-69.998	
29	324.000	-69.998	
29	324.100	-69.998	
29	324.200	-69.998	
29	324.300	-69.998	
29	324.400	-69.998	
29	324.500	-69.998	
29	324.600	-69.998	
29	324.700	-69.998	
29	324.800	-69.998	
29	324.900	-69.998	
29	325.000	-69.998	
29	325.100	-69.998	
29	325.200	-69.998	
29	325.300	-69.998	
29	325.400	-69.998	
29	325.500	-69.998	
29	325.600	-69.998	
29	325.700	-69.998	
29	325.800	-69.998	
29	325.900	-69.998	
29	326.000	-69.998	
29	326.100	-69.998	
29	326.200	-69.998	
29	326.300	-69.998	
29	326.400	-69.998	
29	326.500	-69.998	
29	326.600	-69.998	
29	326.700	-69.998	
29	326.800	-69.998	
29	326.900	-69.998	
29	327.000	-69.998	
29	327.100	-69.998	
29	327.200	-69.998	
29	327.300	-69.998	
29	327.400	-69.998	
29	327.500	-69.998	
29	327.600	-69.998	
29	327.700	-69.998	
29	327.800	-69.998	
29	327.900	-69.998	
29	328.000	-69.998	
29	328.100	-69.998	
29	328.200	-69.998	
29	328.300	-69.998	
29	328.400	-69.998	
29	328.500	-69.998	
29	328.600	-69.998	
29	328.700	-69.998	
29	328.800	-69.998	
29	328.900	-69.998	
29	329.000	-69.998	
29	329.100	-69.998	
29	329.200	-69.998	
29	329.300	-69.998	
29	329.400	-69.998	
29	329.500	-69.998	
29	329.600	-69.998	
29	329.700	-69.998	
29	329.800	-69.998	
29	329.900	-69.998	
29	330.000	-69.998	
29	330.100	-69.998	
29	330.200	-69.998	
29	330.300	-69.998	
29	330.400	-69.998	
29	330.500	-69.998	
29	330.600	-69.998	
29	330.700	-69.998	
29	330.800	-69.998	
29	330.900	-69.998	
29	331.000	-69.998	
29	331.100	-69.998	
29	331.200	-69.998	
29	331.300	-69.998	
29	331.400	-69.998	
29	331.500	-69.998	
29	331.600	-69.998	
29	331.700	-69.998	
29	331.800	-69.998	
29	331.900	-69.998	
29	332.000	-69.998	
29	332.100	-69.998	
29	332.200	-69.998	
29	332.300	-69.998	
29	332.400	-69.998	
29	332.500	-69.998	
29	332.600	-69.998	
29	332.700	-69.998	
29	332.800	-69.998	
29	332.900	-69.998	
29	333.000	-69.998	
29	333.100	-69.998	
29	333.200	-69.998	
29	333.300	-69.998	
29	333.400	-69.998	
29	333.500	-69.998	
29	333.600	-69.998	
29	333.700	-69.998	
29	333.800	-69.998	
29	333.900	-69.998	
29	334.000	-69.998	
29	334.100	-69.998	
29	334.200	-69.998	
29	334.300	-69.998	
29	334.400	-69.998	
29	334.500	-69.998	
29	334.600	-69.998	
29	334.700	-69.998	
29	334.800	-69.998	
29	334.900	-69.998	
29	335.000	-69.998	
29	335.100	-69.998	
29	335.200	-69.998	
29	335.300	-69.998	
29	335.400	-69.998	
29	335.500	-69.998	
29	335.600	-69.998	
29	335.700	-69.998	
29	335.800	-69.998	
29	335.900	-69.998	
29	336.000	-69.998	
29	336.100	-69.998	
29	336.200	-69.998	
29	336.300	-69.998	
29	336.400	-69.998	
29	336.500	-69.998	
29	336.600	-69.998	
29	336.700	-69.998	
29	336.800	-69.998	
29	336.900	-69.998	
29	337.000	-69.998	
29	337.100	-69.998	
29	337.200	-69.998	
29	337.300	-69.998	
29	337.400	-69.998	
29	337.500	-69.998	
29	337.600	-69.998	
29	337.700	-69.998	
29	337.800	-69.998	
29	337.900	-69.998	
29	338.000	-69.998	
29	338.100	-69.998	
29	338.200	-69.998	
29	338.300	-69.998	
29	338.400	-69.998	
29	338.500	-69.998	
29	338.600	-69.998	
29	338.700	-69.998	
29	338.800	-69.998	
29	338.900	-69.998	
29	339.000	-69.998	
29	339.100	-69.998	
29	339.200	-69.998	
29	339.300	-69.998	
29	339.400	-69.998	
29	339.500	-69.998	
29	339.600	-69.998	
29	339.700	-69.998	
29	339.800	-69.998	
29	339.900	-69.998	
29	340.000	-69.998	
29	340.100	-69.998	
29	340.200	-69.998	
29	340.300	-69.998	
29	340.400	-69.998	
29	340.500	-69.998	
29	340.600	-69.998	
29	340.700	-69.998	
29	340.800	-69.998	
29	340.900	-69.998	
29	341.000	-69.998	
29	341.100	-69.998	
29	341.200	-69.998	
29	341.300	-69.998	
29	341.400	-69.998	
29	341.500	-69.998	
29	341.600	-69.998	
29	341.700	-69.998	
29	341.800	-69.998	
29	341.900	-69.998	
29	342.000	-69.998	
29	342.100	-69.998	
29	342.200	-69.998	
29	342.300	-69.998	
29	342.400	-69.998	
29	342.500	-69.998	
29	342.600	-69.998	
29	342.700	-69.998	
29	342.800	-69.998	
29	342.900	-69.998	
29	343.000	-69.998	
29	343.100	-69.998	
29	343.200	-69.998	
29	343.300	-69.998	
29	343.400	-69.998	
29	343.500	-69.998	
29	343.600	-69.998	
29	343.700	-69.998	
29	343.800	-69.998	
29	343.900	-69.998	
29	344.000	-69.998	
29	344.100	-69.998	
29	344.200	-69.998	
29	344.300	-69.998	
29	344.400	-69.998	
29	344.500	-69.998	
29	344.600	-69.998	
29	344.700	-69.998	
29	344.800	-69.998	
29	344.900	-69.998	
29	345.000	-69.998	
29	345.100	-69.998	
29	345.200	-69.998	
29	345.300	-69.998	
29	345.400	-69.998	
29	345.500	-69.998	
29	345.600	-69.998	
29	345.700	-69.998	
29	345.800	-69.998	
29	345.900	-69.998	
29	346.000	-69.998	
29	346.100	-69.998	
29	346.200	-69.998	
29	346.300	-69.998	
29	346.400	-69.998	
29	346.500	-69.998	
29	346.600	-69.998	
29	346.700	-69.998	
29	346.800	-69.998	
29	346.900	-69.998	
29	347.000	-69.998	
29	347.100	-69.998	
29	347.200	-69.998	
29	347.300	-69.998	
29	347.400	-69.998	
29	347.500	-69.998	
29	347.600	-69.998	
29	347.700	-69.998	
29	347.800	-69.998	
29	347.900	-69.998	
29	348.000	-69.998	
29	348.100	-69.998	
29	348.200	-69.998	
29	348.300	-69.998	
29	348.400	-69.998	
29	348.500	-69.998	
29	348.600	-69.998	
29	348.700	-69.998	
29	348.800	-69.998	
29	348.900	-69.998	
29	349.000	-69.998	
29	349.100	-69.998	
29	349.200	-69.998	
29	349.300	-69.998	
29	349.400	-69.998	
29	349.500	-69.998	
29	349.600	-69.998	
29	349.700	-69.998	
29	349.800	-69.998	
29	349.900	-69.998	
29	350.000	-69.998	
29	350.100	-69.998	
29	350.200	-69.998	
29	350.300	-69.998	
29	350.400	-69.998	
29	350.500	-69.998	
29	350.600	-69.998	
29	350.700	-69.998	
29	350.800	-69.998	
29	350.900	-69.998	
29	351.000	-69.998	
29	351.100	-69.998	
29	351.200	-69.998	
29	351.300	-69.998	
29	351.400	-69.998	
29	351.500	-69.998	
29	351.600	-69.998	
29	351.700	-69.998	
29	351.800	-69.998	
29	351.900	-69.998	
29	352.000	-69.998	
29	352.100	-69.998	
29	352.200	-69.998	
29	352.300	-69.998	
29	352.400	-69.998	
29	352.500	-69.998	
29	352.600	-69.998	
29	352.700	-69.998	
29	352.800	-69.998	
29	352.900	-69.998	
29	353.000	-69.998	
29	353.100	-69.998	
29	353.200	-69.998	
29	353.300	-69.998	
29	353.400	-69.998	
29	353.500	-69.998	
29	353.600	-69.998	
29	353.700	-69.998	
29	353.800	-69.998	
29	353.900	-69.998	
29	354.000	-69.998	
29	354.100	-69.998	
29	354.200	-69.998	
29	354.300	-69.998	
29	354.400	-69.998	
29	354.500	-69.998	
29	354.600	-69.998	
29	354.700	-69.998	
29	354.800	-69.998	
29	354.900	-69.998	
29	355.000	-69.998	
29	355.100	-69.998	
29	355.200	-69.998	
29	355.300	-69.998	
29	355.400	-69.998	
29	355.500	-69.998	
29	355.600	-69.998	
29	355.700	-69.998	
29	355.800	-69.998	
29	355.900	-69.998	
29	356.000	-69.998	
29	356.100	-69.998	
29	356.200	-69.998	
29	356.300	-69.998	
29	356.400	-69.998	
29	356.500	-69.998	
29	356.600	-69.998	
29	356.700	-69.998	
29	356.800	-69.998	
29	356.900	-69.998	
29	357.000	-69.998	
29	357.100	-69.998	
29	357.200	-69.998	
29	357.300	-69.998	
29	357.400	-69.998	
29	357.500	-69.998	
29	357.600	-69.998	
29	357.700	-69.998	
29	357.800	-69.998	
29	357.900	-69.998	
29	358.000	-69.998	
29	358.100	-69.998	
29	358.200	-69.998	
29	358.300	-69.998	
29	358.400	-69.998	
29	358.500	-69.998	
29	358.600	-69.998	
29	358.700	-69.998	
29	358.800	-69.998	
29	358.900	-69.998	
29	359.000	-69.998	
29	359.100	-69.998	
29	359.200	-69.998	
29	359.300	-69.998	
29	359.400	-69.998	
29	359.500	-69.998	
29	359.600	-69.998	
29	359.700	-69.998	
29	359.800	-69.998	
29	359.900	-69.998	
29	360.000	-69.998	
29	360.100	-69.998	
29	360.200	-69.998	
29	360.300	-69.998	
29	360.400	-69.998	
29	360.500	-69.998	
29	360.600	-69.998	
29	360.700	-69.998	
29	360.800	-69.998	
29	360.900	-69.998	
29	361.000	-69.998	
29	361.100	-69.998	
29	361.200	-69.998	
29	361.300	-69.998	
29	361.400	-69.998	
29	361.500	-69.998	
29	361.600	-69.998	
29	361.700	-69.998	
29	361.800	-69.998	
29	361.900	-69.998	
29	362.000	-69.998	
29	362.100	-69.998	
29	362.200	-69.998	
29	362.300	-69.998	
29	362.400	-69.998	
29	362.500	-69.998	
29	362.600	-69.998	
29	362.700	-69.998	
29	362.800	-69.998	
29	362.900	-69.998	
29	363.000	-69.998	
29	363.100	-69.998	
29	363.200	-69.998	
29	363.300	-69.998	
29	363.400	-69.998	
29	363.500	-69.998	
29	363.600	-69.998	
29	363.700	-69.998	
29	363.800	-69.998	
29	363.900	-69.998	
29	364.000	-69.998	
29	364.100	-69.998	
29	364.200	-69.998	
29	364.300	-69.998	
29	364.400	-69.998	
29	364.500	-69.998	
29	364.600	-69.998	
29	364.700	-69.998	
29	364.800	-69.998	
29	364.900	-69.998	
29	365.000	-69.998	
29	365.100	-69.998	
29	365.200	-69.998	
29	365.300	-69.998	
29	365.400	-69.998	
29	365.500	-69.998	
29	365.600	-69.998	
29	365.700	-69.998	
29	365.800	-69.998	
29	365.900	-69.998	
29	366.000	-69.998	
29	366.100	-69.998	
29	366.200	-69.998	
29	366.300	-69.998	
29	366.400	-69.998	
29	366.500	-69.998	
29	366.600	-69.998	
29	366.700	-69.998	
29	366.800	-69.998	
29	366.900	-69.998	
29	367.000	-69.998	
29	367.100	-69.998	
29	367.200	-69.998	
29	367.300	-69.998	
29	367.400	-69.998	
29	367.500	-69.998	
29	367.600	-69.998	
29	367.700	-69.998	
29	367.800	-69.998	
29	367.900	-69.998	
29	368.000	-69.998	
29	368.100	-69.998	
29	368.200	-69.998	
29	368.300	-69.998	
29	368.400	-69.998	
29	368.500	-69.998	
29	368.600	-69.998	
29	368.700	-69.998	
29	368.800	-69.998	
29	368.900	-69.998	
29	369.000	-69.998	
29	369.100	-69.998	
29	369.200	-69.998	
29	369.300	-69.998	
29	369.400	-69.998	
29	369.500	-69.998	
29	369.600	-69.998	
29	369.700	-69.998	
29	369.800	-69.998	
29	369.900	-69.998	
29	370.000	-69.998	
29	370.100	-69.998	
29	370.200	-69.998	
29	370.300	-69.998	
29	370.400	-69.998	
29	370.500	-69.998	
29	370.600	-69.998	
29	370.700	-69.998	
29	370.800	-69.998	
29	370.900	-69.998	
29	371.000	-69.998	
29	371.100	-69.998	
29	371.200	-69.998	
29	371.300	-69.998	
29	371.400	-69.998	
29	371.500	-69.998	
29	371.600	-69.998	
29	371.700	-69.998	
29	371.800	-69.998	
29	371.900	-69.998	
29	372.000	-69.998	
29	372.100	-69.998	
29	372.200	-69.998	
29	372.300	-69.998	
29	372.400	-69.998	
29	372.500	-69.998	
29	372.600	-69.998	
29	372.700	-69.998	
29	372.800	-69.998	
29	372.900	-69.998	
29	373.000	-69.998	
29	373.100	-69.998	
29	373.200	-69.998	
29	373.300	-69.998	
29	373.400	-69.998	
29	373.500	-69.998	
29	373.600	-69.998	
29	373.700	-69.998	
29	373.800	-69.998	
29	373.900	-69.998	
29	374.000	-69.998	
29	374.100	-69.998	
29	374.200	-69.998	
29	374.300	-69.998	
29	374.400	-69.998	
29	374.500	-69.998	
29	374.600	-69.998	
29	374.700	-69.998	
29	374.800	-69.998	
29	374.900	-69.998	
29	375.000	-69.998	
29	375.100	-69.998	
29	375.200	-69.998	
29	375.300	-69.998	
29	375.400	-69.998	
29	375.500	-69.998	
29	375.600	-69.998	
29	375.700	-69.998	
29	375.800	-69.998	
29	375.900	-69.998	
29	376.000	-69.998	
29	376.100	-69.998	
29	376.200	-69.998	
29	376.300	-69.998	
29	376.400	-69.998	
29	376.500	-69.998	
29	376.600	-69.998	
29	376.700	-69.998	
29	376.800	-69.998	
29	376.900	-69.998	
29	377.000	-69.998	
29	377.100	-69.998	
29	377.200	-69.998	
29	377.300	-69.998	
29	377.400	-69.998	
29	377.500	-69.998	
29	377.600	-69.998	
29	377.700	-69.998	
29	377.800	-69.998	
29	377.900	-69.998	
29	378.000	-69.998	
29	378.100	-69.998	
29	378.200	-69.998	
29	378.300	-69.998	
29	378.400	-69.998	
29	378.500	-69.998	
29	378.600	-69.998	
29	378.700	-69.998	
29	378.800	-69.998	
29	378.900	-69.998	
29	379.000	-69.998	
29	379.100	-69.998	
29	379.200	-69.998	
29	379.300	-69.998	
29	379.400	-69.998	
29	379.500	-69.998	
29	379.600	-69.998	
29	379.700	-69.998	
29	379.800	-69.998	
29	379.900	-69.998	
29	380.000	-69.998	
29	380.100	-69.998	
29	380.200	-69.998	
29	380.300	-69.998	
29	380.400	-69.998	
29	380.500	-69.998	
29	380.600	-69.998	
29	380.700	-69.998	
29	380.800	-69.998	
29	380.900	-69.998	
29	381.000	-69.998	
29	381.100	-69.998	
29	381.200	-69.998	
29	381.300	-69.998	
29	381.400	-69.998	
29	381.500	-69.998	
29	381.600	-69.998	
29	381.700	-69.998	
29	381.800	-69.998	
29	381.900	-69.998	
29	382.000	-69.998	
29	382.100	-69.998	
29	382.200	-69.998	
29	382.300	-69.998	
29	382.400	-69.998	
29	382.500	-69.998	
29	382.600	-69.998	
29	382.700	-69.998	
29	382.800	-69.998	
29	382.900	-69.998	
29	383.000	-69.998	
29	383.100	-69.998	
29	383.200	-69.998	
29	383.300	-69.998	
29	383.400	-69.998	
29	383.500	-69.998	
29	383.600	-69.998	
29	383.700	-69.998	
29	383.800	-69.998	
29	383.900	-69.998	
29	384.000	-69.998	
29	384.100	-69.998	
29	384.200	-69.998	
29	384.300	-69.998	
29	384.400	-69.998	
29	384.500	-69.998	
29	384.600	-69.998	
29	384.700	-69.998	
29	384.800	-69.998	
29	384.900	-69.998	
29	385.000	-69.998	
29	385.100	-69.998	
29	385.200	-69.998	
29	385.300	-69.998	
29	385.400	-69.998	
29	385.500	-69.998	
29	385.600	-69.998	
29	385.700	-69.998	
29	385.800	-69.998	
29	385.900	-69.998	
29	386.000	-69.998	
29	386.100	-69.998	
29	386.200	-69.998	
29	386.300	-69.998	
29	386.400	-69.998	
29	386.500	-69.998	
29	386.600	-69.998	
29	386.700	-69.998	
29	386.800	-69.998	
29	386.900	-69.998	
29	387.000	-69.998	
29	387.100	-69.998	
29	387.200	-69.998	
29	387.300	-69.998	
29	387.400	-69.998	
29	387.500	-69.998	
29	387.600	-69.998	
29	387.700	-69.998	
29	387.800	-69.998	
29	387.900	-69.998	
29	388.000	-69.998	
29	388.100	-69.998	
29	388.200	-69.998	
29	388.300	-69.998	
29	388.400	-69.998	
29	388.500	-69.998	
29	388.600	-69.998	
29	388.700	-69.998	
29	388.800	-69.998	
29	388.900	-69.998	
29	389.000	-69.998	
29	389.100	-69.998	
29	389.200	-69.998	
29	389.300	-69.998	
29	389.400	-69.998	
29	389.500	-69.998	
29	389.600	-69.998	
29	389.700	-69.998	
29	389.800	-69.998	
29	389.900	-69.998	
29	390.000	-69.998	
29	390.100	-69.998	
29	390.200	-69.998	
29	390.300	-69.998	
29	390.400	-69.998	
29	390.500	-69.998	
29	390.600	-69.998	
29	390.700	-69.998	
29	390.800	-69.998	
29	390.900	-69.998	
29	391.000	-69.998	
29	391.100	-69.998	
29	391.200	-69.998	
29	391.300	-69.998	
29	391.400	-69.998	
29	391.500	-69.998	
29	391.600	-69.998	
29	391.700	-69.998	
29	391.800	-69.998	
29	391.900	-69.998	
29	392.000	-69.998	
29	392.100	-69.998	
29	392.200	-69.998	
29	392.300	-69.998	
29	392.400	-69.998	
29	392.500	-69.998	
29	392.600	-69.998	
29	392.700	-69.998	
29	392.800	-69.998	
29	392.900	-69.998	
29	393.000	-69.998	
29	393.100	-69.998	
29	393.200	-69.998	
29	393.300	-69.998	
29	393.400	-69.998	
29	393.500	-69.998	
29	393.600	-69.998	
29	393.700	-69.998	
29	393.800	-69.998	
29	393.900	-69.998	
29	394.000	-69.998	
29	394.100	-69.998	
29	394.200	-69.998	
29	394.300	-69.998	
29	394.400	-69.998	
29	394.500	-69.998	
29	394.600	-69.998	
29	394.700	-69.998	
29	394.800	-69.998	
29	394.900	-69.998	
29	395.000	-69.998	
29	395.100	-69.998	
29	395.200	-69.998	
29	395.300	-69.998	
29	395.400	-69.998	
29	395.500	-69.998	
29	395.600	-69.998	
29	395.700	-69.998	
29	395.800	-69.998	
29	395.900	-69.998	
29	396.000	-69.998	
29	396.100	-69.998	
29	396.200	-69.998	
29	396.300	-69.998	
29	396.400	-69.998	
29	396.500	-69.998	
29	396.600	-69.998	
29	396.700	-69.998	
29	396.800	-69.998	
29	396.900	-69.998	
29	397.000	-69.998	
29	397.100	-69.998	
29	397.200	-69.998	
29	397.300	-69.998	
29	397.400	-69.998	
29	397.500	-69.998	
29	397.600	-69.998	
29	397.700	-69.998	
29	397.800	-69.998	
29	397.900	-69.998	
29	398.000	-69.998	
29	398.100	-69.998	
29	398.200	-69.998	
29	398.300	-69.998	
29	398.400	-69.998	
29	398.500	-69.998	
29	398.600	-69.998	
29	398.700	-69.998	
29	398.800	-69.998	
29	398.900	-69.998	
29	399.000	-69.998	
29	399.100	-69.998	
29	399.200	-69.998	
29	399.300	-69.998	
29	399.400	-69.998	
29	399.500	-69.998	
29	399.600	-69.998	
29	399.700	-69.998	
29	399.800	-69.998	
29	399.900	-69.998	
29	400.000	-69.998	
29	400.100	-69.998	
29	400.200	-69.998	
29	400.300	-69.998	
29	400.400	-69.998	
29	400.500	-69.998	
29	400.600	-69.998	
29	400.700	-69.998	
29	400.800	-69.998	
29	400.900	-69.998	
29	401.000	-69.998	
29	401.100	-69.998	
29	401.200	-69.998	
29	401.300	-69.998	
29	401.400	-69.998	
29	401.500	-69.998	
29	401.600	-69.998	
29	401.700	-69.998	
29	401.800	-69.998	
29	401.900	-69.998	
29	402.000	-69.998	
29	402.100	-69.998	
29	402.200	-69.998	
29	402.300	-69.998	
29	402.400	-69.998	
29	402.500	-69.998	
29	402.600	-69.998	
29	402.700	-69.998	
29	402.800	-69.998	
29	402.900	-69.998	
29	403.000	-69.998	
29	403.100	-69.998	
29	403.200	-69.998	
29	403.300	-69.998	
29	403.400	-69.998	
29	403.500	-69.998	
29	403.600	-69.998	
29	403.700	-69.998	
29	403.800	-69.998	
29	403.900	-69.998	
29	404.000	-69.998	
29	404.100	-69.998	
29	404.200	-69.998	
29	404.300	-69.998	
29	404.400	-69.998	
29	404.500	-69.998	
29	404.600	-69.998	
29	404.700	-69.998	
29	404.800	-69.998	
29	404.900	-69.998	
29	405.000	-69.998	
29	405.100	-69.998	
29	405.200	-69.998	
29	405.300	-69.998	
29	405.400	-69.998	
29	405.500	-69.998	
29	405.600	-69.998	
29	405.700	-69.998	
29	405.800	-69.998	
29	405.900	-69.998	
29	406.000	-69.998	
29	406.100	-69.998	
29	406.200	-69.998	
29	406.300	-69.998	
29	406.400	-69.998	
29	406.500	-69.998	
29	406.600	-69.998	
29	406.700	-69.998	
29	406.800	-69.998	
29	406.900	-69.998	
29	407.000	-69.998	
29	407.100	-69.998	
29	407.200	-69.998	
29	407.300	-69.998	
29	407.400	-69.998	
29	407.500	-69.998	
29	407.600	-69.998	
29	407.700	-69.998	
29	407.800	-69.998	
29	407.900	-69.998	
29	408.000	-69.998	
29	408.100	-69.998	
29	408.200	-69.998	
29	408.300	-69.998	
29	408.400	-69.998	
29	408.500	-69.998	
29	408.600	-69.998	
29	408.700	-69.998	
29	408.800	-69.998	
29	408.900	-69.998	
29	409.000	-69.998	
29	409.100	-69.998	
29	409.200	-69.998	
29	409.300	-69.998	
29	409.400	-69.998	
29	409.500	-69.998	
29	409.600	-69.998	
29	409.700	-69.998	
29	409.800	-69.998	
29	409.900	-69.998	
29	410.000	-69.998	
29	410.100	-69.998	
29	410.200	-69.998	
29	410.300	-69.998	
29	410.400	-69.998	
29	410.500	-69.998	
29	410.600	-69.998	
29	410.700	-69.998	
29	410.800	-69.998	
29	410.900	-69.998	
29	411.000	-69.998	
29	411.100	-69.998	
29	411.200	-69.998	
29	411.300	-69.998	
29	411.400	-69.998	
29	411.500	-69.998	
29	411.600	-69.998	
29	411.700	-69.998	
29	411.800	-69.998	
29	411.900	-69.998	
29	412.000	-69.998	
29	412.100	-69.998	
29	412.200	-69.998	
29	412.300	-69.998	
29	412.400	-69.998	
29	412.500	-69.998	
29	412.600	-69.998	
29	412.700	-69.998	
29	412.800	-69.998	
29	412.900	-69.998	
29	413.000	-69.998	
29	413.100	-69.998	
29	413.200	-69.998	
29	413.300	-69.998	
29	413.400	-69.998	
29	413.500	-69.998	
29	413.600	-69.998	
29	413.700	-69.998	
29	413.800	-69.998	
29	413.900	-69.998	
29	414.000	-69.998	
29	414.100	-69.998	
29	414.200	-69.998	
29	414.300	-69.998	
29	414.400	-69.998	
29	414.500	-69.998	
29	414.600	-69.998	
29	414.700	-69.998	
29	414.800	-69.998	
29	414.900	-69.998	
29	415.000	-69.998	
29	415.100	-69.998	
29	415.200	-69.998	
29	415.300	-69.998	
29	415.400	-69.998	
29	415.500	-69.998	
29	415.600	-69.998	
29	415.700	-69.998	
29	415.800	-69.998	
29	415.900	-69.998	
29	416.000	-69.998	
29	416.100	-69.998	
29	416.200	-69.998	
29	416.300	-69.998	
29	416.400	-69.998	
29	416.500	-69.998	
29	416.600	-69.998	
29	416.700	-69.998	
29	416.800	-69.998	
29	416.900	-69.998	
29	417.000	-69.998	
29	417.100	-69.998	
29	417.200	-69.998	
29	417.300	-69.998	
29	417.400	-69.998	
29	417.500	-69.998	
29	417.600	-69.998	
29	417.700	-69.998	
29	417.800	-69.998	
29	417.900	-69.998	
29	418.000	-69.998	
29	418.100	-69.998	
29	418.200	-69.998	
29	418.300	-69.998	
29	418.400	-69.998	
29	418.500	-69.998	
29	418.600	-69.998	
29	418.700	-69.998	
29	418.800	-69.998	
29	418.900	-69.998	
29	419.000	-69.998	
29	419.100	-69.998	
29	419.200	-69.998	
29	419.300	-69.998	
29	419.400	-69.998	
29	419.500	-69.998	
29	419.600	-69.998	
29	419.700	-69.998	
29	419.800	-69.998	
29	419.900	-69.998	
29	420.000	-69.998	
29	420.100	-69.998	
29	420.200	-69.998	
29	420.300	-69.998	
29	420.400	-69.998	
29	420.500	-69.998	
29	420.600	-69.998	
29	420.700	-69.998	
29	420.800	-69.998	
29	420.900	-69.998	
29	421.000	-69.998	
29	421.100	-69.998	
29	421.200	-69.998	
29	421.300	-69.998	
29	421.400	-69.998	
29	421.500	-69.998	
29	421.600	-69.998	
29	421.700	-69.998	
29	421.800	-69.998	
29	421.900	-69.998	
29	422.000	-69.998	
29	422.100	-69.998	
29	422.200	-69.998	
29	422.300	-69.998	
29	422.400	-69.998	
29	422.500	-69.998	
29	422.600	-69.998	
29	422.700	-69.998	
29	422.800	-69.998	
29	422.900	-69.998	
29	423.000	-69.998	
29	423.100	-69.998	
29	423.200	-69.998	
29	423.300	-69.998	
29	423.400	-69.998	
29	423.500	-69.998	
29	423.600	-69.998	
29	423.700	-69.998	
29	423.800	-69.998	
29	423.900	-69.998	
29	424.000	-69.998	
29	424.100	-69.998	
29	424.200	-69.998	
29	424.300	-69.998	
29	424.400	-69.998	
29	424.500	-69.998	
29	424.600	-69.998	
29	424.700	-69.998	
29	424.800	-69.998	
29	424.900	-69.998	
29	425.000	-69.998	
29	425.100	-69.998	
29	425.200	-69.998	
29	425.300	-69.998	
29	425.400	-69.998	
29	425.500	-69.998	
29	425.600	-69.998	
29	425.700	-69.998	
29	425.800	-69.998	
29	425.900	-69.998	
29	426.000	-69.998	
29	426.100	-69.998	
29	426.200	-69.998	
29	426.300	-69.998	
29	426.400	-69.998	
29	426.500	-69.998	
29	426.600	-69.998	
29	426.700	-69.998	
29	426.800	-69.998	
29	426.900	-69.998	
29	427.000	-69.998	
29	427.100	-69.998	
29	427.200	-69.998	
29	427.300	-69.998	
29	427.400	-69.998	
29	427.500	-69.998	
29	427.600	-69.998	
29	427.700	-69.998	
29	427.800	-69.998	
29	427.900	-69.998	
29	428.000	-69.998	
29	428.100	-69.998	
29	428.200	-69.998	
29	428.300	-69.998	
29	428.400	-69.998	
29	428.500	-69.998	
29	428.600	-69.998	
29	428.700	-69.998	
29	428.800	-69.998	
29	428.900	-69.998	
29	429.000	-69.998	
29	429.100	-69.998	
29	429.200	-69.998	
29	429.300	-69.998	
29	429.400	-69.998	
29	429.500	-69.998	
29	429.600	-69.998	
29	429.700	-69.998	
29	429.800	-69.998	
29	429.900	-69.998	
29	430.000	-69.998	
29	430.100	-69.998	
29	430.200	-69.998	
29	430.300	-69.998	
29	430.400	-69.998	
29	430.500	-69.998	
29	430.600	-69.998	
29	430.700	-69.998	
29	430.800	-69.998	
29	430.900	-69.998	
29	431.000	-69.998	
29	431.100	-69.998	
29	431.200	-69.998	
29	431.300	-69.998	
29	431.400	-69.998	
29	431.500	-69.998	
29	431.600	-69.998	
29	431.700	-69.998	
29	431.800	-69.998	
29	431.900	-69.998	
29	432.000	-69.998	
29	432.100	-69.998	
29	432.200	-69.998	
29	432.300	-69.998	
29	432.400	-69.998	
29	432.500	-69.998	
29	432.600	-69.998	
29	432.700	-69.998	
29	432.800	-69.998	
29	432.900	-69.998	
29	433.000	-69.998	
29	433.100	-69.998	
29	433.200	-69.998	
29	433.300	-69.998	
29	433.400	-69.998	
29	433.500	-69.998	
29	433.600	-69.998	
29	433.700	-69.998	
29	433.800	-69.998	
29	433.900	-69.998	
29	434.000	-69.998	
29	434.100	-69.998	
29	434.200	-69.998	
29	434.300	-69.998	
29	434.400	-69.998	
29	434.500	-69.998	
29	434.600	-69.998	
29	434.700	-69.998	
29	434.800	-69.998	
29	434.900	-69.998	
29	435.000	-69.998	
29	435.100	-69.998	
29	435.200	-69.998	
29	435.300	-69.998	
29	435.400	-69.998	
29	435.500	-69.998	
29	435.600	-69.998	
29	435.700	-69.998	
29	435.800	-69.998	
29	435.900	-69.998	
29	436.000	-69.998	
29	436.100	-69.998	
29	436.200	-69.998	
29	436.300	-69.998	
29	436.400	-69.998	
29	436.500	-69.998	
29	436.600	-69.998	
29	436.700	-69.998	
29	436.800	-69.998	
29	436.900	-69.998	
29	437.000	-69.998	
29	437.100	-69.998	
29	437.200	-69.998	
29	437.300	-69.998	
29	437.400	-69.998	
29	437.500	-69.998	
29	437.600	-69.998	
29	437.700	-69.998	
29	437.800	-69.998	
29	437.900	-69.998	
29	438.000	-69.998	
29	438.100	-69.998	
29	438.200	-69.998	
29	438.300	-69.998	
29	438.400	-69.998	
29	438.500	-69.998	
29	438.600	-69.998	
29	438.700	-69.998	
29	438.800	-69.998	
29	438.900	-69.998	
29	439.000	-69.998	
29	439.100	-69.998	
29	439.200	-69.998	
29	439.300	-69.998	
29	439.400	-69.998	
29	439.500	-69.998	
29	439.600	-69.998	
29	439.700	-69.998	
29	439.800	-69.998	
29	439.900	-69.998	
29	440.000	-69.998	
29	440.100	-69.998	
29	440.200	-69.998	
29	440.300	-69.998	
29	440.400	-69.998	
29	440.500	-69.998	
29	440.600	-69.998	
29	440.700	-69.998	
29	440.800	-69.998	
29	440.900	-69.998	
29	441.000	-69.998	
29	441.100	-69.998	
29	441.200	-69.998	
29	441.300	-69.998	
29	441.400	-69.998	
29	441.500	-69.998	
29	441.600	-69.998	
29	441.700	-69.998	
29	441.800	-69.998	
29	441.900	-69.998	
29	442.000	-69.998	
29	442.100	-69.998	
29	442.200	-69.998	
29	442.300	-69.998	
29	442.400	-69.998	
29	442.500	-69.998	
29	442.600	-69.998	
29	442.700	-69.998	
29	442.800	-69.998	
29	442.900	-69.998	
29	443.000	-69.998	
29	443.100	-69.998	
29	443.200	-69.998	
29	443.300	-69.998	
29	443.400	-69.998	
29	443.500	-69.998	
29	443.600	-69.998	
29	443.700	-69.998	
29	443.800	-69.998	
29	443.900	-69.998	
29	444.000	-69.998	
29	444.100	-69.998	
29	444.200	-69.998	
29	444.300	-69.998	
29	444.400	-69.998	
29	444.500	-69.998	
29	444.600	-69.998	
29	444.700	-69.998	
29	444.800	-69.998	
29	444.900	-69.998	
29	445.000	-69.998	
29	445.100	-69.998	
29	445.200	-69.998	
29	445.300	-69.998	
29	445.400	-69.998	
29	445.500	-69.998	
29	445.600	-69.998	
29	445.700	-69.998	
29	445.800	-69.998	
29	445.900	-69.998	
29	446.000	-69.998	
29	446.100	-69.998	
29	446.200	-69.998	
29	446.300	-69.998	
29	446.400	-69.998	
29	446.500	-69.998	
29	446.600	-69.998	
29	446.700	-69.998	
29	446.800	-69.998	
29	446.900	-69.998	
29	447.000	-69.998	
29	447.100	-69.998	
29	447.200	-69.998	
29	447.300	-69.998	
29	447.400	-69.998	
29	447.500	-69.998	
29	447.600	-69.998	
29	447.700	-69.998	
29	447.800	-69.998	
29	447.900	-69.998	
29	448.000	-69.998	
29	448.100	-69.998	
29	448.200	-69.998	
29	448.300	-69.998	
29	448.400	-69.998	
29	448.500	-69.998	
29	448.600	-69.998	
29	448.700	-69.998	
29	448.800	-69.998	
29	448.900	-69.998	
29	449.000	-69.998	
