24	0.100	-70.000	
24	0.200	-70.000	
24	0.300	-70.000	
24	0.400	-70.000	
24	0.500	-70.000	
24	0.600	-70.000	
24	0.700	-70.000	
24	0.800	-70.000	
24	0.900	-70.000	
24	1.000	-70.000	
24	1.100	-70.000	
24	1.200	-70.000	
24	1.300	-70.000	
24	1.400	-70.000	
24	1.500	-70.000	
24	1.600	-70.000	
24	1.700	-70.000	
24	1.800	-69.999	
24	1.900	-69.999	
24	2.000	-69.999	
24	2.100	-69.999	
24	2.200	-69.999	
24	2.300	-69.999	
24	2.400	-69.999	
24	2.500	-69.999	
24	2.600	-69.999	
24	2.700	-69.999	
24	2.800	-69.999	
24	2.900	-69.999	
24	3.000	-69.999	
24	3.100	-69.999	
24	3.200	-69.999	
24	3.300	-69.999	
24	3.400	-69.999	
24	3.500	-69.999	
24	3.600	-69.999	
24	3.700	-69.999	
24	3.800	-69.999	
24	3.900	-69.999	
24	4.000	-69.999	
24	4.100	-69.999	
24	4.200	-69.999	
24	4.300	-69.999	
24	4.400	-69.999	
24	4.500	-69.999	
24	4.600	-69.999	
24	4.700	-69.999	
24	4.800	-69.999	
24	4.900	-69.999	
24	5.000	-69.999	
24	5.100	-69.999	
24	5.200	-69.999	
24	5.300	-69.999	
24	5.400	-69.999	
24	5.500	-69.999	
24	5.600	-69.999	
24	5.700	-69.999	
24	5.800	-69.999	
24	5.900	-69.999	
24	6.000	-69.999	
24	6.100	-69.999	
24	6.200	-69.999	
24	6.300	-69.999	
24	6.400	-69.999	
24	6.500	-69.999	
24	6.600	-69.999	
24	6.700	-69.999	
24	6.800	-69.999	
24	6.900	-69.999	
24	7.000	-69.999	
24	7.100	-69.999	
24	7.200	-69.999	
24	7.300	-69.999	
24	7.400	-69.999	
24	7.500	-69.999	
24	7.600	-69.999	
24	7.700	-69.999	
24	7.800	-69.999	
24	7.900	-69.999	
24	8.000	-69.999	
24	8.100	-69.999	
24	8.200	-69.999	
24	8.300	-69.999	
24	8.400	-69.999	
24	8.500	-69.999	
24	8.600	-69.999	
24	8.700	-69.999	
24	8.800	-69.999	
24	8.900	-69.999	
24	9.000	-69.999	
24	9.100	-69.999	
24	9.200	-69.999	
24	9.300	-69.999	
24	9.400	-69.999	
24	9.500	-69.999	
24	9.600	-69.999	
24	9.700	-69.999	
24	9.800	-69.999	
24	9.900	-69.998	
24	10.000	-69.998	
24	10.100	-69.998	
24	10.200	-69.998	
24	10.300	-69.998	
24	10.400	-69.998	
24	10.500	-69.998	
24	10.600	-69.998	
24	10.700	-69.998	
24	10.800	-69.998	
24	10.900	-69.998	
24	11.000	-69.998	
24	11.100	-69.998	
24	11.200	-69.998	
24	11.300	-69.998	
24	11.400	-69.998	
24	11.500	-69.998	
24	11.600	-69.998	
24	11.700	-69.998	
24	11.800	-69.998	
24	11.900	-69.998	
24	12.000	-69.998	
24	12.100	-69.998	
24	12.200	-69.998	
24	12.300	-69.998	
24	12.400	-69.998	
24	12.500	-69.998	
24	12.600	-69.998	
24	12.700	-69.998	
24	12.800	-69.998	
24	12.900	-69.998	
24	13.000	-69.998	
24	13.100	-69.998	
24	13.200	-69.998	
24	13.300	-69.998	
24	13.400	-69.998	
24	13.500	-69.998	
24	13.600	-69.998	
24	13.700	-69.998	
24	13.800	-69.998	
24	13.900	-69.998	
24	14.000	-69.998	
24	14.100	-69.998	
24	14.200	-69.998	
24	14.300	-69.998	
24	14.400	-69.998	
24	14.500	-69.998	
24	14.600	-69.998	
24	14.700	-69.998	
24	14.800	-69.998	
24	14.900	-69.998	
24	15.000	-69.998	
24	15.100	-69.998	
24	15.200	-69.998	
24	15.300	-69.998	
24	15.400	-69.998	
24	15.500	-69.998	
24	15.600	-69.998	
24	15.700	-69.998	
24	15.800	-69.998	
24	15.900	-69.998	
24	16.000	-69.998	
24	16.100	-69.998	
24	16.200	-69.998	
24	16.300	-69.998	
24	16.400	-69.998	
24	16.500	-69.998	
24	16.600	-69.998	
24	16.700	-69.998	
24	16.800	-69.998	
24	16.900	-69.998	
24	17.000	-69.998	
24	17.100	-69.998	
24	17.200	-69.998	
24	17.300	-69.998	
24	17.400	-69.998	
24	17.500	-69.998	
24	17.600	-69.998	
24	17.700	-69.998	
24	17.800	-69.998	
24	17.900	-69.998	
24	18.000	-69.998	
24	18.100	-69.998	
24	18.200	-69.998	
24	18.300	-69.998	
24	18.400	-69.998	
24	18.500	-69.998	
24	18.600	-69.998	
24	18.700	-69.998	
24	18.800	-69.998	
24	18.900	-69.998	
24	19.000	-69.998	
24	19.100	-69.998	
24	19.200	-69.998	
24	19.300	-69.998	
24	19.400	-69.998	
24	19.500	-69.998	
24	19.600	-69.998	
24	19.700	-69.998	
24	19.800	-69.998	
24	19.900	-69.998	
24	20.000	-69.998	
24	20.100	-69.998	
24	20.200	-69.998	
24	20.300	-69.998	
24	20.400	-69.998	
24	20.500	-69.998	
24	20.600	-69.998	
24	20.700	-69.998	
24	20.800	-69.998	
24	20.900	-69.998	
24	21.000	-69.998	
24	21.100	-69.998	
24	21.200	-69.998	
24	21.300	-69.998	
24	21.400	-69.998	
24	21.500	-69.998	
24	21.600	-69.998	
24	21.700	-69.998	
24	21.800	-69.998	
24	21.900	-69.998	
24	22.000	-69.998	
24	22.100	-69.998	
24	22.200	-69.998	
24	22.300	-69.998	
24	22.400	-69.998	
24	22.500	-69.998	
24	22.600	-69.998	
24	22.700	-69.998	
24	22.800	-69.998	
24	22.900	-69.998	
24	23.000	-69.998	
24	23.100	-69.998	
24	23.200	-69.998	
24	23.300	-69.998	
24	23.400	-69.998	
24	23.500	-69.998	
24	23.600	-69.998	
24	23.700	-69.998	
24	23.800	-69.998	
24	23.900	-69.998	
24	24.000	-69.998	
24	24.100	-69.998	
24	24.200	-69.998	
24	24.300	-69.998	
24	24.400	-69.998	
24	24.500	-69.998	
24	24.600	-69.998	
24	24.700	-69.998	
24	24.800	-69.998	
24	24.900	-69.998	
24	25.000	-69.998	
24	25.100	-69.998	
24	25.200	-69.998	
24	25.300	-69.998	
24	25.400	-69.998	
24	25.500	-69.998	
24	25.600	-69.998	
24	25.700	-69.998	
24	25.800	-69.998	
24	25.900	-69.998	
24	26.000	-69.998	
24	26.100	-69.998	
24	26.200	-69.998	
24	26.300	-69.998	
24	26.400	-69.998	
24	26.500	-69.998	
24	26.600	-69.998	
24	26.700	-69.998	
24	26.800	-69.998	
24	26.900	-69.998	
24	27.000	-69.998	
24	27.100	-69.998	
24	27.200	-69.998	
24	27.300	-69.998	
24	27.400	-69.998	
24	27.500	-69.998	
24	27.600	-69.998	
24	27.700	-69.998	
24	27.800	-69.998	
24	27.900	-69.998	
24	28.000	-69.998	
24	28.100	-69.998	
24	28.200	-69.998	
24	28.300	-69.998	
24	28.400	-69.998	
24	28.500	-69.998	
24	28.600	-69.998	
24	28.700	-69.998	
24	28.800	-69.998	
24	28.900	-69.998	
24	29.000	-69.998	
24	29.100	-69.998	
24	29.200	-69.998	
24	29.300	-69.998	
24	29.400	-69.998	
24	29.500	-69.998	
24	29.600	-69.998	
24	29.700	-69.998	
24	29.800	-69.998	
24	29.900	-69.998	
24	30.000	-69.998	
24	30.100	-69.998	
24	30.200	-69.998	
24	30.300	-69.998	
24	30.400	-69.998	
24	30.500	-69.998	
24	30.600	-69.998	
24	30.700	-69.998	
24	30.800	-69.998	
24	30.900	-69.998	
24	31.000	-69.998	
24	31.100	-69.998	
24	31.200	-69.998	
24	31.300	-69.998	
24	31.400	-69.998	
24	31.500	-69.998	
24	31.600	-69.998	
24	31.700	-69.998	
24	31.800	-69.998	
24	31.900	-69.998	
24	32.000	-69.998	
24	32.100	-69.998	
24	32.200	-69.998	
24	32.300	-69.998	
24	32.400	-69.998	
24	32.500	-69.998	
24	32.600	-69.998	
24	32.700	-69.998	
24	32.800	-69.998	
24	32.900	-69.998	
24	33.000	-69.998	
24	33.100	-69.998	
24	33.200	-69.998	
24	33.300	-69.998	
24	33.400	-69.998	
24	33.500	-69.998	
24	33.600	-69.998	
24	33.700	-69.998	
24	33.800	-69.998	
24	33.900	-69.998	
24	34.000	-69.998	
24	34.100	-69.998	
24	34.200	-69.998	
24	34.300	-69.998	
24	34.400	-69.998	
24	34.500	-69.998	
24	34.600	-69.998	
24	34.700	-69.998	
24	34.800	-69.998	
24	34.900	-69.998	
24	35.000	-69.998	
24	35.100	-69.998	
24	35.200	-69.998	
24	35.300	-69.998	
24	35.400	-69.998	
24	35.500	-69.998	
24	35.600	-69.998	
24	35.700	-69.998	
24	35.800	-69.998	
24	35.900	-69.998	
24	36.000	-69.998	
24	36.100	-69.998	
24	36.200	-69.998	
24	36.300	-69.998	
24	36.400	-69.998	
24	36.500	-69.998	
24	36.600	-69.998	
24	36.700	-69.998	
24	36.800	-69.998	
24	36.900	-69.998	
24	37.000	-69.998	
24	37.100	-69.998	
24	37.200	-69.998	
24	37.300	-69.998	
24	37.400	-69.998	
24	37.500	-69.998	
24	37.600	-69.998	
24	37.700	-69.998	
24	37.800	-69.998	
24	37.900	-69.998	
24	38.000	-69.998	
24	38.100	-69.998	
24	38.200	-69.998	
24	38.300	-69.998	
24	38.400	-69.998	
24	38.500	-69.998	
24	38.600	-69.998	
24	38.700	-69.998	
24	38.800	-69.998	
24	38.900	-69.998	
24	39.000	-69.998	
24	39.100	-69.998	
24	39.200	-69.998	
24	39.300	-69.998	
24	39.400	-69.998	
24	39.500	-69.998	
24	39.600	-69.998	
24	39.700	-69.998	
24	39.800	-69.998	
24	39.900	-69.998	
24	40.000	-69.998	
24	40.100	-69.998	
24	40.200	-69.998	
24	40.300	-69.998	
24	40.400	-69.998	
24	40.500	-69.998	
24	40.600	-69.998	
24	40.700	-69.998	
24	40.800	-69.998	
24	40.900	-69.998	
24	41.000	-69.998	
24	41.100	-69.998	
24	41.200	-69.998	
24	41.300	-69.998	
24	41.400	-69.998	
24	41.500	-69.998	
24	41.600	-69.998	
24	41.700	-69.998	
24	41.800	-69.998	
24	41.900	-69.998	
24	42.000	-69.998	
24	42.100	-69.998	
24	42.200	-69.998	
24	42.300	-69.998	
24	42.400	-69.998	
24	42.500	-69.998	
24	42.600	-69.998	
24	42.700	-69.998	
24	42.800	-69.998	
24	42.900	-69.998	
24	43.000	-69.998	
24	43.100	-69.998	
24	43.200	-69.998	
24	43.300	-69.998	
24	43.400	-69.998	
24	43.500	-69.998	
24	43.600	-69.998	
24	43.700	-69.998	
24	43.800	-69.998	
24	43.900	-69.998	
24	44.000	-69.998	
24	44.100	-69.998	
24	44.200	-69.998	
24	44.300	-69.998	
24	44.400	-69.998	
24	44.500	-69.998	
24	44.600	-69.998	
24	44.700	-69.998	
24	44.800	-69.998	
24	44.900	-69.998	
24	45.000	-69.998	
24	45.100	-69.998	
24	45.200	-69.998	
24	45.300	-69.998	
24	45.400	-69.998	
24	45.500	-69.998	
24	45.600	-69.998	
24	45.700	-69.998	
24	45.800	-69.998	
24	45.900	-69.998	
24	46.000	-69.998	
24	46.100	-69.998	
24	46.200	-69.998	
24	46.300	-69.998	
24	46.400	-69.998	
24	46.500	-69.998	
24	46.600	-69.998	
24	46.700	-69.998	
24	46.800	-69.998	
24	46.900	-69.998	
24	47.000	-69.998	
24	47.100	-69.998	
24	47.200	-69.998	
24	47.300	-69.998	
24	47.400	-69.998	
24	47.500	-69.998	
24	47.600	-69.998	
24	47.700	-69.998	
24	47.800	-69.998	
24	47.900	-69.998	
24	48.000	-69.998	
24	48.100	-69.998	
24	48.200	-69.998	
24	48.300	-69.998	
24	48.400	-69.998	
24	48.500	-69.998	
24	48.600	-69.998	
24	48.700	-69.998	
24	48.800	-69.998	
24	48.900	-69.998	
24	49.000	-69.998	
24	49.100	-69.998	
24	49.200	-69.998	
24	49.300	-69.998	
24	49.400	-69.998	
24	49.500	-69.998	
24	49.600	-69.998	
24	49.700	-69.998	
24	49.800	-69.998	
24	49.900	-69.998	
24	50.000	-69.998	
24	50.100	-69.998	
24	50.200	-69.998	
24	50.300	-69.998	
24	50.400	-69.998	
24	50.500	-69.998	
24	50.600	-69.998	
24	50.700	-69.998	
24	50.800	-69.998	
24	50.900	-69.998	
24	51.000	-69.998	
24	51.100	-69.998	
24	51.200	-69.998	
24	51.300	-69.998	
24	51.400	-69.998	
24	51.500	-69.998	
24	51.600	-69.998	
24	51.700	-69.998	
24	51.800	-69.998	
24	51.900	-69.998	
24	52.000	-69.998	
24	52.100	-69.998	
24	52.200	-69.998	
24	52.300	-69.998	
24	52.400	-69.998	
24	52.500	-69.998	
24	52.600	-69.998	
24	52.700	-69.998	
24	52.800	-69.998	
24	52.900	-69.998	
24	53.000	-69.998	
24	53.100	-69.998	
24	53.200	-69.998	
24	53.300	-69.998	
24	53.400	-69.998	
24	53.500	-69.998	
24	53.600	-69.998	
24	53.700	-69.998	
24	53.800	-69.998	
24	53.900	-69.998	
24	54.000	-69.998	
24	54.100	-69.998	
24	54.200	-69.998	
24	54.300	-69.998	
24	54.400	-69.998	
24	54.500	-69.998	
24	54.600	-69.998	
24	54.700	-69.998	
24	54.800	-69.998	
24	54.900	-69.998	
24	55.000	-69.998	
24	55.100	-69.998	
24	55.200	-69.998	
24	55.300	-69.998	
24	55.400	-69.998	
24	55.500	-69.998	
24	55.600	-69.998	
24	55.700	-69.998	
24	55.800	-69.998	
24	55.900	-69.998	
24	56.000	-69.998	
24	56.100	-69.998	
24	56.200	-69.998	
24	56.300	-69.998	
24	56.400	-69.998	
24	56.500	-69.998	
24	56.600	-69.998	
24	56.700	-69.998	
24	56.800	-69.998	
24	56.900	-69.998	
24	57.000	-69.998	
24	57.100	-69.998	
24	57.200	-69.998	
24	57.300	-69.998	
24	57.400	-69.998	
24	57.500	-69.998	
24	57.600	-69.998	
24	57.700	-69.998	
24	57.800	-69.998	
24	57.900	-69.998	
24	58.000	-69.998	
24	58.100	-69.998	
24	58.200	-69.998	
24	58.300	-69.998	
24	58.400	-69.998	
24	58.500	-69.998	
24	58.600	-69.998	
24	58.700	-69.998	
24	58.800	-69.998	
24	58.900	-69.998	
24	59.000	-69.998	
24	59.100	-69.998	
24	59.200	-69.998	
24	59.300	-69.998	
24	59.400	-69.998	
24	59.500	-69.998	
24	59.600	-69.998	
24	59.700	-69.998	
24	59.800	-69.998	
24	59.900	-69.998	
24	60.000	-69.998	
24	60.100	-69.998	
24	60.200	-69.998	
24	60.300	-69.998	
24	60.400	-69.998	
24	60.500	-69.998	
24	60.600	-69.998	
24	60.700	-69.998	
24	60.800	-69.998	
24	60.900	-69.998	
24	61.000	-69.998	
24	61.100	-69.998	
24	61.200	-69.998	
24	61.300	-69.998	
24	61.400	-69.998	
24	61.500	-69.998	
24	61.600	-69.998	
24	61.700	-69.998	
24	61.800	-69.998	
24	61.900	-69.998	
24	62.000	-69.998	
24	62.100	-69.998	
24	62.200	-69.998	
24	62.300	-69.998	
24	62.400	-69.998	
24	62.500	-69.998	
24	62.600	-69.998	
24	62.700	-69.998	
24	62.800	-69.998	
24	62.900	-69.998	
24	63.000	-69.998	
24	63.100	-69.998	
24	63.200	-69.998	
24	63.300	-69.998	
24	63.400	-69.998	
24	63.500	-69.998	
24	63.600	-69.998	
24	63.700	-69.998	
24	63.800	-69.998	
24	63.900	-69.998	
24	64.000	-69.998	
24	64.100	-69.998	
24	64.200	-69.998	
24	64.300	-69.998	
24	64.400	-69.998	
24	64.500	-69.998	
24	64.600	-69.998	
24	64.700	-69.998	
24	64.800	-69.998	
24	64.900	-69.998	
24	65.000	-69.998	
24	65.100	-69.998	
24	65.200	-69.998	
24	65.300	-69.998	
24	65.400	-69.998	
24	65.500	-69.998	
24	65.600	-69.998	
24	65.700	-69.998	
24	65.800	-69.998	
24	65.900	-69.998	
24	66.000	-69.998	
24	66.100	-69.998	
24	66.200	-69.998	
24	66.300	-69.998	
24	66.400	-69.998	
24	66.500	-69.998	
24	66.600	-69.998	
24	66.700	-69.998	
24	66.800	-69.998	
24	66.900	-69.998	
24	67.000	-69.998	
24	67.100	-69.998	
24	67.200	-69.998	
24	67.300	-69.998	
24	67.400	-69.998	
24	67.500	-69.998	
24	67.600	-69.998	
24	67.700	-69.998	
24	67.800	-69.998	
24	67.900	-69.998	
24	68.000	-69.998	
24	68.100	-69.998	
24	68.200	-69.998	
24	68.300	-69.998	
24	68.400	-69.998	
24	68.500	-69.998	
24	68.600	-69.998	
24	68.700	-69.998	
24	68.800	-69.998	
24	68.900	-69.998	
24	69.000	-69.998	
24	69.100	-69.998	
24	69.200	-69.998	
24	69.300	-69.998	
24	69.400	-69.998	
24	69.500	-69.998	
24	69.600	-69.998	
24	69.700	-69.998	
24	69.800	-69.998	
24	69.900	-69.998	
24	70.000	-69.998	
24	70.100	-69.998	
24	70.200	-69.998	
24	70.300	-69.998	
24	70.400	-69.998	
24	70.500	-69.998	
24	70.600	-69.998	
24	70.700	-69.998	
24	70.800	-69.998	
24	70.900	-69.998	
24	71.000	-69.998	
24	71.100	-69.998	
24	71.200	-69.998	
24	71.300	-69.998	
24	71.400	-69.998	
24	71.500	-69.998	
24	71.600	-69.998	
24	71.700	-69.998	
24	71.800	-69.998	
24	71.900	-69.998	
24	72.000	-69.998	
24	72.100	-69.998	
24	72.200	-69.998	
24	72.300	-69.998	
24	72.400	-69.998	
24	72.500	-69.998	
24	72.600	-69.998	
24	72.700	-69.998	
24	72.800	-69.998	
24	72.900	-69.998	
24	73.000	-69.998	
24	73.100	-69.998	
24	73.200	-69.998	
24	73.300	-69.998	
24	73.400	-69.998	
24	73.500	-69.998	
24	73.600	-69.998	
24	73.700	-69.998	
24	73.800	-69.998	
24	73.900	-69.998	
24	74.000	-69.998	
24	74.100	-69.998	
24	74.200	-69.998	
24	74.300	-69.998	
24	74.400	-69.998	
24	74.500	-69.998	
24	74.600	-69.998	
24	74.700	-69.998	
24	74.800	-69.998	
24	74.900	-69.998	
24	75.000	-69.998	
24	75.100	-69.998	
24	75.200	-69.998	
24	75.300	-69.998	
24	75.400	-69.998	
24	75.500	-69.998	
24	75.600	-69.998	
24	75.700	-69.998	
24	75.800	-69.998	
24	75.900	-69.998	
24	76.000	-69.998	
24	76.100	-69.998	
24	76.200	-69.998	
24	76.300	-69.998	
24	76.400	-69.998	
24	76.500	-69.998	
24	76.600	-69.998	
24	76.700	-69.998	
24	76.800	-69.998	
24	76.900	-69.998	
24	77.000	-69.998	
24	77.100	-69.998	
24	77.200	-69.998	
24	77.300	-69.998	
24	77.400	-69.998	
24	77.500	-69.998	
24	77.600	-69.998	
24	77.700	-69.998	
24	77.800	-69.998	
24	77.900	-69.998	
24	78.000	-69.998	
24	78.100	-69.998	
24	78.200	-69.998	
24	78.300	-69.998	
24	78.400	-69.998	
24	78.500	-69.998	
24	78.600	-69.998	
24	78.700	-69.998	
24	78.800	-69.998	
24	78.900	-69.998	
24	79.000	-69.998	
24	79.100	-69.998	
24	79.200	-69.998	
24	79.300	-69.998	
24	79.400	-69.998	
24	79.500	-69.998	
24	79.600	-69.998	
24	79.700	-69.998	
24	79.800	-69.998	
24	79.900	-69.998	
24	80.000	-69.998	
24	80.100	-69.998	
24	80.200	-69.998	
24	80.300	-69.998	
24	80.400	-69.998	
24	80.500	-69.998	
24	80.600	-69.998	
24	80.700	-69.998	
24	80.800	-69.998	
24	80.900	-69.998	
24	81.000	-69.998	
24	81.100	-69.998	
24	81.200	-69.998	
24	81.300	-69.998	
24	81.400	-69.998	
24	81.500	-69.998	
24	81.600	-69.998	
24	81.700	-69.998	
24	81.800	-69.998	
24	81.900	-69.998	
24	82.000	-69.998	
24	82.100	-69.998	
24	82.200	-69.998	
24	82.300	-69.998	
24	82.400	-69.998	
24	82.500	-69.998	
24	82.600	-69.998	
24	82.700	-69.998	
24	82.800	-69.998	
24	82.900	-69.998	
24	83.000	-69.998	
24	83.100	-69.998	
24	83.200	-69.998	
24	83.300	-69.998	
24	83.400	-69.998	
24	83.500	-69.998	
24	83.600	-69.998	
24	83.700	-69.998	
24	83.800	-69.998	
24	83.900	-69.998	
24	84.000	-69.998	
24	84.100	-69.998	
24	84.200	-69.998	
24	84.300	-69.998	
24	84.400	-69.998	
24	84.500	-69.998	
24	84.600	-69.998	
24	84.700	-69.998	
24	84.800	-69.998	
24	84.900	-69.998	
24	85.000	-69.998	
24	85.100	-69.998	
24	85.200	-69.998	
24	85.300	-69.998	
24	85.400	-69.998	
24	85.500	-69.998	
24	85.600	-69.998	
24	85.700	-69.998	
24	85.800	-69.998	
24	85.900	-69.998	
24	86.000	-69.998	
24	86.100	-69.998	
24	86.200	-69.998	
24	86.300	-69.998	
24	86.400	-69.998	
24	86.500	-69.998	
24	86.600	-69.998	
24	86.700	-69.998	
24	86.800	-69.998	
24	86.900	-69.998	
24	87.000	-69.998	
24	87.100	-69.998	
24	87.200	-69.998	
24	87.300	-69.998	
24	87.400	-69.998	
24	87.500	-69.998	
24	87.600	-69.998	
24	87.700	-69.998	
24	87.800	-69.998	
24	87.900	-69.998	
24	88.000	-69.998	
24	88.100	-69.998	
24	88.200	-69.998	
24	88.300	-69.998	
24	88.400	-69.998	
24	88.500	-69.998	
24	88.600	-69.998	
24	88.700	-69.998	
24	88.800	-69.998	
24	88.900	-69.998	
24	89.000	-69.998	
24	89.100	-69.998	
24	89.200	-69.998	
24	89.300	-69.998	
24	89.400	-69.998	
24	89.500	-69.998	
24	89.600	-69.998	
24	89.700	-69.998	
24	89.800	-69.998	
24	89.900	-69.998	
24	90.000	-69.998	
24	90.100	-69.998	
24	90.200	-69.998	
24	90.300	-69.998	
24	90.400	-69.998	
24	90.500	-69.998	
24	90.600	-69.998	
24	90.700	-69.998	
24	90.800	-69.998	
24	90.900	-69.998	
24	91.000	-69.998	
24	91.100	-69.998	
24	91.200	-69.998	
24	91.300	-69.998	
24	91.400	-69.998	
24	91.500	-69.998	
24	91.600	-69.998	
24	91.700	-69.998	
24	91.800	-69.998	
24	91.900	-69.998	
24	92.000	-69.998	
24	92.100	-69.998	
24	92.200	-69.998	
24	92.300	-69.998	
24	92.400	-69.998	
24	92.500	-69.998	
24	92.600	-69.998	
24	92.700	-69.998	
24	92.800	-69.998	
24	92.900	-69.998	
24	93.000	-69.998	
24	93.100	-69.998	
24	93.200	-69.998	
24	93.300	-69.998	
24	93.400	-69.998	
24	93.500	-69.998	
24	93.600	-69.998	
24	93.700	-69.998	
24	93.800	-69.998	
24	93.900	-69.998	
24	94.000	-69.998	
24	94.100	-69.998	
24	94.200	-69.998	
24	94.300	-69.998	
24	94.400	-69.998	
24	94.500	-69.998	
24	94.600	-69.998	
24	94.700	-69.998	
24	94.800	-69.998	
24	94.900	-69.998	
24	95.000	-69.998	
24	95.100	-69.998	
24	95.200	-69.998	
24	95.300	-69.998	
24	95.400	-69.998	
24	95.500	-69.998	
24	95.600	-69.998	
24	95.700	-69.998	
24	95.800	-69.998	
24	95.900	-69.998	
24	96.000	-69.998	
24	96.100	-69.998	
24	96.200	-69.998	
24	96.300	-69.998	
24	96.400	-69.998	
24	96.500	-69.998	
24	96.600	-69.998	
24	96.700	-69.998	
24	96.800	-69.998	
24	96.900	-69.998	
24	97.000	-69.998	
24	97.100	-69.998	
24	97.200	-69.998	
24	97.300	-69.998	
24	97.400	-69.998	
24	97.500	-69.998	
24	97.600	-69.998	
24	97.700	-69.998	
24	97.800	-69.998	
24	97.900	-69.998	
24	98.000	-69.998	
24	98.100	-69.998	
24	98.200	-69.998	
24	98.300	-69.998	
24	98.400	-69.998	
24	98.500	-69.998	
24	98.600	-69.998	
24	98.700	-69.998	
24	98.800	-69.998	
24	98.900	-69.998	
24	99.000	-69.998	
24	99.100	-69.998	
24	99.200	-69.998	
24	99.300	-69.998	
24	99.400	-69.998	
24	99.500	-69.998	
24	99.600	-69.998	
24	99.700	-69.998	
24	99.800	-69.998	
24	99.900	-69.998	
24	100.000	-69.998	
24	100.100	-69.998	
24	100.200	-69.998	
24	100.300	-69.998	
24	100.400	-69.998	
24	100.500	-69.998	
24	100.600	-69.998	
24	100.700	-69.998	
24	100.800	-69.998	
24	100.900	-69.998	
24	101.000	-69.998	
24	101.100	-69.998	
24	101.200	-69.998	
24	101.300	-69.998	
24	101.400	-69.998	
24	101.500	-69.998	
24	101.600	-69.998	
24	101.700	-69.998	
24	101.800	-69.998	
24	101.900	-69.998	
24	102.000	-69.998	
24	102.100	-69.998	
24	102.200	-69.998	
24	102.300	-69.998	
24	102.400	-69.998	
24	102.500	-69.998	
24	102.600	-69.998	
24	102.700	-69.998	
24	102.800	-69.998	
24	102.900	-69.998	
24	103.000	-69.998	
24	103.100	-69.998	
24	103.200	-69.998	
24	103.300	-69.998	
24	103.400	-69.998	
24	103.500	-69.998	
24	103.600	-69.998	
24	103.700	-69.998	
24	103.800	-69.998	
24	103.900	-69.998	
24	104.000	-69.998	
24	104.100	-69.998	
24	104.200	-69.998	
24	104.300	-69.998	
24	104.400	-69.998	
24	104.500	-69.998	
24	104.600	-69.998	
24	104.700	-69.998	
24	104.800	-69.998	
24	104.900	-69.998	
24	105.000	-69.998	
24	105.100	-69.998	
24	105.200	-69.998	
24	105.300	-69.998	
24	105.400	-69.998	
24	105.500	-69.998	
24	105.600	-69.998	
24	105.700	-69.998	
24	105.800	-69.998	
24	105.900	-69.998	
24	106.000	-69.998	
24	106.100	-69.998	
24	106.200	-69.998	
24	106.300	-69.998	
24	106.400	-69.998	
24	106.500	-69.998	
24	106.600	-69.998	
24	106.700	-69.998	
24	106.800	-69.998	
24	106.900	-69.998	
24	107.000	-69.998	
24	107.100	-69.998	
24	107.200	-69.998	
24	107.300	-69.998	
24	107.400	-69.998	
24	107.500	-69.998	
24	107.600	-69.998	
24	107.700	-69.998	
24	107.800	-69.998	
24	107.900	-69.998	
24	108.000	-69.998	
24	108.100	-69.998	
24	108.200	-69.998	
24	108.300	-69.998	
24	108.400	-69.998	
24	108.500	-69.998	
24	108.600	-69.998	
24	108.700	-69.998	
24	108.800	-69.998	
24	108.900	-69.998	
24	109.000	-69.998	
24	109.100	-69.998	
24	109.200	-69.998	
24	109.300	-69.998	
24	109.400	-69.998	
24	109.500	-69.998	
24	109.600	-69.998	
24	109.700	-69.998	
24	109.800	-69.998	
24	109.900	-69.998	
24	110.000	-69.998	
24	110.100	-69.998	
24	110.200	-69.998	
24	110.300	-69.998	
24	110.400	-69.998	
24	110.500	-69.998	
24	110.600	-69.998	
24	110.700	-69.998	
24	110.800	-69.998	
24	110.900	-69.998	
24	111.000	-69.998	
24	111.100	-69.998	
24	111.200	-69.998	
24	111.300	-69.998	
24	111.400	-69.998	
24	111.500	-69.998	
24	111.600	-69.998	
24	111.700	-69.998	
24	111.800	-69.998	
24	111.900	-69.998	
24	112.000	-69.998	
24	112.100	-69.998	
24	112.200	-69.998	
24	112.300	-69.998	
24	112.400	-69.998	
24	112.500	-69.998	
24	112.600	-69.998	
24	112.700	-69.998	
24	112.800	-69.998	
24	112.900	-69.998	
24	113.000	-69.998	
24	113.100	-69.998	
24	113.200	-69.998	
24	113.300	-69.998	
24	113.400	-69.998	
24	113.500	-69.998	
24	113.600	-69.998	
24	113.700	-69.998	
24	113.800	-69.998	
24	113.900	-69.998	
24	114.000	-69.998	
24	114.100	-69.998	
24	114.200	-69.998	
24	114.300	-69.998	
24	114.400	-69.998	
24	114.500	-69.998	
24	114.600	-69.998	
24	114.700	-69.998	
24	114.800	-69.998	
24	114.900	-69.998	
24	115.000	-69.998	
24	115.100	-69.998	
24	115.200	-69.998	
24	115.300	-69.998	
24	115.400	-69.998	
24	115.500	-69.998	
24	115.600	-69.998	
24	115.700	-69.998	
24	115.800	-69.998	
24	115.900	-69.998	
24	116.000	-69.998	
24	116.100	-69.998	
24	116.200	-69.998	
24	116.300	-69.998	
24	116.400	-69.998	
24	116.500	-69.998	
24	116.600	-69.998	
24	116.700	-69.998	
24	116.800	-69.998	
24	116.900	-69.998	
24	117.000	-69.998	
24	117.100	-69.998	
24	117.200	-69.998	
24	117.300	-69.998	
24	117.400	-69.998	
24	117.500	-69.998	
24	117.600	-69.998	
24	117.700	-69.998	
24	117.800	-69.998	
24	117.900	-69.998	
24	118.000	-69.998	
24	118.100	-69.998	
24	118.200	-69.998	
24	118.300	-69.998	
24	118.400	-69.998	
24	118.500	-69.998	
24	118.600	-69.998	
24	118.700	-69.998	
24	118.800	-69.998	
24	118.900	-69.998	
24	119.000	-69.998	
24	119.100	-69.998	
24	119.200	-69.998	
24	119.300	-69.998	
24	119.400	-69.998	
24	119.500	-69.998	
24	119.600	-69.998	
24	119.700	-69.998	
24	119.800	-69.998	
24	119.900	-69.998	
24	120.000	-69.998	
24	120.100	-69.998	
24	120.200	-69.998	
24	120.300	-69.998	
24	120.400	-69.998	
24	120.500	-69.998	
24	120.600	-69.998	
24	120.700	-69.998	
24	120.800	-69.998	
24	120.900	-69.998	
24	121.000	-69.998	
24	121.100	-69.998	
24	121.200	-69.998	
24	121.300	-69.998	
24	121.400	-69.998	
24	121.500	-69.998	
24	121.600	-69.998	
24	121.700	-69.998	
24	121.800	-69.998	
24	121.900	-69.998	
24	122.000	-69.998	
24	122.100	-69.998	
24	122.200	-69.998	
24	122.300	-69.998	
24	122.400	-69.998	
24	122.500	-69.998	
24	122.600	-69.998	
24	122.700	-69.998	
24	122.800	-69.998	
24	122.900	-69.998	
24	123.000	-69.998	
24	123.100	-69.998	
24	123.200	-69.998	
24	123.300	-69.998	
24	123.400	-69.998	
24	123.500	-69.998	
24	123.600	-69.998	
24	123.700	-69.998	
24	123.800	-69.998	
24	123.900	-69.998	
24	124.000	-69.998	
24	124.100	-69.998	
24	124.200	-69.998	
24	124.300	-69.998	
24	124.400	-69.998	
24	124.500	-69.998	
24	124.600	-69.998	
24	124.700	-69.998	
24	124.800	-69.998	
24	124.900	-69.998	
24	125.000	-69.998	
24	125.100	-69.998	
24	125.200	-69.998	
24	125.300	-69.998	
24	125.400	-69.998	
24	125.500	-69.998	
24	125.600	-69.998	
24	125.700	-69.998	
24	125.800	-69.998	
24	125.900	-69.998	
24	126.000	-69.998	
24	126.100	-69.998	
24	126.200	-69.998	
24	126.300	-69.998	
24	126.400	-69.998	
24	126.500	-69.998	
24	126.600	-69.998	
24	126.700	-69.998	
24	126.800	-69.998	
24	126.900	-69.998	
24	127.000	-69.998	
24	127.100	-69.998	
24	127.200	-69.998	
24	127.300	-69.998	
24	127.400	-69.998	
24	127.500	-69.998	
24	127.600	-69.998	
24	127.700	-69.998	
24	127.800	-69.998	
24	127.900	-69.998	
24	128.000	-69.998	
24	128.100	-69.998	
24	128.200	-69.998	
24	128.300	-69.998	
24	128.400	-69.998	
24	128.500	-69.998	
24	128.600	-69.998	
24	128.700	-69.998	
24	128.800	-69.998	
24	128.900	-69.998	
24	129.000	-69.998	
24	129.100	-69.998	
24	129.200	-69.998	
24	129.300	-69.998	
24	129.400	-69.998	
24	129.500	-69.998	
24	129.600	-69.998	
24	129.700	-69.998	
24	129.800	-69.998	
24	129.900	-69.998	
24	130.000	-69.998	
24	130.100	-69.998	
24	130.200	-69.998	
24	130.300	-69.998	
24	130.400	-69.998	
24	130.500	-69.998	
24	130.600	-69.998	
24	130.700	-69.998	
24	130.800	-69.998	
24	130.900	-69.998	
24	131.000	-69.998	
24	131.100	-69.998	
24	131.200	-69.998	
24	131.300	-69.998	
24	131.400	-69.998	
24	131.500	-69.998	
24	131.600	-69.998	
24	131.700	-69.998	
24	131.800	-69.998	
24	131.900	-69.998	
24	132.000	-69.998	
24	132.100	-69.998	
24	132.200	-69.998	
24	132.300	-69.998	
24	132.400	-69.998	
24	132.500	-69.998	
24	132.600	-69.998	
24	132.700	-69.998	
24	132.800	-69.998	
24	132.900	-69.998	
24	133.000	-69.998	
24	133.100	-69.998	
24	133.200	-69.998	
24	133.300	-69.998	
24	133.400	-69.998	
24	133.500	-69.998	
24	133.600	-69.998	
24	133.700	-69.998	
24	133.800	-69.998	
24	133.900	-69.998	
24	134.000	-69.998	
24	134.100	-69.998	
24	134.200	-69.998	
24	134.300	-69.998	
24	134.400	-69.998	
24	134.500	-69.998	
24	134.600	-69.998	
24	134.700	-69.998	
24	134.800	-69.998	
24	134.900	-69.998	
24	135.000	-69.998	
24	135.100	-69.998	
24	135.200	-69.998	
24	135.300	-69.998	
24	135.400	-69.998	
24	135.500	-69.998	
24	135.600	-69.998	
24	135.700	-69.998	
24	135.800	-69.998	
24	135.900	-69.998	
24	136.000	-69.998	
24	136.100	-69.998	
24	136.200	-69.998	
24	136.300	-69.998	
24	136.400	-69.998	
24	136.500	-69.998	
24	136.600	-69.998	
24	136.700	-69.998	
24	136.800	-69.998	
24	136.900	-69.998	
24	137.000	-69.998	
24	137.100	-69.998	
24	137.200	-69.998	
24	137.300	-69.998	
24	137.400	-69.998	
24	137.500	-69.998	
24	137.600	-69.998	
24	137.700	-69.998	
24	137.800	-69.998	
24	137.900	-69.998	
24	138.000	-69.998	
24	138.100	-69.998	
24	138.200	-69.998	
24	138.300	-69.998	
24	138.400	-69.998	
24	138.500	-69.998	
24	138.600	-69.998	
24	138.700	-69.998	
24	138.800	-69.998	
24	138.900	-69.998	
24	139.000	-69.998	
24	139.100	-69.998	
24	139.200	-69.998	
24	139.300	-69.998	
24	139.400	-69.998	
24	139.500	-69.998	
24	139.600	-69.998	
24	139.700	-69.998	
24	139.800	-69.998	
24	139.900	-69.998	
24	140.000	-69.998	
24	140.100	-69.998	
24	140.200	-69.998	
24	140.300	-69.998	
24	140.400	-69.998	
24	140.500	-69.998	
24	140.600	-69.998	
24	140.700	-69.998	
24	140.800	-69.998	
24	140.900	-69.998	
24	141.000	-69.998	
24	141.100	-69.998	
24	141.200	-69.998	
24	141.300	-69.998	
24	141.400	-69.998	
24	141.500	-69.998	
24	141.600	-69.998	
24	141.700	-69.998	
24	141.800	-69.998	
24	141.900	-69.998	
24	142.000	-69.998	
24	142.100	-69.998	
24	142.200	-69.998	
24	142.300	-69.998	
24	142.400	-69.998	
24	142.500	-69.998	
24	142.600	-69.998	
24	142.700	-69.998	
24	142.800	-69.998	
24	142.900	-69.998	
24	143.000	-69.998	
24	143.100	-69.998	
24	143.200	-69.998	
24	143.300	-69.998	
24	143.400	-69.998	
24	143.500	-69.998	
24	143.600	-69.998	
24	143.700	-69.998	
24	143.800	-69.998	
24	143.900	-69.998	
24	144.000	-69.998	
24	144.100	-69.998	
24	144.200	-69.998	
24	144.300	-69.998	
24	144.400	-69.998	
24	144.500	-69.998	
24	144.600	-69.998	
24	144.700	-69.998	
24	144.800	-69.998	
24	144.900	-69.998	
24	145.000	-69.998	
24	145.100	-69.998	
24	145.200	-69.998	
24	145.300	-69.998	
24	145.400	-69.998	
24	145.500	-69.998	
24	145.600	-69.998	
24	145.700	-69.998	
24	145.800	-69.998	
24	145.900	-69.998	
24	146.000	-69.998	
24	146.100	-69.998	
24	146.200	-69.998	
24	146.300	-69.998	
24	146.400	-69.998	
24	146.500	-69.998	
24	146.600	-69.998	
24	146.700	-69.998	
24	146.800	-69.998	
24	146.900	-69.998	
24	147.000	-69.998	
24	147.100	-69.998	
24	147.200	-69.998	
24	147.300	-69.998	
24	147.400	-69.998	
24	147.500	-69.998	
24	147.600	-69.998	
24	147.700	-69.998	
24	147.800	-69.998	
24	147.900	-69.998	
24	148.000	-69.998	
24	148.100	-69.998	
24	148.200	-69.998	
24	148.300	-69.998	
24	148.400	-69.998	
24	148.500	-69.998	
24	148.600	-69.998	
24	148.700	-69.998	
24	148.800	-69.998	
24	148.900	-69.998	
24	149.000	-69.998	
24	149.100	-69.998	
24	149.200	-69.998	
24	149.300	-69.998	
24	149.400	-69.998	
24	149.500	-69.998	
24	149.600	-69.998	
24	149.700	-69.998	
24	149.800	-69.998	
24	149.900	-69.998	
24	150.000	-69.998	
24	150.100	-69.998	
24	150.200	-69.998	
24	150.300	-69.998	
24	150.400	-69.998	
24	150.500	-69.998	
24	150.600	-69.998	
24	150.700	-69.998	
24	150.800	-69.998	
24	150.900	-69.998	
24	151.000	-69.998	
24	151.100	-69.998	
24	151.200	-69.998	
24	151.300	-69.998	
24	151.400	-69.998	
24	151.500	-69.998	
24	151.600	-69.998	
24	151.700	-69.998	
24	151.800	-69.998	
24	151.900	-69.998	
24	152.000	-69.998	
24	152.100	-69.998	
24	152.200	-69.998	
24	152.300	-69.998	
24	152.400	-69.998	
24	152.500	-69.998	
24	152.600	-69.998	
24	152.700	-69.998	
24	152.800	-69.998	
24	152.900	-69.998	
24	153.000	-69.998	
24	153.100	-69.998	
24	153.200	-69.998	
24	153.300	-69.998	
24	153.400	-69.998	
24	153.500	-69.998	
24	153.600	-69.998	
24	153.700	-69.998	
24	153.800	-69.998	
24	153.900	-69.998	
24	154.000	-69.998	
24	154.100	-69.998	
24	154.200	-69.998	
24	154.300	-69.998	
24	154.400	-69.998	
24	154.500	-69.998	
24	154.600	-69.998	
24	154.700	-69.998	
24	154.800	-69.998	
24	154.900	-69.998	
24	155.000	-69.998	
24	155.100	-69.998	
24	155.200	-69.998	
24	155.300	-69.998	
24	155.400	-69.998	
24	155.500	-69.998	
24	155.600	-69.998	
24	155.700	-69.998	
24	155.800	-69.998	
24	155.900	-69.998	
24	156.000	-69.998	
24	156.100	-69.998	
24	156.200	-69.998	
24	156.300	-69.998	
24	156.400	-69.998	
24	156.500	-69.998	
24	156.600	-69.998	
24	156.700	-69.998	
24	156.800	-69.998	
24	156.900	-69.998	
24	157.000	-69.998	
24	157.100	-69.998	
24	157.200	-69.998	
24	157.300	-69.998	
24	157.400	-69.998	
24	157.500	-69.998	
24	157.600	-69.998	
24	157.700	-69.998	
24	157.800	-69.998	
24	157.900	-69.998	
24	158.000	-69.998	
24	158.100	-69.998	
24	158.200	-69.998	
24	158.300	-69.998	
24	158.400	-69.998	
24	158.500	-69.998	
24	158.600	-69.998	
24	158.700	-69.998	
24	158.800	-69.998	
24	158.900	-69.998	
24	159.000	-69.998	
24	159.100	-69.998	
24	159.200	-69.998	
24	159.300	-69.998	
24	159.400	-69.998	
24	159.500	-69.998	
24	159.600	-69.998	
24	159.700	-69.998	
24	159.800	-69.998	
24	159.900	-69.998	
24	160.000	-69.998	
24	160.100	-69.998	
24	160.200	-69.998	
24	160.300	-69.998	
24	160.400	-69.998	
24	160.500	-69.998	
24	160.600	-69.998	
24	160.700	-69.998	
24	160.800	-69.998	
24	160.900	-69.998	
24	161.000	-69.998	
24	161.100	-69.998	
24	161.200	-69.998	
24	161.300	-69.998	
24	161.400	-69.998	
24	161.500	-69.998	
24	161.600	-69.998	
24	161.700	-69.998	
24	161.800	-69.998	
24	161.900	-69.998	
24	162.000	-69.998	
24	162.100	-69.998	
24	162.200	-69.998	
24	162.300	-69.998	
24	162.400	-69.998	
24	162.500	-69.998	
24	162.600	-69.998	
24	162.700	-69.998	
24	162.800	-69.998	
24	162.900	-69.998	
24	163.000	-69.998	
24	163.100	-69.998	
24	163.200	-69.998	
24	163.300	-69.998	
24	163.400	-69.998	
24	163.500	-69.998	
24	163.600	-69.998	
24	163.700	-69.998	
24	163.800	-69.998	
24	163.900	-69.998	
24	164.000	-69.998	
24	164.100	-69.998	
24	164.200	-69.998	
24	164.300	-69.998	
24	164.400	-69.998	
24	164.500	-69.998	
24	164.600	-69.998	
24	164.700	-69.998	
24	164.800	-69.998	
24	164.900	-69.998	
24	165.000	-69.998	
24	165.100	-69.998	
24	165.200	-69.998	
24	165.300	-69.998	
24	165.400	-69.998	
24	165.500	-69.998	
24	165.600	-69.998	
24	165.700	-69.998	
24	165.800	-69.998	
24	165.900	-69.998	
24	166.000	-69.998	
24	166.100	-69.998	
24	166.200	-69.998	
24	166.300	-69.998	
24	166.400	-69.998	
24	166.500	-69.998	
24	166.600	-69.998	
24	166.700	-69.998	
24	166.800	-69.998	
24	166.900	-69.998	
24	167.000	-69.998	
24	167.100	-69.998	
24	167.200	-69.998	
24	167.300	-69.998	
24	167.400	-69.998	
24	167.500	-69.998	
24	167.600	-69.998	
24	167.700	-69.998	
24	167.800	-69.998	
24	167.900	-69.998	
24	168.000	-69.998	
24	168.100	-69.998	
24	168.200	-69.998	
24	168.300	-69.998	
24	168.400	-69.998	
24	168.500	-69.998	
24	168.600	-69.998	
24	168.700	-69.998	
24	168.800	-69.998	
24	168.900	-69.998	
24	169.000	-69.998	
24	169.100	-69.998	
24	169.200	-69.998	
24	169.300	-69.998	
24	169.400	-69.998	
24	169.500	-69.998	
24	169.600	-69.998	
24	169.700	-69.998	
24	169.800	-69.998	
24	169.900	-69.998	
24	170.000	-69.998	
24	170.100	-69.998	
24	170.200	-69.998	
24	170.300	-69.998	
24	170.400	-69.998	
24	170.500	-69.998	
24	170.600	-69.998	
24	170.700	-69.998	
24	170.800	-69.998	
24	170.900	-69.998	
24	171.000	-69.998	
24	171.100	-69.998	
24	171.200	-69.998	
24	171.300	-69.998	
24	171.400	-69.998	
24	171.500	-69.998	
24	171.600	-69.998	
24	171.700	-69.998	
24	171.800	-69.998	
24	171.900	-69.998	
24	172.000	-69.998	
24	172.100	-69.998	
24	172.200	-69.998	
24	172.300	-69.998	
24	172.400	-69.998	
24	172.500	-69.998	
24	172.600	-69.998	
24	172.700	-69.998	
24	172.800	-69.998	
24	172.900	-69.998	
24	173.000	-69.998	
24	173.100	-69.998	
24	173.200	-69.998	
24	173.300	-69.998	
24	173.400	-69.998	
24	173.500	-69.998	
24	173.600	-69.998	
24	173.700	-69.998	
24	173.800	-69.998	
24	173.900	-69.998	
24	174.000	-69.998	
24	174.100	-69.998	
24	174.200	-69.998	
24	174.300	-69.998	
24	174.400	-69.998	
24	174.500	-69.998	
24	174.600	-69.998	
24	174.700	-69.998	
24	174.800	-69.998	
24	174.900	-69.998	
24	175.000	-69.998	
24	175.100	-69.998	
24	175.200	-69.998	
24	175.300	-69.998	
24	175.400	-69.998	
24	175.500	-69.998	
24	175.600	-69.998	
24	175.700	-69.998	
24	175.800	-69.998	
24	175.900	-69.998	
24	176.000	-69.998	
24	176.100	-69.998	
24	176.200	-69.998	
24	176.300	-69.998	
24	176.400	-69.998	
24	176.500	-69.998	
24	176.600	-69.998	
24	176.700	-69.998	
24	176.800	-69.998	
24	176.900	-69.998	
24	177.000	-69.998	
24	177.100	-69.998	
24	177.200	-69.998	
24	177.300	-69.998	
24	177.400	-69.998	
24	177.500	-69.998	
24	177.600	-69.998	
24	177.700	-69.998	
24	177.800	-69.998	
24	177.900	-69.998	
24	178.000	-69.998	
24	178.100	-69.998	
24	178.200	-69.998	
24	178.300	-69.998	
24	178.400	-69.998	
24	178.500	-69.998	
24	178.600	-69.998	
24	178.700	-69.998	
24	178.800	-69.998	
24	178.900	-69.998	
24	179.000	-69.998	
24	179.100	-69.998	
24	179.200	-69.998	
24	179.300	-69.998	
24	179.400	-69.998	
24	179.500	-69.998	
24	179.600	-69.998	
24	179.700	-69.998	
24	179.800	-69.998	
24	179.900	-69.998	
24	180.000	-69.998	
24	180.100	-69.998	
24	180.200	-69.998	
24	180.300	-69.998	
24	180.400	-69.998	
24	180.500	-69.998	
24	180.600	-69.998	
24	180.700	-69.998	
24	180.800	-69.998	
24	180.900	-69.998	
24	181.000	-69.998	
24	181.100	-69.998	
24	181.200	-69.998	
24	181.300	-69.998	
24	181.400	-69.998	
24	181.500	-69.998	
24	181.600	-69.998	
24	181.700	-69.998	
24	181.800	-69.998	
24	181.900	-69.998	
24	182.000	-69.998	
24	182.100	-69.998	
24	182.200	-69.998	
24	182.300	-69.998	
24	182.400	-69.998	
24	182.500	-69.998	
24	182.600	-69.998	
24	182.700	-69.998	
24	182.800	-69.998	
24	182.900	-69.998	
24	183.000	-69.998	
24	183.100	-69.998	
24	183.200	-69.998	
24	183.300	-69.998	
24	183.400	-69.998	
24	183.500	-69.998	
24	183.600	-69.998	
24	183.700	-69.998	
24	183.800	-69.998	
24	183.900	-69.998	
24	184.000	-69.998	
24	184.100	-69.998	
24	184.200	-69.998	
24	184.300	-69.998	
24	184.400	-69.998	
24	184.500	-69.998	
24	184.600	-69.998	
24	184.700	-69.998	
24	184.800	-69.998	
24	184.900	-69.998	
24	185.000	-69.998	
24	185.100	-69.998	
24	185.200	-69.998	
24	185.300	-69.998	
24	185.400	-69.998	
24	185.500	-69.998	
24	185.600	-69.998	
24	185.700	-69.998	
24	185.800	-69.998	
24	185.900	-69.998	
24	186.000	-69.998	
24	186.100	-69.998	
24	186.200	-69.998	
24	186.300	-69.998	
24	186.400	-69.998	
24	186.500	-69.998	
24	186.600	-69.998	
24	186.700	-69.998	
24	186.800	-69.998	
24	186.900	-69.998	
24	187.000	-69.998	
24	187.100	-69.998	
24	187.200	-69.998	
24	187.300	-69.998	
24	187.400	-69.998	
24	187.500	-69.998	
24	187.600	-69.998	
24	187.700	-69.998	
24	187.800	-69.998	
24	187.900	-69.998	
24	188.000	-69.998	
24	188.100	-69.998	
24	188.200	-69.998	
24	188.300	-69.998	
24	188.400	-69.998	
24	188.500	-69.998	
24	188.600	-69.998	
24	188.700	-69.998	
24	188.800	-69.998	
24	188.900	-69.998	
24	189.000	-69.998	
24	189.100	-69.998	
24	189.200	-69.998	
24	189.300	-69.998	
24	189.400	-69.998	
24	189.500	-69.998	
24	189.600	-69.998	
24	189.700	-69.998	
24	189.800	-69.998	
24	189.900	-69.998	
24	190.000	-69.998	
24	190.100	-69.998	
24	190.200	-69.998	
24	190.300	-69.998	
24	190.400	-69.998	
24	190.500	-69.998	
24	190.600	-69.998	
24	190.700	-69.998	
24	190.800	-69.998	
24	190.900	-69.998	
24	191.000	-69.998	
24	191.100	-69.998	
24	191.200	-69.998	
24	191.300	-69.998	
24	191.400	-69.998	
24	191.500	-69.998	
24	191.600	-69.998	
24	191.700	-69.998	
24	191.800	-69.998	
24	191.900	-69.998	
24	192.000	-69.998	
24	192.100	-69.998	
24	192.200	-69.998	
24	192.300	-69.998	
24	192.400	-69.998	
24	192.500	-69.998	
24	192.600	-69.998	
24	192.700	-69.998	
24	192.800	-69.998	
24	192.900	-69.998	
24	193.000	-69.998	
24	193.100	-69.998	
24	193.200	-69.998	
24	193.300	-69.998	
24	193.400	-69.998	
24	193.500	-69.998	
24	193.600	-69.998	
24	193.700	-69.998	
24	193.800	-69.998	
24	193.900	-69.998	
24	194.000	-69.998	
24	194.100	-69.998	
24	194.200	-69.998	
24	194.300	-69.998	
24	194.400	-69.998	
24	194.500	-69.998	
24	194.600	-69.998	
24	194.700	-69.998	
24	194.800	-69.998	
24	194.900	-69.998	
24	195.000	-69.998	
24	195.100	-69.998	
24	195.200	-69.998	
24	195.300	-69.998	
24	195.400	-69.998	
24	195.500	-69.998	
24	195.600	-69.998	
24	195.700	-69.998	
24	195.800	-69.998	
24	195.900	-69.998	
24	196.000	-69.998	
24	196.100	-69.998	
24	196.200	-69.998	
24	196.300	-69.998	
24	196.400	-69.998	
24	196.500	-69.998	
24	196.600	-69.998	
24	196.700	-69.998	
24	196.800	-69.998	
24	196.900	-69.998	
24	197.000	-69.998	
24	197.100	-69.998	
24	197.200	-69.998	
24	197.300	-69.998	
24	197.400	-69.998	
24	197.500	-69.998	
24	197.600	-69.998	
24	197.700	-69.998	
24	197.800	-69.998	
24	197.900	-69.998	
24	198.000	-69.998	
24	198.100	-69.998	
24	198.200	-69.998	
24	198.300	-69.998	
24	198.400	-69.998	
24	198.500	-69.998	
24	198.600	-69.998	
24	198.700	-69.998	
24	198.800	-69.998	
24	198.900	-69.998	
24	199.000	-69.998	
24	199.100	-69.998	
24	199.200	-69.998	
24	199.300	-69.998	
24	199.400	-69.998	
24	199.500	-69.998	
24	199.600	-69.998	
24	199.700	-69.998	
24	199.800	-69.998	
24	199.900	-69.998	
24	200.000	-69.998	
24	200.100	-69.998	
24	200.200	-69.998	
24	200.300	-69.998	
24	200.400	-69.998	
24	200.500	-69.998	
24	200.600	-69.998	
24	200.700	-69.998	
24	200.800	-69.998	
24	200.900	-69.998	
24	201.000	-69.998	
24	201.100	-69.998	
24	201.200	-69.998	
24	201.300	-69.998	
24	201.400	-69.998	
24	201.500	-69.998	
24	201.600	-69.998	
24	201.700	-69.998	
24	201.800	-69.998	
24	201.900	-69.998	
24	202.000	-69.998	
24	202.100	-69.998	
24	202.200	-69.998	
24	202.300	-69.998	
24	202.400	-69.998	
24	202.500	-69.998	
24	202.600	-69.998	
24	202.700	-69.998	
24	202.800	-69.998	
24	202.900	-69.998	
24	203.000	-69.998	
24	203.100	-69.998	
24	203.200	-69.998	
24	203.300	-69.998	
24	203.400	-69.998	
24	203.500	-69.998	
24	203.600	-69.998	
24	203.700	-69.998	
24	203.800	-69.998	
24	203.900	-69.998	
24	204.000	-69.998	
24	204.100	-69.998	
24	204.200	-69.998	
24	204.300	-69.998	
24	204.400	-69.998	
24	204.500	-69.998	
24	204.600	-69.998	
24	204.700	-69.998	
24	204.800	-69.998	
24	204.900	-69.998	
24	205.000	-69.998	
24	205.100	-69.998	
24	205.200	-69.998	
24	205.300	-69.998	
24	205.400	-69.998	
24	205.500	-69.998	
24	205.600	-69.998	
24	205.700	-69.998	
24	205.800	-69.998	
24	205.900	-69.998	
24	206.000	-69.998	
24	206.100	-69.998	
24	206.200	-69.998	
24	206.300	-69.998	
24	206.400	-69.998	
24	206.500	-69.998	
24	206.600	-69.998	
24	206.700	-69.998	
24	206.800	-69.998	
24	206.900	-69.998	
24	207.000	-69.998	
24	207.100	-69.998	
24	207.200	-69.998	
24	207.300	-69.998	
24	207.400	-69.998	
24	207.500	-69.998	
24	207.600	-69.998	
24	207.700	-69.998	
24	207.800	-69.998	
24	207.900	-69.998	
24	208.000	-69.998	
24	208.100	-69.998	
24	208.200	-69.998	
24	208.300	-69.998	
24	208.400	-69.998	
24	208.500	-69.998	
24	208.600	-69.998	
24	208.700	-69.998	
24	208.800	-69.998	
24	208.900	-69.998	
24	209.000	-69.998	
24	209.100	-69.998	
24	209.200	-69.998	
24	209.300	-69.998	
24	209.400	-69.998	
24	209.500	-69.998	
24	209.600	-69.998	
24	209.700	-69.998	
24	209.800	-69.998	
24	209.900	-69.998	
24	210.000	-69.998	
24	210.100	-69.998	
24	210.200	-69.998	
24	210.300	-69.998	
24	210.400	-69.998	
24	210.500	-69.998	
24	210.600	-69.998	
24	210.700	-69.998	
24	210.800	-69.998	
24	210.900	-69.998	
24	211.000	-69.998	
24	211.100	-69.998	
24	211.200	-69.998	
24	211.300	-69.998	
24	211.400	-69.998	
24	211.500	-69.998	
24	211.600	-69.998	
24	211.700	-69.998	
24	211.800	-69.998	
24	211.900	-69.998	
24	212.000	-69.998	
24	212.100	-69.998	
24	212.200	-69.998	
24	212.300	-69.998	
24	212.400	-69.998	
24	212.500	-69.998	
24	212.600	-69.998	
24	212.700	-69.998	
24	212.800	-69.998	
24	212.900	-69.998	
24	213.000	-69.998	
24	213.100	-69.998	
24	213.200	-69.998	
24	213.300	-69.998	
24	213.400	-69.998	
24	213.500	-69.998	
24	213.600	-69.998	
24	213.700	-69.998	
24	213.800	-69.998	
24	213.900	-69.998	
24	214.000	-69.998	
24	214.100	-69.998	
24	214.200	-69.998	
24	214.300	-69.998	
24	214.400	-69.998	
24	214.500	-69.998	
24	214.600	-69.998	
24	214.700	-69.998	
24	214.800	-69.998	
24	214.900	-69.998	
24	215.000	-69.998	
24	215.100	-69.998	
24	215.200	-69.998	
24	215.300	-69.998	
24	215.400	-69.998	
24	215.500	-69.998	
24	215.600	-69.998	
24	215.700	-69.998	
24	215.800	-69.998	
24	215.900	-69.998	
24	216.000	-69.998	
24	216.100	-69.998	
24	216.200	-69.998	
24	216.300	-69.998	
24	216.400	-69.998	
24	216.500	-69.998	
24	216.600	-69.998	
24	216.700	-69.998	
24	216.800	-69.998	
24	216.900	-69.998	
24	217.000	-69.998	
24	217.100	-69.998	
24	217.200	-69.998	
24	217.300	-69.998	
24	217.400	-69.998	
24	217.500	-69.998	
24	217.600	-69.998	
24	217.700	-69.998	
24	217.800	-69.998	
24	217.900	-69.998	
24	218.000	-69.998	
24	218.100	-69.998	
24	218.200	-69.998	
24	218.300	-69.998	
24	218.400	-69.998	
24	218.500	-69.998	
24	218.600	-69.998	
24	218.700	-69.998	
24	218.800	-69.998	
24	218.900	-69.998	
24	219.000	-69.998	
24	219.100	-69.998	
24	219.200	-69.998	
24	219.300	-69.998	
24	219.400	-69.998	
24	219.500	-69.998	
24	219.600	-69.998	
24	219.700	-69.998	
24	219.800	-69.998	
24	219.900	-69.998	
24	220.000	-69.998	
24	220.100	-69.998	
24	220.200	-69.998	
24	220.300	-69.998	
24	220.400	-69.998	
24	220.500	-69.998	
24	220.600	-69.998	
24	220.700	-69.998	
24	220.800	-69.998	
24	220.900	-69.998	
24	221.000	-69.998	
24	221.100	-69.998	
24	221.200	-69.998	
24	221.300	-69.998	
24	221.400	-69.998	
24	221.500	-69.998	
24	221.600	-69.998	
24	221.700	-69.998	
24	221.800	-69.998	
24	221.900	-69.998	
24	222.000	-69.998	
24	222.100	-69.998	
24	222.200	-69.998	
24	222.300	-69.998	
24	222.400	-69.998	
24	222.500	-69.998	
24	222.600	-69.998	
24	222.700	-69.998	
24	222.800	-69.998	
24	222.900	-69.998	
24	223.000	-69.998	
24	223.100	-69.998	
24	223.200	-69.998	
24	223.300	-69.998	
24	223.400	-69.998	
24	223.500	-69.998	
24	223.600	-69.998	
24	223.700	-69.998	
24	223.800	-69.998	
24	223.900	-69.998	
24	224.000	-69.998	
24	224.100	-69.998	
24	224.200	-69.998	
24	224.300	-69.998	
24	224.400	-69.998	
24	224.500	-69.998	
24	224.600	-69.998	
24	224.700	-69.998	
24	224.800	-69.998	
24	224.900	-69.998	
24	225.000	-69.998	
24	225.100	-69.998	
24	225.200	-69.998	
24	225.300	-69.998	
24	225.400	-69.998	
24	225.500	-69.998	
24	225.600	-69.998	
24	225.700	-69.998	
24	225.800	-69.998	
24	225.900	-69.998	
24	226.000	-69.998	
24	226.100	-69.998	
24	226.200	-69.998	
24	226.300	-69.998	
24	226.400	-69.998	
24	226.500	-69.998	
24	226.600	-69.998	
24	226.700	-69.998	
24	226.800	-69.998	
24	226.900	-69.998	
24	227.000	-69.998	
24	227.100	-69.998	
24	227.200	-69.998	
24	227.300	-69.998	
24	227.400	-69.998	
24	227.500	-69.998	
24	227.600	-69.998	
24	227.700	-69.998	
24	227.800	-69.998	
24	227.900	-69.998	
24	228.000	-69.998	
24	228.100	-69.998	
24	228.200	-69.998	
24	228.300	-69.998	
24	228.400	-69.998	
24	228.500	-69.998	
24	228.600	-69.998	
24	228.700	-69.998	
24	228.800	-69.998	
24	228.900	-69.998	
24	229.000	-69.998	
24	229.100	-69.998	
24	229.200	-69.998	
24	229.300	-69.998	
24	229.400	-69.998	
24	229.500	-69.998	
24	229.600	-69.998	
24	229.700	-69.998	
24	229.800	-69.998	
24	229.900	-69.998	
24	230.000	-69.998	
24	230.100	-69.998	
24	230.200	-69.998	
24	230.300	-69.998	
24	230.400	-69.998	
24	230.500	-69.998	
24	230.600	-69.998	
24	230.700	-69.998	
24	230.800	-69.998	
24	230.900	-69.998	
24	231.000	-69.998	
24	231.100	-69.998	
24	231.200	-69.998	
24	231.300	-69.998	
24	231.400	-69.998	
24	231.500	-69.998	
24	231.600	-69.998	
24	231.700	-69.998	
24	231.800	-69.998	
24	231.900	-69.998	
24	232.000	-69.998	
24	232.100	-69.998	
24	232.200	-69.998	
24	232.300	-69.998	
24	232.400	-69.998	
24	232.500	-69.998	
24	232.600	-69.998	
24	232.700	-69.998	
24	232.800	-69.998	
24	232.900	-69.998	
24	233.000	-69.998	
24	233.100	-69.998	
24	233.200	-69.998	
24	233.300	-69.998	
24	233.400	-69.998	
24	233.500	-69.998	
24	233.600	-69.998	
24	233.700	-69.998	
24	233.800	-69.998	
24	233.900	-69.998	
24	234.000	-69.998	
24	234.100	-69.998	
24	234.200	-69.998	
24	234.300	-69.998	
24	234.400	-69.998	
24	234.500	-69.998	
24	234.600	-69.998	
24	234.700	-69.998	
24	234.800	-69.998	
24	234.900	-69.998	
24	235.000	-69.998	
24	235.100	-69.998	
24	235.200	-69.998	
24	235.300	-69.998	
24	235.400	-69.998	
24	235.500	-69.998	
24	235.600	-69.998	
24	235.700	-69.998	
24	235.800	-69.998	
24	235.900	-69.998	
24	236.000	-69.998	
24	236.100	-69.998	
24	236.200	-69.998	
24	236.300	-69.998	
24	236.400	-69.998	
24	236.500	-69.998	
24	236.600	-69.998	
24	236.700	-69.998	
24	236.800	-69.998	
24	236.900	-69.998	
24	237.000	-69.998	
24	237.100	-69.998	
24	237.200	-69.998	
24	237.300	-69.998	
24	237.400	-69.998	
24	237.500	-69.998	
24	237.600	-69.998	
24	237.700	-69.998	
24	237.800	-69.998	
24	237.900	-69.998	
24	238.000	-69.998	
24	238.100	-69.998	
24	238.200	-69.998	
24	238.300	-69.998	
24	238.400	-69.998	
24	238.500	-69.998	
24	238.600	-69.998	
24	238.700	-69.998	
24	238.800	-69.998	
24	238.900	-69.998	
24	239.000	-69.998	
24	239.100	-69.998	
24	239.200	-69.998	
24	239.300	-69.998	
24	239.400	-69.998	
24	239.500	-69.998	
24	239.600	-69.998	
24	239.700	-69.998	
24	239.800	-69.998	
24	239.900	-69.998	
24	240.000	-69.998	
24	240.100	-69.998	
24	240.200	-69.998	
24	240.300	-69.998	
24	240.400	-69.998	
24	240.500	-69.998	
24	240.600	-69.998	
24	240.700	-69.998	
24	240.800	-69.998	
24	240.900	-69.998	
24	241.000	-69.998	
24	241.100	-69.998	
24	241.200	-69.998	
24	241.300	-69.998	
24	241.400	-69.998	
24	241.500	-69.998	
24	241.600	-69.998	
24	241.700	-69.998	
24	241.800	-69.998	
24	241.900	-69.998	
24	242.000	-69.998	
24	242.100	-69.998	
24	242.200	-69.998	
24	242.300	-69.998	
24	242.400	-69.998	
24	242.500	-69.998	
24	242.600	-69.998	
24	242.700	-69.998	
24	242.800	-69.998	
24	242.900	-69.998	
24	243.000	-69.998	
24	243.100	-69.998	
24	243.200	-69.998	
24	243.300	-69.998	
24	243.400	-69.998	
24	243.500	-69.998	
24	243.600	-69.998	
24	243.700	-69.998	
24	243.800	-69.998	
24	243.900	-69.998	
24	244.000	-69.998	
24	244.100	-69.998	
24	244.200	-69.998	
24	244.300	-69.998	
24	244.400	-69.998	
24	244.500	-69.998	
24	244.600	-69.998	
24	244.700	-69.998	
24	244.800	-69.998	
24	244.900	-69.998	
24	245.000	-69.998	
24	245.100	-69.998	
24	245.200	-69.998	
24	245.300	-69.998	
24	245.400	-69.998	
24	245.500	-69.998	
24	245.600	-69.998	
24	245.700	-69.998	
24	245.800	-69.998	
24	245.900	-69.998	
24	246.000	-69.998	
24	246.100	-69.998	
24	246.200	-69.998	
24	246.300	-69.998	
24	246.400	-69.998	
24	246.500	-69.998	
24	246.600	-69.998	
24	246.700	-69.998	
24	246.800	-69.998	
24	246.900	-69.998	
24	247.000	-69.998	
24	247.100	-69.998	
24	247.200	-69.998	
24	247.300	-69.998	
24	247.400	-69.998	
24	247.500	-69.998	
24	247.600	-69.998	
24	247.700	-69.998	
24	247.800	-69.998	
24	247.900	-69.998	
24	248.000	-69.998	
24	248.100	-69.998	
24	248.200	-69.998	
24	248.300	-69.998	
24	248.400	-69.998	
24	248.500	-69.998	
24	248.600	-69.998	
24	248.700	-69.998	
24	248.800	-69.998	
24	248.900	-69.998	
24	249.000	-69.998	
24	249.100	-69.998	
24	249.200	-69.998	
24	249.300	-69.998	
24	249.400	-69.998	
24	249.500	-69.998	
24	249.600	-69.998	
24	249.700	-69.998	
24	249.800	-69.998	
24	249.900	-69.998	
24	250.000	-69.998	
24	250.100	-69.998	
24	250.200	-69.998	
24	250.300	-69.998	
24	250.400	-69.998	
24	250.500	-69.998	
24	250.600	-69.998	
24	250.700	-69.998	
24	250.800	-69.998	
24	250.900	-69.998	
24	251.000	-69.998	
24	251.100	-69.998	
24	251.200	-69.998	
24	251.300	-69.998	
24	251.400	-69.998	
24	251.500	-69.998	
24	251.600	-69.998	
24	251.700	-69.998	
24	251.800	-69.998	
24	251.900	-69.998	
24	252.000	-69.998	
24	252.100	-69.998	
24	252.200	-69.998	
24	252.300	-69.998	
24	252.400	-69.998	
24	252.500	-69.998	
24	252.600	-69.998	
24	252.700	-69.998	
24	252.800	-69.998	
24	252.900	-69.998	
24	253.000	-69.998	
24	253.100	-69.998	
24	253.200	-69.998	
24	253.300	-69.998	
24	253.400	-69.998	
24	253.500	-69.998	
24	253.600	-69.998	
24	253.700	-69.998	
24	253.800	-69.998	
24	253.900	-69.998	
24	254.000	-69.998	
24	254.100	-69.998	
24	254.200	-69.998	
24	254.300	-69.998	
24	254.400	-69.998	
24	254.500	-69.998	
24	254.600	-69.998	
24	254.700	-69.998	
24	254.800	-69.998	
24	254.900	-69.998	
24	255.000	-69.998	
24	255.100	-69.998	
24	255.200	-69.998	
24	255.300	-69.998	
24	255.400	-69.998	
24	255.500	-69.998	
24	255.600	-69.998	
24	255.700	-69.998	
24	255.800	-69.998	
24	255.900	-69.998	
24	256.000	-69.998	
24	256.100	-69.998	
24	256.200	-69.998	
24	256.300	-69.998	
24	256.400	-69.998	
24	256.500	-69.998	
24	256.600	-69.998	
24	256.700	-69.998	
24	256.800	-69.998	
24	256.900	-69.998	
24	257.000	-69.998	
24	257.100	-69.998	
24	257.200	-69.998	
24	257.300	-69.998	
24	257.400	-69.998	
24	257.500	-69.998	
24	257.600	-69.998	
24	257.700	-69.998	
24	257.800	-69.998	
24	257.900	-69.998	
24	258.000	-69.998	
24	258.100	-69.998	
24	258.200	-69.998	
24	258.300	-69.998	
24	258.400	-69.998	
24	258.500	-69.998	
24	258.600	-69.998	
24	258.700	-69.998	
24	258.800	-69.998	
24	258.900	-69.998	
24	259.000	-69.998	
24	259.100	-69.998	
24	259.200	-69.998	
24	259.300	-69.998	
24	259.400	-69.998	
24	259.500	-69.998	
24	259.600	-69.998	
24	259.700	-69.998	
24	259.800	-69.998	
24	259.900	-69.998	
24	260.000	-69.998	
24	260.100	-69.998	
24	260.200	-69.998	
24	260.300	-69.998	
24	260.400	-69.998	
24	260.500	-69.998	
24	260.600	-69.998	
24	260.700	-69.998	
24	260.800	-69.998	
24	260.900	-69.998	
24	261.000	-69.998	
24	261.100	-69.998	
24	261.200	-69.998	
24	261.300	-69.998	
24	261.400	-69.998	
24	261.500	-69.998	
24	261.600	-69.998	
24	261.700	-69.998	
24	261.800	-69.998	
24	261.900	-69.998	
24	262.000	-69.998	
24	262.100	-69.998	
24	262.200	-69.998	
24	262.300	-69.998	
24	262.400	-69.998	
24	262.500	-69.998	
24	262.600	-69.998	
24	262.700	-69.998	
24	262.800	-69.998	
24	262.900	-69.998	
24	263.000	-69.998	
24	263.100	-69.998	
24	263.200	-69.998	
24	263.300	-69.998	
24	263.400	-69.998	
24	263.500	-69.998	
24	263.600	-69.998	
24	263.700	-69.998	
24	263.800	-69.998	
24	263.900	-69.998	
24	264.000	-69.998	
24	264.100	-69.998	
24	264.200	-69.998	
24	264.300	-69.998	
24	264.400	-69.998	
24	264.500	-69.998	
24	264.600	-69.998	
24	264.700	-69.998	
24	264.800	-69.998	
24	264.900	-69.998	
24	265.000	-69.998	
24	265.100	-69.998	
24	265.200	-69.998	
24	265.300	-69.998	
24	265.400	-69.998	
24	265.500	-69.998	
24	265.600	-69.998	
24	265.700	-69.998	
24	265.800	-69.998	
24	265.900	-69.998	
24	266.000	-69.998	
24	266.100	-69.998	
24	266.200	-69.998	
24	266.300	-69.998	
24	266.400	-69.998	
24	266.500	-69.998	
24	266.600	-69.998	
24	266.700	-69.998	
24	266.800	-69.998	
24	266.900	-69.998	
24	267.000	-69.998	
24	267.100	-69.998	
24	267.200	-69.998	
24	267.300	-69.998	
24	267.400	-69.998	
24	267.500	-69.998	
24	267.600	-69.998	
24	267.700	-69.998	
24	267.800	-69.998	
24	267.900	-69.998	
24	268.000	-69.998	
24	268.100	-69.998	
24	268.200	-69.998	
24	268.300	-69.998	
24	268.400	-69.998	
24	268.500	-69.998	
24	268.600	-69.998	
24	268.700	-69.998	
24	268.800	-69.998	
24	268.900	-69.998	
24	269.000	-69.998	
24	269.100	-69.998	
24	269.200	-69.998	
24	269.300	-69.998	
24	269.400	-69.998	
24	269.500	-69.998	
24	269.600	-69.998	
24	269.700	-69.998	
24	269.800	-69.998	
24	269.900	-69.998	
24	270.000	-69.998	
24	270.100	-69.998	
24	270.200	-69.998	
24	270.300	-69.998	
24	270.400	-69.998	
24	270.500	-69.998	
24	270.600	-69.998	
24	270.700	-69.998	
24	270.800	-69.998	
24	270.900	-69.998	
24	271.000	-69.998	
24	271.100	-69.998	
24	271.200	-69.998	
24	271.300	-69.998	
24	271.400	-69.998	
24	271.500	-69.998	
24	271.600	-69.998	
24	271.700	-69.998	
24	271.800	-69.998	
24	271.900	-69.998	
24	272.000	-69.998	
24	272.100	-69.998	
24	272.200	-69.998	
24	272.300	-69.998	
24	272.400	-69.998	
24	272.500	-69.998	
24	272.600	-69.998	
24	272.700	-69.998	
24	272.800	-69.998	
24	272.900	-69.998	
24	273.000	-69.998	
24	273.100	-69.998	
24	273.200	-69.998	
24	273.300	-69.998	
24	273.400	-69.998	
24	273.500	-69.998	
24	273.600	-69.998	
24	273.700	-69.998	
24	273.800	-69.998	
24	273.900	-69.998	
24	274.000	-69.998	
24	274.100	-69.998	
24	274.200	-69.998	
24	274.300	-69.998	
24	274.400	-69.998	
24	274.500	-69.998	
24	274.600	-69.998	
24	274.700	-69.998	
24	274.800	-69.998	
24	274.900	-69.998	
24	275.000	-69.998	
24	275.100	-69.998	
24	275.200	-69.998	
24	275.300	-69.998	
24	275.400	-69.998	
24	275.500	-69.998	
24	275.600	-69.998	
24	275.700	-69.998	
24	275.800	-69.998	
24	275.900	-69.998	
24	276.000	-69.998	
24	276.100	-69.998	
24	276.200	-69.998	
24	276.300	-69.998	
24	276.400	-69.998	
24	276.500	-69.998	
24	276.600	-69.998	
24	276.700	-69.998	
24	276.800	-69.998	
24	276.900	-69.998	
24	277.000	-69.998	
24	277.100	-69.998	
24	277.200	-69.998	
24	277.300	-69.998	
24	277.400	-69.998	
24	277.500	-69.998	
24	277.600	-69.998	
24	277.700	-69.998	
24	277.800	-69.998	
24	277.900	-69.998	
24	278.000	-69.998	
24	278.100	-69.998	
24	278.200	-69.998	
24	278.300	-69.998	
24	278.400	-69.998	
24	278.500	-69.998	
24	278.600	-69.998	
24	278.700	-69.998	
24	278.800	-69.998	
24	278.900	-69.998	
24	279.000	-69.998	
24	279.100	-69.998	
24	279.200	-69.998	
24	279.300	-69.998	
24	279.400	-69.998	
24	279.500	-69.998	
24	279.600	-69.998	
24	279.700	-69.998	
24	279.800	-69.998	
24	279.900	-69.998	
24	280.000	-69.998	
24	280.100	-69.998	
24	280.200	-69.998	
24	280.300	-69.998	
24	280.400	-69.998	
24	280.500	-69.998	
24	280.600	-69.998	
24	280.700	-69.998	
24	280.800	-69.998	
24	280.900	-69.998	
24	281.000	-69.998	
24	281.100	-69.998	
24	281.200	-69.998	
24	281.300	-69.998	
24	281.400	-69.998	
24	281.500	-69.998	
24	281.600	-69.998	
24	281.700	-69.998	
24	281.800	-69.998	
24	281.900	-69.998	
24	282.000	-69.998	
24	282.100	-69.998	
24	282.200	-69.998	
24	282.300	-69.998	
24	282.400	-69.998	
24	282.500	-69.998	
24	282.600	-69.998	
24	282.700	-69.998	
24	282.800	-69.998	
24	282.900	-69.998	
24	283.000	-69.998	
24	283.100	-69.998	
24	283.200	-69.998	
24	283.300	-69.998	
24	283.400	-69.998	
24	283.500	-69.998	
24	283.600	-69.998	
24	283.700	-69.998	
24	283.800	-69.998	
24	283.900	-69.998	
24	284.000	-69.998	
24	284.100	-69.998	
24	284.200	-69.998	
24	284.300	-69.998	
24	284.400	-69.998	
24	284.500	-69.998	
24	284.600	-69.998	
24	284.700	-69.998	
24	284.800	-69.998	
24	284.900	-69.998	
24	285.000	-69.998	
24	285.100	-69.998	
24	285.200	-69.998	
24	285.300	-69.998	
24	285.400	-69.998	
24	285.500	-69.998	
24	285.600	-69.998	
24	285.700	-69.998	
24	285.800	-69.998	
24	285.900	-69.998	
24	286.000	-69.998	
24	286.100	-69.998	
24	286.200	-69.998	
24	286.300	-69.998	
24	286.400	-69.998	
24	286.500	-69.998	
24	286.600	-69.998	
24	286.700	-69.998	
24	286.800	-69.998	
24	286.900	-69.998	
24	287.000	-69.998	
24	287.100	-69.998	
24	287.200	-69.998	
24	287.300	-69.998	
24	287.400	-69.998	
24	287.500	-69.998	
24	287.600	-69.998	
24	287.700	-69.998	
24	287.800	-69.998	
24	287.900	-69.998	
24	288.000	-69.998	
24	288.100	-69.998	
24	288.200	-69.998	
24	288.300	-69.998	
24	288.400	-69.998	
24	288.500	-69.998	
24	288.600	-69.998	
24	288.700	-69.998	
24	288.800	-69.998	
24	288.900	-69.998	
24	289.000	-69.998	
24	289.100	-69.998	
24	289.200	-69.998	
24	289.300	-69.998	
24	289.400	-69.998	
24	289.500	-69.998	
24	289.600	-69.998	
24	289.700	-69.998	
24	289.800	-69.998	
24	289.900	-69.998	
24	290.000	-69.998	
24	290.100	-69.998	
24	290.200	-69.998	
24	290.300	-69.998	
24	290.400	-69.998	
24	290.500	-69.998	
24	290.600	-69.998	
24	290.700	-69.998	
24	290.800	-69.998	
24	290.900	-69.998	
24	291.000	-69.998	
24	291.100	-69.998	
24	291.200	-69.998	
24	291.300	-69.998	
24	291.400	-69.998	
24	291.500	-69.998	
24	291.600	-69.998	
24	291.700	-69.998	
24	291.800	-69.998	
24	291.900	-69.998	
24	292.000	-69.998	
24	292.100	-69.998	
24	292.200	-69.998	
24	292.300	-69.998	
24	292.400	-69.998	
24	292.500	-69.998	
24	292.600	-69.998	
24	292.700	-69.998	
24	292.800	-69.998	
24	292.900	-69.998	
24	293.000	-69.998	
24	293.100	-69.998	
24	293.200	-69.998	
24	293.300	-69.998	
24	293.400	-69.998	
24	293.500	-69.998	
24	293.600	-69.998	
24	293.700	-69.998	
24	293.800	-69.998	
24	293.900	-69.998	
24	294.000	-69.998	
24	294.100	-69.998	
24	294.200	-69.998	
24	294.300	-69.998	
24	294.400	-69.998	
24	294.500	-69.998	
24	294.600	-69.998	
24	294.700	-69.998	
24	294.800	-69.998	
24	294.900	-69.998	
24	295.000	-69.998	
24	295.100	-69.998	
24	295.200	-69.998	
24	295.300	-69.998	
24	295.400	-69.998	
24	295.500	-69.998	
24	295.600	-69.998	
24	295.700	-69.998	
24	295.800	-69.998	
24	295.900	-69.998	
24	296.000	-69.998	
24	296.100	-69.998	
24	296.200	-69.998	
24	296.300	-69.998	
24	296.400	-69.998	
24	296.500	-69.998	
24	296.600	-69.998	
24	296.700	-69.998	
24	296.800	-69.998	
24	296.900	-69.998	
24	297.000	-69.998	
24	297.100	-69.998	
24	297.200	-69.998	
24	297.300	-69.998	
24	297.400	-69.998	
24	297.500	-69.998	
24	297.600	-69.998	
24	297.700	-69.998	
24	297.800	-69.998	
24	297.900	-69.998	
24	298.000	-69.998	
24	298.100	-69.998	
24	298.200	-69.998	
24	298.300	-69.998	
24	298.400	-69.998	
24	298.500	-69.998	
24	298.600	-69.998	
24	298.700	-69.998	
24	298.800	-69.998	
24	298.900	-69.998	
24	299.000	-69.998	
24	299.100	-69.998	
24	299.200	-69.998	
24	299.300	-69.998	
24	299.400	-69.998	
24	299.500	-69.998	
24	299.600	-69.998	
24	299.700	-69.998	
24	299.800	-69.998	
24	299.900	-69.998	
24	300.000	-69.998	
24	300.100	-69.998	
24	300.200	-69.998	
24	300.300	-69.998	
24	300.400	-69.998	
24	300.500	-69.998	
24	300.600	-69.998	
24	300.700	-69.998	
24	300.800	-69.998	
24	300.900	-69.998	
24	301.000	-69.998	
24	301.100	-69.998	
24	301.200	-69.998	
24	301.300	-69.998	
24	301.400	-69.998	
24	301.500	-69.998	
24	301.600	-69.998	
24	301.700	-69.998	
24	301.800	-69.998	
24	301.900	-69.998	
24	302.000	-69.998	
24	302.100	-69.998	
24	302.200	-69.998	
24	302.300	-69.998	
24	302.400	-69.998	
24	302.500	-69.998	
24	302.600	-69.998	
24	302.700	-69.998	
24	302.800	-69.998	
24	302.900	-69.998	
24	303.000	-69.998	
24	303.100	-69.998	
24	303.200	-69.998	
24	303.300	-69.998	
24	303.400	-69.998	
24	303.500	-69.998	
24	303.600	-69.998	
24	303.700	-69.998	
24	303.800	-69.998	
24	303.900	-69.998	
24	304.000	-69.998	
24	304.100	-69.998	
24	304.200	-69.998	
24	304.300	-69.998	
24	304.400	-69.998	
24	304.500	-69.998	
24	304.600	-69.998	
24	304.700	-69.998	
24	304.800	-69.998	
24	304.900	-69.998	
24	305.000	-69.998	
24	305.100	-69.998	
24	305.200	-69.998	
24	305.300	-69.998	
24	305.400	-69.998	
24	305.500	-69.998	
24	305.600	-69.998	
24	305.700	-69.998	
24	305.800	-69.998	
24	305.900	-69.998	
24	306.000	-69.998	
24	306.100	-69.998	
24	306.200	-69.998	
24	306.300	-69.998	
24	306.400	-69.998	
24	306.500	-69.998	
24	306.600	-69.998	
24	306.700	-69.998	
24	306.800	-69.998	
24	306.900	-69.998	
24	307.000	-69.998	
24	307.100	-69.998	
24	307.200	-69.998	
24	307.300	-69.998	
24	307.400	-69.998	
24	307.500	-69.998	
24	307.600	-69.998	
24	307.700	-69.998	
24	307.800	-69.998	
24	307.900	-69.998	
24	308.000	-69.998	
24	308.100	-69.998	
24	308.200	-69.998	
24	308.300	-69.998	
24	308.400	-69.998	
24	308.500	-69.998	
24	308.600	-69.998	
24	308.700	-69.998	
24	308.800	-69.998	
24	308.900	-69.998	
24	309.000	-69.998	
24	309.100	-69.998	
24	309.200	-69.998	
24	309.300	-69.998	
24	309.400	-69.998	
24	309.500	-69.998	
24	309.600	-69.998	
24	309.700	-69.998	
24	309.800	-69.998	
24	309.900	-69.998	
24	310.000	-69.998	
24	310.100	-69.998	
24	310.200	-69.998	
24	310.300	-69.998	
24	310.400	-69.998	
24	310.500	-69.998	
24	310.600	-69.998	
24	310.700	-69.998	
24	310.800	-69.998	
24	310.900	-69.998	
24	311.000	-69.998	
24	311.100	-69.998	
24	311.200	-69.998	
24	311.300	-69.998	
24	311.400	-69.998	
24	311.500	-69.998	
24	311.600	-69.998	
24	311.700	-69.998	
24	311.800	-69.998	
24	311.900	-69.998	
24	312.000	-69.998	
24	312.100	-69.998	
24	312.200	-69.998	
24	312.300	-69.998	
24	312.400	-69.998	
24	312.500	-69.998	
24	312.600	-69.998	
24	312.700	-69.998	
24	312.800	-69.998	
24	312.900	-69.998	
24	313.000	-69.998	
24	313.100	-69.998	
24	313.200	-69.998	
24	313.300	-69.998	
24	313.400	-69.998	
24	313.500	-69.998	
24	313.600	-69.998	
24	313.700	-69.998	
24	313.800	-69.998	
24	313.900	-69.998	
24	314.000	-69.998	
24	314.100	-69.998	
24	314.200	-69.998	
24	314.300	-69.998	
24	314.400	-69.998	
24	314.500	-69.998	
24	314.600	-69.998	
24	314.700	-69.998	
24	314.800	-69.998	
24	314.900	-69.998	
24	315.000	-69.998	
24	315.100	-69.998	
24	315.200	-69.998	
24	315.300	-69.998	
24	315.400	-69.998	
24	315.500	-69.998	
24	315.600	-69.998	
24	315.700	-69.998	
24	315.800	-69.998	
24	315.900	-69.998	
24	316.000	-69.998	
24	316.100	-69.998	
24	316.200	-69.998	
24	316.300	-69.998	
24	316.400	-69.998	
24	316.500	-69.998	
24	316.600	-69.998	
24	316.700	-69.998	
24	316.800	-69.998	
24	316.900	-69.998	
24	317.000	-69.998	
24	317.100	-69.998	
24	317.200	-69.998	
24	317.300	-69.998	
24	317.400	-69.998	
24	317.500	-69.998	
24	317.600	-69.998	
24	317.700	-69.998	
24	317.800	-69.998	
24	317.900	-69.998	
24	318.000	-69.998	
24	318.100	-69.998	
24	318.200	-69.998	
24	318.300	-69.998	
24	318.400	-69.998	
24	318.500	-69.998	
24	318.600	-69.998	
24	318.700	-69.998	
24	318.800	-69.998	
24	318.900	-69.998	
24	319.000	-69.998	
24	319.100	-69.998	
24	319.200	-69.998	
24	319.300	-69.998	
24	319.400	-69.998	
24	319.500	-69.998	
24	319.600	-69.998	
24	319.700	-69.998	
24	319.800	-69.998	
24	319.900	-69.998	
24	320.000	-69.998	
24	320.100	-69.998	
24	320.200	-69.998	
24	320.300	-69.998	
24	320.400	-69.998	
24	320.500	-69.998	
24	320.600	-69.998	
24	320.700	-69.998	
24	320.800	-69.998	
24	320.900	-69.998	
24	321.000	-69.998	
24	321.100	-69.998	
24	321.200	-69.998	
24	321.300	-69.998	
24	321.400	-69.998	
24	321.500	-69.998	
24	321.600	-69.998	
24	321.700	-69.998	
24	321.800	-69.998	
24	321.900	-69.998	
24	322.000	-69.998	
24	322.100	-69.998	
24	322.200	-69.998	
24	322.300	-69.998	
24	322.400	-69.998	
24	322.500	-69.998	
24	322.600	-69.998	
24	322.700	-69.998	
24	322.800	-69.998	
24	322.900	-69.998	
24	323.000	-69.998	
24	323.100	-69.998	
24	323.200	-69.998	
24	323.300	-69.998	
24	323.400	-69.998	
24	323.500	-69.998	
24	323.600	-69.998	
24	323.700	-69.998	
24	323.800	-69.998	
24	323.900	-69.998	
24	324.000	-69.998	
24	324.100	-69.998	
24	324.200	-69.998	
24	324.300	-69.998	
24	324.400	-69.998	
24	324.500	-69.998	
24	324.600	-69.998	
24	324.700	-69.998	
24	324.800	-69.998	
24	324.900	-69.998	
24	325.000	-69.998	
24	325.100	-69.998	
24	325.200	-69.998	
24	325.300	-69.998	
24	325.400	-69.998	
24	325.500	-69.998	
24	325.600	-69.998	
24	325.700	-69.998	
24	325.800	-69.998	
24	325.900	-69.998	
24	326.000	-69.998	
24	326.100	-69.998	
24	326.200	-69.998	
24	326.300	-69.998	
24	326.400	-69.998	
24	326.500	-69.998	
24	326.600	-69.998	
24	326.700	-69.998	
24	326.800	-69.998	
24	326.900	-69.998	
24	327.000	-69.998	
24	327.100	-69.998	
24	327.200	-69.998	
24	327.300	-69.998	
24	327.400	-69.998	
24	327.500	-69.998	
24	327.600	-69.998	
24	327.700	-69.998	
24	327.800	-69.998	
24	327.900	-69.998	
24	328.000	-69.998	
24	328.100	-69.998	
24	328.200	-69.998	
24	328.300	-69.998	
24	328.400	-69.998	
24	328.500	-69.998	
24	328.600	-69.998	
24	328.700	-69.998	
24	328.800	-69.998	
24	328.900	-69.998	
24	329.000	-69.998	
24	329.100	-69.998	
24	329.200	-69.998	
24	329.300	-69.998	
24	329.400	-69.998	
24	329.500	-69.998	
24	329.600	-69.998	
24	329.700	-69.998	
24	329.800	-69.998	
24	329.900	-69.998	
24	330.000	-69.998	
24	330.100	-69.998	
24	330.200	-69.998	
24	330.300	-69.998	
24	330.400	-69.998	
24	330.500	-69.998	
24	330.600	-69.998	
24	330.700	-69.998	
24	330.800	-69.998	
24	330.900	-69.998	
24	331.000	-69.998	
24	331.100	-69.998	
24	331.200	-69.998	
24	331.300	-69.998	
24	331.400	-69.998	
24	331.500	-69.998	
24	331.600	-69.998	
24	331.700	-69.998	
24	331.800	-69.998	
24	331.900	-69.998	
24	332.000	-69.998	
24	332.100	-69.998	
24	332.200	-69.998	
24	332.300	-69.998	
24	332.400	-69.998	
24	332.500	-69.998	
24	332.600	-69.998	
24	332.700	-69.998	
24	332.800	-69.998	
24	332.900	-69.998	
24	333.000	-69.998	
24	333.100	-69.998	
24	333.200	-69.998	
24	333.300	-69.998	
24	333.400	-69.998	
24	333.500	-69.998	
24	333.600	-69.998	
24	333.700	-69.998	
24	333.800	-69.998	
24	333.900	-69.998	
24	334.000	-69.998	
24	334.100	-69.998	
24	334.200	-69.998	
24	334.300	-69.998	
24	334.400	-69.998	
24	334.500	-69.998	
24	334.600	-69.998	
24	334.700	-69.998	
24	334.800	-69.998	
24	334.900	-69.998	
24	335.000	-69.998	
24	335.100	-69.998	
24	335.200	-69.998	
24	335.300	-69.998	
24	335.400	-69.998	
24	335.500	-69.998	
24	335.600	-69.998	
24	335.700	-69.998	
24	335.800	-69.998	
24	335.900	-69.998	
24	336.000	-69.998	
24	336.100	-69.998	
24	336.200	-69.998	
24	336.300	-69.998	
24	336.400	-69.998	
24	336.500	-69.998	
24	336.600	-69.998	
24	336.700	-69.998	
24	336.800	-69.998	
24	336.900	-69.998	
24	337.000	-69.998	
24	337.100	-69.998	
24	337.200	-69.998	
24	337.300	-69.998	
24	337.400	-69.998	
24	337.500	-69.998	
24	337.600	-69.998	
24	337.700	-69.998	
24	337.800	-69.998	
24	337.900	-69.998	
24	338.000	-69.998	
24	338.100	-69.998	
24	338.200	-69.998	
24	338.300	-69.998	
24	338.400	-69.998	
24	338.500	-69.998	
24	338.600	-69.998	
24	338.700	-69.998	
24	338.800	-69.998	
24	338.900	-69.998	
24	339.000	-69.998	
24	339.100	-69.998	
24	339.200	-69.998	
24	339.300	-69.998	
24	339.400	-69.998	
24	339.500	-69.998	
24	339.600	-69.998	
24	339.700	-69.998	
24	339.800	-69.998	
24	339.900	-69.998	
24	340.000	-69.998	
24	340.100	-69.998	
24	340.200	-69.998	
24	340.300	-69.998	
24	340.400	-69.998	
24	340.500	-69.998	
24	340.600	-69.998	
24	340.700	-69.998	
24	340.800	-69.998	
24	340.900	-69.998	
24	341.000	-69.998	
24	341.100	-69.998	
24	341.200	-69.998	
24	341.300	-69.998	
24	341.400	-69.998	
24	341.500	-69.998	
24	341.600	-69.998	
24	341.700	-69.998	
24	341.800	-69.998	
24	341.900	-69.998	
24	342.000	-69.998	
24	342.100	-69.998	
24	342.200	-69.998	
24	342.300	-69.998	
24	342.400	-69.998	
24	342.500	-69.998	
24	342.600	-69.998	
24	342.700	-69.998	
24	342.800	-69.998	
24	342.900	-69.998	
24	343.000	-69.998	
24	343.100	-69.998	
24	343.200	-69.998	
24	343.300	-69.998	
24	343.400	-69.998	
24	343.500	-69.998	
24	343.600	-69.998	
24	343.700	-69.998	
24	343.800	-69.998	
24	343.900	-69.998	
24	344.000	-69.998	
24	344.100	-69.998	
24	344.200	-69.998	
24	344.300	-69.998	
24	344.400	-69.998	
24	344.500	-69.998	
24	344.600	-69.998	
24	344.700	-69.998	
24	344.800	-69.998	
24	344.900	-69.998	
24	345.000	-69.998	
24	345.100	-69.998	
24	345.200	-69.998	
24	345.300	-69.998	
24	345.400	-69.998	
24	345.500	-69.998	
24	345.600	-69.998	
24	345.700	-69.998	
24	345.800	-69.998	
24	345.900	-69.998	
24	346.000	-69.998	
24	346.100	-69.998	
24	346.200	-69.998	
24	346.300	-69.998	
24	346.400	-69.998	
24	346.500	-69.998	
24	346.600	-69.998	
24	346.700	-69.998	
24	346.800	-69.998	
24	346.900	-69.998	
24	347.000	-69.998	
24	347.100	-69.998	
24	347.200	-69.998	
24	347.300	-69.998	
24	347.400	-69.998	
24	347.500	-69.998	
24	347.600	-69.998	
24	347.700	-69.998	
24	347.800	-69.998	
24	347.900	-69.998	
24	348.000	-69.998	
24	348.100	-69.998	
24	348.200	-69.998	
24	348.300	-69.998	
24	348.400	-69.998	
24	348.500	-69.998	
24	348.600	-69.998	
24	348.700	-69.998	
24	348.800	-69.998	
24	348.900	-69.998	
24	349.000	-69.998	
24	349.100	-69.998	
24	349.200	-69.998	
24	349.300	-69.998	
24	349.400	-69.998	
24	349.500	-69.998	
24	349.600	-69.998	
24	349.700	-69.998	
24	349.800	-69.998	
24	349.900	-69.998	
24	350.000	-69.998	
24	350.100	-69.998	
24	350.200	-69.998	
24	350.300	-69.998	
24	350.400	-69.998	
24	350.500	-69.998	
24	350.600	-69.998	
24	350.700	-69.998	
24	350.800	-69.998	
24	350.900	-69.998	
24	351.000	-69.998	
24	351.100	-69.998	
24	351.200	-69.998	
24	351.300	-69.998	
24	351.400	-69.998	
24	351.500	-69.998	
24	351.600	-69.998	
24	351.700	-69.998	
24	351.800	-69.998	
24	351.900	-69.998	
24	352.000	-69.998	
24	352.100	-69.998	
24	352.200	-69.998	
24	352.300	-69.998	
24	352.400	-69.998	
24	352.500	-69.998	
24	352.600	-69.998	
24	352.700	-69.998	
24	352.800	-69.998	
24	352.900	-69.998	
24	353.000	-69.998	
24	353.100	-69.998	
24	353.200	-69.998	
24	353.300	-69.998	
24	353.400	-69.998	
24	353.500	-69.998	
24	353.600	-69.998	
24	353.700	-69.998	
24	353.800	-69.998	
24	353.900	-69.998	
24	354.000	-69.998	
24	354.100	-69.998	
24	354.200	-69.998	
24	354.300	-69.998	
24	354.400	-69.998	
24	354.500	-69.998	
24	354.600	-69.998	
24	354.700	-69.998	
24	354.800	-69.998	
24	354.900	-69.998	
24	355.000	-69.998	
24	355.100	-69.998	
24	355.200	-69.998	
24	355.300	-69.998	
24	355.400	-69.998	
24	355.500	-69.998	
24	355.600	-69.998	
24	355.700	-69.998	
24	355.800	-69.998	
24	355.900	-69.998	
24	356.000	-69.998	
24	356.100	-69.998	
24	356.200	-69.998	
24	356.300	-69.998	
24	356.400	-69.998	
24	356.500	-69.998	
24	356.600	-69.998	
24	356.700	-69.998	
24	356.800	-69.998	
24	356.900	-69.998	
24	357.000	-69.998	
24	357.100	-69.998	
24	357.200	-69.998	
24	357.300	-69.998	
24	357.400	-69.998	
24	357.500	-69.998	
24	357.600	-69.998	
24	357.700	-69.998	
24	357.800	-69.998	
24	357.900	-69.998	
24	358.000	-69.998	
24	358.100	-69.998	
24	358.200	-69.998	
24	358.300	-69.998	
24	358.400	-69.998	
24	358.500	-69.998	
24	358.600	-69.998	
24	358.700	-69.998	
24	358.800	-69.998	
24	358.900	-69.998	
24	359.000	-69.998	
24	359.100	-69.998	
24	359.200	-69.998	
24	359.300	-69.998	
24	359.400	-69.998	
24	359.500	-69.998	
24	359.600	-69.998	
24	359.700	-69.998	
24	359.800	-69.998	
24	359.900	-69.998	
24	360.000	-69.998	
24	360.100	-69.998	
24	360.200	-69.998	
24	360.300	-69.998	
24	360.400	-69.998	
24	360.500	-69.998	
24	360.600	-69.998	
24	360.700	-69.998	
24	360.800	-69.998	
24	360.900	-69.998	
24	361.000	-69.998	
24	361.100	-69.998	
24	361.200	-69.998	
24	361.300	-69.998	
24	361.400	-69.998	
24	361.500	-69.998	
24	361.600	-69.998	
24	361.700	-69.998	
24	361.800	-69.998	
24	361.900	-69.998	
24	362.000	-69.998	
24	362.100	-69.998	
24	362.200	-69.998	
24	362.300	-69.998	
24	362.400	-69.998	
24	362.500	-69.998	
24	362.600	-69.998	
24	362.700	-69.998	
24	362.800	-69.998	
24	362.900	-69.998	
24	363.000	-69.998	
24	363.100	-69.998	
24	363.200	-69.998	
24	363.300	-69.998	
24	363.400	-69.998	
24	363.500	-69.998	
24	363.600	-69.998	
24	363.700	-69.998	
24	363.800	-69.998	
24	363.900	-69.998	
24	364.000	-69.998	
24	364.100	-69.998	
24	364.200	-69.998	
24	364.300	-69.998	
24	364.400	-69.998	
24	364.500	-69.998	
24	364.600	-69.998	
24	364.700	-69.998	
24	364.800	-69.998	
24	364.900	-69.998	
24	365.000	-69.998	
24	365.100	-69.998	
24	365.200	-69.998	
24	365.300	-69.998	
24	365.400	-69.998	
24	365.500	-69.998	
24	365.600	-69.998	
24	365.700	-69.998	
24	365.800	-69.998	
24	365.900	-69.998	
24	366.000	-69.998	
24	366.100	-69.998	
24	366.200	-69.998	
24	366.300	-69.998	
24	366.400	-69.998	
24	366.500	-69.998	
24	366.600	-69.998	
24	366.700	-69.998	
24	366.800	-69.998	
24	366.900	-69.998	
24	367.000	-69.998	
24	367.100	-69.998	
24	367.200	-69.998	
24	367.300	-69.998	
24	367.400	-69.998	
24	367.500	-69.998	
24	367.600	-69.998	
24	367.700	-69.998	
24	367.800	-69.998	
24	367.900	-69.998	
24	368.000	-69.998	
24	368.100	-69.998	
24	368.200	-69.998	
24	368.300	-69.998	
24	368.400	-69.998	
24	368.500	-69.998	
24	368.600	-69.998	
24	368.700	-69.998	
24	368.800	-69.998	
24	368.900	-69.998	
24	369.000	-69.998	
24	369.100	-69.998	
24	369.200	-69.998	
24	369.300	-69.998	
24	369.400	-69.998	
24	369.500	-69.998	
24	369.600	-69.998	
24	369.700	-69.998	
24	369.800	-69.998	
24	369.900	-69.998	
24	370.000	-69.998	
24	370.100	-69.998	
24	370.200	-69.998	
24	370.300	-69.998	
24	370.400	-69.998	
24	370.500	-69.998	
24	370.600	-69.998	
24	370.700	-69.998	
24	370.800	-69.998	
24	370.900	-69.998	
24	371.000	-69.998	
24	371.100	-69.998	
24	371.200	-69.998	
24	371.300	-69.998	
24	371.400	-69.998	
24	371.500	-69.998	
24	371.600	-69.998	
24	371.700	-69.998	
24	371.800	-69.998	
24	371.900	-69.998	
24	372.000	-69.998	
24	372.100	-69.998	
24	372.200	-69.998	
24	372.300	-69.998	
24	372.400	-69.998	
24	372.500	-69.998	
24	372.600	-69.998	
24	372.700	-69.998	
24	372.800	-69.998	
24	372.900	-69.998	
24	373.000	-69.998	
24	373.100	-69.998	
24	373.200	-69.998	
24	373.300	-69.998	
24	373.400	-69.998	
24	373.500	-69.998	
24	373.600	-69.998	
24	373.700	-69.998	
24	373.800	-69.998	
24	373.900	-69.998	
24	374.000	-69.998	
24	374.100	-69.998	
24	374.200	-69.998	
24	374.300	-69.998	
24	374.400	-69.998	
24	374.500	-69.998	
24	374.600	-69.998	
24	374.700	-69.998	
24	374.800	-69.998	
24	374.900	-69.998	
24	375.000	-69.998	
24	375.100	-69.998	
24	375.200	-69.998	
24	375.300	-69.998	
24	375.400	-69.998	
24	375.500	-69.998	
24	375.600	-69.998	
24	375.700	-69.998	
24	375.800	-69.998	
24	375.900	-69.998	
24	376.000	-69.998	
24	376.100	-69.998	
24	376.200	-69.998	
24	376.300	-69.998	
24	376.400	-69.998	
24	376.500	-69.998	
24	376.600	-69.998	
24	376.700	-69.998	
24	376.800	-69.998	
24	376.900	-69.998	
24	377.000	-69.998	
24	377.100	-69.998	
24	377.200	-69.998	
24	377.300	-69.998	
24	377.400	-69.998	
24	377.500	-69.998	
24	377.600	-69.998	
24	377.700	-69.998	
24	377.800	-69.998	
24	377.900	-69.998	
24	378.000	-69.998	
24	378.100	-69.998	
24	378.200	-69.998	
24	378.300	-69.998	
24	378.400	-69.998	
24	378.500	-69.998	
24	378.600	-69.998	
24	378.700	-69.998	
24	378.800	-69.998	
24	378.900	-69.998	
24	379.000	-69.998	
24	379.100	-69.998	
24	379.200	-69.998	
24	379.300	-69.998	
24	379.400	-69.998	
24	379.500	-69.998	
24	379.600	-69.998	
24	379.700	-69.998	
24	379.800	-69.998	
24	379.900	-69.998	
24	380.000	-69.998	
24	380.100	-69.998	
24	380.200	-69.998	
24	380.300	-69.998	
24	380.400	-69.998	
24	380.500	-69.998	
24	380.600	-69.998	
24	380.700	-69.998	
24	380.800	-69.998	
24	380.900	-69.998	
24	381.000	-69.998	
24	381.100	-69.998	
24	381.200	-69.998	
24	381.300	-69.998	
24	381.400	-69.998	
24	381.500	-69.998	
24	381.600	-69.998	
24	381.700	-69.998	
24	381.800	-69.998	
24	381.900	-69.998	
24	382.000	-69.998	
24	382.100	-69.998	
24	382.200	-69.998	
24	382.300	-69.998	
24	382.400	-69.998	
24	382.500	-69.998	
24	382.600	-69.998	
24	382.700	-69.998	
24	382.800	-69.998	
24	382.900	-69.998	
24	383.000	-69.998	
24	383.100	-69.998	
24	383.200	-69.998	
24	383.300	-69.998	
24	383.400	-69.998	
24	383.500	-69.998	
24	383.600	-69.998	
24	383.700	-69.998	
24	383.800	-69.998	
24	383.900	-69.998	
24	384.000	-69.998	
24	384.100	-69.998	
24	384.200	-69.998	
24	384.300	-69.998	
24	384.400	-69.998	
24	384.500	-69.998	
24	384.600	-69.998	
24	384.700	-69.998	
24	384.800	-69.998	
24	384.900	-69.998	
24	385.000	-69.998	
24	385.100	-69.998	
24	385.200	-69.998	
24	385.300	-69.998	
24	385.400	-69.998	
24	385.500	-69.998	
24	385.600	-69.998	
24	385.700	-69.998	
24	385.800	-69.998	
24	385.900	-69.998	
24	386.000	-69.998	
24	386.100	-69.998	
24	386.200	-69.998	
24	386.300	-69.998	
24	386.400	-69.998	
24	386.500	-69.998	
24	386.600	-69.998	
24	386.700	-69.998	
24	386.800	-69.998	
24	386.900	-69.998	
24	387.000	-69.998	
24	387.100	-69.998	
24	387.200	-69.998	
24	387.300	-69.998	
24	387.400	-69.998	
24	387.500	-69.998	
24	387.600	-69.998	
24	387.700	-69.998	
24	387.800	-69.998	
24	387.900	-69.998	
24	388.000	-69.998	
24	388.100	-69.998	
24	388.200	-69.998	
24	388.300	-69.998	
24	388.400	-69.998	
24	388.500	-69.998	
24	388.600	-69.998	
24	388.700	-69.998	
24	388.800	-69.998	
24	388.900	-69.998	
24	389.000	-69.998	
24	389.100	-69.998	
24	389.200	-69.998	
24	389.300	-69.998	
24	389.400	-69.998	
24	389.500	-69.998	
24	389.600	-69.998	
24	389.700	-69.998	
24	389.800	-69.998	
24	389.900	-69.998	
24	390.000	-69.998	
24	390.100	-69.998	
24	390.200	-69.998	
24	390.300	-69.998	
24	390.400	-69.998	
24	390.500	-69.998	
24	390.600	-69.998	
24	390.700	-69.998	
24	390.800	-69.998	
24	390.900	-69.998	
24	391.000	-69.998	
24	391.100	-69.998	
24	391.200	-69.998	
24	391.300	-69.998	
24	391.400	-69.998	
24	391.500	-69.998	
24	391.600	-69.998	
24	391.700	-69.998	
24	391.800	-69.998	
24	391.900	-69.998	
24	392.000	-69.998	
24	392.100	-69.998	
24	392.200	-69.998	
24	392.300	-69.998	
24	392.400	-69.998	
24	392.500	-69.998	
24	392.600	-69.998	
24	392.700	-69.998	
24	392.800	-69.998	
24	392.900	-69.998	
24	393.000	-69.998	
24	393.100	-69.998	
24	393.200	-69.998	
24	393.300	-69.998	
24	393.400	-69.998	
24	393.500	-69.998	
24	393.600	-69.998	
24	393.700	-69.998	
24	393.800	-69.998	
24	393.900	-69.998	
24	394.000	-69.998	
24	394.100	-69.998	
24	394.200	-69.998	
24	394.300	-69.998	
24	394.400	-69.998	
24	394.500	-69.998	
24	394.600	-69.998	
24	394.700	-69.998	
24	394.800	-69.998	
24	394.900	-69.998	
24	395.000	-69.998	
24	395.100	-69.998	
24	395.200	-69.998	
24	395.300	-69.998	
24	395.400	-69.998	
24	395.500	-69.998	
24	395.600	-69.998	
24	395.700	-69.998	
24	395.800	-69.998	
24	395.900	-69.998	
24	396.000	-69.998	
24	396.100	-69.998	
24	396.200	-69.998	
24	396.300	-69.998	
24	396.400	-69.998	
24	396.500	-69.998	
24	396.600	-69.998	
24	396.700	-69.998	
24	396.800	-69.998	
24	396.900	-69.998	
24	397.000	-69.998	
24	397.100	-69.998	
24	397.200	-69.998	
24	397.300	-69.998	
24	397.400	-69.998	
24	397.500	-69.998	
24	397.600	-69.998	
24	397.700	-69.998	
24	397.800	-69.998	
24	397.900	-69.998	
24	398.000	-69.998	
24	398.100	-69.998	
24	398.200	-69.998	
24	398.300	-69.998	
24	398.400	-69.998	
24	398.500	-69.998	
24	398.600	-69.998	
24	398.700	-69.998	
24	398.800	-69.998	
24	398.900	-69.998	
24	399.000	-69.998	
24	399.100	-69.998	
24	399.200	-69.998	
24	399.300	-69.998	
24	399.400	-69.998	
24	399.500	-69.998	
24	399.600	-69.998	
24	399.700	-69.998	
24	399.800	-69.998	
24	399.900	-69.998	
24	400.000	-69.998	
24	400.100	-69.998	
24	400.200	-69.998	
24	400.300	-69.998	
24	400.400	-69.998	
24	400.500	-69.998	
24	400.600	-69.998	
24	400.700	-69.998	
24	400.800	-69.998	
24	400.900	-69.998	
24	401.000	-69.998	
24	401.100	-69.998	
24	401.200	-69.998	
24	401.300	-69.998	
24	401.400	-69.998	
24	401.500	-69.998	
24	401.600	-69.998	
24	401.700	-69.998	
24	401.800	-69.998	
24	401.900	-69.998	
24	402.000	-69.998	
24	402.100	-69.998	
24	402.200	-69.998	
24	402.300	-69.998	
24	402.400	-69.998	
24	402.500	-69.998	
24	402.600	-69.998	
24	402.700	-69.998	
24	402.800	-69.998	
24	402.900	-69.998	
24	403.000	-69.998	
24	403.100	-69.998	
24	403.200	-69.998	
24	403.300	-69.998	
24	403.400	-69.998	
24	403.500	-69.998	
24	403.600	-69.998	
24	403.700	-69.998	
24	403.800	-69.998	
24	403.900	-69.998	
24	404.000	-69.998	
24	404.100	-69.998	
24	404.200	-69.998	
24	404.300	-69.998	
24	404.400	-69.998	
24	404.500	-69.998	
24	404.600	-69.998	
24	404.700	-69.998	
24	404.800	-69.998	
24	404.900	-69.998	
24	405.000	-69.998	
24	405.100	-69.998	
24	405.200	-69.998	
24	405.300	-69.998	
24	405.400	-69.998	
24	405.500	-69.998	
24	405.600	-69.998	
24	405.700	-69.998	
24	405.800	-69.998	
24	405.900	-69.998	
24	406.000	-69.998	
24	406.100	-69.998	
24	406.200	-69.998	
24	406.300	-69.998	
24	406.400	-69.998	
24	406.500	-69.998	
24	406.600	-69.998	
24	406.700	-69.998	
24	406.800	-69.998	
24	406.900	-69.998	
24	407.000	-69.998	
24	407.100	-69.998	
24	407.200	-69.998	
24	407.300	-69.998	
24	407.400	-69.998	
24	407.500	-69.998	
24	407.600	-69.998	
24	407.700	-69.998	
24	407.800	-69.998	
24	407.900	-69.998	
24	408.000	-69.998	
24	408.100	-69.998	
24	408.200	-69.998	
24	408.300	-69.998	
24	408.400	-69.998	
24	408.500	-69.998	
24	408.600	-69.998	
24	408.700	-69.998	
24	408.800	-69.998	
24	408.900	-69.998	
24	409.000	-69.998	
24	409.100	-69.998	
24	409.200	-69.998	
24	409.300	-69.998	
24	409.400	-69.998	
24	409.500	-69.998	
24	409.600	-69.998	
24	409.700	-69.998	
24	409.800	-69.998	
24	409.900	-69.998	
24	410.000	-69.998	
24	410.100	-69.998	
24	410.200	-69.998	
24	410.300	-69.998	
24	410.400	-69.998	
24	410.500	-69.998	
24	410.600	-69.998	
24	410.700	-69.998	
24	410.800	-69.998	
24	410.900	-69.998	
24	411.000	-69.998	
24	411.100	-69.998	
24	411.200	-69.998	
24	411.300	-69.998	
24	411.400	-69.998	
24	411.500	-69.998	
24	411.600	-69.998	
24	411.700	-69.998	
24	411.800	-69.998	
24	411.900	-69.998	
24	412.000	-69.998	
24	412.100	-69.998	
24	412.200	-69.998	
24	412.300	-69.998	
24	412.400	-69.998	
24	412.500	-69.998	
24	412.600	-69.998	
24	412.700	-69.998	
24	412.800	-69.998	
24	412.900	-69.998	
24	413.000	-69.998	
24	413.100	-69.998	
24	413.200	-69.998	
24	413.300	-69.998	
24	413.400	-69.998	
24	413.500	-69.998	
24	413.600	-69.998	
24	413.700	-69.998	
24	413.800	-69.998	
24	413.900	-69.998	
24	414.000	-69.998	
24	414.100	-69.998	
24	414.200	-69.998	
24	414.300	-69.998	
24	414.400	-69.998	
24	414.500	-69.998	
24	414.600	-69.998	
24	414.700	-69.998	
24	414.800	-69.998	
24	414.900	-69.998	
24	415.000	-69.998	
24	415.100	-69.998	
24	415.200	-69.998	
24	415.300	-69.998	
24	415.400	-69.998	
24	415.500	-69.998	
24	415.600	-69.998	
24	415.700	-69.998	
24	415.800	-69.998	
24	415.900	-69.998	
24	416.000	-69.998	
24	416.100	-69.998	
24	416.200	-69.998	
24	416.300	-69.998	
24	416.400	-69.998	
24	416.500	-69.998	
24	416.600	-69.998	
24	416.700	-69.998	
24	416.800	-69.998	
24	416.900	-69.998	
24	417.000	-69.998	
24	417.100	-69.998	
24	417.200	-69.998	
24	417.300	-69.998	
24	417.400	-69.998	
24	417.500	-69.998	
24	417.600	-69.998	
24	417.700	-69.998	
24	417.800	-69.998	
24	417.900	-69.998	
24	418.000	-69.998	
24	418.100	-69.998	
24	418.200	-69.998	
24	418.300	-69.998	
24	418.400	-69.998	
24	418.500	-69.998	
24	418.600	-69.998	
24	418.700	-69.998	
24	418.800	-69.998	
24	418.900	-69.998	
24	419.000	-69.998	
24	419.100	-69.998	
24	419.200	-69.998	
24	419.300	-69.998	
24	419.400	-69.998	
24	419.500	-69.998	
24	419.600	-69.998	
24	419.700	-69.998	
24	419.800	-69.998	
24	419.900	-69.998	
24	420.000	-69.998	
24	420.100	-69.998	
24	420.200	-69.998	
24	420.300	-69.998	
24	420.400	-69.998	
24	420.500	-69.998	
24	420.600	-69.998	
24	420.700	-69.998	
24	420.800	-69.998	
24	420.900	-69.998	
24	421.000	-69.998	
24	421.100	-69.998	
24	421.200	-69.998	
24	421.300	-69.998	
24	421.400	-69.998	
24	421.500	-69.998	
24	421.600	-69.998	
24	421.700	-69.998	
24	421.800	-69.998	
24	421.900	-69.998	
24	422.000	-69.998	
24	422.100	-69.998	
24	422.200	-69.998	
24	422.300	-69.998	
24	422.400	-69.998	
24	422.500	-69.998	
24	422.600	-69.998	
24	422.700	-69.998	
24	422.800	-69.998	
24	422.900	-69.998	
24	423.000	-69.998	
24	423.100	-69.998	
24	423.200	-69.998	
24	423.300	-69.998	
24	423.400	-69.998	
24	423.500	-69.998	
24	423.600	-69.998	
24	423.700	-69.998	
24	423.800	-69.998	
24	423.900	-69.998	
24	424.000	-69.998	
24	424.100	-69.998	
24	424.200	-69.998	
24	424.300	-69.998	
24	424.400	-69.998	
24	424.500	-69.998	
24	424.600	-69.998	
24	424.700	-69.998	
24	424.800	-69.998	
24	424.900	-69.998	
24	425.000	-69.998	
24	425.100	-69.998	
24	425.200	-69.998	
24	425.300	-69.998	
24	425.400	-69.998	
24	425.500	-69.998	
24	425.600	-69.998	
24	425.700	-69.998	
24	425.800	-69.998	
24	425.900	-69.998	
24	426.000	-69.998	
24	426.100	-69.998	
24	426.200	-69.998	
24	426.300	-69.998	
24	426.400	-69.998	
24	426.500	-69.998	
24	426.600	-69.998	
24	426.700	-69.998	
24	426.800	-69.998	
24	426.900	-69.998	
24	427.000	-69.998	
24	427.100	-69.998	
24	427.200	-69.998	
24	427.300	-69.998	
24	427.400	-69.998	
24	427.500	-69.998	
24	427.600	-69.998	
24	427.700	-69.998	
24	427.800	-69.998	
24	427.900	-69.998	
24	428.000	-69.998	
24	428.100	-69.998	
24	428.200	-69.998	
24	428.300	-69.998	
24	428.400	-69.998	
24	428.500	-69.998	
24	428.600	-69.998	
24	428.700	-69.998	
24	428.800	-69.998	
24	428.900	-69.998	
24	429.000	-69.998	
24	429.100	-69.998	
24	429.200	-69.998	
24	429.300	-69.998	
24	429.400	-69.998	
24	429.500	-69.998	
24	429.600	-69.998	
24	429.700	-69.998	
24	429.800	-69.998	
24	429.900	-69.998	
24	430.000	-69.998	
24	430.100	-69.998	
24	430.200	-69.998	
24	430.300	-69.998	
24	430.400	-69.998	
24	430.500	-69.998	
24	430.600	-69.998	
24	430.700	-69.998	
24	430.800	-69.998	
24	430.900	-69.998	
24	431.000	-69.998	
24	431.100	-69.998	
24	431.200	-69.998	
24	431.300	-69.998	
24	431.400	-69.998	
24	431.500	-69.998	
24	431.600	-69.998	
24	431.700	-69.998	
24	431.800	-69.998	
24	431.900	-69.998	
24	432.000	-69.998	
24	432.100	-69.998	
24	432.200	-69.998	
24	432.300	-69.998	
24	432.400	-69.998	
24	432.500	-69.998	
24	432.600	-69.998	
24	432.700	-69.998	
24	432.800	-69.998	
24	432.900	-69.998	
24	433.000	-69.998	
24	433.100	-69.998	
24	433.200	-69.998	
24	433.300	-69.998	
24	433.400	-69.998	
24	433.500	-69.998	
24	433.600	-69.998	
24	433.700	-69.998	
24	433.800	-69.998	
24	433.900	-69.998	
24	434.000	-69.998	
24	434.100	-69.998	
24	434.200	-69.998	
24	434.300	-69.998	
24	434.400	-69.998	
24	434.500	-69.998	
24	434.600	-69.998	
24	434.700	-69.998	
24	434.800	-69.998	
24	434.900	-69.998	
24	435.000	-69.998	
24	435.100	-69.998	
24	435.200	-69.998	
24	435.300	-69.998	
24	435.400	-69.998	
24	435.500	-69.998	
24	435.600	-69.998	
24	435.700	-69.998	
24	435.800	-69.998	
24	435.900	-69.998	
24	436.000	-69.998	
24	436.100	-69.998	
24	436.200	-69.998	
24	436.300	-69.998	
24	436.400	-69.998	
24	436.500	-69.998	
24	436.600	-69.998	
24	436.700	-69.998	
24	436.800	-69.998	
24	436.900	-69.998	
24	437.000	-69.998	
24	437.100	-69.998	
24	437.200	-69.998	
24	437.300	-69.998	
24	437.400	-69.998	
24	437.500	-69.998	
24	437.600	-69.998	
24	437.700	-69.998	
24	437.800	-69.998	
24	437.900	-69.998	
24	438.000	-69.998	
24	438.100	-69.998	
24	438.200	-69.998	
24	438.300	-69.998	
24	438.400	-69.998	
24	438.500	-69.998	
24	438.600	-69.998	
24	438.700	-69.998	
24	438.800	-69.998	
24	438.900	-69.998	
24	439.000	-69.998	
24	439.100	-69.998	
24	439.200	-69.998	
24	439.300	-69.998	
24	439.400	-69.998	
24	439.500	-69.998	
24	439.600	-69.998	
24	439.700	-69.998	
24	439.800	-69.998	
24	439.900	-69.998	
24	440.000	-69.998	
24	440.100	-69.998	
24	440.200	-69.998	
24	440.300	-69.998	
24	440.400	-69.998	
24	440.500	-69.998	
24	440.600	-69.998	
24	440.700	-69.998	
24	440.800	-69.998	
24	440.900	-69.998	
24	441.000	-69.998	
24	441.100	-69.998	
24	441.200	-69.998	
24	441.300	-69.998	
24	441.400	-69.998	
24	441.500	-69.998	
24	441.600	-69.998	
24	441.700	-69.998	
24	441.800	-69.998	
24	441.900	-69.998	
24	442.000	-69.998	
24	442.100	-69.998	
24	442.200	-69.998	
24	442.300	-69.998	
24	442.400	-69.998	
24	442.500	-69.998	
24	442.600	-69.998	
24	442.700	-69.998	
24	442.800	-69.998	
24	442.900	-69.998	
24	443.000	-69.998	
24	443.100	-69.998	
24	443.200	-69.998	
24	443.300	-69.998	
24	443.400	-69.998	
24	443.500	-69.998	
24	443.600	-69.998	
24	443.700	-69.998	
24	443.800	-69.998	
24	443.900	-69.998	
24	444.000	-69.998	
24	444.100	-69.998	
24	444.200	-69.998	
24	444.300	-69.998	
24	444.400	-69.998	
24	444.500	-69.998	
24	444.600	-69.998	
24	444.700	-69.998	
24	444.800	-69.998	
24	444.900	-69.998	
24	445.000	-69.998	
24	445.100	-69.998	
24	445.200	-69.998	
24	445.300	-69.998	
24	445.400	-69.998	
24	445.500	-69.998	
24	445.600	-69.998	
24	445.700	-69.998	
24	445.800	-69.998	
24	445.900	-69.998	
24	446.000	-69.998	
24	446.100	-69.998	
24	446.200	-69.998	
24	446.300	-69.998	
24	446.400	-69.998	
24	446.500	-69.998	
24	446.600	-69.998	
24	446.700	-69.998	
24	446.800	-69.998	
24	446.900	-69.998	
24	447.000	-69.998	
24	447.100	-69.998	
24	447.200	-69.998	
24	447.300	-69.998	
24	447.400	-69.998	
24	447.500	-69.998	
24	447.600	-69.998	
24	447.700	-69.998	
24	447.800	-69.998	
24	447.900	-69.998	
24	448.000	-69.998	
24	448.100	-69.998	
24	448.200	-69.998	
24	448.300	-69.998	
24	448.400	-69.998	
24	448.500	-69.998	
24	448.600	-69.998	
24	448.700	-69.998	
24	448.800	-69.998	
24	448.900	-69.998	
24	449.000	-69.998	
