5	0.100	-70.000	
5	0.200	-70.000	
5	0.300	-70.000	
5	0.400	-70.000	
5	0.500	-70.000	
5	0.600	-70.000	
5	0.700	-70.000	
5	0.800	-70.000	
5	0.900	-70.000	
5	1.000	-70.000	
5	1.100	-70.000	
5	1.200	-70.000	
5	1.300	-70.000	
5	1.400	-70.000	
5	1.500	-70.000	
5	1.600	-70.000	
5	1.700	-70.000	
5	1.800	-69.999	
5	1.900	-69.999	
5	2.000	-69.999	
5	2.100	-69.999	
5	2.200	-69.999	
5	2.300	-69.999	
5	2.400	-69.999	
5	2.500	-69.999	
5	2.600	-69.999	
5	2.700	-69.999	
5	2.800	-69.999	
5	2.900	-69.999	
5	3.000	-69.999	
5	3.100	-69.999	
5	3.200	-69.999	
5	3.300	-69.999	
5	3.400	-69.999	
5	3.500	-69.999	
5	3.600	-69.999	
5	3.700	-69.999	
5	3.800	-69.999	
5	3.900	-69.999	
5	4.000	-69.999	
5	4.100	-69.999	
5	4.200	-69.999	
5	4.300	-69.999	
5	4.400	-69.999	
5	4.500	-69.999	
5	4.600	-69.999	
5	4.700	-69.999	
5	4.800	-69.999	
5	4.900	-69.999	
5	5.000	-69.999	
5	5.100	-69.999	
5	5.200	-69.999	
5	5.300	-69.999	
5	5.400	-69.999	
5	5.500	-69.999	
5	5.600	-69.999	
5	5.700	-69.999	
5	5.800	-69.999	
5	5.900	-69.999	
5	6.000	-69.999	
5	6.100	-69.999	
5	6.200	-69.999	
5	6.300	-69.999	
5	6.400	-69.999	
5	6.500	-69.999	
5	6.600	-69.999	
5	6.700	-69.999	
5	6.800	-69.999	
5	6.900	-69.999	
5	7.000	-69.999	
5	7.100	-69.999	
5	7.200	-69.999	
5	7.300	-69.999	
5	7.400	-69.999	
5	7.500	-69.999	
5	7.600	-69.999	
5	7.700	-69.999	
5	7.800	-69.999	
5	7.900	-69.999	
5	8.000	-69.999	
5	8.100	-69.999	
5	8.200	-69.999	
5	8.300	-69.999	
5	8.400	-69.999	
5	8.500	-69.999	
5	8.600	-69.999	
5	8.700	-69.999	
5	8.800	-69.999	
5	8.900	-69.999	
5	9.000	-69.999	
5	9.100	-69.999	
5	9.200	-69.999	
5	9.300	-69.999	
5	9.400	-69.999	
5	9.500	-69.999	
5	9.600	-69.999	
5	9.700	-69.999	
5	9.800	-69.999	
5	9.900	-69.998	
5	10.000	-69.998	
5	10.100	-69.998	
5	10.200	-69.998	
5	10.300	-69.998	
5	10.400	-69.998	
5	10.500	-69.998	
5	10.600	-69.998	
5	10.700	-69.998	
5	10.800	-69.998	
5	10.900	-69.998	
5	11.000	-69.998	
5	11.100	-69.998	
5	11.200	-69.998	
5	11.300	-69.998	
5	11.400	-69.998	
5	11.500	-69.998	
5	11.600	-69.998	
5	11.700	-69.998	
5	11.800	-69.998	
5	11.900	-69.998	
5	12.000	-69.998	
5	12.100	-69.998	
5	12.200	-69.998	
5	12.300	-69.998	
5	12.400	-69.998	
5	12.500	-69.998	
5	12.600	-69.998	
5	12.700	-69.998	
5	12.800	-69.998	
5	12.900	-69.998	
5	13.000	-69.998	
5	13.100	-69.998	
5	13.200	-69.998	
5	13.300	-69.998	
5	13.400	-69.998	
5	13.500	-69.998	
5	13.600	-69.998	
5	13.700	-69.998	
5	13.800	-69.998	
5	13.900	-69.998	
5	14.000	-69.998	
5	14.100	-69.998	
5	14.200	-69.998	
5	14.300	-69.998	
5	14.400	-69.998	
5	14.500	-69.998	
5	14.600	-69.998	
5	14.700	-69.998	
5	14.800	-69.998	
5	14.900	-69.998	
5	15.000	-69.998	
5	15.100	-69.998	
5	15.200	-69.998	
5	15.300	-69.998	
5	15.400	-69.998	
5	15.500	-69.998	
5	15.600	-69.998	
5	15.700	-69.998	
5	15.800	-69.998	
5	15.900	-69.998	
5	16.000	-69.998	
5	16.100	-69.998	
5	16.200	-69.998	
5	16.300	-69.998	
5	16.400	-69.998	
5	16.500	-69.998	
5	16.600	-69.998	
5	16.700	-69.998	
5	16.800	-69.998	
5	16.900	-69.998	
5	17.000	-69.998	
5	17.100	-69.998	
5	17.200	-69.998	
5	17.300	-69.998	
5	17.400	-69.998	
5	17.500	-69.998	
5	17.600	-69.998	
5	17.700	-69.998	
5	17.800	-69.998	
5	17.900	-69.998	
5	18.000	-69.998	
5	18.100	-69.998	
5	18.200	-69.998	
5	18.300	-69.998	
5	18.400	-69.998	
5	18.500	-69.998	
5	18.600	-69.998	
5	18.700	-69.998	
5	18.800	-69.998	
5	18.900	-69.998	
5	19.000	-69.998	
5	19.100	-69.998	
5	19.200	-69.998	
5	19.300	-69.998	
5	19.400	-69.998	
5	19.500	-69.998	
5	19.600	-69.998	
5	19.700	-69.998	
5	19.800	-69.998	
5	19.900	-69.998	
5	20.000	-69.998	
5	20.100	-69.998	
5	20.200	-69.998	
5	20.300	-69.998	
5	20.400	-69.998	
5	20.500	-69.998	
5	20.600	-69.998	
5	20.700	-69.998	
5	20.800	-69.998	
5	20.900	-69.998	
5	21.000	-69.998	
5	21.100	-69.998	
5	21.200	-69.998	
5	21.300	-69.998	
5	21.400	-69.998	
5	21.500	-69.998	
5	21.600	-69.998	
5	21.700	-69.998	
5	21.800	-69.998	
5	21.900	-69.998	
5	22.000	-69.998	
5	22.100	-69.998	
5	22.200	-69.998	
5	22.300	-69.998	
5	22.400	-69.998	
5	22.500	-69.998	
5	22.600	-69.998	
5	22.700	-69.998	
5	22.800	-69.998	
5	22.900	-69.998	
5	23.000	-69.998	
5	23.100	-69.998	
5	23.200	-69.998	
5	23.300	-69.998	
5	23.400	-69.998	
5	23.500	-69.998	
5	23.600	-69.998	
5	23.700	-69.998	
5	23.800	-69.998	
5	23.900	-69.998	
5	24.000	-69.998	
5	24.100	-69.998	
5	24.200	-69.998	
5	24.300	-69.998	
5	24.400	-69.998	
5	24.500	-69.998	
5	24.600	-69.998	
5	24.700	-69.998	
5	24.800	-69.998	
5	24.900	-69.998	
5	25.000	-69.998	
5	25.100	-69.998	
5	25.200	-69.998	
5	25.300	-69.998	
5	25.400	-69.998	
5	25.500	-69.998	
5	25.600	-69.998	
5	25.700	-69.998	
5	25.800	-69.998	
5	25.900	-69.998	
5	26.000	-69.998	
5	26.100	-69.998	
5	26.200	-69.998	
5	26.300	-69.998	
5	26.400	-69.998	
5	26.500	-69.998	
5	26.600	-69.998	
5	26.700	-69.998	
5	26.800	-69.998	
5	26.900	-69.998	
5	27.000	-69.998	
5	27.100	-69.998	
5	27.200	-69.998	
5	27.300	-69.998	
5	27.400	-69.998	
5	27.500	-69.998	
5	27.600	-69.998	
5	27.700	-69.998	
5	27.800	-69.998	
5	27.900	-69.998	
5	28.000	-69.998	
5	28.100	-69.998	
5	28.200	-69.998	
5	28.300	-69.998	
5	28.400	-69.998	
5	28.500	-69.998	
5	28.600	-69.998	
5	28.700	-69.998	
5	28.800	-69.998	
5	28.900	-69.998	
5	29.000	-69.998	
5	29.100	-69.998	
5	29.200	-69.998	
5	29.300	-69.998	
5	29.400	-69.998	
5	29.500	-69.998	
5	29.600	-69.998	
5	29.700	-69.998	
5	29.800	-69.998	
5	29.900	-69.998	
5	30.000	-69.998	
5	30.100	-69.998	
5	30.200	-69.998	
5	30.300	-69.998	
5	30.400	-69.998	
5	30.500	-69.998	
5	30.600	-69.998	
5	30.700	-69.998	
5	30.800	-69.998	
5	30.900	-69.998	
5	31.000	-69.998	
5	31.100	-69.998	
5	31.200	-69.998	
5	31.300	-69.998	
5	31.400	-69.998	
5	31.500	-69.998	
5	31.600	-69.998	
5	31.700	-69.998	
5	31.800	-69.998	
5	31.900	-69.998	
5	32.000	-69.998	
5	32.100	-69.998	
5	32.200	-69.998	
5	32.300	-69.998	
5	32.400	-69.998	
5	32.500	-69.998	
5	32.600	-69.998	
5	32.700	-69.998	
5	32.800	-69.998	
5	32.900	-69.998	
5	33.000	-69.998	
5	33.100	-69.998	
5	33.200	-69.998	
5	33.300	-69.998	
5	33.400	-69.998	
5	33.500	-69.998	
5	33.600	-69.998	
5	33.700	-69.998	
5	33.800	-69.998	
5	33.900	-69.998	
5	34.000	-69.998	
5	34.100	-69.998	
5	34.200	-69.998	
5	34.300	-69.998	
5	34.400	-69.998	
5	34.500	-69.998	
5	34.600	-69.998	
5	34.700	-69.998	
5	34.800	-69.998	
5	34.900	-69.998	
5	35.000	-69.998	
5	35.100	-69.998	
5	35.200	-69.998	
5	35.300	-69.998	
5	35.400	-69.998	
5	35.500	-69.998	
5	35.600	-69.998	
5	35.700	-69.998	
5	35.800	-69.998	
5	35.900	-69.998	
5	36.000	-69.998	
5	36.100	-69.998	
5	36.200	-69.998	
5	36.300	-69.998	
5	36.400	-69.998	
5	36.500	-69.998	
5	36.600	-69.998	
5	36.700	-69.998	
5	36.800	-69.998	
5	36.900	-69.998	
5	37.000	-69.998	
5	37.100	-69.998	
5	37.200	-69.998	
5	37.300	-69.998	
5	37.400	-69.998	
5	37.500	-69.998	
5	37.600	-69.998	
5	37.700	-69.998	
5	37.800	-69.998	
5	37.900	-69.998	
5	38.000	-69.998	
5	38.100	-69.998	
5	38.200	-69.998	
5	38.300	-69.998	
5	38.400	-69.998	
5	38.500	-69.998	
5	38.600	-69.998	
5	38.700	-69.998	
5	38.800	-69.998	
5	38.900	-69.998	
5	39.000	-69.998	
5	39.100	-69.998	
5	39.200	-69.998	
5	39.300	-69.998	
5	39.400	-69.998	
5	39.500	-69.998	
5	39.600	-69.998	
5	39.700	-69.998	
5	39.800	-69.998	
5	39.900	-69.998	
5	40.000	-69.998	
5	40.100	-69.998	
5	40.200	-69.998	
5	40.300	-69.998	
5	40.400	-69.998	
5	40.500	-69.998	
5	40.600	-69.998	
5	40.700	-69.998	
5	40.800	-69.998	
5	40.900	-69.998	
5	41.000	-69.998	
5	41.100	-69.998	
5	41.200	-69.998	
5	41.300	-69.998	
5	41.400	-69.998	
5	41.500	-69.998	
5	41.600	-69.998	
5	41.700	-69.998	
5	41.800	-69.998	
5	41.900	-69.998	
5	42.000	-69.998	
5	42.100	-69.998	
5	42.200	-69.998	
5	42.300	-69.998	
5	42.400	-69.998	
5	42.500	-69.998	
5	42.600	-69.998	
5	42.700	-69.998	
5	42.800	-69.998	
5	42.900	-69.998	
5	43.000	-69.998	
5	43.100	-69.998	
5	43.200	-69.998	
5	43.300	-69.998	
5	43.400	-69.998	
5	43.500	-69.998	
5	43.600	-69.998	
5	43.700	-69.998	
5	43.800	-69.998	
5	43.900	-69.998	
5	44.000	-69.998	
5	44.100	-69.998	
5	44.200	-69.998	
5	44.300	-69.998	
5	44.400	-69.998	
5	44.500	-69.998	
5	44.600	-69.998	
5	44.700	-69.998	
5	44.800	-69.998	
5	44.900	-69.998	
5	45.000	-69.998	
5	45.100	-69.998	
5	45.200	-69.998	
5	45.300	-69.998	
5	45.400	-69.998	
5	45.500	-69.998	
5	45.600	-69.998	
5	45.700	-69.998	
5	45.800	-69.998	
5	45.900	-69.998	
5	46.000	-69.998	
5	46.100	-69.998	
5	46.200	-69.998	
5	46.300	-69.998	
5	46.400	-69.998	
5	46.500	-69.998	
5	46.600	-69.998	
5	46.700	-69.998	
5	46.800	-69.998	
5	46.900	-69.998	
5	47.000	-69.998	
5	47.100	-69.998	
5	47.200	-69.998	
5	47.300	-69.998	
5	47.400	-69.998	
5	47.500	-69.998	
5	47.600	-69.998	
5	47.700	-69.998	
5	47.800	-69.998	
5	47.900	-69.998	
5	48.000	-69.998	
5	48.100	-69.998	
5	48.200	-69.998	
5	48.300	-69.998	
5	48.400	-69.998	
5	48.500	-69.998	
5	48.600	-69.998	
5	48.700	-69.998	
5	48.800	-69.998	
5	48.900	-69.998	
5	49.000	-69.998	
5	49.100	-69.998	
5	49.200	-69.998	
5	49.300	-69.998	
5	49.400	-69.998	
5	49.500	-69.998	
5	49.600	-69.998	
5	49.700	-69.998	
5	49.800	-69.998	
5	49.900	-69.998	
5	50.000	-69.998	
5	50.100	-69.998	
5	50.200	-69.998	
5	50.300	-69.998	
5	50.400	-69.998	
5	50.500	-69.998	
5	50.600	-69.998	
5	50.700	-69.998	
5	50.800	-69.998	
5	50.900	-69.998	
5	51.000	-69.998	
5	51.100	-69.998	
5	51.200	-69.998	
5	51.300	-69.998	
5	51.400	-69.998	
5	51.500	-69.998	
5	51.600	-69.998	
5	51.700	-69.998	
5	51.800	-69.998	
5	51.900	-69.998	
5	52.000	-69.998	
5	52.100	-69.998	
5	52.200	-69.998	
5	52.300	-69.998	
5	52.400	-69.998	
5	52.500	-69.998	
5	52.600	-69.998	
5	52.700	-69.998	
5	52.800	-69.998	
5	52.900	-69.998	
5	53.000	-69.998	
5	53.100	-69.998	
5	53.200	-69.998	
5	53.300	-69.998	
5	53.400	-69.998	
5	53.500	-69.998	
5	53.600	-69.998	
5	53.700	-69.998	
5	53.800	-69.998	
5	53.900	-69.998	
5	54.000	-69.998	
5	54.100	-69.998	
5	54.200	-69.998	
5	54.300	-69.998	
5	54.400	-69.998	
5	54.500	-69.998	
5	54.600	-69.998	
5	54.700	-69.998	
5	54.800	-69.998	
5	54.900	-69.998	
5	55.000	-69.998	
5	55.100	-69.998	
5	55.200	-69.998	
5	55.300	-69.998	
5	55.400	-69.998	
5	55.500	-69.998	
5	55.600	-69.998	
5	55.700	-69.998	
5	55.800	-69.998	
5	55.900	-69.998	
5	56.000	-69.998	
5	56.100	-69.998	
5	56.200	-69.998	
5	56.300	-69.998	
5	56.400	-69.998	
5	56.500	-69.998	
5	56.600	-69.998	
5	56.700	-69.998	
5	56.800	-69.998	
5	56.900	-69.998	
5	57.000	-69.998	
5	57.100	-69.998	
5	57.200	-69.998	
5	57.300	-69.998	
5	57.400	-69.998	
5	57.500	-69.998	
5	57.600	-69.998	
5	57.700	-69.998	
5	57.800	-69.998	
5	57.900	-69.998	
5	58.000	-69.998	
5	58.100	-69.998	
5	58.200	-69.998	
5	58.300	-69.998	
5	58.400	-69.998	
5	58.500	-69.998	
5	58.600	-69.998	
5	58.700	-69.998	
5	58.800	-69.998	
5	58.900	-69.998	
5	59.000	-69.998	
5	59.100	-69.998	
5	59.200	-69.998	
5	59.300	-69.998	
5	59.400	-69.998	
5	59.500	-69.998	
5	59.600	-69.998	
5	59.700	-69.998	
5	59.800	-69.998	
5	59.900	-69.998	
5	60.000	-69.998	
5	60.100	-69.998	
5	60.200	-69.998	
5	60.300	-69.998	
5	60.400	-69.998	
5	60.500	-69.998	
5	60.600	-69.998	
5	60.700	-69.998	
5	60.800	-69.998	
5	60.900	-69.998	
5	61.000	-69.998	
5	61.100	-69.998	
5	61.200	-69.998	
5	61.300	-69.998	
5	61.400	-69.998	
5	61.500	-69.998	
5	61.600	-69.998	
5	61.700	-69.998	
5	61.800	-69.998	
5	61.900	-69.998	
5	62.000	-69.998	
5	62.100	-69.998	
5	62.200	-69.998	
5	62.300	-69.998	
5	62.400	-69.998	
5	62.500	-69.998	
5	62.600	-69.998	
5	62.700	-69.998	
5	62.800	-69.998	
5	62.900	-69.998	
5	63.000	-69.998	
5	63.100	-69.998	
5	63.200	-69.998	
5	63.300	-69.998	
5	63.400	-69.998	
5	63.500	-69.998	
5	63.600	-69.998	
5	63.700	-69.998	
5	63.800	-69.998	
5	63.900	-69.998	
5	64.000	-69.998	
5	64.100	-69.998	
5	64.200	-69.998	
5	64.300	-69.998	
5	64.400	-69.998	
5	64.500	-69.998	
5	64.600	-69.998	
5	64.700	-69.998	
5	64.800	-69.998	
5	64.900	-69.998	
5	65.000	-69.998	
5	65.100	-69.998	
5	65.200	-69.998	
5	65.300	-69.998	
5	65.400	-69.998	
5	65.500	-69.998	
5	65.600	-69.998	
5	65.700	-69.998	
5	65.800	-69.998	
5	65.900	-69.998	
5	66.000	-69.998	
5	66.100	-69.998	
5	66.200	-69.998	
5	66.300	-69.998	
5	66.400	-69.998	
5	66.500	-69.998	
5	66.600	-69.998	
5	66.700	-69.998	
5	66.800	-69.998	
5	66.900	-69.998	
5	67.000	-69.998	
5	67.100	-69.998	
5	67.200	-69.998	
5	67.300	-69.998	
5	67.400	-69.998	
5	67.500	-69.998	
5	67.600	-69.998	
5	67.700	-69.998	
5	67.800	-69.998	
5	67.900	-69.998	
5	68.000	-69.998	
5	68.100	-69.998	
5	68.200	-69.998	
5	68.300	-69.998	
5	68.400	-69.998	
5	68.500	-69.998	
5	68.600	-69.998	
5	68.700	-69.998	
5	68.800	-69.998	
5	68.900	-69.998	
5	69.000	-69.998	
5	69.100	-69.998	
5	69.200	-69.998	
5	69.300	-69.998	
5	69.400	-69.998	
5	69.500	-69.998	
5	69.600	-69.998	
5	69.700	-69.998	
5	69.800	-69.998	
5	69.900	-69.998	
5	70.000	-69.998	
5	70.100	-69.998	
5	70.200	-69.998	
5	70.300	-69.998	
5	70.400	-69.998	
5	70.500	-69.998	
5	70.600	-69.998	
5	70.700	-69.998	
5	70.800	-69.998	
5	70.900	-69.998	
5	71.000	-69.998	
5	71.100	-69.998	
5	71.200	-69.998	
5	71.300	-69.998	
5	71.400	-69.998	
5	71.500	-69.998	
5	71.600	-69.998	
5	71.700	-69.998	
5	71.800	-69.998	
5	71.900	-69.998	
5	72.000	-69.998	
5	72.100	-69.998	
5	72.200	-69.998	
5	72.300	-69.998	
5	72.400	-69.998	
5	72.500	-69.998	
5	72.600	-69.998	
5	72.700	-69.998	
5	72.800	-69.998	
5	72.900	-69.998	
5	73.000	-69.998	
5	73.100	-69.998	
5	73.200	-69.998	
5	73.300	-69.998	
5	73.400	-69.998	
5	73.500	-69.998	
5	73.600	-69.998	
5	73.700	-69.998	
5	73.800	-69.998	
5	73.900	-69.998	
5	74.000	-69.998	
5	74.100	-69.998	
5	74.200	-69.998	
5	74.300	-69.998	
5	74.400	-69.998	
5	74.500	-69.998	
5	74.600	-69.998	
5	74.700	-69.998	
5	74.800	-69.998	
5	74.900	-69.998	
5	75.000	-69.998	
5	75.100	-69.998	
5	75.200	-69.998	
5	75.300	-69.998	
5	75.400	-69.998	
5	75.500	-69.998	
5	75.600	-69.998	
5	75.700	-69.998	
5	75.800	-69.998	
5	75.900	-69.998	
5	76.000	-69.998	
5	76.100	-69.998	
5	76.200	-69.998	
5	76.300	-69.998	
5	76.400	-69.998	
5	76.500	-69.998	
5	76.600	-69.998	
5	76.700	-69.998	
5	76.800	-69.998	
5	76.900	-69.998	
5	77.000	-69.998	
5	77.100	-69.998	
5	77.200	-69.998	
5	77.300	-69.998	
5	77.400	-69.998	
5	77.500	-69.998	
5	77.600	-69.998	
5	77.700	-69.998	
5	77.800	-69.998	
5	77.900	-69.998	
5	78.000	-69.998	
5	78.100	-69.998	
5	78.200	-69.998	
5	78.300	-69.998	
5	78.400	-69.998	
5	78.500	-69.998	
5	78.600	-69.998	
5	78.700	-69.998	
5	78.800	-69.998	
5	78.900	-69.998	
5	79.000	-69.998	
5	79.100	-69.998	
5	79.200	-69.998	
5	79.300	-69.998	
5	79.400	-69.998	
5	79.500	-69.998	
5	79.600	-69.998	
5	79.700	-69.998	
5	79.800	-69.998	
5	79.900	-69.998	
5	80.000	-69.998	
5	80.100	-69.998	
5	80.200	-69.998	
5	80.300	-69.998	
5	80.400	-69.998	
5	80.500	-69.998	
5	80.600	-69.998	
5	80.700	-69.998	
5	80.800	-69.998	
5	80.900	-69.998	
5	81.000	-69.998	
5	81.100	-69.998	
5	81.200	-69.998	
5	81.300	-69.998	
5	81.400	-69.998	
5	81.500	-69.998	
5	81.600	-69.998	
5	81.700	-69.998	
5	81.800	-69.998	
5	81.900	-69.998	
5	82.000	-69.998	
5	82.100	-69.998	
5	82.200	-69.998	
5	82.300	-69.998	
5	82.400	-69.998	
5	82.500	-69.998	
5	82.600	-69.998	
5	82.700	-69.998	
5	82.800	-69.998	
5	82.900	-69.998	
5	83.000	-69.998	
5	83.100	-69.998	
5	83.200	-69.998	
5	83.300	-69.998	
5	83.400	-69.998	
5	83.500	-69.998	
5	83.600	-69.998	
5	83.700	-69.998	
5	83.800	-69.998	
5	83.900	-69.998	
5	84.000	-69.998	
5	84.100	-69.998	
5	84.200	-69.998	
5	84.300	-69.998	
5	84.400	-69.998	
5	84.500	-69.998	
5	84.600	-69.998	
5	84.700	-69.998	
5	84.800	-69.998	
5	84.900	-69.998	
5	85.000	-69.998	
5	85.100	-69.998	
5	85.200	-69.998	
5	85.300	-69.998	
5	85.400	-69.998	
5	85.500	-69.998	
5	85.600	-69.998	
5	85.700	-69.998	
5	85.800	-69.998	
5	85.900	-69.998	
5	86.000	-69.998	
5	86.100	-69.998	
5	86.200	-69.998	
5	86.300	-69.998	
5	86.400	-69.998	
5	86.500	-69.998	
5	86.600	-69.998	
5	86.700	-69.998	
5	86.800	-69.998	
5	86.900	-69.998	
5	87.000	-69.998	
5	87.100	-69.998	
5	87.200	-69.998	
5	87.300	-69.998	
5	87.400	-69.998	
5	87.500	-69.998	
5	87.600	-69.998	
5	87.700	-69.998	
5	87.800	-69.998	
5	87.900	-69.998	
5	88.000	-69.998	
5	88.100	-69.998	
5	88.200	-69.998	
5	88.300	-69.998	
5	88.400	-69.998	
5	88.500	-69.998	
5	88.600	-69.998	
5	88.700	-69.998	
5	88.800	-69.998	
5	88.900	-69.998	
5	89.000	-69.998	
5	89.100	-69.998	
5	89.200	-69.998	
5	89.300	-69.998	
5	89.400	-69.998	
5	89.500	-69.998	
5	89.600	-69.998	
5	89.700	-69.998	
5	89.800	-69.998	
5	89.900	-69.998	
5	90.000	-69.998	
5	90.100	-69.998	
5	90.200	-69.998	
5	90.300	-69.998	
5	90.400	-69.998	
5	90.500	-69.998	
5	90.600	-69.998	
5	90.700	-69.998	
5	90.800	-69.998	
5	90.900	-69.998	
5	91.000	-69.998	
5	91.100	-69.998	
5	91.200	-69.998	
5	91.300	-69.998	
5	91.400	-69.998	
5	91.500	-69.998	
5	91.600	-69.998	
5	91.700	-69.998	
5	91.800	-69.998	
5	91.900	-69.998	
5	92.000	-69.998	
5	92.100	-69.998	
5	92.200	-69.998	
5	92.300	-69.998	
5	92.400	-69.998	
5	92.500	-69.998	
5	92.600	-69.998	
5	92.700	-69.998	
5	92.800	-69.998	
5	92.900	-69.998	
5	93.000	-69.998	
5	93.100	-69.998	
5	93.200	-69.998	
5	93.300	-69.998	
5	93.400	-69.998	
5	93.500	-69.998	
5	93.600	-69.998	
5	93.700	-69.998	
5	93.800	-69.998	
5	93.900	-69.998	
5	94.000	-69.998	
5	94.100	-69.998	
5	94.200	-69.998	
5	94.300	-69.998	
5	94.400	-69.998	
5	94.500	-69.998	
5	94.600	-69.998	
5	94.700	-69.998	
5	94.800	-69.998	
5	94.900	-69.998	
5	95.000	-69.998	
5	95.100	-69.998	
5	95.200	-69.998	
5	95.300	-69.998	
5	95.400	-69.998	
5	95.500	-69.998	
5	95.600	-69.998	
5	95.700	-69.998	
5	95.800	-69.998	
5	95.900	-69.998	
5	96.000	-69.998	
5	96.100	-69.998	
5	96.200	-69.998	
5	96.300	-69.998	
5	96.400	-69.998	
5	96.500	-69.998	
5	96.600	-69.998	
5	96.700	-69.998	
5	96.800	-69.998	
5	96.900	-69.998	
5	97.000	-69.998	
5	97.100	-69.998	
5	97.200	-69.998	
5	97.300	-69.998	
5	97.400	-69.998	
5	97.500	-69.998	
5	97.600	-69.998	
5	97.700	-69.998	
5	97.800	-69.998	
5	97.900	-69.998	
5	98.000	-69.998	
5	98.100	-69.998	
5	98.200	-69.998	
5	98.300	-69.998	
5	98.400	-69.998	
5	98.500	-69.998	
5	98.600	-69.998	
5	98.700	-69.998	
5	98.800	-69.998	
5	98.900	-69.998	
5	99.000	-69.998	
5	99.100	-69.998	
5	99.200	-69.998	
5	99.300	-69.998	
5	99.400	-69.998	
5	99.500	-69.998	
5	99.600	-69.998	
5	99.700	-69.998	
5	99.800	-69.998	
5	99.900	-69.998	
5	100.000	-69.998	
5	100.100	-69.998	
5	100.200	-69.998	
5	100.300	-69.998	
5	100.400	-69.998	
5	100.500	-69.998	
5	100.600	-69.998	
5	100.700	-69.998	
5	100.800	-69.998	
5	100.900	-69.998	
5	101.000	-69.998	
5	101.100	-69.998	
5	101.200	-69.998	
5	101.300	-69.998	
5	101.400	-69.998	
5	101.500	-69.998	
5	101.600	-69.998	
5	101.700	-69.998	
5	101.800	-69.998	
5	101.900	-69.998	
5	102.000	-69.998	
5	102.100	-69.998	
5	102.200	-69.998	
5	102.300	-69.998	
5	102.400	-69.998	
5	102.500	-69.998	
5	102.600	-69.998	
5	102.700	-69.998	
5	102.800	-69.998	
5	102.900	-69.998	
5	103.000	-69.998	
5	103.100	-69.998	
5	103.200	-69.998	
5	103.300	-69.998	
5	103.400	-69.998	
5	103.500	-69.998	
5	103.600	-69.998	
5	103.700	-69.998	
5	103.800	-69.998	
5	103.900	-69.998	
5	104.000	-69.998	
5	104.100	-69.998	
5	104.200	-69.998	
5	104.300	-69.998	
5	104.400	-69.998	
5	104.500	-69.998	
5	104.600	-69.998	
5	104.700	-69.998	
5	104.800	-69.998	
5	104.900	-69.998	
5	105.000	-69.998	
5	105.100	-69.998	
5	105.200	-69.998	
5	105.300	-69.998	
5	105.400	-69.998	
5	105.500	-69.998	
5	105.600	-69.998	
5	105.700	-69.998	
5	105.800	-69.998	
5	105.900	-69.998	
5	106.000	-69.998	
5	106.100	-69.998	
5	106.200	-69.998	
5	106.300	-69.998	
5	106.400	-69.998	
5	106.500	-69.998	
5	106.600	-69.998	
5	106.700	-69.998	
5	106.800	-69.998	
5	106.900	-69.998	
5	107.000	-69.998	
5	107.100	-69.998	
5	107.200	-69.998	
5	107.300	-69.998	
5	107.400	-69.998	
5	107.500	-69.998	
5	107.600	-69.998	
5	107.700	-69.998	
5	107.800	-69.998	
5	107.900	-69.998	
5	108.000	-69.998	
5	108.100	-69.998	
5	108.200	-69.998	
5	108.300	-69.998	
5	108.400	-69.998	
5	108.500	-69.998	
5	108.600	-69.998	
5	108.700	-69.998	
5	108.800	-69.998	
5	108.900	-69.998	
5	109.000	-69.998	
5	109.100	-69.998	
5	109.200	-69.998	
5	109.300	-69.998	
5	109.400	-69.998	
5	109.500	-69.998	
5	109.600	-69.998	
5	109.700	-69.998	
5	109.800	-69.998	
5	109.900	-69.998	
5	110.000	-69.998	
5	110.100	-69.998	
5	110.200	-69.998	
5	110.300	-69.998	
5	110.400	-69.998	
5	110.500	-69.998	
5	110.600	-69.998	
5	110.700	-69.998	
5	110.800	-69.998	
5	110.900	-69.998	
5	111.000	-69.998	
5	111.100	-69.998	
5	111.200	-69.998	
5	111.300	-69.998	
5	111.400	-69.998	
5	111.500	-69.998	
5	111.600	-69.998	
5	111.700	-69.998	
5	111.800	-69.998	
5	111.900	-69.998	
5	112.000	-69.998	
5	112.100	-69.998	
5	112.200	-69.998	
5	112.300	-69.998	
5	112.400	-69.998	
5	112.500	-69.998	
5	112.600	-69.998	
5	112.700	-69.998	
5	112.800	-69.998	
5	112.900	-69.998	
5	113.000	-69.998	
5	113.100	-69.998	
5	113.200	-69.998	
5	113.300	-69.998	
5	113.400	-69.998	
5	113.500	-69.998	
5	113.600	-69.998	
5	113.700	-69.998	
5	113.800	-69.998	
5	113.900	-69.998	
5	114.000	-69.998	
5	114.100	-69.998	
5	114.200	-69.998	
5	114.300	-69.998	
5	114.400	-69.998	
5	114.500	-69.998	
5	114.600	-69.998	
5	114.700	-69.998	
5	114.800	-69.998	
5	114.900	-69.998	
5	115.000	-69.998	
5	115.100	-69.998	
5	115.200	-69.998	
5	115.300	-69.998	
5	115.400	-69.998	
5	115.500	-69.998	
5	115.600	-69.998	
5	115.700	-69.998	
5	115.800	-69.998	
5	115.900	-69.998	
5	116.000	-69.998	
5	116.100	-69.998	
5	116.200	-69.998	
5	116.300	-69.998	
5	116.400	-69.998	
5	116.500	-69.998	
5	116.600	-69.998	
5	116.700	-69.998	
5	116.800	-69.998	
5	116.900	-69.998	
5	117.000	-69.998	
5	117.100	-69.998	
5	117.200	-69.998	
5	117.300	-69.998	
5	117.400	-69.998	
5	117.500	-69.998	
5	117.600	-69.998	
5	117.700	-69.998	
5	117.800	-69.998	
5	117.900	-69.998	
5	118.000	-69.998	
5	118.100	-69.998	
5	118.200	-69.998	
5	118.300	-69.998	
5	118.400	-69.998	
5	118.500	-69.998	
5	118.600	-69.998	
5	118.700	-69.998	
5	118.800	-69.998	
5	118.900	-69.998	
5	119.000	-69.998	
5	119.100	-69.998	
5	119.200	-69.998	
5	119.300	-69.998	
5	119.400	-69.998	
5	119.500	-69.998	
5	119.600	-69.998	
5	119.700	-69.998	
5	119.800	-69.998	
5	119.900	-69.998	
5	120.000	-69.998	
5	120.100	-69.998	
5	120.200	-69.998	
5	120.300	-69.998	
5	120.400	-69.998	
5	120.500	-69.998	
5	120.600	-69.998	
5	120.700	-69.998	
5	120.800	-69.998	
5	120.900	-69.998	
5	121.000	-69.998	
5	121.100	-69.998	
5	121.200	-69.998	
5	121.300	-69.998	
5	121.400	-69.998	
5	121.500	-69.998	
5	121.600	-69.998	
5	121.700	-69.998	
5	121.800	-69.998	
5	121.900	-69.998	
5	122.000	-69.998	
5	122.100	-69.998	
5	122.200	-69.998	
5	122.300	-69.998	
5	122.400	-69.998	
5	122.500	-69.998	
5	122.600	-69.998	
5	122.700	-69.998	
5	122.800	-69.998	
5	122.900	-69.998	
5	123.000	-69.998	
5	123.100	-69.998	
5	123.200	-69.998	
5	123.300	-69.998	
5	123.400	-69.998	
5	123.500	-69.998	
5	123.600	-69.998	
5	123.700	-69.998	
5	123.800	-69.998	
5	123.900	-69.998	
5	124.000	-69.998	
5	124.100	-69.998	
5	124.200	-69.998	
5	124.300	-69.998	
5	124.400	-69.998	
5	124.500	-69.998	
5	124.600	-69.998	
5	124.700	-69.998	
5	124.800	-69.998	
5	124.900	-69.998	
5	125.000	-69.998	
5	125.100	-69.998	
5	125.200	-69.998	
5	125.300	-69.998	
5	125.400	-69.998	
5	125.500	-69.998	
5	125.600	-69.998	
5	125.700	-69.998	
5	125.800	-69.998	
5	125.900	-69.998	
5	126.000	-69.998	
5	126.100	-69.998	
5	126.200	-69.998	
5	126.300	-69.998	
5	126.400	-69.998	
5	126.500	-69.998	
5	126.600	-69.998	
5	126.700	-69.998	
5	126.800	-69.998	
5	126.900	-69.998	
5	127.000	-69.998	
5	127.100	-69.998	
5	127.200	-69.998	
5	127.300	-69.998	
5	127.400	-69.998	
5	127.500	-69.998	
5	127.600	-69.998	
5	127.700	-69.998	
5	127.800	-69.998	
5	127.900	-69.998	
5	128.000	-69.998	
5	128.100	-69.998	
5	128.200	-69.998	
5	128.300	-69.998	
5	128.400	-69.998	
5	128.500	-69.998	
5	128.600	-69.998	
5	128.700	-69.998	
5	128.800	-69.998	
5	128.900	-69.998	
5	129.000	-69.998	
5	129.100	-69.998	
5	129.200	-69.998	
5	129.300	-69.998	
5	129.400	-69.998	
5	129.500	-69.998	
5	129.600	-69.998	
5	129.700	-69.998	
5	129.800	-69.998	
5	129.900	-69.998	
5	130.000	-69.998	
5	130.100	-69.998	
5	130.200	-69.998	
5	130.300	-69.998	
5	130.400	-69.998	
5	130.500	-69.998	
5	130.600	-69.998	
5	130.700	-69.998	
5	130.800	-69.998	
5	130.900	-69.998	
5	131.000	-69.998	
5	131.100	-69.998	
5	131.200	-69.998	
5	131.300	-69.998	
5	131.400	-69.998	
5	131.500	-69.998	
5	131.600	-69.998	
5	131.700	-69.998	
5	131.800	-69.998	
5	131.900	-69.998	
5	132.000	-69.998	
5	132.100	-69.998	
5	132.200	-69.998	
5	132.300	-69.998	
5	132.400	-69.998	
5	132.500	-69.998	
5	132.600	-69.998	
5	132.700	-69.998	
5	132.800	-69.998	
5	132.900	-69.998	
5	133.000	-69.998	
5	133.100	-69.998	
5	133.200	-69.998	
5	133.300	-69.998	
5	133.400	-69.998	
5	133.500	-69.998	
5	133.600	-69.998	
5	133.700	-69.998	
5	133.800	-69.998	
5	133.900	-69.998	
5	134.000	-69.998	
5	134.100	-69.998	
5	134.200	-69.998	
5	134.300	-69.998	
5	134.400	-69.998	
5	134.500	-69.998	
5	134.600	-69.998	
5	134.700	-69.998	
5	134.800	-69.998	
5	134.900	-69.998	
5	135.000	-69.998	
5	135.100	-69.998	
5	135.200	-69.998	
5	135.300	-69.998	
5	135.400	-69.998	
5	135.500	-69.998	
5	135.600	-69.998	
5	135.700	-69.998	
5	135.800	-69.998	
5	135.900	-69.998	
5	136.000	-69.998	
5	136.100	-69.998	
5	136.200	-69.998	
5	136.300	-69.998	
5	136.400	-69.998	
5	136.500	-69.998	
5	136.600	-69.998	
5	136.700	-69.998	
5	136.800	-69.998	
5	136.900	-69.998	
5	137.000	-69.998	
5	137.100	-69.998	
5	137.200	-69.998	
5	137.300	-69.998	
5	137.400	-69.998	
5	137.500	-69.998	
5	137.600	-69.998	
5	137.700	-69.998	
5	137.800	-69.998	
5	137.900	-69.998	
5	138.000	-69.998	
5	138.100	-69.998	
5	138.200	-69.998	
5	138.300	-69.998	
5	138.400	-69.998	
5	138.500	-69.998	
5	138.600	-69.998	
5	138.700	-69.998	
5	138.800	-69.998	
5	138.900	-69.998	
5	139.000	-69.998	
5	139.100	-69.998	
5	139.200	-69.998	
5	139.300	-69.998	
5	139.400	-69.998	
5	139.500	-69.998	
5	139.600	-69.998	
5	139.700	-69.998	
5	139.800	-69.998	
5	139.900	-69.998	
5	140.000	-69.998	
5	140.100	-69.998	
5	140.200	-69.998	
5	140.300	-69.998	
5	140.400	-69.998	
5	140.500	-69.998	
5	140.600	-69.998	
5	140.700	-69.998	
5	140.800	-69.998	
5	140.900	-69.998	
5	141.000	-69.998	
5	141.100	-69.998	
5	141.200	-69.998	
5	141.300	-69.998	
5	141.400	-69.998	
5	141.500	-69.998	
5	141.600	-69.998	
5	141.700	-69.998	
5	141.800	-69.998	
5	141.900	-69.998	
5	142.000	-69.998	
5	142.100	-69.998	
5	142.200	-69.998	
5	142.300	-69.998	
5	142.400	-69.998	
5	142.500	-69.998	
5	142.600	-69.998	
5	142.700	-69.998	
5	142.800	-69.998	
5	142.900	-69.998	
5	143.000	-69.998	
5	143.100	-69.998	
5	143.200	-69.998	
5	143.300	-69.998	
5	143.400	-69.998	
5	143.500	-69.998	
5	143.600	-69.998	
5	143.700	-69.998	
5	143.800	-69.998	
5	143.900	-69.998	
5	144.000	-69.998	
5	144.100	-69.998	
5	144.200	-69.998	
5	144.300	-69.998	
5	144.400	-69.998	
5	144.500	-69.998	
5	144.600	-69.998	
5	144.700	-69.998	
5	144.800	-69.998	
5	144.900	-69.998	
5	145.000	-69.998	
5	145.100	-69.998	
5	145.200	-69.998	
5	145.300	-69.998	
5	145.400	-69.998	
5	145.500	-69.998	
5	145.600	-69.998	
5	145.700	-69.998	
5	145.800	-69.998	
5	145.900	-69.998	
5	146.000	-69.998	
5	146.100	-69.998	
5	146.200	-69.998	
5	146.300	-69.998	
5	146.400	-69.998	
5	146.500	-69.998	
5	146.600	-69.998	
5	146.700	-69.998	
5	146.800	-69.998	
5	146.900	-69.998	
5	147.000	-69.998	
5	147.100	-69.998	
5	147.200	-69.998	
5	147.300	-69.998	
5	147.400	-69.998	
5	147.500	-69.998	
5	147.600	-69.998	
5	147.700	-69.998	
5	147.800	-69.998	
5	147.900	-69.998	
5	148.000	-69.998	
5	148.100	-69.998	
5	148.200	-69.998	
5	148.300	-69.998	
5	148.400	-69.998	
5	148.500	-69.998	
5	148.600	-69.998	
5	148.700	-69.998	
5	148.800	-69.998	
5	148.900	-69.998	
5	149.000	-69.998	
5	149.100	-69.998	
5	149.200	-69.998	
5	149.300	-69.998	
5	149.400	-69.998	
5	149.500	-69.998	
5	149.600	-69.998	
5	149.700	-69.998	
5	149.800	-69.998	
5	149.900	-69.998	
5	150.000	-69.998	
5	150.100	-69.998	
5	150.200	-69.998	
5	150.300	-69.998	
5	150.400	-69.998	
5	150.500	-69.998	
5	150.600	-69.998	
5	150.700	-69.998	
5	150.800	-69.998	
5	150.900	-69.998	
5	151.000	-69.998	
5	151.100	-69.998	
5	151.200	-69.998	
5	151.300	-69.998	
5	151.400	-69.998	
5	151.500	-69.998	
5	151.600	-69.998	
5	151.700	-69.998	
5	151.800	-69.998	
5	151.900	-69.998	
5	152.000	-69.998	
5	152.100	-69.998	
5	152.200	-69.998	
5	152.300	-69.998	
5	152.400	-69.998	
5	152.500	-69.998	
5	152.600	-69.998	
5	152.700	-69.998	
5	152.800	-69.998	
5	152.900	-69.998	
5	153.000	-69.998	
5	153.100	-69.998	
5	153.200	-69.998	
5	153.300	-69.998	
5	153.400	-69.998	
5	153.500	-69.998	
5	153.600	-69.998	
5	153.700	-69.998	
5	153.800	-69.998	
5	153.900	-69.998	
5	154.000	-69.998	
5	154.100	-69.998	
5	154.200	-69.998	
5	154.300	-69.998	
5	154.400	-69.998	
5	154.500	-69.998	
5	154.600	-69.998	
5	154.700	-69.998	
5	154.800	-69.998	
5	154.900	-69.998	
5	155.000	-69.998	
5	155.100	-69.998	
5	155.200	-69.998	
5	155.300	-69.998	
5	155.400	-69.998	
5	155.500	-69.998	
5	155.600	-69.998	
5	155.700	-69.998	
5	155.800	-69.998	
5	155.900	-69.998	
5	156.000	-69.998	
5	156.100	-69.998	
5	156.200	-69.998	
5	156.300	-69.998	
5	156.400	-69.998	
5	156.500	-69.998	
5	156.600	-69.998	
5	156.700	-69.998	
5	156.800	-69.998	
5	156.900	-69.998	
5	157.000	-69.998	
5	157.100	-69.998	
5	157.200	-69.998	
5	157.300	-69.998	
5	157.400	-69.998	
5	157.500	-69.998	
5	157.600	-69.998	
5	157.700	-69.998	
5	157.800	-69.998	
5	157.900	-69.998	
5	158.000	-69.998	
5	158.100	-69.998	
5	158.200	-69.998	
5	158.300	-69.998	
5	158.400	-69.998	
5	158.500	-69.998	
5	158.600	-69.998	
5	158.700	-69.998	
5	158.800	-69.998	
5	158.900	-69.998	
5	159.000	-69.998	
5	159.100	-69.998	
5	159.200	-69.998	
5	159.300	-69.998	
5	159.400	-69.998	
5	159.500	-69.998	
5	159.600	-69.998	
5	159.700	-69.998	
5	159.800	-69.998	
5	159.900	-69.998	
5	160.000	-69.998	
5	160.100	-69.998	
5	160.200	-69.998	
5	160.300	-69.998	
5	160.400	-69.998	
5	160.500	-69.998	
5	160.600	-69.998	
5	160.700	-69.998	
5	160.800	-69.998	
5	160.900	-69.998	
5	161.000	-69.998	
5	161.100	-69.998	
5	161.200	-69.998	
5	161.300	-69.998	
5	161.400	-69.998	
5	161.500	-69.998	
5	161.600	-69.998	
5	161.700	-69.998	
5	161.800	-69.998	
5	161.900	-69.998	
5	162.000	-69.998	
5	162.100	-69.998	
5	162.200	-69.998	
5	162.300	-69.998	
5	162.400	-69.998	
5	162.500	-69.998	
5	162.600	-69.998	
5	162.700	-69.998	
5	162.800	-69.998	
5	162.900	-69.998	
5	163.000	-69.998	
5	163.100	-69.998	
5	163.200	-69.998	
5	163.300	-69.998	
5	163.400	-69.998	
5	163.500	-69.998	
5	163.600	-69.998	
5	163.700	-69.998	
5	163.800	-69.998	
5	163.900	-69.998	
5	164.000	-69.998	
5	164.100	-69.998	
5	164.200	-69.998	
5	164.300	-69.998	
5	164.400	-69.998	
5	164.500	-69.998	
5	164.600	-69.998	
5	164.700	-69.998	
5	164.800	-69.998	
5	164.900	-69.998	
5	165.000	-69.998	
5	165.100	-69.998	
5	165.200	-69.998	
5	165.300	-69.998	
5	165.400	-69.998	
5	165.500	-69.998	
5	165.600	-69.998	
5	165.700	-69.998	
5	165.800	-69.998	
5	165.900	-69.998	
5	166.000	-69.998	
5	166.100	-69.998	
5	166.200	-69.998	
5	166.300	-69.998	
5	166.400	-69.998	
5	166.500	-69.998	
5	166.600	-69.998	
5	166.700	-69.998	
5	166.800	-69.998	
5	166.900	-69.998	
5	167.000	-69.998	
5	167.100	-69.998	
5	167.200	-69.998	
5	167.300	-69.998	
5	167.400	-69.998	
5	167.500	-69.998	
5	167.600	-69.998	
5	167.700	-69.998	
5	167.800	-69.998	
5	167.900	-69.998	
5	168.000	-69.998	
5	168.100	-69.998	
5	168.200	-69.998	
5	168.300	-69.998	
5	168.400	-69.998	
5	168.500	-69.998	
5	168.600	-69.998	
5	168.700	-69.998	
5	168.800	-69.998	
5	168.900	-69.998	
5	169.000	-69.998	
5	169.100	-69.998	
5	169.200	-69.998	
5	169.300	-69.998	
5	169.400	-69.998	
5	169.500	-69.998	
5	169.600	-69.998	
5	169.700	-69.998	
5	169.800	-69.998	
5	169.900	-69.998	
5	170.000	-69.998	
5	170.100	-69.998	
5	170.200	-69.998	
5	170.300	-69.998	
5	170.400	-69.998	
5	170.500	-69.998	
5	170.600	-69.998	
5	170.700	-69.998	
5	170.800	-69.998	
5	170.900	-69.998	
5	171.000	-69.998	
5	171.100	-69.998	
5	171.200	-69.998	
5	171.300	-69.998	
5	171.400	-69.998	
5	171.500	-69.998	
5	171.600	-69.998	
5	171.700	-69.998	
5	171.800	-69.998	
5	171.900	-69.998	
5	172.000	-69.998	
5	172.100	-69.998	
5	172.200	-69.998	
5	172.300	-69.998	
5	172.400	-69.998	
5	172.500	-69.998	
5	172.600	-69.998	
5	172.700	-69.998	
5	172.800	-69.998	
5	172.900	-69.998	
5	173.000	-69.998	
5	173.100	-69.998	
5	173.200	-69.998	
5	173.300	-69.998	
5	173.400	-69.998	
5	173.500	-69.998	
5	173.600	-69.998	
5	173.700	-69.998	
5	173.800	-69.998	
5	173.900	-69.998	
5	174.000	-69.998	
5	174.100	-69.998	
5	174.200	-69.998	
5	174.300	-69.998	
5	174.400	-69.998	
5	174.500	-69.998	
5	174.600	-69.998	
5	174.700	-69.998	
5	174.800	-69.998	
5	174.900	-69.998	
5	175.000	-69.998	
5	175.100	-69.998	
5	175.200	-69.998	
5	175.300	-69.998	
5	175.400	-69.998	
5	175.500	-69.998	
5	175.600	-69.998	
5	175.700	-69.998	
5	175.800	-69.998	
5	175.900	-69.998	
5	176.000	-69.998	
5	176.100	-69.998	
5	176.200	-69.998	
5	176.300	-69.998	
5	176.400	-69.998	
5	176.500	-69.998	
5	176.600	-69.998	
5	176.700	-69.998	
5	176.800	-69.998	
5	176.900	-69.998	
5	177.000	-69.998	
5	177.100	-69.998	
5	177.200	-69.998	
5	177.300	-69.998	
5	177.400	-69.998	
5	177.500	-69.998	
5	177.600	-69.998	
5	177.700	-69.998	
5	177.800	-69.998	
5	177.900	-69.998	
5	178.000	-69.998	
5	178.100	-69.998	
5	178.200	-69.998	
5	178.300	-69.998	
5	178.400	-69.998	
5	178.500	-69.998	
5	178.600	-69.998	
5	178.700	-69.998	
5	178.800	-69.998	
5	178.900	-69.998	
5	179.000	-69.998	
5	179.100	-69.998	
5	179.200	-69.998	
5	179.300	-69.998	
5	179.400	-69.998	
5	179.500	-69.998	
5	179.600	-69.998	
5	179.700	-69.998	
5	179.800	-69.998	
5	179.900	-69.998	
5	180.000	-69.998	
5	180.100	-69.998	
5	180.200	-69.998	
5	180.300	-69.998	
5	180.400	-69.998	
5	180.500	-69.998	
5	180.600	-69.998	
5	180.700	-69.998	
5	180.800	-69.998	
5	180.900	-69.998	
5	181.000	-69.998	
5	181.100	-69.998	
5	181.200	-69.998	
5	181.300	-69.998	
5	181.400	-69.998	
5	181.500	-69.998	
5	181.600	-69.998	
5	181.700	-69.998	
5	181.800	-69.998	
5	181.900	-69.998	
5	182.000	-69.998	
5	182.100	-69.998	
5	182.200	-69.998	
5	182.300	-69.998	
5	182.400	-69.998	
5	182.500	-69.998	
5	182.600	-69.998	
5	182.700	-69.998	
5	182.800	-69.998	
5	182.900	-69.998	
5	183.000	-69.998	
5	183.100	-69.998	
5	183.200	-69.998	
5	183.300	-69.998	
5	183.400	-69.998	
5	183.500	-69.998	
5	183.600	-69.998	
5	183.700	-69.998	
5	183.800	-69.998	
5	183.900	-69.998	
5	184.000	-69.998	
5	184.100	-69.998	
5	184.200	-69.998	
5	184.300	-69.998	
5	184.400	-69.998	
5	184.500	-69.998	
5	184.600	-69.998	
5	184.700	-69.998	
5	184.800	-69.998	
5	184.900	-69.998	
5	185.000	-69.998	
5	185.100	-69.998	
5	185.200	-69.998	
5	185.300	-69.998	
5	185.400	-69.998	
5	185.500	-69.998	
5	185.600	-69.998	
5	185.700	-69.998	
5	185.800	-69.998	
5	185.900	-69.998	
5	186.000	-69.998	
5	186.100	-69.998	
5	186.200	-69.998	
5	186.300	-69.998	
5	186.400	-69.998	
5	186.500	-69.998	
5	186.600	-69.998	
5	186.700	-69.998	
5	186.800	-69.998	
5	186.900	-69.998	
5	187.000	-69.998	
5	187.100	-69.998	
5	187.200	-69.998	
5	187.300	-69.998	
5	187.400	-69.998	
5	187.500	-69.998	
5	187.600	-69.998	
5	187.700	-69.998	
5	187.800	-69.998	
5	187.900	-69.998	
5	188.000	-69.998	
5	188.100	-69.998	
5	188.200	-69.998	
5	188.300	-69.998	
5	188.400	-69.998	
5	188.500	-69.998	
5	188.600	-69.998	
5	188.700	-69.998	
5	188.800	-69.998	
5	188.900	-69.998	
5	189.000	-69.998	
5	189.100	-69.998	
5	189.200	-69.998	
5	189.300	-69.998	
5	189.400	-69.998	
5	189.500	-69.998	
5	189.600	-69.998	
5	189.700	-69.998	
5	189.800	-69.998	
5	189.900	-69.998	
5	190.000	-69.998	
5	190.100	-69.998	
5	190.200	-69.998	
5	190.300	-69.998	
5	190.400	-69.998	
5	190.500	-69.998	
5	190.600	-69.998	
5	190.700	-69.998	
5	190.800	-69.998	
5	190.900	-69.998	
5	191.000	-69.998	
5	191.100	-69.998	
5	191.200	-69.998	
5	191.300	-69.998	
5	191.400	-69.998	
5	191.500	-69.998	
5	191.600	-69.998	
5	191.700	-69.998	
5	191.800	-69.998	
5	191.900	-69.998	
5	192.000	-69.998	
5	192.100	-69.998	
5	192.200	-69.998	
5	192.300	-69.998	
5	192.400	-69.998	
5	192.500	-69.998	
5	192.600	-69.998	
5	192.700	-69.998	
5	192.800	-69.998	
5	192.900	-69.998	
5	193.000	-69.998	
5	193.100	-69.998	
5	193.200	-69.998	
5	193.300	-69.998	
5	193.400	-69.998	
5	193.500	-69.998	
5	193.600	-69.998	
5	193.700	-69.998	
5	193.800	-69.998	
5	193.900	-69.998	
5	194.000	-69.998	
5	194.100	-69.998	
5	194.200	-69.998	
5	194.300	-69.998	
5	194.400	-69.998	
5	194.500	-69.998	
5	194.600	-69.998	
5	194.700	-69.998	
5	194.800	-69.998	
5	194.900	-69.998	
5	195.000	-69.998	
5	195.100	-69.998	
5	195.200	-69.998	
5	195.300	-69.998	
5	195.400	-69.998	
5	195.500	-69.998	
5	195.600	-69.998	
5	195.700	-69.998	
5	195.800	-69.998	
5	195.900	-69.998	
5	196.000	-69.998	
5	196.100	-69.998	
5	196.200	-69.998	
5	196.300	-69.998	
5	196.400	-69.998	
5	196.500	-69.998	
5	196.600	-69.998	
5	196.700	-69.998	
5	196.800	-69.998	
5	196.900	-69.998	
5	197.000	-69.998	
5	197.100	-69.998	
5	197.200	-69.998	
5	197.300	-69.998	
5	197.400	-69.998	
5	197.500	-69.998	
5	197.600	-69.998	
5	197.700	-69.998	
5	197.800	-69.998	
5	197.900	-69.998	
5	198.000	-69.998	
5	198.100	-69.998	
5	198.200	-69.998	
5	198.300	-69.998	
5	198.400	-69.998	
5	198.500	-69.998	
5	198.600	-69.998	
5	198.700	-69.998	
5	198.800	-69.998	
5	198.900	-69.998	
5	199.000	-69.998	
5	199.100	-69.998	
5	199.200	-69.998	
5	199.300	-69.998	
5	199.400	-69.998	
5	199.500	-69.998	
5	199.600	-69.998	
5	199.700	-69.998	
5	199.800	-69.998	
5	199.900	-69.998	
5	200.000	-69.998	
5	200.100	-69.998	
5	200.200	-69.998	
5	200.300	-69.998	
5	200.400	-69.998	
5	200.500	-69.998	
5	200.600	-69.998	
5	200.700	-69.998	
5	200.800	-69.998	
5	200.900	-69.998	
5	201.000	-69.998	
5	201.100	-69.998	
5	201.200	-69.998	
5	201.300	-69.998	
5	201.400	-69.998	
5	201.500	-69.998	
5	201.600	-69.998	
5	201.700	-69.998	
5	201.800	-69.998	
5	201.900	-69.998	
5	202.000	-69.998	
5	202.100	-69.998	
5	202.200	-69.998	
5	202.300	-69.998	
5	202.400	-69.998	
5	202.500	-69.998	
5	202.600	-69.998	
5	202.700	-69.998	
5	202.800	-69.998	
5	202.900	-69.998	
5	203.000	-69.998	
5	203.100	-69.998	
5	203.200	-69.998	
5	203.300	-69.998	
5	203.400	-69.998	
5	203.500	-69.998	
5	203.600	-69.998	
5	203.700	-69.998	
5	203.800	-69.998	
5	203.900	-69.998	
5	204.000	-69.998	
5	204.100	-69.998	
5	204.200	-69.998	
5	204.300	-69.998	
5	204.400	-69.998	
5	204.500	-69.998	
5	204.600	-69.998	
5	204.700	-69.998	
5	204.800	-69.998	
5	204.900	-69.998	
5	205.000	-69.998	
5	205.100	-69.998	
5	205.200	-69.998	
5	205.300	-69.998	
5	205.400	-69.998	
5	205.500	-69.998	
5	205.600	-69.998	
5	205.700	-69.998	
5	205.800	-69.998	
5	205.900	-69.998	
5	206.000	-69.998	
5	206.100	-69.998	
5	206.200	-69.998	
5	206.300	-69.998	
5	206.400	-69.998	
5	206.500	-69.998	
5	206.600	-69.998	
5	206.700	-69.998	
5	206.800	-69.998	
5	206.900	-69.998	
5	207.000	-69.998	
5	207.100	-69.998	
5	207.200	-69.998	
5	207.300	-69.998	
5	207.400	-69.998	
5	207.500	-69.998	
5	207.600	-69.998	
5	207.700	-69.998	
5	207.800	-69.998	
5	207.900	-69.998	
5	208.000	-69.998	
5	208.100	-69.998	
5	208.200	-69.998	
5	208.300	-69.998	
5	208.400	-69.998	
5	208.500	-69.998	
5	208.600	-69.998	
5	208.700	-69.998	
5	208.800	-69.998	
5	208.900	-69.998	
5	209.000	-69.998	
5	209.100	-69.998	
5	209.200	-69.998	
5	209.300	-69.998	
5	209.400	-69.998	
5	209.500	-69.998	
5	209.600	-69.998	
5	209.700	-69.998	
5	209.800	-69.998	
5	209.900	-69.998	
5	210.000	-69.998	
5	210.100	-69.998	
5	210.200	-69.998	
5	210.300	-69.998	
5	210.400	-69.998	
5	210.500	-69.998	
5	210.600	-69.998	
5	210.700	-69.998	
5	210.800	-69.998	
5	210.900	-69.998	
5	211.000	-69.998	
5	211.100	-69.998	
5	211.200	-69.998	
5	211.300	-69.998	
5	211.400	-69.998	
5	211.500	-69.998	
5	211.600	-69.998	
5	211.700	-69.998	
5	211.800	-69.998	
5	211.900	-69.998	
5	212.000	-69.998	
5	212.100	-69.998	
5	212.200	-69.998	
5	212.300	-69.998	
5	212.400	-69.998	
5	212.500	-69.998	
5	212.600	-69.998	
5	212.700	-69.998	
5	212.800	-69.998	
5	212.900	-69.998	
5	213.000	-69.998	
5	213.100	-69.998	
5	213.200	-69.998	
5	213.300	-69.998	
5	213.400	-69.998	
5	213.500	-69.998	
5	213.600	-69.998	
5	213.700	-69.998	
5	213.800	-69.998	
5	213.900	-69.998	
5	214.000	-69.998	
5	214.100	-69.998	
5	214.200	-69.998	
5	214.300	-69.998	
5	214.400	-69.998	
5	214.500	-69.998	
5	214.600	-69.998	
5	214.700	-69.998	
5	214.800	-69.998	
5	214.900	-69.998	
5	215.000	-69.998	
5	215.100	-69.998	
5	215.200	-69.998	
5	215.300	-69.998	
5	215.400	-69.998	
5	215.500	-69.998	
5	215.600	-69.998	
5	215.700	-69.998	
5	215.800	-69.998	
5	215.900	-69.998	
5	216.000	-69.998	
5	216.100	-69.998	
5	216.200	-69.998	
5	216.300	-69.998	
5	216.400	-69.998	
5	216.500	-69.998	
5	216.600	-69.998	
5	216.700	-69.998	
5	216.800	-69.998	
5	216.900	-69.998	
5	217.000	-69.998	
5	217.100	-69.998	
5	217.200	-69.998	
5	217.300	-69.998	
5	217.400	-69.998	
5	217.500	-69.998	
5	217.600	-69.998	
5	217.700	-69.998	
5	217.800	-69.998	
5	217.900	-69.998	
5	218.000	-69.998	
5	218.100	-69.998	
5	218.200	-69.998	
5	218.300	-69.998	
5	218.400	-69.998	
5	218.500	-69.998	
5	218.600	-69.998	
5	218.700	-69.998	
5	218.800	-69.998	
5	218.900	-69.998	
5	219.000	-69.998	
5	219.100	-69.998	
5	219.200	-69.998	
5	219.300	-69.998	
5	219.400	-69.998	
5	219.500	-69.998	
5	219.600	-69.998	
5	219.700	-69.998	
5	219.800	-69.998	
5	219.900	-69.998	
5	220.000	-69.998	
5	220.100	-69.998	
5	220.200	-69.998	
5	220.300	-69.998	
5	220.400	-69.998	
5	220.500	-69.998	
5	220.600	-69.998	
5	220.700	-69.998	
5	220.800	-69.998	
5	220.900	-69.998	
5	221.000	-69.998	
5	221.100	-69.998	
5	221.200	-69.998	
5	221.300	-69.998	
5	221.400	-69.998	
5	221.500	-69.998	
5	221.600	-69.998	
5	221.700	-69.998	
5	221.800	-69.998	
5	221.900	-69.998	
5	222.000	-69.998	
5	222.100	-69.998	
5	222.200	-69.998	
5	222.300	-69.998	
5	222.400	-69.998	
5	222.500	-69.998	
5	222.600	-69.998	
5	222.700	-69.998	
5	222.800	-69.998	
5	222.900	-69.998	
5	223.000	-69.998	
5	223.100	-69.998	
5	223.200	-69.998	
5	223.300	-69.998	
5	223.400	-69.998	
5	223.500	-69.998	
5	223.600	-69.998	
5	223.700	-69.998	
5	223.800	-69.998	
5	223.900	-69.998	
5	224.000	-69.998	
5	224.100	-69.998	
5	224.200	-69.998	
5	224.300	-69.998	
5	224.400	-69.998	
5	224.500	-69.998	
5	224.600	-69.998	
5	224.700	-69.998	
5	224.800	-69.998	
5	224.900	-69.998	
5	225.000	-69.998	
5	225.100	-69.998	
5	225.200	-69.998	
5	225.300	-69.998	
5	225.400	-69.998	
5	225.500	-69.998	
5	225.600	-69.998	
5	225.700	-69.998	
5	225.800	-69.998	
5	225.900	-69.998	
5	226.000	-69.998	
5	226.100	-69.998	
5	226.200	-69.998	
5	226.300	-69.998	
5	226.400	-69.998	
5	226.500	-69.998	
5	226.600	-69.998	
5	226.700	-69.998	
5	226.800	-69.998	
5	226.900	-69.998	
5	227.000	-69.998	
5	227.100	-69.998	
5	227.200	-69.998	
5	227.300	-69.998	
5	227.400	-69.998	
5	227.500	-69.998	
5	227.600	-69.998	
5	227.700	-69.998	
5	227.800	-69.998	
5	227.900	-69.998	
5	228.000	-69.998	
5	228.100	-69.998	
5	228.200	-69.998	
5	228.300	-69.998	
5	228.400	-69.998	
5	228.500	-69.998	
5	228.600	-69.998	
5	228.700	-69.998	
5	228.800	-69.998	
5	228.900	-69.998	
5	229.000	-69.998	
5	229.100	-69.998	
5	229.200	-69.998	
5	229.300	-69.998	
5	229.400	-69.998	
5	229.500	-69.998	
5	229.600	-69.998	
5	229.700	-69.998	
5	229.800	-69.998	
5	229.900	-69.998	
5	230.000	-69.998	
5	230.100	-69.998	
5	230.200	-69.998	
5	230.300	-69.998	
5	230.400	-69.998	
5	230.500	-69.998	
5	230.600	-69.998	
5	230.700	-69.998	
5	230.800	-69.998	
5	230.900	-69.998	
5	231.000	-69.998	
5	231.100	-69.998	
5	231.200	-69.998	
5	231.300	-69.998	
5	231.400	-69.998	
5	231.500	-69.998	
5	231.600	-69.998	
5	231.700	-69.998	
5	231.800	-69.998	
5	231.900	-69.998	
5	232.000	-69.998	
5	232.100	-69.998	
5	232.200	-69.998	
5	232.300	-69.998	
5	232.400	-69.998	
5	232.500	-69.998	
5	232.600	-69.998	
5	232.700	-69.998	
5	232.800	-69.998	
5	232.900	-69.998	
5	233.000	-69.998	
5	233.100	-69.998	
5	233.200	-69.998	
5	233.300	-69.998	
5	233.400	-69.998	
5	233.500	-69.998	
5	233.600	-69.998	
5	233.700	-69.998	
5	233.800	-69.998	
5	233.900	-69.998	
5	234.000	-69.998	
5	234.100	-69.998	
5	234.200	-69.998	
5	234.300	-69.998	
5	234.400	-69.998	
5	234.500	-69.998	
5	234.600	-69.998	
5	234.700	-69.998	
5	234.800	-69.998	
5	234.900	-69.998	
5	235.000	-69.998	
5	235.100	-69.998	
5	235.200	-69.998	
5	235.300	-69.998	
5	235.400	-69.998	
5	235.500	-69.998	
5	235.600	-69.998	
5	235.700	-69.998	
5	235.800	-69.998	
5	235.900	-69.998	
5	236.000	-69.998	
5	236.100	-69.998	
5	236.200	-69.998	
5	236.300	-69.998	
5	236.400	-69.998	
5	236.500	-69.998	
5	236.600	-69.998	
5	236.700	-69.998	
5	236.800	-69.998	
5	236.900	-69.998	
5	237.000	-69.998	
5	237.100	-69.998	
5	237.200	-69.998	
5	237.300	-69.998	
5	237.400	-69.998	
5	237.500	-69.998	
5	237.600	-69.998	
5	237.700	-69.998	
5	237.800	-69.998	
5	237.900	-69.998	
5	238.000	-69.998	
5	238.100	-69.998	
5	238.200	-69.998	
5	238.300	-69.998	
5	238.400	-69.998	
5	238.500	-69.998	
5	238.600	-69.998	
5	238.700	-69.998	
5	238.800	-69.998	
5	238.900	-69.998	
5	239.000	-69.998	
5	239.100	-69.998	
5	239.200	-69.998	
5	239.300	-69.998	
5	239.400	-69.998	
5	239.500	-69.998	
5	239.600	-69.998	
5	239.700	-69.998	
5	239.800	-69.998	
5	239.900	-69.998	
5	240.000	-69.998	
5	240.100	-69.998	
5	240.200	-69.998	
5	240.300	-69.998	
5	240.400	-69.998	
5	240.500	-69.998	
5	240.600	-69.998	
5	240.700	-69.998	
5	240.800	-69.998	
5	240.900	-69.998	
5	241.000	-69.998	
5	241.100	-69.998	
5	241.200	-69.998	
5	241.300	-69.998	
5	241.400	-69.998	
5	241.500	-69.998	
5	241.600	-69.998	
5	241.700	-69.998	
5	241.800	-69.998	
5	241.900	-69.998	
5	242.000	-69.998	
5	242.100	-69.998	
5	242.200	-69.998	
5	242.300	-69.998	
5	242.400	-69.998	
5	242.500	-69.998	
5	242.600	-69.998	
5	242.700	-69.998	
5	242.800	-69.998	
5	242.900	-69.998	
5	243.000	-69.998	
5	243.100	-69.998	
5	243.200	-69.998	
5	243.300	-69.998	
5	243.400	-69.998	
5	243.500	-69.998	
5	243.600	-69.998	
5	243.700	-69.998	
5	243.800	-69.998	
5	243.900	-69.998	
5	244.000	-69.998	
5	244.100	-69.998	
5	244.200	-69.998	
5	244.300	-69.998	
5	244.400	-69.998	
5	244.500	-69.998	
5	244.600	-69.998	
5	244.700	-69.998	
5	244.800	-69.998	
5	244.900	-69.998	
5	245.000	-69.998	
5	245.100	-69.998	
5	245.200	-69.998	
5	245.300	-69.998	
5	245.400	-69.998	
5	245.500	-69.998	
5	245.600	-69.998	
5	245.700	-69.998	
5	245.800	-69.998	
5	245.900	-69.998	
5	246.000	-69.998	
5	246.100	-69.998	
5	246.200	-69.998	
5	246.300	-69.998	
5	246.400	-69.998	
5	246.500	-69.998	
5	246.600	-69.998	
5	246.700	-69.998	
5	246.800	-69.998	
5	246.900	-69.998	
5	247.000	-69.998	
5	247.100	-69.998	
5	247.200	-69.998	
5	247.300	-69.998	
5	247.400	-69.998	
5	247.500	-69.998	
5	247.600	-69.998	
5	247.700	-69.998	
5	247.800	-69.998	
5	247.900	-69.998	
5	248.000	-69.998	
5	248.100	-69.998	
5	248.200	-69.998	
5	248.300	-69.998	
5	248.400	-69.998	
5	248.500	-69.998	
5	248.600	-69.998	
5	248.700	-69.998	
5	248.800	-69.998	
5	248.900	-69.998	
5	249.000	-69.998	
5	249.100	-69.998	
5	249.200	-69.998	
5	249.300	-69.998	
5	249.400	-69.998	
5	249.500	-69.998	
5	249.600	-69.998	
5	249.700	-69.998	
5	249.800	-69.998	
5	249.900	-69.998	
5	250.000	-69.998	
5	250.100	-69.998	
5	250.200	-69.998	
5	250.300	-69.998	
5	250.400	-69.998	
5	250.500	-69.998	
5	250.600	-69.998	
5	250.700	-69.998	
5	250.800	-69.998	
5	250.900	-69.998	
5	251.000	-69.998	
5	251.100	-69.998	
5	251.200	-69.998	
5	251.300	-69.998	
5	251.400	-69.998	
5	251.500	-69.998	
5	251.600	-69.998	
5	251.700	-69.998	
5	251.800	-69.998	
5	251.900	-69.998	
5	252.000	-69.998	
5	252.100	-69.998	
5	252.200	-69.998	
5	252.300	-69.998	
5	252.400	-69.998	
5	252.500	-69.998	
5	252.600	-69.998	
5	252.700	-69.998	
5	252.800	-69.998	
5	252.900	-69.998	
5	253.000	-69.998	
5	253.100	-69.998	
5	253.200	-69.998	
5	253.300	-69.998	
5	253.400	-69.998	
5	253.500	-69.998	
5	253.600	-69.998	
5	253.700	-69.998	
5	253.800	-69.998	
5	253.900	-69.998	
5	254.000	-69.998	
5	254.100	-69.998	
5	254.200	-69.998	
5	254.300	-69.998	
5	254.400	-69.998	
5	254.500	-69.998	
5	254.600	-69.998	
5	254.700	-69.998	
5	254.800	-69.998	
5	254.900	-69.998	
5	255.000	-69.998	
5	255.100	-69.998	
5	255.200	-69.998	
5	255.300	-69.998	
5	255.400	-69.998	
5	255.500	-69.998	
5	255.600	-69.998	
5	255.700	-69.998	
5	255.800	-69.998	
5	255.900	-69.998	
5	256.000	-69.998	
5	256.100	-69.998	
5	256.200	-69.998	
5	256.300	-69.998	
5	256.400	-69.998	
5	256.500	-69.998	
5	256.600	-69.998	
5	256.700	-69.998	
5	256.800	-69.998	
5	256.900	-69.998	
5	257.000	-69.998	
5	257.100	-69.998	
5	257.200	-69.998	
5	257.300	-69.998	
5	257.400	-69.998	
5	257.500	-69.998	
5	257.600	-69.998	
5	257.700	-69.998	
5	257.800	-69.998	
5	257.900	-69.998	
5	258.000	-69.998	
5	258.100	-69.998	
5	258.200	-69.998	
5	258.300	-69.998	
5	258.400	-69.998	
5	258.500	-69.998	
5	258.600	-69.998	
5	258.700	-69.998	
5	258.800	-69.998	
5	258.900	-69.998	
5	259.000	-69.998	
5	259.100	-69.998	
5	259.200	-69.998	
5	259.300	-69.998	
5	259.400	-69.998	
5	259.500	-69.998	
5	259.600	-69.998	
5	259.700	-69.998	
5	259.800	-69.998	
5	259.900	-69.998	
5	260.000	-69.998	
5	260.100	-69.998	
5	260.200	-69.998	
5	260.300	-69.998	
5	260.400	-69.998	
5	260.500	-69.998	
5	260.600	-69.998	
5	260.700	-69.998	
5	260.800	-69.998	
5	260.900	-69.998	
5	261.000	-69.998	
5	261.100	-69.998	
5	261.200	-69.998	
5	261.300	-69.998	
5	261.400	-69.998	
5	261.500	-69.998	
5	261.600	-69.998	
5	261.700	-69.998	
5	261.800	-69.998	
5	261.900	-69.998	
5	262.000	-69.998	
5	262.100	-69.998	
5	262.200	-69.998	
5	262.300	-69.998	
5	262.400	-69.998	
5	262.500	-69.998	
5	262.600	-69.998	
5	262.700	-69.998	
5	262.800	-69.998	
5	262.900	-69.998	
5	263.000	-69.998	
5	263.100	-69.998	
5	263.200	-69.998	
5	263.300	-69.998	
5	263.400	-69.998	
5	263.500	-69.998	
5	263.600	-69.998	
5	263.700	-69.998	
5	263.800	-69.998	
5	263.900	-69.998	
5	264.000	-69.998	
5	264.100	-69.998	
5	264.200	-69.998	
5	264.300	-69.998	
5	264.400	-69.998	
5	264.500	-69.998	
5	264.600	-69.998	
5	264.700	-69.998	
5	264.800	-69.998	
5	264.900	-69.998	
5	265.000	-69.998	
5	265.100	-69.998	
5	265.200	-69.998	
5	265.300	-69.998	
5	265.400	-69.998	
5	265.500	-69.998	
5	265.600	-69.998	
5	265.700	-69.998	
5	265.800	-69.998	
5	265.900	-69.998	
5	266.000	-69.998	
5	266.100	-69.998	
5	266.200	-69.998	
5	266.300	-69.998	
5	266.400	-69.998	
5	266.500	-69.998	
5	266.600	-69.998	
5	266.700	-69.998	
5	266.800	-69.998	
5	266.900	-69.998	
5	267.000	-69.998	
5	267.100	-69.998	
5	267.200	-69.998	
5	267.300	-69.998	
5	267.400	-69.998	
5	267.500	-69.998	
5	267.600	-69.998	
5	267.700	-69.998	
5	267.800	-69.998	
5	267.900	-69.998	
5	268.000	-69.998	
5	268.100	-69.998	
5	268.200	-69.998	
5	268.300	-69.998	
5	268.400	-69.998	
5	268.500	-69.998	
5	268.600	-69.998	
5	268.700	-69.998	
5	268.800	-69.998	
5	268.900	-69.998	
5	269.000	-69.998	
5	269.100	-69.998	
5	269.200	-69.998	
5	269.300	-69.998	
5	269.400	-69.998	
5	269.500	-69.998	
5	269.600	-69.998	
5	269.700	-69.998	
5	269.800	-69.998	
5	269.900	-69.998	
5	270.000	-69.998	
5	270.100	-69.998	
5	270.200	-69.998	
5	270.300	-69.998	
5	270.400	-69.998	
5	270.500	-69.998	
5	270.600	-69.998	
5	270.700	-69.998	
5	270.800	-69.998	
5	270.900	-69.998	
5	271.000	-69.998	
5	271.100	-69.998	
5	271.200	-69.998	
5	271.300	-69.998	
5	271.400	-69.998	
5	271.500	-69.998	
5	271.600	-69.998	
5	271.700	-69.998	
5	271.800	-69.998	
5	271.900	-69.998	
5	272.000	-69.998	
5	272.100	-69.998	
5	272.200	-69.998	
5	272.300	-69.998	
5	272.400	-69.998	
5	272.500	-69.998	
5	272.600	-69.998	
5	272.700	-69.998	
5	272.800	-69.998	
5	272.900	-69.998	
5	273.000	-69.998	
5	273.100	-69.998	
5	273.200	-69.998	
5	273.300	-69.998	
5	273.400	-69.998	
5	273.500	-69.998	
5	273.600	-69.998	
5	273.700	-69.998	
5	273.800	-69.998	
5	273.900	-69.998	
5	274.000	-69.998	
5	274.100	-69.998	
5	274.200	-69.998	
5	274.300	-69.998	
5	274.400	-69.998	
5	274.500	-69.998	
5	274.600	-69.998	
5	274.700	-69.998	
5	274.800	-69.998	
5	274.900	-69.998	
5	275.000	-69.998	
5	275.100	-69.998	
5	275.200	-69.998	
5	275.300	-69.998	
5	275.400	-69.998	
5	275.500	-69.998	
5	275.600	-69.998	
5	275.700	-69.998	
5	275.800	-69.998	
5	275.900	-69.998	
5	276.000	-69.998	
5	276.100	-69.998	
5	276.200	-69.998	
5	276.300	-69.998	
5	276.400	-69.998	
5	276.500	-69.998	
5	276.600	-69.998	
5	276.700	-69.998	
5	276.800	-69.998	
5	276.900	-69.998	
5	277.000	-69.998	
5	277.100	-69.998	
5	277.200	-69.998	
5	277.300	-69.998	
5	277.400	-69.998	
5	277.500	-69.998	
5	277.600	-69.998	
5	277.700	-69.998	
5	277.800	-69.998	
5	277.900	-69.998	
5	278.000	-69.998	
5	278.100	-69.998	
5	278.200	-69.998	
5	278.300	-69.998	
5	278.400	-69.998	
5	278.500	-69.998	
5	278.600	-69.998	
5	278.700	-69.998	
5	278.800	-69.998	
5	278.900	-69.998	
5	279.000	-69.998	
5	279.100	-69.998	
5	279.200	-69.998	
5	279.300	-69.998	
5	279.400	-69.998	
5	279.500	-69.998	
5	279.600	-69.998	
5	279.700	-69.998	
5	279.800	-69.998	
5	279.900	-69.998	
5	280.000	-69.998	
5	280.100	-69.998	
5	280.200	-69.998	
5	280.300	-69.998	
5	280.400	-69.998	
5	280.500	-69.998	
5	280.600	-69.998	
5	280.700	-69.998	
5	280.800	-69.998	
5	280.900	-69.998	
5	281.000	-69.998	
5	281.100	-69.998	
5	281.200	-69.998	
5	281.300	-69.998	
5	281.400	-69.998	
5	281.500	-69.998	
5	281.600	-69.998	
5	281.700	-69.998	
5	281.800	-69.998	
5	281.900	-69.998	
5	282.000	-69.998	
5	282.100	-69.998	
5	282.200	-69.998	
5	282.300	-69.998	
5	282.400	-69.998	
5	282.500	-69.998	
5	282.600	-69.998	
5	282.700	-69.998	
5	282.800	-69.998	
5	282.900	-69.998	
5	283.000	-69.998	
5	283.100	-69.998	
5	283.200	-69.998	
5	283.300	-69.998	
5	283.400	-69.998	
5	283.500	-69.998	
5	283.600	-69.998	
5	283.700	-69.998	
5	283.800	-69.998	
5	283.900	-69.998	
5	284.000	-69.998	
5	284.100	-69.998	
5	284.200	-69.998	
5	284.300	-69.998	
5	284.400	-69.998	
5	284.500	-69.998	
5	284.600	-69.998	
5	284.700	-69.998	
5	284.800	-69.998	
5	284.900	-69.998	
5	285.000	-69.998	
5	285.100	-69.998	
5	285.200	-69.998	
5	285.300	-69.998	
5	285.400	-69.998	
5	285.500	-69.998	
5	285.600	-69.998	
5	285.700	-69.998	
5	285.800	-69.998	
5	285.900	-69.998	
5	286.000	-69.998	
5	286.100	-69.998	
5	286.200	-69.998	
5	286.300	-69.998	
5	286.400	-69.998	
5	286.500	-69.998	
5	286.600	-69.998	
5	286.700	-69.998	
5	286.800	-69.998	
5	286.900	-69.998	
5	287.000	-69.998	
5	287.100	-69.998	
5	287.200	-69.998	
5	287.300	-69.998	
5	287.400	-69.998	
5	287.500	-69.998	
5	287.600	-69.998	
5	287.700	-69.998	
5	287.800	-69.998	
5	287.900	-69.998	
5	288.000	-69.998	
5	288.100	-69.998	
5	288.200	-69.998	
5	288.300	-69.998	
5	288.400	-69.998	
5	288.500	-69.998	
5	288.600	-69.998	
5	288.700	-69.998	
5	288.800	-69.998	
5	288.900	-69.998	
5	289.000	-69.998	
5	289.100	-69.998	
5	289.200	-69.998	
5	289.300	-69.998	
5	289.400	-69.998	
5	289.500	-69.998	
5	289.600	-69.998	
5	289.700	-69.998	
5	289.800	-69.998	
5	289.900	-69.998	
5	290.000	-69.998	
5	290.100	-69.998	
5	290.200	-69.998	
5	290.300	-69.998	
5	290.400	-69.998	
5	290.500	-69.998	
5	290.600	-69.998	
5	290.700	-69.998	
5	290.800	-69.998	
5	290.900	-69.998	
5	291.000	-69.998	
5	291.100	-69.998	
5	291.200	-69.998	
5	291.300	-69.998	
5	291.400	-69.998	
5	291.500	-69.998	
5	291.600	-69.998	
5	291.700	-69.998	
5	291.800	-69.998	
5	291.900	-69.998	
5	292.000	-69.998	
5	292.100	-69.998	
5	292.200	-69.998	
5	292.300	-69.998	
5	292.400	-69.998	
5	292.500	-69.998	
5	292.600	-69.998	
5	292.700	-69.998	
5	292.800	-69.998	
5	292.900	-69.998	
5	293.000	-69.998	
5	293.100	-69.998	
5	293.200	-69.998	
5	293.300	-69.998	
5	293.400	-69.998	
5	293.500	-69.998	
5	293.600	-69.998	
5	293.700	-69.998	
5	293.800	-69.998	
5	293.900	-69.998	
5	294.000	-69.998	
5	294.100	-69.998	
5	294.200	-69.998	
5	294.300	-69.998	
5	294.400	-69.998	
5	294.500	-69.998	
5	294.600	-69.998	
5	294.700	-69.998	
5	294.800	-69.998	
5	294.900	-69.998	
5	295.000	-69.998	
5	295.100	-69.998	
5	295.200	-69.998	
5	295.300	-69.998	
5	295.400	-69.998	
5	295.500	-69.998	
5	295.600	-69.998	
5	295.700	-69.998	
5	295.800	-69.998	
5	295.900	-69.998	
5	296.000	-69.998	
5	296.100	-69.998	
5	296.200	-69.998	
5	296.300	-69.998	
5	296.400	-69.998	
5	296.500	-69.998	
5	296.600	-69.998	
5	296.700	-69.998	
5	296.800	-69.998	
5	296.900	-69.998	
5	297.000	-69.998	
5	297.100	-69.998	
5	297.200	-69.998	
5	297.300	-69.998	
5	297.400	-69.998	
5	297.500	-69.998	
5	297.600	-69.998	
5	297.700	-69.998	
5	297.800	-69.998	
5	297.900	-69.998	
5	298.000	-69.998	
5	298.100	-69.998	
5	298.200	-69.998	
5	298.300	-69.998	
5	298.400	-69.998	
5	298.500	-69.998	
5	298.600	-69.998	
5	298.700	-69.998	
5	298.800	-69.998	
5	298.900	-69.998	
5	299.000	-69.998	
5	299.100	-69.998	
5	299.200	-69.998	
5	299.300	-69.998	
5	299.400	-69.998	
5	299.500	-69.998	
5	299.600	-69.998	
5	299.700	-69.998	
5	299.800	-69.998	
5	299.900	-69.998	
5	300.000	-69.998	
5	300.100	-69.998	
5	300.200	-69.998	
5	300.300	-69.998	
5	300.400	-69.998	
5	300.500	-69.998	
5	300.600	-69.998	
5	300.700	-69.998	
5	300.800	-69.998	
5	300.900	-69.998	
5	301.000	-69.998	
5	301.100	-69.998	
5	301.200	-69.998	
5	301.300	-69.998	
5	301.400	-69.998	
5	301.500	-69.998	
5	301.600	-69.998	
5	301.700	-69.998	
5	301.800	-69.998	
5	301.900	-69.998	
5	302.000	-69.998	
5	302.100	-69.998	
5	302.200	-69.998	
5	302.300	-69.998	
5	302.400	-69.998	
5	302.500	-69.998	
5	302.600	-69.998	
5	302.700	-69.998	
5	302.800	-69.998	
5	302.900	-69.998	
5	303.000	-69.998	
5	303.100	-69.998	
5	303.200	-69.998	
5	303.300	-69.998	
5	303.400	-69.998	
5	303.500	-69.998	
5	303.600	-69.998	
5	303.700	-69.998	
5	303.800	-69.998	
5	303.900	-69.998	
5	304.000	-69.998	
5	304.100	-69.998	
5	304.200	-69.998	
5	304.300	-69.998	
5	304.400	-69.998	
5	304.500	-69.998	
5	304.600	-69.998	
5	304.700	-69.998	
5	304.800	-69.998	
5	304.900	-69.998	
5	305.000	-69.998	
5	305.100	-69.998	
5	305.200	-69.998	
5	305.300	-69.998	
5	305.400	-69.998	
5	305.500	-69.998	
5	305.600	-69.998	
5	305.700	-69.998	
5	305.800	-69.998	
5	305.900	-69.998	
5	306.000	-69.998	
5	306.100	-69.998	
5	306.200	-69.998	
5	306.300	-69.998	
5	306.400	-69.998	
5	306.500	-69.998	
5	306.600	-69.998	
5	306.700	-69.998	
5	306.800	-69.998	
5	306.900	-69.998	
5	307.000	-69.998	
5	307.100	-69.998	
5	307.200	-69.998	
5	307.300	-69.998	
5	307.400	-69.998	
5	307.500	-69.998	
5	307.600	-69.998	
5	307.700	-69.998	
5	307.800	-69.998	
5	307.900	-69.998	
5	308.000	-69.998	
5	308.100	-69.998	
5	308.200	-69.998	
5	308.300	-69.998	
5	308.400	-69.998	
5	308.500	-69.998	
5	308.600	-69.998	
5	308.700	-69.998	
5	308.800	-69.998	
5	308.900	-69.998	
5	309.000	-69.998	
5	309.100	-69.998	
5	309.200	-69.998	
5	309.300	-69.998	
5	309.400	-69.998	
5	309.500	-69.998	
5	309.600	-69.998	
5	309.700	-69.998	
5	309.800	-69.998	
5	309.900	-69.998	
5	310.000	-69.998	
5	310.100	-69.998	
5	310.200	-69.998	
5	310.300	-69.998	
5	310.400	-69.998	
5	310.500	-69.998	
5	310.600	-69.998	
5	310.700	-69.998	
5	310.800	-69.998	
5	310.900	-69.998	
5	311.000	-69.998	
5	311.100	-69.998	
5	311.200	-69.998	
5	311.300	-69.998	
5	311.400	-69.998	
5	311.500	-69.998	
5	311.600	-69.998	
5	311.700	-69.998	
5	311.800	-69.998	
5	311.900	-69.998	
5	312.000	-69.998	
5	312.100	-69.998	
5	312.200	-69.998	
5	312.300	-69.998	
5	312.400	-69.998	
5	312.500	-69.998	
5	312.600	-69.998	
5	312.700	-69.998	
5	312.800	-69.998	
5	312.900	-69.998	
5	313.000	-69.998	
5	313.100	-69.998	
5	313.200	-69.998	
5	313.300	-69.998	
5	313.400	-69.998	
5	313.500	-69.998	
5	313.600	-69.998	
5	313.700	-69.998	
5	313.800	-69.998	
5	313.900	-69.998	
5	314.000	-69.998	
5	314.100	-69.998	
5	314.200	-69.998	
5	314.300	-69.998	
5	314.400	-69.998	
5	314.500	-69.998	
5	314.600	-69.998	
5	314.700	-69.998	
5	314.800	-69.998	
5	314.900	-69.998	
5	315.000	-69.998	
5	315.100	-69.998	
5	315.200	-69.998	
5	315.300	-69.998	
5	315.400	-69.998	
5	315.500	-69.998	
5	315.600	-69.998	
5	315.700	-69.998	
5	315.800	-69.998	
5	315.900	-69.998	
5	316.000	-69.998	
5	316.100	-69.998	
5	316.200	-69.998	
5	316.300	-69.998	
5	316.400	-69.998	
5	316.500	-69.998	
5	316.600	-69.998	
5	316.700	-69.998	
5	316.800	-69.998	
5	316.900	-69.998	
5	317.000	-69.998	
5	317.100	-69.998	
5	317.200	-69.998	
5	317.300	-69.998	
5	317.400	-69.998	
5	317.500	-69.998	
5	317.600	-69.998	
5	317.700	-69.998	
5	317.800	-69.998	
5	317.900	-69.998	
5	318.000	-69.998	
5	318.100	-69.998	
5	318.200	-69.998	
5	318.300	-69.998	
5	318.400	-69.998	
5	318.500	-69.998	
5	318.600	-69.998	
5	318.700	-69.998	
5	318.800	-69.998	
5	318.900	-69.998	
5	319.000	-69.998	
5	319.100	-69.998	
5	319.200	-69.998	
5	319.300	-69.998	
5	319.400	-69.998	
5	319.500	-69.998	
5	319.600	-69.998	
5	319.700	-69.998	
5	319.800	-69.998	
5	319.900	-69.998	
5	320.000	-69.998	
5	320.100	-69.998	
5	320.200	-69.998	
5	320.300	-69.998	
5	320.400	-69.998	
5	320.500	-69.998	
5	320.600	-69.998	
5	320.700	-69.998	
5	320.800	-69.998	
5	320.900	-69.998	
5	321.000	-69.998	
5	321.100	-69.998	
5	321.200	-69.998	
5	321.300	-69.998	
5	321.400	-69.998	
5	321.500	-69.998	
5	321.600	-69.998	
5	321.700	-69.998	
5	321.800	-69.998	
5	321.900	-69.998	
5	322.000	-69.998	
5	322.100	-69.998	
5	322.200	-69.998	
5	322.300	-69.998	
5	322.400	-69.998	
5	322.500	-69.998	
5	322.600	-69.998	
5	322.700	-69.998	
5	322.800	-69.998	
5	322.900	-69.998	
5	323.000	-69.998	
5	323.100	-69.998	
5	323.200	-69.998	
5	323.300	-69.998	
5	323.400	-69.998	
5	323.500	-69.998	
5	323.600	-69.998	
5	323.700	-69.998	
5	323.800	-69.998	
5	323.900	-69.998	
5	324.000	-69.998	
5	324.100	-69.998	
5	324.200	-69.998	
5	324.300	-69.998	
5	324.400	-69.998	
5	324.500	-69.998	
5	324.600	-69.998	
5	324.700	-69.998	
5	324.800	-69.998	
5	324.900	-69.998	
5	325.000	-69.998	
5	325.100	-69.998	
5	325.200	-69.998	
5	325.300	-69.998	
5	325.400	-69.998	
5	325.500	-69.998	
5	325.600	-69.998	
5	325.700	-69.998	
5	325.800	-69.998	
5	325.900	-69.998	
5	326.000	-69.998	
5	326.100	-69.998	
5	326.200	-69.998	
5	326.300	-69.998	
5	326.400	-69.998	
5	326.500	-69.998	
5	326.600	-69.998	
5	326.700	-69.998	
5	326.800	-69.998	
5	326.900	-69.998	
5	327.000	-69.998	
5	327.100	-69.998	
5	327.200	-69.998	
5	327.300	-69.998	
5	327.400	-69.998	
5	327.500	-69.998	
5	327.600	-69.998	
5	327.700	-69.998	
5	327.800	-69.998	
5	327.900	-69.998	
5	328.000	-69.998	
5	328.100	-69.998	
5	328.200	-69.998	
5	328.300	-69.998	
5	328.400	-69.998	
5	328.500	-69.998	
5	328.600	-69.998	
5	328.700	-69.998	
5	328.800	-69.998	
5	328.900	-69.998	
5	329.000	-69.998	
5	329.100	-69.998	
5	329.200	-69.998	
5	329.300	-69.998	
5	329.400	-69.998	
5	329.500	-69.998	
5	329.600	-69.998	
5	329.700	-69.998	
5	329.800	-69.998	
5	329.900	-69.998	
5	330.000	-69.998	
5	330.100	-69.998	
5	330.200	-69.998	
5	330.300	-69.998	
5	330.400	-69.998	
5	330.500	-69.998	
5	330.600	-69.998	
5	330.700	-69.998	
5	330.800	-69.998	
5	330.900	-69.998	
5	331.000	-69.998	
5	331.100	-69.998	
5	331.200	-69.998	
5	331.300	-69.998	
5	331.400	-69.998	
5	331.500	-69.998	
5	331.600	-69.998	
5	331.700	-69.998	
5	331.800	-69.998	
5	331.900	-69.998	
5	332.000	-69.998	
5	332.100	-69.998	
5	332.200	-69.998	
5	332.300	-69.998	
5	332.400	-69.998	
5	332.500	-69.998	
5	332.600	-69.998	
5	332.700	-69.998	
5	332.800	-69.998	
5	332.900	-69.998	
5	333.000	-69.998	
5	333.100	-69.998	
5	333.200	-69.998	
5	333.300	-69.998	
5	333.400	-69.998	
5	333.500	-69.998	
5	333.600	-69.998	
5	333.700	-69.998	
5	333.800	-69.998	
5	333.900	-69.998	
5	334.000	-69.998	
5	334.100	-69.998	
5	334.200	-69.998	
5	334.300	-69.998	
5	334.400	-69.998	
5	334.500	-69.998	
5	334.600	-69.998	
5	334.700	-69.998	
5	334.800	-69.998	
5	334.900	-69.998	
5	335.000	-69.998	
5	335.100	-69.998	
5	335.200	-69.998	
5	335.300	-69.998	
5	335.400	-69.998	
5	335.500	-69.998	
5	335.600	-69.998	
5	335.700	-69.998	
5	335.800	-69.998	
5	335.900	-69.998	
5	336.000	-69.998	
5	336.100	-69.998	
5	336.200	-69.998	
5	336.300	-69.998	
5	336.400	-69.998	
5	336.500	-69.998	
5	336.600	-69.998	
5	336.700	-69.998	
5	336.800	-69.998	
5	336.900	-69.998	
5	337.000	-69.998	
5	337.100	-69.998	
5	337.200	-69.998	
5	337.300	-69.998	
5	337.400	-69.998	
5	337.500	-69.998	
5	337.600	-69.998	
5	337.700	-69.998	
5	337.800	-69.998	
5	337.900	-69.998	
5	338.000	-69.998	
5	338.100	-69.998	
5	338.200	-69.998	
5	338.300	-69.998	
5	338.400	-69.998	
5	338.500	-69.998	
5	338.600	-69.998	
5	338.700	-69.998	
5	338.800	-69.998	
5	338.900	-69.998	
5	339.000	-69.998	
5	339.100	-69.998	
5	339.200	-69.998	
5	339.300	-69.998	
5	339.400	-69.998	
5	339.500	-69.998	
5	339.600	-69.998	
5	339.700	-69.998	
5	339.800	-69.998	
5	339.900	-69.998	
5	340.000	-69.998	
5	340.100	-69.998	
5	340.200	-69.998	
5	340.300	-69.998	
5	340.400	-69.998	
5	340.500	-69.998	
5	340.600	-69.998	
5	340.700	-69.998	
5	340.800	-69.998	
5	340.900	-69.998	
5	341.000	-69.998	
5	341.100	-69.998	
5	341.200	-69.998	
5	341.300	-69.998	
5	341.400	-69.998	
5	341.500	-69.998	
5	341.600	-69.998	
5	341.700	-69.998	
5	341.800	-69.998	
5	341.900	-69.998	
5	342.000	-69.998	
5	342.100	-69.998	
5	342.200	-69.998	
5	342.300	-69.998	
5	342.400	-69.998	
5	342.500	-69.998	
5	342.600	-69.998	
5	342.700	-69.998	
5	342.800	-69.998	
5	342.900	-69.998	
5	343.000	-69.998	
5	343.100	-69.998	
5	343.200	-69.998	
5	343.300	-69.998	
5	343.400	-69.998	
5	343.500	-69.998	
5	343.600	-69.998	
5	343.700	-69.998	
5	343.800	-69.998	
5	343.900	-69.998	
5	344.000	-69.998	
5	344.100	-69.998	
5	344.200	-69.998	
5	344.300	-69.998	
5	344.400	-69.998	
5	344.500	-69.998	
5	344.600	-69.998	
5	344.700	-69.998	
5	344.800	-69.998	
5	344.900	-69.998	
5	345.000	-69.998	
5	345.100	-69.998	
5	345.200	-69.998	
5	345.300	-69.998	
5	345.400	-69.998	
5	345.500	-69.998	
5	345.600	-69.998	
5	345.700	-69.998	
5	345.800	-69.998	
5	345.900	-69.998	
5	346.000	-69.998	
5	346.100	-69.998	
5	346.200	-69.998	
5	346.300	-69.998	
5	346.400	-69.998	
5	346.500	-69.998	
5	346.600	-69.998	
5	346.700	-69.998	
5	346.800	-69.998	
5	346.900	-69.998	
5	347.000	-69.998	
5	347.100	-69.998	
5	347.200	-69.998	
5	347.300	-69.998	
5	347.400	-69.998	
5	347.500	-69.998	
5	347.600	-69.998	
5	347.700	-69.998	
5	347.800	-69.998	
5	347.900	-69.998	
5	348.000	-69.998	
5	348.100	-69.998	
5	348.200	-69.998	
5	348.300	-69.998	
5	348.400	-69.998	
5	348.500	-69.998	
5	348.600	-69.998	
5	348.700	-69.998	
5	348.800	-69.998	
5	348.900	-69.998	
5	349.000	-69.998	
5	349.100	-69.998	
5	349.200	-69.998	
5	349.300	-69.998	
5	349.400	-69.998	
5	349.500	-69.998	
5	349.600	-69.998	
5	349.700	-69.998	
5	349.800	-69.998	
5	349.900	-69.998	
5	350.000	-69.998	
5	350.100	-69.998	
5	350.200	-69.998	
5	350.300	-69.998	
5	350.400	-69.998	
5	350.500	-69.998	
5	350.600	-69.998	
5	350.700	-69.998	
5	350.800	-69.998	
5	350.900	-69.998	
5	351.000	-69.998	
5	351.100	-69.998	
5	351.200	-69.998	
5	351.300	-69.998	
5	351.400	-69.998	
5	351.500	-69.998	
5	351.600	-69.998	
5	351.700	-69.998	
5	351.800	-69.998	
5	351.900	-69.998	
5	352.000	-69.998	
5	352.100	-69.998	
5	352.200	-69.998	
5	352.300	-69.998	
5	352.400	-69.998	
5	352.500	-69.998	
5	352.600	-69.998	
5	352.700	-69.998	
5	352.800	-69.998	
5	352.900	-69.998	
5	353.000	-69.998	
5	353.100	-69.998	
5	353.200	-69.998	
5	353.300	-69.998	
5	353.400	-69.998	
5	353.500	-69.998	
5	353.600	-69.998	
5	353.700	-69.998	
5	353.800	-69.998	
5	353.900	-69.998	
5	354.000	-69.998	
5	354.100	-69.998	
5	354.200	-69.998	
5	354.300	-69.998	
5	354.400	-69.998	
5	354.500	-69.998	
5	354.600	-69.998	
5	354.700	-69.998	
5	354.800	-69.998	
5	354.900	-69.998	
5	355.000	-69.998	
5	355.100	-69.998	
5	355.200	-69.998	
5	355.300	-69.998	
5	355.400	-69.998	
5	355.500	-69.998	
5	355.600	-69.998	
5	355.700	-69.998	
5	355.800	-69.998	
5	355.900	-69.998	
5	356.000	-69.998	
5	356.100	-69.998	
5	356.200	-69.998	
5	356.300	-69.998	
5	356.400	-69.998	
5	356.500	-69.998	
5	356.600	-69.998	
5	356.700	-69.998	
5	356.800	-69.998	
5	356.900	-69.998	
5	357.000	-69.998	
5	357.100	-69.998	
5	357.200	-69.998	
5	357.300	-69.998	
5	357.400	-69.998	
5	357.500	-69.998	
5	357.600	-69.998	
5	357.700	-69.998	
5	357.800	-69.998	
5	357.900	-69.998	
5	358.000	-69.998	
5	358.100	-69.998	
5	358.200	-69.998	
5	358.300	-69.998	
5	358.400	-69.998	
5	358.500	-69.998	
5	358.600	-69.998	
5	358.700	-69.998	
5	358.800	-69.998	
5	358.900	-69.998	
5	359.000	-69.998	
5	359.100	-69.998	
5	359.200	-69.998	
5	359.300	-69.998	
5	359.400	-69.998	
5	359.500	-69.998	
5	359.600	-69.998	
5	359.700	-69.998	
5	359.800	-69.998	
5	359.900	-69.998	
5	360.000	-69.998	
5	360.100	-69.998	
5	360.200	-69.998	
5	360.300	-69.998	
5	360.400	-69.998	
5	360.500	-69.998	
5	360.600	-69.998	
5	360.700	-69.998	
5	360.800	-69.998	
5	360.900	-69.998	
5	361.000	-69.998	
5	361.100	-69.998	
5	361.200	-69.998	
5	361.300	-69.998	
5	361.400	-69.998	
5	361.500	-69.998	
5	361.600	-69.998	
5	361.700	-69.998	
5	361.800	-69.998	
5	361.900	-69.998	
5	362.000	-69.998	
5	362.100	-69.998	
5	362.200	-69.998	
5	362.300	-69.998	
5	362.400	-69.998	
5	362.500	-69.998	
5	362.600	-69.998	
5	362.700	-69.998	
5	362.800	-69.998	
5	362.900	-69.998	
5	363.000	-69.998	
5	363.100	-69.998	
5	363.200	-69.998	
5	363.300	-69.998	
5	363.400	-69.998	
5	363.500	-69.998	
5	363.600	-69.998	
5	363.700	-69.998	
5	363.800	-69.998	
5	363.900	-69.998	
5	364.000	-69.998	
5	364.100	-69.998	
5	364.200	-69.998	
5	364.300	-69.998	
5	364.400	-69.998	
5	364.500	-69.998	
5	364.600	-69.998	
5	364.700	-69.998	
5	364.800	-69.998	
5	364.900	-69.998	
5	365.000	-69.998	
5	365.100	-69.998	
5	365.200	-69.998	
5	365.300	-69.998	
5	365.400	-69.998	
5	365.500	-69.998	
5	365.600	-69.998	
5	365.700	-69.998	
5	365.800	-69.998	
5	365.900	-69.998	
5	366.000	-69.998	
5	366.100	-69.998	
5	366.200	-69.998	
5	366.300	-69.998	
5	366.400	-69.998	
5	366.500	-69.998	
5	366.600	-69.998	
5	366.700	-69.998	
5	366.800	-69.998	
5	366.900	-69.998	
5	367.000	-69.998	
5	367.100	-69.998	
5	367.200	-69.998	
5	367.300	-69.998	
5	367.400	-69.998	
5	367.500	-69.998	
5	367.600	-69.998	
5	367.700	-69.998	
5	367.800	-69.998	
5	367.900	-69.998	
5	368.000	-69.998	
5	368.100	-69.998	
5	368.200	-69.998	
5	368.300	-69.998	
5	368.400	-69.998	
5	368.500	-69.998	
5	368.600	-69.998	
5	368.700	-69.998	
5	368.800	-69.998	
5	368.900	-69.998	
5	369.000	-69.998	
5	369.100	-69.998	
5	369.200	-69.998	
5	369.300	-69.998	
5	369.400	-69.998	
5	369.500	-69.998	
5	369.600	-69.998	
5	369.700	-69.998	
5	369.800	-69.998	
5	369.900	-69.998	
5	370.000	-69.998	
5	370.100	-69.998	
5	370.200	-69.998	
5	370.300	-69.998	
5	370.400	-69.998	
5	370.500	-69.998	
5	370.600	-69.998	
5	370.700	-69.998	
5	370.800	-69.998	
5	370.900	-69.998	
5	371.000	-69.998	
5	371.100	-69.998	
5	371.200	-69.998	
5	371.300	-69.998	
5	371.400	-69.998	
5	371.500	-69.998	
5	371.600	-69.998	
5	371.700	-69.998	
5	371.800	-69.998	
5	371.900	-69.998	
5	372.000	-69.998	
5	372.100	-69.998	
5	372.200	-69.998	
5	372.300	-69.998	
5	372.400	-69.998	
5	372.500	-69.998	
5	372.600	-69.998	
5	372.700	-69.998	
5	372.800	-69.998	
5	372.900	-69.998	
5	373.000	-69.998	
5	373.100	-69.998	
5	373.200	-69.998	
5	373.300	-69.998	
5	373.400	-69.998	
5	373.500	-69.998	
5	373.600	-69.998	
5	373.700	-69.998	
5	373.800	-69.998	
5	373.900	-69.998	
5	374.000	-69.998	
5	374.100	-69.998	
5	374.200	-69.998	
5	374.300	-69.998	
5	374.400	-69.998	
5	374.500	-69.998	
5	374.600	-69.998	
5	374.700	-69.998	
5	374.800	-69.998	
5	374.900	-69.998	
5	375.000	-69.998	
5	375.100	-69.998	
5	375.200	-69.998	
5	375.300	-69.998	
5	375.400	-69.998	
5	375.500	-69.998	
5	375.600	-69.998	
5	375.700	-69.998	
5	375.800	-69.998	
5	375.900	-69.998	
5	376.000	-69.998	
5	376.100	-69.998	
5	376.200	-69.998	
5	376.300	-69.998	
5	376.400	-69.998	
5	376.500	-69.998	
5	376.600	-69.998	
5	376.700	-69.998	
5	376.800	-69.998	
5	376.900	-69.998	
5	377.000	-69.998	
5	377.100	-69.998	
5	377.200	-69.998	
5	377.300	-69.998	
5	377.400	-69.998	
5	377.500	-69.998	
5	377.600	-69.998	
5	377.700	-69.998	
5	377.800	-69.998	
5	377.900	-69.998	
5	378.000	-69.998	
5	378.100	-69.998	
5	378.200	-69.998	
5	378.300	-69.998	
5	378.400	-69.998	
5	378.500	-69.998	
5	378.600	-69.998	
5	378.700	-69.998	
5	378.800	-69.998	
5	378.900	-69.998	
5	379.000	-69.998	
5	379.100	-69.998	
5	379.200	-69.998	
5	379.300	-69.998	
5	379.400	-69.998	
5	379.500	-69.998	
5	379.600	-69.998	
5	379.700	-69.998	
5	379.800	-69.998	
5	379.900	-69.998	
5	380.000	-69.998	
5	380.100	-69.998	
5	380.200	-69.998	
5	380.300	-69.998	
5	380.400	-69.998	
5	380.500	-69.998	
5	380.600	-69.998	
5	380.700	-69.998	
5	380.800	-69.998	
5	380.900	-69.998	
5	381.000	-69.998	
5	381.100	-69.998	
5	381.200	-69.998	
5	381.300	-69.998	
5	381.400	-69.998	
5	381.500	-69.998	
5	381.600	-69.998	
5	381.700	-69.998	
5	381.800	-69.998	
5	381.900	-69.998	
5	382.000	-69.998	
5	382.100	-69.998	
5	382.200	-69.998	
5	382.300	-69.998	
5	382.400	-69.998	
5	382.500	-69.998	
5	382.600	-69.998	
5	382.700	-69.998	
5	382.800	-69.998	
5	382.900	-69.998	
5	383.000	-69.998	
5	383.100	-69.998	
5	383.200	-69.998	
5	383.300	-69.998	
5	383.400	-69.998	
5	383.500	-69.998	
5	383.600	-69.998	
5	383.700	-69.998	
5	383.800	-69.998	
5	383.900	-69.998	
5	384.000	-69.998	
5	384.100	-69.998	
5	384.200	-69.998	
5	384.300	-69.998	
5	384.400	-69.998	
5	384.500	-69.998	
5	384.600	-69.998	
5	384.700	-69.998	
5	384.800	-69.998	
5	384.900	-69.998	
5	385.000	-69.998	
5	385.100	-69.998	
5	385.200	-69.998	
5	385.300	-69.998	
5	385.400	-69.998	
5	385.500	-69.998	
5	385.600	-69.998	
5	385.700	-69.998	
5	385.800	-69.998	
5	385.900	-69.998	
5	386.000	-69.998	
5	386.100	-69.998	
5	386.200	-69.998	
5	386.300	-69.998	
5	386.400	-69.998	
5	386.500	-69.998	
5	386.600	-69.998	
5	386.700	-69.998	
5	386.800	-69.998	
5	386.900	-69.998	
5	387.000	-69.998	
5	387.100	-69.998	
5	387.200	-69.998	
5	387.300	-69.998	
5	387.400	-69.998	
5	387.500	-69.998	
5	387.600	-69.998	
5	387.700	-69.998	
5	387.800	-69.998	
5	387.900	-69.998	
5	388.000	-69.998	
5	388.100	-69.998	
5	388.200	-69.998	
5	388.300	-69.998	
5	388.400	-69.998	
5	388.500	-69.998	
5	388.600	-69.998	
5	388.700	-69.998	
5	388.800	-69.998	
5	388.900	-69.998	
5	389.000	-69.998	
5	389.100	-69.998	
5	389.200	-69.998	
5	389.300	-69.998	
5	389.400	-69.998	
5	389.500	-69.998	
5	389.600	-69.998	
5	389.700	-69.998	
5	389.800	-69.998	
5	389.900	-69.998	
5	390.000	-69.998	
5	390.100	-69.998	
5	390.200	-69.998	
5	390.300	-69.998	
5	390.400	-69.998	
5	390.500	-69.998	
5	390.600	-69.998	
5	390.700	-69.998	
5	390.800	-69.998	
5	390.900	-69.998	
5	391.000	-69.998	
5	391.100	-69.998	
5	391.200	-69.998	
5	391.300	-69.998	
5	391.400	-69.998	
5	391.500	-69.998	
5	391.600	-69.998	
5	391.700	-69.998	
5	391.800	-69.998	
5	391.900	-69.998	
5	392.000	-69.998	
5	392.100	-69.998	
5	392.200	-69.998	
5	392.300	-69.998	
5	392.400	-69.998	
5	392.500	-69.998	
5	392.600	-69.998	
5	392.700	-69.998	
5	392.800	-69.998	
5	392.900	-69.998	
5	393.000	-69.998	
5	393.100	-69.998	
5	393.200	-69.998	
5	393.300	-69.998	
5	393.400	-69.998	
5	393.500	-69.998	
5	393.600	-69.998	
5	393.700	-69.998	
5	393.800	-69.998	
5	393.900	-69.998	
5	394.000	-69.998	
5	394.100	-69.998	
5	394.200	-69.998	
5	394.300	-69.998	
5	394.400	-69.998	
5	394.500	-69.998	
5	394.600	-69.998	
5	394.700	-69.998	
5	394.800	-69.998	
5	394.900	-69.998	
5	395.000	-69.998	
5	395.100	-69.998	
5	395.200	-69.998	
5	395.300	-69.998	
5	395.400	-69.998	
5	395.500	-69.998	
5	395.600	-69.998	
5	395.700	-69.998	
5	395.800	-69.998	
5	395.900	-69.998	
5	396.000	-69.998	
5	396.100	-69.998	
5	396.200	-69.998	
5	396.300	-69.998	
5	396.400	-69.998	
5	396.500	-69.998	
5	396.600	-69.998	
5	396.700	-69.998	
5	396.800	-69.998	
5	396.900	-69.998	
5	397.000	-69.998	
5	397.100	-69.998	
5	397.200	-69.998	
5	397.300	-69.998	
5	397.400	-69.998	
5	397.500	-69.998	
5	397.600	-69.998	
5	397.700	-69.998	
5	397.800	-69.998	
5	397.900	-69.998	
5	398.000	-69.998	
5	398.100	-69.998	
5	398.200	-69.998	
5	398.300	-69.998	
5	398.400	-69.998	
5	398.500	-69.998	
5	398.600	-69.998	
5	398.700	-69.998	
5	398.800	-69.998	
5	398.900	-69.998	
5	399.000	-69.998	
5	399.100	-69.998	
5	399.200	-69.998	
5	399.300	-69.998	
5	399.400	-69.998	
5	399.500	-69.998	
5	399.600	-69.998	
5	399.700	-69.998	
5	399.800	-69.998	
5	399.900	-69.998	
5	400.000	-69.998	
5	400.100	-69.998	
5	400.200	-69.998	
5	400.300	-69.998	
5	400.400	-69.998	
5	400.500	-69.998	
5	400.600	-69.998	
5	400.700	-69.998	
5	400.800	-69.998	
5	400.900	-69.998	
5	401.000	-69.998	
5	401.100	-69.998	
5	401.200	-69.998	
5	401.300	-69.998	
5	401.400	-69.998	
5	401.500	-69.998	
5	401.600	-69.998	
5	401.700	-69.998	
5	401.800	-69.998	
5	401.900	-69.998	
5	402.000	-69.998	
5	402.100	-69.998	
5	402.200	-69.998	
5	402.300	-69.998	
5	402.400	-69.998	
5	402.500	-69.998	
5	402.600	-69.998	
5	402.700	-69.998	
5	402.800	-69.998	
5	402.900	-69.998	
5	403.000	-69.998	
5	403.100	-69.998	
5	403.200	-69.998	
5	403.300	-69.998	
5	403.400	-69.998	
5	403.500	-69.998	
5	403.600	-69.998	
5	403.700	-69.998	
5	403.800	-69.998	
5	403.900	-69.998	
5	404.000	-69.998	
5	404.100	-69.998	
5	404.200	-69.998	
5	404.300	-69.998	
5	404.400	-69.998	
5	404.500	-69.998	
5	404.600	-69.998	
5	404.700	-69.998	
5	404.800	-69.998	
5	404.900	-69.998	
5	405.000	-69.998	
5	405.100	-69.998	
5	405.200	-69.998	
5	405.300	-69.998	
5	405.400	-69.998	
5	405.500	-69.998	
5	405.600	-69.998	
5	405.700	-69.998	
5	405.800	-69.998	
5	405.900	-69.998	
5	406.000	-69.998	
5	406.100	-69.998	
5	406.200	-69.998	
5	406.300	-69.998	
5	406.400	-69.998	
5	406.500	-69.998	
5	406.600	-69.998	
5	406.700	-69.998	
5	406.800	-69.998	
5	406.900	-69.998	
5	407.000	-69.998	
5	407.100	-69.998	
5	407.200	-69.998	
5	407.300	-69.998	
5	407.400	-69.998	
5	407.500	-69.998	
5	407.600	-69.998	
5	407.700	-69.998	
5	407.800	-69.998	
5	407.900	-69.998	
5	408.000	-69.998	
5	408.100	-69.998	
5	408.200	-69.998	
5	408.300	-69.998	
5	408.400	-69.998	
5	408.500	-69.998	
5	408.600	-69.998	
5	408.700	-69.998	
5	408.800	-69.998	
5	408.900	-69.998	
5	409.000	-69.998	
5	409.100	-69.998	
5	409.200	-69.998	
5	409.300	-69.998	
5	409.400	-69.998	
5	409.500	-69.998	
5	409.600	-69.998	
5	409.700	-69.998	
5	409.800	-69.998	
5	409.900	-69.998	
5	410.000	-69.998	
5	410.100	-69.998	
5	410.200	-69.998	
5	410.300	-69.998	
5	410.400	-69.998	
5	410.500	-69.998	
5	410.600	-69.998	
5	410.700	-69.998	
5	410.800	-69.998	
5	410.900	-69.998	
5	411.000	-69.998	
5	411.100	-69.998	
5	411.200	-69.998	
5	411.300	-69.998	
5	411.400	-69.998	
5	411.500	-69.998	
5	411.600	-69.998	
5	411.700	-69.998	
5	411.800	-69.998	
5	411.900	-69.998	
5	412.000	-69.998	
5	412.100	-69.998	
5	412.200	-69.998	
5	412.300	-69.998	
5	412.400	-69.998	
5	412.500	-69.998	
5	412.600	-69.998	
5	412.700	-69.998	
5	412.800	-69.998	
5	412.900	-69.998	
5	413.000	-69.998	
5	413.100	-69.998	
5	413.200	-69.998	
5	413.300	-69.998	
5	413.400	-69.998	
5	413.500	-69.998	
5	413.600	-69.998	
5	413.700	-69.998	
5	413.800	-69.998	
5	413.900	-69.998	
5	414.000	-69.998	
5	414.100	-69.998	
5	414.200	-69.998	
5	414.300	-69.998	
5	414.400	-69.998	
5	414.500	-69.998	
5	414.600	-69.998	
5	414.700	-69.998	
5	414.800	-69.998	
5	414.900	-69.998	
5	415.000	-69.998	
5	415.100	-69.998	
5	415.200	-69.998	
5	415.300	-69.998	
5	415.400	-69.998	
5	415.500	-69.998	
5	415.600	-69.998	
5	415.700	-69.998	
5	415.800	-69.998	
5	415.900	-69.998	
5	416.000	-69.998	
5	416.100	-69.998	
5	416.200	-69.998	
5	416.300	-69.998	
5	416.400	-69.998	
5	416.500	-69.998	
5	416.600	-69.998	
5	416.700	-69.998	
5	416.800	-69.998	
5	416.900	-69.998	
5	417.000	-69.998	
5	417.100	-69.998	
5	417.200	-69.998	
5	417.300	-69.998	
5	417.400	-69.998	
5	417.500	-69.998	
5	417.600	-69.998	
5	417.700	-69.998	
5	417.800	-69.998	
5	417.900	-69.998	
5	418.000	-69.998	
5	418.100	-69.998	
5	418.200	-69.998	
5	418.300	-69.998	
5	418.400	-69.998	
5	418.500	-69.998	
5	418.600	-69.998	
5	418.700	-69.998	
5	418.800	-69.998	
5	418.900	-69.998	
5	419.000	-69.998	
5	419.100	-69.998	
5	419.200	-69.998	
5	419.300	-69.998	
5	419.400	-69.998	
5	419.500	-69.998	
5	419.600	-69.998	
5	419.700	-69.998	
5	419.800	-69.998	
5	419.900	-69.998	
5	420.000	-69.998	
5	420.100	-69.998	
5	420.200	-69.998	
5	420.300	-69.998	
5	420.400	-69.998	
5	420.500	-69.998	
5	420.600	-69.998	
5	420.700	-69.998	
5	420.800	-69.998	
5	420.900	-69.998	
5	421.000	-69.998	
5	421.100	-69.998	
5	421.200	-69.998	
5	421.300	-69.998	
5	421.400	-69.998	
5	421.500	-69.998	
5	421.600	-69.998	
5	421.700	-69.998	
5	421.800	-69.998	
5	421.900	-69.998	
5	422.000	-69.998	
5	422.100	-69.998	
5	422.200	-69.998	
5	422.300	-69.998	
5	422.400	-69.998	
5	422.500	-69.998	
5	422.600	-69.998	
5	422.700	-69.998	
5	422.800	-69.998	
5	422.900	-69.998	
5	423.000	-69.998	
5	423.100	-69.998	
5	423.200	-69.998	
5	423.300	-69.998	
5	423.400	-69.998	
5	423.500	-69.998	
5	423.600	-69.998	
5	423.700	-69.998	
5	423.800	-69.998	
5	423.900	-69.998	
5	424.000	-69.998	
5	424.100	-69.998	
5	424.200	-69.998	
5	424.300	-69.998	
5	424.400	-69.998	
5	424.500	-69.998	
5	424.600	-69.998	
5	424.700	-69.998	
5	424.800	-69.998	
5	424.900	-69.998	
5	425.000	-69.998	
5	425.100	-69.998	
5	425.200	-69.998	
5	425.300	-69.998	
5	425.400	-69.998	
5	425.500	-69.998	
5	425.600	-69.998	
5	425.700	-69.998	
5	425.800	-69.998	
5	425.900	-69.998	
5	426.000	-69.998	
5	426.100	-69.998	
5	426.200	-69.998	
5	426.300	-69.998	
5	426.400	-69.998	
5	426.500	-69.998	
5	426.600	-69.998	
5	426.700	-69.998	
5	426.800	-69.998	
5	426.900	-69.998	
5	427.000	-69.998	
5	427.100	-69.998	
5	427.200	-69.998	
5	427.300	-69.998	
5	427.400	-69.998	
5	427.500	-69.998	
5	427.600	-69.998	
5	427.700	-69.998	
5	427.800	-69.998	
5	427.900	-69.998	
5	428.000	-69.998	
5	428.100	-69.998	
5	428.200	-69.998	
5	428.300	-69.998	
5	428.400	-69.998	
5	428.500	-69.998	
5	428.600	-69.998	
5	428.700	-69.998	
5	428.800	-69.998	
5	428.900	-69.998	
5	429.000	-69.998	
5	429.100	-69.998	
5	429.200	-69.998	
5	429.300	-69.998	
5	429.400	-69.998	
5	429.500	-69.998	
5	429.600	-69.998	
5	429.700	-69.998	
5	429.800	-69.998	
5	429.900	-69.998	
5	430.000	-69.998	
5	430.100	-69.998	
5	430.200	-69.998	
5	430.300	-69.998	
5	430.400	-69.998	
5	430.500	-69.998	
5	430.600	-69.998	
5	430.700	-69.998	
5	430.800	-69.998	
5	430.900	-69.998	
5	431.000	-69.998	
5	431.100	-69.998	
5	431.200	-69.998	
5	431.300	-69.998	
5	431.400	-69.998	
5	431.500	-69.998	
5	431.600	-69.998	
5	431.700	-69.998	
5	431.800	-69.998	
5	431.900	-69.998	
5	432.000	-69.998	
5	432.100	-69.998	
5	432.200	-69.998	
5	432.300	-69.998	
5	432.400	-69.998	
5	432.500	-69.998	
5	432.600	-69.998	
5	432.700	-69.998	
5	432.800	-69.998	
5	432.900	-69.998	
5	433.000	-69.998	
5	433.100	-69.998	
5	433.200	-69.998	
5	433.300	-69.998	
5	433.400	-69.998	
5	433.500	-69.998	
5	433.600	-69.998	
5	433.700	-69.998	
5	433.800	-69.998	
5	433.900	-69.998	
5	434.000	-69.998	
5	434.100	-69.998	
5	434.200	-69.998	
5	434.300	-69.998	
5	434.400	-69.998	
5	434.500	-69.998	
5	434.600	-69.998	
5	434.700	-69.998	
5	434.800	-69.998	
5	434.900	-69.998	
5	435.000	-69.998	
5	435.100	-69.998	
5	435.200	-69.998	
5	435.300	-69.998	
5	435.400	-69.998	
5	435.500	-69.998	
5	435.600	-69.998	
5	435.700	-69.998	
5	435.800	-69.998	
5	435.900	-69.998	
5	436.000	-69.998	
5	436.100	-69.998	
5	436.200	-69.998	
5	436.300	-69.998	
5	436.400	-69.998	
5	436.500	-69.998	
5	436.600	-69.998	
5	436.700	-69.998	
5	436.800	-69.998	
5	436.900	-69.998	
5	437.000	-69.998	
5	437.100	-69.998	
5	437.200	-69.998	
5	437.300	-69.998	
5	437.400	-69.998	
5	437.500	-69.998	
5	437.600	-69.998	
5	437.700	-69.998	
5	437.800	-69.998	
5	437.900	-69.998	
5	438.000	-69.998	
5	438.100	-69.998	
5	438.200	-69.998	
5	438.300	-69.998	
5	438.400	-69.998	
5	438.500	-69.998	
5	438.600	-69.998	
5	438.700	-69.998	
5	438.800	-69.998	
5	438.900	-69.998	
5	439.000	-69.998	
5	439.100	-69.998	
5	439.200	-69.998	
5	439.300	-69.998	
5	439.400	-69.998	
5	439.500	-69.998	
5	439.600	-69.998	
5	439.700	-69.998	
5	439.800	-69.998	
5	439.900	-69.998	
5	440.000	-69.998	
5	440.100	-69.998	
5	440.200	-69.998	
5	440.300	-69.998	
5	440.400	-69.998	
5	440.500	-69.998	
5	440.600	-69.998	
5	440.700	-69.998	
5	440.800	-69.998	
5	440.900	-69.998	
5	441.000	-69.998	
5	441.100	-69.998	
5	441.200	-69.998	
5	441.300	-69.998	
5	441.400	-69.998	
5	441.500	-69.998	
5	441.600	-69.998	
5	441.700	-69.998	
5	441.800	-69.998	
5	441.900	-69.998	
5	442.000	-69.998	
5	442.100	-69.998	
5	442.200	-69.998	
5	442.300	-69.998	
5	442.400	-69.998	
5	442.500	-69.998	
5	442.600	-69.998	
5	442.700	-69.998	
5	442.800	-69.998	
5	442.900	-69.998	
5	443.000	-69.998	
5	443.100	-69.998	
5	443.200	-69.998	
5	443.300	-69.998	
5	443.400	-69.998	
5	443.500	-69.998	
5	443.600	-69.998	
5	443.700	-69.998	
5	443.800	-69.998	
5	443.900	-69.998	
5	444.000	-69.998	
5	444.100	-69.998	
5	444.200	-69.998	
5	444.300	-69.998	
5	444.400	-69.998	
5	444.500	-69.998	
5	444.600	-69.998	
5	444.700	-69.998	
5	444.800	-69.998	
5	444.900	-69.998	
5	445.000	-69.998	
5	445.100	-69.998	
5	445.200	-69.998	
5	445.300	-69.998	
5	445.400	-69.998	
5	445.500	-69.998	
5	445.600	-69.998	
5	445.700	-69.998	
5	445.800	-69.998	
5	445.900	-69.998	
5	446.000	-69.998	
5	446.100	-69.998	
5	446.200	-69.998	
5	446.300	-69.998	
5	446.400	-69.998	
5	446.500	-69.998	
5	446.600	-69.998	
5	446.700	-69.998	
5	446.800	-69.998	
5	446.900	-69.998	
5	447.000	-69.998	
5	447.100	-69.998	
5	447.200	-69.998	
5	447.300	-69.998	
5	447.400	-69.998	
5	447.500	-69.998	
5	447.600	-69.998	
5	447.700	-69.998	
5	447.800	-69.998	
5	447.900	-69.998	
5	448.000	-69.998	
5	448.100	-69.998	
5	448.200	-69.998	
5	448.300	-69.998	
5	448.400	-69.998	
5	448.500	-69.998	
5	448.600	-69.998	
5	448.700	-69.998	
5	448.800	-69.998	
5	448.900	-69.998	
5	449.000	-69.998	
