34	0.100	-70.000	
34	0.200	-70.000	
34	0.300	-70.000	
34	0.400	-70.000	
34	0.500	-70.000	
34	0.600	-70.000	
34	0.700	-70.000	
34	0.800	-70.000	
34	0.900	-70.000	
34	1.000	-70.000	
34	1.100	-70.000	
34	1.200	-70.000	
34	1.300	-70.000	
34	1.400	-70.000	
34	1.500	-70.000	
34	1.600	-70.000	
34	1.700	-70.000	
34	1.800	-69.999	
34	1.900	-69.999	
34	2.000	-69.999	
34	2.100	-69.999	
34	2.200	-69.999	
34	2.300	-69.999	
34	2.400	-69.999	
34	2.500	-69.999	
34	2.600	-69.999	
34	2.700	-69.999	
34	2.800	-69.999	
34	2.900	-69.999	
34	3.000	-69.999	
34	3.100	-69.999	
34	3.200	-69.999	
34	3.300	-69.999	
34	3.400	-69.999	
34	3.500	-69.999	
34	3.600	-69.999	
34	3.700	-69.999	
34	3.800	-69.999	
34	3.900	-69.999	
34	4.000	-69.999	
34	4.100	-69.999	
34	4.200	-69.999	
34	4.300	-69.999	
34	4.400	-69.999	
34	4.500	-69.999	
34	4.600	-69.999	
34	4.700	-69.999	
34	4.800	-69.999	
34	4.900	-69.999	
34	5.000	-69.999	
34	5.100	-69.999	
34	5.200	-69.999	
34	5.300	-69.999	
34	5.400	-69.999	
34	5.500	-69.999	
34	5.600	-69.999	
34	5.700	-69.999	
34	5.800	-69.999	
34	5.900	-69.999	
34	6.000	-69.999	
34	6.100	-69.999	
34	6.200	-69.999	
34	6.300	-69.999	
34	6.400	-69.999	
34	6.500	-69.999	
34	6.600	-69.999	
34	6.700	-69.999	
34	6.800	-69.999	
34	6.900	-69.999	
34	7.000	-69.999	
34	7.100	-69.999	
34	7.200	-69.999	
34	7.300	-69.999	
34	7.400	-69.999	
34	7.500	-69.999	
34	7.600	-69.999	
34	7.700	-69.999	
34	7.800	-69.999	
34	7.900	-69.999	
34	8.000	-69.999	
34	8.100	-69.999	
34	8.200	-69.999	
34	8.300	-69.999	
34	8.400	-69.999	
34	8.500	-69.999	
34	8.600	-69.999	
34	8.700	-69.999	
34	8.800	-69.999	
34	8.900	-69.999	
34	9.000	-69.999	
34	9.100	-69.999	
34	9.200	-69.999	
34	9.300	-69.999	
34	9.400	-69.999	
34	9.500	-69.999	
34	9.600	-69.999	
34	9.700	-69.999	
34	9.800	-69.999	
34	9.900	-69.998	
34	10.000	-69.998	
34	10.100	-69.998	
34	10.200	-69.998	
34	10.300	-69.998	
34	10.400	-69.998	
34	10.500	-69.998	
34	10.600	-69.998	
34	10.700	-69.998	
34	10.800	-69.998	
34	10.900	-69.998	
34	11.000	-69.998	
34	11.100	-69.998	
34	11.200	-69.998	
34	11.300	-69.998	
34	11.400	-69.998	
34	11.500	-69.998	
34	11.600	-69.998	
34	11.700	-69.998	
34	11.800	-69.998	
34	11.900	-69.998	
34	12.000	-69.998	
34	12.100	-69.998	
34	12.200	-69.998	
34	12.300	-69.998	
34	12.400	-69.998	
34	12.500	-69.998	
34	12.600	-69.998	
34	12.700	-69.998	
34	12.800	-69.998	
34	12.900	-69.998	
34	13.000	-69.998	
34	13.100	-69.998	
34	13.200	-69.998	
34	13.300	-69.998	
34	13.400	-69.998	
34	13.500	-69.998	
34	13.600	-69.998	
34	13.700	-69.998	
34	13.800	-69.998	
34	13.900	-69.998	
34	14.000	-69.998	
34	14.100	-69.998	
34	14.200	-69.998	
34	14.300	-69.998	
34	14.400	-69.998	
34	14.500	-69.998	
34	14.600	-69.998	
34	14.700	-69.998	
34	14.800	-69.998	
34	14.900	-69.998	
34	15.000	-69.998	
34	15.100	-69.998	
34	15.200	-69.998	
34	15.300	-69.998	
34	15.400	-69.998	
34	15.500	-69.998	
34	15.600	-69.998	
34	15.700	-69.998	
34	15.800	-69.998	
34	15.900	-69.998	
34	16.000	-69.998	
34	16.100	-69.998	
34	16.200	-69.998	
34	16.300	-69.998	
34	16.400	-69.998	
34	16.500	-69.998	
34	16.600	-69.998	
34	16.700	-69.998	
34	16.800	-69.998	
34	16.900	-69.998	
34	17.000	-69.998	
34	17.100	-69.998	
34	17.200	-69.998	
34	17.300	-69.998	
34	17.400	-69.998	
34	17.500	-69.998	
34	17.600	-69.998	
34	17.700	-69.998	
34	17.800	-69.998	
34	17.900	-69.998	
34	18.000	-69.998	
34	18.100	-69.998	
34	18.200	-69.998	
34	18.300	-69.998	
34	18.400	-69.998	
34	18.500	-69.998	
34	18.600	-69.998	
34	18.700	-69.998	
34	18.800	-69.998	
34	18.900	-69.998	
34	19.000	-69.998	
34	19.100	-69.998	
34	19.200	-69.998	
34	19.300	-69.998	
34	19.400	-69.998	
34	19.500	-69.998	
34	19.600	-69.998	
34	19.700	-69.998	
34	19.800	-69.998	
34	19.900	-69.998	
34	20.000	-69.998	
34	20.100	-69.998	
34	20.200	-69.998	
34	20.300	-69.998	
34	20.400	-69.998	
34	20.500	-69.998	
34	20.600	-69.998	
34	20.700	-69.998	
34	20.800	-69.998	
34	20.900	-69.998	
34	21.000	-69.998	
34	21.100	-69.998	
34	21.200	-69.998	
34	21.300	-69.998	
34	21.400	-69.998	
34	21.500	-69.998	
34	21.600	-69.998	
34	21.700	-69.998	
34	21.800	-69.998	
34	21.900	-69.998	
34	22.000	-69.998	
34	22.100	-69.998	
34	22.200	-69.998	
34	22.300	-69.998	
34	22.400	-69.998	
34	22.500	-69.998	
34	22.600	-69.998	
34	22.700	-69.998	
34	22.800	-69.998	
34	22.900	-69.998	
34	23.000	-69.998	
34	23.100	-69.998	
34	23.200	-69.998	
34	23.300	-69.998	
34	23.400	-69.998	
34	23.500	-69.998	
34	23.600	-69.998	
34	23.700	-69.998	
34	23.800	-69.998	
34	23.900	-69.998	
34	24.000	-69.998	
34	24.100	-69.998	
34	24.200	-69.998	
34	24.300	-69.998	
34	24.400	-69.998	
34	24.500	-69.998	
34	24.600	-69.998	
34	24.700	-69.998	
34	24.800	-69.998	
34	24.900	-69.998	
34	25.000	-69.998	
34	25.100	-69.998	
34	25.200	-69.998	
34	25.300	-69.998	
34	25.400	-69.998	
34	25.500	-69.998	
34	25.600	-69.998	
34	25.700	-69.998	
34	25.800	-69.998	
34	25.900	-69.998	
34	26.000	-69.998	
34	26.100	-69.998	
34	26.200	-69.998	
34	26.300	-69.998	
34	26.400	-69.998	
34	26.500	-69.998	
34	26.600	-69.998	
34	26.700	-69.998	
34	26.800	-69.998	
34	26.900	-69.998	
34	27.000	-69.998	
34	27.100	-69.998	
34	27.200	-69.998	
34	27.300	-69.998	
34	27.400	-69.998	
34	27.500	-69.998	
34	27.600	-69.998	
34	27.700	-69.998	
34	27.800	-69.998	
34	27.900	-69.998	
34	28.000	-69.998	
34	28.100	-69.998	
34	28.200	-69.998	
34	28.300	-69.998	
34	28.400	-69.998	
34	28.500	-69.998	
34	28.600	-69.998	
34	28.700	-69.998	
34	28.800	-69.998	
34	28.900	-69.998	
34	29.000	-69.998	
34	29.100	-69.998	
34	29.200	-69.998	
34	29.300	-69.998	
34	29.400	-69.998	
34	29.500	-69.998	
34	29.600	-69.998	
34	29.700	-69.998	
34	29.800	-69.998	
34	29.900	-69.998	
34	30.000	-69.998	
34	30.100	-69.998	
34	30.200	-69.998	
34	30.300	-69.998	
34	30.400	-69.998	
34	30.500	-69.998	
34	30.600	-69.998	
34	30.700	-69.998	
34	30.800	-69.998	
34	30.900	-69.998	
34	31.000	-69.998	
34	31.100	-69.998	
34	31.200	-69.998	
34	31.300	-69.998	
34	31.400	-69.998	
34	31.500	-69.998	
34	31.600	-69.998	
34	31.700	-69.998	
34	31.800	-69.998	
34	31.900	-69.998	
34	32.000	-69.998	
34	32.100	-69.998	
34	32.200	-69.998	
34	32.300	-69.998	
34	32.400	-69.998	
34	32.500	-69.998	
34	32.600	-69.998	
34	32.700	-69.998	
34	32.800	-69.998	
34	32.900	-69.998	
34	33.000	-69.998	
34	33.100	-69.998	
34	33.200	-69.998	
34	33.300	-69.998	
34	33.400	-69.998	
34	33.500	-69.998	
34	33.600	-69.998	
34	33.700	-69.998	
34	33.800	-69.998	
34	33.900	-69.998	
34	34.000	-69.998	
34	34.100	-69.998	
34	34.200	-69.998	
34	34.300	-69.998	
34	34.400	-69.998	
34	34.500	-69.998	
34	34.600	-69.998	
34	34.700	-69.998	
34	34.800	-69.998	
34	34.900	-69.998	
34	35.000	-69.998	
34	35.100	-69.998	
34	35.200	-69.998	
34	35.300	-69.998	
34	35.400	-69.998	
34	35.500	-69.998	
34	35.600	-69.998	
34	35.700	-69.998	
34	35.800	-69.998	
34	35.900	-69.998	
34	36.000	-69.998	
34	36.100	-69.998	
34	36.200	-69.998	
34	36.300	-69.998	
34	36.400	-69.998	
34	36.500	-69.998	
34	36.600	-69.998	
34	36.700	-69.998	
34	36.800	-69.998	
34	36.900	-69.998	
34	37.000	-69.998	
34	37.100	-69.998	
34	37.200	-69.998	
34	37.300	-69.998	
34	37.400	-69.998	
34	37.500	-69.998	
34	37.600	-69.998	
34	37.700	-69.998	
34	37.800	-69.998	
34	37.900	-69.998	
34	38.000	-69.998	
34	38.100	-69.998	
34	38.200	-69.998	
34	38.300	-69.998	
34	38.400	-69.998	
34	38.500	-69.998	
34	38.600	-69.998	
34	38.700	-69.998	
34	38.800	-69.998	
34	38.900	-69.998	
34	39.000	-69.998	
34	39.100	-69.998	
34	39.200	-69.998	
34	39.300	-69.998	
34	39.400	-69.998	
34	39.500	-69.998	
34	39.600	-69.998	
34	39.700	-69.998	
34	39.800	-69.998	
34	39.900	-69.998	
34	40.000	-69.998	
34	40.100	-69.998	
34	40.200	-69.998	
34	40.300	-69.998	
34	40.400	-69.998	
34	40.500	-69.998	
34	40.600	-69.998	
34	40.700	-69.998	
34	40.800	-69.998	
34	40.900	-69.998	
34	41.000	-69.998	
34	41.100	-69.998	
34	41.200	-69.998	
34	41.300	-69.998	
34	41.400	-69.998	
34	41.500	-69.998	
34	41.600	-69.998	
34	41.700	-69.998	
34	41.800	-69.998	
34	41.900	-69.998	
34	42.000	-69.998	
34	42.100	-69.998	
34	42.200	-69.998	
34	42.300	-69.998	
34	42.400	-69.998	
34	42.500	-69.998	
34	42.600	-69.998	
34	42.700	-69.998	
34	42.800	-69.998	
34	42.900	-69.998	
34	43.000	-69.998	
34	43.100	-69.998	
34	43.200	-69.998	
34	43.300	-69.998	
34	43.400	-69.998	
34	43.500	-69.998	
34	43.600	-69.998	
34	43.700	-69.998	
34	43.800	-69.998	
34	43.900	-69.998	
34	44.000	-69.998	
34	44.100	-69.998	
34	44.200	-69.998	
34	44.300	-69.998	
34	44.400	-69.998	
34	44.500	-69.998	
34	44.600	-69.998	
34	44.700	-69.998	
34	44.800	-69.998	
34	44.900	-69.998	
34	45.000	-69.998	
34	45.100	-69.998	
34	45.200	-69.998	
34	45.300	-69.998	
34	45.400	-69.998	
34	45.500	-69.998	
34	45.600	-69.998	
34	45.700	-69.998	
34	45.800	-69.998	
34	45.900	-69.998	
34	46.000	-69.998	
34	46.100	-69.998	
34	46.200	-69.998	
34	46.300	-69.998	
34	46.400	-69.998	
34	46.500	-69.998	
34	46.600	-69.998	
34	46.700	-69.998	
34	46.800	-69.998	
34	46.900	-69.998	
34	47.000	-69.998	
34	47.100	-69.998	
34	47.200	-69.998	
34	47.300	-69.998	
34	47.400	-69.998	
34	47.500	-69.998	
34	47.600	-69.998	
34	47.700	-69.998	
34	47.800	-69.998	
34	47.900	-69.998	
34	48.000	-69.998	
34	48.100	-69.998	
34	48.200	-69.998	
34	48.300	-69.998	
34	48.400	-69.998	
34	48.500	-69.998	
34	48.600	-69.998	
34	48.700	-69.998	
34	48.800	-69.998	
34	48.900	-69.998	
34	49.000	-69.998	
34	49.100	-69.998	
34	49.200	-69.998	
34	49.300	-69.998	
34	49.400	-69.998	
34	49.500	-69.998	
34	49.600	-69.998	
34	49.700	-69.998	
34	49.800	-69.998	
34	49.900	-69.998	
34	50.000	-69.998	
34	50.100	-69.998	
34	50.200	-69.998	
34	50.300	-69.998	
34	50.400	-69.998	
34	50.500	-69.998	
34	50.600	-69.998	
34	50.700	-69.998	
34	50.800	-69.998	
34	50.900	-69.998	
34	51.000	-69.998	
34	51.100	-69.998	
34	51.200	-69.998	
34	51.300	-69.998	
34	51.400	-69.998	
34	51.500	-69.998	
34	51.600	-69.998	
34	51.700	-69.998	
34	51.800	-69.998	
34	51.900	-69.998	
34	52.000	-69.998	
34	52.100	-69.998	
34	52.200	-69.998	
34	52.300	-69.998	
34	52.400	-69.998	
34	52.500	-69.998	
34	52.600	-69.998	
34	52.700	-69.998	
34	52.800	-69.998	
34	52.900	-69.998	
34	53.000	-69.998	
34	53.100	-69.998	
34	53.200	-69.998	
34	53.300	-69.998	
34	53.400	-69.998	
34	53.500	-69.998	
34	53.600	-69.998	
34	53.700	-69.998	
34	53.800	-69.998	
34	53.900	-69.998	
34	54.000	-69.998	
34	54.100	-69.998	
34	54.200	-69.998	
34	54.300	-69.998	
34	54.400	-69.998	
34	54.500	-69.998	
34	54.600	-69.998	
34	54.700	-69.998	
34	54.800	-69.998	
34	54.900	-69.998	
34	55.000	-69.998	
34	55.100	-69.998	
34	55.200	-69.998	
34	55.300	-69.998	
34	55.400	-69.998	
34	55.500	-69.998	
34	55.600	-69.998	
34	55.700	-69.998	
34	55.800	-69.998	
34	55.900	-69.998	
34	56.000	-69.998	
34	56.100	-69.998	
34	56.200	-69.998	
34	56.300	-69.998	
34	56.400	-69.998	
34	56.500	-69.998	
34	56.600	-69.998	
34	56.700	-69.998	
34	56.800	-69.998	
34	56.900	-69.998	
34	57.000	-69.998	
34	57.100	-69.998	
34	57.200	-69.998	
34	57.300	-69.998	
34	57.400	-69.998	
34	57.500	-69.998	
34	57.600	-69.998	
34	57.700	-69.998	
34	57.800	-69.998	
34	57.900	-69.998	
34	58.000	-69.998	
34	58.100	-69.998	
34	58.200	-69.998	
34	58.300	-69.998	
34	58.400	-69.998	
34	58.500	-69.998	
34	58.600	-69.998	
34	58.700	-69.998	
34	58.800	-69.998	
34	58.900	-69.998	
34	59.000	-69.998	
34	59.100	-69.998	
34	59.200	-69.998	
34	59.300	-69.998	
34	59.400	-69.998	
34	59.500	-69.998	
34	59.600	-69.998	
34	59.700	-69.998	
34	59.800	-69.998	
34	59.900	-69.998	
34	60.000	-69.998	
34	60.100	-69.998	
34	60.200	-69.998	
34	60.300	-69.998	
34	60.400	-69.998	
34	60.500	-69.998	
34	60.600	-69.998	
34	60.700	-69.998	
34	60.800	-69.998	
34	60.900	-69.998	
34	61.000	-69.998	
34	61.100	-69.998	
34	61.200	-69.998	
34	61.300	-69.998	
34	61.400	-69.998	
34	61.500	-69.998	
34	61.600	-69.998	
34	61.700	-69.998	
34	61.800	-69.998	
34	61.900	-69.998	
34	62.000	-69.998	
34	62.100	-69.998	
34	62.200	-69.998	
34	62.300	-69.998	
34	62.400	-69.998	
34	62.500	-69.998	
34	62.600	-69.998	
34	62.700	-69.998	
34	62.800	-69.998	
34	62.900	-69.998	
34	63.000	-69.998	
34	63.100	-69.998	
34	63.200	-69.998	
34	63.300	-69.998	
34	63.400	-69.998	
34	63.500	-69.998	
34	63.600	-69.998	
34	63.700	-69.998	
34	63.800	-69.998	
34	63.900	-69.998	
34	64.000	-69.998	
34	64.100	-69.998	
34	64.200	-69.998	
34	64.300	-69.998	
34	64.400	-69.998	
34	64.500	-69.998	
34	64.600	-69.998	
34	64.700	-69.998	
34	64.800	-69.998	
34	64.900	-69.998	
34	65.000	-69.998	
34	65.100	-69.998	
34	65.200	-69.998	
34	65.300	-69.998	
34	65.400	-69.998	
34	65.500	-69.998	
34	65.600	-69.998	
34	65.700	-69.998	
34	65.800	-69.998	
34	65.900	-69.998	
34	66.000	-69.998	
34	66.100	-69.998	
34	66.200	-69.998	
34	66.300	-69.998	
34	66.400	-69.998	
34	66.500	-69.998	
34	66.600	-69.998	
34	66.700	-69.998	
34	66.800	-69.998	
34	66.900	-69.998	
34	67.000	-69.998	
34	67.100	-69.998	
34	67.200	-69.998	
34	67.300	-69.998	
34	67.400	-69.998	
34	67.500	-69.998	
34	67.600	-69.998	
34	67.700	-69.998	
34	67.800	-69.998	
34	67.900	-69.998	
34	68.000	-69.998	
34	68.100	-69.998	
34	68.200	-69.998	
34	68.300	-69.998	
34	68.400	-69.998	
34	68.500	-69.998	
34	68.600	-69.998	
34	68.700	-69.998	
34	68.800	-69.998	
34	68.900	-69.998	
34	69.000	-69.998	
34	69.100	-69.998	
34	69.200	-69.998	
34	69.300	-69.998	
34	69.400	-69.998	
34	69.500	-69.998	
34	69.600	-69.998	
34	69.700	-69.998	
34	69.800	-69.998	
34	69.900	-69.998	
34	70.000	-69.998	
34	70.100	-69.998	
34	70.200	-69.998	
34	70.300	-69.998	
34	70.400	-69.998	
34	70.500	-69.998	
34	70.600	-69.998	
34	70.700	-69.998	
34	70.800	-69.998	
34	70.900	-69.998	
34	71.000	-69.998	
34	71.100	-69.998	
34	71.200	-69.998	
34	71.300	-69.998	
34	71.400	-69.998	
34	71.500	-69.998	
34	71.600	-69.998	
34	71.700	-69.998	
34	71.800	-69.998	
34	71.900	-69.998	
34	72.000	-69.998	
34	72.100	-69.998	
34	72.200	-69.998	
34	72.300	-69.998	
34	72.400	-69.998	
34	72.500	-69.998	
34	72.600	-69.998	
34	72.700	-69.998	
34	72.800	-69.998	
34	72.900	-69.998	
34	73.000	-69.998	
34	73.100	-69.998	
34	73.200	-69.998	
34	73.300	-69.998	
34	73.400	-69.998	
34	73.500	-69.998	
34	73.600	-69.998	
34	73.700	-69.998	
34	73.800	-69.998	
34	73.900	-69.998	
34	74.000	-69.998	
34	74.100	-69.998	
34	74.200	-69.998	
34	74.300	-69.998	
34	74.400	-69.998	
34	74.500	-69.998	
34	74.600	-69.998	
34	74.700	-69.998	
34	74.800	-69.998	
34	74.900	-69.998	
34	75.000	-69.998	
34	75.100	-69.998	
34	75.200	-69.998	
34	75.300	-69.998	
34	75.400	-69.998	
34	75.500	-69.998	
34	75.600	-69.998	
34	75.700	-69.998	
34	75.800	-69.998	
34	75.900	-69.998	
34	76.000	-69.998	
34	76.100	-69.998	
34	76.200	-69.998	
34	76.300	-69.998	
34	76.400	-69.998	
34	76.500	-69.998	
34	76.600	-69.998	
34	76.700	-69.998	
34	76.800	-69.998	
34	76.900	-69.998	
34	77.000	-69.998	
34	77.100	-69.998	
34	77.200	-69.998	
34	77.300	-69.998	
34	77.400	-69.998	
34	77.500	-69.998	
34	77.600	-69.998	
34	77.700	-69.998	
34	77.800	-69.998	
34	77.900	-69.998	
34	78.000	-69.998	
34	78.100	-69.998	
34	78.200	-69.998	
34	78.300	-69.998	
34	78.400	-69.998	
34	78.500	-69.998	
34	78.600	-69.998	
34	78.700	-69.998	
34	78.800	-69.998	
34	78.900	-69.998	
34	79.000	-69.998	
34	79.100	-69.998	
34	79.200	-69.998	
34	79.300	-69.998	
34	79.400	-69.998	
34	79.500	-69.998	
34	79.600	-69.998	
34	79.700	-69.998	
34	79.800	-69.998	
34	79.900	-69.998	
34	80.000	-69.998	
34	80.100	-69.998	
34	80.200	-69.998	
34	80.300	-69.998	
34	80.400	-69.998	
34	80.500	-69.998	
34	80.600	-69.998	
34	80.700	-69.998	
34	80.800	-69.998	
34	80.900	-69.998	
34	81.000	-69.998	
34	81.100	-69.998	
34	81.200	-69.998	
34	81.300	-69.998	
34	81.400	-69.998	
34	81.500	-69.998	
34	81.600	-69.998	
34	81.700	-69.998	
34	81.800	-69.998	
34	81.900	-69.998	
34	82.000	-69.998	
34	82.100	-69.998	
34	82.200	-69.998	
34	82.300	-69.998	
34	82.400	-69.998	
34	82.500	-69.998	
34	82.600	-69.998	
34	82.700	-69.998	
34	82.800	-69.998	
34	82.900	-69.998	
34	83.000	-69.998	
34	83.100	-69.998	
34	83.200	-69.998	
34	83.300	-69.998	
34	83.400	-69.998	
34	83.500	-69.998	
34	83.600	-69.998	
34	83.700	-69.998	
34	83.800	-69.998	
34	83.900	-69.998	
34	84.000	-69.998	
34	84.100	-69.998	
34	84.200	-69.998	
34	84.300	-69.998	
34	84.400	-69.998	
34	84.500	-69.998	
34	84.600	-69.998	
34	84.700	-69.998	
34	84.800	-69.998	
34	84.900	-69.998	
34	85.000	-69.998	
34	85.100	-69.998	
34	85.200	-69.998	
34	85.300	-69.998	
34	85.400	-69.998	
34	85.500	-69.998	
34	85.600	-69.998	
34	85.700	-69.998	
34	85.800	-69.998	
34	85.900	-69.998	
34	86.000	-69.998	
34	86.100	-69.998	
34	86.200	-69.998	
34	86.300	-69.998	
34	86.400	-69.998	
34	86.500	-69.998	
34	86.600	-69.998	
34	86.700	-69.998	
34	86.800	-69.998	
34	86.900	-69.998	
34	87.000	-69.998	
34	87.100	-69.998	
34	87.200	-69.998	
34	87.300	-69.998	
34	87.400	-69.998	
34	87.500	-69.998	
34	87.600	-69.998	
34	87.700	-69.998	
34	87.800	-69.998	
34	87.900	-69.998	
34	88.000	-69.998	
34	88.100	-69.998	
34	88.200	-69.998	
34	88.300	-69.998	
34	88.400	-69.998	
34	88.500	-69.998	
34	88.600	-69.998	
34	88.700	-69.998	
34	88.800	-69.998	
34	88.900	-69.998	
34	89.000	-69.998	
34	89.100	-69.998	
34	89.200	-69.998	
34	89.300	-69.998	
34	89.400	-69.998	
34	89.500	-69.998	
34	89.600	-69.998	
34	89.700	-69.998	
34	89.800	-69.998	
34	89.900	-69.998	
34	90.000	-69.998	
34	90.100	-69.998	
34	90.200	-69.998	
34	90.300	-69.998	
34	90.400	-69.998	
34	90.500	-69.998	
34	90.600	-69.998	
34	90.700	-69.998	
34	90.800	-69.998	
34	90.900	-69.998	
34	91.000	-69.998	
34	91.100	-69.998	
34	91.200	-69.998	
34	91.300	-69.998	
34	91.400	-69.998	
34	91.500	-69.998	
34	91.600	-69.998	
34	91.700	-69.998	
34	91.800	-69.998	
34	91.900	-69.998	
34	92.000	-69.998	
34	92.100	-69.998	
34	92.200	-69.998	
34	92.300	-69.998	
34	92.400	-69.998	
34	92.500	-69.998	
34	92.600	-69.998	
34	92.700	-69.998	
34	92.800	-69.998	
34	92.900	-69.998	
34	93.000	-69.998	
34	93.100	-69.998	
34	93.200	-69.998	
34	93.300	-69.998	
34	93.400	-69.998	
34	93.500	-69.998	
34	93.600	-69.998	
34	93.700	-69.998	
34	93.800	-69.998	
34	93.900	-69.998	
34	94.000	-69.998	
34	94.100	-69.998	
34	94.200	-69.998	
34	94.300	-69.998	
34	94.400	-69.998	
34	94.500	-69.998	
34	94.600	-69.998	
34	94.700	-69.998	
34	94.800	-69.998	
34	94.900	-69.998	
34	95.000	-69.998	
34	95.100	-69.998	
34	95.200	-69.998	
34	95.300	-69.998	
34	95.400	-69.998	
34	95.500	-69.998	
34	95.600	-69.998	
34	95.700	-69.998	
34	95.800	-69.998	
34	95.900	-69.998	
34	96.000	-69.998	
34	96.100	-69.998	
34	96.200	-69.998	
34	96.300	-69.998	
34	96.400	-69.998	
34	96.500	-69.998	
34	96.600	-69.998	
34	96.700	-69.998	
34	96.800	-69.998	
34	96.900	-69.998	
34	97.000	-69.998	
34	97.100	-69.998	
34	97.200	-69.998	
34	97.300	-69.998	
34	97.400	-69.998	
34	97.500	-69.998	
34	97.600	-69.998	
34	97.700	-69.998	
34	97.800	-69.998	
34	97.900	-69.998	
34	98.000	-69.998	
34	98.100	-69.998	
34	98.200	-69.998	
34	98.300	-69.998	
34	98.400	-69.998	
34	98.500	-69.998	
34	98.600	-69.998	
34	98.700	-69.998	
34	98.800	-69.998	
34	98.900	-69.998	
34	99.000	-69.998	
34	99.100	-69.998	
34	99.200	-69.998	
34	99.300	-69.998	
34	99.400	-69.998	
34	99.500	-69.998	
34	99.600	-69.998	
34	99.700	-69.998	
34	99.800	-69.998	
34	99.900	-69.998	
34	100.000	-69.998	
34	100.100	-69.998	
34	100.200	-69.998	
34	100.300	-69.998	
34	100.400	-69.998	
34	100.500	-69.998	
34	100.600	-69.998	
34	100.700	-69.998	
34	100.800	-69.998	
34	100.900	-69.998	
34	101.000	-69.998	
34	101.100	-69.998	
34	101.200	-69.998	
34	101.300	-69.998	
34	101.400	-69.998	
34	101.500	-69.998	
34	101.600	-69.998	
34	101.700	-69.998	
34	101.800	-69.998	
34	101.900	-69.998	
34	102.000	-69.998	
34	102.100	-69.998	
34	102.200	-69.998	
34	102.300	-69.998	
34	102.400	-69.998	
34	102.500	-69.998	
34	102.600	-69.998	
34	102.700	-69.998	
34	102.800	-69.998	
34	102.900	-69.998	
34	103.000	-69.998	
34	103.100	-69.998	
34	103.200	-69.998	
34	103.300	-69.998	
34	103.400	-69.998	
34	103.500	-69.998	
34	103.600	-69.998	
34	103.700	-69.998	
34	103.800	-69.998	
34	103.900	-69.998	
34	104.000	-69.998	
34	104.100	-69.998	
34	104.200	-69.998	
34	104.300	-69.998	
34	104.400	-69.998	
34	104.500	-69.998	
34	104.600	-69.998	
34	104.700	-69.998	
34	104.800	-69.998	
34	104.900	-69.998	
34	105.000	-69.998	
34	105.100	-69.998	
34	105.200	-69.998	
34	105.300	-69.998	
34	105.400	-69.998	
34	105.500	-69.998	
34	105.600	-69.998	
34	105.700	-69.998	
34	105.800	-69.998	
34	105.900	-69.998	
34	106.000	-69.998	
34	106.100	-69.998	
34	106.200	-69.998	
34	106.300	-69.998	
34	106.400	-69.998	
34	106.500	-69.998	
34	106.600	-69.998	
34	106.700	-69.998	
34	106.800	-69.998	
34	106.900	-69.998	
34	107.000	-69.998	
34	107.100	-69.998	
34	107.200	-69.998	
34	107.300	-69.998	
34	107.400	-69.998	
34	107.500	-69.998	
34	107.600	-69.998	
34	107.700	-69.998	
34	107.800	-69.998	
34	107.900	-69.998	
34	108.000	-69.998	
34	108.100	-69.998	
34	108.200	-69.998	
34	108.300	-69.998	
34	108.400	-69.998	
34	108.500	-69.998	
34	108.600	-69.998	
34	108.700	-69.998	
34	108.800	-69.998	
34	108.900	-69.998	
34	109.000	-69.998	
34	109.100	-69.998	
34	109.200	-69.998	
34	109.300	-69.998	
34	109.400	-69.998	
34	109.500	-69.998	
34	109.600	-69.998	
34	109.700	-69.998	
34	109.800	-69.998	
34	109.900	-69.998	
34	110.000	-69.998	
34	110.100	-69.998	
34	110.200	-69.998	
34	110.300	-69.998	
34	110.400	-69.998	
34	110.500	-69.998	
34	110.600	-69.998	
34	110.700	-69.998	
34	110.800	-69.998	
34	110.900	-69.998	
34	111.000	-69.998	
34	111.100	-69.998	
34	111.200	-69.998	
34	111.300	-69.998	
34	111.400	-69.998	
34	111.500	-69.998	
34	111.600	-69.998	
34	111.700	-69.998	
34	111.800	-69.998	
34	111.900	-69.998	
34	112.000	-69.998	
34	112.100	-69.998	
34	112.200	-69.998	
34	112.300	-69.998	
34	112.400	-69.998	
34	112.500	-69.998	
34	112.600	-69.998	
34	112.700	-69.998	
34	112.800	-69.998	
34	112.900	-69.998	
34	113.000	-69.998	
34	113.100	-69.998	
34	113.200	-69.998	
34	113.300	-69.998	
34	113.400	-69.998	
34	113.500	-69.998	
34	113.600	-69.998	
34	113.700	-69.998	
34	113.800	-69.998	
34	113.900	-69.998	
34	114.000	-69.998	
34	114.100	-69.998	
34	114.200	-69.998	
34	114.300	-69.998	
34	114.400	-69.998	
34	114.500	-69.998	
34	114.600	-69.998	
34	114.700	-69.998	
34	114.800	-69.998	
34	114.900	-69.998	
34	115.000	-69.998	
34	115.100	-69.998	
34	115.200	-69.998	
34	115.300	-69.998	
34	115.400	-69.998	
34	115.500	-69.998	
34	115.600	-69.998	
34	115.700	-69.998	
34	115.800	-69.998	
34	115.900	-69.998	
34	116.000	-69.998	
34	116.100	-69.998	
34	116.200	-69.998	
34	116.300	-69.998	
34	116.400	-69.998	
34	116.500	-69.998	
34	116.600	-69.998	
34	116.700	-69.998	
34	116.800	-69.998	
34	116.900	-69.998	
34	117.000	-69.998	
34	117.100	-69.998	
34	117.200	-69.998	
34	117.300	-69.998	
34	117.400	-69.998	
34	117.500	-69.998	
34	117.600	-69.998	
34	117.700	-69.998	
34	117.800	-69.998	
34	117.900	-69.998	
34	118.000	-69.998	
34	118.100	-69.998	
34	118.200	-69.998	
34	118.300	-69.998	
34	118.400	-69.998	
34	118.500	-69.998	
34	118.600	-69.998	
34	118.700	-69.998	
34	118.800	-69.998	
34	118.900	-69.998	
34	119.000	-69.998	
34	119.100	-69.998	
34	119.200	-69.998	
34	119.300	-69.998	
34	119.400	-69.998	
34	119.500	-69.998	
34	119.600	-69.998	
34	119.700	-69.998	
34	119.800	-69.998	
34	119.900	-69.998	
34	120.000	-69.998	
34	120.100	-69.998	
34	120.200	-69.998	
34	120.300	-69.998	
34	120.400	-69.998	
34	120.500	-69.998	
34	120.600	-69.998	
34	120.700	-69.998	
34	120.800	-69.998	
34	120.900	-69.998	
34	121.000	-69.998	
34	121.100	-69.998	
34	121.200	-69.998	
34	121.300	-69.998	
34	121.400	-69.998	
34	121.500	-69.998	
34	121.600	-69.998	
34	121.700	-69.998	
34	121.800	-69.998	
34	121.900	-69.998	
34	122.000	-69.998	
34	122.100	-69.998	
34	122.200	-69.998	
34	122.300	-69.998	
34	122.400	-69.998	
34	122.500	-69.998	
34	122.600	-69.998	
34	122.700	-69.998	
34	122.800	-69.998	
34	122.900	-69.998	
34	123.000	-69.998	
34	123.100	-69.998	
34	123.200	-69.998	
34	123.300	-69.998	
34	123.400	-69.998	
34	123.500	-69.998	
34	123.600	-69.998	
34	123.700	-69.998	
34	123.800	-69.998	
34	123.900	-69.998	
34	124.000	-69.998	
34	124.100	-69.998	
34	124.200	-69.998	
34	124.300	-69.998	
34	124.400	-69.998	
34	124.500	-69.998	
34	124.600	-69.998	
34	124.700	-69.998	
34	124.800	-69.998	
34	124.900	-69.998	
34	125.000	-69.998	
34	125.100	-69.998	
34	125.200	-69.998	
34	125.300	-69.998	
34	125.400	-69.998	
34	125.500	-69.998	
34	125.600	-69.998	
34	125.700	-69.998	
34	125.800	-69.998	
34	125.900	-69.998	
34	126.000	-69.998	
34	126.100	-69.998	
34	126.200	-69.998	
34	126.300	-69.998	
34	126.400	-69.998	
34	126.500	-69.998	
34	126.600	-69.998	
34	126.700	-69.998	
34	126.800	-69.998	
34	126.900	-69.998	
34	127.000	-69.998	
34	127.100	-69.998	
34	127.200	-69.998	
34	127.300	-69.998	
34	127.400	-69.998	
34	127.500	-69.998	
34	127.600	-69.998	
34	127.700	-69.998	
34	127.800	-69.998	
34	127.900	-69.998	
34	128.000	-69.998	
34	128.100	-69.998	
34	128.200	-69.998	
34	128.300	-69.998	
34	128.400	-69.998	
34	128.500	-69.998	
34	128.600	-69.998	
34	128.700	-69.998	
34	128.800	-69.998	
34	128.900	-69.998	
34	129.000	-69.998	
34	129.100	-69.998	
34	129.200	-69.998	
34	129.300	-69.998	
34	129.400	-69.998	
34	129.500	-69.998	
34	129.600	-69.998	
34	129.700	-69.998	
34	129.800	-69.998	
34	129.900	-69.998	
34	130.000	-69.998	
34	130.100	-69.998	
34	130.200	-69.998	
34	130.300	-69.998	
34	130.400	-69.998	
34	130.500	-69.998	
34	130.600	-69.998	
34	130.700	-69.998	
34	130.800	-69.998	
34	130.900	-69.998	
34	131.000	-69.998	
34	131.100	-69.998	
34	131.200	-69.998	
34	131.300	-69.998	
34	131.400	-69.998	
34	131.500	-69.998	
34	131.600	-69.998	
34	131.700	-69.998	
34	131.800	-69.998	
34	131.900	-69.998	
34	132.000	-69.998	
34	132.100	-69.998	
34	132.200	-69.998	
34	132.300	-69.998	
34	132.400	-69.998	
34	132.500	-69.998	
34	132.600	-69.998	
34	132.700	-69.998	
34	132.800	-69.998	
34	132.900	-69.998	
34	133.000	-69.998	
34	133.100	-69.998	
34	133.200	-69.998	
34	133.300	-69.998	
34	133.400	-69.998	
34	133.500	-69.998	
34	133.600	-69.998	
34	133.700	-69.998	
34	133.800	-69.998	
34	133.900	-69.998	
34	134.000	-69.998	
34	134.100	-69.998	
34	134.200	-69.998	
34	134.300	-69.998	
34	134.400	-69.998	
34	134.500	-69.998	
34	134.600	-69.998	
34	134.700	-69.998	
34	134.800	-69.998	
34	134.900	-69.998	
34	135.000	-69.998	
34	135.100	-69.998	
34	135.200	-69.998	
34	135.300	-69.998	
34	135.400	-69.998	
34	135.500	-69.998	
34	135.600	-69.998	
34	135.700	-69.998	
34	135.800	-69.998	
34	135.900	-69.998	
34	136.000	-69.998	
34	136.100	-69.998	
34	136.200	-69.998	
34	136.300	-69.998	
34	136.400	-69.998	
34	136.500	-69.998	
34	136.600	-69.998	
34	136.700	-69.998	
34	136.800	-69.998	
34	136.900	-69.998	
34	137.000	-69.998	
34	137.100	-69.998	
34	137.200	-69.998	
34	137.300	-69.998	
34	137.400	-69.998	
34	137.500	-69.998	
34	137.600	-69.998	
34	137.700	-69.998	
34	137.800	-69.998	
34	137.900	-69.998	
34	138.000	-69.998	
34	138.100	-69.998	
34	138.200	-69.998	
34	138.300	-69.998	
34	138.400	-69.998	
34	138.500	-69.998	
34	138.600	-69.998	
34	138.700	-69.998	
34	138.800	-69.998	
34	138.900	-69.998	
34	139.000	-69.998	
34	139.100	-69.998	
34	139.200	-69.998	
34	139.300	-69.998	
34	139.400	-69.998	
34	139.500	-69.998	
34	139.600	-69.998	
34	139.700	-69.998	
34	139.800	-69.998	
34	139.900	-69.998	
34	140.000	-69.998	
34	140.100	-69.998	
34	140.200	-69.998	
34	140.300	-69.998	
34	140.400	-69.998	
34	140.500	-69.998	
34	140.600	-69.998	
34	140.700	-69.998	
34	140.800	-69.998	
34	140.900	-69.998	
34	141.000	-69.998	
34	141.100	-69.998	
34	141.200	-69.998	
34	141.300	-69.998	
34	141.400	-69.998	
34	141.500	-69.998	
34	141.600	-69.998	
34	141.700	-69.998	
34	141.800	-69.998	
34	141.900	-69.998	
34	142.000	-69.998	
34	142.100	-69.998	
34	142.200	-69.998	
34	142.300	-69.998	
34	142.400	-69.998	
34	142.500	-69.998	
34	142.600	-69.998	
34	142.700	-69.998	
34	142.800	-69.998	
34	142.900	-69.998	
34	143.000	-69.998	
34	143.100	-69.998	
34	143.200	-69.998	
34	143.300	-69.998	
34	143.400	-69.998	
34	143.500	-69.998	
34	143.600	-69.998	
34	143.700	-69.998	
34	143.800	-69.998	
34	143.900	-69.998	
34	144.000	-69.998	
34	144.100	-69.998	
34	144.200	-69.998	
34	144.300	-69.998	
34	144.400	-69.998	
34	144.500	-69.998	
34	144.600	-69.998	
34	144.700	-69.998	
34	144.800	-69.998	
34	144.900	-69.998	
34	145.000	-69.998	
34	145.100	-69.998	
34	145.200	-69.998	
34	145.300	-69.998	
34	145.400	-69.998	
34	145.500	-69.998	
34	145.600	-69.998	
34	145.700	-69.998	
34	145.800	-69.998	
34	145.900	-69.998	
34	146.000	-69.998	
34	146.100	-69.998	
34	146.200	-69.998	
34	146.300	-69.998	
34	146.400	-69.998	
34	146.500	-69.998	
34	146.600	-69.998	
34	146.700	-69.998	
34	146.800	-69.998	
34	146.900	-69.998	
34	147.000	-69.998	
34	147.100	-69.998	
34	147.200	-69.998	
34	147.300	-69.998	
34	147.400	-69.998	
34	147.500	-69.998	
34	147.600	-69.998	
34	147.700	-69.998	
34	147.800	-69.998	
34	147.900	-69.998	
34	148.000	-69.998	
34	148.100	-69.998	
34	148.200	-69.998	
34	148.300	-69.998	
34	148.400	-69.998	
34	148.500	-69.998	
34	148.600	-69.998	
34	148.700	-69.998	
34	148.800	-69.998	
34	148.900	-69.998	
34	149.000	-69.998	
34	149.100	-69.998	
34	149.200	-69.998	
34	149.300	-69.998	
34	149.400	-69.998	
34	149.500	-69.998	
34	149.600	-69.998	
34	149.700	-69.998	
34	149.800	-69.998	
34	149.900	-69.998	
34	150.000	-69.998	
34	150.100	-69.998	
34	150.200	-69.998	
34	150.300	-69.998	
34	150.400	-69.998	
34	150.500	-69.998	
34	150.600	-69.998	
34	150.700	-69.998	
34	150.800	-69.998	
34	150.900	-69.998	
34	151.000	-69.998	
34	151.100	-69.998	
34	151.200	-69.998	
34	151.300	-69.998	
34	151.400	-69.998	
34	151.500	-69.998	
34	151.600	-69.998	
34	151.700	-69.998	
34	151.800	-69.998	
34	151.900	-69.998	
34	152.000	-69.998	
34	152.100	-69.998	
34	152.200	-69.998	
34	152.300	-69.998	
34	152.400	-69.998	
34	152.500	-69.998	
34	152.600	-69.998	
34	152.700	-69.998	
34	152.800	-69.998	
34	152.900	-69.998	
34	153.000	-69.998	
34	153.100	-69.998	
34	153.200	-69.998	
34	153.300	-69.998	
34	153.400	-69.998	
34	153.500	-69.998	
34	153.600	-69.998	
34	153.700	-69.998	
34	153.800	-69.998	
34	153.900	-69.998	
34	154.000	-69.998	
34	154.100	-69.998	
34	154.200	-69.998	
34	154.300	-69.998	
34	154.400	-69.998	
34	154.500	-69.998	
34	154.600	-69.998	
34	154.700	-69.998	
34	154.800	-69.998	
34	154.900	-69.998	
34	155.000	-69.998	
34	155.100	-69.998	
34	155.200	-69.998	
34	155.300	-69.998	
34	155.400	-69.998	
34	155.500	-69.998	
34	155.600	-69.998	
34	155.700	-69.998	
34	155.800	-69.998	
34	155.900	-69.998	
34	156.000	-69.998	
34	156.100	-69.998	
34	156.200	-69.998	
34	156.300	-69.998	
34	156.400	-69.998	
34	156.500	-69.998	
34	156.600	-69.998	
34	156.700	-69.998	
34	156.800	-69.998	
34	156.900	-69.998	
34	157.000	-69.998	
34	157.100	-69.998	
34	157.200	-69.998	
34	157.300	-69.998	
34	157.400	-69.998	
34	157.500	-69.998	
34	157.600	-69.998	
34	157.700	-69.998	
34	157.800	-69.998	
34	157.900	-69.998	
34	158.000	-69.998	
34	158.100	-69.998	
34	158.200	-69.998	
34	158.300	-69.998	
34	158.400	-69.998	
34	158.500	-69.998	
34	158.600	-69.998	
34	158.700	-69.998	
34	158.800	-69.998	
34	158.900	-69.998	
34	159.000	-69.998	
34	159.100	-69.998	
34	159.200	-69.998	
34	159.300	-69.998	
34	159.400	-69.998	
34	159.500	-69.998	
34	159.600	-69.998	
34	159.700	-69.998	
34	159.800	-69.998	
34	159.900	-69.998	
34	160.000	-69.998	
34	160.100	-69.998	
34	160.200	-69.998	
34	160.300	-69.998	
34	160.400	-69.998	
34	160.500	-69.998	
34	160.600	-69.998	
34	160.700	-69.998	
34	160.800	-69.998	
34	160.900	-69.998	
34	161.000	-69.998	
34	161.100	-69.998	
34	161.200	-69.998	
34	161.300	-69.998	
34	161.400	-69.998	
34	161.500	-69.998	
34	161.600	-69.998	
34	161.700	-69.998	
34	161.800	-69.998	
34	161.900	-69.998	
34	162.000	-69.998	
34	162.100	-69.998	
34	162.200	-69.998	
34	162.300	-69.998	
34	162.400	-69.998	
34	162.500	-69.998	
34	162.600	-69.998	
34	162.700	-69.998	
34	162.800	-69.998	
34	162.900	-69.998	
34	163.000	-69.998	
34	163.100	-69.998	
34	163.200	-69.998	
34	163.300	-69.998	
34	163.400	-69.998	
34	163.500	-69.998	
34	163.600	-69.998	
34	163.700	-69.998	
34	163.800	-69.998	
34	163.900	-69.998	
34	164.000	-69.998	
34	164.100	-69.998	
34	164.200	-69.998	
34	164.300	-69.998	
34	164.400	-69.998	
34	164.500	-69.998	
34	164.600	-69.998	
34	164.700	-69.998	
34	164.800	-69.998	
34	164.900	-69.998	
34	165.000	-69.998	
34	165.100	-69.998	
34	165.200	-69.998	
34	165.300	-69.998	
34	165.400	-69.998	
34	165.500	-69.998	
34	165.600	-69.998	
34	165.700	-69.998	
34	165.800	-69.998	
34	165.900	-69.998	
34	166.000	-69.998	
34	166.100	-69.998	
34	166.200	-69.998	
34	166.300	-69.998	
34	166.400	-69.998	
34	166.500	-69.998	
34	166.600	-69.998	
34	166.700	-69.998	
34	166.800	-69.998	
34	166.900	-69.998	
34	167.000	-69.998	
34	167.100	-69.998	
34	167.200	-69.998	
34	167.300	-69.998	
34	167.400	-69.998	
34	167.500	-69.998	
34	167.600	-69.998	
34	167.700	-69.998	
34	167.800	-69.998	
34	167.900	-69.998	
34	168.000	-69.998	
34	168.100	-69.998	
34	168.200	-69.998	
34	168.300	-69.998	
34	168.400	-69.998	
34	168.500	-69.998	
34	168.600	-69.998	
34	168.700	-69.998	
34	168.800	-69.998	
34	168.900	-69.998	
34	169.000	-69.998	
34	169.100	-69.998	
34	169.200	-69.998	
34	169.300	-69.998	
34	169.400	-69.998	
34	169.500	-69.998	
34	169.600	-69.998	
34	169.700	-69.998	
34	169.800	-69.998	
34	169.900	-69.998	
34	170.000	-69.998	
34	170.100	-69.998	
34	170.200	-69.998	
34	170.300	-69.998	
34	170.400	-69.998	
34	170.500	-69.998	
34	170.600	-69.998	
34	170.700	-69.998	
34	170.800	-69.998	
34	170.900	-69.998	
34	171.000	-69.998	
34	171.100	-69.998	
34	171.200	-69.998	
34	171.300	-69.998	
34	171.400	-69.998	
34	171.500	-69.998	
34	171.600	-69.998	
34	171.700	-69.998	
34	171.800	-69.998	
34	171.900	-69.998	
34	172.000	-69.998	
34	172.100	-69.998	
34	172.200	-69.998	
34	172.300	-69.998	
34	172.400	-69.998	
34	172.500	-69.998	
34	172.600	-69.998	
34	172.700	-69.998	
34	172.800	-69.998	
34	172.900	-69.998	
34	173.000	-69.998	
34	173.100	-69.998	
34	173.200	-69.998	
34	173.300	-69.998	
34	173.400	-69.998	
34	173.500	-69.998	
34	173.600	-69.998	
34	173.700	-69.998	
34	173.800	-69.998	
34	173.900	-69.998	
34	174.000	-69.998	
34	174.100	-69.998	
34	174.200	-69.998	
34	174.300	-69.998	
34	174.400	-69.998	
34	174.500	-69.998	
34	174.600	-69.998	
34	174.700	-69.998	
34	174.800	-69.998	
34	174.900	-69.998	
34	175.000	-69.998	
34	175.100	-69.998	
34	175.200	-69.998	
34	175.300	-69.998	
34	175.400	-69.998	
34	175.500	-69.998	
34	175.600	-69.998	
34	175.700	-69.998	
34	175.800	-69.998	
34	175.900	-69.998	
34	176.000	-69.998	
34	176.100	-69.998	
34	176.200	-69.998	
34	176.300	-69.998	
34	176.400	-69.998	
34	176.500	-69.998	
34	176.600	-69.998	
34	176.700	-69.998	
34	176.800	-69.998	
34	176.900	-69.998	
34	177.000	-69.998	
34	177.100	-69.998	
34	177.200	-69.998	
34	177.300	-69.998	
34	177.400	-69.998	
34	177.500	-69.998	
34	177.600	-69.998	
34	177.700	-69.998	
34	177.800	-69.998	
34	177.900	-69.998	
34	178.000	-69.998	
34	178.100	-69.998	
34	178.200	-69.998	
34	178.300	-69.998	
34	178.400	-69.998	
34	178.500	-69.998	
34	178.600	-69.998	
34	178.700	-69.998	
34	178.800	-69.998	
34	178.900	-69.998	
34	179.000	-69.998	
34	179.100	-69.998	
34	179.200	-69.998	
34	179.300	-69.998	
34	179.400	-69.998	
34	179.500	-69.998	
34	179.600	-69.998	
34	179.700	-69.998	
34	179.800	-69.998	
34	179.900	-69.998	
34	180.000	-69.998	
34	180.100	-69.998	
34	180.200	-69.998	
34	180.300	-69.998	
34	180.400	-69.998	
34	180.500	-69.998	
34	180.600	-69.998	
34	180.700	-69.998	
34	180.800	-69.998	
34	180.900	-69.998	
34	181.000	-69.998	
34	181.100	-69.998	
34	181.200	-69.998	
34	181.300	-69.998	
34	181.400	-69.998	
34	181.500	-69.998	
34	181.600	-69.998	
34	181.700	-69.998	
34	181.800	-69.998	
34	181.900	-69.998	
34	182.000	-69.998	
34	182.100	-69.998	
34	182.200	-69.998	
34	182.300	-69.998	
34	182.400	-69.998	
34	182.500	-69.998	
34	182.600	-69.998	
34	182.700	-69.998	
34	182.800	-69.998	
34	182.900	-69.998	
34	183.000	-69.998	
34	183.100	-69.998	
34	183.200	-69.998	
34	183.300	-69.998	
34	183.400	-69.998	
34	183.500	-69.998	
34	183.600	-69.998	
34	183.700	-69.998	
34	183.800	-69.998	
34	183.900	-69.998	
34	184.000	-69.998	
34	184.100	-69.998	
34	184.200	-69.998	
34	184.300	-69.998	
34	184.400	-69.998	
34	184.500	-69.998	
34	184.600	-69.998	
34	184.700	-69.998	
34	184.800	-69.998	
34	184.900	-69.998	
34	185.000	-69.998	
34	185.100	-69.998	
34	185.200	-69.998	
34	185.300	-69.998	
34	185.400	-69.998	
34	185.500	-69.998	
34	185.600	-69.998	
34	185.700	-69.998	
34	185.800	-69.998	
34	185.900	-69.998	
34	186.000	-69.998	
34	186.100	-69.998	
34	186.200	-69.998	
34	186.300	-69.998	
34	186.400	-69.998	
34	186.500	-69.998	
34	186.600	-69.998	
34	186.700	-69.998	
34	186.800	-69.998	
34	186.900	-69.998	
34	187.000	-69.998	
34	187.100	-69.998	
34	187.200	-69.998	
34	187.300	-69.998	
34	187.400	-69.998	
34	187.500	-69.998	
34	187.600	-69.998	
34	187.700	-69.998	
34	187.800	-69.998	
34	187.900	-69.998	
34	188.000	-69.998	
34	188.100	-69.998	
34	188.200	-69.998	
34	188.300	-69.998	
34	188.400	-69.998	
34	188.500	-69.998	
34	188.600	-69.998	
34	188.700	-69.998	
34	188.800	-69.998	
34	188.900	-69.998	
34	189.000	-69.998	
34	189.100	-69.998	
34	189.200	-69.998	
34	189.300	-69.998	
34	189.400	-69.998	
34	189.500	-69.998	
34	189.600	-69.998	
34	189.700	-69.998	
34	189.800	-69.998	
34	189.900	-69.998	
34	190.000	-69.998	
34	190.100	-69.998	
34	190.200	-69.998	
34	190.300	-69.998	
34	190.400	-69.998	
34	190.500	-69.998	
34	190.600	-69.998	
34	190.700	-69.998	
34	190.800	-69.998	
34	190.900	-69.998	
34	191.000	-69.998	
34	191.100	-69.998	
34	191.200	-69.998	
34	191.300	-69.998	
34	191.400	-69.998	
34	191.500	-69.998	
34	191.600	-69.998	
34	191.700	-69.998	
34	191.800	-69.998	
34	191.900	-69.998	
34	192.000	-69.998	
34	192.100	-69.998	
34	192.200	-69.998	
34	192.300	-69.998	
34	192.400	-69.998	
34	192.500	-69.998	
34	192.600	-69.998	
34	192.700	-69.998	
34	192.800	-69.998	
34	192.900	-69.998	
34	193.000	-69.998	
34	193.100	-69.998	
34	193.200	-69.998	
34	193.300	-69.998	
34	193.400	-69.998	
34	193.500	-69.998	
34	193.600	-69.998	
34	193.700	-69.998	
34	193.800	-69.998	
34	193.900	-69.998	
34	194.000	-69.998	
34	194.100	-69.998	
34	194.200	-69.998	
34	194.300	-69.998	
34	194.400	-69.998	
34	194.500	-69.998	
34	194.600	-69.998	
34	194.700	-69.998	
34	194.800	-69.998	
34	194.900	-69.998	
34	195.000	-69.998	
34	195.100	-69.998	
34	195.200	-69.998	
34	195.300	-69.998	
34	195.400	-69.998	
34	195.500	-69.998	
34	195.600	-69.998	
34	195.700	-69.998	
34	195.800	-69.998	
34	195.900	-69.998	
34	196.000	-69.998	
34	196.100	-69.998	
34	196.200	-69.998	
34	196.300	-69.998	
34	196.400	-69.998	
34	196.500	-69.998	
34	196.600	-69.998	
34	196.700	-69.998	
34	196.800	-69.998	
34	196.900	-69.998	
34	197.000	-69.998	
34	197.100	-69.998	
34	197.200	-69.998	
34	197.300	-69.998	
34	197.400	-69.998	
34	197.500	-69.998	
34	197.600	-69.998	
34	197.700	-69.998	
34	197.800	-69.998	
34	197.900	-69.998	
34	198.000	-69.998	
34	198.100	-69.998	
34	198.200	-69.998	
34	198.300	-69.998	
34	198.400	-69.998	
34	198.500	-69.998	
34	198.600	-69.998	
34	198.700	-69.998	
34	198.800	-69.998	
34	198.900	-69.998	
34	199.000	-69.998	
34	199.100	-69.998	
34	199.200	-69.998	
34	199.300	-69.998	
34	199.400	-69.998	
34	199.500	-69.998	
34	199.600	-69.998	
34	199.700	-69.998	
34	199.800	-69.998	
34	199.900	-69.998	
34	200.000	-69.998	
34	200.100	-69.998	
34	200.200	-69.998	
34	200.300	-69.998	
34	200.400	-69.998	
34	200.500	-69.998	
34	200.600	-69.998	
34	200.700	-69.998	
34	200.800	-69.998	
34	200.900	-69.998	
34	201.000	-69.998	
34	201.100	-69.998	
34	201.200	-69.998	
34	201.300	-69.998	
34	201.400	-69.998	
34	201.500	-69.998	
34	201.600	-69.998	
34	201.700	-69.998	
34	201.800	-69.998	
34	201.900	-69.998	
34	202.000	-69.998	
34	202.100	-69.998	
34	202.200	-69.998	
34	202.300	-69.998	
34	202.400	-69.998	
34	202.500	-69.998	
34	202.600	-69.998	
34	202.700	-69.998	
34	202.800	-69.998	
34	202.900	-69.998	
34	203.000	-69.998	
34	203.100	-69.998	
34	203.200	-69.998	
34	203.300	-69.998	
34	203.400	-69.998	
34	203.500	-69.998	
34	203.600	-69.998	
34	203.700	-69.998	
34	203.800	-69.998	
34	203.900	-69.998	
34	204.000	-69.998	
34	204.100	-69.998	
34	204.200	-69.998	
34	204.300	-69.998	
34	204.400	-69.998	
34	204.500	-69.998	
34	204.600	-69.998	
34	204.700	-69.998	
34	204.800	-69.998	
34	204.900	-69.998	
34	205.000	-69.998	
34	205.100	-69.998	
34	205.200	-69.998	
34	205.300	-69.998	
34	205.400	-69.998	
34	205.500	-69.998	
34	205.600	-69.998	
34	205.700	-69.998	
34	205.800	-69.998	
34	205.900	-69.998	
34	206.000	-69.998	
34	206.100	-69.998	
34	206.200	-69.998	
34	206.300	-69.998	
34	206.400	-69.998	
34	206.500	-69.998	
34	206.600	-69.998	
34	206.700	-69.998	
34	206.800	-69.998	
34	206.900	-69.998	
34	207.000	-69.998	
34	207.100	-69.998	
34	207.200	-69.998	
34	207.300	-69.998	
34	207.400	-69.998	
34	207.500	-69.998	
34	207.600	-69.998	
34	207.700	-69.998	
34	207.800	-69.998	
34	207.900	-69.998	
34	208.000	-69.998	
34	208.100	-69.998	
34	208.200	-69.998	
34	208.300	-69.998	
34	208.400	-69.998	
34	208.500	-69.998	
34	208.600	-69.998	
34	208.700	-69.998	
34	208.800	-69.998	
34	208.900	-69.998	
34	209.000	-69.998	
34	209.100	-69.998	
34	209.200	-69.998	
34	209.300	-69.998	
34	209.400	-69.998	
34	209.500	-69.998	
34	209.600	-69.998	
34	209.700	-69.998	
34	209.800	-69.998	
34	209.900	-69.998	
34	210.000	-69.998	
34	210.100	-69.998	
34	210.200	-69.998	
34	210.300	-69.998	
34	210.400	-69.998	
34	210.500	-69.998	
34	210.600	-69.998	
34	210.700	-69.998	
34	210.800	-69.998	
34	210.900	-69.998	
34	211.000	-69.998	
34	211.100	-69.998	
34	211.200	-69.998	
34	211.300	-69.998	
34	211.400	-69.998	
34	211.500	-69.998	
34	211.600	-69.998	
34	211.700	-69.998	
34	211.800	-69.998	
34	211.900	-69.998	
34	212.000	-69.998	
34	212.100	-69.998	
34	212.200	-69.998	
34	212.300	-69.998	
34	212.400	-69.998	
34	212.500	-69.998	
34	212.600	-69.998	
34	212.700	-69.998	
34	212.800	-69.998	
34	212.900	-69.998	
34	213.000	-69.998	
34	213.100	-69.998	
34	213.200	-69.998	
34	213.300	-69.998	
34	213.400	-69.998	
34	213.500	-69.998	
34	213.600	-69.998	
34	213.700	-69.998	
34	213.800	-69.998	
34	213.900	-69.998	
34	214.000	-69.998	
34	214.100	-69.998	
34	214.200	-69.998	
34	214.300	-69.998	
34	214.400	-69.998	
34	214.500	-69.998	
34	214.600	-69.998	
34	214.700	-69.998	
34	214.800	-69.998	
34	214.900	-69.998	
34	215.000	-69.998	
34	215.100	-69.998	
34	215.200	-69.998	
34	215.300	-69.998	
34	215.400	-69.998	
34	215.500	-69.998	
34	215.600	-69.998	
34	215.700	-69.998	
34	215.800	-69.998	
34	215.900	-69.998	
34	216.000	-69.998	
34	216.100	-69.998	
34	216.200	-69.998	
34	216.300	-69.998	
34	216.400	-69.998	
34	216.500	-69.998	
34	216.600	-69.998	
34	216.700	-69.998	
34	216.800	-69.998	
34	216.900	-69.998	
34	217.000	-69.998	
34	217.100	-69.998	
34	217.200	-69.998	
34	217.300	-69.998	
34	217.400	-69.998	
34	217.500	-69.998	
34	217.600	-69.998	
34	217.700	-69.998	
34	217.800	-69.998	
34	217.900	-69.998	
34	218.000	-69.998	
34	218.100	-69.998	
34	218.200	-69.998	
34	218.300	-69.998	
34	218.400	-69.998	
34	218.500	-69.998	
34	218.600	-69.998	
34	218.700	-69.998	
34	218.800	-69.998	
34	218.900	-69.998	
34	219.000	-69.998	
34	219.100	-69.998	
34	219.200	-69.998	
34	219.300	-69.998	
34	219.400	-69.998	
34	219.500	-69.998	
34	219.600	-69.998	
34	219.700	-69.998	
34	219.800	-69.998	
34	219.900	-69.998	
34	220.000	-69.998	
34	220.100	-69.998	
34	220.200	-69.998	
34	220.300	-69.998	
34	220.400	-69.998	
34	220.500	-69.998	
34	220.600	-69.998	
34	220.700	-69.998	
34	220.800	-69.998	
34	220.900	-69.998	
34	221.000	-69.998	
34	221.100	-69.998	
34	221.200	-69.998	
34	221.300	-69.998	
34	221.400	-69.998	
34	221.500	-69.998	
34	221.600	-69.998	
34	221.700	-69.998	
34	221.800	-69.998	
34	221.900	-69.998	
34	222.000	-69.998	
34	222.100	-69.998	
34	222.200	-69.998	
34	222.300	-69.998	
34	222.400	-69.998	
34	222.500	-69.998	
34	222.600	-69.998	
34	222.700	-69.998	
34	222.800	-69.998	
34	222.900	-69.998	
34	223.000	-69.998	
34	223.100	-69.998	
34	223.200	-69.998	
34	223.300	-69.998	
34	223.400	-69.998	
34	223.500	-69.998	
34	223.600	-69.998	
34	223.700	-69.998	
34	223.800	-69.998	
34	223.900	-69.998	
34	224.000	-69.998	
34	224.100	-69.998	
34	224.200	-69.998	
34	224.300	-69.998	
34	224.400	-69.998	
34	224.500	-69.998	
34	224.600	-69.998	
34	224.700	-69.998	
34	224.800	-69.998	
34	224.900	-69.998	
34	225.000	-69.998	
34	225.100	-69.998	
34	225.200	-69.998	
34	225.300	-69.998	
34	225.400	-69.998	
34	225.500	-69.998	
34	225.600	-69.998	
34	225.700	-69.998	
34	225.800	-69.998	
34	225.900	-69.998	
34	226.000	-69.998	
34	226.100	-69.998	
34	226.200	-69.998	
34	226.300	-69.998	
34	226.400	-69.998	
34	226.500	-69.998	
34	226.600	-69.998	
34	226.700	-69.998	
34	226.800	-69.998	
34	226.900	-69.998	
34	227.000	-69.998	
34	227.100	-69.998	
34	227.200	-69.998	
34	227.300	-69.998	
34	227.400	-69.998	
34	227.500	-69.998	
34	227.600	-69.998	
34	227.700	-69.998	
34	227.800	-69.998	
34	227.900	-69.998	
34	228.000	-69.998	
34	228.100	-69.998	
34	228.200	-69.998	
34	228.300	-69.998	
34	228.400	-69.998	
34	228.500	-69.998	
34	228.600	-69.998	
34	228.700	-69.998	
34	228.800	-69.998	
34	228.900	-69.998	
34	229.000	-69.998	
34	229.100	-69.998	
34	229.200	-69.998	
34	229.300	-69.998	
34	229.400	-69.998	
34	229.500	-69.998	
34	229.600	-69.998	
34	229.700	-69.998	
34	229.800	-69.998	
34	229.900	-69.998	
34	230.000	-69.998	
34	230.100	-69.998	
34	230.200	-69.998	
34	230.300	-69.998	
34	230.400	-69.998	
34	230.500	-69.998	
34	230.600	-69.998	
34	230.700	-69.998	
34	230.800	-69.998	
34	230.900	-69.998	
34	231.000	-69.998	
34	231.100	-69.998	
34	231.200	-69.998	
34	231.300	-69.998	
34	231.400	-69.998	
34	231.500	-69.998	
34	231.600	-69.998	
34	231.700	-69.998	
34	231.800	-69.998	
34	231.900	-69.998	
34	232.000	-69.998	
34	232.100	-69.998	
34	232.200	-69.998	
34	232.300	-69.998	
34	232.400	-69.998	
34	232.500	-69.998	
34	232.600	-69.998	
34	232.700	-69.998	
34	232.800	-69.998	
34	232.900	-69.998	
34	233.000	-69.998	
34	233.100	-69.998	
34	233.200	-69.998	
34	233.300	-69.998	
34	233.400	-69.998	
34	233.500	-69.998	
34	233.600	-69.998	
34	233.700	-69.998	
34	233.800	-69.998	
34	233.900	-69.998	
34	234.000	-69.998	
34	234.100	-69.998	
34	234.200	-69.998	
34	234.300	-69.998	
34	234.400	-69.998	
34	234.500	-69.998	
34	234.600	-69.998	
34	234.700	-69.998	
34	234.800	-69.998	
34	234.900	-69.998	
34	235.000	-69.998	
34	235.100	-69.998	
34	235.200	-69.998	
34	235.300	-69.998	
34	235.400	-69.998	
34	235.500	-69.998	
34	235.600	-69.998	
34	235.700	-69.998	
34	235.800	-69.998	
34	235.900	-69.998	
34	236.000	-69.998	
34	236.100	-69.998	
34	236.200	-69.998	
34	236.300	-69.998	
34	236.400	-69.998	
34	236.500	-69.998	
34	236.600	-69.998	
34	236.700	-69.998	
34	236.800	-69.998	
34	236.900	-69.998	
34	237.000	-69.998	
34	237.100	-69.998	
34	237.200	-69.998	
34	237.300	-69.998	
34	237.400	-69.998	
34	237.500	-69.998	
34	237.600	-69.998	
34	237.700	-69.998	
34	237.800	-69.998	
34	237.900	-69.998	
34	238.000	-69.998	
34	238.100	-69.998	
34	238.200	-69.998	
34	238.300	-69.998	
34	238.400	-69.998	
34	238.500	-69.998	
34	238.600	-69.998	
34	238.700	-69.998	
34	238.800	-69.998	
34	238.900	-69.998	
34	239.000	-69.998	
34	239.100	-69.998	
34	239.200	-69.998	
34	239.300	-69.998	
34	239.400	-69.998	
34	239.500	-69.998	
34	239.600	-69.998	
34	239.700	-69.998	
34	239.800	-69.998	
34	239.900	-69.998	
34	240.000	-69.998	
34	240.100	-69.998	
34	240.200	-69.998	
34	240.300	-69.998	
34	240.400	-69.998	
34	240.500	-69.998	
34	240.600	-69.998	
34	240.700	-69.998	
34	240.800	-69.998	
34	240.900	-69.998	
34	241.000	-69.998	
34	241.100	-69.998	
34	241.200	-69.998	
34	241.300	-69.998	
34	241.400	-69.998	
34	241.500	-69.998	
34	241.600	-69.998	
34	241.700	-69.998	
34	241.800	-69.998	
34	241.900	-69.998	
34	242.000	-69.998	
34	242.100	-69.998	
34	242.200	-69.998	
34	242.300	-69.998	
34	242.400	-69.998	
34	242.500	-69.998	
34	242.600	-69.998	
34	242.700	-69.998	
34	242.800	-69.998	
34	242.900	-69.998	
34	243.000	-69.998	
34	243.100	-69.998	
34	243.200	-69.998	
34	243.300	-69.998	
34	243.400	-69.998	
34	243.500	-69.998	
34	243.600	-69.998	
34	243.700	-69.998	
34	243.800	-69.998	
34	243.900	-69.998	
34	244.000	-69.998	
34	244.100	-69.998	
34	244.200	-69.998	
34	244.300	-69.998	
34	244.400	-69.998	
34	244.500	-69.998	
34	244.600	-69.998	
34	244.700	-69.998	
34	244.800	-69.998	
34	244.900	-69.998	
34	245.000	-69.998	
34	245.100	-69.998	
34	245.200	-69.998	
34	245.300	-69.998	
34	245.400	-69.998	
34	245.500	-69.998	
34	245.600	-69.998	
34	245.700	-69.998	
34	245.800	-69.998	
34	245.900	-69.998	
34	246.000	-69.998	
34	246.100	-69.998	
34	246.200	-69.998	
34	246.300	-69.998	
34	246.400	-69.998	
34	246.500	-69.998	
34	246.600	-69.998	
34	246.700	-69.998	
34	246.800	-69.998	
34	246.900	-69.998	
34	247.000	-69.998	
34	247.100	-69.998	
34	247.200	-69.998	
34	247.300	-69.998	
34	247.400	-69.998	
34	247.500	-69.998	
34	247.600	-69.998	
34	247.700	-69.998	
34	247.800	-69.998	
34	247.900	-69.998	
34	248.000	-69.998	
34	248.100	-69.998	
34	248.200	-69.998	
34	248.300	-69.998	
34	248.400	-69.998	
34	248.500	-69.998	
34	248.600	-69.998	
34	248.700	-69.998	
34	248.800	-69.998	
34	248.900	-69.998	
34	249.000	-69.998	
34	249.100	-69.998	
34	249.200	-69.998	
34	249.300	-69.998	
34	249.400	-69.998	
34	249.500	-69.998	
34	249.600	-69.998	
34	249.700	-69.998	
34	249.800	-69.998	
34	249.900	-69.998	
34	250.000	-69.998	
34	250.100	-69.998	
34	250.200	-69.998	
34	250.300	-69.998	
34	250.400	-69.998	
34	250.500	-69.998	
34	250.600	-69.998	
34	250.700	-69.998	
34	250.800	-69.998	
34	250.900	-69.998	
34	251.000	-69.998	
34	251.100	-69.998	
34	251.200	-69.998	
34	251.300	-69.998	
34	251.400	-69.998	
34	251.500	-69.998	
34	251.600	-69.998	
34	251.700	-69.998	
34	251.800	-69.998	
34	251.900	-69.998	
34	252.000	-69.998	
34	252.100	-69.998	
34	252.200	-69.998	
34	252.300	-69.998	
34	252.400	-69.998	
34	252.500	-69.998	
34	252.600	-69.998	
34	252.700	-69.998	
34	252.800	-69.998	
34	252.900	-69.998	
34	253.000	-69.998	
34	253.100	-69.998	
34	253.200	-69.998	
34	253.300	-69.998	
34	253.400	-69.998	
34	253.500	-69.998	
34	253.600	-69.998	
34	253.700	-69.998	
34	253.800	-69.998	
34	253.900	-69.998	
34	254.000	-69.998	
34	254.100	-69.998	
34	254.200	-69.998	
34	254.300	-69.998	
34	254.400	-69.998	
34	254.500	-69.998	
34	254.600	-69.998	
34	254.700	-69.998	
34	254.800	-69.998	
34	254.900	-69.998	
34	255.000	-69.998	
34	255.100	-69.998	
34	255.200	-69.998	
34	255.300	-69.998	
34	255.400	-69.998	
34	255.500	-69.998	
34	255.600	-69.998	
34	255.700	-69.998	
34	255.800	-69.998	
34	255.900	-69.998	
34	256.000	-69.998	
34	256.100	-69.998	
34	256.200	-69.998	
34	256.300	-69.998	
34	256.400	-69.998	
34	256.500	-69.998	
34	256.600	-69.998	
34	256.700	-69.998	
34	256.800	-69.998	
34	256.900	-69.998	
34	257.000	-69.998	
34	257.100	-69.998	
34	257.200	-69.998	
34	257.300	-69.998	
34	257.400	-69.998	
34	257.500	-69.998	
34	257.600	-69.998	
34	257.700	-69.998	
34	257.800	-69.998	
34	257.900	-69.998	
34	258.000	-69.998	
34	258.100	-69.998	
34	258.200	-69.998	
34	258.300	-69.998	
34	258.400	-69.998	
34	258.500	-69.998	
34	258.600	-69.998	
34	258.700	-69.998	
34	258.800	-69.998	
34	258.900	-69.998	
34	259.000	-69.998	
34	259.100	-69.998	
34	259.200	-69.998	
34	259.300	-69.998	
34	259.400	-69.998	
34	259.500	-69.998	
34	259.600	-69.998	
34	259.700	-69.998	
34	259.800	-69.998	
34	259.900	-69.998	
34	260.000	-69.998	
34	260.100	-69.998	
34	260.200	-69.998	
34	260.300	-69.998	
34	260.400	-69.998	
34	260.500	-69.998	
34	260.600	-69.998	
34	260.700	-69.998	
34	260.800	-69.998	
34	260.900	-69.998	
34	261.000	-69.998	
34	261.100	-69.998	
34	261.200	-69.998	
34	261.300	-69.998	
34	261.400	-69.998	
34	261.500	-69.998	
34	261.600	-69.998	
34	261.700	-69.998	
34	261.800	-69.998	
34	261.900	-69.998	
34	262.000	-69.998	
34	262.100	-69.998	
34	262.200	-69.998	
34	262.300	-69.998	
34	262.400	-69.998	
34	262.500	-69.998	
34	262.600	-69.998	
34	262.700	-69.998	
34	262.800	-69.998	
34	262.900	-69.998	
34	263.000	-69.998	
34	263.100	-69.998	
34	263.200	-69.998	
34	263.300	-69.998	
34	263.400	-69.998	
34	263.500	-69.998	
34	263.600	-69.998	
34	263.700	-69.998	
34	263.800	-69.998	
34	263.900	-69.998	
34	264.000	-69.998	
34	264.100	-69.998	
34	264.200	-69.998	
34	264.300	-69.998	
34	264.400	-69.998	
34	264.500	-69.998	
34	264.600	-69.998	
34	264.700	-69.998	
34	264.800	-69.998	
34	264.900	-69.998	
34	265.000	-69.998	
34	265.100	-69.998	
34	265.200	-69.998	
34	265.300	-69.998	
34	265.400	-69.998	
34	265.500	-69.998	
34	265.600	-69.998	
34	265.700	-69.998	
34	265.800	-69.998	
34	265.900	-69.998	
34	266.000	-69.998	
34	266.100	-69.998	
34	266.200	-69.998	
34	266.300	-69.998	
34	266.400	-69.998	
34	266.500	-69.998	
34	266.600	-69.998	
34	266.700	-69.998	
34	266.800	-69.998	
34	266.900	-69.998	
34	267.000	-69.998	
34	267.100	-69.998	
34	267.200	-69.998	
34	267.300	-69.998	
34	267.400	-69.998	
34	267.500	-69.998	
34	267.600	-69.998	
34	267.700	-69.998	
34	267.800	-69.998	
34	267.900	-69.998	
34	268.000	-69.998	
34	268.100	-69.998	
34	268.200	-69.998	
34	268.300	-69.998	
34	268.400	-69.998	
34	268.500	-69.998	
34	268.600	-69.998	
34	268.700	-69.998	
34	268.800	-69.998	
34	268.900	-69.998	
34	269.000	-69.998	
34	269.100	-69.998	
34	269.200	-69.998	
34	269.300	-69.998	
34	269.400	-69.998	
34	269.500	-69.998	
34	269.600	-69.998	
34	269.700	-69.998	
34	269.800	-69.998	
34	269.900	-69.998	
34	270.000	-69.998	
34	270.100	-69.998	
34	270.200	-69.998	
34	270.300	-69.998	
34	270.400	-69.998	
34	270.500	-69.998	
34	270.600	-69.998	
34	270.700	-69.998	
34	270.800	-69.998	
34	270.900	-69.998	
34	271.000	-69.998	
34	271.100	-69.998	
34	271.200	-69.998	
34	271.300	-69.998	
34	271.400	-69.998	
34	271.500	-69.998	
34	271.600	-69.998	
34	271.700	-69.998	
34	271.800	-69.998	
34	271.900	-69.998	
34	272.000	-69.998	
34	272.100	-69.998	
34	272.200	-69.998	
34	272.300	-69.998	
34	272.400	-69.998	
34	272.500	-69.998	
34	272.600	-69.998	
34	272.700	-69.998	
34	272.800	-69.998	
34	272.900	-69.998	
34	273.000	-69.998	
34	273.100	-69.998	
34	273.200	-69.998	
34	273.300	-69.998	
34	273.400	-69.998	
34	273.500	-69.998	
34	273.600	-69.998	
34	273.700	-69.998	
34	273.800	-69.998	
34	273.900	-69.998	
34	274.000	-69.998	
34	274.100	-69.998	
34	274.200	-69.998	
34	274.300	-69.998	
34	274.400	-69.998	
34	274.500	-69.998	
34	274.600	-69.998	
34	274.700	-69.998	
34	274.800	-69.998	
34	274.900	-69.998	
34	275.000	-69.998	
34	275.100	-69.998	
34	275.200	-69.998	
34	275.300	-69.998	
34	275.400	-69.998	
34	275.500	-69.998	
34	275.600	-69.998	
34	275.700	-69.998	
34	275.800	-69.998	
34	275.900	-69.998	
34	276.000	-69.998	
34	276.100	-69.998	
34	276.200	-69.998	
34	276.300	-69.998	
34	276.400	-69.998	
34	276.500	-69.998	
34	276.600	-69.998	
34	276.700	-69.998	
34	276.800	-69.998	
34	276.900	-69.998	
34	277.000	-69.998	
34	277.100	-69.998	
34	277.200	-69.998	
34	277.300	-69.998	
34	277.400	-69.998	
34	277.500	-69.998	
34	277.600	-69.998	
34	277.700	-69.998	
34	277.800	-69.998	
34	277.900	-69.998	
34	278.000	-69.998	
34	278.100	-69.998	
34	278.200	-69.998	
34	278.300	-69.998	
34	278.400	-69.998	
34	278.500	-69.998	
34	278.600	-69.998	
34	278.700	-69.998	
34	278.800	-69.998	
34	278.900	-69.998	
34	279.000	-69.998	
34	279.100	-69.998	
34	279.200	-69.998	
34	279.300	-69.998	
34	279.400	-69.998	
34	279.500	-69.998	
34	279.600	-69.998	
34	279.700	-69.998	
34	279.800	-69.998	
34	279.900	-69.998	
34	280.000	-69.998	
34	280.100	-69.998	
34	280.200	-69.998	
34	280.300	-69.998	
34	280.400	-69.998	
34	280.500	-69.998	
34	280.600	-69.998	
34	280.700	-69.998	
34	280.800	-69.998	
34	280.900	-69.998	
34	281.000	-69.998	
34	281.100	-69.998	
34	281.200	-69.998	
34	281.300	-69.998	
34	281.400	-69.998	
34	281.500	-69.998	
34	281.600	-69.998	
34	281.700	-69.998	
34	281.800	-69.998	
34	281.900	-69.998	
34	282.000	-69.998	
34	282.100	-69.998	
34	282.200	-69.998	
34	282.300	-69.998	
34	282.400	-69.998	
34	282.500	-69.998	
34	282.600	-69.998	
34	282.700	-69.998	
34	282.800	-69.998	
34	282.900	-69.998	
34	283.000	-69.998	
34	283.100	-69.998	
34	283.200	-69.998	
34	283.300	-69.998	
34	283.400	-69.998	
34	283.500	-69.998	
34	283.600	-69.998	
34	283.700	-69.998	
34	283.800	-69.998	
34	283.900	-69.998	
34	284.000	-69.998	
34	284.100	-69.998	
34	284.200	-69.998	
34	284.300	-69.998	
34	284.400	-69.998	
34	284.500	-69.998	
34	284.600	-69.998	
34	284.700	-69.998	
34	284.800	-69.998	
34	284.900	-69.998	
34	285.000	-69.998	
34	285.100	-69.998	
34	285.200	-69.998	
34	285.300	-69.998	
34	285.400	-69.998	
34	285.500	-69.998	
34	285.600	-69.998	
34	285.700	-69.998	
34	285.800	-69.998	
34	285.900	-69.998	
34	286.000	-69.998	
34	286.100	-69.998	
34	286.200	-69.998	
34	286.300	-69.998	
34	286.400	-69.998	
34	286.500	-69.998	
34	286.600	-69.998	
34	286.700	-69.998	
34	286.800	-69.998	
34	286.900	-69.998	
34	287.000	-69.998	
34	287.100	-69.998	
34	287.200	-69.998	
34	287.300	-69.998	
34	287.400	-69.998	
34	287.500	-69.998	
34	287.600	-69.998	
34	287.700	-69.998	
34	287.800	-69.998	
34	287.900	-69.998	
34	288.000	-69.998	
34	288.100	-69.998	
34	288.200	-69.998	
34	288.300	-69.998	
34	288.400	-69.998	
34	288.500	-69.998	
34	288.600	-69.998	
34	288.700	-69.998	
34	288.800	-69.998	
34	288.900	-69.998	
34	289.000	-69.998	
34	289.100	-69.998	
34	289.200	-69.998	
34	289.300	-69.998	
34	289.400	-69.998	
34	289.500	-69.998	
34	289.600	-69.998	
34	289.700	-69.998	
34	289.800	-69.998	
34	289.900	-69.998	
34	290.000	-69.998	
34	290.100	-69.998	
34	290.200	-69.998	
34	290.300	-69.998	
34	290.400	-69.998	
34	290.500	-69.998	
34	290.600	-69.998	
34	290.700	-69.998	
34	290.800	-69.998	
34	290.900	-69.998	
34	291.000	-69.998	
34	291.100	-69.998	
34	291.200	-69.998	
34	291.300	-69.998	
34	291.400	-69.998	
34	291.500	-69.998	
34	291.600	-69.998	
34	291.700	-69.998	
34	291.800	-69.998	
34	291.900	-69.998	
34	292.000	-69.998	
34	292.100	-69.998	
34	292.200	-69.998	
34	292.300	-69.998	
34	292.400	-69.998	
34	292.500	-69.998	
34	292.600	-69.998	
34	292.700	-69.998	
34	292.800	-69.998	
34	292.900	-69.998	
34	293.000	-69.998	
34	293.100	-69.998	
34	293.200	-69.998	
34	293.300	-69.998	
34	293.400	-69.998	
34	293.500	-69.998	
34	293.600	-69.998	
34	293.700	-69.998	
34	293.800	-69.998	
34	293.900	-69.998	
34	294.000	-69.998	
34	294.100	-69.998	
34	294.200	-69.998	
34	294.300	-69.998	
34	294.400	-69.998	
34	294.500	-69.998	
34	294.600	-69.998	
34	294.700	-69.998	
34	294.800	-69.998	
34	294.900	-69.998	
34	295.000	-69.998	
34	295.100	-69.998	
34	295.200	-69.998	
34	295.300	-69.998	
34	295.400	-69.998	
34	295.500	-69.998	
34	295.600	-69.998	
34	295.700	-69.998	
34	295.800	-69.998	
34	295.900	-69.998	
34	296.000	-69.998	
34	296.100	-69.998	
34	296.200	-69.998	
34	296.300	-69.998	
34	296.400	-69.998	
34	296.500	-69.998	
34	296.600	-69.998	
34	296.700	-69.998	
34	296.800	-69.998	
34	296.900	-69.998	
34	297.000	-69.998	
34	297.100	-69.998	
34	297.200	-69.998	
34	297.300	-69.998	
34	297.400	-69.998	
34	297.500	-69.998	
34	297.600	-69.998	
34	297.700	-69.998	
34	297.800	-69.998	
34	297.900	-69.998	
34	298.000	-69.998	
34	298.100	-69.998	
34	298.200	-69.998	
34	298.300	-69.998	
34	298.400	-69.998	
34	298.500	-69.998	
34	298.600	-69.998	
34	298.700	-69.998	
34	298.800	-69.998	
34	298.900	-69.998	
34	299.000	-69.998	
34	299.100	-69.998	
34	299.200	-69.998	
34	299.300	-69.998	
34	299.400	-69.998	
34	299.500	-69.998	
34	299.600	-69.998	
34	299.700	-69.998	
34	299.800	-69.998	
34	299.900	-69.998	
34	300.000	-69.998	
34	300.100	-69.998	
34	300.200	-69.998	
34	300.300	-69.998	
34	300.400	-69.998	
34	300.500	-69.998	
34	300.600	-69.998	
34	300.700	-69.998	
34	300.800	-69.998	
34	300.900	-69.998	
34	301.000	-69.998	
34	301.100	-69.998	
34	301.200	-69.998	
34	301.300	-69.998	
34	301.400	-69.998	
34	301.500	-69.998	
34	301.600	-69.998	
34	301.700	-69.998	
34	301.800	-69.998	
34	301.900	-69.998	
34	302.000	-69.998	
34	302.100	-69.998	
34	302.200	-69.998	
34	302.300	-69.998	
34	302.400	-69.998	
34	302.500	-69.998	
34	302.600	-69.998	
34	302.700	-69.998	
34	302.800	-69.998	
34	302.900	-69.998	
34	303.000	-69.998	
34	303.100	-69.998	
34	303.200	-69.998	
34	303.300	-69.998	
34	303.400	-69.998	
34	303.500	-69.998	
34	303.600	-69.998	
34	303.700	-69.998	
34	303.800	-69.998	
34	303.900	-69.998	
34	304.000	-69.998	
34	304.100	-69.998	
34	304.200	-69.998	
34	304.300	-69.998	
34	304.400	-69.998	
34	304.500	-69.998	
34	304.600	-69.998	
34	304.700	-69.998	
34	304.800	-69.998	
34	304.900	-69.998	
34	305.000	-69.998	
34	305.100	-69.998	
34	305.200	-69.998	
34	305.300	-69.998	
34	305.400	-69.998	
34	305.500	-69.998	
34	305.600	-69.998	
34	305.700	-69.998	
34	305.800	-69.998	
34	305.900	-69.998	
34	306.000	-69.998	
34	306.100	-69.998	
34	306.200	-69.998	
34	306.300	-69.998	
34	306.400	-69.998	
34	306.500	-69.998	
34	306.600	-69.998	
34	306.700	-69.998	
34	306.800	-69.998	
34	306.900	-69.998	
34	307.000	-69.998	
34	307.100	-69.998	
34	307.200	-69.998	
34	307.300	-69.998	
34	307.400	-69.998	
34	307.500	-69.998	
34	307.600	-69.998	
34	307.700	-69.998	
34	307.800	-69.998	
34	307.900	-69.998	
34	308.000	-69.998	
34	308.100	-69.998	
34	308.200	-69.998	
34	308.300	-69.998	
34	308.400	-69.998	
34	308.500	-69.998	
34	308.600	-69.998	
34	308.700	-69.998	
34	308.800	-69.998	
34	308.900	-69.998	
34	309.000	-69.998	
34	309.100	-69.998	
34	309.200	-69.998	
34	309.300	-69.998	
34	309.400	-69.998	
34	309.500	-69.998	
34	309.600	-69.998	
34	309.700	-69.998	
34	309.800	-69.998	
34	309.900	-69.998	
34	310.000	-69.998	
34	310.100	-69.998	
34	310.200	-69.998	
34	310.300	-69.998	
34	310.400	-69.998	
34	310.500	-69.998	
34	310.600	-69.998	
34	310.700	-69.998	
34	310.800	-69.998	
34	310.900	-69.998	
34	311.000	-69.998	
34	311.100	-69.998	
34	311.200	-69.998	
34	311.300	-69.998	
34	311.400	-69.998	
34	311.500	-69.998	
34	311.600	-69.998	
34	311.700	-69.998	
34	311.800	-69.998	
34	311.900	-69.998	
34	312.000	-69.998	
34	312.100	-69.998	
34	312.200	-69.998	
34	312.300	-69.998	
34	312.400	-69.998	
34	312.500	-69.998	
34	312.600	-69.998	
34	312.700	-69.998	
34	312.800	-69.998	
34	312.900	-69.998	
34	313.000	-69.998	
34	313.100	-69.998	
34	313.200	-69.998	
34	313.300	-69.998	
34	313.400	-69.998	
34	313.500	-69.998	
34	313.600	-69.998	
34	313.700	-69.998	
34	313.800	-69.998	
34	313.900	-69.998	
34	314.000	-69.998	
34	314.100	-69.998	
34	314.200	-69.998	
34	314.300	-69.998	
34	314.400	-69.998	
34	314.500	-69.998	
34	314.600	-69.998	
34	314.700	-69.998	
34	314.800	-69.998	
34	314.900	-69.998	
34	315.000	-69.998	
34	315.100	-69.998	
34	315.200	-69.998	
34	315.300	-69.998	
34	315.400	-69.998	
34	315.500	-69.998	
34	315.600	-69.998	
34	315.700	-69.998	
34	315.800	-69.998	
34	315.900	-69.998	
34	316.000	-69.998	
34	316.100	-69.998	
34	316.200	-69.998	
34	316.300	-69.998	
34	316.400	-69.998	
34	316.500	-69.998	
34	316.600	-69.998	
34	316.700	-69.998	
34	316.800	-69.998	
34	316.900	-69.998	
34	317.000	-69.998	
34	317.100	-69.998	
34	317.200	-69.998	
34	317.300	-69.998	
34	317.400	-69.998	
34	317.500	-69.998	
34	317.600	-69.998	
34	317.700	-69.998	
34	317.800	-69.998	
34	317.900	-69.998	
34	318.000	-69.998	
34	318.100	-69.998	
34	318.200	-69.998	
34	318.300	-69.998	
34	318.400	-69.998	
34	318.500	-69.998	
34	318.600	-69.998	
34	318.700	-69.998	
34	318.800	-69.998	
34	318.900	-69.998	
34	319.000	-69.998	
34	319.100	-69.998	
34	319.200	-69.998	
34	319.300	-69.998	
34	319.400	-69.998	
34	319.500	-69.998	
34	319.600	-69.998	
34	319.700	-69.998	
34	319.800	-69.998	
34	319.900	-69.998	
34	320.000	-69.998	
34	320.100	-69.998	
34	320.200	-69.998	
34	320.300	-69.998	
34	320.400	-69.998	
34	320.500	-69.998	
34	320.600	-69.998	
34	320.700	-69.998	
34	320.800	-69.998	
34	320.900	-69.998	
34	321.000	-69.998	
34	321.100	-69.998	
34	321.200	-69.998	
34	321.300	-69.998	
34	321.400	-69.998	
34	321.500	-69.998	
34	321.600	-69.998	
34	321.700	-69.998	
34	321.800	-69.998	
34	321.900	-69.998	
34	322.000	-69.998	
34	322.100	-69.998	
34	322.200	-69.998	
34	322.300	-69.998	
34	322.400	-69.998	
34	322.500	-69.998	
34	322.600	-69.998	
34	322.700	-69.998	
34	322.800	-69.998	
34	322.900	-69.998	
34	323.000	-69.998	
34	323.100	-69.998	
34	323.200	-69.998	
34	323.300	-69.998	
34	323.400	-69.998	
34	323.500	-69.998	
34	323.600	-69.998	
34	323.700	-69.998	
34	323.800	-69.998	
34	323.900	-69.998	
34	324.000	-69.998	
34	324.100	-69.998	
34	324.200	-69.998	
34	324.300	-69.998	
34	324.400	-69.998	
34	324.500	-69.998	
34	324.600	-69.998	
34	324.700	-69.998	
34	324.800	-69.998	
34	324.900	-69.998	
34	325.000	-69.998	
34	325.100	-69.998	
34	325.200	-69.998	
34	325.300	-69.998	
34	325.400	-69.998	
34	325.500	-69.998	
34	325.600	-69.998	
34	325.700	-69.998	
34	325.800	-69.998	
34	325.900	-69.998	
34	326.000	-69.998	
34	326.100	-69.998	
34	326.200	-69.998	
34	326.300	-69.998	
34	326.400	-69.998	
34	326.500	-69.998	
34	326.600	-69.998	
34	326.700	-69.998	
34	326.800	-69.998	
34	326.900	-69.998	
34	327.000	-69.998	
34	327.100	-69.998	
34	327.200	-69.998	
34	327.300	-69.998	
34	327.400	-69.998	
34	327.500	-69.998	
34	327.600	-69.998	
34	327.700	-69.998	
34	327.800	-69.998	
34	327.900	-69.998	
34	328.000	-69.998	
34	328.100	-69.998	
34	328.200	-69.998	
34	328.300	-69.998	
34	328.400	-69.998	
34	328.500	-69.998	
34	328.600	-69.998	
34	328.700	-69.998	
34	328.800	-69.998	
34	328.900	-69.998	
34	329.000	-69.998	
34	329.100	-69.998	
34	329.200	-69.998	
34	329.300	-69.998	
34	329.400	-69.998	
34	329.500	-69.998	
34	329.600	-69.998	
34	329.700	-69.998	
34	329.800	-69.998	
34	329.900	-69.998	
34	330.000	-69.998	
34	330.100	-69.998	
34	330.200	-69.998	
34	330.300	-69.998	
34	330.400	-69.998	
34	330.500	-69.998	
34	330.600	-69.998	
34	330.700	-69.998	
34	330.800	-69.998	
34	330.900	-69.998	
34	331.000	-69.998	
34	331.100	-69.998	
34	331.200	-69.998	
34	331.300	-69.998	
34	331.400	-69.998	
34	331.500	-69.998	
34	331.600	-69.998	
34	331.700	-69.998	
34	331.800	-69.998	
34	331.900	-69.998	
34	332.000	-69.998	
34	332.100	-69.998	
34	332.200	-69.998	
34	332.300	-69.998	
34	332.400	-69.998	
34	332.500	-69.998	
34	332.600	-69.998	
34	332.700	-69.998	
34	332.800	-69.998	
34	332.900	-69.998	
34	333.000	-69.998	
34	333.100	-69.998	
34	333.200	-69.998	
34	333.300	-69.998	
34	333.400	-69.998	
34	333.500	-69.998	
34	333.600	-69.998	
34	333.700	-69.998	
34	333.800	-69.998	
34	333.900	-69.998	
34	334.000	-69.998	
34	334.100	-69.998	
34	334.200	-69.998	
34	334.300	-69.998	
34	334.400	-69.998	
34	334.500	-69.998	
34	334.600	-69.998	
34	334.700	-69.998	
34	334.800	-69.998	
34	334.900	-69.998	
34	335.000	-69.998	
34	335.100	-69.998	
34	335.200	-69.998	
34	335.300	-69.998	
34	335.400	-69.998	
34	335.500	-69.998	
34	335.600	-69.998	
34	335.700	-69.998	
34	335.800	-69.998	
34	335.900	-69.998	
34	336.000	-69.998	
34	336.100	-69.998	
34	336.200	-69.998	
34	336.300	-69.998	
34	336.400	-69.998	
34	336.500	-69.998	
34	336.600	-69.998	
34	336.700	-69.998	
34	336.800	-69.998	
34	336.900	-69.998	
34	337.000	-69.998	
34	337.100	-69.998	
34	337.200	-69.998	
34	337.300	-69.998	
34	337.400	-69.998	
34	337.500	-69.998	
34	337.600	-69.998	
34	337.700	-69.998	
34	337.800	-69.998	
34	337.900	-69.998	
34	338.000	-69.998	
34	338.100	-69.998	
34	338.200	-69.998	
34	338.300	-69.998	
34	338.400	-69.998	
34	338.500	-69.998	
34	338.600	-69.998	
34	338.700	-69.998	
34	338.800	-69.998	
34	338.900	-69.998	
34	339.000	-69.998	
34	339.100	-69.998	
34	339.200	-69.998	
34	339.300	-69.998	
34	339.400	-69.998	
34	339.500	-69.998	
34	339.600	-69.998	
34	339.700	-69.998	
34	339.800	-69.998	
34	339.900	-69.998	
34	340.000	-69.998	
34	340.100	-69.998	
34	340.200	-69.998	
34	340.300	-69.998	
34	340.400	-69.998	
34	340.500	-69.998	
34	340.600	-69.998	
34	340.700	-69.998	
34	340.800	-69.998	
34	340.900	-69.998	
34	341.000	-69.998	
34	341.100	-69.998	
34	341.200	-69.998	
34	341.300	-69.998	
34	341.400	-69.998	
34	341.500	-69.998	
34	341.600	-69.998	
34	341.700	-69.998	
34	341.800	-69.998	
34	341.900	-69.998	
34	342.000	-69.998	
34	342.100	-69.998	
34	342.200	-69.998	
34	342.300	-69.998	
34	342.400	-69.998	
34	342.500	-69.998	
34	342.600	-69.998	
34	342.700	-69.998	
34	342.800	-69.998	
34	342.900	-69.998	
34	343.000	-69.998	
34	343.100	-69.998	
34	343.200	-69.998	
34	343.300	-69.998	
34	343.400	-69.998	
34	343.500	-69.998	
34	343.600	-69.998	
34	343.700	-69.998	
34	343.800	-69.998	
34	343.900	-69.998	
34	344.000	-69.998	
34	344.100	-69.998	
34	344.200	-69.998	
34	344.300	-69.998	
34	344.400	-69.998	
34	344.500	-69.998	
34	344.600	-69.998	
34	344.700	-69.998	
34	344.800	-69.998	
34	344.900	-69.998	
34	345.000	-69.998	
34	345.100	-69.998	
34	345.200	-69.998	
34	345.300	-69.998	
34	345.400	-69.998	
34	345.500	-69.998	
34	345.600	-69.998	
34	345.700	-69.998	
34	345.800	-69.998	
34	345.900	-69.998	
34	346.000	-69.998	
34	346.100	-69.998	
34	346.200	-69.998	
34	346.300	-69.998	
34	346.400	-69.998	
34	346.500	-69.998	
34	346.600	-69.998	
34	346.700	-69.998	
34	346.800	-69.998	
34	346.900	-69.998	
34	347.000	-69.998	
34	347.100	-69.998	
34	347.200	-69.998	
34	347.300	-69.998	
34	347.400	-69.998	
34	347.500	-69.998	
34	347.600	-69.998	
34	347.700	-69.998	
34	347.800	-69.998	
34	347.900	-69.998	
34	348.000	-69.998	
34	348.100	-69.998	
34	348.200	-69.998	
34	348.300	-69.998	
34	348.400	-69.998	
34	348.500	-69.998	
34	348.600	-69.998	
34	348.700	-69.998	
34	348.800	-69.998	
34	348.900	-69.998	
34	349.000	-69.998	
34	349.100	-69.998	
34	349.200	-69.998	
34	349.300	-69.998	
34	349.400	-69.998	
34	349.500	-69.998	
34	349.600	-69.998	
34	349.700	-69.998	
34	349.800	-69.998	
34	349.900	-69.998	
34	350.000	-69.998	
34	350.100	-69.998	
34	350.200	-69.998	
34	350.300	-69.998	
34	350.400	-69.998	
34	350.500	-69.998	
34	350.600	-69.998	
34	350.700	-69.998	
34	350.800	-69.998	
34	350.900	-69.998	
34	351.000	-69.998	
34	351.100	-69.998	
34	351.200	-69.998	
34	351.300	-69.998	
34	351.400	-69.998	
34	351.500	-69.998	
34	351.600	-69.998	
34	351.700	-69.998	
34	351.800	-69.998	
34	351.900	-69.998	
34	352.000	-69.998	
34	352.100	-69.998	
34	352.200	-69.998	
34	352.300	-69.998	
34	352.400	-69.998	
34	352.500	-69.998	
34	352.600	-69.998	
34	352.700	-69.998	
34	352.800	-69.998	
34	352.900	-69.998	
34	353.000	-69.998	
34	353.100	-69.998	
34	353.200	-69.998	
34	353.300	-69.998	
34	353.400	-69.998	
34	353.500	-69.998	
34	353.600	-69.998	
34	353.700	-69.998	
34	353.800	-69.998	
34	353.900	-69.998	
34	354.000	-69.998	
34	354.100	-69.998	
34	354.200	-69.998	
34	354.300	-69.998	
34	354.400	-69.998	
34	354.500	-69.998	
34	354.600	-69.998	
34	354.700	-69.998	
34	354.800	-69.998	
34	354.900	-69.998	
34	355.000	-69.998	
34	355.100	-69.998	
34	355.200	-69.998	
34	355.300	-69.998	
34	355.400	-69.998	
34	355.500	-69.998	
34	355.600	-69.998	
34	355.700	-69.998	
34	355.800	-69.998	
34	355.900	-69.998	
34	356.000	-69.998	
34	356.100	-69.998	
34	356.200	-69.998	
34	356.300	-69.998	
34	356.400	-69.998	
34	356.500	-69.998	
34	356.600	-69.998	
34	356.700	-69.998	
34	356.800	-69.998	
34	356.900	-69.998	
34	357.000	-69.998	
34	357.100	-69.998	
34	357.200	-69.998	
34	357.300	-69.998	
34	357.400	-69.998	
34	357.500	-69.998	
34	357.600	-69.998	
34	357.700	-69.998	
34	357.800	-69.998	
34	357.900	-69.998	
34	358.000	-69.998	
34	358.100	-69.998	
34	358.200	-69.998	
34	358.300	-69.998	
34	358.400	-69.998	
34	358.500	-69.998	
34	358.600	-69.998	
34	358.700	-69.998	
34	358.800	-69.998	
34	358.900	-69.998	
34	359.000	-69.998	
34	359.100	-69.998	
34	359.200	-69.998	
34	359.300	-69.998	
34	359.400	-69.998	
34	359.500	-69.998	
34	359.600	-69.998	
34	359.700	-69.998	
34	359.800	-69.998	
34	359.900	-69.998	
34	360.000	-69.998	
34	360.100	-69.998	
34	360.200	-69.998	
34	360.300	-69.998	
34	360.400	-69.998	
34	360.500	-69.998	
34	360.600	-69.998	
34	360.700	-69.998	
34	360.800	-69.998	
34	360.900	-69.998	
34	361.000	-69.998	
34	361.100	-69.998	
34	361.200	-69.998	
34	361.300	-69.998	
34	361.400	-69.998	
34	361.500	-69.998	
34	361.600	-69.998	
34	361.700	-69.998	
34	361.800	-69.998	
34	361.900	-69.998	
34	362.000	-69.998	
34	362.100	-69.998	
34	362.200	-69.998	
34	362.300	-69.998	
34	362.400	-69.998	
34	362.500	-69.998	
34	362.600	-69.998	
34	362.700	-69.998	
34	362.800	-69.998	
34	362.900	-69.998	
34	363.000	-69.998	
34	363.100	-69.998	
34	363.200	-69.998	
34	363.300	-69.998	
34	363.400	-69.998	
34	363.500	-69.998	
34	363.600	-69.998	
34	363.700	-69.998	
34	363.800	-69.998	
34	363.900	-69.998	
34	364.000	-69.998	
34	364.100	-69.998	
34	364.200	-69.998	
34	364.300	-69.998	
34	364.400	-69.998	
34	364.500	-69.998	
34	364.600	-69.998	
34	364.700	-69.998	
34	364.800	-69.998	
34	364.900	-69.998	
34	365.000	-69.998	
34	365.100	-69.998	
34	365.200	-69.998	
34	365.300	-69.998	
34	365.400	-69.998	
34	365.500	-69.998	
34	365.600	-69.998	
34	365.700	-69.998	
34	365.800	-69.998	
34	365.900	-69.998	
34	366.000	-69.998	
34	366.100	-69.998	
34	366.200	-69.998	
34	366.300	-69.998	
34	366.400	-69.998	
34	366.500	-69.998	
34	366.600	-69.998	
34	366.700	-69.998	
34	366.800	-69.998	
34	366.900	-69.998	
34	367.000	-69.998	
34	367.100	-69.998	
34	367.200	-69.998	
34	367.300	-69.998	
34	367.400	-69.998	
34	367.500	-69.998	
34	367.600	-69.998	
34	367.700	-69.998	
34	367.800	-69.998	
34	367.900	-69.998	
34	368.000	-69.998	
34	368.100	-69.998	
34	368.200	-69.998	
34	368.300	-69.998	
34	368.400	-69.998	
34	368.500	-69.998	
34	368.600	-69.998	
34	368.700	-69.998	
34	368.800	-69.998	
34	368.900	-69.998	
34	369.000	-69.998	
34	369.100	-69.998	
34	369.200	-69.998	
34	369.300	-69.998	
34	369.400	-69.998	
34	369.500	-69.998	
34	369.600	-69.998	
34	369.700	-69.998	
34	369.800	-69.998	
34	369.900	-69.998	
34	370.000	-69.998	
34	370.100	-69.998	
34	370.200	-69.998	
34	370.300	-69.998	
34	370.400	-69.998	
34	370.500	-69.998	
34	370.600	-69.998	
34	370.700	-69.998	
34	370.800	-69.998	
34	370.900	-69.998	
34	371.000	-69.998	
34	371.100	-69.998	
34	371.200	-69.998	
34	371.300	-69.998	
34	371.400	-69.998	
34	371.500	-69.998	
34	371.600	-69.998	
34	371.700	-69.998	
34	371.800	-69.998	
34	371.900	-69.998	
34	372.000	-69.998	
34	372.100	-69.998	
34	372.200	-69.998	
34	372.300	-69.998	
34	372.400	-69.998	
34	372.500	-69.998	
34	372.600	-69.998	
34	372.700	-69.998	
34	372.800	-69.998	
34	372.900	-69.998	
34	373.000	-69.998	
34	373.100	-69.998	
34	373.200	-69.998	
34	373.300	-69.998	
34	373.400	-69.998	
34	373.500	-69.998	
34	373.600	-69.998	
34	373.700	-69.998	
34	373.800	-69.998	
34	373.900	-69.998	
34	374.000	-69.998	
34	374.100	-69.998	
34	374.200	-69.998	
34	374.300	-69.998	
34	374.400	-69.998	
34	374.500	-69.998	
34	374.600	-69.998	
34	374.700	-69.998	
34	374.800	-69.998	
34	374.900	-69.998	
34	375.000	-69.998	
34	375.100	-69.998	
34	375.200	-69.998	
34	375.300	-69.998	
34	375.400	-69.998	
34	375.500	-69.998	
34	375.600	-69.998	
34	375.700	-69.998	
34	375.800	-69.998	
34	375.900	-69.998	
34	376.000	-69.998	
34	376.100	-69.998	
34	376.200	-69.998	
34	376.300	-69.998	
34	376.400	-69.998	
34	376.500	-69.998	
34	376.600	-69.998	
34	376.700	-69.998	
34	376.800	-69.998	
34	376.900	-69.998	
34	377.000	-69.998	
34	377.100	-69.998	
34	377.200	-69.998	
34	377.300	-69.998	
34	377.400	-69.998	
34	377.500	-69.998	
34	377.600	-69.998	
34	377.700	-69.998	
34	377.800	-69.998	
34	377.900	-69.998	
34	378.000	-69.998	
34	378.100	-69.998	
34	378.200	-69.998	
34	378.300	-69.998	
34	378.400	-69.998	
34	378.500	-69.998	
34	378.600	-69.998	
34	378.700	-69.998	
34	378.800	-69.998	
34	378.900	-69.998	
34	379.000	-69.998	
34	379.100	-69.998	
34	379.200	-69.998	
34	379.300	-69.998	
34	379.400	-69.998	
34	379.500	-69.998	
34	379.600	-69.998	
34	379.700	-69.998	
34	379.800	-69.998	
34	379.900	-69.998	
34	380.000	-69.998	
34	380.100	-69.998	
34	380.200	-69.998	
34	380.300	-69.998	
34	380.400	-69.998	
34	380.500	-69.998	
34	380.600	-69.998	
34	380.700	-69.998	
34	380.800	-69.998	
34	380.900	-69.998	
34	381.000	-69.998	
34	381.100	-69.998	
34	381.200	-69.998	
34	381.300	-69.998	
34	381.400	-69.998	
34	381.500	-69.998	
34	381.600	-69.998	
34	381.700	-69.998	
34	381.800	-69.998	
34	381.900	-69.998	
34	382.000	-69.998	
34	382.100	-69.998	
34	382.200	-69.998	
34	382.300	-69.998	
34	382.400	-69.998	
34	382.500	-69.998	
34	382.600	-69.998	
34	382.700	-69.998	
34	382.800	-69.998	
34	382.900	-69.998	
34	383.000	-69.998	
34	383.100	-69.998	
34	383.200	-69.998	
34	383.300	-69.998	
34	383.400	-69.998	
34	383.500	-69.998	
34	383.600	-69.998	
34	383.700	-69.998	
34	383.800	-69.998	
34	383.900	-69.998	
34	384.000	-69.998	
34	384.100	-69.998	
34	384.200	-69.998	
34	384.300	-69.998	
34	384.400	-69.998	
34	384.500	-69.998	
34	384.600	-69.998	
34	384.700	-69.998	
34	384.800	-69.998	
34	384.900	-69.998	
34	385.000	-69.998	
34	385.100	-69.998	
34	385.200	-69.998	
34	385.300	-69.998	
34	385.400	-69.998	
34	385.500	-69.998	
34	385.600	-69.998	
34	385.700	-69.998	
34	385.800	-69.998	
34	385.900	-69.998	
34	386.000	-69.998	
34	386.100	-69.998	
34	386.200	-69.998	
34	386.300	-69.998	
34	386.400	-69.998	
34	386.500	-69.998	
34	386.600	-69.998	
34	386.700	-69.998	
34	386.800	-69.998	
34	386.900	-69.998	
34	387.000	-69.998	
34	387.100	-69.998	
34	387.200	-69.998	
34	387.300	-69.998	
34	387.400	-69.998	
34	387.500	-69.998	
34	387.600	-69.998	
34	387.700	-69.998	
34	387.800	-69.998	
34	387.900	-69.998	
34	388.000	-69.998	
34	388.100	-69.998	
34	388.200	-69.998	
34	388.300	-69.998	
34	388.400	-69.998	
34	388.500	-69.998	
34	388.600	-69.998	
34	388.700	-69.998	
34	388.800	-69.998	
34	388.900	-69.998	
34	389.000	-69.998	
34	389.100	-69.998	
34	389.200	-69.998	
34	389.300	-69.998	
34	389.400	-69.998	
34	389.500	-69.998	
34	389.600	-69.998	
34	389.700	-69.998	
34	389.800	-69.998	
34	389.900	-69.998	
34	390.000	-69.998	
34	390.100	-69.998	
34	390.200	-69.998	
34	390.300	-69.998	
34	390.400	-69.998	
34	390.500	-69.998	
34	390.600	-69.998	
34	390.700	-69.998	
34	390.800	-69.998	
34	390.900	-69.998	
34	391.000	-69.998	
34	391.100	-69.998	
34	391.200	-69.998	
34	391.300	-69.998	
34	391.400	-69.998	
34	391.500	-69.998	
34	391.600	-69.998	
34	391.700	-69.998	
34	391.800	-69.998	
34	391.900	-69.998	
34	392.000	-69.998	
34	392.100	-69.998	
34	392.200	-69.998	
34	392.300	-69.998	
34	392.400	-69.998	
34	392.500	-69.998	
34	392.600	-69.998	
34	392.700	-69.998	
34	392.800	-69.998	
34	392.900	-69.998	
34	393.000	-69.998	
34	393.100	-69.998	
34	393.200	-69.998	
34	393.300	-69.998	
34	393.400	-69.998	
34	393.500	-69.998	
34	393.600	-69.998	
34	393.700	-69.998	
34	393.800	-69.998	
34	393.900	-69.998	
34	394.000	-69.998	
34	394.100	-69.998	
34	394.200	-69.998	
34	394.300	-69.998	
34	394.400	-69.998	
34	394.500	-69.998	
34	394.600	-69.998	
34	394.700	-69.998	
34	394.800	-69.998	
34	394.900	-69.998	
34	395.000	-69.998	
34	395.100	-69.998	
34	395.200	-69.998	
34	395.300	-69.998	
34	395.400	-69.998	
34	395.500	-69.998	
34	395.600	-69.998	
34	395.700	-69.998	
34	395.800	-69.998	
34	395.900	-69.998	
34	396.000	-69.998	
34	396.100	-69.998	
34	396.200	-69.998	
34	396.300	-69.998	
34	396.400	-69.998	
34	396.500	-69.998	
34	396.600	-69.998	
34	396.700	-69.998	
34	396.800	-69.998	
34	396.900	-69.998	
34	397.000	-69.998	
34	397.100	-69.998	
34	397.200	-69.998	
34	397.300	-69.998	
34	397.400	-69.998	
34	397.500	-69.998	
34	397.600	-69.998	
34	397.700	-69.998	
34	397.800	-69.998	
34	397.900	-69.998	
34	398.000	-69.998	
34	398.100	-69.998	
34	398.200	-69.998	
34	398.300	-69.998	
34	398.400	-69.998	
34	398.500	-69.998	
34	398.600	-69.998	
34	398.700	-69.998	
34	398.800	-69.998	
34	398.900	-69.998	
34	399.000	-69.998	
34	399.100	-69.998	
34	399.200	-69.998	
34	399.300	-69.998	
34	399.400	-69.998	
34	399.500	-69.998	
34	399.600	-69.998	
34	399.700	-69.998	
34	399.800	-69.998	
34	399.900	-69.998	
34	400.000	-69.998	
34	400.100	-69.998	
34	400.200	-69.998	
34	400.300	-69.998	
34	400.400	-69.998	
34	400.500	-69.998	
34	400.600	-69.998	
34	400.700	-69.998	
34	400.800	-69.998	
34	400.900	-69.998	
34	401.000	-69.998	
34	401.100	-69.998	
34	401.200	-69.998	
34	401.300	-69.998	
34	401.400	-69.998	
34	401.500	-69.998	
34	401.600	-69.998	
34	401.700	-69.998	
34	401.800	-69.998	
34	401.900	-69.998	
34	402.000	-69.998	
34	402.100	-69.998	
34	402.200	-69.998	
34	402.300	-69.998	
34	402.400	-69.998	
34	402.500	-69.998	
34	402.600	-69.998	
34	402.700	-69.998	
34	402.800	-69.998	
34	402.900	-69.998	
34	403.000	-69.998	
34	403.100	-69.998	
34	403.200	-69.998	
34	403.300	-69.998	
34	403.400	-69.998	
34	403.500	-69.998	
34	403.600	-69.998	
34	403.700	-69.998	
34	403.800	-69.998	
34	403.900	-69.998	
34	404.000	-69.998	
34	404.100	-69.998	
34	404.200	-69.998	
34	404.300	-69.998	
34	404.400	-69.998	
34	404.500	-69.998	
34	404.600	-69.998	
34	404.700	-69.998	
34	404.800	-69.998	
34	404.900	-69.998	
34	405.000	-69.998	
34	405.100	-69.998	
34	405.200	-69.998	
34	405.300	-69.998	
34	405.400	-69.998	
34	405.500	-69.998	
34	405.600	-69.998	
34	405.700	-69.998	
34	405.800	-69.998	
34	405.900	-69.998	
34	406.000	-69.998	
34	406.100	-69.998	
34	406.200	-69.998	
34	406.300	-69.998	
34	406.400	-69.998	
34	406.500	-69.998	
34	406.600	-69.998	
34	406.700	-69.998	
34	406.800	-69.998	
34	406.900	-69.998	
34	407.000	-69.998	
34	407.100	-69.998	
34	407.200	-69.998	
34	407.300	-69.998	
34	407.400	-69.998	
34	407.500	-69.998	
34	407.600	-69.998	
34	407.700	-69.998	
34	407.800	-69.998	
34	407.900	-69.998	
34	408.000	-69.998	
34	408.100	-69.998	
34	408.200	-69.998	
34	408.300	-69.998	
34	408.400	-69.998	
34	408.500	-69.998	
34	408.600	-69.998	
34	408.700	-69.998	
34	408.800	-69.998	
34	408.900	-69.998	
34	409.000	-69.998	
34	409.100	-69.998	
34	409.200	-69.998	
34	409.300	-69.998	
34	409.400	-69.998	
34	409.500	-69.998	
34	409.600	-69.998	
34	409.700	-69.998	
34	409.800	-69.998	
34	409.900	-69.998	
34	410.000	-69.998	
34	410.100	-69.998	
34	410.200	-69.998	
34	410.300	-69.998	
34	410.400	-69.998	
34	410.500	-69.998	
34	410.600	-69.998	
34	410.700	-69.998	
34	410.800	-69.998	
34	410.900	-69.998	
34	411.000	-69.998	
34	411.100	-69.998	
34	411.200	-69.998	
34	411.300	-69.998	
34	411.400	-69.998	
34	411.500	-69.998	
34	411.600	-69.998	
34	411.700	-69.998	
34	411.800	-69.998	
34	411.900	-69.998	
34	412.000	-69.998	
34	412.100	-69.998	
34	412.200	-69.998	
34	412.300	-69.998	
34	412.400	-69.998	
34	412.500	-69.998	
34	412.600	-69.998	
34	412.700	-69.998	
34	412.800	-69.998	
34	412.900	-69.998	
34	413.000	-69.998	
34	413.100	-69.998	
34	413.200	-69.998	
34	413.300	-69.998	
34	413.400	-69.998	
34	413.500	-69.998	
34	413.600	-69.998	
34	413.700	-69.998	
34	413.800	-69.998	
34	413.900	-69.998	
34	414.000	-69.998	
34	414.100	-69.998	
34	414.200	-69.998	
34	414.300	-69.998	
34	414.400	-69.998	
34	414.500	-69.998	
34	414.600	-69.998	
34	414.700	-69.998	
34	414.800	-69.998	
34	414.900	-69.998	
34	415.000	-69.998	
34	415.100	-69.998	
34	415.200	-69.998	
34	415.300	-69.998	
34	415.400	-69.998	
34	415.500	-69.998	
34	415.600	-69.998	
34	415.700	-69.998	
34	415.800	-69.998	
34	415.900	-69.998	
34	416.000	-69.998	
34	416.100	-69.998	
34	416.200	-69.998	
34	416.300	-69.998	
34	416.400	-69.998	
34	416.500	-69.998	
34	416.600	-69.998	
34	416.700	-69.998	
34	416.800	-69.998	
34	416.900	-69.998	
34	417.000	-69.998	
34	417.100	-69.998	
34	417.200	-69.998	
34	417.300	-69.998	
34	417.400	-69.998	
34	417.500	-69.998	
34	417.600	-69.998	
34	417.700	-69.998	
34	417.800	-69.998	
34	417.900	-69.998	
34	418.000	-69.998	
34	418.100	-69.998	
34	418.200	-69.998	
34	418.300	-69.998	
34	418.400	-69.998	
34	418.500	-69.998	
34	418.600	-69.998	
34	418.700	-69.998	
34	418.800	-69.998	
34	418.900	-69.998	
34	419.000	-69.998	
34	419.100	-69.998	
34	419.200	-69.998	
34	419.300	-69.998	
34	419.400	-69.998	
34	419.500	-69.998	
34	419.600	-69.998	
34	419.700	-69.998	
34	419.800	-69.998	
34	419.900	-69.998	
34	420.000	-69.998	
34	420.100	-69.998	
34	420.200	-69.998	
34	420.300	-69.998	
34	420.400	-69.998	
34	420.500	-69.998	
34	420.600	-69.998	
34	420.700	-69.998	
34	420.800	-69.998	
34	420.900	-69.998	
34	421.000	-69.998	
34	421.100	-69.998	
34	421.200	-69.998	
34	421.300	-69.998	
34	421.400	-69.998	
34	421.500	-69.998	
34	421.600	-69.998	
34	421.700	-69.998	
34	421.800	-69.998	
34	421.900	-69.998	
34	422.000	-69.998	
34	422.100	-69.998	
34	422.200	-69.998	
34	422.300	-69.998	
34	422.400	-69.998	
34	422.500	-69.998	
34	422.600	-69.998	
34	422.700	-69.998	
34	422.800	-69.998	
34	422.900	-69.998	
34	423.000	-69.998	
34	423.100	-69.998	
34	423.200	-69.998	
34	423.300	-69.998	
34	423.400	-69.998	
34	423.500	-69.998	
34	423.600	-69.998	
34	423.700	-69.998	
34	423.800	-69.998	
34	423.900	-69.998	
34	424.000	-69.998	
34	424.100	-69.998	
34	424.200	-69.998	
34	424.300	-69.998	
34	424.400	-69.998	
34	424.500	-69.998	
34	424.600	-69.998	
34	424.700	-69.998	
34	424.800	-69.998	
34	424.900	-69.998	
34	425.000	-69.998	
34	425.100	-69.998	
34	425.200	-69.998	
34	425.300	-69.998	
34	425.400	-69.998	
34	425.500	-69.998	
34	425.600	-69.998	
34	425.700	-69.998	
34	425.800	-69.998	
34	425.900	-69.998	
34	426.000	-69.998	
34	426.100	-69.998	
34	426.200	-69.998	
34	426.300	-69.998	
34	426.400	-69.998	
34	426.500	-69.998	
34	426.600	-69.998	
34	426.700	-69.998	
34	426.800	-69.998	
34	426.900	-69.998	
34	427.000	-69.998	
34	427.100	-69.998	
34	427.200	-69.998	
34	427.300	-69.998	
34	427.400	-69.998	
34	427.500	-69.998	
34	427.600	-69.998	
34	427.700	-69.998	
34	427.800	-69.998	
34	427.900	-69.998	
34	428.000	-69.998	
34	428.100	-69.998	
34	428.200	-69.998	
34	428.300	-69.998	
34	428.400	-69.998	
34	428.500	-69.998	
34	428.600	-69.998	
34	428.700	-69.998	
34	428.800	-69.998	
34	428.900	-69.998	
34	429.000	-69.998	
34	429.100	-69.998	
34	429.200	-69.998	
34	429.300	-69.998	
34	429.400	-69.998	
34	429.500	-69.998	
34	429.600	-69.998	
34	429.700	-69.998	
34	429.800	-69.998	
34	429.900	-69.998	
34	430.000	-69.998	
34	430.100	-69.998	
34	430.200	-69.998	
34	430.300	-69.998	
34	430.400	-69.998	
34	430.500	-69.998	
34	430.600	-69.998	
34	430.700	-69.998	
34	430.800	-69.998	
34	430.900	-69.998	
34	431.000	-69.998	
34	431.100	-69.998	
34	431.200	-69.998	
34	431.300	-69.998	
34	431.400	-69.998	
34	431.500	-69.998	
34	431.600	-69.998	
34	431.700	-69.998	
34	431.800	-69.998	
34	431.900	-69.998	
34	432.000	-69.998	
34	432.100	-69.998	
34	432.200	-69.998	
34	432.300	-69.998	
34	432.400	-69.998	
34	432.500	-69.998	
34	432.600	-69.998	
34	432.700	-69.998	
34	432.800	-69.998	
34	432.900	-69.998	
34	433.000	-69.998	
34	433.100	-69.998	
34	433.200	-69.998	
34	433.300	-69.998	
34	433.400	-69.998	
34	433.500	-69.998	
34	433.600	-69.998	
34	433.700	-69.998	
34	433.800	-69.998	
34	433.900	-69.998	
34	434.000	-69.998	
34	434.100	-69.998	
34	434.200	-69.998	
34	434.300	-69.998	
34	434.400	-69.998	
34	434.500	-69.998	
34	434.600	-69.998	
34	434.700	-69.998	
34	434.800	-69.998	
34	434.900	-69.998	
34	435.000	-69.998	
34	435.100	-69.998	
34	435.200	-69.998	
34	435.300	-69.998	
34	435.400	-69.998	
34	435.500	-69.998	
34	435.600	-69.998	
34	435.700	-69.998	
34	435.800	-69.998	
34	435.900	-69.998	
34	436.000	-69.998	
34	436.100	-69.998	
34	436.200	-69.998	
34	436.300	-69.998	
34	436.400	-69.998	
34	436.500	-69.998	
34	436.600	-69.998	
34	436.700	-69.998	
34	436.800	-69.998	
34	436.900	-69.998	
34	437.000	-69.998	
34	437.100	-69.998	
34	437.200	-69.998	
34	437.300	-69.998	
34	437.400	-69.998	
34	437.500	-69.998	
34	437.600	-69.998	
34	437.700	-69.998	
34	437.800	-69.998	
34	437.900	-69.998	
34	438.000	-69.998	
34	438.100	-69.998	
34	438.200	-69.998	
34	438.300	-69.998	
34	438.400	-69.998	
34	438.500	-69.998	
34	438.600	-69.998	
34	438.700	-69.998	
34	438.800	-69.998	
34	438.900	-69.998	
34	439.000	-69.998	
34	439.100	-69.998	
34	439.200	-69.998	
34	439.300	-69.998	
34	439.400	-69.998	
34	439.500	-69.998	
34	439.600	-69.998	
34	439.700	-69.998	
34	439.800	-69.998	
34	439.900	-69.998	
34	440.000	-69.998	
34	440.100	-69.998	
34	440.200	-69.998	
34	440.300	-69.998	
34	440.400	-69.998	
34	440.500	-69.998	
34	440.600	-69.998	
34	440.700	-69.998	
34	440.800	-69.998	
34	440.900	-69.998	
34	441.000	-69.998	
34	441.100	-69.998	
34	441.200	-69.998	
34	441.300	-69.998	
34	441.400	-69.998	
34	441.500	-69.998	
34	441.600	-69.998	
34	441.700	-69.998	
34	441.800	-69.998	
34	441.900	-69.998	
34	442.000	-69.998	
34	442.100	-69.998	
34	442.200	-69.998	
34	442.300	-69.998	
34	442.400	-69.998	
34	442.500	-69.998	
34	442.600	-69.998	
34	442.700	-69.998	
34	442.800	-69.998	
34	442.900	-69.998	
34	443.000	-69.998	
34	443.100	-69.998	
34	443.200	-69.998	
34	443.300	-69.998	
34	443.400	-69.998	
34	443.500	-69.998	
34	443.600	-69.998	
34	443.700	-69.998	
34	443.800	-69.998	
34	443.900	-69.998	
34	444.000	-69.998	
34	444.100	-69.998	
34	444.200	-69.998	
34	444.300	-69.998	
34	444.400	-69.998	
34	444.500	-69.998	
34	444.600	-69.998	
34	444.700	-69.998	
34	444.800	-69.998	
34	444.900	-69.998	
34	445.000	-69.998	
34	445.100	-69.998	
34	445.200	-69.998	
34	445.300	-69.998	
34	445.400	-69.998	
34	445.500	-69.998	
34	445.600	-69.998	
34	445.700	-69.998	
34	445.800	-69.998	
34	445.900	-69.998	
34	446.000	-69.998	
34	446.100	-69.998	
34	446.200	-69.998	
34	446.300	-69.998	
34	446.400	-69.998	
34	446.500	-69.998	
34	446.600	-69.998	
34	446.700	-69.998	
34	446.800	-69.998	
34	446.900	-69.998	
34	447.000	-69.998	
34	447.100	-69.998	
34	447.200	-69.998	
34	447.300	-69.998	
34	447.400	-69.998	
34	447.500	-69.998	
34	447.600	-69.998	
34	447.700	-69.998	
34	447.800	-69.998	
34	447.900	-69.998	
34	448.000	-69.998	
34	448.100	-69.998	
34	448.200	-69.998	
34	448.300	-69.998	
34	448.400	-69.998	
34	448.500	-69.998	
34	448.600	-69.998	
34	448.700	-69.998	
34	448.800	-69.998	
34	448.900	-69.998	
34	449.000	-69.998	
