40	0.100	-70.000	
40	0.200	-70.000	
40	0.300	-70.000	
40	0.400	-70.000	
40	0.500	-70.000	
40	0.600	-70.000	
40	0.700	-70.000	
40	0.800	-70.000	
40	0.900	-70.000	
40	1.000	-70.000	
40	1.100	-70.000	
40	1.200	-70.000	
40	1.300	-70.000	
40	1.400	-70.000	
40	1.500	-70.000	
40	1.600	-70.000	
40	1.700	-70.000	
40	1.800	-69.999	
40	1.900	-69.999	
40	2.000	-69.999	
40	2.100	-69.999	
40	2.200	-69.999	
40	2.300	-69.999	
40	2.400	-69.999	
40	2.500	-69.999	
40	2.600	-69.999	
40	2.700	-69.999	
40	2.800	-69.999	
40	2.900	-69.999	
40	3.000	-69.999	
40	3.100	-69.999	
40	3.200	-69.999	
40	3.300	-69.999	
40	3.400	-69.999	
40	3.500	-69.999	
40	3.600	-69.999	
40	3.700	-69.999	
40	3.800	-69.999	
40	3.900	-69.999	
40	4.000	-69.999	
40	4.100	-69.999	
40	4.200	-69.999	
40	4.300	-69.999	
40	4.400	-69.999	
40	4.500	-69.999	
40	4.600	-69.999	
40	4.700	-69.999	
40	4.800	-69.999	
40	4.900	-69.999	
40	5.000	-69.999	
40	5.100	-69.999	
40	5.200	-69.999	
40	5.300	-69.999	
40	5.400	-69.999	
40	5.500	-69.999	
40	5.600	-69.999	
40	5.700	-69.999	
40	5.800	-69.999	
40	5.900	-69.999	
40	6.000	-69.999	
40	6.100	-69.999	
40	6.200	-69.999	
40	6.300	-69.999	
40	6.400	-69.999	
40	6.500	-69.999	
40	6.600	-69.999	
40	6.700	-69.999	
40	6.800	-69.999	
40	6.900	-69.999	
40	7.000	-69.999	
40	7.100	-69.999	
40	7.200	-69.999	
40	7.300	-69.999	
40	7.400	-69.999	
40	7.500	-69.999	
40	7.600	-69.999	
40	7.700	-69.999	
40	7.800	-69.999	
40	7.900	-69.999	
40	8.000	-69.999	
40	8.100	-69.999	
40	8.200	-69.999	
40	8.300	-69.999	
40	8.400	-69.999	
40	8.500	-69.999	
40	8.600	-69.999	
40	8.700	-69.999	
40	8.800	-69.999	
40	8.900	-69.999	
40	9.000	-69.999	
40	9.100	-69.999	
40	9.200	-69.999	
40	9.300	-69.999	
40	9.400	-69.999	
40	9.500	-69.999	
40	9.600	-69.999	
40	9.700	-69.999	
40	9.800	-69.999	
40	9.900	-69.998	
40	10.000	-69.998	
40	10.100	-69.998	
40	10.200	-69.998	
40	10.300	-69.998	
40	10.400	-69.998	
40	10.500	-69.998	
40	10.600	-69.998	
40	10.700	-69.998	
40	10.800	-69.998	
40	10.900	-69.998	
40	11.000	-69.998	
40	11.100	-69.998	
40	11.200	-69.998	
40	11.300	-69.998	
40	11.400	-69.998	
40	11.500	-69.998	
40	11.600	-69.998	
40	11.700	-69.998	
40	11.800	-69.998	
40	11.900	-69.998	
40	12.000	-69.998	
40	12.100	-69.998	
40	12.200	-69.998	
40	12.300	-69.998	
40	12.400	-69.998	
40	12.500	-69.998	
40	12.600	-69.998	
40	12.700	-69.998	
40	12.800	-69.998	
40	12.900	-69.998	
40	13.000	-69.998	
40	13.100	-69.998	
40	13.200	-69.998	
40	13.300	-69.998	
40	13.400	-69.998	
40	13.500	-69.998	
40	13.600	-69.998	
40	13.700	-69.998	
40	13.800	-69.998	
40	13.900	-69.998	
40	14.000	-69.998	
40	14.100	-69.998	
40	14.200	-69.998	
40	14.300	-69.998	
40	14.400	-69.998	
40	14.500	-69.998	
40	14.600	-69.998	
40	14.700	-69.998	
40	14.800	-69.998	
40	14.900	-69.998	
40	15.000	-69.998	
40	15.100	-69.998	
40	15.200	-69.998	
40	15.300	-69.998	
40	15.400	-69.998	
40	15.500	-69.998	
40	15.600	-69.998	
40	15.700	-69.998	
40	15.800	-69.998	
40	15.900	-69.998	
40	16.000	-69.998	
40	16.100	-69.998	
40	16.200	-69.998	
40	16.300	-69.998	
40	16.400	-69.998	
40	16.500	-69.998	
40	16.600	-69.998	
40	16.700	-69.998	
40	16.800	-69.998	
40	16.900	-69.998	
40	17.000	-69.998	
40	17.100	-69.998	
40	17.200	-69.998	
40	17.300	-69.998	
40	17.400	-69.998	
40	17.500	-69.998	
40	17.600	-69.998	
40	17.700	-69.998	
40	17.800	-69.998	
40	17.900	-69.998	
40	18.000	-69.998	
40	18.100	-69.998	
40	18.200	-69.998	
40	18.300	-69.998	
40	18.400	-69.998	
40	18.500	-69.998	
40	18.600	-69.998	
40	18.700	-69.998	
40	18.800	-69.998	
40	18.900	-69.998	
40	19.000	-69.998	
40	19.100	-69.998	
40	19.200	-69.998	
40	19.300	-69.998	
40	19.400	-69.998	
40	19.500	-69.998	
40	19.600	-69.998	
40	19.700	-69.998	
40	19.800	-69.998	
40	19.900	-69.998	
40	20.000	-69.998	
40	20.100	-69.998	
40	20.200	-69.998	
40	20.300	-69.998	
40	20.400	-69.998	
40	20.500	-69.998	
40	20.600	-69.998	
40	20.700	-69.998	
40	20.800	-69.998	
40	20.900	-69.998	
40	21.000	-69.998	
40	21.100	-69.998	
40	21.200	-69.998	
40	21.300	-69.998	
40	21.400	-69.998	
40	21.500	-69.998	
40	21.600	-69.998	
40	21.700	-69.998	
40	21.800	-69.998	
40	21.900	-69.998	
40	22.000	-69.998	
40	22.100	-69.998	
40	22.200	-69.998	
40	22.300	-69.998	
40	22.400	-69.998	
40	22.500	-69.998	
40	22.600	-69.998	
40	22.700	-69.998	
40	22.800	-69.998	
40	22.900	-69.998	
40	23.000	-69.998	
40	23.100	-69.998	
40	23.200	-69.998	
40	23.300	-69.998	
40	23.400	-69.998	
40	23.500	-69.998	
40	23.600	-69.998	
40	23.700	-69.998	
40	23.800	-69.998	
40	23.900	-69.998	
40	24.000	-69.998	
40	24.100	-69.998	
40	24.200	-69.998	
40	24.300	-69.998	
40	24.400	-69.998	
40	24.500	-69.998	
40	24.600	-69.998	
40	24.700	-69.998	
40	24.800	-69.998	
40	24.900	-69.998	
40	25.000	-69.998	
40	25.100	-69.998	
40	25.200	-69.998	
40	25.300	-69.998	
40	25.400	-69.998	
40	25.500	-69.998	
40	25.600	-69.998	
40	25.700	-69.998	
40	25.800	-69.998	
40	25.900	-69.998	
40	26.000	-69.998	
40	26.100	-69.998	
40	26.200	-69.998	
40	26.300	-69.998	
40	26.400	-69.998	
40	26.500	-69.998	
40	26.600	-69.998	
40	26.700	-69.998	
40	26.800	-69.998	
40	26.900	-69.998	
40	27.000	-69.998	
40	27.100	-69.998	
40	27.200	-69.998	
40	27.300	-69.998	
40	27.400	-69.998	
40	27.500	-69.998	
40	27.600	-69.998	
40	27.700	-69.998	
40	27.800	-69.998	
40	27.900	-69.998	
40	28.000	-69.998	
40	28.100	-69.998	
40	28.200	-69.998	
40	28.300	-69.998	
40	28.400	-69.998	
40	28.500	-69.998	
40	28.600	-69.998	
40	28.700	-69.998	
40	28.800	-69.998	
40	28.900	-69.998	
40	29.000	-69.998	
40	29.100	-69.998	
40	29.200	-69.998	
40	29.300	-69.998	
40	29.400	-69.998	
40	29.500	-69.998	
40	29.600	-69.998	
40	29.700	-69.998	
40	29.800	-69.998	
40	29.900	-69.998	
40	30.000	-69.998	
40	30.100	-69.998	
40	30.200	-69.998	
40	30.300	-69.998	
40	30.400	-69.998	
40	30.500	-69.998	
40	30.600	-69.998	
40	30.700	-69.998	
40	30.800	-69.998	
40	30.900	-69.998	
40	31.000	-69.998	
40	31.100	-69.998	
40	31.200	-69.998	
40	31.300	-69.998	
40	31.400	-69.998	
40	31.500	-69.998	
40	31.600	-69.998	
40	31.700	-69.998	
40	31.800	-69.998	
40	31.900	-69.998	
40	32.000	-69.998	
40	32.100	-69.998	
40	32.200	-69.998	
40	32.300	-69.998	
40	32.400	-69.998	
40	32.500	-69.998	
40	32.600	-69.998	
40	32.700	-69.998	
40	32.800	-69.998	
40	32.900	-69.998	
40	33.000	-69.998	
40	33.100	-69.998	
40	33.200	-69.998	
40	33.300	-69.998	
40	33.400	-69.998	
40	33.500	-69.998	
40	33.600	-69.998	
40	33.700	-69.998	
40	33.800	-69.998	
40	33.900	-69.998	
40	34.000	-69.998	
40	34.100	-69.998	
40	34.200	-69.998	
40	34.300	-69.998	
40	34.400	-69.998	
40	34.500	-69.998	
40	34.600	-69.998	
40	34.700	-69.998	
40	34.800	-69.998	
40	34.900	-69.998	
40	35.000	-69.998	
40	35.100	-69.998	
40	35.200	-69.998	
40	35.300	-69.998	
40	35.400	-69.998	
40	35.500	-69.998	
40	35.600	-69.998	
40	35.700	-69.998	
40	35.800	-69.998	
40	35.900	-69.998	
40	36.000	-69.998	
40	36.100	-69.998	
40	36.200	-69.998	
40	36.300	-69.998	
40	36.400	-69.998	
40	36.500	-69.998	
40	36.600	-69.998	
40	36.700	-69.998	
40	36.800	-69.998	
40	36.900	-69.998	
40	37.000	-69.998	
40	37.100	-69.998	
40	37.200	-69.998	
40	37.300	-69.998	
40	37.400	-69.998	
40	37.500	-69.998	
40	37.600	-69.998	
40	37.700	-69.998	
40	37.800	-69.998	
40	37.900	-69.998	
40	38.000	-69.998	
40	38.100	-69.998	
40	38.200	-69.998	
40	38.300	-69.998	
40	38.400	-69.998	
40	38.500	-69.998	
40	38.600	-69.998	
40	38.700	-69.998	
40	38.800	-69.998	
40	38.900	-69.998	
40	39.000	-69.998	
40	39.100	-69.998	
40	39.200	-69.998	
40	39.300	-69.998	
40	39.400	-69.998	
40	39.500	-69.998	
40	39.600	-69.998	
40	39.700	-69.998	
40	39.800	-69.998	
40	39.900	-69.998	
40	40.000	-69.998	
40	40.100	-69.998	
40	40.200	-69.998	
40	40.300	-69.998	
40	40.400	-69.998	
40	40.500	-69.998	
40	40.600	-69.998	
40	40.700	-69.998	
40	40.800	-69.998	
40	40.900	-69.998	
40	41.000	-69.998	
40	41.100	-69.998	
40	41.200	-69.998	
40	41.300	-69.998	
40	41.400	-69.998	
40	41.500	-69.998	
40	41.600	-69.998	
40	41.700	-69.998	
40	41.800	-69.998	
40	41.900	-69.998	
40	42.000	-69.998	
40	42.100	-69.998	
40	42.200	-69.998	
40	42.300	-69.998	
40	42.400	-69.998	
40	42.500	-69.998	
40	42.600	-69.998	
40	42.700	-69.998	
40	42.800	-69.998	
40	42.900	-69.998	
40	43.000	-69.998	
40	43.100	-69.998	
40	43.200	-69.998	
40	43.300	-69.998	
40	43.400	-69.998	
40	43.500	-69.998	
40	43.600	-69.998	
40	43.700	-69.998	
40	43.800	-69.998	
40	43.900	-69.998	
40	44.000	-69.998	
40	44.100	-69.998	
40	44.200	-69.998	
40	44.300	-69.998	
40	44.400	-69.998	
40	44.500	-69.998	
40	44.600	-69.998	
40	44.700	-69.998	
40	44.800	-69.998	
40	44.900	-69.998	
40	45.000	-69.998	
40	45.100	-69.998	
40	45.200	-69.998	
40	45.300	-69.998	
40	45.400	-69.998	
40	45.500	-69.998	
40	45.600	-69.998	
40	45.700	-69.998	
40	45.800	-69.998	
40	45.900	-69.998	
40	46.000	-69.998	
40	46.100	-69.998	
40	46.200	-69.998	
40	46.300	-69.998	
40	46.400	-69.998	
40	46.500	-69.998	
40	46.600	-69.998	
40	46.700	-69.998	
40	46.800	-69.998	
40	46.900	-69.998	
40	47.000	-69.998	
40	47.100	-69.998	
40	47.200	-69.998	
40	47.300	-69.998	
40	47.400	-69.998	
40	47.500	-69.998	
40	47.600	-69.998	
40	47.700	-69.998	
40	47.800	-69.998	
40	47.900	-69.998	
40	48.000	-69.998	
40	48.100	-69.998	
40	48.200	-69.998	
40	48.300	-69.998	
40	48.400	-69.998	
40	48.500	-69.998	
40	48.600	-69.998	
40	48.700	-69.998	
40	48.800	-69.998	
40	48.900	-69.998	
40	49.000	-69.998	
40	49.100	-69.998	
40	49.200	-69.998	
40	49.300	-69.998	
40	49.400	-69.998	
40	49.500	-69.998	
40	49.600	-69.998	
40	49.700	-69.998	
40	49.800	-69.998	
40	49.900	-69.998	
40	50.000	-69.998	
40	50.100	-69.998	
40	50.200	-69.998	
40	50.300	-69.998	
40	50.400	-69.998	
40	50.500	-69.998	
40	50.600	-69.998	
40	50.700	-69.998	
40	50.800	-69.998	
40	50.900	-69.998	
40	51.000	-69.998	
40	51.100	-69.998	
40	51.200	-69.998	
40	51.300	-69.998	
40	51.400	-69.998	
40	51.500	-69.998	
40	51.600	-69.998	
40	51.700	-69.998	
40	51.800	-69.998	
40	51.900	-69.998	
40	52.000	-69.998	
40	52.100	-69.998	
40	52.200	-69.998	
40	52.300	-69.998	
40	52.400	-69.998	
40	52.500	-69.998	
40	52.600	-69.998	
40	52.700	-69.998	
40	52.800	-69.998	
40	52.900	-69.998	
40	53.000	-69.998	
40	53.100	-69.998	
40	53.200	-69.998	
40	53.300	-69.998	
40	53.400	-69.998	
40	53.500	-69.998	
40	53.600	-69.998	
40	53.700	-69.998	
40	53.800	-69.998	
40	53.900	-69.998	
40	54.000	-69.998	
40	54.100	-69.998	
40	54.200	-69.998	
40	54.300	-69.998	
40	54.400	-69.998	
40	54.500	-69.998	
40	54.600	-69.998	
40	54.700	-69.998	
40	54.800	-69.998	
40	54.900	-69.998	
40	55.000	-69.998	
40	55.100	-69.998	
40	55.200	-69.998	
40	55.300	-69.998	
40	55.400	-69.998	
40	55.500	-69.998	
40	55.600	-69.998	
40	55.700	-69.998	
40	55.800	-69.998	
40	55.900	-69.998	
40	56.000	-69.998	
40	56.100	-69.998	
40	56.200	-69.998	
40	56.300	-69.998	
40	56.400	-69.998	
40	56.500	-69.998	
40	56.600	-69.998	
40	56.700	-69.998	
40	56.800	-69.998	
40	56.900	-69.998	
40	57.000	-69.998	
40	57.100	-69.998	
40	57.200	-69.998	
40	57.300	-69.998	
40	57.400	-69.998	
40	57.500	-69.998	
40	57.600	-69.998	
40	57.700	-69.998	
40	57.800	-69.998	
40	57.900	-69.998	
40	58.000	-69.998	
40	58.100	-69.998	
40	58.200	-69.998	
40	58.300	-69.998	
40	58.400	-69.998	
40	58.500	-69.998	
40	58.600	-69.998	
40	58.700	-69.998	
40	58.800	-69.998	
40	58.900	-69.998	
40	59.000	-69.998	
40	59.100	-69.998	
40	59.200	-69.998	
40	59.300	-69.998	
40	59.400	-69.998	
40	59.500	-69.998	
40	59.600	-69.998	
40	59.700	-69.998	
40	59.800	-69.998	
40	59.900	-69.998	
40	60.000	-69.998	
40	60.100	-69.998	
40	60.200	-69.998	
40	60.300	-69.998	
40	60.400	-69.998	
40	60.500	-69.998	
40	60.600	-69.998	
40	60.700	-69.998	
40	60.800	-69.998	
40	60.900	-69.998	
40	61.000	-69.998	
40	61.100	-69.998	
40	61.200	-69.998	
40	61.300	-69.998	
40	61.400	-69.998	
40	61.500	-69.998	
40	61.600	-69.998	
40	61.700	-69.998	
40	61.800	-69.998	
40	61.900	-69.998	
40	62.000	-69.998	
40	62.100	-69.998	
40	62.200	-69.998	
40	62.300	-69.998	
40	62.400	-69.998	
40	62.500	-69.998	
40	62.600	-69.998	
40	62.700	-69.998	
40	62.800	-69.998	
40	62.900	-69.998	
40	63.000	-69.998	
40	63.100	-69.998	
40	63.200	-69.998	
40	63.300	-69.998	
40	63.400	-69.998	
40	63.500	-69.998	
40	63.600	-69.998	
40	63.700	-69.998	
40	63.800	-69.998	
40	63.900	-69.998	
40	64.000	-69.998	
40	64.100	-69.998	
40	64.200	-69.998	
40	64.300	-69.998	
40	64.400	-69.998	
40	64.500	-69.998	
40	64.600	-69.998	
40	64.700	-69.998	
40	64.800	-69.998	
40	64.900	-69.998	
40	65.000	-69.998	
40	65.100	-69.998	
40	65.200	-69.998	
40	65.300	-69.998	
40	65.400	-69.998	
40	65.500	-69.998	
40	65.600	-69.998	
40	65.700	-69.998	
40	65.800	-69.998	
40	65.900	-69.998	
40	66.000	-69.998	
40	66.100	-69.998	
40	66.200	-69.998	
40	66.300	-69.998	
40	66.400	-69.998	
40	66.500	-69.998	
40	66.600	-69.998	
40	66.700	-69.998	
40	66.800	-69.998	
40	66.900	-69.998	
40	67.000	-69.998	
40	67.100	-69.998	
40	67.200	-69.998	
40	67.300	-69.998	
40	67.400	-69.998	
40	67.500	-69.998	
40	67.600	-69.998	
40	67.700	-69.998	
40	67.800	-69.998	
40	67.900	-69.998	
40	68.000	-69.998	
40	68.100	-69.998	
40	68.200	-69.998	
40	68.300	-69.998	
40	68.400	-69.998	
40	68.500	-69.998	
40	68.600	-69.998	
40	68.700	-69.998	
40	68.800	-69.998	
40	68.900	-69.998	
40	69.000	-69.998	
40	69.100	-69.998	
40	69.200	-69.998	
40	69.300	-69.998	
40	69.400	-69.998	
40	69.500	-69.998	
40	69.600	-69.998	
40	69.700	-69.998	
40	69.800	-69.998	
40	69.900	-69.998	
40	70.000	-69.998	
40	70.100	-69.998	
40	70.200	-69.998	
40	70.300	-69.998	
40	70.400	-69.998	
40	70.500	-69.998	
40	70.600	-69.998	
40	70.700	-69.998	
40	70.800	-69.998	
40	70.900	-69.998	
40	71.000	-69.998	
40	71.100	-69.998	
40	71.200	-69.998	
40	71.300	-69.998	
40	71.400	-69.998	
40	71.500	-69.998	
40	71.600	-69.998	
40	71.700	-69.998	
40	71.800	-69.998	
40	71.900	-69.998	
40	72.000	-69.998	
40	72.100	-69.998	
40	72.200	-69.998	
40	72.300	-69.998	
40	72.400	-69.998	
40	72.500	-69.998	
40	72.600	-69.998	
40	72.700	-69.998	
40	72.800	-69.998	
40	72.900	-69.998	
40	73.000	-69.998	
40	73.100	-69.998	
40	73.200	-69.998	
40	73.300	-69.998	
40	73.400	-69.998	
40	73.500	-69.998	
40	73.600	-69.998	
40	73.700	-69.998	
40	73.800	-69.998	
40	73.900	-69.998	
40	74.000	-69.998	
40	74.100	-69.998	
40	74.200	-69.998	
40	74.300	-69.998	
40	74.400	-69.998	
40	74.500	-69.998	
40	74.600	-69.998	
40	74.700	-69.998	
40	74.800	-69.998	
40	74.900	-69.998	
40	75.000	-69.998	
40	75.100	-69.998	
40	75.200	-69.998	
40	75.300	-69.998	
40	75.400	-69.998	
40	75.500	-69.998	
40	75.600	-69.998	
40	75.700	-69.998	
40	75.800	-69.998	
40	75.900	-69.998	
40	76.000	-69.998	
40	76.100	-69.998	
40	76.200	-69.998	
40	76.300	-69.998	
40	76.400	-69.998	
40	76.500	-69.998	
40	76.600	-69.998	
40	76.700	-69.998	
40	76.800	-69.998	
40	76.900	-69.998	
40	77.000	-69.998	
40	77.100	-69.998	
40	77.200	-69.998	
40	77.300	-69.998	
40	77.400	-69.998	
40	77.500	-69.998	
40	77.600	-69.998	
40	77.700	-69.998	
40	77.800	-69.998	
40	77.900	-69.998	
40	78.000	-69.998	
40	78.100	-69.998	
40	78.200	-69.998	
40	78.300	-69.998	
40	78.400	-69.998	
40	78.500	-69.998	
40	78.600	-69.998	
40	78.700	-69.998	
40	78.800	-69.998	
40	78.900	-69.998	
40	79.000	-69.998	
40	79.100	-69.998	
40	79.200	-69.998	
40	79.300	-69.998	
40	79.400	-69.998	
40	79.500	-69.998	
40	79.600	-69.998	
40	79.700	-69.998	
40	79.800	-69.998	
40	79.900	-69.998	
40	80.000	-69.998	
40	80.100	-69.998	
40	80.200	-69.998	
40	80.300	-69.998	
40	80.400	-69.998	
40	80.500	-69.998	
40	80.600	-69.998	
40	80.700	-69.998	
40	80.800	-69.998	
40	80.900	-69.998	
40	81.000	-69.998	
40	81.100	-69.998	
40	81.200	-69.998	
40	81.300	-69.998	
40	81.400	-69.998	
40	81.500	-69.998	
40	81.600	-69.998	
40	81.700	-69.998	
40	81.800	-69.998	
40	81.900	-69.998	
40	82.000	-69.998	
40	82.100	-69.998	
40	82.200	-69.998	
40	82.300	-69.998	
40	82.400	-69.998	
40	82.500	-69.998	
40	82.600	-69.998	
40	82.700	-69.998	
40	82.800	-69.998	
40	82.900	-69.998	
40	83.000	-69.998	
40	83.100	-69.998	
40	83.200	-69.998	
40	83.300	-69.998	
40	83.400	-69.998	
40	83.500	-69.998	
40	83.600	-69.998	
40	83.700	-69.998	
40	83.800	-69.998	
40	83.900	-69.998	
40	84.000	-69.998	
40	84.100	-69.998	
40	84.200	-69.998	
40	84.300	-69.998	
40	84.400	-69.998	
40	84.500	-69.998	
40	84.600	-69.998	
40	84.700	-69.998	
40	84.800	-69.998	
40	84.900	-69.998	
40	85.000	-69.998	
40	85.100	-69.998	
40	85.200	-69.998	
40	85.300	-69.998	
40	85.400	-69.998	
40	85.500	-69.998	
40	85.600	-69.998	
40	85.700	-69.998	
40	85.800	-69.998	
40	85.900	-69.998	
40	86.000	-69.998	
40	86.100	-69.998	
40	86.200	-69.998	
40	86.300	-69.998	
40	86.400	-69.998	
40	86.500	-69.998	
40	86.600	-69.998	
40	86.700	-69.998	
40	86.800	-69.998	
40	86.900	-69.998	
40	87.000	-69.998	
40	87.100	-69.998	
40	87.200	-69.998	
40	87.300	-69.998	
40	87.400	-69.998	
40	87.500	-69.998	
40	87.600	-69.998	
40	87.700	-69.998	
40	87.800	-69.998	
40	87.900	-69.998	
40	88.000	-69.998	
40	88.100	-69.998	
40	88.200	-69.998	
40	88.300	-69.998	
40	88.400	-69.998	
40	88.500	-69.998	
40	88.600	-69.998	
40	88.700	-69.998	
40	88.800	-69.998	
40	88.900	-69.998	
40	89.000	-69.998	
40	89.100	-69.998	
40	89.200	-69.998	
40	89.300	-69.998	
40	89.400	-69.998	
40	89.500	-69.998	
40	89.600	-69.998	
40	89.700	-69.998	
40	89.800	-69.998	
40	89.900	-69.998	
40	90.000	-69.998	
40	90.100	-69.998	
40	90.200	-69.998	
40	90.300	-69.998	
40	90.400	-69.998	
40	90.500	-69.998	
40	90.600	-69.998	
40	90.700	-69.998	
40	90.800	-69.998	
40	90.900	-69.998	
40	91.000	-69.998	
40	91.100	-69.998	
40	91.200	-69.998	
40	91.300	-69.998	
40	91.400	-69.998	
40	91.500	-69.998	
40	91.600	-69.998	
40	91.700	-69.998	
40	91.800	-69.998	
40	91.900	-69.998	
40	92.000	-69.998	
40	92.100	-69.998	
40	92.200	-69.998	
40	92.300	-69.998	
40	92.400	-69.998	
40	92.500	-69.998	
40	92.600	-69.998	
40	92.700	-69.998	
40	92.800	-69.998	
40	92.900	-69.998	
40	93.000	-69.998	
40	93.100	-69.998	
40	93.200	-69.998	
40	93.300	-69.998	
40	93.400	-69.998	
40	93.500	-69.998	
40	93.600	-69.998	
40	93.700	-69.998	
40	93.800	-69.998	
40	93.900	-69.998	
40	94.000	-69.998	
40	94.100	-69.998	
40	94.200	-69.998	
40	94.300	-69.998	
40	94.400	-69.998	
40	94.500	-69.998	
40	94.600	-69.998	
40	94.700	-69.998	
40	94.800	-69.998	
40	94.900	-69.998	
40	95.000	-69.998	
40	95.100	-69.998	
40	95.200	-69.998	
40	95.300	-69.998	
40	95.400	-69.998	
40	95.500	-69.998	
40	95.600	-69.998	
40	95.700	-69.998	
40	95.800	-69.998	
40	95.900	-69.998	
40	96.000	-69.998	
40	96.100	-69.998	
40	96.200	-69.998	
40	96.300	-69.998	
40	96.400	-69.998	
40	96.500	-69.998	
40	96.600	-69.998	
40	96.700	-69.998	
40	96.800	-69.998	
40	96.900	-69.998	
40	97.000	-69.998	
40	97.100	-69.998	
40	97.200	-69.998	
40	97.300	-69.998	
40	97.400	-69.998	
40	97.500	-69.998	
40	97.600	-69.998	
40	97.700	-69.998	
40	97.800	-69.998	
40	97.900	-69.998	
40	98.000	-69.998	
40	98.100	-69.998	
40	98.200	-69.998	
40	98.300	-69.998	
40	98.400	-69.998	
40	98.500	-69.998	
40	98.600	-69.998	
40	98.700	-69.998	
40	98.800	-69.998	
40	98.900	-69.998	
40	99.000	-69.998	
40	99.100	-69.998	
40	99.200	-69.998	
40	99.300	-69.998	
40	99.400	-69.998	
40	99.500	-69.998	
40	99.600	-69.998	
40	99.700	-69.998	
40	99.800	-69.998	
40	99.900	-69.998	
40	100.000	-69.998	
40	100.100	-69.998	
40	100.200	-69.998	
40	100.300	-69.998	
40	100.400	-69.998	
40	100.500	-69.998	
40	100.600	-69.998	
40	100.700	-69.998	
40	100.800	-69.998	
40	100.900	-69.998	
40	101.000	-69.998	
40	101.100	-69.998	
40	101.200	-69.998	
40	101.300	-69.998	
40	101.400	-69.998	
40	101.500	-69.998	
40	101.600	-69.998	
40	101.700	-69.998	
40	101.800	-69.998	
40	101.900	-69.998	
40	102.000	-69.998	
40	102.100	-69.998	
40	102.200	-69.998	
40	102.300	-69.998	
40	102.400	-69.998	
40	102.500	-69.998	
40	102.600	-69.998	
40	102.700	-69.998	
40	102.800	-69.998	
40	102.900	-69.998	
40	103.000	-69.998	
40	103.100	-69.998	
40	103.200	-69.998	
40	103.300	-69.998	
40	103.400	-69.998	
40	103.500	-69.998	
40	103.600	-69.998	
40	103.700	-69.998	
40	103.800	-69.998	
40	103.900	-69.998	
40	104.000	-69.998	
40	104.100	-69.998	
40	104.200	-69.998	
40	104.300	-69.998	
40	104.400	-69.998	
40	104.500	-69.998	
40	104.600	-69.998	
40	104.700	-69.998	
40	104.800	-69.998	
40	104.900	-69.998	
40	105.000	-69.998	
40	105.100	-69.998	
40	105.200	-69.998	
40	105.300	-69.998	
40	105.400	-69.998	
40	105.500	-69.998	
40	105.600	-69.998	
40	105.700	-69.998	
40	105.800	-69.998	
40	105.900	-69.998	
40	106.000	-69.998	
40	106.100	-69.998	
40	106.200	-69.998	
40	106.300	-69.998	
40	106.400	-69.998	
40	106.500	-69.998	
40	106.600	-69.998	
40	106.700	-69.998	
40	106.800	-69.998	
40	106.900	-69.998	
40	107.000	-69.998	
40	107.100	-69.998	
40	107.200	-69.998	
40	107.300	-69.998	
40	107.400	-69.998	
40	107.500	-69.998	
40	107.600	-69.998	
40	107.700	-69.998	
40	107.800	-69.998	
40	107.900	-69.998	
40	108.000	-69.998	
40	108.100	-69.998	
40	108.200	-69.998	
40	108.300	-69.998	
40	108.400	-69.998	
40	108.500	-69.998	
40	108.600	-69.998	
40	108.700	-69.998	
40	108.800	-69.998	
40	108.900	-69.998	
40	109.000	-69.998	
40	109.100	-69.998	
40	109.200	-69.998	
40	109.300	-69.998	
40	109.400	-69.998	
40	109.500	-69.998	
40	109.600	-69.998	
40	109.700	-69.998	
40	109.800	-69.998	
40	109.900	-69.998	
40	110.000	-69.998	
40	110.100	-69.998	
40	110.200	-69.998	
40	110.300	-69.998	
40	110.400	-69.998	
40	110.500	-69.998	
40	110.600	-69.998	
40	110.700	-69.998	
40	110.800	-69.998	
40	110.900	-69.998	
40	111.000	-69.998	
40	111.100	-69.998	
40	111.200	-69.998	
40	111.300	-69.998	
40	111.400	-69.998	
40	111.500	-69.998	
40	111.600	-69.998	
40	111.700	-69.998	
40	111.800	-69.998	
40	111.900	-69.998	
40	112.000	-69.998	
40	112.100	-69.998	
40	112.200	-69.998	
40	112.300	-69.998	
40	112.400	-69.998	
40	112.500	-69.998	
40	112.600	-69.998	
40	112.700	-69.998	
40	112.800	-69.998	
40	112.900	-69.998	
40	113.000	-69.998	
40	113.100	-69.998	
40	113.200	-69.998	
40	113.300	-69.998	
40	113.400	-69.998	
40	113.500	-69.998	
40	113.600	-69.998	
40	113.700	-69.998	
40	113.800	-69.998	
40	113.900	-69.998	
40	114.000	-69.998	
40	114.100	-69.998	
40	114.200	-69.998	
40	114.300	-69.998	
40	114.400	-69.998	
40	114.500	-69.998	
40	114.600	-69.998	
40	114.700	-69.998	
40	114.800	-69.998	
40	114.900	-69.998	
40	115.000	-69.998	
40	115.100	-69.998	
40	115.200	-69.998	
40	115.300	-69.998	
40	115.400	-69.998	
40	115.500	-69.998	
40	115.600	-69.998	
40	115.700	-69.998	
40	115.800	-69.998	
40	115.900	-69.998	
40	116.000	-69.998	
40	116.100	-69.998	
40	116.200	-69.998	
40	116.300	-69.998	
40	116.400	-69.998	
40	116.500	-69.998	
40	116.600	-69.998	
40	116.700	-69.998	
40	116.800	-69.998	
40	116.900	-69.998	
40	117.000	-69.998	
40	117.100	-69.998	
40	117.200	-69.998	
40	117.300	-69.998	
40	117.400	-69.998	
40	117.500	-69.998	
40	117.600	-69.998	
40	117.700	-69.998	
40	117.800	-69.998	
40	117.900	-69.998	
40	118.000	-69.998	
40	118.100	-69.998	
40	118.200	-69.998	
40	118.300	-69.998	
40	118.400	-69.998	
40	118.500	-69.998	
40	118.600	-69.998	
40	118.700	-69.998	
40	118.800	-69.998	
40	118.900	-69.998	
40	119.000	-69.998	
40	119.100	-69.998	
40	119.200	-69.998	
40	119.300	-69.998	
40	119.400	-69.998	
40	119.500	-69.998	
40	119.600	-69.998	
40	119.700	-69.998	
40	119.800	-69.998	
40	119.900	-69.998	
40	120.000	-69.998	
40	120.100	-69.998	
40	120.200	-69.998	
40	120.300	-69.998	
40	120.400	-69.998	
40	120.500	-69.998	
40	120.600	-69.998	
40	120.700	-69.998	
40	120.800	-69.998	
40	120.900	-69.998	
40	121.000	-69.998	
40	121.100	-69.998	
40	121.200	-69.998	
40	121.300	-69.998	
40	121.400	-69.998	
40	121.500	-69.998	
40	121.600	-69.998	
40	121.700	-69.998	
40	121.800	-69.998	
40	121.900	-69.998	
40	122.000	-69.998	
40	122.100	-69.998	
40	122.200	-69.998	
40	122.300	-69.998	
40	122.400	-69.998	
40	122.500	-69.998	
40	122.600	-69.998	
40	122.700	-69.998	
40	122.800	-69.998	
40	122.900	-69.998	
40	123.000	-69.998	
40	123.100	-69.998	
40	123.200	-69.998	
40	123.300	-69.998	
40	123.400	-69.998	
40	123.500	-69.998	
40	123.600	-69.998	
40	123.700	-69.998	
40	123.800	-69.998	
40	123.900	-69.998	
40	124.000	-69.998	
40	124.100	-69.998	
40	124.200	-69.998	
40	124.300	-69.998	
40	124.400	-69.998	
40	124.500	-69.998	
40	124.600	-69.998	
40	124.700	-69.998	
40	124.800	-69.998	
40	124.900	-69.998	
40	125.000	-69.998	
40	125.100	-69.998	
40	125.200	-69.998	
40	125.300	-69.998	
40	125.400	-69.998	
40	125.500	-69.998	
40	125.600	-69.998	
40	125.700	-69.998	
40	125.800	-69.998	
40	125.900	-69.998	
40	126.000	-69.998	
40	126.100	-69.998	
40	126.200	-69.998	
40	126.300	-69.998	
40	126.400	-69.998	
40	126.500	-69.998	
40	126.600	-69.998	
40	126.700	-69.998	
40	126.800	-69.998	
40	126.900	-69.998	
40	127.000	-69.998	
40	127.100	-69.998	
40	127.200	-69.998	
40	127.300	-69.998	
40	127.400	-69.998	
40	127.500	-69.998	
40	127.600	-69.998	
40	127.700	-69.998	
40	127.800	-69.998	
40	127.900	-69.998	
40	128.000	-69.998	
40	128.100	-69.998	
40	128.200	-69.998	
40	128.300	-69.998	
40	128.400	-69.998	
40	128.500	-69.998	
40	128.600	-69.998	
40	128.700	-69.998	
40	128.800	-69.998	
40	128.900	-69.998	
40	129.000	-69.998	
40	129.100	-69.998	
40	129.200	-69.998	
40	129.300	-69.998	
40	129.400	-69.998	
40	129.500	-69.998	
40	129.600	-69.998	
40	129.700	-69.998	
40	129.800	-69.998	
40	129.900	-69.998	
40	130.000	-69.998	
40	130.100	-69.998	
40	130.200	-69.998	
40	130.300	-69.998	
40	130.400	-69.998	
40	130.500	-69.998	
40	130.600	-69.998	
40	130.700	-69.998	
40	130.800	-69.998	
40	130.900	-69.998	
40	131.000	-69.998	
40	131.100	-69.998	
40	131.200	-69.998	
40	131.300	-69.998	
40	131.400	-69.998	
40	131.500	-69.998	
40	131.600	-69.998	
40	131.700	-69.998	
40	131.800	-69.998	
40	131.900	-69.998	
40	132.000	-69.998	
40	132.100	-69.998	
40	132.200	-69.998	
40	132.300	-69.998	
40	132.400	-69.998	
40	132.500	-69.998	
40	132.600	-69.998	
40	132.700	-69.998	
40	132.800	-69.998	
40	132.900	-69.998	
40	133.000	-69.998	
40	133.100	-69.998	
40	133.200	-69.998	
40	133.300	-69.998	
40	133.400	-69.998	
40	133.500	-69.998	
40	133.600	-69.998	
40	133.700	-69.998	
40	133.800	-69.998	
40	133.900	-69.998	
40	134.000	-69.998	
40	134.100	-69.998	
40	134.200	-69.998	
40	134.300	-69.998	
40	134.400	-69.998	
40	134.500	-69.998	
40	134.600	-69.998	
40	134.700	-69.998	
40	134.800	-69.998	
40	134.900	-69.998	
40	135.000	-69.998	
40	135.100	-69.998	
40	135.200	-69.998	
40	135.300	-69.998	
40	135.400	-69.998	
40	135.500	-69.998	
40	135.600	-69.998	
40	135.700	-69.998	
40	135.800	-69.998	
40	135.900	-69.998	
40	136.000	-69.998	
40	136.100	-69.998	
40	136.200	-69.998	
40	136.300	-69.998	
40	136.400	-69.998	
40	136.500	-69.998	
40	136.600	-69.998	
40	136.700	-69.998	
40	136.800	-69.998	
40	136.900	-69.998	
40	137.000	-69.998	
40	137.100	-69.998	
40	137.200	-69.998	
40	137.300	-69.998	
40	137.400	-69.998	
40	137.500	-69.998	
40	137.600	-69.998	
40	137.700	-69.998	
40	137.800	-69.998	
40	137.900	-69.998	
40	138.000	-69.998	
40	138.100	-69.998	
40	138.200	-69.998	
40	138.300	-69.998	
40	138.400	-69.998	
40	138.500	-69.998	
40	138.600	-69.998	
40	138.700	-69.998	
40	138.800	-69.998	
40	138.900	-69.998	
40	139.000	-69.998	
40	139.100	-69.998	
40	139.200	-69.998	
40	139.300	-69.998	
40	139.400	-69.998	
40	139.500	-69.998	
40	139.600	-69.998	
40	139.700	-69.998	
40	139.800	-69.998	
40	139.900	-69.998	
40	140.000	-69.998	
40	140.100	-69.998	
40	140.200	-69.998	
40	140.300	-69.998	
40	140.400	-69.998	
40	140.500	-69.998	
40	140.600	-69.998	
40	140.700	-69.998	
40	140.800	-69.998	
40	140.900	-69.998	
40	141.000	-69.998	
40	141.100	-69.998	
40	141.200	-69.998	
40	141.300	-69.998	
40	141.400	-69.998	
40	141.500	-69.998	
40	141.600	-69.998	
40	141.700	-69.998	
40	141.800	-69.998	
40	141.900	-69.998	
40	142.000	-69.998	
40	142.100	-69.998	
40	142.200	-69.998	
40	142.300	-69.998	
40	142.400	-69.998	
40	142.500	-69.998	
40	142.600	-69.998	
40	142.700	-69.998	
40	142.800	-69.998	
40	142.900	-69.998	
40	143.000	-69.998	
40	143.100	-69.998	
40	143.200	-69.998	
40	143.300	-69.998	
40	143.400	-69.998	
40	143.500	-69.998	
40	143.600	-69.998	
40	143.700	-69.998	
40	143.800	-69.998	
40	143.900	-69.998	
40	144.000	-69.998	
40	144.100	-69.998	
40	144.200	-69.998	
40	144.300	-69.998	
40	144.400	-69.998	
40	144.500	-69.998	
40	144.600	-69.998	
40	144.700	-69.998	
40	144.800	-69.998	
40	144.900	-69.998	
40	145.000	-69.998	
40	145.100	-69.998	
40	145.200	-69.998	
40	145.300	-69.998	
40	145.400	-69.998	
40	145.500	-69.998	
40	145.600	-69.998	
40	145.700	-69.998	
40	145.800	-69.998	
40	145.900	-69.998	
40	146.000	-69.998	
40	146.100	-69.998	
40	146.200	-69.998	
40	146.300	-69.998	
40	146.400	-69.998	
40	146.500	-69.998	
40	146.600	-69.998	
40	146.700	-69.998	
40	146.800	-69.998	
40	146.900	-69.998	
40	147.000	-69.998	
40	147.100	-69.998	
40	147.200	-69.998	
40	147.300	-69.998	
40	147.400	-69.998	
40	147.500	-69.998	
40	147.600	-69.998	
40	147.700	-69.998	
40	147.800	-69.998	
40	147.900	-69.998	
40	148.000	-69.998	
40	148.100	-69.998	
40	148.200	-69.998	
40	148.300	-69.998	
40	148.400	-69.998	
40	148.500	-69.998	
40	148.600	-69.998	
40	148.700	-69.998	
40	148.800	-69.998	
40	148.900	-69.998	
40	149.000	-69.998	
40	149.100	-69.998	
40	149.200	-69.998	
40	149.300	-69.998	
40	149.400	-69.998	
40	149.500	-69.998	
40	149.600	-69.998	
40	149.700	-69.998	
40	149.800	-69.998	
40	149.900	-69.998	
40	150.000	-69.998	
40	150.100	-69.998	
40	150.200	-69.998	
40	150.300	-69.998	
40	150.400	-69.998	
40	150.500	-69.998	
40	150.600	-69.998	
40	150.700	-69.998	
40	150.800	-69.998	
40	150.900	-69.998	
40	151.000	-69.998	
40	151.100	-69.998	
40	151.200	-69.998	
40	151.300	-69.998	
40	151.400	-69.998	
40	151.500	-69.998	
40	151.600	-69.998	
40	151.700	-69.998	
40	151.800	-69.998	
40	151.900	-69.998	
40	152.000	-69.998	
40	152.100	-69.998	
40	152.200	-69.998	
40	152.300	-69.998	
40	152.400	-69.998	
40	152.500	-69.998	
40	152.600	-69.998	
40	152.700	-69.998	
40	152.800	-69.998	
40	152.900	-69.998	
40	153.000	-69.998	
40	153.100	-69.998	
40	153.200	-69.998	
40	153.300	-69.998	
40	153.400	-69.998	
40	153.500	-69.998	
40	153.600	-69.998	
40	153.700	-69.998	
40	153.800	-69.998	
40	153.900	-69.998	
40	154.000	-69.998	
40	154.100	-69.998	
40	154.200	-69.998	
40	154.300	-69.998	
40	154.400	-69.998	
40	154.500	-69.998	
40	154.600	-69.998	
40	154.700	-69.998	
40	154.800	-69.998	
40	154.900	-69.998	
40	155.000	-69.998	
40	155.100	-69.998	
40	155.200	-69.998	
40	155.300	-69.998	
40	155.400	-69.998	
40	155.500	-69.998	
40	155.600	-69.998	
40	155.700	-69.998	
40	155.800	-69.998	
40	155.900	-69.998	
40	156.000	-69.998	
40	156.100	-69.998	
40	156.200	-69.998	
40	156.300	-69.998	
40	156.400	-69.998	
40	156.500	-69.998	
40	156.600	-69.998	
40	156.700	-69.998	
40	156.800	-69.998	
40	156.900	-69.998	
40	157.000	-69.998	
40	157.100	-69.998	
40	157.200	-69.998	
40	157.300	-69.998	
40	157.400	-69.998	
40	157.500	-69.998	
40	157.600	-69.998	
40	157.700	-69.998	
40	157.800	-69.998	
40	157.900	-69.998	
40	158.000	-69.998	
40	158.100	-69.998	
40	158.200	-69.998	
40	158.300	-69.998	
40	158.400	-69.998	
40	158.500	-69.998	
40	158.600	-69.998	
40	158.700	-69.998	
40	158.800	-69.998	
40	158.900	-69.998	
40	159.000	-69.998	
40	159.100	-69.998	
40	159.200	-69.998	
40	159.300	-69.998	
40	159.400	-69.998	
40	159.500	-69.998	
40	159.600	-69.998	
40	159.700	-69.998	
40	159.800	-69.998	
40	159.900	-69.998	
40	160.000	-69.998	
40	160.100	-69.998	
40	160.200	-69.998	
40	160.300	-69.998	
40	160.400	-69.998	
40	160.500	-69.998	
40	160.600	-69.998	
40	160.700	-69.998	
40	160.800	-69.998	
40	160.900	-69.998	
40	161.000	-69.998	
40	161.100	-69.998	
40	161.200	-69.998	
40	161.300	-69.998	
40	161.400	-69.998	
40	161.500	-69.998	
40	161.600	-69.998	
40	161.700	-69.998	
40	161.800	-69.998	
40	161.900	-69.998	
40	162.000	-69.998	
40	162.100	-69.998	
40	162.200	-69.998	
40	162.300	-69.998	
40	162.400	-69.998	
40	162.500	-69.998	
40	162.600	-69.998	
40	162.700	-69.998	
40	162.800	-69.998	
40	162.900	-69.998	
40	163.000	-69.998	
40	163.100	-69.998	
40	163.200	-69.998	
40	163.300	-69.998	
40	163.400	-69.998	
40	163.500	-69.998	
40	163.600	-69.998	
40	163.700	-69.998	
40	163.800	-69.998	
40	163.900	-69.998	
40	164.000	-69.998	
40	164.100	-69.998	
40	164.200	-69.998	
40	164.300	-69.998	
40	164.400	-69.998	
40	164.500	-69.998	
40	164.600	-69.998	
40	164.700	-69.998	
40	164.800	-69.998	
40	164.900	-69.998	
40	165.000	-69.998	
40	165.100	-69.998	
40	165.200	-69.998	
40	165.300	-69.998	
40	165.400	-69.998	
40	165.500	-69.998	
40	165.600	-69.998	
40	165.700	-69.998	
40	165.800	-69.998	
40	165.900	-69.998	
40	166.000	-69.998	
40	166.100	-69.998	
40	166.200	-69.998	
40	166.300	-69.998	
40	166.400	-69.998	
40	166.500	-69.998	
40	166.600	-69.998	
40	166.700	-69.998	
40	166.800	-69.998	
40	166.900	-69.998	
40	167.000	-69.998	
40	167.100	-69.998	
40	167.200	-69.998	
40	167.300	-69.998	
40	167.400	-69.998	
40	167.500	-69.998	
40	167.600	-69.998	
40	167.700	-69.998	
40	167.800	-69.998	
40	167.900	-69.998	
40	168.000	-69.998	
40	168.100	-69.998	
40	168.200	-69.998	
40	168.300	-69.998	
40	168.400	-69.998	
40	168.500	-69.998	
40	168.600	-69.998	
40	168.700	-69.998	
40	168.800	-69.998	
40	168.900	-69.998	
40	169.000	-69.998	
40	169.100	-69.998	
40	169.200	-69.998	
40	169.300	-69.998	
40	169.400	-69.998	
40	169.500	-69.998	
40	169.600	-69.998	
40	169.700	-69.998	
40	169.800	-69.998	
40	169.900	-69.998	
40	170.000	-69.998	
40	170.100	-69.998	
40	170.200	-69.998	
40	170.300	-69.998	
40	170.400	-69.998	
40	170.500	-69.998	
40	170.600	-69.998	
40	170.700	-69.998	
40	170.800	-69.998	
40	170.900	-69.998	
40	171.000	-69.998	
40	171.100	-69.998	
40	171.200	-69.998	
40	171.300	-69.998	
40	171.400	-69.998	
40	171.500	-69.998	
40	171.600	-69.998	
40	171.700	-69.998	
40	171.800	-69.998	
40	171.900	-69.998	
40	172.000	-69.998	
40	172.100	-69.998	
40	172.200	-69.998	
40	172.300	-69.998	
40	172.400	-69.998	
40	172.500	-69.998	
40	172.600	-69.998	
40	172.700	-69.998	
40	172.800	-69.998	
40	172.900	-69.998	
40	173.000	-69.998	
40	173.100	-69.998	
40	173.200	-69.998	
40	173.300	-69.998	
40	173.400	-69.998	
40	173.500	-69.998	
40	173.600	-69.998	
40	173.700	-69.998	
40	173.800	-69.998	
40	173.900	-69.998	
40	174.000	-69.998	
40	174.100	-69.998	
40	174.200	-69.998	
40	174.300	-69.998	
40	174.400	-69.998	
40	174.500	-69.998	
40	174.600	-69.998	
40	174.700	-69.998	
40	174.800	-69.998	
40	174.900	-69.998	
40	175.000	-69.998	
40	175.100	-69.998	
40	175.200	-69.998	
40	175.300	-69.998	
40	175.400	-69.998	
40	175.500	-69.998	
40	175.600	-69.998	
40	175.700	-69.998	
40	175.800	-69.998	
40	175.900	-69.998	
40	176.000	-69.998	
40	176.100	-69.998	
40	176.200	-69.998	
40	176.300	-69.998	
40	176.400	-69.998	
40	176.500	-69.998	
40	176.600	-69.998	
40	176.700	-69.998	
40	176.800	-69.998	
40	176.900	-69.998	
40	177.000	-69.998	
40	177.100	-69.998	
40	177.200	-69.998	
40	177.300	-69.998	
40	177.400	-69.998	
40	177.500	-69.998	
40	177.600	-69.998	
40	177.700	-69.998	
40	177.800	-69.998	
40	177.900	-69.998	
40	178.000	-69.998	
40	178.100	-69.998	
40	178.200	-69.998	
40	178.300	-69.998	
40	178.400	-69.998	
40	178.500	-69.998	
40	178.600	-69.998	
40	178.700	-69.998	
40	178.800	-69.998	
40	178.900	-69.998	
40	179.000	-69.998	
40	179.100	-69.998	
40	179.200	-69.998	
40	179.300	-69.998	
40	179.400	-69.998	
40	179.500	-69.998	
40	179.600	-69.998	
40	179.700	-69.998	
40	179.800	-69.998	
40	179.900	-69.998	
40	180.000	-69.998	
40	180.100	-69.998	
40	180.200	-69.998	
40	180.300	-69.998	
40	180.400	-69.998	
40	180.500	-69.998	
40	180.600	-69.998	
40	180.700	-69.998	
40	180.800	-69.998	
40	180.900	-69.998	
40	181.000	-69.998	
40	181.100	-69.998	
40	181.200	-69.998	
40	181.300	-69.998	
40	181.400	-69.998	
40	181.500	-69.998	
40	181.600	-69.998	
40	181.700	-69.998	
40	181.800	-69.998	
40	181.900	-69.998	
40	182.000	-69.998	
40	182.100	-69.998	
40	182.200	-69.998	
40	182.300	-69.998	
40	182.400	-69.998	
40	182.500	-69.998	
40	182.600	-69.998	
40	182.700	-69.998	
40	182.800	-69.998	
40	182.900	-69.998	
40	183.000	-69.998	
40	183.100	-69.998	
40	183.200	-69.998	
40	183.300	-69.998	
40	183.400	-69.998	
40	183.500	-69.998	
40	183.600	-69.998	
40	183.700	-69.998	
40	183.800	-69.998	
40	183.900	-69.998	
40	184.000	-69.998	
40	184.100	-69.998	
40	184.200	-69.998	
40	184.300	-69.998	
40	184.400	-69.998	
40	184.500	-69.998	
40	184.600	-69.998	
40	184.700	-69.998	
40	184.800	-69.998	
40	184.900	-69.998	
40	185.000	-69.998	
40	185.100	-69.998	
40	185.200	-69.998	
40	185.300	-69.998	
40	185.400	-69.998	
40	185.500	-69.998	
40	185.600	-69.998	
40	185.700	-69.998	
40	185.800	-69.998	
40	185.900	-69.998	
40	186.000	-69.998	
40	186.100	-69.998	
40	186.200	-69.998	
40	186.300	-69.998	
40	186.400	-69.998	
40	186.500	-69.998	
40	186.600	-69.998	
40	186.700	-69.998	
40	186.800	-69.998	
40	186.900	-69.998	
40	187.000	-69.998	
40	187.100	-69.998	
40	187.200	-69.998	
40	187.300	-69.998	
40	187.400	-69.998	
40	187.500	-69.998	
40	187.600	-69.998	
40	187.700	-69.998	
40	187.800	-69.998	
40	187.900	-69.998	
40	188.000	-69.998	
40	188.100	-69.998	
40	188.200	-69.998	
40	188.300	-69.998	
40	188.400	-69.998	
40	188.500	-69.998	
40	188.600	-69.998	
40	188.700	-69.998	
40	188.800	-69.998	
40	188.900	-69.998	
40	189.000	-69.998	
40	189.100	-69.998	
40	189.200	-69.998	
40	189.300	-69.998	
40	189.400	-69.998	
40	189.500	-69.998	
40	189.600	-69.998	
40	189.700	-69.998	
40	189.800	-69.998	
40	189.900	-69.998	
40	190.000	-69.998	
40	190.100	-69.998	
40	190.200	-69.998	
40	190.300	-69.998	
40	190.400	-69.998	
40	190.500	-69.998	
40	190.600	-69.998	
40	190.700	-69.998	
40	190.800	-69.998	
40	190.900	-69.998	
40	191.000	-69.998	
40	191.100	-69.998	
40	191.200	-69.998	
40	191.300	-69.998	
40	191.400	-69.998	
40	191.500	-69.998	
40	191.600	-69.998	
40	191.700	-69.998	
40	191.800	-69.998	
40	191.900	-69.998	
40	192.000	-69.998	
40	192.100	-69.998	
40	192.200	-69.998	
40	192.300	-69.998	
40	192.400	-69.998	
40	192.500	-69.998	
40	192.600	-69.998	
40	192.700	-69.998	
40	192.800	-69.998	
40	192.900	-69.998	
40	193.000	-69.998	
40	193.100	-69.998	
40	193.200	-69.998	
40	193.300	-69.998	
40	193.400	-69.998	
40	193.500	-69.998	
40	193.600	-69.998	
40	193.700	-69.998	
40	193.800	-69.998	
40	193.900	-69.998	
40	194.000	-69.998	
40	194.100	-69.998	
40	194.200	-69.998	
40	194.300	-69.998	
40	194.400	-69.998	
40	194.500	-69.998	
40	194.600	-69.998	
40	194.700	-69.998	
40	194.800	-69.998	
40	194.900	-69.998	
40	195.000	-69.998	
40	195.100	-69.998	
40	195.200	-69.998	
40	195.300	-69.998	
40	195.400	-69.998	
40	195.500	-69.998	
40	195.600	-69.998	
40	195.700	-69.998	
40	195.800	-69.998	
40	195.900	-69.998	
40	196.000	-69.998	
40	196.100	-69.998	
40	196.200	-69.998	
40	196.300	-69.998	
40	196.400	-69.998	
40	196.500	-69.998	
40	196.600	-69.998	
40	196.700	-69.998	
40	196.800	-69.998	
40	196.900	-69.998	
40	197.000	-69.998	
40	197.100	-69.998	
40	197.200	-69.998	
40	197.300	-69.998	
40	197.400	-69.998	
40	197.500	-69.998	
40	197.600	-69.998	
40	197.700	-69.998	
40	197.800	-69.998	
40	197.900	-69.998	
40	198.000	-69.998	
40	198.100	-69.998	
40	198.200	-69.998	
40	198.300	-69.998	
40	198.400	-69.998	
40	198.500	-69.998	
40	198.600	-69.998	
40	198.700	-69.998	
40	198.800	-69.998	
40	198.900	-69.998	
40	199.000	-69.998	
40	199.100	-69.998	
40	199.200	-69.998	
40	199.300	-69.998	
40	199.400	-69.998	
40	199.500	-69.998	
40	199.600	-69.998	
40	199.700	-69.998	
40	199.800	-69.998	
40	199.900	-69.998	
40	200.000	-69.998	
40	200.100	-69.998	
40	200.200	-69.998	
40	200.300	-69.998	
40	200.400	-69.998	
40	200.500	-69.998	
40	200.600	-69.998	
40	200.700	-69.998	
40	200.800	-69.998	
40	200.900	-69.998	
40	201.000	-69.998	
40	201.100	-69.998	
40	201.200	-69.998	
40	201.300	-69.998	
40	201.400	-69.998	
40	201.500	-69.998	
40	201.600	-69.998	
40	201.700	-69.998	
40	201.800	-69.998	
40	201.900	-69.998	
40	202.000	-69.998	
40	202.100	-69.998	
40	202.200	-69.998	
40	202.300	-69.998	
40	202.400	-69.998	
40	202.500	-69.998	
40	202.600	-69.998	
40	202.700	-69.998	
40	202.800	-69.998	
40	202.900	-69.998	
40	203.000	-69.998	
40	203.100	-69.998	
40	203.200	-69.998	
40	203.300	-69.998	
40	203.400	-69.998	
40	203.500	-69.998	
40	203.600	-69.998	
40	203.700	-69.998	
40	203.800	-69.998	
40	203.900	-69.998	
40	204.000	-69.998	
40	204.100	-69.998	
40	204.200	-69.998	
40	204.300	-69.998	
40	204.400	-69.998	
40	204.500	-69.998	
40	204.600	-69.998	
40	204.700	-69.998	
40	204.800	-69.998	
40	204.900	-69.998	
40	205.000	-69.998	
40	205.100	-69.998	
40	205.200	-69.998	
40	205.300	-69.998	
40	205.400	-69.998	
40	205.500	-69.998	
40	205.600	-69.998	
40	205.700	-69.998	
40	205.800	-69.998	
40	205.900	-69.998	
40	206.000	-69.998	
40	206.100	-69.998	
40	206.200	-69.998	
40	206.300	-69.998	
40	206.400	-69.998	
40	206.500	-69.998	
40	206.600	-69.998	
40	206.700	-69.998	
40	206.800	-69.998	
40	206.900	-69.998	
40	207.000	-69.998	
40	207.100	-69.998	
40	207.200	-69.998	
40	207.300	-69.998	
40	207.400	-69.998	
40	207.500	-69.998	
40	207.600	-69.998	
40	207.700	-69.998	
40	207.800	-69.998	
40	207.900	-69.998	
40	208.000	-69.998	
40	208.100	-69.998	
40	208.200	-69.998	
40	208.300	-69.998	
40	208.400	-69.998	
40	208.500	-69.998	
40	208.600	-69.998	
40	208.700	-69.998	
40	208.800	-69.998	
40	208.900	-69.998	
40	209.000	-69.998	
40	209.100	-69.998	
40	209.200	-69.998	
40	209.300	-69.998	
40	209.400	-69.998	
40	209.500	-69.998	
40	209.600	-69.998	
40	209.700	-69.998	
40	209.800	-69.998	
40	209.900	-69.998	
40	210.000	-69.998	
40	210.100	-69.998	
40	210.200	-69.998	
40	210.300	-69.998	
40	210.400	-69.998	
40	210.500	-69.998	
40	210.600	-69.998	
40	210.700	-69.998	
40	210.800	-69.998	
40	210.900	-69.998	
40	211.000	-69.998	
40	211.100	-69.998	
40	211.200	-69.998	
40	211.300	-69.998	
40	211.400	-69.998	
40	211.500	-69.998	
40	211.600	-69.998	
40	211.700	-69.998	
40	211.800	-69.998	
40	211.900	-69.998	
40	212.000	-69.998	
40	212.100	-69.998	
40	212.200	-69.998	
40	212.300	-69.998	
40	212.400	-69.998	
40	212.500	-69.998	
40	212.600	-69.998	
40	212.700	-69.998	
40	212.800	-69.998	
40	212.900	-69.998	
40	213.000	-69.998	
40	213.100	-69.998	
40	213.200	-69.998	
40	213.300	-69.998	
40	213.400	-69.998	
40	213.500	-69.998	
40	213.600	-69.998	
40	213.700	-69.998	
40	213.800	-69.998	
40	213.900	-69.998	
40	214.000	-69.998	
40	214.100	-69.998	
40	214.200	-69.998	
40	214.300	-69.998	
40	214.400	-69.998	
40	214.500	-69.998	
40	214.600	-69.998	
40	214.700	-69.998	
40	214.800	-69.998	
40	214.900	-69.998	
40	215.000	-69.998	
40	215.100	-69.998	
40	215.200	-69.998	
40	215.300	-69.998	
40	215.400	-69.998	
40	215.500	-69.998	
40	215.600	-69.998	
40	215.700	-69.998	
40	215.800	-69.998	
40	215.900	-69.998	
40	216.000	-69.998	
40	216.100	-69.998	
40	216.200	-69.998	
40	216.300	-69.998	
40	216.400	-69.998	
40	216.500	-69.998	
40	216.600	-69.998	
40	216.700	-69.998	
40	216.800	-69.998	
40	216.900	-69.998	
40	217.000	-69.998	
40	217.100	-69.998	
40	217.200	-69.998	
40	217.300	-69.998	
40	217.400	-69.998	
40	217.500	-69.998	
40	217.600	-69.998	
40	217.700	-69.998	
40	217.800	-69.998	
40	217.900	-69.998	
40	218.000	-69.998	
40	218.100	-69.998	
40	218.200	-69.998	
40	218.300	-69.998	
40	218.400	-69.998	
40	218.500	-69.998	
40	218.600	-69.998	
40	218.700	-69.998	
40	218.800	-69.998	
40	218.900	-69.998	
40	219.000	-69.998	
40	219.100	-69.998	
40	219.200	-69.998	
40	219.300	-69.998	
40	219.400	-69.998	
40	219.500	-69.998	
40	219.600	-69.998	
40	219.700	-69.998	
40	219.800	-69.998	
40	219.900	-69.998	
40	220.000	-69.998	
40	220.100	-69.998	
40	220.200	-69.998	
40	220.300	-69.998	
40	220.400	-69.998	
40	220.500	-69.998	
40	220.600	-69.998	
40	220.700	-69.998	
40	220.800	-69.998	
40	220.900	-69.998	
40	221.000	-69.998	
40	221.100	-69.998	
40	221.200	-69.998	
40	221.300	-69.998	
40	221.400	-69.998	
40	221.500	-69.998	
40	221.600	-69.998	
40	221.700	-69.998	
40	221.800	-69.998	
40	221.900	-69.998	
40	222.000	-69.998	
40	222.100	-69.998	
40	222.200	-69.998	
40	222.300	-69.998	
40	222.400	-69.998	
40	222.500	-69.998	
40	222.600	-69.998	
40	222.700	-69.998	
40	222.800	-69.998	
40	222.900	-69.998	
40	223.000	-69.998	
40	223.100	-69.998	
40	223.200	-69.998	
40	223.300	-69.998	
40	223.400	-69.998	
40	223.500	-69.998	
40	223.600	-69.998	
40	223.700	-69.998	
40	223.800	-69.998	
40	223.900	-69.998	
40	224.000	-69.998	
40	224.100	-69.998	
40	224.200	-69.998	
40	224.300	-69.998	
40	224.400	-69.998	
40	224.500	-69.998	
40	224.600	-69.998	
40	224.700	-69.998	
40	224.800	-69.998	
40	224.900	-69.998	
40	225.000	-69.998	
40	225.100	-69.998	
40	225.200	-69.998	
40	225.300	-69.998	
40	225.400	-69.998	
40	225.500	-69.998	
40	225.600	-69.998	
40	225.700	-69.998	
40	225.800	-69.998	
40	225.900	-69.998	
40	226.000	-69.998	
40	226.100	-69.998	
40	226.200	-69.998	
40	226.300	-69.998	
40	226.400	-69.998	
40	226.500	-69.998	
40	226.600	-69.998	
40	226.700	-69.998	
40	226.800	-69.998	
40	226.900	-69.998	
40	227.000	-69.998	
40	227.100	-69.998	
40	227.200	-69.998	
40	227.300	-69.998	
40	227.400	-69.998	
40	227.500	-69.998	
40	227.600	-69.998	
40	227.700	-69.998	
40	227.800	-69.998	
40	227.900	-69.998	
40	228.000	-69.998	
40	228.100	-69.998	
40	228.200	-69.998	
40	228.300	-69.998	
40	228.400	-69.998	
40	228.500	-69.998	
40	228.600	-69.998	
40	228.700	-69.998	
40	228.800	-69.998	
40	228.900	-69.998	
40	229.000	-69.998	
40	229.100	-69.998	
40	229.200	-69.998	
40	229.300	-69.998	
40	229.400	-69.998	
40	229.500	-69.998	
40	229.600	-69.998	
40	229.700	-69.998	
40	229.800	-69.998	
40	229.900	-69.998	
40	230.000	-69.998	
40	230.100	-69.998	
40	230.200	-69.998	
40	230.300	-69.998	
40	230.400	-69.998	
40	230.500	-69.998	
40	230.600	-69.998	
40	230.700	-69.998	
40	230.800	-69.998	
40	230.900	-69.998	
40	231.000	-69.998	
40	231.100	-69.998	
40	231.200	-69.998	
40	231.300	-69.998	
40	231.400	-69.998	
40	231.500	-69.998	
40	231.600	-69.998	
40	231.700	-69.998	
40	231.800	-69.998	
40	231.900	-69.998	
40	232.000	-69.998	
40	232.100	-69.998	
40	232.200	-69.998	
40	232.300	-69.998	
40	232.400	-69.998	
40	232.500	-69.998	
40	232.600	-69.998	
40	232.700	-69.998	
40	232.800	-69.998	
40	232.900	-69.998	
40	233.000	-69.998	
40	233.100	-69.998	
40	233.200	-69.998	
40	233.300	-69.998	
40	233.400	-69.998	
40	233.500	-69.998	
40	233.600	-69.998	
40	233.700	-69.998	
40	233.800	-69.998	
40	233.900	-69.998	
40	234.000	-69.998	
40	234.100	-69.998	
40	234.200	-69.998	
40	234.300	-69.998	
40	234.400	-69.998	
40	234.500	-69.998	
40	234.600	-69.998	
40	234.700	-69.998	
40	234.800	-69.998	
40	234.900	-69.998	
40	235.000	-69.998	
40	235.100	-69.998	
40	235.200	-69.998	
40	235.300	-69.998	
40	235.400	-69.998	
40	235.500	-69.998	
40	235.600	-69.998	
40	235.700	-69.998	
40	235.800	-69.998	
40	235.900	-69.998	
40	236.000	-69.998	
40	236.100	-69.998	
40	236.200	-69.998	
40	236.300	-69.998	
40	236.400	-69.998	
40	236.500	-69.998	
40	236.600	-69.998	
40	236.700	-69.998	
40	236.800	-69.998	
40	236.900	-69.998	
40	237.000	-69.998	
40	237.100	-69.998	
40	237.200	-69.998	
40	237.300	-69.998	
40	237.400	-69.998	
40	237.500	-69.998	
40	237.600	-69.998	
40	237.700	-69.998	
40	237.800	-69.998	
40	237.900	-69.998	
40	238.000	-69.998	
40	238.100	-69.998	
40	238.200	-69.998	
40	238.300	-69.998	
40	238.400	-69.998	
40	238.500	-69.998	
40	238.600	-69.998	
40	238.700	-69.998	
40	238.800	-69.998	
40	238.900	-69.998	
40	239.000	-69.998	
40	239.100	-69.998	
40	239.200	-69.998	
40	239.300	-69.998	
40	239.400	-69.998	
40	239.500	-69.998	
40	239.600	-69.998	
40	239.700	-69.998	
40	239.800	-69.998	
40	239.900	-69.998	
40	240.000	-69.998	
40	240.100	-69.998	
40	240.200	-69.998	
40	240.300	-69.998	
40	240.400	-69.998	
40	240.500	-69.998	
40	240.600	-69.998	
40	240.700	-69.998	
40	240.800	-69.998	
40	240.900	-69.998	
40	241.000	-69.998	
40	241.100	-69.998	
40	241.200	-69.998	
40	241.300	-69.998	
40	241.400	-69.998	
40	241.500	-69.998	
40	241.600	-69.998	
40	241.700	-69.998	
40	241.800	-69.998	
40	241.900	-69.998	
40	242.000	-69.998	
40	242.100	-69.998	
40	242.200	-69.998	
40	242.300	-69.998	
40	242.400	-69.998	
40	242.500	-69.998	
40	242.600	-69.998	
40	242.700	-69.998	
40	242.800	-69.998	
40	242.900	-69.998	
40	243.000	-69.998	
40	243.100	-69.998	
40	243.200	-69.998	
40	243.300	-69.998	
40	243.400	-69.998	
40	243.500	-69.998	
40	243.600	-69.998	
40	243.700	-69.998	
40	243.800	-69.998	
40	243.900	-69.998	
40	244.000	-69.998	
40	244.100	-69.998	
40	244.200	-69.998	
40	244.300	-69.998	
40	244.400	-69.998	
40	244.500	-69.998	
40	244.600	-69.998	
40	244.700	-69.998	
40	244.800	-69.998	
40	244.900	-69.998	
40	245.000	-69.998	
40	245.100	-69.998	
40	245.200	-69.998	
40	245.300	-69.998	
40	245.400	-69.998	
40	245.500	-69.998	
40	245.600	-69.998	
40	245.700	-69.998	
40	245.800	-69.998	
40	245.900	-69.998	
40	246.000	-69.998	
40	246.100	-69.998	
40	246.200	-69.998	
40	246.300	-69.998	
40	246.400	-69.998	
40	246.500	-69.998	
40	246.600	-69.998	
40	246.700	-69.998	
40	246.800	-69.998	
40	246.900	-69.998	
40	247.000	-69.998	
40	247.100	-69.998	
40	247.200	-69.998	
40	247.300	-69.998	
40	247.400	-69.998	
40	247.500	-69.998	
40	247.600	-69.998	
40	247.700	-69.998	
40	247.800	-69.998	
40	247.900	-69.998	
40	248.000	-69.998	
40	248.100	-69.998	
40	248.200	-69.998	
40	248.300	-69.998	
40	248.400	-69.998	
40	248.500	-69.998	
40	248.600	-69.998	
40	248.700	-69.998	
40	248.800	-69.998	
40	248.900	-69.998	
40	249.000	-69.998	
40	249.100	-69.998	
40	249.200	-69.998	
40	249.300	-69.998	
40	249.400	-69.998	
40	249.500	-69.998	
40	249.600	-69.998	
40	249.700	-69.998	
40	249.800	-69.998	
40	249.900	-69.998	
40	250.000	-69.998	
40	250.100	-69.998	
40	250.200	-69.998	
40	250.300	-69.998	
40	250.400	-69.998	
40	250.500	-69.998	
40	250.600	-69.998	
40	250.700	-69.998	
40	250.800	-69.998	
40	250.900	-69.998	
40	251.000	-69.998	
40	251.100	-69.998	
40	251.200	-69.998	
40	251.300	-69.998	
40	251.400	-69.998	
40	251.500	-69.998	
40	251.600	-69.998	
40	251.700	-69.998	
40	251.800	-69.998	
40	251.900	-69.998	
40	252.000	-69.998	
40	252.100	-69.998	
40	252.200	-69.998	
40	252.300	-69.998	
40	252.400	-69.998	
40	252.500	-69.998	
40	252.600	-69.998	
40	252.700	-69.998	
40	252.800	-69.998	
40	252.900	-69.998	
40	253.000	-69.998	
40	253.100	-69.998	
40	253.200	-69.998	
40	253.300	-69.998	
40	253.400	-69.998	
40	253.500	-69.998	
40	253.600	-69.998	
40	253.700	-69.998	
40	253.800	-69.998	
40	253.900	-69.998	
40	254.000	-69.998	
40	254.100	-69.998	
40	254.200	-69.998	
40	254.300	-69.998	
40	254.400	-69.998	
40	254.500	-69.998	
40	254.600	-69.998	
40	254.700	-69.998	
40	254.800	-69.998	
40	254.900	-69.998	
40	255.000	-69.998	
40	255.100	-69.998	
40	255.200	-69.998	
40	255.300	-69.998	
40	255.400	-69.998	
40	255.500	-69.998	
40	255.600	-69.998	
40	255.700	-69.998	
40	255.800	-69.998	
40	255.900	-69.998	
40	256.000	-69.998	
40	256.100	-69.998	
40	256.200	-69.998	
40	256.300	-69.998	
40	256.400	-69.998	
40	256.500	-69.998	
40	256.600	-69.998	
40	256.700	-69.998	
40	256.800	-69.998	
40	256.900	-69.998	
40	257.000	-69.998	
40	257.100	-69.998	
40	257.200	-69.998	
40	257.300	-69.998	
40	257.400	-69.998	
40	257.500	-69.998	
40	257.600	-69.998	
40	257.700	-69.998	
40	257.800	-69.998	
40	257.900	-69.998	
40	258.000	-69.998	
40	258.100	-69.998	
40	258.200	-69.998	
40	258.300	-69.998	
40	258.400	-69.998	
40	258.500	-69.998	
40	258.600	-69.998	
40	258.700	-69.998	
40	258.800	-69.998	
40	258.900	-69.998	
40	259.000	-69.998	
40	259.100	-69.998	
40	259.200	-69.998	
40	259.300	-69.998	
40	259.400	-69.998	
40	259.500	-69.998	
40	259.600	-69.998	
40	259.700	-69.998	
40	259.800	-69.998	
40	259.900	-69.998	
40	260.000	-69.998	
40	260.100	-69.998	
40	260.200	-69.998	
40	260.300	-69.998	
40	260.400	-69.998	
40	260.500	-69.998	
40	260.600	-69.998	
40	260.700	-69.998	
40	260.800	-69.998	
40	260.900	-69.998	
40	261.000	-69.998	
40	261.100	-69.998	
40	261.200	-69.998	
40	261.300	-69.998	
40	261.400	-69.998	
40	261.500	-69.998	
40	261.600	-69.998	
40	261.700	-69.998	
40	261.800	-69.998	
40	261.900	-69.998	
40	262.000	-69.998	
40	262.100	-69.998	
40	262.200	-69.998	
40	262.300	-69.998	
40	262.400	-69.998	
40	262.500	-69.998	
40	262.600	-69.998	
40	262.700	-69.998	
40	262.800	-69.998	
40	262.900	-69.998	
40	263.000	-69.998	
40	263.100	-69.998	
40	263.200	-69.998	
40	263.300	-69.998	
40	263.400	-69.998	
40	263.500	-69.998	
40	263.600	-69.998	
40	263.700	-69.998	
40	263.800	-69.998	
40	263.900	-69.998	
40	264.000	-69.998	
40	264.100	-69.998	
40	264.200	-69.998	
40	264.300	-69.998	
40	264.400	-69.998	
40	264.500	-69.998	
40	264.600	-69.998	
40	264.700	-69.998	
40	264.800	-69.998	
40	264.900	-69.998	
40	265.000	-69.998	
40	265.100	-69.998	
40	265.200	-69.998	
40	265.300	-69.998	
40	265.400	-69.998	
40	265.500	-69.998	
40	265.600	-69.998	
40	265.700	-69.998	
40	265.800	-69.998	
40	265.900	-69.998	
40	266.000	-69.998	
40	266.100	-69.998	
40	266.200	-69.998	
40	266.300	-69.998	
40	266.400	-69.998	
40	266.500	-69.998	
40	266.600	-69.998	
40	266.700	-69.998	
40	266.800	-69.998	
40	266.900	-69.998	
40	267.000	-69.998	
40	267.100	-69.998	
40	267.200	-69.998	
40	267.300	-69.998	
40	267.400	-69.998	
40	267.500	-69.998	
40	267.600	-69.998	
40	267.700	-69.998	
40	267.800	-69.998	
40	267.900	-69.998	
40	268.000	-69.998	
40	268.100	-69.998	
40	268.200	-69.998	
40	268.300	-69.998	
40	268.400	-69.998	
40	268.500	-69.998	
40	268.600	-69.998	
40	268.700	-69.998	
40	268.800	-69.998	
40	268.900	-69.998	
40	269.000	-69.998	
40	269.100	-69.998	
40	269.200	-69.998	
40	269.300	-69.998	
40	269.400	-69.998	
40	269.500	-69.998	
40	269.600	-69.998	
40	269.700	-69.998	
40	269.800	-69.998	
40	269.900	-69.998	
40	270.000	-69.998	
40	270.100	-69.998	
40	270.200	-69.998	
40	270.300	-69.998	
40	270.400	-69.998	
40	270.500	-69.998	
40	270.600	-69.998	
40	270.700	-69.998	
40	270.800	-69.998	
40	270.900	-69.998	
40	271.000	-69.998	
40	271.100	-69.998	
40	271.200	-69.998	
40	271.300	-69.998	
40	271.400	-69.998	
40	271.500	-69.998	
40	271.600	-69.998	
40	271.700	-69.998	
40	271.800	-69.998	
40	271.900	-69.998	
40	272.000	-69.998	
40	272.100	-69.998	
40	272.200	-69.998	
40	272.300	-69.998	
40	272.400	-69.998	
40	272.500	-69.998	
40	272.600	-69.998	
40	272.700	-69.998	
40	272.800	-69.998	
40	272.900	-69.998	
40	273.000	-69.998	
40	273.100	-69.998	
40	273.200	-69.998	
40	273.300	-69.998	
40	273.400	-69.998	
40	273.500	-69.998	
40	273.600	-69.998	
40	273.700	-69.998	
40	273.800	-69.998	
40	273.900	-69.998	
40	274.000	-69.998	
40	274.100	-69.998	
40	274.200	-69.998	
40	274.300	-69.998	
40	274.400	-69.998	
40	274.500	-69.998	
40	274.600	-69.998	
40	274.700	-69.998	
40	274.800	-69.998	
40	274.900	-69.998	
40	275.000	-69.998	
40	275.100	-69.998	
40	275.200	-69.998	
40	275.300	-69.998	
40	275.400	-69.998	
40	275.500	-69.998	
40	275.600	-69.998	
40	275.700	-69.998	
40	275.800	-69.998	
40	275.900	-69.998	
40	276.000	-69.998	
40	276.100	-69.998	
40	276.200	-69.998	
40	276.300	-69.998	
40	276.400	-69.998	
40	276.500	-69.998	
40	276.600	-69.998	
40	276.700	-69.998	
40	276.800	-69.998	
40	276.900	-69.998	
40	277.000	-69.998	
40	277.100	-69.998	
40	277.200	-69.998	
40	277.300	-69.998	
40	277.400	-69.998	
40	277.500	-69.998	
40	277.600	-69.998	
40	277.700	-69.998	
40	277.800	-69.998	
40	277.900	-69.998	
40	278.000	-69.998	
40	278.100	-69.998	
40	278.200	-69.998	
40	278.300	-69.998	
40	278.400	-69.998	
40	278.500	-69.998	
40	278.600	-69.998	
40	278.700	-69.998	
40	278.800	-69.998	
40	278.900	-69.998	
40	279.000	-69.998	
40	279.100	-69.998	
40	279.200	-69.998	
40	279.300	-69.998	
40	279.400	-69.998	
40	279.500	-69.998	
40	279.600	-69.998	
40	279.700	-69.998	
40	279.800	-69.998	
40	279.900	-69.998	
40	280.000	-69.998	
40	280.100	-69.998	
40	280.200	-69.998	
40	280.300	-69.998	
40	280.400	-69.998	
40	280.500	-69.998	
40	280.600	-69.998	
40	280.700	-69.998	
40	280.800	-69.998	
40	280.900	-69.998	
40	281.000	-69.998	
40	281.100	-69.998	
40	281.200	-69.998	
40	281.300	-69.998	
40	281.400	-69.998	
40	281.500	-69.998	
40	281.600	-69.998	
40	281.700	-69.998	
40	281.800	-69.998	
40	281.900	-69.998	
40	282.000	-69.998	
40	282.100	-69.998	
40	282.200	-69.998	
40	282.300	-69.998	
40	282.400	-69.998	
40	282.500	-69.998	
40	282.600	-69.998	
40	282.700	-69.998	
40	282.800	-69.998	
40	282.900	-69.998	
40	283.000	-69.998	
40	283.100	-69.998	
40	283.200	-69.998	
40	283.300	-69.998	
40	283.400	-69.998	
40	283.500	-69.998	
40	283.600	-69.998	
40	283.700	-69.998	
40	283.800	-69.998	
40	283.900	-69.998	
40	284.000	-69.998	
40	284.100	-69.998	
40	284.200	-69.998	
40	284.300	-69.998	
40	284.400	-69.998	
40	284.500	-69.998	
40	284.600	-69.998	
40	284.700	-69.998	
40	284.800	-69.998	
40	284.900	-69.998	
40	285.000	-69.998	
40	285.100	-69.998	
40	285.200	-69.998	
40	285.300	-69.998	
40	285.400	-69.998	
40	285.500	-69.998	
40	285.600	-69.998	
40	285.700	-69.998	
40	285.800	-69.998	
40	285.900	-69.998	
40	286.000	-69.998	
40	286.100	-69.998	
40	286.200	-69.998	
40	286.300	-69.998	
40	286.400	-69.998	
40	286.500	-69.998	
40	286.600	-69.998	
40	286.700	-69.998	
40	286.800	-69.998	
40	286.900	-69.998	
40	287.000	-69.998	
40	287.100	-69.998	
40	287.200	-69.998	
40	287.300	-69.998	
40	287.400	-69.998	
40	287.500	-69.998	
40	287.600	-69.998	
40	287.700	-69.998	
40	287.800	-69.998	
40	287.900	-69.998	
40	288.000	-69.998	
40	288.100	-69.998	
40	288.200	-69.998	
40	288.300	-69.998	
40	288.400	-69.998	
40	288.500	-69.998	
40	288.600	-69.998	
40	288.700	-69.998	
40	288.800	-69.998	
40	288.900	-69.998	
40	289.000	-69.998	
40	289.100	-69.998	
40	289.200	-69.998	
40	289.300	-69.998	
40	289.400	-69.998	
40	289.500	-69.998	
40	289.600	-69.998	
40	289.700	-69.998	
40	289.800	-69.998	
40	289.900	-69.998	
40	290.000	-69.998	
40	290.100	-69.998	
40	290.200	-69.998	
40	290.300	-69.998	
40	290.400	-69.998	
40	290.500	-69.998	
40	290.600	-69.998	
40	290.700	-69.998	
40	290.800	-69.998	
40	290.900	-69.998	
40	291.000	-69.998	
40	291.100	-69.998	
40	291.200	-69.998	
40	291.300	-69.998	
40	291.400	-69.998	
40	291.500	-69.998	
40	291.600	-69.998	
40	291.700	-69.998	
40	291.800	-69.998	
40	291.900	-69.998	
40	292.000	-69.998	
40	292.100	-69.998	
40	292.200	-69.998	
40	292.300	-69.998	
40	292.400	-69.998	
40	292.500	-69.998	
40	292.600	-69.998	
40	292.700	-69.998	
40	292.800	-69.998	
40	292.900	-69.998	
40	293.000	-69.998	
40	293.100	-69.998	
40	293.200	-69.998	
40	293.300	-69.998	
40	293.400	-69.998	
40	293.500	-69.998	
40	293.600	-69.998	
40	293.700	-69.998	
40	293.800	-69.998	
40	293.900	-69.998	
40	294.000	-69.998	
40	294.100	-69.998	
40	294.200	-69.998	
40	294.300	-69.998	
40	294.400	-69.998	
40	294.500	-69.998	
40	294.600	-69.998	
40	294.700	-69.998	
40	294.800	-69.998	
40	294.900	-69.998	
40	295.000	-69.998	
40	295.100	-69.998	
40	295.200	-69.998	
40	295.300	-69.998	
40	295.400	-69.998	
40	295.500	-69.998	
40	295.600	-69.998	
40	295.700	-69.998	
40	295.800	-69.998	
40	295.900	-69.998	
40	296.000	-69.998	
40	296.100	-69.998	
40	296.200	-69.998	
40	296.300	-69.998	
40	296.400	-69.998	
40	296.500	-69.998	
40	296.600	-69.998	
40	296.700	-69.998	
40	296.800	-69.998	
40	296.900	-69.998	
40	297.000	-69.998	
40	297.100	-69.998	
40	297.200	-69.998	
40	297.300	-69.998	
40	297.400	-69.998	
40	297.500	-69.998	
40	297.600	-69.998	
40	297.700	-69.998	
40	297.800	-69.998	
40	297.900	-69.998	
40	298.000	-69.998	
40	298.100	-69.998	
40	298.200	-69.998	
40	298.300	-69.998	
40	298.400	-69.998	
40	298.500	-69.998	
40	298.600	-69.998	
40	298.700	-69.998	
40	298.800	-69.998	
40	298.900	-69.998	
40	299.000	-69.998	
40	299.100	-69.998	
40	299.200	-69.998	
40	299.300	-69.998	
40	299.400	-69.998	
40	299.500	-69.998	
40	299.600	-69.998	
40	299.700	-69.998	
40	299.800	-69.998	
40	299.900	-69.998	
40	300.000	-69.998	
40	300.100	-69.998	
40	300.200	-69.998	
40	300.300	-69.998	
40	300.400	-69.998	
40	300.500	-69.998	
40	300.600	-69.998	
40	300.700	-69.998	
40	300.800	-69.998	
40	300.900	-69.998	
40	301.000	-69.998	
40	301.100	-69.998	
40	301.200	-69.998	
40	301.300	-69.998	
40	301.400	-69.998	
40	301.500	-69.998	
40	301.600	-69.998	
40	301.700	-69.998	
40	301.800	-69.998	
40	301.900	-69.998	
40	302.000	-69.998	
40	302.100	-69.998	
40	302.200	-69.998	
40	302.300	-69.998	
40	302.400	-69.998	
40	302.500	-69.998	
40	302.600	-69.998	
40	302.700	-69.998	
40	302.800	-69.998	
40	302.900	-69.998	
40	303.000	-69.998	
40	303.100	-69.998	
40	303.200	-69.998	
40	303.300	-69.998	
40	303.400	-69.998	
40	303.500	-69.998	
40	303.600	-69.998	
40	303.700	-69.998	
40	303.800	-69.998	
40	303.900	-69.998	
40	304.000	-69.998	
40	304.100	-69.998	
40	304.200	-69.998	
40	304.300	-69.998	
40	304.400	-69.998	
40	304.500	-69.998	
40	304.600	-69.998	
40	304.700	-69.998	
40	304.800	-69.998	
40	304.900	-69.998	
40	305.000	-69.998	
40	305.100	-69.998	
40	305.200	-69.998	
40	305.300	-69.998	
40	305.400	-69.998	
40	305.500	-69.998	
40	305.600	-69.998	
40	305.700	-69.998	
40	305.800	-69.998	
40	305.900	-69.998	
40	306.000	-69.998	
40	306.100	-69.998	
40	306.200	-69.998	
40	306.300	-69.998	
40	306.400	-69.998	
40	306.500	-69.998	
40	306.600	-69.998	
40	306.700	-69.998	
40	306.800	-69.998	
40	306.900	-69.998	
40	307.000	-69.998	
40	307.100	-69.998	
40	307.200	-69.998	
40	307.300	-69.998	
40	307.400	-69.998	
40	307.500	-69.998	
40	307.600	-69.998	
40	307.700	-69.998	
40	307.800	-69.998	
40	307.900	-69.998	
40	308.000	-69.998	
40	308.100	-69.998	
40	308.200	-69.998	
40	308.300	-69.998	
40	308.400	-69.998	
40	308.500	-69.998	
40	308.600	-69.998	
40	308.700	-69.998	
40	308.800	-69.998	
40	308.900	-69.998	
40	309.000	-69.998	
40	309.100	-69.998	
40	309.200	-69.998	
40	309.300	-69.998	
40	309.400	-69.998	
40	309.500	-69.998	
40	309.600	-69.998	
40	309.700	-69.998	
40	309.800	-69.998	
40	309.900	-69.998	
40	310.000	-69.998	
40	310.100	-69.998	
40	310.200	-69.998	
40	310.300	-69.998	
40	310.400	-69.998	
40	310.500	-69.998	
40	310.600	-69.998	
40	310.700	-69.998	
40	310.800	-69.998	
40	310.900	-69.998	
40	311.000	-69.998	
40	311.100	-69.998	
40	311.200	-69.998	
40	311.300	-69.998	
40	311.400	-69.998	
40	311.500	-69.998	
40	311.600	-69.998	
40	311.700	-69.998	
40	311.800	-69.998	
40	311.900	-69.998	
40	312.000	-69.998	
40	312.100	-69.998	
40	312.200	-69.998	
40	312.300	-69.998	
40	312.400	-69.998	
40	312.500	-69.998	
40	312.600	-69.998	
40	312.700	-69.998	
40	312.800	-69.998	
40	312.900	-69.998	
40	313.000	-69.998	
40	313.100	-69.998	
40	313.200	-69.998	
40	313.300	-69.998	
40	313.400	-69.998	
40	313.500	-69.998	
40	313.600	-69.998	
40	313.700	-69.998	
40	313.800	-69.998	
40	313.900	-69.998	
40	314.000	-69.998	
40	314.100	-69.998	
40	314.200	-69.998	
40	314.300	-69.998	
40	314.400	-69.998	
40	314.500	-69.998	
40	314.600	-69.998	
40	314.700	-69.998	
40	314.800	-69.998	
40	314.900	-69.998	
40	315.000	-69.998	
40	315.100	-69.998	
40	315.200	-69.998	
40	315.300	-69.998	
40	315.400	-69.998	
40	315.500	-69.998	
40	315.600	-69.998	
40	315.700	-69.998	
40	315.800	-69.998	
40	315.900	-69.998	
40	316.000	-69.998	
40	316.100	-69.998	
40	316.200	-69.998	
40	316.300	-69.998	
40	316.400	-69.998	
40	316.500	-69.998	
40	316.600	-69.998	
40	316.700	-69.998	
40	316.800	-69.998	
40	316.900	-69.998	
40	317.000	-69.998	
40	317.100	-69.998	
40	317.200	-69.998	
40	317.300	-69.998	
40	317.400	-69.998	
40	317.500	-69.998	
40	317.600	-69.998	
40	317.700	-69.998	
40	317.800	-69.998	
40	317.900	-69.998	
40	318.000	-69.998	
40	318.100	-69.998	
40	318.200	-69.998	
40	318.300	-69.998	
40	318.400	-69.998	
40	318.500	-69.998	
40	318.600	-69.998	
40	318.700	-69.998	
40	318.800	-69.998	
40	318.900	-69.998	
40	319.000	-69.998	
40	319.100	-69.998	
40	319.200	-69.998	
40	319.300	-69.998	
40	319.400	-69.998	
40	319.500	-69.998	
40	319.600	-69.998	
40	319.700	-69.998	
40	319.800	-69.998	
40	319.900	-69.998	
40	320.000	-69.998	
40	320.100	-69.998	
40	320.200	-69.998	
40	320.300	-69.998	
40	320.400	-69.998	
40	320.500	-69.998	
40	320.600	-69.998	
40	320.700	-69.998	
40	320.800	-69.998	
40	320.900	-69.998	
40	321.000	-69.998	
40	321.100	-69.998	
40	321.200	-69.998	
40	321.300	-69.998	
40	321.400	-69.998	
40	321.500	-69.998	
40	321.600	-69.998	
40	321.700	-69.998	
40	321.800	-69.998	
40	321.900	-69.998	
40	322.000	-69.998	
40	322.100	-69.998	
40	322.200	-69.998	
40	322.300	-69.998	
40	322.400	-69.998	
40	322.500	-69.998	
40	322.600	-69.998	
40	322.700	-69.998	
40	322.800	-69.998	
40	322.900	-69.998	
40	323.000	-69.998	
40	323.100	-69.998	
40	323.200	-69.998	
40	323.300	-69.998	
40	323.400	-69.998	
40	323.500	-69.998	
40	323.600	-69.998	
40	323.700	-69.998	
40	323.800	-69.998	
40	323.900	-69.998	
40	324.000	-69.998	
40	324.100	-69.998	
40	324.200	-69.998	
40	324.300	-69.998	
40	324.400	-69.998	
40	324.500	-69.998	
40	324.600	-69.998	
40	324.700	-69.998	
40	324.800	-69.998	
40	324.900	-69.998	
40	325.000	-69.998	
40	325.100	-69.998	
40	325.200	-69.998	
40	325.300	-69.998	
40	325.400	-69.998	
40	325.500	-69.998	
40	325.600	-69.998	
40	325.700	-69.998	
40	325.800	-69.998	
40	325.900	-69.998	
40	326.000	-69.998	
40	326.100	-69.998	
40	326.200	-69.998	
40	326.300	-69.998	
40	326.400	-69.998	
40	326.500	-69.998	
40	326.600	-69.998	
40	326.700	-69.998	
40	326.800	-69.998	
40	326.900	-69.998	
40	327.000	-69.998	
40	327.100	-69.998	
40	327.200	-69.998	
40	327.300	-69.998	
40	327.400	-69.998	
40	327.500	-69.998	
40	327.600	-69.998	
40	327.700	-69.998	
40	327.800	-69.998	
40	327.900	-69.998	
40	328.000	-69.998	
40	328.100	-69.998	
40	328.200	-69.998	
40	328.300	-69.998	
40	328.400	-69.998	
40	328.500	-69.998	
40	328.600	-69.998	
40	328.700	-69.998	
40	328.800	-69.998	
40	328.900	-69.998	
40	329.000	-69.998	
40	329.100	-69.998	
40	329.200	-69.998	
40	329.300	-69.998	
40	329.400	-69.998	
40	329.500	-69.998	
40	329.600	-69.998	
40	329.700	-69.998	
40	329.800	-69.998	
40	329.900	-69.998	
40	330.000	-69.998	
40	330.100	-69.998	
40	330.200	-69.998	
40	330.300	-69.998	
40	330.400	-69.998	
40	330.500	-69.998	
40	330.600	-69.998	
40	330.700	-69.998	
40	330.800	-69.998	
40	330.900	-69.998	
40	331.000	-69.998	
40	331.100	-69.998	
40	331.200	-69.998	
40	331.300	-69.998	
40	331.400	-69.998	
40	331.500	-69.998	
40	331.600	-69.998	
40	331.700	-69.998	
40	331.800	-69.998	
40	331.900	-69.998	
40	332.000	-69.998	
40	332.100	-69.998	
40	332.200	-69.998	
40	332.300	-69.998	
40	332.400	-69.998	
40	332.500	-69.998	
40	332.600	-69.998	
40	332.700	-69.998	
40	332.800	-69.998	
40	332.900	-69.998	
40	333.000	-69.998	
40	333.100	-69.998	
40	333.200	-69.998	
40	333.300	-69.998	
40	333.400	-69.998	
40	333.500	-69.998	
40	333.600	-69.998	
40	333.700	-69.998	
40	333.800	-69.998	
40	333.900	-69.998	
40	334.000	-69.998	
40	334.100	-69.998	
40	334.200	-69.998	
40	334.300	-69.998	
40	334.400	-69.998	
40	334.500	-69.998	
40	334.600	-69.998	
40	334.700	-69.998	
40	334.800	-69.998	
40	334.900	-69.998	
40	335.000	-69.998	
40	335.100	-69.998	
40	335.200	-69.998	
40	335.300	-69.998	
40	335.400	-69.998	
40	335.500	-69.998	
40	335.600	-69.998	
40	335.700	-69.998	
40	335.800	-69.998	
40	335.900	-69.998	
40	336.000	-69.998	
40	336.100	-69.998	
40	336.200	-69.998	
40	336.300	-69.998	
40	336.400	-69.998	
40	336.500	-69.998	
40	336.600	-69.998	
40	336.700	-69.998	
40	336.800	-69.998	
40	336.900	-69.998	
40	337.000	-69.998	
40	337.100	-69.998	
40	337.200	-69.998	
40	337.300	-69.998	
40	337.400	-69.998	
40	337.500	-69.998	
40	337.600	-69.998	
40	337.700	-69.998	
40	337.800	-69.998	
40	337.900	-69.998	
40	338.000	-69.998	
40	338.100	-69.998	
40	338.200	-69.998	
40	338.300	-69.998	
40	338.400	-69.998	
40	338.500	-69.998	
40	338.600	-69.998	
40	338.700	-69.998	
40	338.800	-69.998	
40	338.900	-69.998	
40	339.000	-69.998	
40	339.100	-69.998	
40	339.200	-69.998	
40	339.300	-69.998	
40	339.400	-69.998	
40	339.500	-69.998	
40	339.600	-69.998	
40	339.700	-69.998	
40	339.800	-69.998	
40	339.900	-69.998	
40	340.000	-69.998	
40	340.100	-69.998	
40	340.200	-69.998	
40	340.300	-69.998	
40	340.400	-69.998	
40	340.500	-69.998	
40	340.600	-69.998	
40	340.700	-69.998	
40	340.800	-69.998	
40	340.900	-69.998	
40	341.000	-69.998	
40	341.100	-69.998	
40	341.200	-69.998	
40	341.300	-69.998	
40	341.400	-69.998	
40	341.500	-69.998	
40	341.600	-69.998	
40	341.700	-69.998	
40	341.800	-69.998	
40	341.900	-69.998	
40	342.000	-69.998	
40	342.100	-69.998	
40	342.200	-69.998	
40	342.300	-69.998	
40	342.400	-69.998	
40	342.500	-69.998	
40	342.600	-69.998	
40	342.700	-69.998	
40	342.800	-69.998	
40	342.900	-69.998	
40	343.000	-69.998	
40	343.100	-69.998	
40	343.200	-69.998	
40	343.300	-69.998	
40	343.400	-69.998	
40	343.500	-69.998	
40	343.600	-69.998	
40	343.700	-69.998	
40	343.800	-69.998	
40	343.900	-69.998	
40	344.000	-69.998	
40	344.100	-69.998	
40	344.200	-69.998	
40	344.300	-69.998	
40	344.400	-69.998	
40	344.500	-69.998	
40	344.600	-69.998	
40	344.700	-69.998	
40	344.800	-69.998	
40	344.900	-69.998	
40	345.000	-69.998	
40	345.100	-69.998	
40	345.200	-69.998	
40	345.300	-69.998	
40	345.400	-69.998	
40	345.500	-69.998	
40	345.600	-69.998	
40	345.700	-69.998	
40	345.800	-69.998	
40	345.900	-69.998	
40	346.000	-69.998	
40	346.100	-69.998	
40	346.200	-69.998	
40	346.300	-69.998	
40	346.400	-69.998	
40	346.500	-69.998	
40	346.600	-69.998	
40	346.700	-69.998	
40	346.800	-69.998	
40	346.900	-69.998	
40	347.000	-69.998	
40	347.100	-69.998	
40	347.200	-69.998	
40	347.300	-69.998	
40	347.400	-69.998	
40	347.500	-69.998	
40	347.600	-69.998	
40	347.700	-69.998	
40	347.800	-69.998	
40	347.900	-69.998	
40	348.000	-69.998	
40	348.100	-69.998	
40	348.200	-69.998	
40	348.300	-69.998	
40	348.400	-69.998	
40	348.500	-69.998	
40	348.600	-69.998	
40	348.700	-69.998	
40	348.800	-69.998	
40	348.900	-69.998	
40	349.000	-69.998	
40	349.100	-69.998	
40	349.200	-69.998	
40	349.300	-69.998	
40	349.400	-69.998	
40	349.500	-69.998	
40	349.600	-69.998	
40	349.700	-69.998	
40	349.800	-69.998	
40	349.900	-69.998	
40	350.000	-69.998	
40	350.100	-69.998	
40	350.200	-69.998	
40	350.300	-69.998	
40	350.400	-69.998	
40	350.500	-69.998	
40	350.600	-69.998	
40	350.700	-69.998	
40	350.800	-69.998	
40	350.900	-69.998	
40	351.000	-69.998	
40	351.100	-69.998	
40	351.200	-69.998	
40	351.300	-69.998	
40	351.400	-69.998	
40	351.500	-69.998	
40	351.600	-69.998	
40	351.700	-69.998	
40	351.800	-69.998	
40	351.900	-69.998	
40	352.000	-69.998	
40	352.100	-69.998	
40	352.200	-69.998	
40	352.300	-69.998	
40	352.400	-69.998	
40	352.500	-69.998	
40	352.600	-69.998	
40	352.700	-69.998	
40	352.800	-69.998	
40	352.900	-69.998	
40	353.000	-69.998	
40	353.100	-69.998	
40	353.200	-69.998	
40	353.300	-69.998	
40	353.400	-69.998	
40	353.500	-69.998	
40	353.600	-69.998	
40	353.700	-69.998	
40	353.800	-69.998	
40	353.900	-69.998	
40	354.000	-69.998	
40	354.100	-69.998	
40	354.200	-69.998	
40	354.300	-69.998	
40	354.400	-69.998	
40	354.500	-69.998	
40	354.600	-69.998	
40	354.700	-69.998	
40	354.800	-69.998	
40	354.900	-69.998	
40	355.000	-69.998	
40	355.100	-69.998	
40	355.200	-69.998	
40	355.300	-69.998	
40	355.400	-69.998	
40	355.500	-69.998	
40	355.600	-69.998	
40	355.700	-69.998	
40	355.800	-69.998	
40	355.900	-69.998	
40	356.000	-69.998	
40	356.100	-69.998	
40	356.200	-69.998	
40	356.300	-69.998	
40	356.400	-69.998	
40	356.500	-69.998	
40	356.600	-69.998	
40	356.700	-69.998	
40	356.800	-69.998	
40	356.900	-69.998	
40	357.000	-69.998	
40	357.100	-69.998	
40	357.200	-69.998	
40	357.300	-69.998	
40	357.400	-69.998	
40	357.500	-69.998	
40	357.600	-69.998	
40	357.700	-69.998	
40	357.800	-69.998	
40	357.900	-69.998	
40	358.000	-69.998	
40	358.100	-69.998	
40	358.200	-69.998	
40	358.300	-69.998	
40	358.400	-69.998	
40	358.500	-69.998	
40	358.600	-69.998	
40	358.700	-69.998	
40	358.800	-69.998	
40	358.900	-69.998	
40	359.000	-69.998	
40	359.100	-69.998	
40	359.200	-69.998	
40	359.300	-69.998	
40	359.400	-69.998	
40	359.500	-69.998	
40	359.600	-69.998	
40	359.700	-69.998	
40	359.800	-69.998	
40	359.900	-69.998	
40	360.000	-69.998	
40	360.100	-69.998	
40	360.200	-69.998	
40	360.300	-69.998	
40	360.400	-69.998	
40	360.500	-69.998	
40	360.600	-69.998	
40	360.700	-69.998	
40	360.800	-69.998	
40	360.900	-69.998	
40	361.000	-69.998	
40	361.100	-69.998	
40	361.200	-69.998	
40	361.300	-69.998	
40	361.400	-69.998	
40	361.500	-69.998	
40	361.600	-69.998	
40	361.700	-69.998	
40	361.800	-69.998	
40	361.900	-69.998	
40	362.000	-69.998	
40	362.100	-69.998	
40	362.200	-69.998	
40	362.300	-69.998	
40	362.400	-69.998	
40	362.500	-69.998	
40	362.600	-69.998	
40	362.700	-69.998	
40	362.800	-69.998	
40	362.900	-69.998	
40	363.000	-69.998	
40	363.100	-69.998	
40	363.200	-69.998	
40	363.300	-69.998	
40	363.400	-69.998	
40	363.500	-69.998	
40	363.600	-69.998	
40	363.700	-69.998	
40	363.800	-69.998	
40	363.900	-69.998	
40	364.000	-69.998	
40	364.100	-69.998	
40	364.200	-69.998	
40	364.300	-69.998	
40	364.400	-69.998	
40	364.500	-69.998	
40	364.600	-69.998	
40	364.700	-69.998	
40	364.800	-69.998	
40	364.900	-69.998	
40	365.000	-69.998	
40	365.100	-69.998	
40	365.200	-69.998	
40	365.300	-69.998	
40	365.400	-69.998	
40	365.500	-69.998	
40	365.600	-69.998	
40	365.700	-69.998	
40	365.800	-69.998	
40	365.900	-69.998	
40	366.000	-69.998	
40	366.100	-69.998	
40	366.200	-69.998	
40	366.300	-69.998	
40	366.400	-69.998	
40	366.500	-69.998	
40	366.600	-69.998	
40	366.700	-69.998	
40	366.800	-69.998	
40	366.900	-69.998	
40	367.000	-69.998	
40	367.100	-69.998	
40	367.200	-69.998	
40	367.300	-69.998	
40	367.400	-69.998	
40	367.500	-69.998	
40	367.600	-69.998	
40	367.700	-69.998	
40	367.800	-69.998	
40	367.900	-69.998	
40	368.000	-69.998	
40	368.100	-69.998	
40	368.200	-69.998	
40	368.300	-69.998	
40	368.400	-69.998	
40	368.500	-69.998	
40	368.600	-69.998	
40	368.700	-69.998	
40	368.800	-69.998	
40	368.900	-69.998	
40	369.000	-69.998	
40	369.100	-69.998	
40	369.200	-69.998	
40	369.300	-69.998	
40	369.400	-69.998	
40	369.500	-69.998	
40	369.600	-69.998	
40	369.700	-69.998	
40	369.800	-69.998	
40	369.900	-69.998	
40	370.000	-69.998	
40	370.100	-69.998	
40	370.200	-69.998	
40	370.300	-69.998	
40	370.400	-69.998	
40	370.500	-69.998	
40	370.600	-69.998	
40	370.700	-69.998	
40	370.800	-69.998	
40	370.900	-69.998	
40	371.000	-69.998	
40	371.100	-69.998	
40	371.200	-69.998	
40	371.300	-69.998	
40	371.400	-69.998	
40	371.500	-69.998	
40	371.600	-69.998	
40	371.700	-69.998	
40	371.800	-69.998	
40	371.900	-69.998	
40	372.000	-69.998	
40	372.100	-69.998	
40	372.200	-69.998	
40	372.300	-69.998	
40	372.400	-69.998	
40	372.500	-69.998	
40	372.600	-69.998	
40	372.700	-69.998	
40	372.800	-69.998	
40	372.900	-69.998	
40	373.000	-69.998	
40	373.100	-69.998	
40	373.200	-69.998	
40	373.300	-69.998	
40	373.400	-69.998	
40	373.500	-69.998	
40	373.600	-69.998	
40	373.700	-69.998	
40	373.800	-69.998	
40	373.900	-69.998	
40	374.000	-69.998	
40	374.100	-69.998	
40	374.200	-69.998	
40	374.300	-69.998	
40	374.400	-69.998	
40	374.500	-69.998	
40	374.600	-69.998	
40	374.700	-69.998	
40	374.800	-69.998	
40	374.900	-69.998	
40	375.000	-69.998	
40	375.100	-69.998	
40	375.200	-69.998	
40	375.300	-69.998	
40	375.400	-69.998	
40	375.500	-69.998	
40	375.600	-69.998	
40	375.700	-69.998	
40	375.800	-69.998	
40	375.900	-69.998	
40	376.000	-69.998	
40	376.100	-69.998	
40	376.200	-69.998	
40	376.300	-69.998	
40	376.400	-69.998	
40	376.500	-69.998	
40	376.600	-69.998	
40	376.700	-69.998	
40	376.800	-69.998	
40	376.900	-69.998	
40	377.000	-69.998	
40	377.100	-69.998	
40	377.200	-69.998	
40	377.300	-69.998	
40	377.400	-69.998	
40	377.500	-69.998	
40	377.600	-69.998	
40	377.700	-69.998	
40	377.800	-69.998	
40	377.900	-69.998	
40	378.000	-69.998	
40	378.100	-69.998	
40	378.200	-69.998	
40	378.300	-69.998	
40	378.400	-69.998	
40	378.500	-69.998	
40	378.600	-69.998	
40	378.700	-69.998	
40	378.800	-69.998	
40	378.900	-69.998	
40	379.000	-69.998	
40	379.100	-69.998	
40	379.200	-69.998	
40	379.300	-69.998	
40	379.400	-69.998	
40	379.500	-69.998	
40	379.600	-69.998	
40	379.700	-69.998	
40	379.800	-69.998	
40	379.900	-69.998	
40	380.000	-69.998	
40	380.100	-69.998	
40	380.200	-69.998	
40	380.300	-69.998	
40	380.400	-69.998	
40	380.500	-69.998	
40	380.600	-69.998	
40	380.700	-69.998	
40	380.800	-69.998	
40	380.900	-69.998	
40	381.000	-69.998	
40	381.100	-69.998	
40	381.200	-69.998	
40	381.300	-69.998	
40	381.400	-69.998	
40	381.500	-69.998	
40	381.600	-69.998	
40	381.700	-69.998	
40	381.800	-69.998	
40	381.900	-69.998	
40	382.000	-69.998	
40	382.100	-69.998	
40	382.200	-69.998	
40	382.300	-69.998	
40	382.400	-69.998	
40	382.500	-69.998	
40	382.600	-69.998	
40	382.700	-69.998	
40	382.800	-69.998	
40	382.900	-69.998	
40	383.000	-69.998	
40	383.100	-69.998	
40	383.200	-69.998	
40	383.300	-69.998	
40	383.400	-69.998	
40	383.500	-69.998	
40	383.600	-69.998	
40	383.700	-69.998	
40	383.800	-69.998	
40	383.900	-69.998	
40	384.000	-69.998	
40	384.100	-69.998	
40	384.200	-69.998	
40	384.300	-69.998	
40	384.400	-69.998	
40	384.500	-69.998	
40	384.600	-69.998	
40	384.700	-69.998	
40	384.800	-69.998	
40	384.900	-69.998	
40	385.000	-69.998	
40	385.100	-69.998	
40	385.200	-69.998	
40	385.300	-69.998	
40	385.400	-69.998	
40	385.500	-69.998	
40	385.600	-69.998	
40	385.700	-69.998	
40	385.800	-69.998	
40	385.900	-69.998	
40	386.000	-69.998	
40	386.100	-69.998	
40	386.200	-69.998	
40	386.300	-69.998	
40	386.400	-69.998	
40	386.500	-69.998	
40	386.600	-69.998	
40	386.700	-69.998	
40	386.800	-69.998	
40	386.900	-69.998	
40	387.000	-69.998	
40	387.100	-69.998	
40	387.200	-69.998	
40	387.300	-69.998	
40	387.400	-69.998	
40	387.500	-69.998	
40	387.600	-69.998	
40	387.700	-69.998	
40	387.800	-69.998	
40	387.900	-69.998	
40	388.000	-69.998	
40	388.100	-69.998	
40	388.200	-69.998	
40	388.300	-69.998	
40	388.400	-69.998	
40	388.500	-69.998	
40	388.600	-69.998	
40	388.700	-69.998	
40	388.800	-69.998	
40	388.900	-69.998	
40	389.000	-69.998	
40	389.100	-69.998	
40	389.200	-69.998	
40	389.300	-69.998	
40	389.400	-69.998	
40	389.500	-69.998	
40	389.600	-69.998	
40	389.700	-69.998	
40	389.800	-69.998	
40	389.900	-69.998	
40	390.000	-69.998	
40	390.100	-69.998	
40	390.200	-69.998	
40	390.300	-69.998	
40	390.400	-69.998	
40	390.500	-69.998	
40	390.600	-69.998	
40	390.700	-69.998	
40	390.800	-69.998	
40	390.900	-69.998	
40	391.000	-69.998	
40	391.100	-69.998	
40	391.200	-69.998	
40	391.300	-69.998	
40	391.400	-69.998	
40	391.500	-69.998	
40	391.600	-69.998	
40	391.700	-69.998	
40	391.800	-69.998	
40	391.900	-69.998	
40	392.000	-69.998	
40	392.100	-69.998	
40	392.200	-69.998	
40	392.300	-69.998	
40	392.400	-69.998	
40	392.500	-69.998	
40	392.600	-69.998	
40	392.700	-69.998	
40	392.800	-69.998	
40	392.900	-69.998	
40	393.000	-69.998	
40	393.100	-69.998	
40	393.200	-69.998	
40	393.300	-69.998	
40	393.400	-69.998	
40	393.500	-69.998	
40	393.600	-69.998	
40	393.700	-69.998	
40	393.800	-69.998	
40	393.900	-69.998	
40	394.000	-69.998	
40	394.100	-69.998	
40	394.200	-69.998	
40	394.300	-69.998	
40	394.400	-69.998	
40	394.500	-69.998	
40	394.600	-69.998	
40	394.700	-69.998	
40	394.800	-69.998	
40	394.900	-69.998	
40	395.000	-69.998	
40	395.100	-69.998	
40	395.200	-69.998	
40	395.300	-69.998	
40	395.400	-69.998	
40	395.500	-69.998	
40	395.600	-69.998	
40	395.700	-69.998	
40	395.800	-69.998	
40	395.900	-69.998	
40	396.000	-69.998	
40	396.100	-69.998	
40	396.200	-69.998	
40	396.300	-69.998	
40	396.400	-69.998	
40	396.500	-69.998	
40	396.600	-69.998	
40	396.700	-69.998	
40	396.800	-69.998	
40	396.900	-69.998	
40	397.000	-69.998	
40	397.100	-69.998	
40	397.200	-69.998	
40	397.300	-69.998	
40	397.400	-69.998	
40	397.500	-69.998	
40	397.600	-69.998	
40	397.700	-69.998	
40	397.800	-69.998	
40	397.900	-69.998	
40	398.000	-69.998	
40	398.100	-69.998	
40	398.200	-69.998	
40	398.300	-69.998	
40	398.400	-69.998	
40	398.500	-69.998	
40	398.600	-69.998	
40	398.700	-69.998	
40	398.800	-69.998	
40	398.900	-69.998	
40	399.000	-69.998	
40	399.100	-69.998	
40	399.200	-69.998	
40	399.300	-69.998	
40	399.400	-69.998	
40	399.500	-69.998	
40	399.600	-69.998	
40	399.700	-69.998	
40	399.800	-69.998	
40	399.900	-69.998	
40	400.000	-69.998	
40	400.100	-69.998	
40	400.200	-69.998	
40	400.300	-69.998	
40	400.400	-69.998	
40	400.500	-69.998	
40	400.600	-69.998	
40	400.700	-69.998	
40	400.800	-69.998	
40	400.900	-69.998	
40	401.000	-69.998	
40	401.100	-69.998	
40	401.200	-69.998	
40	401.300	-69.998	
40	401.400	-69.998	
40	401.500	-69.998	
40	401.600	-69.998	
40	401.700	-69.998	
40	401.800	-69.998	
40	401.900	-69.998	
40	402.000	-69.998	
40	402.100	-69.998	
40	402.200	-69.998	
40	402.300	-69.998	
40	402.400	-69.998	
40	402.500	-69.998	
40	402.600	-69.998	
40	402.700	-69.998	
40	402.800	-69.998	
40	402.900	-69.998	
40	403.000	-69.998	
40	403.100	-69.998	
40	403.200	-69.998	
40	403.300	-69.998	
40	403.400	-69.998	
40	403.500	-69.998	
40	403.600	-69.998	
40	403.700	-69.998	
40	403.800	-69.998	
40	403.900	-69.998	
40	404.000	-69.998	
40	404.100	-69.998	
40	404.200	-69.998	
40	404.300	-69.998	
40	404.400	-69.998	
40	404.500	-69.998	
40	404.600	-69.998	
40	404.700	-69.998	
40	404.800	-69.998	
40	404.900	-69.998	
40	405.000	-69.998	
40	405.100	-69.998	
40	405.200	-69.998	
40	405.300	-69.998	
40	405.400	-69.998	
40	405.500	-69.998	
40	405.600	-69.998	
40	405.700	-69.998	
40	405.800	-69.998	
40	405.900	-69.998	
40	406.000	-69.998	
40	406.100	-69.998	
40	406.200	-69.998	
40	406.300	-69.998	
40	406.400	-69.998	
40	406.500	-69.998	
40	406.600	-69.998	
40	406.700	-69.998	
40	406.800	-69.998	
40	406.900	-69.998	
40	407.000	-69.998	
40	407.100	-69.998	
40	407.200	-69.998	
40	407.300	-69.998	
40	407.400	-69.998	
40	407.500	-69.998	
40	407.600	-69.998	
40	407.700	-69.998	
40	407.800	-69.998	
40	407.900	-69.998	
40	408.000	-69.998	
40	408.100	-69.998	
40	408.200	-69.998	
40	408.300	-69.998	
40	408.400	-69.998	
40	408.500	-69.998	
40	408.600	-69.998	
40	408.700	-69.998	
40	408.800	-69.998	
40	408.900	-69.998	
40	409.000	-69.998	
40	409.100	-69.998	
40	409.200	-69.998	
40	409.300	-69.998	
40	409.400	-69.998	
40	409.500	-69.998	
40	409.600	-69.998	
40	409.700	-69.998	
40	409.800	-69.998	
40	409.900	-69.998	
40	410.000	-69.998	
40	410.100	-69.998	
40	410.200	-69.998	
40	410.300	-69.998	
40	410.400	-69.998	
40	410.500	-69.998	
40	410.600	-69.998	
40	410.700	-69.998	
40	410.800	-69.998	
40	410.900	-69.998	
40	411.000	-69.998	
40	411.100	-69.998	
40	411.200	-69.998	
40	411.300	-69.998	
40	411.400	-69.998	
40	411.500	-69.998	
40	411.600	-69.998	
40	411.700	-69.998	
40	411.800	-69.998	
40	411.900	-69.998	
40	412.000	-69.998	
40	412.100	-69.998	
40	412.200	-69.998	
40	412.300	-69.998	
40	412.400	-69.998	
40	412.500	-69.998	
40	412.600	-69.998	
40	412.700	-69.998	
40	412.800	-69.998	
40	412.900	-69.998	
40	413.000	-69.998	
40	413.100	-69.998	
40	413.200	-69.998	
40	413.300	-69.998	
40	413.400	-69.998	
40	413.500	-69.998	
40	413.600	-69.998	
40	413.700	-69.998	
40	413.800	-69.998	
40	413.900	-69.998	
40	414.000	-69.998	
40	414.100	-69.998	
40	414.200	-69.998	
40	414.300	-69.998	
40	414.400	-69.998	
40	414.500	-69.998	
40	414.600	-69.998	
40	414.700	-69.998	
40	414.800	-69.998	
40	414.900	-69.998	
40	415.000	-69.998	
40	415.100	-69.998	
40	415.200	-69.998	
40	415.300	-69.998	
40	415.400	-69.998	
40	415.500	-69.998	
40	415.600	-69.998	
40	415.700	-69.998	
40	415.800	-69.998	
40	415.900	-69.998	
40	416.000	-69.998	
40	416.100	-69.998	
40	416.200	-69.998	
40	416.300	-69.998	
40	416.400	-69.998	
40	416.500	-69.998	
40	416.600	-69.998	
40	416.700	-69.998	
40	416.800	-69.998	
40	416.900	-69.998	
40	417.000	-69.998	
40	417.100	-69.998	
40	417.200	-69.998	
40	417.300	-69.998	
40	417.400	-69.998	
40	417.500	-69.998	
40	417.600	-69.998	
40	417.700	-69.998	
40	417.800	-69.998	
40	417.900	-69.998	
40	418.000	-69.998	
40	418.100	-69.998	
40	418.200	-69.998	
40	418.300	-69.998	
40	418.400	-69.998	
40	418.500	-69.998	
40	418.600	-69.998	
40	418.700	-69.998	
40	418.800	-69.998	
40	418.900	-69.998	
40	419.000	-69.998	
40	419.100	-69.998	
40	419.200	-69.998	
40	419.300	-69.998	
40	419.400	-69.998	
40	419.500	-69.998	
40	419.600	-69.998	
40	419.700	-69.998	
40	419.800	-69.998	
40	419.900	-69.998	
40	420.000	-69.998	
40	420.100	-69.998	
40	420.200	-69.998	
40	420.300	-69.998	
40	420.400	-69.998	
40	420.500	-69.998	
40	420.600	-69.998	
40	420.700	-69.998	
40	420.800	-69.998	
40	420.900	-69.998	
40	421.000	-69.998	
40	421.100	-69.998	
40	421.200	-69.998	
40	421.300	-69.998	
40	421.400	-69.998	
40	421.500	-69.998	
40	421.600	-69.998	
40	421.700	-69.998	
40	421.800	-69.998	
40	421.900	-69.998	
40	422.000	-69.998	
40	422.100	-69.998	
40	422.200	-69.998	
40	422.300	-69.998	
40	422.400	-69.998	
40	422.500	-69.998	
40	422.600	-69.998	
40	422.700	-69.998	
40	422.800	-69.998	
40	422.900	-69.998	
40	423.000	-69.998	
40	423.100	-69.998	
40	423.200	-69.998	
40	423.300	-69.998	
40	423.400	-69.998	
40	423.500	-69.998	
40	423.600	-69.998	
40	423.700	-69.998	
40	423.800	-69.998	
40	423.900	-69.998	
40	424.000	-69.998	
40	424.100	-69.998	
40	424.200	-69.998	
40	424.300	-69.998	
40	424.400	-69.998	
40	424.500	-69.998	
40	424.600	-69.998	
40	424.700	-69.998	
40	424.800	-69.998	
40	424.900	-69.998	
40	425.000	-69.998	
40	425.100	-69.998	
40	425.200	-69.998	
40	425.300	-69.998	
40	425.400	-69.998	
40	425.500	-69.998	
40	425.600	-69.998	
40	425.700	-69.998	
40	425.800	-69.998	
40	425.900	-69.998	
40	426.000	-69.998	
40	426.100	-69.998	
40	426.200	-69.998	
40	426.300	-69.998	
40	426.400	-69.998	
40	426.500	-69.998	
40	426.600	-69.998	
40	426.700	-69.998	
40	426.800	-69.998	
40	426.900	-69.998	
40	427.000	-69.998	
40	427.100	-69.998	
40	427.200	-69.998	
40	427.300	-69.998	
40	427.400	-69.998	
40	427.500	-69.998	
40	427.600	-69.998	
40	427.700	-69.998	
40	427.800	-69.998	
40	427.900	-69.998	
40	428.000	-69.998	
40	428.100	-69.998	
40	428.200	-69.998	
40	428.300	-69.998	
40	428.400	-69.998	
40	428.500	-69.998	
40	428.600	-69.998	
40	428.700	-69.998	
40	428.800	-69.998	
40	428.900	-69.998	
40	429.000	-69.998	
40	429.100	-69.998	
40	429.200	-69.998	
40	429.300	-69.998	
40	429.400	-69.998	
40	429.500	-69.998	
40	429.600	-69.998	
40	429.700	-69.998	
40	429.800	-69.998	
40	429.900	-69.998	
40	430.000	-69.998	
40	430.100	-69.998	
40	430.200	-69.998	
40	430.300	-69.998	
40	430.400	-69.998	
40	430.500	-69.998	
40	430.600	-69.998	
40	430.700	-69.998	
40	430.800	-69.998	
40	430.900	-69.998	
40	431.000	-69.998	
40	431.100	-69.998	
40	431.200	-69.998	
40	431.300	-69.998	
40	431.400	-69.998	
40	431.500	-69.998	
40	431.600	-69.998	
40	431.700	-69.998	
40	431.800	-69.998	
40	431.900	-69.998	
40	432.000	-69.998	
40	432.100	-69.998	
40	432.200	-69.998	
40	432.300	-69.998	
40	432.400	-69.998	
40	432.500	-69.998	
40	432.600	-69.998	
40	432.700	-69.998	
40	432.800	-69.998	
40	432.900	-69.998	
40	433.000	-69.998	
40	433.100	-69.998	
40	433.200	-69.998	
40	433.300	-69.998	
40	433.400	-69.998	
40	433.500	-69.998	
40	433.600	-69.998	
40	433.700	-69.998	
40	433.800	-69.998	
40	433.900	-69.998	
40	434.000	-69.998	
40	434.100	-69.998	
40	434.200	-69.998	
40	434.300	-69.998	
40	434.400	-69.998	
40	434.500	-69.998	
40	434.600	-69.998	
40	434.700	-69.998	
40	434.800	-69.998	
40	434.900	-69.998	
40	435.000	-69.998	
40	435.100	-69.998	
40	435.200	-69.998	
40	435.300	-69.998	
40	435.400	-69.998	
40	435.500	-69.998	
40	435.600	-69.998	
40	435.700	-69.998	
40	435.800	-69.998	
40	435.900	-69.998	
40	436.000	-69.998	
40	436.100	-69.998	
40	436.200	-69.998	
40	436.300	-69.998	
40	436.400	-69.998	
40	436.500	-69.998	
40	436.600	-69.998	
40	436.700	-69.998	
40	436.800	-69.998	
40	436.900	-69.998	
40	437.000	-69.998	
40	437.100	-69.998	
40	437.200	-69.998	
40	437.300	-69.998	
40	437.400	-69.998	
40	437.500	-69.998	
40	437.600	-69.998	
40	437.700	-69.998	
40	437.800	-69.998	
40	437.900	-69.998	
40	438.000	-69.998	
40	438.100	-69.998	
40	438.200	-69.998	
40	438.300	-69.998	
40	438.400	-69.998	
40	438.500	-69.998	
40	438.600	-69.998	
40	438.700	-69.998	
40	438.800	-69.998	
40	438.900	-69.998	
40	439.000	-69.998	
40	439.100	-69.998	
40	439.200	-69.998	
40	439.300	-69.998	
40	439.400	-69.998	
40	439.500	-69.998	
40	439.600	-69.998	
40	439.700	-69.998	
40	439.800	-69.998	
40	439.900	-69.998	
40	440.000	-69.998	
40	440.100	-69.998	
40	440.200	-69.998	
40	440.300	-69.998	
40	440.400	-69.998	
40	440.500	-69.998	
40	440.600	-69.998	
40	440.700	-69.998	
40	440.800	-69.998	
40	440.900	-69.998	
40	441.000	-69.998	
40	441.100	-69.998	
40	441.200	-69.998	
40	441.300	-69.998	
40	441.400	-69.998	
40	441.500	-69.998	
40	441.600	-69.998	
40	441.700	-69.998	
40	441.800	-69.998	
40	441.900	-69.998	
40	442.000	-69.998	
40	442.100	-69.998	
40	442.200	-69.998	
40	442.300	-69.998	
40	442.400	-69.998	
40	442.500	-69.998	
40	442.600	-69.998	
40	442.700	-69.998	
40	442.800	-69.998	
40	442.900	-69.998	
40	443.000	-69.998	
40	443.100	-69.998	
40	443.200	-69.998	
40	443.300	-69.998	
40	443.400	-69.998	
40	443.500	-69.998	
40	443.600	-69.998	
40	443.700	-69.998	
40	443.800	-69.998	
40	443.900	-69.998	
40	444.000	-69.998	
40	444.100	-69.998	
40	444.200	-69.998	
40	444.300	-69.998	
40	444.400	-69.998	
40	444.500	-69.998	
40	444.600	-69.998	
40	444.700	-69.998	
40	444.800	-69.998	
40	444.900	-69.998	
40	445.000	-69.998	
40	445.100	-69.998	
40	445.200	-69.998	
40	445.300	-69.998	
40	445.400	-69.998	
40	445.500	-69.998	
40	445.600	-69.998	
40	445.700	-69.998	
40	445.800	-69.998	
40	445.900	-69.998	
40	446.000	-69.998	
40	446.100	-69.998	
40	446.200	-69.998	
40	446.300	-69.998	
40	446.400	-69.998	
40	446.500	-69.998	
40	446.600	-69.998	
40	446.700	-69.998	
40	446.800	-69.998	
40	446.900	-69.998	
40	447.000	-69.998	
40	447.100	-69.998	
40	447.200	-69.998	
40	447.300	-69.998	
40	447.400	-69.998	
40	447.500	-69.998	
40	447.600	-69.998	
40	447.700	-69.998	
40	447.800	-69.998	
40	447.900	-69.998	
40	448.000	-69.998	
40	448.100	-69.998	
40	448.200	-69.998	
40	448.300	-69.998	
40	448.400	-69.998	
40	448.500	-69.998	
40	448.600	-69.998	
40	448.700	-69.998	
40	448.800	-69.998	
40	448.900	-69.998	
40	449.000	-69.998	
