38	0.100	-70.000	
38	0.200	-70.000	
38	0.300	-70.000	
38	0.400	-70.000	
38	0.500	-70.000	
38	0.600	-70.000	
38	0.700	-70.000	
38	0.800	-70.000	
38	0.900	-70.000	
38	1.000	-70.000	
38	1.100	-70.000	
38	1.200	-70.000	
38	1.300	-70.000	
38	1.400	-70.000	
38	1.500	-70.000	
38	1.600	-70.000	
38	1.700	-70.000	
38	1.800	-69.999	
38	1.900	-69.999	
38	2.000	-69.999	
38	2.100	-69.999	
38	2.200	-69.999	
38	2.300	-69.999	
38	2.400	-69.999	
38	2.500	-69.999	
38	2.600	-69.999	
38	2.700	-69.999	
38	2.800	-69.999	
38	2.900	-69.999	
38	3.000	-69.999	
38	3.100	-69.999	
38	3.200	-69.999	
38	3.300	-69.999	
38	3.400	-69.999	
38	3.500	-69.999	
38	3.600	-69.999	
38	3.700	-69.999	
38	3.800	-69.999	
38	3.900	-69.999	
38	4.000	-69.999	
38	4.100	-69.999	
38	4.200	-69.999	
38	4.300	-69.999	
38	4.400	-69.999	
38	4.500	-69.999	
38	4.600	-69.999	
38	4.700	-69.999	
38	4.800	-69.999	
38	4.900	-69.999	
38	5.000	-69.999	
38	5.100	-69.999	
38	5.200	-69.999	
38	5.300	-69.999	
38	5.400	-69.999	
38	5.500	-69.999	
38	5.600	-69.999	
38	5.700	-69.999	
38	5.800	-69.999	
38	5.900	-69.999	
38	6.000	-69.999	
38	6.100	-69.999	
38	6.200	-69.999	
38	6.300	-69.999	
38	6.400	-69.999	
38	6.500	-69.999	
38	6.600	-69.999	
38	6.700	-69.999	
38	6.800	-69.999	
38	6.900	-69.999	
38	7.000	-69.999	
38	7.100	-69.999	
38	7.200	-69.999	
38	7.300	-69.999	
38	7.400	-69.999	
38	7.500	-69.999	
38	7.600	-69.999	
38	7.700	-69.999	
38	7.800	-69.999	
38	7.900	-69.999	
38	8.000	-69.999	
38	8.100	-69.999	
38	8.200	-69.999	
38	8.300	-69.999	
38	8.400	-69.999	
38	8.500	-69.999	
38	8.600	-69.999	
38	8.700	-69.999	
38	8.800	-69.999	
38	8.900	-69.999	
38	9.000	-69.999	
38	9.100	-69.999	
38	9.200	-69.999	
38	9.300	-69.999	
38	9.400	-69.999	
38	9.500	-69.999	
38	9.600	-69.999	
38	9.700	-69.999	
38	9.800	-69.999	
38	9.900	-69.998	
38	10.000	-69.998	
38	10.100	-69.998	
38	10.200	-69.998	
38	10.300	-69.998	
38	10.400	-69.998	
38	10.500	-69.998	
38	10.600	-69.998	
38	10.700	-69.998	
38	10.800	-69.998	
38	10.900	-69.998	
38	11.000	-69.998	
38	11.100	-69.998	
38	11.200	-69.998	
38	11.300	-69.998	
38	11.400	-69.998	
38	11.500	-69.998	
38	11.600	-69.998	
38	11.700	-69.998	
38	11.800	-69.998	
38	11.900	-69.998	
38	12.000	-69.998	
38	12.100	-69.998	
38	12.200	-69.998	
38	12.300	-69.998	
38	12.400	-69.998	
38	12.500	-69.998	
38	12.600	-69.998	
38	12.700	-69.998	
38	12.800	-69.998	
38	12.900	-69.998	
38	13.000	-69.998	
38	13.100	-69.998	
38	13.200	-69.998	
38	13.300	-69.998	
38	13.400	-69.998	
38	13.500	-69.998	
38	13.600	-69.998	
38	13.700	-69.998	
38	13.800	-69.998	
38	13.900	-69.998	
38	14.000	-69.998	
38	14.100	-69.998	
38	14.200	-69.998	
38	14.300	-69.998	
38	14.400	-69.998	
38	14.500	-69.998	
38	14.600	-69.998	
38	14.700	-69.998	
38	14.800	-69.998	
38	14.900	-69.998	
38	15.000	-69.998	
38	15.100	-69.998	
38	15.200	-69.998	
38	15.300	-69.998	
38	15.400	-69.998	
38	15.500	-69.998	
38	15.600	-69.998	
38	15.700	-69.998	
38	15.800	-69.998	
38	15.900	-69.998	
38	16.000	-69.998	
38	16.100	-69.998	
38	16.200	-69.998	
38	16.300	-69.998	
38	16.400	-69.998	
38	16.500	-69.998	
38	16.600	-69.998	
38	16.700	-69.998	
38	16.800	-69.998	
38	16.900	-69.998	
38	17.000	-69.998	
38	17.100	-69.998	
38	17.200	-69.998	
38	17.300	-69.998	
38	17.400	-69.998	
38	17.500	-69.998	
38	17.600	-69.998	
38	17.700	-69.998	
38	17.800	-69.998	
38	17.900	-69.998	
38	18.000	-69.998	
38	18.100	-69.998	
38	18.200	-69.998	
38	18.300	-69.998	
38	18.400	-69.998	
38	18.500	-69.998	
38	18.600	-69.998	
38	18.700	-69.998	
38	18.800	-69.998	
38	18.900	-69.998	
38	19.000	-69.998	
38	19.100	-69.998	
38	19.200	-69.998	
38	19.300	-69.998	
38	19.400	-69.998	
38	19.500	-69.998	
38	19.600	-69.998	
38	19.700	-69.998	
38	19.800	-69.998	
38	19.900	-69.998	
38	20.000	-69.998	
38	20.100	-69.998	
38	20.200	-69.998	
38	20.300	-69.998	
38	20.400	-69.998	
38	20.500	-69.998	
38	20.600	-69.998	
38	20.700	-69.998	
38	20.800	-69.998	
38	20.900	-69.998	
38	21.000	-69.998	
38	21.100	-69.998	
38	21.200	-69.998	
38	21.300	-69.998	
38	21.400	-69.998	
38	21.500	-69.998	
38	21.600	-69.998	
38	21.700	-69.998	
38	21.800	-69.998	
38	21.900	-69.998	
38	22.000	-69.998	
38	22.100	-69.998	
38	22.200	-69.998	
38	22.300	-69.998	
38	22.400	-69.998	
38	22.500	-69.998	
38	22.600	-69.998	
38	22.700	-69.998	
38	22.800	-69.998	
38	22.900	-69.998	
38	23.000	-69.998	
38	23.100	-69.998	
38	23.200	-69.998	
38	23.300	-69.998	
38	23.400	-69.998	
38	23.500	-69.998	
38	23.600	-69.998	
38	23.700	-69.998	
38	23.800	-69.998	
38	23.900	-69.998	
38	24.000	-69.998	
38	24.100	-69.998	
38	24.200	-69.998	
38	24.300	-69.998	
38	24.400	-69.998	
38	24.500	-69.998	
38	24.600	-69.998	
38	24.700	-69.998	
38	24.800	-69.998	
38	24.900	-69.998	
38	25.000	-69.998	
38	25.100	-69.998	
38	25.200	-69.998	
38	25.300	-69.998	
38	25.400	-69.998	
38	25.500	-69.998	
38	25.600	-69.998	
38	25.700	-69.998	
38	25.800	-69.998	
38	25.900	-69.998	
38	26.000	-69.998	
38	26.100	-69.998	
38	26.200	-69.998	
38	26.300	-69.998	
38	26.400	-69.998	
38	26.500	-69.998	
38	26.600	-69.998	
38	26.700	-69.998	
38	26.800	-69.998	
38	26.900	-69.998	
38	27.000	-69.998	
38	27.100	-69.998	
38	27.200	-69.998	
38	27.300	-69.998	
38	27.400	-69.998	
38	27.500	-69.998	
38	27.600	-69.998	
38	27.700	-69.998	
38	27.800	-69.998	
38	27.900	-69.998	
38	28.000	-69.998	
38	28.100	-69.998	
38	28.200	-69.998	
38	28.300	-69.998	
38	28.400	-69.998	
38	28.500	-69.998	
38	28.600	-69.998	
38	28.700	-69.998	
38	28.800	-69.998	
38	28.900	-69.998	
38	29.000	-69.998	
38	29.100	-69.998	
38	29.200	-69.998	
38	29.300	-69.998	
38	29.400	-69.998	
38	29.500	-69.998	
38	29.600	-69.998	
38	29.700	-69.998	
38	29.800	-69.998	
38	29.900	-69.998	
38	30.000	-69.998	
38	30.100	-69.998	
38	30.200	-69.998	
38	30.300	-69.998	
38	30.400	-69.998	
38	30.500	-69.998	
38	30.600	-69.998	
38	30.700	-69.998	
38	30.800	-69.998	
38	30.900	-69.998	
38	31.000	-69.998	
38	31.100	-69.998	
38	31.200	-69.998	
38	31.300	-69.998	
38	31.400	-69.998	
38	31.500	-69.998	
38	31.600	-69.998	
38	31.700	-69.998	
38	31.800	-69.998	
38	31.900	-69.998	
38	32.000	-69.998	
38	32.100	-69.998	
38	32.200	-69.998	
38	32.300	-69.998	
38	32.400	-69.998	
38	32.500	-69.998	
38	32.600	-69.998	
38	32.700	-69.998	
38	32.800	-69.998	
38	32.900	-69.998	
38	33.000	-69.998	
38	33.100	-69.998	
38	33.200	-69.998	
38	33.300	-69.998	
38	33.400	-69.998	
38	33.500	-69.998	
38	33.600	-69.998	
38	33.700	-69.998	
38	33.800	-69.998	
38	33.900	-69.998	
38	34.000	-69.998	
38	34.100	-69.998	
38	34.200	-69.998	
38	34.300	-69.998	
38	34.400	-69.998	
38	34.500	-69.998	
38	34.600	-69.998	
38	34.700	-69.998	
38	34.800	-69.998	
38	34.900	-69.998	
38	35.000	-69.998	
38	35.100	-69.998	
38	35.200	-69.998	
38	35.300	-69.998	
38	35.400	-69.998	
38	35.500	-69.998	
38	35.600	-69.998	
38	35.700	-69.998	
38	35.800	-69.998	
38	35.900	-69.998	
38	36.000	-69.998	
38	36.100	-69.998	
38	36.200	-69.998	
38	36.300	-69.998	
38	36.400	-69.998	
38	36.500	-69.998	
38	36.600	-69.998	
38	36.700	-69.998	
38	36.800	-69.998	
38	36.900	-69.998	
38	37.000	-69.998	
38	37.100	-69.998	
38	37.200	-69.998	
38	37.300	-69.998	
38	37.400	-69.998	
38	37.500	-69.998	
38	37.600	-69.998	
38	37.700	-69.998	
38	37.800	-69.998	
38	37.900	-69.998	
38	38.000	-69.998	
38	38.100	-69.998	
38	38.200	-69.998	
38	38.300	-69.998	
38	38.400	-69.998	
38	38.500	-69.998	
38	38.600	-69.998	
38	38.700	-69.998	
38	38.800	-69.998	
38	38.900	-69.998	
38	39.000	-69.998	
38	39.100	-69.998	
38	39.200	-69.998	
38	39.300	-69.998	
38	39.400	-69.998	
38	39.500	-69.998	
38	39.600	-69.998	
38	39.700	-69.998	
38	39.800	-69.998	
38	39.900	-69.998	
38	40.000	-69.998	
38	40.100	-69.998	
38	40.200	-69.998	
38	40.300	-69.998	
38	40.400	-69.998	
38	40.500	-69.998	
38	40.600	-69.998	
38	40.700	-69.998	
38	40.800	-69.998	
38	40.900	-69.998	
38	41.000	-69.998	
38	41.100	-69.998	
38	41.200	-69.998	
38	41.300	-69.998	
38	41.400	-69.998	
38	41.500	-69.998	
38	41.600	-69.998	
38	41.700	-69.998	
38	41.800	-69.998	
38	41.900	-69.998	
38	42.000	-69.998	
38	42.100	-69.998	
38	42.200	-69.998	
38	42.300	-69.998	
38	42.400	-69.998	
38	42.500	-69.998	
38	42.600	-69.998	
38	42.700	-69.998	
38	42.800	-69.998	
38	42.900	-69.998	
38	43.000	-69.998	
38	43.100	-69.998	
38	43.200	-69.998	
38	43.300	-69.998	
38	43.400	-69.998	
38	43.500	-69.998	
38	43.600	-69.998	
38	43.700	-69.998	
38	43.800	-69.998	
38	43.900	-69.998	
38	44.000	-69.998	
38	44.100	-69.998	
38	44.200	-69.998	
38	44.300	-69.998	
38	44.400	-69.998	
38	44.500	-69.998	
38	44.600	-69.998	
38	44.700	-69.998	
38	44.800	-69.998	
38	44.900	-69.998	
38	45.000	-69.998	
38	45.100	-69.998	
38	45.200	-69.998	
38	45.300	-69.998	
38	45.400	-69.998	
38	45.500	-69.998	
38	45.600	-69.998	
38	45.700	-69.998	
38	45.800	-69.998	
38	45.900	-69.998	
38	46.000	-69.998	
38	46.100	-69.998	
38	46.200	-69.998	
38	46.300	-69.998	
38	46.400	-69.998	
38	46.500	-69.998	
38	46.600	-69.998	
38	46.700	-69.998	
38	46.800	-69.998	
38	46.900	-69.998	
38	47.000	-69.998	
38	47.100	-69.998	
38	47.200	-69.998	
38	47.300	-69.998	
38	47.400	-69.998	
38	47.500	-69.998	
38	47.600	-69.998	
38	47.700	-69.998	
38	47.800	-69.998	
38	47.900	-69.998	
38	48.000	-69.998	
38	48.100	-69.998	
38	48.200	-69.998	
38	48.300	-69.998	
38	48.400	-69.998	
38	48.500	-69.998	
38	48.600	-69.998	
38	48.700	-69.998	
38	48.800	-69.998	
38	48.900	-69.998	
38	49.000	-69.998	
38	49.100	-69.998	
38	49.200	-69.998	
38	49.300	-69.998	
38	49.400	-69.998	
38	49.500	-69.998	
38	49.600	-69.998	
38	49.700	-69.998	
38	49.800	-69.998	
38	49.900	-69.998	
38	50.000	-69.998	
38	50.100	-69.998	
38	50.200	-69.998	
38	50.300	-69.998	
38	50.400	-69.998	
38	50.500	-69.998	
38	50.600	-69.998	
38	50.700	-69.998	
38	50.800	-69.998	
38	50.900	-69.998	
38	51.000	-69.998	
38	51.100	-69.998	
38	51.200	-69.998	
38	51.300	-69.998	
38	51.400	-69.998	
38	51.500	-69.998	
38	51.600	-69.998	
38	51.700	-69.998	
38	51.800	-69.998	
38	51.900	-69.998	
38	52.000	-69.998	
38	52.100	-69.998	
38	52.200	-69.998	
38	52.300	-69.998	
38	52.400	-69.998	
38	52.500	-69.998	
38	52.600	-69.998	
38	52.700	-69.998	
38	52.800	-69.998	
38	52.900	-69.998	
38	53.000	-69.998	
38	53.100	-69.998	
38	53.200	-69.998	
38	53.300	-69.998	
38	53.400	-69.998	
38	53.500	-69.998	
38	53.600	-69.998	
38	53.700	-69.998	
38	53.800	-69.998	
38	53.900	-69.998	
38	54.000	-69.998	
38	54.100	-69.998	
38	54.200	-69.998	
38	54.300	-69.998	
38	54.400	-69.998	
38	54.500	-69.998	
38	54.600	-69.998	
38	54.700	-69.998	
38	54.800	-69.998	
38	54.900	-69.998	
38	55.000	-69.998	
38	55.100	-69.998	
38	55.200	-69.998	
38	55.300	-69.998	
38	55.400	-69.998	
38	55.500	-69.998	
38	55.600	-69.998	
38	55.700	-69.998	
38	55.800	-69.998	
38	55.900	-69.998	
38	56.000	-69.998	
38	56.100	-69.998	
38	56.200	-69.998	
38	56.300	-69.998	
38	56.400	-69.998	
38	56.500	-69.998	
38	56.600	-69.998	
38	56.700	-69.998	
38	56.800	-69.998	
38	56.900	-69.998	
38	57.000	-69.998	
38	57.100	-69.998	
38	57.200	-69.998	
38	57.300	-69.998	
38	57.400	-69.998	
38	57.500	-69.998	
38	57.600	-69.998	
38	57.700	-69.998	
38	57.800	-69.998	
38	57.900	-69.998	
38	58.000	-69.998	
38	58.100	-69.998	
38	58.200	-69.998	
38	58.300	-69.998	
38	58.400	-69.998	
38	58.500	-69.998	
38	58.600	-69.998	
38	58.700	-69.998	
38	58.800	-69.998	
38	58.900	-69.998	
38	59.000	-69.998	
38	59.100	-69.998	
38	59.200	-69.998	
38	59.300	-69.998	
38	59.400	-69.998	
38	59.500	-69.998	
38	59.600	-69.998	
38	59.700	-69.998	
38	59.800	-69.998	
38	59.900	-69.998	
38	60.000	-69.998	
38	60.100	-69.998	
38	60.200	-69.998	
38	60.300	-69.998	
38	60.400	-69.998	
38	60.500	-69.998	
38	60.600	-69.998	
38	60.700	-69.998	
38	60.800	-69.998	
38	60.900	-69.998	
38	61.000	-69.998	
38	61.100	-69.998	
38	61.200	-69.998	
38	61.300	-69.998	
38	61.400	-69.998	
38	61.500	-69.998	
38	61.600	-69.998	
38	61.700	-69.998	
38	61.800	-69.998	
38	61.900	-69.998	
38	62.000	-69.998	
38	62.100	-69.998	
38	62.200	-69.998	
38	62.300	-69.998	
38	62.400	-69.998	
38	62.500	-69.998	
38	62.600	-69.998	
38	62.700	-69.998	
38	62.800	-69.998	
38	62.900	-69.998	
38	63.000	-69.998	
38	63.100	-69.998	
38	63.200	-69.998	
38	63.300	-69.998	
38	63.400	-69.998	
38	63.500	-69.998	
38	63.600	-69.998	
38	63.700	-69.998	
38	63.800	-69.998	
38	63.900	-69.998	
38	64.000	-69.998	
38	64.100	-69.998	
38	64.200	-69.998	
38	64.300	-69.998	
38	64.400	-69.998	
38	64.500	-69.998	
38	64.600	-69.998	
38	64.700	-69.998	
38	64.800	-69.998	
38	64.900	-69.998	
38	65.000	-69.998	
38	65.100	-69.998	
38	65.200	-69.998	
38	65.300	-69.998	
38	65.400	-69.998	
38	65.500	-69.998	
38	65.600	-69.998	
38	65.700	-69.998	
38	65.800	-69.998	
38	65.900	-69.998	
38	66.000	-69.998	
38	66.100	-69.998	
38	66.200	-69.998	
38	66.300	-69.998	
38	66.400	-69.998	
38	66.500	-69.998	
38	66.600	-69.998	
38	66.700	-69.998	
38	66.800	-69.998	
38	66.900	-69.998	
38	67.000	-69.998	
38	67.100	-69.998	
38	67.200	-69.998	
38	67.300	-69.998	
38	67.400	-69.998	
38	67.500	-69.998	
38	67.600	-69.998	
38	67.700	-69.998	
38	67.800	-69.998	
38	67.900	-69.998	
38	68.000	-69.998	
38	68.100	-69.998	
38	68.200	-69.998	
38	68.300	-69.998	
38	68.400	-69.998	
38	68.500	-69.998	
38	68.600	-69.998	
38	68.700	-69.998	
38	68.800	-69.998	
38	68.900	-69.998	
38	69.000	-69.998	
38	69.100	-69.998	
38	69.200	-69.998	
38	69.300	-69.998	
38	69.400	-69.998	
38	69.500	-69.998	
38	69.600	-69.998	
38	69.700	-69.998	
38	69.800	-69.998	
38	69.900	-69.998	
38	70.000	-69.998	
38	70.100	-69.998	
38	70.200	-69.998	
38	70.300	-69.998	
38	70.400	-69.998	
38	70.500	-69.998	
38	70.600	-69.998	
38	70.700	-69.998	
38	70.800	-69.998	
38	70.900	-69.998	
38	71.000	-69.998	
38	71.100	-69.998	
38	71.200	-69.998	
38	71.300	-69.998	
38	71.400	-69.998	
38	71.500	-69.998	
38	71.600	-69.998	
38	71.700	-69.998	
38	71.800	-69.998	
38	71.900	-69.998	
38	72.000	-69.998	
38	72.100	-69.998	
38	72.200	-69.998	
38	72.300	-69.998	
38	72.400	-69.998	
38	72.500	-69.998	
38	72.600	-69.998	
38	72.700	-69.998	
38	72.800	-69.998	
38	72.900	-69.998	
38	73.000	-69.998	
38	73.100	-69.998	
38	73.200	-69.998	
38	73.300	-69.998	
38	73.400	-69.998	
38	73.500	-69.998	
38	73.600	-69.998	
38	73.700	-69.998	
38	73.800	-69.998	
38	73.900	-69.998	
38	74.000	-69.998	
38	74.100	-69.998	
38	74.200	-69.998	
38	74.300	-69.998	
38	74.400	-69.998	
38	74.500	-69.998	
38	74.600	-69.998	
38	74.700	-69.998	
38	74.800	-69.998	
38	74.900	-69.998	
38	75.000	-69.998	
38	75.100	-69.998	
38	75.200	-69.998	
38	75.300	-69.998	
38	75.400	-69.998	
38	75.500	-69.998	
38	75.600	-69.998	
38	75.700	-69.998	
38	75.800	-69.998	
38	75.900	-69.998	
38	76.000	-69.998	
38	76.100	-69.998	
38	76.200	-69.998	
38	76.300	-69.998	
38	76.400	-69.998	
38	76.500	-69.998	
38	76.600	-69.998	
38	76.700	-69.998	
38	76.800	-69.998	
38	76.900	-69.998	
38	77.000	-69.998	
38	77.100	-69.998	
38	77.200	-69.998	
38	77.300	-69.998	
38	77.400	-69.998	
38	77.500	-69.998	
38	77.600	-69.998	
38	77.700	-69.998	
38	77.800	-69.998	
38	77.900	-69.998	
38	78.000	-69.998	
38	78.100	-69.998	
38	78.200	-69.998	
38	78.300	-69.998	
38	78.400	-69.998	
38	78.500	-69.998	
38	78.600	-69.998	
38	78.700	-69.998	
38	78.800	-69.998	
38	78.900	-69.998	
38	79.000	-69.998	
38	79.100	-69.998	
38	79.200	-69.998	
38	79.300	-69.998	
38	79.400	-69.998	
38	79.500	-69.998	
38	79.600	-69.998	
38	79.700	-69.998	
38	79.800	-69.998	
38	79.900	-69.998	
38	80.000	-69.998	
38	80.100	-69.998	
38	80.200	-69.998	
38	80.300	-69.998	
38	80.400	-69.998	
38	80.500	-69.998	
38	80.600	-69.998	
38	80.700	-69.998	
38	80.800	-69.998	
38	80.900	-69.998	
38	81.000	-69.998	
38	81.100	-69.998	
38	81.200	-69.998	
38	81.300	-69.998	
38	81.400	-69.998	
38	81.500	-69.998	
38	81.600	-69.998	
38	81.700	-69.998	
38	81.800	-69.998	
38	81.900	-69.998	
38	82.000	-69.998	
38	82.100	-69.998	
38	82.200	-69.998	
38	82.300	-69.998	
38	82.400	-69.998	
38	82.500	-69.998	
38	82.600	-69.998	
38	82.700	-69.998	
38	82.800	-69.998	
38	82.900	-69.998	
38	83.000	-69.998	
38	83.100	-69.998	
38	83.200	-69.998	
38	83.300	-69.998	
38	83.400	-69.998	
38	83.500	-69.998	
38	83.600	-69.998	
38	83.700	-69.998	
38	83.800	-69.998	
38	83.900	-69.998	
38	84.000	-69.998	
38	84.100	-69.998	
38	84.200	-69.998	
38	84.300	-69.998	
38	84.400	-69.998	
38	84.500	-69.998	
38	84.600	-69.998	
38	84.700	-69.998	
38	84.800	-69.998	
38	84.900	-69.998	
38	85.000	-69.998	
38	85.100	-69.998	
38	85.200	-69.998	
38	85.300	-69.998	
38	85.400	-69.998	
38	85.500	-69.998	
38	85.600	-69.998	
38	85.700	-69.998	
38	85.800	-69.998	
38	85.900	-69.998	
38	86.000	-69.998	
38	86.100	-69.998	
38	86.200	-69.998	
38	86.300	-69.998	
38	86.400	-69.998	
38	86.500	-69.998	
38	86.600	-69.998	
38	86.700	-69.998	
38	86.800	-69.998	
38	86.900	-69.998	
38	87.000	-69.998	
38	87.100	-69.998	
38	87.200	-69.998	
38	87.300	-69.998	
38	87.400	-69.998	
38	87.500	-69.998	
38	87.600	-69.998	
38	87.700	-69.998	
38	87.800	-69.998	
38	87.900	-69.998	
38	88.000	-69.998	
38	88.100	-69.998	
38	88.200	-69.998	
38	88.300	-69.998	
38	88.400	-69.998	
38	88.500	-69.998	
38	88.600	-69.998	
38	88.700	-69.998	
38	88.800	-69.998	
38	88.900	-69.998	
38	89.000	-69.998	
38	89.100	-69.998	
38	89.200	-69.998	
38	89.300	-69.998	
38	89.400	-69.998	
38	89.500	-69.998	
38	89.600	-69.998	
38	89.700	-69.998	
38	89.800	-69.998	
38	89.900	-69.998	
38	90.000	-69.998	
38	90.100	-69.998	
38	90.200	-69.998	
38	90.300	-69.998	
38	90.400	-69.998	
38	90.500	-69.998	
38	90.600	-69.998	
38	90.700	-69.998	
38	90.800	-69.998	
38	90.900	-69.998	
38	91.000	-69.998	
38	91.100	-69.998	
38	91.200	-69.998	
38	91.300	-69.998	
38	91.400	-69.998	
38	91.500	-69.998	
38	91.600	-69.998	
38	91.700	-69.998	
38	91.800	-69.998	
38	91.900	-69.998	
38	92.000	-69.998	
38	92.100	-69.998	
38	92.200	-69.998	
38	92.300	-69.998	
38	92.400	-69.998	
38	92.500	-69.998	
38	92.600	-69.998	
38	92.700	-69.998	
38	92.800	-69.998	
38	92.900	-69.998	
38	93.000	-69.998	
38	93.100	-69.998	
38	93.200	-69.998	
38	93.300	-69.998	
38	93.400	-69.998	
38	93.500	-69.998	
38	93.600	-69.998	
38	93.700	-69.998	
38	93.800	-69.998	
38	93.900	-69.998	
38	94.000	-69.998	
38	94.100	-69.998	
38	94.200	-69.998	
38	94.300	-69.998	
38	94.400	-69.998	
38	94.500	-69.998	
38	94.600	-69.998	
38	94.700	-69.998	
38	94.800	-69.998	
38	94.900	-69.998	
38	95.000	-69.998	
38	95.100	-69.998	
38	95.200	-69.998	
38	95.300	-69.998	
38	95.400	-69.998	
38	95.500	-69.998	
38	95.600	-69.998	
38	95.700	-69.998	
38	95.800	-69.998	
38	95.900	-69.998	
38	96.000	-69.998	
38	96.100	-69.998	
38	96.200	-69.998	
38	96.300	-69.998	
38	96.400	-69.998	
38	96.500	-69.998	
38	96.600	-69.998	
38	96.700	-69.998	
38	96.800	-69.998	
38	96.900	-69.998	
38	97.000	-69.998	
38	97.100	-69.998	
38	97.200	-69.998	
38	97.300	-69.998	
38	97.400	-69.998	
38	97.500	-69.998	
38	97.600	-69.998	
38	97.700	-69.998	
38	97.800	-69.998	
38	97.900	-69.998	
38	98.000	-69.998	
38	98.100	-69.998	
38	98.200	-69.998	
38	98.300	-69.998	
38	98.400	-69.998	
38	98.500	-69.998	
38	98.600	-69.998	
38	98.700	-69.998	
38	98.800	-69.998	
38	98.900	-69.998	
38	99.000	-69.998	
38	99.100	-69.998	
38	99.200	-69.998	
38	99.300	-69.998	
38	99.400	-69.998	
38	99.500	-69.998	
38	99.600	-69.998	
38	99.700	-69.998	
38	99.800	-69.998	
38	99.900	-69.998	
38	100.000	-69.998	
38	100.100	-69.998	
38	100.200	-69.998	
38	100.300	-69.998	
38	100.400	-69.998	
38	100.500	-69.998	
38	100.600	-69.998	
38	100.700	-69.998	
38	100.800	-69.998	
38	100.900	-69.998	
38	101.000	-69.998	
38	101.100	-69.998	
38	101.200	-69.998	
38	101.300	-69.998	
38	101.400	-69.998	
38	101.500	-69.998	
38	101.600	-69.998	
38	101.700	-69.998	
38	101.800	-69.998	
38	101.900	-69.998	
38	102.000	-69.998	
38	102.100	-69.998	
38	102.200	-69.998	
38	102.300	-69.998	
38	102.400	-69.998	
38	102.500	-69.998	
38	102.600	-69.998	
38	102.700	-69.998	
38	102.800	-69.998	
38	102.900	-69.998	
38	103.000	-69.998	
38	103.100	-69.998	
38	103.200	-69.998	
38	103.300	-69.998	
38	103.400	-69.998	
38	103.500	-69.998	
38	103.600	-69.998	
38	103.700	-69.998	
38	103.800	-69.998	
38	103.900	-69.998	
38	104.000	-69.998	
38	104.100	-69.998	
38	104.200	-69.998	
38	104.300	-69.998	
38	104.400	-69.998	
38	104.500	-69.998	
38	104.600	-69.998	
38	104.700	-69.998	
38	104.800	-69.998	
38	104.900	-69.998	
38	105.000	-69.998	
38	105.100	-69.998	
38	105.200	-69.998	
38	105.300	-69.998	
38	105.400	-69.998	
38	105.500	-69.998	
38	105.600	-69.998	
38	105.700	-69.998	
38	105.800	-69.998	
38	105.900	-69.998	
38	106.000	-69.998	
38	106.100	-69.998	
38	106.200	-69.998	
38	106.300	-69.998	
38	106.400	-69.998	
38	106.500	-69.998	
38	106.600	-69.998	
38	106.700	-69.998	
38	106.800	-69.998	
38	106.900	-69.998	
38	107.000	-69.998	
38	107.100	-69.998	
38	107.200	-69.998	
38	107.300	-69.998	
38	107.400	-69.998	
38	107.500	-69.998	
38	107.600	-69.998	
38	107.700	-69.998	
38	107.800	-69.998	
38	107.900	-69.998	
38	108.000	-69.998	
38	108.100	-69.998	
38	108.200	-69.998	
38	108.300	-69.998	
38	108.400	-69.998	
38	108.500	-69.998	
38	108.600	-69.998	
38	108.700	-69.998	
38	108.800	-69.998	
38	108.900	-69.998	
38	109.000	-69.998	
38	109.100	-69.998	
38	109.200	-69.998	
38	109.300	-69.998	
38	109.400	-69.998	
38	109.500	-69.998	
38	109.600	-69.998	
38	109.700	-69.998	
38	109.800	-69.998	
38	109.900	-69.998	
38	110.000	-69.998	
38	110.100	-69.998	
38	110.200	-69.998	
38	110.300	-69.998	
38	110.400	-69.998	
38	110.500	-69.998	
38	110.600	-69.998	
38	110.700	-69.998	
38	110.800	-69.998	
38	110.900	-69.998	
38	111.000	-69.998	
38	111.100	-69.998	
38	111.200	-69.998	
38	111.300	-69.998	
38	111.400	-69.998	
38	111.500	-69.998	
38	111.600	-69.998	
38	111.700	-69.998	
38	111.800	-69.998	
38	111.900	-69.998	
38	112.000	-69.998	
38	112.100	-69.998	
38	112.200	-69.998	
38	112.300	-69.998	
38	112.400	-69.998	
38	112.500	-69.998	
38	112.600	-69.998	
38	112.700	-69.998	
38	112.800	-69.998	
38	112.900	-69.998	
38	113.000	-69.998	
38	113.100	-69.998	
38	113.200	-69.998	
38	113.300	-69.998	
38	113.400	-69.998	
38	113.500	-69.998	
38	113.600	-69.998	
38	113.700	-69.998	
38	113.800	-69.998	
38	113.900	-69.998	
38	114.000	-69.998	
38	114.100	-69.998	
38	114.200	-69.998	
38	114.300	-69.998	
38	114.400	-69.998	
38	114.500	-69.998	
38	114.600	-69.998	
38	114.700	-69.998	
38	114.800	-69.998	
38	114.900	-69.998	
38	115.000	-69.998	
38	115.100	-69.998	
38	115.200	-69.998	
38	115.300	-69.998	
38	115.400	-69.998	
38	115.500	-69.998	
38	115.600	-69.998	
38	115.700	-69.998	
38	115.800	-69.998	
38	115.900	-69.998	
38	116.000	-69.998	
38	116.100	-69.998	
38	116.200	-69.998	
38	116.300	-69.998	
38	116.400	-69.998	
38	116.500	-69.998	
38	116.600	-69.998	
38	116.700	-69.998	
38	116.800	-69.998	
38	116.900	-69.998	
38	117.000	-69.998	
38	117.100	-69.998	
38	117.200	-69.998	
38	117.300	-69.998	
38	117.400	-69.998	
38	117.500	-69.998	
38	117.600	-69.998	
38	117.700	-69.998	
38	117.800	-69.998	
38	117.900	-69.998	
38	118.000	-69.998	
38	118.100	-69.998	
38	118.200	-69.998	
38	118.300	-69.998	
38	118.400	-69.998	
38	118.500	-69.998	
38	118.600	-69.998	
38	118.700	-69.998	
38	118.800	-69.998	
38	118.900	-69.998	
38	119.000	-69.998	
38	119.100	-69.998	
38	119.200	-69.998	
38	119.300	-69.998	
38	119.400	-69.998	
38	119.500	-69.998	
38	119.600	-69.998	
38	119.700	-69.998	
38	119.800	-69.998	
38	119.900	-69.998	
38	120.000	-69.998	
38	120.100	-69.998	
38	120.200	-69.998	
38	120.300	-69.998	
38	120.400	-69.998	
38	120.500	-69.998	
38	120.600	-69.998	
38	120.700	-69.998	
38	120.800	-69.998	
38	120.900	-69.998	
38	121.000	-69.998	
38	121.100	-69.998	
38	121.200	-69.998	
38	121.300	-69.998	
38	121.400	-69.998	
38	121.500	-69.998	
38	121.600	-69.998	
38	121.700	-69.998	
38	121.800	-69.998	
38	121.900	-69.998	
38	122.000	-69.998	
38	122.100	-69.998	
38	122.200	-69.998	
38	122.300	-69.998	
38	122.400	-69.998	
38	122.500	-69.998	
38	122.600	-69.998	
38	122.700	-69.998	
38	122.800	-69.998	
38	122.900	-69.998	
38	123.000	-69.998	
38	123.100	-69.998	
38	123.200	-69.998	
38	123.300	-69.998	
38	123.400	-69.998	
38	123.500	-69.998	
38	123.600	-69.998	
38	123.700	-69.998	
38	123.800	-69.998	
38	123.900	-69.998	
38	124.000	-69.998	
38	124.100	-69.998	
38	124.200	-69.998	
38	124.300	-69.998	
38	124.400	-69.998	
38	124.500	-69.998	
38	124.600	-69.998	
38	124.700	-69.998	
38	124.800	-69.998	
38	124.900	-69.998	
38	125.000	-69.998	
38	125.100	-69.998	
38	125.200	-69.998	
38	125.300	-69.998	
38	125.400	-69.998	
38	125.500	-69.998	
38	125.600	-69.998	
38	125.700	-69.998	
38	125.800	-69.998	
38	125.900	-69.998	
38	126.000	-69.998	
38	126.100	-69.998	
38	126.200	-69.998	
38	126.300	-69.998	
38	126.400	-69.998	
38	126.500	-69.998	
38	126.600	-69.998	
38	126.700	-69.998	
38	126.800	-69.998	
38	126.900	-69.998	
38	127.000	-69.998	
38	127.100	-69.998	
38	127.200	-69.998	
38	127.300	-69.998	
38	127.400	-69.998	
38	127.500	-69.998	
38	127.600	-69.998	
38	127.700	-69.998	
38	127.800	-69.998	
38	127.900	-69.998	
38	128.000	-69.998	
38	128.100	-69.998	
38	128.200	-69.998	
38	128.300	-69.998	
38	128.400	-69.998	
38	128.500	-69.998	
38	128.600	-69.998	
38	128.700	-69.998	
38	128.800	-69.998	
38	128.900	-69.998	
38	129.000	-69.998	
38	129.100	-69.998	
38	129.200	-69.998	
38	129.300	-69.998	
38	129.400	-69.998	
38	129.500	-69.998	
38	129.600	-69.998	
38	129.700	-69.998	
38	129.800	-69.998	
38	129.900	-69.998	
38	130.000	-69.998	
38	130.100	-69.998	
38	130.200	-69.998	
38	130.300	-69.998	
38	130.400	-69.998	
38	130.500	-69.998	
38	130.600	-69.998	
38	130.700	-69.998	
38	130.800	-69.998	
38	130.900	-69.998	
38	131.000	-69.998	
38	131.100	-69.998	
38	131.200	-69.998	
38	131.300	-69.998	
38	131.400	-69.998	
38	131.500	-69.998	
38	131.600	-69.998	
38	131.700	-69.998	
38	131.800	-69.998	
38	131.900	-69.998	
38	132.000	-69.998	
38	132.100	-69.998	
38	132.200	-69.998	
38	132.300	-69.998	
38	132.400	-69.998	
38	132.500	-69.998	
38	132.600	-69.998	
38	132.700	-69.998	
38	132.800	-69.998	
38	132.900	-69.998	
38	133.000	-69.998	
38	133.100	-69.998	
38	133.200	-69.998	
38	133.300	-69.998	
38	133.400	-69.998	
38	133.500	-69.998	
38	133.600	-69.998	
38	133.700	-69.998	
38	133.800	-69.998	
38	133.900	-69.998	
38	134.000	-69.998	
38	134.100	-69.998	
38	134.200	-69.998	
38	134.300	-69.998	
38	134.400	-69.998	
38	134.500	-69.998	
38	134.600	-69.998	
38	134.700	-69.998	
38	134.800	-69.998	
38	134.900	-69.998	
38	135.000	-69.998	
38	135.100	-69.998	
38	135.200	-69.998	
38	135.300	-69.998	
38	135.400	-69.998	
38	135.500	-69.998	
38	135.600	-69.998	
38	135.700	-69.998	
38	135.800	-69.998	
38	135.900	-69.998	
38	136.000	-69.998	
38	136.100	-69.998	
38	136.200	-69.998	
38	136.300	-69.998	
38	136.400	-69.998	
38	136.500	-69.998	
38	136.600	-69.998	
38	136.700	-69.998	
38	136.800	-69.998	
38	136.900	-69.998	
38	137.000	-69.998	
38	137.100	-69.998	
38	137.200	-69.998	
38	137.300	-69.998	
38	137.400	-69.998	
38	137.500	-69.998	
38	137.600	-69.998	
38	137.700	-69.998	
38	137.800	-69.998	
38	137.900	-69.998	
38	138.000	-69.998	
38	138.100	-69.998	
38	138.200	-69.998	
38	138.300	-69.998	
38	138.400	-69.998	
38	138.500	-69.998	
38	138.600	-69.998	
38	138.700	-69.998	
38	138.800	-69.998	
38	138.900	-69.998	
38	139.000	-69.998	
38	139.100	-69.998	
38	139.200	-69.998	
38	139.300	-69.998	
38	139.400	-69.998	
38	139.500	-69.998	
38	139.600	-69.998	
38	139.700	-69.998	
38	139.800	-69.998	
38	139.900	-69.998	
38	140.000	-69.998	
38	140.100	-69.998	
38	140.200	-69.998	
38	140.300	-69.998	
38	140.400	-69.998	
38	140.500	-69.998	
38	140.600	-69.998	
38	140.700	-69.998	
38	140.800	-69.998	
38	140.900	-69.998	
38	141.000	-69.998	
38	141.100	-69.998	
38	141.200	-69.998	
38	141.300	-69.998	
38	141.400	-69.998	
38	141.500	-69.998	
38	141.600	-69.998	
38	141.700	-69.998	
38	141.800	-69.998	
38	141.900	-69.998	
38	142.000	-69.998	
38	142.100	-69.998	
38	142.200	-69.998	
38	142.300	-69.998	
38	142.400	-69.998	
38	142.500	-69.998	
38	142.600	-69.998	
38	142.700	-69.998	
38	142.800	-69.998	
38	142.900	-69.998	
38	143.000	-69.998	
38	143.100	-69.998	
38	143.200	-69.998	
38	143.300	-69.998	
38	143.400	-69.998	
38	143.500	-69.998	
38	143.600	-69.998	
38	143.700	-69.998	
38	143.800	-69.998	
38	143.900	-69.998	
38	144.000	-69.998	
38	144.100	-69.998	
38	144.200	-69.998	
38	144.300	-69.998	
38	144.400	-69.998	
38	144.500	-69.998	
38	144.600	-69.998	
38	144.700	-69.998	
38	144.800	-69.998	
38	144.900	-69.998	
38	145.000	-69.998	
38	145.100	-69.998	
38	145.200	-69.998	
38	145.300	-69.998	
38	145.400	-69.998	
38	145.500	-69.998	
38	145.600	-69.998	
38	145.700	-69.998	
38	145.800	-69.998	
38	145.900	-69.998	
38	146.000	-69.998	
38	146.100	-69.998	
38	146.200	-69.998	
38	146.300	-69.998	
38	146.400	-69.998	
38	146.500	-69.998	
38	146.600	-69.998	
38	146.700	-69.998	
38	146.800	-69.998	
38	146.900	-69.998	
38	147.000	-69.998	
38	147.100	-69.998	
38	147.200	-69.998	
38	147.300	-69.998	
38	147.400	-69.998	
38	147.500	-69.998	
38	147.600	-69.998	
38	147.700	-69.998	
38	147.800	-69.998	
38	147.900	-69.998	
38	148.000	-69.998	
38	148.100	-69.998	
38	148.200	-69.998	
38	148.300	-69.998	
38	148.400	-69.998	
38	148.500	-69.998	
38	148.600	-69.998	
38	148.700	-69.998	
38	148.800	-69.998	
38	148.900	-69.998	
38	149.000	-69.998	
38	149.100	-69.998	
38	149.200	-69.998	
38	149.300	-69.998	
38	149.400	-69.998	
38	149.500	-69.998	
38	149.600	-69.998	
38	149.700	-69.998	
38	149.800	-69.998	
38	149.900	-69.998	
38	150.000	-69.998	
38	150.100	-69.998	
38	150.200	-69.998	
38	150.300	-69.998	
38	150.400	-69.998	
38	150.500	-69.998	
38	150.600	-69.998	
38	150.700	-69.998	
38	150.800	-69.998	
38	150.900	-69.998	
38	151.000	-69.998	
38	151.100	-69.998	
38	151.200	-69.998	
38	151.300	-69.998	
38	151.400	-69.998	
38	151.500	-69.998	
38	151.600	-69.998	
38	151.700	-69.998	
38	151.800	-69.998	
38	151.900	-69.998	
38	152.000	-69.998	
38	152.100	-69.998	
38	152.200	-69.998	
38	152.300	-69.998	
38	152.400	-69.998	
38	152.500	-69.998	
38	152.600	-69.998	
38	152.700	-69.998	
38	152.800	-69.998	
38	152.900	-69.998	
38	153.000	-69.998	
38	153.100	-69.998	
38	153.200	-69.998	
38	153.300	-69.998	
38	153.400	-69.998	
38	153.500	-69.998	
38	153.600	-69.998	
38	153.700	-69.998	
38	153.800	-69.998	
38	153.900	-69.998	
38	154.000	-69.998	
38	154.100	-69.998	
38	154.200	-69.998	
38	154.300	-69.998	
38	154.400	-69.998	
38	154.500	-69.998	
38	154.600	-69.998	
38	154.700	-69.998	
38	154.800	-69.998	
38	154.900	-69.998	
38	155.000	-69.998	
38	155.100	-69.998	
38	155.200	-69.998	
38	155.300	-69.998	
38	155.400	-69.998	
38	155.500	-69.998	
38	155.600	-69.998	
38	155.700	-69.998	
38	155.800	-69.998	
38	155.900	-69.998	
38	156.000	-69.998	
38	156.100	-69.998	
38	156.200	-69.998	
38	156.300	-69.998	
38	156.400	-69.998	
38	156.500	-69.998	
38	156.600	-69.998	
38	156.700	-69.998	
38	156.800	-69.998	
38	156.900	-69.998	
38	157.000	-69.998	
38	157.100	-69.998	
38	157.200	-69.998	
38	157.300	-69.998	
38	157.400	-69.998	
38	157.500	-69.998	
38	157.600	-69.998	
38	157.700	-69.998	
38	157.800	-69.998	
38	157.900	-69.998	
38	158.000	-69.998	
38	158.100	-69.998	
38	158.200	-69.998	
38	158.300	-69.998	
38	158.400	-69.998	
38	158.500	-69.998	
38	158.600	-69.998	
38	158.700	-69.998	
38	158.800	-69.998	
38	158.900	-69.998	
38	159.000	-69.998	
38	159.100	-69.998	
38	159.200	-69.998	
38	159.300	-69.998	
38	159.400	-69.998	
38	159.500	-69.998	
38	159.600	-69.998	
38	159.700	-69.998	
38	159.800	-69.998	
38	159.900	-69.998	
38	160.000	-69.998	
38	160.100	-69.998	
38	160.200	-69.998	
38	160.300	-69.998	
38	160.400	-69.998	
38	160.500	-69.998	
38	160.600	-69.998	
38	160.700	-69.998	
38	160.800	-69.998	
38	160.900	-69.998	
38	161.000	-69.998	
38	161.100	-69.998	
38	161.200	-69.998	
38	161.300	-69.998	
38	161.400	-69.998	
38	161.500	-69.998	
38	161.600	-69.998	
38	161.700	-69.998	
38	161.800	-69.998	
38	161.900	-69.998	
38	162.000	-69.998	
38	162.100	-69.998	
38	162.200	-69.998	
38	162.300	-69.998	
38	162.400	-69.998	
38	162.500	-69.998	
38	162.600	-69.998	
38	162.700	-69.998	
38	162.800	-69.998	
38	162.900	-69.998	
38	163.000	-69.998	
38	163.100	-69.998	
38	163.200	-69.998	
38	163.300	-69.998	
38	163.400	-69.998	
38	163.500	-69.998	
38	163.600	-69.998	
38	163.700	-69.998	
38	163.800	-69.998	
38	163.900	-69.998	
38	164.000	-69.998	
38	164.100	-69.998	
38	164.200	-69.998	
38	164.300	-69.998	
38	164.400	-69.998	
38	164.500	-69.998	
38	164.600	-69.998	
38	164.700	-69.998	
38	164.800	-69.998	
38	164.900	-69.998	
38	165.000	-69.998	
38	165.100	-69.998	
38	165.200	-69.998	
38	165.300	-69.998	
38	165.400	-69.998	
38	165.500	-69.998	
38	165.600	-69.998	
38	165.700	-69.998	
38	165.800	-69.998	
38	165.900	-69.998	
38	166.000	-69.998	
38	166.100	-69.998	
38	166.200	-69.998	
38	166.300	-69.998	
38	166.400	-69.998	
38	166.500	-69.998	
38	166.600	-69.998	
38	166.700	-69.998	
38	166.800	-69.998	
38	166.900	-69.998	
38	167.000	-69.998	
38	167.100	-69.998	
38	167.200	-69.998	
38	167.300	-69.998	
38	167.400	-69.998	
38	167.500	-69.998	
38	167.600	-69.998	
38	167.700	-69.998	
38	167.800	-69.998	
38	167.900	-69.998	
38	168.000	-69.998	
38	168.100	-69.998	
38	168.200	-69.998	
38	168.300	-69.998	
38	168.400	-69.998	
38	168.500	-69.998	
38	168.600	-69.998	
38	168.700	-69.998	
38	168.800	-69.998	
38	168.900	-69.998	
38	169.000	-69.998	
38	169.100	-69.998	
38	169.200	-69.998	
38	169.300	-69.998	
38	169.400	-69.998	
38	169.500	-69.998	
38	169.600	-69.998	
38	169.700	-69.998	
38	169.800	-69.998	
38	169.900	-69.998	
38	170.000	-69.998	
38	170.100	-69.998	
38	170.200	-69.998	
38	170.300	-69.998	
38	170.400	-69.998	
38	170.500	-69.998	
38	170.600	-69.998	
38	170.700	-69.998	
38	170.800	-69.998	
38	170.900	-69.998	
38	171.000	-69.998	
38	171.100	-69.998	
38	171.200	-69.998	
38	171.300	-69.998	
38	171.400	-69.998	
38	171.500	-69.998	
38	171.600	-69.998	
38	171.700	-69.998	
38	171.800	-69.998	
38	171.900	-69.998	
38	172.000	-69.998	
38	172.100	-69.998	
38	172.200	-69.998	
38	172.300	-69.998	
38	172.400	-69.998	
38	172.500	-69.998	
38	172.600	-69.998	
38	172.700	-69.998	
38	172.800	-69.998	
38	172.900	-69.998	
38	173.000	-69.998	
38	173.100	-69.998	
38	173.200	-69.998	
38	173.300	-69.998	
38	173.400	-69.998	
38	173.500	-69.998	
38	173.600	-69.998	
38	173.700	-69.998	
38	173.800	-69.998	
38	173.900	-69.998	
38	174.000	-69.998	
38	174.100	-69.998	
38	174.200	-69.998	
38	174.300	-69.998	
38	174.400	-69.998	
38	174.500	-69.998	
38	174.600	-69.998	
38	174.700	-69.998	
38	174.800	-69.998	
38	174.900	-69.998	
38	175.000	-69.998	
38	175.100	-69.998	
38	175.200	-69.998	
38	175.300	-69.998	
38	175.400	-69.998	
38	175.500	-69.998	
38	175.600	-69.998	
38	175.700	-69.998	
38	175.800	-69.998	
38	175.900	-69.998	
38	176.000	-69.998	
38	176.100	-69.998	
38	176.200	-69.998	
38	176.300	-69.998	
38	176.400	-69.998	
38	176.500	-69.998	
38	176.600	-69.998	
38	176.700	-69.998	
38	176.800	-69.998	
38	176.900	-69.998	
38	177.000	-69.998	
38	177.100	-69.998	
38	177.200	-69.998	
38	177.300	-69.998	
38	177.400	-69.998	
38	177.500	-69.998	
38	177.600	-69.998	
38	177.700	-69.998	
38	177.800	-69.998	
38	177.900	-69.998	
38	178.000	-69.998	
38	178.100	-69.998	
38	178.200	-69.998	
38	178.300	-69.998	
38	178.400	-69.998	
38	178.500	-69.998	
38	178.600	-69.998	
38	178.700	-69.998	
38	178.800	-69.998	
38	178.900	-69.998	
38	179.000	-69.998	
38	179.100	-69.998	
38	179.200	-69.998	
38	179.300	-69.998	
38	179.400	-69.998	
38	179.500	-69.998	
38	179.600	-69.998	
38	179.700	-69.998	
38	179.800	-69.998	
38	179.900	-69.998	
38	180.000	-69.998	
38	180.100	-69.998	
38	180.200	-69.998	
38	180.300	-69.998	
38	180.400	-69.998	
38	180.500	-69.998	
38	180.600	-69.998	
38	180.700	-69.998	
38	180.800	-69.998	
38	180.900	-69.998	
38	181.000	-69.998	
38	181.100	-69.998	
38	181.200	-69.998	
38	181.300	-69.998	
38	181.400	-69.998	
38	181.500	-69.998	
38	181.600	-69.998	
38	181.700	-69.998	
38	181.800	-69.998	
38	181.900	-69.998	
38	182.000	-69.998	
38	182.100	-69.998	
38	182.200	-69.998	
38	182.300	-69.998	
38	182.400	-69.998	
38	182.500	-69.998	
38	182.600	-69.998	
38	182.700	-69.998	
38	182.800	-69.998	
38	182.900	-69.998	
38	183.000	-69.998	
38	183.100	-69.998	
38	183.200	-69.998	
38	183.300	-69.998	
38	183.400	-69.998	
38	183.500	-69.998	
38	183.600	-69.998	
38	183.700	-69.998	
38	183.800	-69.998	
38	183.900	-69.998	
38	184.000	-69.998	
38	184.100	-69.998	
38	184.200	-69.998	
38	184.300	-69.998	
38	184.400	-69.998	
38	184.500	-69.998	
38	184.600	-69.998	
38	184.700	-69.998	
38	184.800	-69.998	
38	184.900	-69.998	
38	185.000	-69.998	
38	185.100	-69.998	
38	185.200	-69.998	
38	185.300	-69.998	
38	185.400	-69.998	
38	185.500	-69.998	
38	185.600	-69.998	
38	185.700	-69.998	
38	185.800	-69.998	
38	185.900	-69.998	
38	186.000	-69.998	
38	186.100	-69.998	
38	186.200	-69.998	
38	186.300	-69.998	
38	186.400	-69.998	
38	186.500	-69.998	
38	186.600	-69.998	
38	186.700	-69.998	
38	186.800	-69.998	
38	186.900	-69.998	
38	187.000	-69.998	
38	187.100	-69.998	
38	187.200	-69.998	
38	187.300	-69.998	
38	187.400	-69.998	
38	187.500	-69.998	
38	187.600	-69.998	
38	187.700	-69.998	
38	187.800	-69.998	
38	187.900	-69.998	
38	188.000	-69.998	
38	188.100	-69.998	
38	188.200	-69.998	
38	188.300	-69.998	
38	188.400	-69.998	
38	188.500	-69.998	
38	188.600	-69.998	
38	188.700	-69.998	
38	188.800	-69.998	
38	188.900	-69.998	
38	189.000	-69.998	
38	189.100	-69.998	
38	189.200	-69.998	
38	189.300	-69.998	
38	189.400	-69.998	
38	189.500	-69.998	
38	189.600	-69.998	
38	189.700	-69.998	
38	189.800	-69.998	
38	189.900	-69.998	
38	190.000	-69.998	
38	190.100	-69.998	
38	190.200	-69.998	
38	190.300	-69.998	
38	190.400	-69.998	
38	190.500	-69.998	
38	190.600	-69.998	
38	190.700	-69.998	
38	190.800	-69.998	
38	190.900	-69.998	
38	191.000	-69.998	
38	191.100	-69.998	
38	191.200	-69.998	
38	191.300	-69.998	
38	191.400	-69.998	
38	191.500	-69.998	
38	191.600	-69.998	
38	191.700	-69.998	
38	191.800	-69.998	
38	191.900	-69.998	
38	192.000	-69.998	
38	192.100	-69.998	
38	192.200	-69.998	
38	192.300	-69.998	
38	192.400	-69.998	
38	192.500	-69.998	
38	192.600	-69.998	
38	192.700	-69.998	
38	192.800	-69.998	
38	192.900	-69.998	
38	193.000	-69.998	
38	193.100	-69.998	
38	193.200	-69.998	
38	193.300	-69.998	
38	193.400	-69.998	
38	193.500	-69.998	
38	193.600	-69.998	
38	193.700	-69.998	
38	193.800	-69.998	
38	193.900	-69.998	
38	194.000	-69.998	
38	194.100	-69.998	
38	194.200	-69.998	
38	194.300	-69.998	
38	194.400	-69.998	
38	194.500	-69.998	
38	194.600	-69.998	
38	194.700	-69.998	
38	194.800	-69.998	
38	194.900	-69.998	
38	195.000	-69.998	
38	195.100	-69.998	
38	195.200	-69.998	
38	195.300	-69.998	
38	195.400	-69.998	
38	195.500	-69.998	
38	195.600	-69.998	
38	195.700	-69.998	
38	195.800	-69.998	
38	195.900	-69.998	
38	196.000	-69.998	
38	196.100	-69.998	
38	196.200	-69.998	
38	196.300	-69.998	
38	196.400	-69.998	
38	196.500	-69.998	
38	196.600	-69.998	
38	196.700	-69.998	
38	196.800	-69.998	
38	196.900	-69.998	
38	197.000	-69.998	
38	197.100	-69.998	
38	197.200	-69.998	
38	197.300	-69.998	
38	197.400	-69.998	
38	197.500	-69.998	
38	197.600	-69.998	
38	197.700	-69.998	
38	197.800	-69.998	
38	197.900	-69.998	
38	198.000	-69.998	
38	198.100	-69.998	
38	198.200	-69.998	
38	198.300	-69.998	
38	198.400	-69.998	
38	198.500	-69.998	
38	198.600	-69.998	
38	198.700	-69.998	
38	198.800	-69.998	
38	198.900	-69.998	
38	199.000	-69.998	
38	199.100	-69.998	
38	199.200	-69.998	
38	199.300	-69.998	
38	199.400	-69.998	
38	199.500	-69.998	
38	199.600	-69.998	
38	199.700	-69.998	
38	199.800	-69.998	
38	199.900	-69.998	
38	200.000	-69.998	
38	200.100	-69.998	
38	200.200	-69.998	
38	200.300	-69.998	
38	200.400	-69.998	
38	200.500	-69.998	
38	200.600	-69.998	
38	200.700	-69.998	
38	200.800	-69.998	
38	200.900	-69.998	
38	201.000	-69.998	
38	201.100	-69.998	
38	201.200	-69.998	
38	201.300	-69.998	
38	201.400	-69.998	
38	201.500	-69.998	
38	201.600	-69.998	
38	201.700	-69.998	
38	201.800	-69.998	
38	201.900	-69.998	
38	202.000	-69.998	
38	202.100	-69.998	
38	202.200	-69.998	
38	202.300	-69.998	
38	202.400	-69.998	
38	202.500	-69.998	
38	202.600	-69.998	
38	202.700	-69.998	
38	202.800	-69.998	
38	202.900	-69.998	
38	203.000	-69.998	
38	203.100	-69.998	
38	203.200	-69.998	
38	203.300	-69.998	
38	203.400	-69.998	
38	203.500	-69.998	
38	203.600	-69.998	
38	203.700	-69.998	
38	203.800	-69.998	
38	203.900	-69.998	
38	204.000	-69.998	
38	204.100	-69.998	
38	204.200	-69.998	
38	204.300	-69.998	
38	204.400	-69.998	
38	204.500	-69.998	
38	204.600	-69.998	
38	204.700	-69.998	
38	204.800	-69.998	
38	204.900	-69.998	
38	205.000	-69.998	
38	205.100	-69.998	
38	205.200	-69.998	
38	205.300	-69.998	
38	205.400	-69.998	
38	205.500	-69.998	
38	205.600	-69.998	
38	205.700	-69.998	
38	205.800	-69.998	
38	205.900	-69.998	
38	206.000	-69.998	
38	206.100	-69.998	
38	206.200	-69.998	
38	206.300	-69.998	
38	206.400	-69.998	
38	206.500	-69.998	
38	206.600	-69.998	
38	206.700	-69.998	
38	206.800	-69.998	
38	206.900	-69.998	
38	207.000	-69.998	
38	207.100	-69.998	
38	207.200	-69.998	
38	207.300	-69.998	
38	207.400	-69.998	
38	207.500	-69.998	
38	207.600	-69.998	
38	207.700	-69.998	
38	207.800	-69.998	
38	207.900	-69.998	
38	208.000	-69.998	
38	208.100	-69.998	
38	208.200	-69.998	
38	208.300	-69.998	
38	208.400	-69.998	
38	208.500	-69.998	
38	208.600	-69.998	
38	208.700	-69.998	
38	208.800	-69.998	
38	208.900	-69.998	
38	209.000	-69.998	
38	209.100	-69.998	
38	209.200	-69.998	
38	209.300	-69.998	
38	209.400	-69.998	
38	209.500	-69.998	
38	209.600	-69.998	
38	209.700	-69.998	
38	209.800	-69.998	
38	209.900	-69.998	
38	210.000	-69.998	
38	210.100	-69.998	
38	210.200	-69.998	
38	210.300	-69.998	
38	210.400	-69.998	
38	210.500	-69.998	
38	210.600	-69.998	
38	210.700	-69.998	
38	210.800	-69.998	
38	210.900	-69.998	
38	211.000	-69.998	
38	211.100	-69.998	
38	211.200	-69.998	
38	211.300	-69.998	
38	211.400	-69.998	
38	211.500	-69.998	
38	211.600	-69.998	
38	211.700	-69.998	
38	211.800	-69.998	
38	211.900	-69.998	
38	212.000	-69.998	
38	212.100	-69.998	
38	212.200	-69.998	
38	212.300	-69.998	
38	212.400	-69.998	
38	212.500	-69.998	
38	212.600	-69.998	
38	212.700	-69.998	
38	212.800	-69.998	
38	212.900	-69.998	
38	213.000	-69.998	
38	213.100	-69.998	
38	213.200	-69.998	
38	213.300	-69.998	
38	213.400	-69.998	
38	213.500	-69.998	
38	213.600	-69.998	
38	213.700	-69.998	
38	213.800	-69.998	
38	213.900	-69.998	
38	214.000	-69.998	
38	214.100	-69.998	
38	214.200	-69.998	
38	214.300	-69.998	
38	214.400	-69.998	
38	214.500	-69.998	
38	214.600	-69.998	
38	214.700	-69.998	
38	214.800	-69.998	
38	214.900	-69.998	
38	215.000	-69.998	
38	215.100	-69.998	
38	215.200	-69.998	
38	215.300	-69.998	
38	215.400	-69.998	
38	215.500	-69.998	
38	215.600	-69.998	
38	215.700	-69.998	
38	215.800	-69.998	
38	215.900	-69.998	
38	216.000	-69.998	
38	216.100	-69.998	
38	216.200	-69.998	
38	216.300	-69.998	
38	216.400	-69.998	
38	216.500	-69.998	
38	216.600	-69.998	
38	216.700	-69.998	
38	216.800	-69.998	
38	216.900	-69.998	
38	217.000	-69.998	
38	217.100	-69.998	
38	217.200	-69.998	
38	217.300	-69.998	
38	217.400	-69.998	
38	217.500	-69.998	
38	217.600	-69.998	
38	217.700	-69.998	
38	217.800	-69.998	
38	217.900	-69.998	
38	218.000	-69.998	
38	218.100	-69.998	
38	218.200	-69.998	
38	218.300	-69.998	
38	218.400	-69.998	
38	218.500	-69.998	
38	218.600	-69.998	
38	218.700	-69.998	
38	218.800	-69.998	
38	218.900	-69.998	
38	219.000	-69.998	
38	219.100	-69.998	
38	219.200	-69.998	
38	219.300	-69.998	
38	219.400	-69.998	
38	219.500	-69.998	
38	219.600	-69.998	
38	219.700	-69.998	
38	219.800	-69.998	
38	219.900	-69.998	
38	220.000	-69.998	
38	220.100	-69.998	
38	220.200	-69.998	
38	220.300	-69.998	
38	220.400	-69.998	
38	220.500	-69.998	
38	220.600	-69.998	
38	220.700	-69.998	
38	220.800	-69.998	
38	220.900	-69.998	
38	221.000	-69.998	
38	221.100	-69.998	
38	221.200	-69.998	
38	221.300	-69.998	
38	221.400	-69.998	
38	221.500	-69.998	
38	221.600	-69.998	
38	221.700	-69.998	
38	221.800	-69.998	
38	221.900	-69.998	
38	222.000	-69.998	
38	222.100	-69.998	
38	222.200	-69.998	
38	222.300	-69.998	
38	222.400	-69.998	
38	222.500	-69.998	
38	222.600	-69.998	
38	222.700	-69.998	
38	222.800	-69.998	
38	222.900	-69.998	
38	223.000	-69.998	
38	223.100	-69.998	
38	223.200	-69.998	
38	223.300	-69.998	
38	223.400	-69.998	
38	223.500	-69.998	
38	223.600	-69.998	
38	223.700	-69.998	
38	223.800	-69.998	
38	223.900	-69.998	
38	224.000	-69.998	
38	224.100	-69.998	
38	224.200	-69.998	
38	224.300	-69.998	
38	224.400	-69.998	
38	224.500	-69.998	
38	224.600	-69.998	
38	224.700	-69.998	
38	224.800	-69.998	
38	224.900	-69.998	
38	225.000	-69.998	
38	225.100	-69.998	
38	225.200	-69.998	
38	225.300	-69.998	
38	225.400	-69.998	
38	225.500	-69.998	
38	225.600	-69.998	
38	225.700	-69.998	
38	225.800	-69.998	
38	225.900	-69.998	
38	226.000	-69.998	
38	226.100	-69.998	
38	226.200	-69.998	
38	226.300	-69.998	
38	226.400	-69.998	
38	226.500	-69.998	
38	226.600	-69.998	
38	226.700	-69.998	
38	226.800	-69.998	
38	226.900	-69.998	
38	227.000	-69.998	
38	227.100	-69.998	
38	227.200	-69.998	
38	227.300	-69.998	
38	227.400	-69.998	
38	227.500	-69.998	
38	227.600	-69.998	
38	227.700	-69.998	
38	227.800	-69.998	
38	227.900	-69.998	
38	228.000	-69.998	
38	228.100	-69.998	
38	228.200	-69.998	
38	228.300	-69.998	
38	228.400	-69.998	
38	228.500	-69.998	
38	228.600	-69.998	
38	228.700	-69.998	
38	228.800	-69.998	
38	228.900	-69.998	
38	229.000	-69.998	
38	229.100	-69.998	
38	229.200	-69.998	
38	229.300	-69.998	
38	229.400	-69.998	
38	229.500	-69.998	
38	229.600	-69.998	
38	229.700	-69.998	
38	229.800	-69.998	
38	229.900	-69.998	
38	230.000	-69.998	
38	230.100	-69.998	
38	230.200	-69.998	
38	230.300	-69.998	
38	230.400	-69.998	
38	230.500	-69.998	
38	230.600	-69.998	
38	230.700	-69.998	
38	230.800	-69.998	
38	230.900	-69.998	
38	231.000	-69.998	
38	231.100	-69.998	
38	231.200	-69.998	
38	231.300	-69.998	
38	231.400	-69.998	
38	231.500	-69.998	
38	231.600	-69.998	
38	231.700	-69.998	
38	231.800	-69.998	
38	231.900	-69.998	
38	232.000	-69.998	
38	232.100	-69.998	
38	232.200	-69.998	
38	232.300	-69.998	
38	232.400	-69.998	
38	232.500	-69.998	
38	232.600	-69.998	
38	232.700	-69.998	
38	232.800	-69.998	
38	232.900	-69.998	
38	233.000	-69.998	
38	233.100	-69.998	
38	233.200	-69.998	
38	233.300	-69.998	
38	233.400	-69.998	
38	233.500	-69.998	
38	233.600	-69.998	
38	233.700	-69.998	
38	233.800	-69.998	
38	233.900	-69.998	
38	234.000	-69.998	
38	234.100	-69.998	
38	234.200	-69.998	
38	234.300	-69.998	
38	234.400	-69.998	
38	234.500	-69.998	
38	234.600	-69.998	
38	234.700	-69.998	
38	234.800	-69.998	
38	234.900	-69.998	
38	235.000	-69.998	
38	235.100	-69.998	
38	235.200	-69.998	
38	235.300	-69.998	
38	235.400	-69.998	
38	235.500	-69.998	
38	235.600	-69.998	
38	235.700	-69.998	
38	235.800	-69.998	
38	235.900	-69.998	
38	236.000	-69.998	
38	236.100	-69.998	
38	236.200	-69.998	
38	236.300	-69.998	
38	236.400	-69.998	
38	236.500	-69.998	
38	236.600	-69.998	
38	236.700	-69.998	
38	236.800	-69.998	
38	236.900	-69.998	
38	237.000	-69.998	
38	237.100	-69.998	
38	237.200	-69.998	
38	237.300	-69.998	
38	237.400	-69.998	
38	237.500	-69.998	
38	237.600	-69.998	
38	237.700	-69.998	
38	237.800	-69.998	
38	237.900	-69.998	
38	238.000	-69.998	
38	238.100	-69.998	
38	238.200	-69.998	
38	238.300	-69.998	
38	238.400	-69.998	
38	238.500	-69.998	
38	238.600	-69.998	
38	238.700	-69.998	
38	238.800	-69.998	
38	238.900	-69.998	
38	239.000	-69.998	
38	239.100	-69.998	
38	239.200	-69.998	
38	239.300	-69.998	
38	239.400	-69.998	
38	239.500	-69.998	
38	239.600	-69.998	
38	239.700	-69.998	
38	239.800	-69.998	
38	239.900	-69.998	
38	240.000	-69.998	
38	240.100	-69.998	
38	240.200	-69.998	
38	240.300	-69.998	
38	240.400	-69.998	
38	240.500	-69.998	
38	240.600	-69.998	
38	240.700	-69.998	
38	240.800	-69.998	
38	240.900	-69.998	
38	241.000	-69.998	
38	241.100	-69.998	
38	241.200	-69.998	
38	241.300	-69.998	
38	241.400	-69.998	
38	241.500	-69.998	
38	241.600	-69.998	
38	241.700	-69.998	
38	241.800	-69.998	
38	241.900	-69.998	
38	242.000	-69.998	
38	242.100	-69.998	
38	242.200	-69.998	
38	242.300	-69.998	
38	242.400	-69.998	
38	242.500	-69.998	
38	242.600	-69.998	
38	242.700	-69.998	
38	242.800	-69.998	
38	242.900	-69.998	
38	243.000	-69.998	
38	243.100	-69.998	
38	243.200	-69.998	
38	243.300	-69.998	
38	243.400	-69.998	
38	243.500	-69.998	
38	243.600	-69.998	
38	243.700	-69.998	
38	243.800	-69.998	
38	243.900	-69.998	
38	244.000	-69.998	
38	244.100	-69.998	
38	244.200	-69.998	
38	244.300	-69.998	
38	244.400	-69.998	
38	244.500	-69.998	
38	244.600	-69.998	
38	244.700	-69.998	
38	244.800	-69.998	
38	244.900	-69.998	
38	245.000	-69.998	
38	245.100	-69.998	
38	245.200	-69.998	
38	245.300	-69.998	
38	245.400	-69.998	
38	245.500	-69.998	
38	245.600	-69.998	
38	245.700	-69.998	
38	245.800	-69.998	
38	245.900	-69.998	
38	246.000	-69.998	
38	246.100	-69.998	
38	246.200	-69.998	
38	246.300	-69.998	
38	246.400	-69.998	
38	246.500	-69.998	
38	246.600	-69.998	
38	246.700	-69.998	
38	246.800	-69.998	
38	246.900	-69.998	
38	247.000	-69.998	
38	247.100	-69.998	
38	247.200	-69.998	
38	247.300	-69.998	
38	247.400	-69.998	
38	247.500	-69.998	
38	247.600	-69.998	
38	247.700	-69.998	
38	247.800	-69.998	
38	247.900	-69.998	
38	248.000	-69.998	
38	248.100	-69.998	
38	248.200	-69.998	
38	248.300	-69.998	
38	248.400	-69.998	
38	248.500	-69.998	
38	248.600	-69.998	
38	248.700	-69.998	
38	248.800	-69.998	
38	248.900	-69.998	
38	249.000	-69.998	
38	249.100	-69.998	
38	249.200	-69.998	
38	249.300	-69.998	
38	249.400	-69.998	
38	249.500	-69.998	
38	249.600	-69.998	
38	249.700	-69.998	
38	249.800	-69.998	
38	249.900	-69.998	
38	250.000	-69.998	
38	250.100	-69.998	
38	250.200	-69.998	
38	250.300	-69.998	
38	250.400	-69.998	
38	250.500	-69.998	
38	250.600	-69.998	
38	250.700	-69.998	
38	250.800	-69.998	
38	250.900	-69.998	
38	251.000	-69.998	
38	251.100	-69.998	
38	251.200	-69.998	
38	251.300	-69.998	
38	251.400	-69.998	
38	251.500	-69.998	
38	251.600	-69.998	
38	251.700	-69.998	
38	251.800	-69.998	
38	251.900	-69.998	
38	252.000	-69.998	
38	252.100	-69.998	
38	252.200	-69.998	
38	252.300	-69.998	
38	252.400	-69.998	
38	252.500	-69.998	
38	252.600	-69.998	
38	252.700	-69.998	
38	252.800	-69.998	
38	252.900	-69.998	
38	253.000	-69.998	
38	253.100	-69.998	
38	253.200	-69.998	
38	253.300	-69.998	
38	253.400	-69.998	
38	253.500	-69.998	
38	253.600	-69.998	
38	253.700	-69.998	
38	253.800	-69.998	
38	253.900	-69.998	
38	254.000	-69.998	
38	254.100	-69.998	
38	254.200	-69.998	
38	254.300	-69.998	
38	254.400	-69.998	
38	254.500	-69.998	
38	254.600	-69.998	
38	254.700	-69.998	
38	254.800	-69.998	
38	254.900	-69.998	
38	255.000	-69.998	
38	255.100	-69.998	
38	255.200	-69.998	
38	255.300	-69.998	
38	255.400	-69.998	
38	255.500	-69.998	
38	255.600	-69.998	
38	255.700	-69.998	
38	255.800	-69.998	
38	255.900	-69.998	
38	256.000	-69.998	
38	256.100	-69.998	
38	256.200	-69.998	
38	256.300	-69.998	
38	256.400	-69.998	
38	256.500	-69.998	
38	256.600	-69.998	
38	256.700	-69.998	
38	256.800	-69.998	
38	256.900	-69.998	
38	257.000	-69.998	
38	257.100	-69.998	
38	257.200	-69.998	
38	257.300	-69.998	
38	257.400	-69.998	
38	257.500	-69.998	
38	257.600	-69.998	
38	257.700	-69.998	
38	257.800	-69.998	
38	257.900	-69.998	
38	258.000	-69.998	
38	258.100	-69.998	
38	258.200	-69.998	
38	258.300	-69.998	
38	258.400	-69.998	
38	258.500	-69.998	
38	258.600	-69.998	
38	258.700	-69.998	
38	258.800	-69.998	
38	258.900	-69.998	
38	259.000	-69.998	
38	259.100	-69.998	
38	259.200	-69.998	
38	259.300	-69.998	
38	259.400	-69.998	
38	259.500	-69.998	
38	259.600	-69.998	
38	259.700	-69.998	
38	259.800	-69.998	
38	259.900	-69.998	
38	260.000	-69.998	
38	260.100	-69.998	
38	260.200	-69.998	
38	260.300	-69.998	
38	260.400	-69.998	
38	260.500	-69.998	
38	260.600	-69.998	
38	260.700	-69.998	
38	260.800	-69.998	
38	260.900	-69.998	
38	261.000	-69.998	
38	261.100	-69.998	
38	261.200	-69.998	
38	261.300	-69.998	
38	261.400	-69.998	
38	261.500	-69.998	
38	261.600	-69.998	
38	261.700	-69.998	
38	261.800	-69.998	
38	261.900	-69.998	
38	262.000	-69.998	
38	262.100	-69.998	
38	262.200	-69.998	
38	262.300	-69.998	
38	262.400	-69.998	
38	262.500	-69.998	
38	262.600	-69.998	
38	262.700	-69.998	
38	262.800	-69.998	
38	262.900	-69.998	
38	263.000	-69.998	
38	263.100	-69.998	
38	263.200	-69.998	
38	263.300	-69.998	
38	263.400	-69.998	
38	263.500	-69.998	
38	263.600	-69.998	
38	263.700	-69.998	
38	263.800	-69.998	
38	263.900	-69.998	
38	264.000	-69.998	
38	264.100	-69.998	
38	264.200	-69.998	
38	264.300	-69.998	
38	264.400	-69.998	
38	264.500	-69.998	
38	264.600	-69.998	
38	264.700	-69.998	
38	264.800	-69.998	
38	264.900	-69.998	
38	265.000	-69.998	
38	265.100	-69.998	
38	265.200	-69.998	
38	265.300	-69.998	
38	265.400	-69.998	
38	265.500	-69.998	
38	265.600	-69.998	
38	265.700	-69.998	
38	265.800	-69.998	
38	265.900	-69.998	
38	266.000	-69.998	
38	266.100	-69.998	
38	266.200	-69.998	
38	266.300	-69.998	
38	266.400	-69.998	
38	266.500	-69.998	
38	266.600	-69.998	
38	266.700	-69.998	
38	266.800	-69.998	
38	266.900	-69.998	
38	267.000	-69.998	
38	267.100	-69.998	
38	267.200	-69.998	
38	267.300	-69.998	
38	267.400	-69.998	
38	267.500	-69.998	
38	267.600	-69.998	
38	267.700	-69.998	
38	267.800	-69.998	
38	267.900	-69.998	
38	268.000	-69.998	
38	268.100	-69.998	
38	268.200	-69.998	
38	268.300	-69.998	
38	268.400	-69.998	
38	268.500	-69.998	
38	268.600	-69.998	
38	268.700	-69.998	
38	268.800	-69.998	
38	268.900	-69.998	
38	269.000	-69.998	
38	269.100	-69.998	
38	269.200	-69.998	
38	269.300	-69.998	
38	269.400	-69.998	
38	269.500	-69.998	
38	269.600	-69.998	
38	269.700	-69.998	
38	269.800	-69.998	
38	269.900	-69.998	
38	270.000	-69.998	
38	270.100	-69.998	
38	270.200	-69.998	
38	270.300	-69.998	
38	270.400	-69.998	
38	270.500	-69.998	
38	270.600	-69.998	
38	270.700	-69.998	
38	270.800	-69.998	
38	270.900	-69.998	
38	271.000	-69.998	
38	271.100	-69.998	
38	271.200	-69.998	
38	271.300	-69.998	
38	271.400	-69.998	
38	271.500	-69.998	
38	271.600	-69.998	
38	271.700	-69.998	
38	271.800	-69.998	
38	271.900	-69.998	
38	272.000	-69.998	
38	272.100	-69.998	
38	272.200	-69.998	
38	272.300	-69.998	
38	272.400	-69.998	
38	272.500	-69.998	
38	272.600	-69.998	
38	272.700	-69.998	
38	272.800	-69.998	
38	272.900	-69.998	
38	273.000	-69.998	
38	273.100	-69.998	
38	273.200	-69.998	
38	273.300	-69.998	
38	273.400	-69.998	
38	273.500	-69.998	
38	273.600	-69.998	
38	273.700	-69.998	
38	273.800	-69.998	
38	273.900	-69.998	
38	274.000	-69.998	
38	274.100	-69.998	
38	274.200	-69.998	
38	274.300	-69.998	
38	274.400	-69.998	
38	274.500	-69.998	
38	274.600	-69.998	
38	274.700	-69.998	
38	274.800	-69.998	
38	274.900	-69.998	
38	275.000	-69.998	
38	275.100	-69.998	
38	275.200	-69.998	
38	275.300	-69.998	
38	275.400	-69.998	
38	275.500	-69.998	
38	275.600	-69.998	
38	275.700	-69.998	
38	275.800	-69.998	
38	275.900	-69.998	
38	276.000	-69.998	
38	276.100	-69.998	
38	276.200	-69.998	
38	276.300	-69.998	
38	276.400	-69.998	
38	276.500	-69.998	
38	276.600	-69.998	
38	276.700	-69.998	
38	276.800	-69.998	
38	276.900	-69.998	
38	277.000	-69.998	
38	277.100	-69.998	
38	277.200	-69.998	
38	277.300	-69.998	
38	277.400	-69.998	
38	277.500	-69.998	
38	277.600	-69.998	
38	277.700	-69.998	
38	277.800	-69.998	
38	277.900	-69.998	
38	278.000	-69.998	
38	278.100	-69.998	
38	278.200	-69.998	
38	278.300	-69.998	
38	278.400	-69.998	
38	278.500	-69.998	
38	278.600	-69.998	
38	278.700	-69.998	
38	278.800	-69.998	
38	278.900	-69.998	
38	279.000	-69.998	
38	279.100	-69.998	
38	279.200	-69.998	
38	279.300	-69.998	
38	279.400	-69.998	
38	279.500	-69.998	
38	279.600	-69.998	
38	279.700	-69.998	
38	279.800	-69.998	
38	279.900	-69.998	
38	280.000	-69.998	
38	280.100	-69.998	
38	280.200	-69.998	
38	280.300	-69.998	
38	280.400	-69.998	
38	280.500	-69.998	
38	280.600	-69.998	
38	280.700	-69.998	
38	280.800	-69.998	
38	280.900	-69.998	
38	281.000	-69.998	
38	281.100	-69.998	
38	281.200	-69.998	
38	281.300	-69.998	
38	281.400	-69.998	
38	281.500	-69.998	
38	281.600	-69.998	
38	281.700	-69.998	
38	281.800	-69.998	
38	281.900	-69.998	
38	282.000	-69.998	
38	282.100	-69.998	
38	282.200	-69.998	
38	282.300	-69.998	
38	282.400	-69.998	
38	282.500	-69.998	
38	282.600	-69.998	
38	282.700	-69.998	
38	282.800	-69.998	
38	282.900	-69.998	
38	283.000	-69.998	
38	283.100	-69.998	
38	283.200	-69.998	
38	283.300	-69.998	
38	283.400	-69.998	
38	283.500	-69.998	
38	283.600	-69.998	
38	283.700	-69.998	
38	283.800	-69.998	
38	283.900	-69.998	
38	284.000	-69.998	
38	284.100	-69.998	
38	284.200	-69.998	
38	284.300	-69.998	
38	284.400	-69.998	
38	284.500	-69.998	
38	284.600	-69.998	
38	284.700	-69.998	
38	284.800	-69.998	
38	284.900	-69.998	
38	285.000	-69.998	
38	285.100	-69.998	
38	285.200	-69.998	
38	285.300	-69.998	
38	285.400	-69.998	
38	285.500	-69.998	
38	285.600	-69.998	
38	285.700	-69.998	
38	285.800	-69.998	
38	285.900	-69.998	
38	286.000	-69.998	
38	286.100	-69.998	
38	286.200	-69.998	
38	286.300	-69.998	
38	286.400	-69.998	
38	286.500	-69.998	
38	286.600	-69.998	
38	286.700	-69.998	
38	286.800	-69.998	
38	286.900	-69.998	
38	287.000	-69.998	
38	287.100	-69.998	
38	287.200	-69.998	
38	287.300	-69.998	
38	287.400	-69.998	
38	287.500	-69.998	
38	287.600	-69.998	
38	287.700	-69.998	
38	287.800	-69.998	
38	287.900	-69.998	
38	288.000	-69.998	
38	288.100	-69.998	
38	288.200	-69.998	
38	288.300	-69.998	
38	288.400	-69.998	
38	288.500	-69.998	
38	288.600	-69.998	
38	288.700	-69.998	
38	288.800	-69.998	
38	288.900	-69.998	
38	289.000	-69.998	
38	289.100	-69.998	
38	289.200	-69.998	
38	289.300	-69.998	
38	289.400	-69.998	
38	289.500	-69.998	
38	289.600	-69.998	
38	289.700	-69.998	
38	289.800	-69.998	
38	289.900	-69.998	
38	290.000	-69.998	
38	290.100	-69.998	
38	290.200	-69.998	
38	290.300	-69.998	
38	290.400	-69.998	
38	290.500	-69.998	
38	290.600	-69.998	
38	290.700	-69.998	
38	290.800	-69.998	
38	290.900	-69.998	
38	291.000	-69.998	
38	291.100	-69.998	
38	291.200	-69.998	
38	291.300	-69.998	
38	291.400	-69.998	
38	291.500	-69.998	
38	291.600	-69.998	
38	291.700	-69.998	
38	291.800	-69.998	
38	291.900	-69.998	
38	292.000	-69.998	
38	292.100	-69.998	
38	292.200	-69.998	
38	292.300	-69.998	
38	292.400	-69.998	
38	292.500	-69.998	
38	292.600	-69.998	
38	292.700	-69.998	
38	292.800	-69.998	
38	292.900	-69.998	
38	293.000	-69.998	
38	293.100	-69.998	
38	293.200	-69.998	
38	293.300	-69.998	
38	293.400	-69.998	
38	293.500	-69.998	
38	293.600	-69.998	
38	293.700	-69.998	
38	293.800	-69.998	
38	293.900	-69.998	
38	294.000	-69.998	
38	294.100	-69.998	
38	294.200	-69.998	
38	294.300	-69.998	
38	294.400	-69.998	
38	294.500	-69.998	
38	294.600	-69.998	
38	294.700	-69.998	
38	294.800	-69.998	
38	294.900	-69.998	
38	295.000	-69.998	
38	295.100	-69.998	
38	295.200	-69.998	
38	295.300	-69.998	
38	295.400	-69.998	
38	295.500	-69.998	
38	295.600	-69.998	
38	295.700	-69.998	
38	295.800	-69.998	
38	295.900	-69.998	
38	296.000	-69.998	
38	296.100	-69.998	
38	296.200	-69.998	
38	296.300	-69.998	
38	296.400	-69.998	
38	296.500	-69.998	
38	296.600	-69.998	
38	296.700	-69.998	
38	296.800	-69.998	
38	296.900	-69.998	
38	297.000	-69.998	
38	297.100	-69.998	
38	297.200	-69.998	
38	297.300	-69.998	
38	297.400	-69.998	
38	297.500	-69.998	
38	297.600	-69.998	
38	297.700	-69.998	
38	297.800	-69.998	
38	297.900	-69.998	
38	298.000	-69.998	
38	298.100	-69.998	
38	298.200	-69.998	
38	298.300	-69.998	
38	298.400	-69.998	
38	298.500	-69.998	
38	298.600	-69.998	
38	298.700	-69.998	
38	298.800	-69.998	
38	298.900	-69.998	
38	299.000	-69.998	
38	299.100	-69.998	
38	299.200	-69.998	
38	299.300	-69.998	
38	299.400	-69.998	
38	299.500	-69.998	
38	299.600	-69.998	
38	299.700	-69.998	
38	299.800	-69.998	
38	299.900	-69.998	
38	300.000	-69.998	
38	300.100	-69.998	
38	300.200	-69.998	
38	300.300	-69.998	
38	300.400	-69.998	
38	300.500	-69.998	
38	300.600	-69.998	
38	300.700	-69.998	
38	300.800	-69.998	
38	300.900	-69.998	
38	301.000	-69.998	
38	301.100	-69.998	
38	301.200	-69.998	
38	301.300	-69.998	
38	301.400	-69.998	
38	301.500	-69.998	
38	301.600	-69.998	
38	301.700	-69.998	
38	301.800	-69.998	
38	301.900	-69.998	
38	302.000	-69.998	
38	302.100	-69.998	
38	302.200	-69.998	
38	302.300	-69.998	
38	302.400	-69.998	
38	302.500	-69.998	
38	302.600	-69.998	
38	302.700	-69.998	
38	302.800	-69.998	
38	302.900	-69.998	
38	303.000	-69.998	
38	303.100	-69.998	
38	303.200	-69.998	
38	303.300	-69.998	
38	303.400	-69.998	
38	303.500	-69.998	
38	303.600	-69.998	
38	303.700	-69.998	
38	303.800	-69.998	
38	303.900	-69.998	
38	304.000	-69.998	
38	304.100	-69.998	
38	304.200	-69.998	
38	304.300	-69.998	
38	304.400	-69.998	
38	304.500	-69.998	
38	304.600	-69.998	
38	304.700	-69.998	
38	304.800	-69.998	
38	304.900	-69.998	
38	305.000	-69.998	
38	305.100	-69.998	
38	305.200	-69.998	
38	305.300	-69.998	
38	305.400	-69.998	
38	305.500	-69.998	
38	305.600	-69.998	
38	305.700	-69.998	
38	305.800	-69.998	
38	305.900	-69.998	
38	306.000	-69.998	
38	306.100	-69.998	
38	306.200	-69.998	
38	306.300	-69.998	
38	306.400	-69.998	
38	306.500	-69.998	
38	306.600	-69.998	
38	306.700	-69.998	
38	306.800	-69.998	
38	306.900	-69.998	
38	307.000	-69.998	
38	307.100	-69.998	
38	307.200	-69.998	
38	307.300	-69.998	
38	307.400	-69.998	
38	307.500	-69.998	
38	307.600	-69.998	
38	307.700	-69.998	
38	307.800	-69.998	
38	307.900	-69.998	
38	308.000	-69.998	
38	308.100	-69.998	
38	308.200	-69.998	
38	308.300	-69.998	
38	308.400	-69.998	
38	308.500	-69.998	
38	308.600	-69.998	
38	308.700	-69.998	
38	308.800	-69.998	
38	308.900	-69.998	
38	309.000	-69.998	
38	309.100	-69.998	
38	309.200	-69.998	
38	309.300	-69.998	
38	309.400	-69.998	
38	309.500	-69.998	
38	309.600	-69.998	
38	309.700	-69.998	
38	309.800	-69.998	
38	309.900	-69.998	
38	310.000	-69.998	
38	310.100	-69.998	
38	310.200	-69.998	
38	310.300	-69.998	
38	310.400	-69.998	
38	310.500	-69.998	
38	310.600	-69.998	
38	310.700	-69.998	
38	310.800	-69.998	
38	310.900	-69.998	
38	311.000	-69.998	
38	311.100	-69.998	
38	311.200	-69.998	
38	311.300	-69.998	
38	311.400	-69.998	
38	311.500	-69.998	
38	311.600	-69.998	
38	311.700	-69.998	
38	311.800	-69.998	
38	311.900	-69.998	
38	312.000	-69.998	
38	312.100	-69.998	
38	312.200	-69.998	
38	312.300	-69.998	
38	312.400	-69.998	
38	312.500	-69.998	
38	312.600	-69.998	
38	312.700	-69.998	
38	312.800	-69.998	
38	312.900	-69.998	
38	313.000	-69.998	
38	313.100	-69.998	
38	313.200	-69.998	
38	313.300	-69.998	
38	313.400	-69.998	
38	313.500	-69.998	
38	313.600	-69.998	
38	313.700	-69.998	
38	313.800	-69.998	
38	313.900	-69.998	
38	314.000	-69.998	
38	314.100	-69.998	
38	314.200	-69.998	
38	314.300	-69.998	
38	314.400	-69.998	
38	314.500	-69.998	
38	314.600	-69.998	
38	314.700	-69.998	
38	314.800	-69.998	
38	314.900	-69.998	
38	315.000	-69.998	
38	315.100	-69.998	
38	315.200	-69.998	
38	315.300	-69.998	
38	315.400	-69.998	
38	315.500	-69.998	
38	315.600	-69.998	
38	315.700	-69.998	
38	315.800	-69.998	
38	315.900	-69.998	
38	316.000	-69.998	
38	316.100	-69.998	
38	316.200	-69.998	
38	316.300	-69.998	
38	316.400	-69.998	
38	316.500	-69.998	
38	316.600	-69.998	
38	316.700	-69.998	
38	316.800	-69.998	
38	316.900	-69.998	
38	317.000	-69.998	
38	317.100	-69.998	
38	317.200	-69.998	
38	317.300	-69.998	
38	317.400	-69.998	
38	317.500	-69.998	
38	317.600	-69.998	
38	317.700	-69.998	
38	317.800	-69.998	
38	317.900	-69.998	
38	318.000	-69.998	
38	318.100	-69.998	
38	318.200	-69.998	
38	318.300	-69.998	
38	318.400	-69.998	
38	318.500	-69.998	
38	318.600	-69.998	
38	318.700	-69.998	
38	318.800	-69.998	
38	318.900	-69.998	
38	319.000	-69.998	
38	319.100	-69.998	
38	319.200	-69.998	
38	319.300	-69.998	
38	319.400	-69.998	
38	319.500	-69.998	
38	319.600	-69.998	
38	319.700	-69.998	
38	319.800	-69.998	
38	319.900	-69.998	
38	320.000	-69.998	
38	320.100	-69.998	
38	320.200	-69.998	
38	320.300	-69.998	
38	320.400	-69.998	
38	320.500	-69.998	
38	320.600	-69.998	
38	320.700	-69.998	
38	320.800	-69.998	
38	320.900	-69.998	
38	321.000	-69.998	
38	321.100	-69.998	
38	321.200	-69.998	
38	321.300	-69.998	
38	321.400	-69.998	
38	321.500	-69.998	
38	321.600	-69.998	
38	321.700	-69.998	
38	321.800	-69.998	
38	321.900	-69.998	
38	322.000	-69.998	
38	322.100	-69.998	
38	322.200	-69.998	
38	322.300	-69.998	
38	322.400	-69.998	
38	322.500	-69.998	
38	322.600	-69.998	
38	322.700	-69.998	
38	322.800	-69.998	
38	322.900	-69.998	
38	323.000	-69.998	
38	323.100	-69.998	
38	323.200	-69.998	
38	323.300	-69.998	
38	323.400	-69.998	
38	323.500	-69.998	
38	323.600	-69.998	
38	323.700	-69.998	
38	323.800	-69.998	
38	323.900	-69.998	
38	324.000	-69.998	
38	324.100	-69.998	
38	324.200	-69.998	
38	324.300	-69.998	
38	324.400	-69.998	
38	324.500	-69.998	
38	324.600	-69.998	
38	324.700	-69.998	
38	324.800	-69.998	
38	324.900	-69.998	
38	325.000	-69.998	
38	325.100	-69.998	
38	325.200	-69.998	
38	325.300	-69.998	
38	325.400	-69.998	
38	325.500	-69.998	
38	325.600	-69.998	
38	325.700	-69.998	
38	325.800	-69.998	
38	325.900	-69.998	
38	326.000	-69.998	
38	326.100	-69.998	
38	326.200	-69.998	
38	326.300	-69.998	
38	326.400	-69.998	
38	326.500	-69.998	
38	326.600	-69.998	
38	326.700	-69.998	
38	326.800	-69.998	
38	326.900	-69.998	
38	327.000	-69.998	
38	327.100	-69.998	
38	327.200	-69.998	
38	327.300	-69.998	
38	327.400	-69.998	
38	327.500	-69.998	
38	327.600	-69.998	
38	327.700	-69.998	
38	327.800	-69.998	
38	327.900	-69.998	
38	328.000	-69.998	
38	328.100	-69.998	
38	328.200	-69.998	
38	328.300	-69.998	
38	328.400	-69.998	
38	328.500	-69.998	
38	328.600	-69.998	
38	328.700	-69.998	
38	328.800	-69.998	
38	328.900	-69.998	
38	329.000	-69.998	
38	329.100	-69.998	
38	329.200	-69.998	
38	329.300	-69.998	
38	329.400	-69.998	
38	329.500	-69.998	
38	329.600	-69.998	
38	329.700	-69.998	
38	329.800	-69.998	
38	329.900	-69.998	
38	330.000	-69.998	
38	330.100	-69.998	
38	330.200	-69.998	
38	330.300	-69.998	
38	330.400	-69.998	
38	330.500	-69.998	
38	330.600	-69.998	
38	330.700	-69.998	
38	330.800	-69.998	
38	330.900	-69.998	
38	331.000	-69.998	
38	331.100	-69.998	
38	331.200	-69.998	
38	331.300	-69.998	
38	331.400	-69.998	
38	331.500	-69.998	
38	331.600	-69.998	
38	331.700	-69.998	
38	331.800	-69.998	
38	331.900	-69.998	
38	332.000	-69.998	
38	332.100	-69.998	
38	332.200	-69.998	
38	332.300	-69.998	
38	332.400	-69.998	
38	332.500	-69.998	
38	332.600	-69.998	
38	332.700	-69.998	
38	332.800	-69.998	
38	332.900	-69.998	
38	333.000	-69.998	
38	333.100	-69.998	
38	333.200	-69.998	
38	333.300	-69.998	
38	333.400	-69.998	
38	333.500	-69.998	
38	333.600	-69.998	
38	333.700	-69.998	
38	333.800	-69.998	
38	333.900	-69.998	
38	334.000	-69.998	
38	334.100	-69.998	
38	334.200	-69.998	
38	334.300	-69.998	
38	334.400	-69.998	
38	334.500	-69.998	
38	334.600	-69.998	
38	334.700	-69.998	
38	334.800	-69.998	
38	334.900	-69.998	
38	335.000	-69.998	
38	335.100	-69.998	
38	335.200	-69.998	
38	335.300	-69.998	
38	335.400	-69.998	
38	335.500	-69.998	
38	335.600	-69.998	
38	335.700	-69.998	
38	335.800	-69.998	
38	335.900	-69.998	
38	336.000	-69.998	
38	336.100	-69.998	
38	336.200	-69.998	
38	336.300	-69.998	
38	336.400	-69.998	
38	336.500	-69.998	
38	336.600	-69.998	
38	336.700	-69.998	
38	336.800	-69.998	
38	336.900	-69.998	
38	337.000	-69.998	
38	337.100	-69.998	
38	337.200	-69.998	
38	337.300	-69.998	
38	337.400	-69.998	
38	337.500	-69.998	
38	337.600	-69.998	
38	337.700	-69.998	
38	337.800	-69.998	
38	337.900	-69.998	
38	338.000	-69.998	
38	338.100	-69.998	
38	338.200	-69.998	
38	338.300	-69.998	
38	338.400	-69.998	
38	338.500	-69.998	
38	338.600	-69.998	
38	338.700	-69.998	
38	338.800	-69.998	
38	338.900	-69.998	
38	339.000	-69.998	
38	339.100	-69.998	
38	339.200	-69.998	
38	339.300	-69.998	
38	339.400	-69.998	
38	339.500	-69.998	
38	339.600	-69.998	
38	339.700	-69.998	
38	339.800	-69.998	
38	339.900	-69.998	
38	340.000	-69.998	
38	340.100	-69.998	
38	340.200	-69.998	
38	340.300	-69.998	
38	340.400	-69.998	
38	340.500	-69.998	
38	340.600	-69.998	
38	340.700	-69.998	
38	340.800	-69.998	
38	340.900	-69.998	
38	341.000	-69.998	
38	341.100	-69.998	
38	341.200	-69.998	
38	341.300	-69.998	
38	341.400	-69.998	
38	341.500	-69.998	
38	341.600	-69.998	
38	341.700	-69.998	
38	341.800	-69.998	
38	341.900	-69.998	
38	342.000	-69.998	
38	342.100	-69.998	
38	342.200	-69.998	
38	342.300	-69.998	
38	342.400	-69.998	
38	342.500	-69.998	
38	342.600	-69.998	
38	342.700	-69.998	
38	342.800	-69.998	
38	342.900	-69.998	
38	343.000	-69.998	
38	343.100	-69.998	
38	343.200	-69.998	
38	343.300	-69.998	
38	343.400	-69.998	
38	343.500	-69.998	
38	343.600	-69.998	
38	343.700	-69.998	
38	343.800	-69.998	
38	343.900	-69.998	
38	344.000	-69.998	
38	344.100	-69.998	
38	344.200	-69.998	
38	344.300	-69.998	
38	344.400	-69.998	
38	344.500	-69.998	
38	344.600	-69.998	
38	344.700	-69.998	
38	344.800	-69.998	
38	344.900	-69.998	
38	345.000	-69.998	
38	345.100	-69.998	
38	345.200	-69.998	
38	345.300	-69.998	
38	345.400	-69.998	
38	345.500	-69.998	
38	345.600	-69.998	
38	345.700	-69.998	
38	345.800	-69.998	
38	345.900	-69.998	
38	346.000	-69.998	
38	346.100	-69.998	
38	346.200	-69.998	
38	346.300	-69.998	
38	346.400	-69.998	
38	346.500	-69.998	
38	346.600	-69.998	
38	346.700	-69.998	
38	346.800	-69.998	
38	346.900	-69.998	
38	347.000	-69.998	
38	347.100	-69.998	
38	347.200	-69.998	
38	347.300	-69.998	
38	347.400	-69.998	
38	347.500	-69.998	
38	347.600	-69.998	
38	347.700	-69.998	
38	347.800	-69.998	
38	347.900	-69.998	
38	348.000	-69.998	
38	348.100	-69.998	
38	348.200	-69.998	
38	348.300	-69.998	
38	348.400	-69.998	
38	348.500	-69.998	
38	348.600	-69.998	
38	348.700	-69.998	
38	348.800	-69.998	
38	348.900	-69.998	
38	349.000	-69.998	
38	349.100	-69.998	
38	349.200	-69.998	
38	349.300	-69.998	
38	349.400	-69.998	
38	349.500	-69.998	
38	349.600	-69.998	
38	349.700	-69.998	
38	349.800	-69.998	
38	349.900	-69.998	
38	350.000	-69.998	
38	350.100	-69.998	
38	350.200	-69.998	
38	350.300	-69.998	
38	350.400	-69.998	
38	350.500	-69.998	
38	350.600	-69.998	
38	350.700	-69.998	
38	350.800	-69.998	
38	350.900	-69.998	
38	351.000	-69.998	
38	351.100	-69.998	
38	351.200	-69.998	
38	351.300	-69.998	
38	351.400	-69.998	
38	351.500	-69.998	
38	351.600	-69.998	
38	351.700	-69.998	
38	351.800	-69.998	
38	351.900	-69.998	
38	352.000	-69.998	
38	352.100	-69.998	
38	352.200	-69.998	
38	352.300	-69.998	
38	352.400	-69.998	
38	352.500	-69.998	
38	352.600	-69.998	
38	352.700	-69.998	
38	352.800	-69.998	
38	352.900	-69.998	
38	353.000	-69.998	
38	353.100	-69.998	
38	353.200	-69.998	
38	353.300	-69.998	
38	353.400	-69.998	
38	353.500	-69.998	
38	353.600	-69.998	
38	353.700	-69.998	
38	353.800	-69.998	
38	353.900	-69.998	
38	354.000	-69.998	
38	354.100	-69.998	
38	354.200	-69.998	
38	354.300	-69.998	
38	354.400	-69.998	
38	354.500	-69.998	
38	354.600	-69.998	
38	354.700	-69.998	
38	354.800	-69.998	
38	354.900	-69.998	
38	355.000	-69.998	
38	355.100	-69.998	
38	355.200	-69.998	
38	355.300	-69.998	
38	355.400	-69.998	
38	355.500	-69.998	
38	355.600	-69.998	
38	355.700	-69.998	
38	355.800	-69.998	
38	355.900	-69.998	
38	356.000	-69.998	
38	356.100	-69.998	
38	356.200	-69.998	
38	356.300	-69.998	
38	356.400	-69.998	
38	356.500	-69.998	
38	356.600	-69.998	
38	356.700	-69.998	
38	356.800	-69.998	
38	356.900	-69.998	
38	357.000	-69.998	
38	357.100	-69.998	
38	357.200	-69.998	
38	357.300	-69.998	
38	357.400	-69.998	
38	357.500	-69.998	
38	357.600	-69.998	
38	357.700	-69.998	
38	357.800	-69.998	
38	357.900	-69.998	
38	358.000	-69.998	
38	358.100	-69.998	
38	358.200	-69.998	
38	358.300	-69.998	
38	358.400	-69.998	
38	358.500	-69.998	
38	358.600	-69.998	
38	358.700	-69.998	
38	358.800	-69.998	
38	358.900	-69.998	
38	359.000	-69.998	
38	359.100	-69.998	
38	359.200	-69.998	
38	359.300	-69.998	
38	359.400	-69.998	
38	359.500	-69.998	
38	359.600	-69.998	
38	359.700	-69.998	
38	359.800	-69.998	
38	359.900	-69.998	
38	360.000	-69.998	
38	360.100	-69.998	
38	360.200	-69.998	
38	360.300	-69.998	
38	360.400	-69.998	
38	360.500	-69.998	
38	360.600	-69.998	
38	360.700	-69.998	
38	360.800	-69.998	
38	360.900	-69.998	
38	361.000	-69.998	
38	361.100	-69.998	
38	361.200	-69.998	
38	361.300	-69.998	
38	361.400	-69.998	
38	361.500	-69.998	
38	361.600	-69.998	
38	361.700	-69.998	
38	361.800	-69.998	
38	361.900	-69.998	
38	362.000	-69.998	
38	362.100	-69.998	
38	362.200	-69.998	
38	362.300	-69.998	
38	362.400	-69.998	
38	362.500	-69.998	
38	362.600	-69.998	
38	362.700	-69.998	
38	362.800	-69.998	
38	362.900	-69.998	
38	363.000	-69.998	
38	363.100	-69.998	
38	363.200	-69.998	
38	363.300	-69.998	
38	363.400	-69.998	
38	363.500	-69.998	
38	363.600	-69.998	
38	363.700	-69.998	
38	363.800	-69.998	
38	363.900	-69.998	
38	364.000	-69.998	
38	364.100	-69.998	
38	364.200	-69.998	
38	364.300	-69.998	
38	364.400	-69.998	
38	364.500	-69.998	
38	364.600	-69.998	
38	364.700	-69.998	
38	364.800	-69.998	
38	364.900	-69.998	
38	365.000	-69.998	
38	365.100	-69.998	
38	365.200	-69.998	
38	365.300	-69.998	
38	365.400	-69.998	
38	365.500	-69.998	
38	365.600	-69.998	
38	365.700	-69.998	
38	365.800	-69.998	
38	365.900	-69.998	
38	366.000	-69.998	
38	366.100	-69.998	
38	366.200	-69.998	
38	366.300	-69.998	
38	366.400	-69.998	
38	366.500	-69.998	
38	366.600	-69.998	
38	366.700	-69.998	
38	366.800	-69.998	
38	366.900	-69.998	
38	367.000	-69.998	
38	367.100	-69.998	
38	367.200	-69.998	
38	367.300	-69.998	
38	367.400	-69.998	
38	367.500	-69.998	
38	367.600	-69.998	
38	367.700	-69.998	
38	367.800	-69.998	
38	367.900	-69.998	
38	368.000	-69.998	
38	368.100	-69.998	
38	368.200	-69.998	
38	368.300	-69.998	
38	368.400	-69.998	
38	368.500	-69.998	
38	368.600	-69.998	
38	368.700	-69.998	
38	368.800	-69.998	
38	368.900	-69.998	
38	369.000	-69.998	
38	369.100	-69.998	
38	369.200	-69.998	
38	369.300	-69.998	
38	369.400	-69.998	
38	369.500	-69.998	
38	369.600	-69.998	
38	369.700	-69.998	
38	369.800	-69.998	
38	369.900	-69.998	
38	370.000	-69.998	
38	370.100	-69.998	
38	370.200	-69.998	
38	370.300	-69.998	
38	370.400	-69.998	
38	370.500	-69.998	
38	370.600	-69.998	
38	370.700	-69.998	
38	370.800	-69.998	
38	370.900	-69.998	
38	371.000	-69.998	
38	371.100	-69.998	
38	371.200	-69.998	
38	371.300	-69.998	
38	371.400	-69.998	
38	371.500	-69.998	
38	371.600	-69.998	
38	371.700	-69.998	
38	371.800	-69.998	
38	371.900	-69.998	
38	372.000	-69.998	
38	372.100	-69.998	
38	372.200	-69.998	
38	372.300	-69.998	
38	372.400	-69.998	
38	372.500	-69.998	
38	372.600	-69.998	
38	372.700	-69.998	
38	372.800	-69.998	
38	372.900	-69.998	
38	373.000	-69.998	
38	373.100	-69.998	
38	373.200	-69.998	
38	373.300	-69.998	
38	373.400	-69.998	
38	373.500	-69.998	
38	373.600	-69.998	
38	373.700	-69.998	
38	373.800	-69.998	
38	373.900	-69.998	
38	374.000	-69.998	
38	374.100	-69.998	
38	374.200	-69.998	
38	374.300	-69.998	
38	374.400	-69.998	
38	374.500	-69.998	
38	374.600	-69.998	
38	374.700	-69.998	
38	374.800	-69.998	
38	374.900	-69.998	
38	375.000	-69.998	
38	375.100	-69.998	
38	375.200	-69.998	
38	375.300	-69.998	
38	375.400	-69.998	
38	375.500	-69.998	
38	375.600	-69.998	
38	375.700	-69.998	
38	375.800	-69.998	
38	375.900	-69.998	
38	376.000	-69.998	
38	376.100	-69.998	
38	376.200	-69.998	
38	376.300	-69.998	
38	376.400	-69.998	
38	376.500	-69.998	
38	376.600	-69.998	
38	376.700	-69.998	
38	376.800	-69.998	
38	376.900	-69.998	
38	377.000	-69.998	
38	377.100	-69.998	
38	377.200	-69.998	
38	377.300	-69.998	
38	377.400	-69.998	
38	377.500	-69.998	
38	377.600	-69.998	
38	377.700	-69.998	
38	377.800	-69.998	
38	377.900	-69.998	
38	378.000	-69.998	
38	378.100	-69.998	
38	378.200	-69.998	
38	378.300	-69.998	
38	378.400	-69.998	
38	378.500	-69.998	
38	378.600	-69.998	
38	378.700	-69.998	
38	378.800	-69.998	
38	378.900	-69.998	
38	379.000	-69.998	
38	379.100	-69.998	
38	379.200	-69.998	
38	379.300	-69.998	
38	379.400	-69.998	
38	379.500	-69.998	
38	379.600	-69.998	
38	379.700	-69.998	
38	379.800	-69.998	
38	379.900	-69.998	
38	380.000	-69.998	
38	380.100	-69.998	
38	380.200	-69.998	
38	380.300	-69.998	
38	380.400	-69.998	
38	380.500	-69.998	
38	380.600	-69.998	
38	380.700	-69.998	
38	380.800	-69.998	
38	380.900	-69.998	
38	381.000	-69.998	
38	381.100	-69.998	
38	381.200	-69.998	
38	381.300	-69.998	
38	381.400	-69.998	
38	381.500	-69.998	
38	381.600	-69.998	
38	381.700	-69.998	
38	381.800	-69.998	
38	381.900	-69.998	
38	382.000	-69.998	
38	382.100	-69.998	
38	382.200	-69.998	
38	382.300	-69.998	
38	382.400	-69.998	
38	382.500	-69.998	
38	382.600	-69.998	
38	382.700	-69.998	
38	382.800	-69.998	
38	382.900	-69.998	
38	383.000	-69.998	
38	383.100	-69.998	
38	383.200	-69.998	
38	383.300	-69.998	
38	383.400	-69.998	
38	383.500	-69.998	
38	383.600	-69.998	
38	383.700	-69.998	
38	383.800	-69.998	
38	383.900	-69.998	
38	384.000	-69.998	
38	384.100	-69.998	
38	384.200	-69.998	
38	384.300	-69.998	
38	384.400	-69.998	
38	384.500	-69.998	
38	384.600	-69.998	
38	384.700	-69.998	
38	384.800	-69.998	
38	384.900	-69.998	
38	385.000	-69.998	
38	385.100	-69.998	
38	385.200	-69.998	
38	385.300	-69.998	
38	385.400	-69.998	
38	385.500	-69.998	
38	385.600	-69.998	
38	385.700	-69.998	
38	385.800	-69.998	
38	385.900	-69.998	
38	386.000	-69.998	
38	386.100	-69.998	
38	386.200	-69.998	
38	386.300	-69.998	
38	386.400	-69.998	
38	386.500	-69.998	
38	386.600	-69.998	
38	386.700	-69.998	
38	386.800	-69.998	
38	386.900	-69.998	
38	387.000	-69.998	
38	387.100	-69.998	
38	387.200	-69.998	
38	387.300	-69.998	
38	387.400	-69.998	
38	387.500	-69.998	
38	387.600	-69.998	
38	387.700	-69.998	
38	387.800	-69.998	
38	387.900	-69.998	
38	388.000	-69.998	
38	388.100	-69.998	
38	388.200	-69.998	
38	388.300	-69.998	
38	388.400	-69.998	
38	388.500	-69.998	
38	388.600	-69.998	
38	388.700	-69.998	
38	388.800	-69.998	
38	388.900	-69.998	
38	389.000	-69.998	
38	389.100	-69.998	
38	389.200	-69.998	
38	389.300	-69.998	
38	389.400	-69.998	
38	389.500	-69.998	
38	389.600	-69.998	
38	389.700	-69.998	
38	389.800	-69.998	
38	389.900	-69.998	
38	390.000	-69.998	
38	390.100	-69.998	
38	390.200	-69.998	
38	390.300	-69.998	
38	390.400	-69.998	
38	390.500	-69.998	
38	390.600	-69.998	
38	390.700	-69.998	
38	390.800	-69.998	
38	390.900	-69.998	
38	391.000	-69.998	
38	391.100	-69.998	
38	391.200	-69.998	
38	391.300	-69.998	
38	391.400	-69.998	
38	391.500	-69.998	
38	391.600	-69.998	
38	391.700	-69.998	
38	391.800	-69.998	
38	391.900	-69.998	
38	392.000	-69.998	
38	392.100	-69.998	
38	392.200	-69.998	
38	392.300	-69.998	
38	392.400	-69.998	
38	392.500	-69.998	
38	392.600	-69.998	
38	392.700	-69.998	
38	392.800	-69.998	
38	392.900	-69.998	
38	393.000	-69.998	
38	393.100	-69.998	
38	393.200	-69.998	
38	393.300	-69.998	
38	393.400	-69.998	
38	393.500	-69.998	
38	393.600	-69.998	
38	393.700	-69.998	
38	393.800	-69.998	
38	393.900	-69.998	
38	394.000	-69.998	
38	394.100	-69.998	
38	394.200	-69.998	
38	394.300	-69.998	
38	394.400	-69.998	
38	394.500	-69.998	
38	394.600	-69.998	
38	394.700	-69.998	
38	394.800	-69.998	
38	394.900	-69.998	
38	395.000	-69.998	
38	395.100	-69.998	
38	395.200	-69.998	
38	395.300	-69.998	
38	395.400	-69.998	
38	395.500	-69.998	
38	395.600	-69.998	
38	395.700	-69.998	
38	395.800	-69.998	
38	395.900	-69.998	
38	396.000	-69.998	
38	396.100	-69.998	
38	396.200	-69.998	
38	396.300	-69.998	
38	396.400	-69.998	
38	396.500	-69.998	
38	396.600	-69.998	
38	396.700	-69.998	
38	396.800	-69.998	
38	396.900	-69.998	
38	397.000	-69.998	
38	397.100	-69.998	
38	397.200	-69.998	
38	397.300	-69.998	
38	397.400	-69.998	
38	397.500	-69.998	
38	397.600	-69.998	
38	397.700	-69.998	
38	397.800	-69.998	
38	397.900	-69.998	
38	398.000	-69.998	
38	398.100	-69.998	
38	398.200	-69.998	
38	398.300	-69.998	
38	398.400	-69.998	
38	398.500	-69.998	
38	398.600	-69.998	
38	398.700	-69.998	
38	398.800	-69.998	
38	398.900	-69.998	
38	399.000	-69.998	
38	399.100	-69.998	
38	399.200	-69.998	
38	399.300	-69.998	
38	399.400	-69.998	
38	399.500	-69.998	
38	399.600	-69.998	
38	399.700	-69.998	
38	399.800	-69.998	
38	399.900	-69.998	
38	400.000	-69.998	
38	400.100	-69.998	
38	400.200	-69.998	
38	400.300	-69.998	
38	400.400	-69.998	
38	400.500	-69.998	
38	400.600	-69.998	
38	400.700	-69.998	
38	400.800	-69.998	
38	400.900	-69.998	
38	401.000	-69.998	
38	401.100	-69.998	
38	401.200	-69.998	
38	401.300	-69.998	
38	401.400	-69.998	
38	401.500	-69.998	
38	401.600	-69.998	
38	401.700	-69.998	
38	401.800	-69.998	
38	401.900	-69.998	
38	402.000	-69.998	
38	402.100	-69.998	
38	402.200	-69.998	
38	402.300	-69.998	
38	402.400	-69.998	
38	402.500	-69.998	
38	402.600	-69.998	
38	402.700	-69.998	
38	402.800	-69.998	
38	402.900	-69.998	
38	403.000	-69.998	
38	403.100	-69.998	
38	403.200	-69.998	
38	403.300	-69.998	
38	403.400	-69.998	
38	403.500	-69.998	
38	403.600	-69.998	
38	403.700	-69.998	
38	403.800	-69.998	
38	403.900	-69.998	
38	404.000	-69.998	
38	404.100	-69.998	
38	404.200	-69.998	
38	404.300	-69.998	
38	404.400	-69.998	
38	404.500	-69.998	
38	404.600	-69.998	
38	404.700	-69.998	
38	404.800	-69.998	
38	404.900	-69.998	
38	405.000	-69.998	
38	405.100	-69.998	
38	405.200	-69.998	
38	405.300	-69.998	
38	405.400	-69.998	
38	405.500	-69.998	
38	405.600	-69.998	
38	405.700	-69.998	
38	405.800	-69.998	
38	405.900	-69.998	
38	406.000	-69.998	
38	406.100	-69.998	
38	406.200	-69.998	
38	406.300	-69.998	
38	406.400	-69.998	
38	406.500	-69.998	
38	406.600	-69.998	
38	406.700	-69.998	
38	406.800	-69.998	
38	406.900	-69.998	
38	407.000	-69.998	
38	407.100	-69.998	
38	407.200	-69.998	
38	407.300	-69.998	
38	407.400	-69.998	
38	407.500	-69.998	
38	407.600	-69.998	
38	407.700	-69.998	
38	407.800	-69.998	
38	407.900	-69.998	
38	408.000	-69.998	
38	408.100	-69.998	
38	408.200	-69.998	
38	408.300	-69.998	
38	408.400	-69.998	
38	408.500	-69.998	
38	408.600	-69.998	
38	408.700	-69.998	
38	408.800	-69.998	
38	408.900	-69.998	
38	409.000	-69.998	
38	409.100	-69.998	
38	409.200	-69.998	
38	409.300	-69.998	
38	409.400	-69.998	
38	409.500	-69.998	
38	409.600	-69.998	
38	409.700	-69.998	
38	409.800	-69.998	
38	409.900	-69.998	
38	410.000	-69.998	
38	410.100	-69.998	
38	410.200	-69.998	
38	410.300	-69.998	
38	410.400	-69.998	
38	410.500	-69.998	
38	410.600	-69.998	
38	410.700	-69.998	
38	410.800	-69.998	
38	410.900	-69.998	
38	411.000	-69.998	
38	411.100	-69.998	
38	411.200	-69.998	
38	411.300	-69.998	
38	411.400	-69.998	
38	411.500	-69.998	
38	411.600	-69.998	
38	411.700	-69.998	
38	411.800	-69.998	
38	411.900	-69.998	
38	412.000	-69.998	
38	412.100	-69.998	
38	412.200	-69.998	
38	412.300	-69.998	
38	412.400	-69.998	
38	412.500	-69.998	
38	412.600	-69.998	
38	412.700	-69.998	
38	412.800	-69.998	
38	412.900	-69.998	
38	413.000	-69.998	
38	413.100	-69.998	
38	413.200	-69.998	
38	413.300	-69.998	
38	413.400	-69.998	
38	413.500	-69.998	
38	413.600	-69.998	
38	413.700	-69.998	
38	413.800	-69.998	
38	413.900	-69.998	
38	414.000	-69.998	
38	414.100	-69.998	
38	414.200	-69.998	
38	414.300	-69.998	
38	414.400	-69.998	
38	414.500	-69.998	
38	414.600	-69.998	
38	414.700	-69.998	
38	414.800	-69.998	
38	414.900	-69.998	
38	415.000	-69.998	
38	415.100	-69.998	
38	415.200	-69.998	
38	415.300	-69.998	
38	415.400	-69.998	
38	415.500	-69.998	
38	415.600	-69.998	
38	415.700	-69.998	
38	415.800	-69.998	
38	415.900	-69.998	
38	416.000	-69.998	
38	416.100	-69.998	
38	416.200	-69.998	
38	416.300	-69.998	
38	416.400	-69.998	
38	416.500	-69.998	
38	416.600	-69.998	
38	416.700	-69.998	
38	416.800	-69.998	
38	416.900	-69.998	
38	417.000	-69.998	
38	417.100	-69.998	
38	417.200	-69.998	
38	417.300	-69.998	
38	417.400	-69.998	
38	417.500	-69.998	
38	417.600	-69.998	
38	417.700	-69.998	
38	417.800	-69.998	
38	417.900	-69.998	
38	418.000	-69.998	
38	418.100	-69.998	
38	418.200	-69.998	
38	418.300	-69.998	
38	418.400	-69.998	
38	418.500	-69.998	
38	418.600	-69.998	
38	418.700	-69.998	
38	418.800	-69.998	
38	418.900	-69.998	
38	419.000	-69.998	
38	419.100	-69.998	
38	419.200	-69.998	
38	419.300	-69.998	
38	419.400	-69.998	
38	419.500	-69.998	
38	419.600	-69.998	
38	419.700	-69.998	
38	419.800	-69.998	
38	419.900	-69.998	
38	420.000	-69.998	
38	420.100	-69.998	
38	420.200	-69.998	
38	420.300	-69.998	
38	420.400	-69.998	
38	420.500	-69.998	
38	420.600	-69.998	
38	420.700	-69.998	
38	420.800	-69.998	
38	420.900	-69.998	
38	421.000	-69.998	
38	421.100	-69.998	
38	421.200	-69.998	
38	421.300	-69.998	
38	421.400	-69.998	
38	421.500	-69.998	
38	421.600	-69.998	
38	421.700	-69.998	
38	421.800	-69.998	
38	421.900	-69.998	
38	422.000	-69.998	
38	422.100	-69.998	
38	422.200	-69.998	
38	422.300	-69.998	
38	422.400	-69.998	
38	422.500	-69.998	
38	422.600	-69.998	
38	422.700	-69.998	
38	422.800	-69.998	
38	422.900	-69.998	
38	423.000	-69.998	
38	423.100	-69.998	
38	423.200	-69.998	
38	423.300	-69.998	
38	423.400	-69.998	
38	423.500	-69.998	
38	423.600	-69.998	
38	423.700	-69.998	
38	423.800	-69.998	
38	423.900	-69.998	
38	424.000	-69.998	
38	424.100	-69.998	
38	424.200	-69.998	
38	424.300	-69.998	
38	424.400	-69.998	
38	424.500	-69.998	
38	424.600	-69.998	
38	424.700	-69.998	
38	424.800	-69.998	
38	424.900	-69.998	
38	425.000	-69.998	
38	425.100	-69.998	
38	425.200	-69.998	
38	425.300	-69.998	
38	425.400	-69.998	
38	425.500	-69.998	
38	425.600	-69.998	
38	425.700	-69.998	
38	425.800	-69.998	
38	425.900	-69.998	
38	426.000	-69.998	
38	426.100	-69.998	
38	426.200	-69.998	
38	426.300	-69.998	
38	426.400	-69.998	
38	426.500	-69.998	
38	426.600	-69.998	
38	426.700	-69.998	
38	426.800	-69.998	
38	426.900	-69.998	
38	427.000	-69.998	
38	427.100	-69.998	
38	427.200	-69.998	
38	427.300	-69.998	
38	427.400	-69.998	
38	427.500	-69.998	
38	427.600	-69.998	
38	427.700	-69.998	
38	427.800	-69.998	
38	427.900	-69.998	
38	428.000	-69.998	
38	428.100	-69.998	
38	428.200	-69.998	
38	428.300	-69.998	
38	428.400	-69.998	
38	428.500	-69.998	
38	428.600	-69.998	
38	428.700	-69.998	
38	428.800	-69.998	
38	428.900	-69.998	
38	429.000	-69.998	
38	429.100	-69.998	
38	429.200	-69.998	
38	429.300	-69.998	
38	429.400	-69.998	
38	429.500	-69.998	
38	429.600	-69.998	
38	429.700	-69.998	
38	429.800	-69.998	
38	429.900	-69.998	
38	430.000	-69.998	
38	430.100	-69.998	
38	430.200	-69.998	
38	430.300	-69.998	
38	430.400	-69.998	
38	430.500	-69.998	
38	430.600	-69.998	
38	430.700	-69.998	
38	430.800	-69.998	
38	430.900	-69.998	
38	431.000	-69.998	
38	431.100	-69.998	
38	431.200	-69.998	
38	431.300	-69.998	
38	431.400	-69.998	
38	431.500	-69.998	
38	431.600	-69.998	
38	431.700	-69.998	
38	431.800	-69.998	
38	431.900	-69.998	
38	432.000	-69.998	
38	432.100	-69.998	
38	432.200	-69.998	
38	432.300	-69.998	
38	432.400	-69.998	
38	432.500	-69.998	
38	432.600	-69.998	
38	432.700	-69.998	
38	432.800	-69.998	
38	432.900	-69.998	
38	433.000	-69.998	
38	433.100	-69.998	
38	433.200	-69.998	
38	433.300	-69.998	
38	433.400	-69.998	
38	433.500	-69.998	
38	433.600	-69.998	
38	433.700	-69.998	
38	433.800	-69.998	
38	433.900	-69.998	
38	434.000	-69.998	
38	434.100	-69.998	
38	434.200	-69.998	
38	434.300	-69.998	
38	434.400	-69.998	
38	434.500	-69.998	
38	434.600	-69.998	
38	434.700	-69.998	
38	434.800	-69.998	
38	434.900	-69.998	
38	435.000	-69.998	
38	435.100	-69.998	
38	435.200	-69.998	
38	435.300	-69.998	
38	435.400	-69.998	
38	435.500	-69.998	
38	435.600	-69.998	
38	435.700	-69.998	
38	435.800	-69.998	
38	435.900	-69.998	
38	436.000	-69.998	
38	436.100	-69.998	
38	436.200	-69.998	
38	436.300	-69.998	
38	436.400	-69.998	
38	436.500	-69.998	
38	436.600	-69.998	
38	436.700	-69.998	
38	436.800	-69.998	
38	436.900	-69.998	
38	437.000	-69.998	
38	437.100	-69.998	
38	437.200	-69.998	
38	437.300	-69.998	
38	437.400	-69.998	
38	437.500	-69.998	
38	437.600	-69.998	
38	437.700	-69.998	
38	437.800	-69.998	
38	437.900	-69.998	
38	438.000	-69.998	
38	438.100	-69.998	
38	438.200	-69.998	
38	438.300	-69.998	
38	438.400	-69.998	
38	438.500	-69.998	
38	438.600	-69.998	
38	438.700	-69.998	
38	438.800	-69.998	
38	438.900	-69.998	
38	439.000	-69.998	
38	439.100	-69.998	
38	439.200	-69.998	
38	439.300	-69.998	
38	439.400	-69.998	
38	439.500	-69.998	
38	439.600	-69.998	
38	439.700	-69.998	
38	439.800	-69.998	
38	439.900	-69.998	
38	440.000	-69.998	
38	440.100	-69.998	
38	440.200	-69.998	
38	440.300	-69.998	
38	440.400	-69.998	
38	440.500	-69.998	
38	440.600	-69.998	
38	440.700	-69.998	
38	440.800	-69.998	
38	440.900	-69.998	
38	441.000	-69.998	
38	441.100	-69.998	
38	441.200	-69.998	
38	441.300	-69.998	
38	441.400	-69.998	
38	441.500	-69.998	
38	441.600	-69.998	
38	441.700	-69.998	
38	441.800	-69.998	
38	441.900	-69.998	
38	442.000	-69.998	
38	442.100	-69.998	
38	442.200	-69.998	
38	442.300	-69.998	
38	442.400	-69.998	
38	442.500	-69.998	
38	442.600	-69.998	
38	442.700	-69.998	
38	442.800	-69.998	
38	442.900	-69.998	
38	443.000	-69.998	
38	443.100	-69.998	
38	443.200	-69.998	
38	443.300	-69.998	
38	443.400	-69.998	
38	443.500	-69.998	
38	443.600	-69.998	
38	443.700	-69.998	
38	443.800	-69.998	
38	443.900	-69.998	
38	444.000	-69.998	
38	444.100	-69.998	
38	444.200	-69.998	
38	444.300	-69.998	
38	444.400	-69.998	
38	444.500	-69.998	
38	444.600	-69.998	
38	444.700	-69.998	
38	444.800	-69.998	
38	444.900	-69.998	
38	445.000	-69.998	
38	445.100	-69.998	
38	445.200	-69.998	
38	445.300	-69.998	
38	445.400	-69.998	
38	445.500	-69.998	
38	445.600	-69.998	
38	445.700	-69.998	
38	445.800	-69.998	
38	445.900	-69.998	
38	446.000	-69.998	
38	446.100	-69.998	
38	446.200	-69.998	
38	446.300	-69.998	
38	446.400	-69.998	
38	446.500	-69.998	
38	446.600	-69.998	
38	446.700	-69.998	
38	446.800	-69.998	
38	446.900	-69.998	
38	447.000	-69.998	
38	447.100	-69.998	
38	447.200	-69.998	
38	447.300	-69.998	
38	447.400	-69.998	
38	447.500	-69.998	
38	447.600	-69.998	
38	447.700	-69.998	
38	447.800	-69.998	
38	447.900	-69.998	
38	448.000	-69.998	
38	448.100	-69.998	
38	448.200	-69.998	
38	448.300	-69.998	
38	448.400	-69.998	
38	448.500	-69.998	
38	448.600	-69.998	
38	448.700	-69.998	
38	448.800	-69.998	
38	448.900	-69.998	
38	449.000	-69.998	
