11	0.100	-70.000	
11	0.200	-70.000	
11	0.300	-70.000	
11	0.400	-70.000	
11	0.500	-70.000	
11	0.600	-70.000	
11	0.700	-70.000	
11	0.800	-70.000	
11	0.900	-70.000	
11	1.000	-70.000	
11	1.100	-70.000	
11	1.200	-70.000	
11	1.300	-70.000	
11	1.400	-70.000	
11	1.500	-70.000	
11	1.600	-70.000	
11	1.700	-70.000	
11	1.800	-69.999	
11	1.900	-69.999	
11	2.000	-69.999	
11	2.100	-69.999	
11	2.200	-69.999	
11	2.300	-69.999	
11	2.400	-69.999	
11	2.500	-69.999	
11	2.600	-69.999	
11	2.700	-69.999	
11	2.800	-69.999	
11	2.900	-69.999	
11	3.000	-69.999	
11	3.100	-69.999	
11	3.200	-69.999	
11	3.300	-69.999	
11	3.400	-69.999	
11	3.500	-69.999	
11	3.600	-69.999	
11	3.700	-69.999	
11	3.800	-69.999	
11	3.900	-69.999	
11	4.000	-69.999	
11	4.100	-69.999	
11	4.200	-69.999	
11	4.300	-69.999	
11	4.400	-69.999	
11	4.500	-69.999	
11	4.600	-69.999	
11	4.700	-69.999	
11	4.800	-69.999	
11	4.900	-69.999	
11	5.000	-69.999	
11	5.100	-69.999	
11	5.200	-69.999	
11	5.300	-69.999	
11	5.400	-69.999	
11	5.500	-69.999	
11	5.600	-69.999	
11	5.700	-69.999	
11	5.800	-69.999	
11	5.900	-69.999	
11	6.000	-69.999	
11	6.100	-69.999	
11	6.200	-69.999	
11	6.300	-69.999	
11	6.400	-69.999	
11	6.500	-69.999	
11	6.600	-69.999	
11	6.700	-69.999	
11	6.800	-69.999	
11	6.900	-69.999	
11	7.000	-69.999	
11	7.100	-69.999	
11	7.200	-69.999	
11	7.300	-69.999	
11	7.400	-69.999	
11	7.500	-69.999	
11	7.600	-69.999	
11	7.700	-69.999	
11	7.800	-69.999	
11	7.900	-69.999	
11	8.000	-69.999	
11	8.100	-69.999	
11	8.200	-69.999	
11	8.300	-69.999	
11	8.400	-69.999	
11	8.500	-69.999	
11	8.600	-69.999	
11	8.700	-69.999	
11	8.800	-69.999	
11	8.900	-69.999	
11	9.000	-69.999	
11	9.100	-69.999	
11	9.200	-69.999	
11	9.300	-69.999	
11	9.400	-69.999	
11	9.500	-69.999	
11	9.600	-69.999	
11	9.700	-69.999	
11	9.800	-69.999	
11	9.900	-69.998	
11	10.000	-69.998	
11	10.100	-69.998	
11	10.200	-69.998	
11	10.300	-69.998	
11	10.400	-69.998	
11	10.500	-69.998	
11	10.600	-69.998	
11	10.700	-69.998	
11	10.800	-69.998	
11	10.900	-69.998	
11	11.000	-69.998	
11	11.100	-69.998	
11	11.200	-69.998	
11	11.300	-69.998	
11	11.400	-69.998	
11	11.500	-69.998	
11	11.600	-69.998	
11	11.700	-69.998	
11	11.800	-69.998	
11	11.900	-69.998	
11	12.000	-69.998	
11	12.100	-69.998	
11	12.200	-69.998	
11	12.300	-69.998	
11	12.400	-69.998	
11	12.500	-69.998	
11	12.600	-69.998	
11	12.700	-69.998	
11	12.800	-69.998	
11	12.900	-69.998	
11	13.000	-69.998	
11	13.100	-69.998	
11	13.200	-69.998	
11	13.300	-69.998	
11	13.400	-69.998	
11	13.500	-69.998	
11	13.600	-69.998	
11	13.700	-69.998	
11	13.800	-69.998	
11	13.900	-69.998	
11	14.000	-69.998	
11	14.100	-69.998	
11	14.200	-69.998	
11	14.300	-69.998	
11	14.400	-69.998	
11	14.500	-69.998	
11	14.600	-69.998	
11	14.700	-69.998	
11	14.800	-69.998	
11	14.900	-69.998	
11	15.000	-69.998	
11	15.100	-69.998	
11	15.200	-69.998	
11	15.300	-69.998	
11	15.400	-69.998	
11	15.500	-69.998	
11	15.600	-69.998	
11	15.700	-69.998	
11	15.800	-69.998	
11	15.900	-69.998	
11	16.000	-69.998	
11	16.100	-69.998	
11	16.200	-69.998	
11	16.300	-69.998	
11	16.400	-69.998	
11	16.500	-69.998	
11	16.600	-69.998	
11	16.700	-69.998	
11	16.800	-69.998	
11	16.900	-69.998	
11	17.000	-69.998	
11	17.100	-69.998	
11	17.200	-69.998	
11	17.300	-69.998	
11	17.400	-69.998	
11	17.500	-69.998	
11	17.600	-69.998	
11	17.700	-69.998	
11	17.800	-69.998	
11	17.900	-69.998	
11	18.000	-69.998	
11	18.100	-69.998	
11	18.200	-69.998	
11	18.300	-69.998	
11	18.400	-69.998	
11	18.500	-69.998	
11	18.600	-69.998	
11	18.700	-69.998	
11	18.800	-69.998	
11	18.900	-69.998	
11	19.000	-69.998	
11	19.100	-69.998	
11	19.200	-69.998	
11	19.300	-69.998	
11	19.400	-69.998	
11	19.500	-69.998	
11	19.600	-69.998	
11	19.700	-69.998	
11	19.800	-69.998	
11	19.900	-69.998	
11	20.000	-69.998	
11	20.100	-69.998	
11	20.200	-69.998	
11	20.300	-69.998	
11	20.400	-69.998	
11	20.500	-69.998	
11	20.600	-69.998	
11	20.700	-69.998	
11	20.800	-69.998	
11	20.900	-69.998	
11	21.000	-69.998	
11	21.100	-69.998	
11	21.200	-69.998	
11	21.300	-69.998	
11	21.400	-69.998	
11	21.500	-69.998	
11	21.600	-69.998	
11	21.700	-69.998	
11	21.800	-69.998	
11	21.900	-69.998	
11	22.000	-69.998	
11	22.100	-69.998	
11	22.200	-69.998	
11	22.300	-69.998	
11	22.400	-69.998	
11	22.500	-69.998	
11	22.600	-69.998	
11	22.700	-69.998	
11	22.800	-69.998	
11	22.900	-69.998	
11	23.000	-69.998	
11	23.100	-69.998	
11	23.200	-69.998	
11	23.300	-69.998	
11	23.400	-69.998	
11	23.500	-69.998	
11	23.600	-69.998	
11	23.700	-69.998	
11	23.800	-69.998	
11	23.900	-69.998	
11	24.000	-69.998	
11	24.100	-69.998	
11	24.200	-69.998	
11	24.300	-69.998	
11	24.400	-69.998	
11	24.500	-69.998	
11	24.600	-69.998	
11	24.700	-69.998	
11	24.800	-69.998	
11	24.900	-69.998	
11	25.000	-69.998	
11	25.100	-69.998	
11	25.200	-69.998	
11	25.300	-69.998	
11	25.400	-69.998	
11	25.500	-69.998	
11	25.600	-69.998	
11	25.700	-69.998	
11	25.800	-69.998	
11	25.900	-69.998	
11	26.000	-69.998	
11	26.100	-69.998	
11	26.200	-69.998	
11	26.300	-69.998	
11	26.400	-69.998	
11	26.500	-69.998	
11	26.600	-69.998	
11	26.700	-69.998	
11	26.800	-69.998	
11	26.900	-69.998	
11	27.000	-69.998	
11	27.100	-69.998	
11	27.200	-69.998	
11	27.300	-69.998	
11	27.400	-69.998	
11	27.500	-69.998	
11	27.600	-69.998	
11	27.700	-69.998	
11	27.800	-69.998	
11	27.900	-69.998	
11	28.000	-69.998	
11	28.100	-69.998	
11	28.200	-69.998	
11	28.300	-69.998	
11	28.400	-69.998	
11	28.500	-69.998	
11	28.600	-69.998	
11	28.700	-69.998	
11	28.800	-69.998	
11	28.900	-69.998	
11	29.000	-69.998	
11	29.100	-69.998	
11	29.200	-69.998	
11	29.300	-69.998	
11	29.400	-69.998	
11	29.500	-69.998	
11	29.600	-69.998	
11	29.700	-69.998	
11	29.800	-69.998	
11	29.900	-69.998	
11	30.000	-69.998	
11	30.100	-69.998	
11	30.200	-69.998	
11	30.300	-69.998	
11	30.400	-69.998	
11	30.500	-69.998	
11	30.600	-69.998	
11	30.700	-69.998	
11	30.800	-69.998	
11	30.900	-69.998	
11	31.000	-69.998	
11	31.100	-69.998	
11	31.200	-69.998	
11	31.300	-69.998	
11	31.400	-69.998	
11	31.500	-69.998	
11	31.600	-69.998	
11	31.700	-69.998	
11	31.800	-69.998	
11	31.900	-69.998	
11	32.000	-69.998	
11	32.100	-69.998	
11	32.200	-69.998	
11	32.300	-69.998	
11	32.400	-69.998	
11	32.500	-69.998	
11	32.600	-69.998	
11	32.700	-69.998	
11	32.800	-69.998	
11	32.900	-69.998	
11	33.000	-69.998	
11	33.100	-69.998	
11	33.200	-69.998	
11	33.300	-69.998	
11	33.400	-69.998	
11	33.500	-69.998	
11	33.600	-69.998	
11	33.700	-69.998	
11	33.800	-69.998	
11	33.900	-69.998	
11	34.000	-69.998	
11	34.100	-69.998	
11	34.200	-69.998	
11	34.300	-69.998	
11	34.400	-69.998	
11	34.500	-69.998	
11	34.600	-69.998	
11	34.700	-69.998	
11	34.800	-69.998	
11	34.900	-69.998	
11	35.000	-69.998	
11	35.100	-69.998	
11	35.200	-69.998	
11	35.300	-69.998	
11	35.400	-69.998	
11	35.500	-69.998	
11	35.600	-69.998	
11	35.700	-69.998	
11	35.800	-69.998	
11	35.900	-69.998	
11	36.000	-69.998	
11	36.100	-69.998	
11	36.200	-69.998	
11	36.300	-69.998	
11	36.400	-69.998	
11	36.500	-69.998	
11	36.600	-69.998	
11	36.700	-69.998	
11	36.800	-69.998	
11	36.900	-69.998	
11	37.000	-69.998	
11	37.100	-69.998	
11	37.200	-69.998	
11	37.300	-69.998	
11	37.400	-69.998	
11	37.500	-69.998	
11	37.600	-69.998	
11	37.700	-69.998	
11	37.800	-69.998	
11	37.900	-69.998	
11	38.000	-69.998	
11	38.100	-69.998	
11	38.200	-69.998	
11	38.300	-69.998	
11	38.400	-69.998	
11	38.500	-69.998	
11	38.600	-69.998	
11	38.700	-69.998	
11	38.800	-69.998	
11	38.900	-69.998	
11	39.000	-69.998	
11	39.100	-69.998	
11	39.200	-69.998	
11	39.300	-69.998	
11	39.400	-69.998	
11	39.500	-69.998	
11	39.600	-69.998	
11	39.700	-69.998	
11	39.800	-69.998	
11	39.900	-69.998	
11	40.000	-69.998	
11	40.100	-69.998	
11	40.200	-69.998	
11	40.300	-69.998	
11	40.400	-69.998	
11	40.500	-69.998	
11	40.600	-69.998	
11	40.700	-69.998	
11	40.800	-69.998	
11	40.900	-69.998	
11	41.000	-69.998	
11	41.100	-69.998	
11	41.200	-69.998	
11	41.300	-69.998	
11	41.400	-69.998	
11	41.500	-69.998	
11	41.600	-69.998	
11	41.700	-69.998	
11	41.800	-69.998	
11	41.900	-69.998	
11	42.000	-69.998	
11	42.100	-69.998	
11	42.200	-69.998	
11	42.300	-69.998	
11	42.400	-69.998	
11	42.500	-69.998	
11	42.600	-69.998	
11	42.700	-69.998	
11	42.800	-69.998	
11	42.900	-69.998	
11	43.000	-69.998	
11	43.100	-69.998	
11	43.200	-69.998	
11	43.300	-69.998	
11	43.400	-69.998	
11	43.500	-69.998	
11	43.600	-69.998	
11	43.700	-69.998	
11	43.800	-69.998	
11	43.900	-69.998	
11	44.000	-69.998	
11	44.100	-69.998	
11	44.200	-69.998	
11	44.300	-69.998	
11	44.400	-69.998	
11	44.500	-69.998	
11	44.600	-69.998	
11	44.700	-69.998	
11	44.800	-69.998	
11	44.900	-69.998	
11	45.000	-69.998	
11	45.100	-69.998	
11	45.200	-69.998	
11	45.300	-69.998	
11	45.400	-69.998	
11	45.500	-69.998	
11	45.600	-69.998	
11	45.700	-69.998	
11	45.800	-69.998	
11	45.900	-69.998	
11	46.000	-69.998	
11	46.100	-69.998	
11	46.200	-69.998	
11	46.300	-69.998	
11	46.400	-69.998	
11	46.500	-69.998	
11	46.600	-69.998	
11	46.700	-69.998	
11	46.800	-69.998	
11	46.900	-69.998	
11	47.000	-69.998	
11	47.100	-69.998	
11	47.200	-69.998	
11	47.300	-69.998	
11	47.400	-69.998	
11	47.500	-69.998	
11	47.600	-69.998	
11	47.700	-69.998	
11	47.800	-69.998	
11	47.900	-69.998	
11	48.000	-69.998	
11	48.100	-69.998	
11	48.200	-69.998	
11	48.300	-69.998	
11	48.400	-69.998	
11	48.500	-69.998	
11	48.600	-69.998	
11	48.700	-69.998	
11	48.800	-69.998	
11	48.900	-69.998	
11	49.000	-69.998	
11	49.100	-69.998	
11	49.200	-69.998	
11	49.300	-69.998	
11	49.400	-69.998	
11	49.500	-69.998	
11	49.600	-69.998	
11	49.700	-69.998	
11	49.800	-69.998	
11	49.900	-69.998	
11	50.000	-69.998	
11	50.100	-69.998	
11	50.200	-69.998	
11	50.300	-69.998	
11	50.400	-69.998	
11	50.500	-69.998	
11	50.600	-69.998	
11	50.700	-69.998	
11	50.800	-69.998	
11	50.900	-69.998	
11	51.000	-69.998	
11	51.100	-69.998	
11	51.200	-69.998	
11	51.300	-69.998	
11	51.400	-69.998	
11	51.500	-69.998	
11	51.600	-69.998	
11	51.700	-69.998	
11	51.800	-69.998	
11	51.900	-69.998	
11	52.000	-69.998	
11	52.100	-69.998	
11	52.200	-69.998	
11	52.300	-69.998	
11	52.400	-69.998	
11	52.500	-69.998	
11	52.600	-69.998	
11	52.700	-69.998	
11	52.800	-69.998	
11	52.900	-69.998	
11	53.000	-69.998	
11	53.100	-69.998	
11	53.200	-69.998	
11	53.300	-69.998	
11	53.400	-69.998	
11	53.500	-69.998	
11	53.600	-69.998	
11	53.700	-69.998	
11	53.800	-69.998	
11	53.900	-69.998	
11	54.000	-69.998	
11	54.100	-69.998	
11	54.200	-69.998	
11	54.300	-69.998	
11	54.400	-69.998	
11	54.500	-69.998	
11	54.600	-69.998	
11	54.700	-69.998	
11	54.800	-69.998	
11	54.900	-69.998	
11	55.000	-69.998	
11	55.100	-69.998	
11	55.200	-69.998	
11	55.300	-69.998	
11	55.400	-69.998	
11	55.500	-69.998	
11	55.600	-69.998	
11	55.700	-69.998	
11	55.800	-69.998	
11	55.900	-69.998	
11	56.000	-69.998	
11	56.100	-69.998	
11	56.200	-69.998	
11	56.300	-69.998	
11	56.400	-69.998	
11	56.500	-69.998	
11	56.600	-69.998	
11	56.700	-69.998	
11	56.800	-69.998	
11	56.900	-69.998	
11	57.000	-69.998	
11	57.100	-69.998	
11	57.200	-69.998	
11	57.300	-69.998	
11	57.400	-69.998	
11	57.500	-69.998	
11	57.600	-69.998	
11	57.700	-69.998	
11	57.800	-69.998	
11	57.900	-69.998	
11	58.000	-69.998	
11	58.100	-69.998	
11	58.200	-69.998	
11	58.300	-69.998	
11	58.400	-69.998	
11	58.500	-69.998	
11	58.600	-69.998	
11	58.700	-69.998	
11	58.800	-69.998	
11	58.900	-69.998	
11	59.000	-69.998	
11	59.100	-69.998	
11	59.200	-69.998	
11	59.300	-69.998	
11	59.400	-69.998	
11	59.500	-69.998	
11	59.600	-69.998	
11	59.700	-69.998	
11	59.800	-69.998	
11	59.900	-69.998	
11	60.000	-69.998	
11	60.100	-69.998	
11	60.200	-69.998	
11	60.300	-69.998	
11	60.400	-69.998	
11	60.500	-69.998	
11	60.600	-69.998	
11	60.700	-69.998	
11	60.800	-69.998	
11	60.900	-69.998	
11	61.000	-69.998	
11	61.100	-69.998	
11	61.200	-69.998	
11	61.300	-69.998	
11	61.400	-69.998	
11	61.500	-69.998	
11	61.600	-69.998	
11	61.700	-69.998	
11	61.800	-69.998	
11	61.900	-69.998	
11	62.000	-69.998	
11	62.100	-69.998	
11	62.200	-69.998	
11	62.300	-69.998	
11	62.400	-69.998	
11	62.500	-69.998	
11	62.600	-69.998	
11	62.700	-69.998	
11	62.800	-69.998	
11	62.900	-69.998	
11	63.000	-69.998	
11	63.100	-69.998	
11	63.200	-69.998	
11	63.300	-69.998	
11	63.400	-69.998	
11	63.500	-69.998	
11	63.600	-69.998	
11	63.700	-69.998	
11	63.800	-69.998	
11	63.900	-69.998	
11	64.000	-69.998	
11	64.100	-69.998	
11	64.200	-69.998	
11	64.300	-69.998	
11	64.400	-69.998	
11	64.500	-69.998	
11	64.600	-69.998	
11	64.700	-69.998	
11	64.800	-69.998	
11	64.900	-69.998	
11	65.000	-69.998	
11	65.100	-69.998	
11	65.200	-69.998	
11	65.300	-69.998	
11	65.400	-69.998	
11	65.500	-69.998	
11	65.600	-69.998	
11	65.700	-69.998	
11	65.800	-69.998	
11	65.900	-69.998	
11	66.000	-69.998	
11	66.100	-69.998	
11	66.200	-69.998	
11	66.300	-69.998	
11	66.400	-69.998	
11	66.500	-69.998	
11	66.600	-69.998	
11	66.700	-69.998	
11	66.800	-69.998	
11	66.900	-69.998	
11	67.000	-69.998	
11	67.100	-69.998	
11	67.200	-69.998	
11	67.300	-69.998	
11	67.400	-69.998	
11	67.500	-69.998	
11	67.600	-69.998	
11	67.700	-69.998	
11	67.800	-69.998	
11	67.900	-69.998	
11	68.000	-69.998	
11	68.100	-69.998	
11	68.200	-69.998	
11	68.300	-69.998	
11	68.400	-69.998	
11	68.500	-69.998	
11	68.600	-69.998	
11	68.700	-69.998	
11	68.800	-69.998	
11	68.900	-69.998	
11	69.000	-69.998	
11	69.100	-69.998	
11	69.200	-69.998	
11	69.300	-69.998	
11	69.400	-69.998	
11	69.500	-69.998	
11	69.600	-69.998	
11	69.700	-69.998	
11	69.800	-69.998	
11	69.900	-69.998	
11	70.000	-69.998	
11	70.100	-69.998	
11	70.200	-69.998	
11	70.300	-69.998	
11	70.400	-69.998	
11	70.500	-69.998	
11	70.600	-69.998	
11	70.700	-69.998	
11	70.800	-69.998	
11	70.900	-69.998	
11	71.000	-69.998	
11	71.100	-69.998	
11	71.200	-69.998	
11	71.300	-69.998	
11	71.400	-69.998	
11	71.500	-69.998	
11	71.600	-69.998	
11	71.700	-69.998	
11	71.800	-69.998	
11	71.900	-69.998	
11	72.000	-69.998	
11	72.100	-69.998	
11	72.200	-69.998	
11	72.300	-69.998	
11	72.400	-69.998	
11	72.500	-69.998	
11	72.600	-69.998	
11	72.700	-69.998	
11	72.800	-69.998	
11	72.900	-69.998	
11	73.000	-69.998	
11	73.100	-69.998	
11	73.200	-69.998	
11	73.300	-69.998	
11	73.400	-69.998	
11	73.500	-69.998	
11	73.600	-69.998	
11	73.700	-69.998	
11	73.800	-69.998	
11	73.900	-69.998	
11	74.000	-69.998	
11	74.100	-69.998	
11	74.200	-69.998	
11	74.300	-69.998	
11	74.400	-69.998	
11	74.500	-69.998	
11	74.600	-69.998	
11	74.700	-69.998	
11	74.800	-69.998	
11	74.900	-69.998	
11	75.000	-69.998	
11	75.100	-69.998	
11	75.200	-69.998	
11	75.300	-69.998	
11	75.400	-69.998	
11	75.500	-69.998	
11	75.600	-69.998	
11	75.700	-69.998	
11	75.800	-69.998	
11	75.900	-69.998	
11	76.000	-69.998	
11	76.100	-69.998	
11	76.200	-69.998	
11	76.300	-69.998	
11	76.400	-69.998	
11	76.500	-69.998	
11	76.600	-69.998	
11	76.700	-69.998	
11	76.800	-69.998	
11	76.900	-69.998	
11	77.000	-69.998	
11	77.100	-69.998	
11	77.200	-69.998	
11	77.300	-69.998	
11	77.400	-69.998	
11	77.500	-69.998	
11	77.600	-69.998	
11	77.700	-69.998	
11	77.800	-69.998	
11	77.900	-69.998	
11	78.000	-69.998	
11	78.100	-69.998	
11	78.200	-69.998	
11	78.300	-69.998	
11	78.400	-69.998	
11	78.500	-69.998	
11	78.600	-69.998	
11	78.700	-69.998	
11	78.800	-69.998	
11	78.900	-69.998	
11	79.000	-69.998	
11	79.100	-69.998	
11	79.200	-69.998	
11	79.300	-69.998	
11	79.400	-69.998	
11	79.500	-69.998	
11	79.600	-69.998	
11	79.700	-69.998	
11	79.800	-69.998	
11	79.900	-69.998	
11	80.000	-69.998	
11	80.100	-69.998	
11	80.200	-69.998	
11	80.300	-69.998	
11	80.400	-69.998	
11	80.500	-69.998	
11	80.600	-69.998	
11	80.700	-69.998	
11	80.800	-69.998	
11	80.900	-69.998	
11	81.000	-69.998	
11	81.100	-69.998	
11	81.200	-69.998	
11	81.300	-69.998	
11	81.400	-69.998	
11	81.500	-69.998	
11	81.600	-69.998	
11	81.700	-69.998	
11	81.800	-69.998	
11	81.900	-69.998	
11	82.000	-69.998	
11	82.100	-69.998	
11	82.200	-69.998	
11	82.300	-69.998	
11	82.400	-69.998	
11	82.500	-69.998	
11	82.600	-69.998	
11	82.700	-69.998	
11	82.800	-69.998	
11	82.900	-69.998	
11	83.000	-69.998	
11	83.100	-69.998	
11	83.200	-69.998	
11	83.300	-69.998	
11	83.400	-69.998	
11	83.500	-69.998	
11	83.600	-69.998	
11	83.700	-69.998	
11	83.800	-69.998	
11	83.900	-69.998	
11	84.000	-69.998	
11	84.100	-69.998	
11	84.200	-69.998	
11	84.300	-69.998	
11	84.400	-69.998	
11	84.500	-69.998	
11	84.600	-69.998	
11	84.700	-69.998	
11	84.800	-69.998	
11	84.900	-69.998	
11	85.000	-69.998	
11	85.100	-69.998	
11	85.200	-69.998	
11	85.300	-69.998	
11	85.400	-69.998	
11	85.500	-69.998	
11	85.600	-69.998	
11	85.700	-69.998	
11	85.800	-69.998	
11	85.900	-69.998	
11	86.000	-69.998	
11	86.100	-69.998	
11	86.200	-69.998	
11	86.300	-69.998	
11	86.400	-69.998	
11	86.500	-69.998	
11	86.600	-69.998	
11	86.700	-69.998	
11	86.800	-69.998	
11	86.900	-69.998	
11	87.000	-69.998	
11	87.100	-69.998	
11	87.200	-69.998	
11	87.300	-69.998	
11	87.400	-69.998	
11	87.500	-69.998	
11	87.600	-69.998	
11	87.700	-69.998	
11	87.800	-69.998	
11	87.900	-69.998	
11	88.000	-69.998	
11	88.100	-69.998	
11	88.200	-69.998	
11	88.300	-69.998	
11	88.400	-69.998	
11	88.500	-69.998	
11	88.600	-69.998	
11	88.700	-69.998	
11	88.800	-69.998	
11	88.900	-69.998	
11	89.000	-69.998	
11	89.100	-69.998	
11	89.200	-69.998	
11	89.300	-69.998	
11	89.400	-69.998	
11	89.500	-69.998	
11	89.600	-69.998	
11	89.700	-69.998	
11	89.800	-69.998	
11	89.900	-69.998	
11	90.000	-69.998	
11	90.100	-69.998	
11	90.200	-69.998	
11	90.300	-69.998	
11	90.400	-69.998	
11	90.500	-69.998	
11	90.600	-69.998	
11	90.700	-69.998	
11	90.800	-69.998	
11	90.900	-69.998	
11	91.000	-69.998	
11	91.100	-69.998	
11	91.200	-69.998	
11	91.300	-69.998	
11	91.400	-69.998	
11	91.500	-69.998	
11	91.600	-69.998	
11	91.700	-69.998	
11	91.800	-69.998	
11	91.900	-69.998	
11	92.000	-69.998	
11	92.100	-69.998	
11	92.200	-69.998	
11	92.300	-69.998	
11	92.400	-69.998	
11	92.500	-69.998	
11	92.600	-69.998	
11	92.700	-69.998	
11	92.800	-69.998	
11	92.900	-69.998	
11	93.000	-69.998	
11	93.100	-69.998	
11	93.200	-69.998	
11	93.300	-69.998	
11	93.400	-69.998	
11	93.500	-69.998	
11	93.600	-69.998	
11	93.700	-69.998	
11	93.800	-69.998	
11	93.900	-69.998	
11	94.000	-69.998	
11	94.100	-69.998	
11	94.200	-69.998	
11	94.300	-69.998	
11	94.400	-69.998	
11	94.500	-69.998	
11	94.600	-69.998	
11	94.700	-69.998	
11	94.800	-69.998	
11	94.900	-69.998	
11	95.000	-69.998	
11	95.100	-69.998	
11	95.200	-69.998	
11	95.300	-69.998	
11	95.400	-69.998	
11	95.500	-69.998	
11	95.600	-69.998	
11	95.700	-69.998	
11	95.800	-69.998	
11	95.900	-69.998	
11	96.000	-69.998	
11	96.100	-69.998	
11	96.200	-69.998	
11	96.300	-69.998	
11	96.400	-69.998	
11	96.500	-69.998	
11	96.600	-69.998	
11	96.700	-69.998	
11	96.800	-69.998	
11	96.900	-69.998	
11	97.000	-69.998	
11	97.100	-69.998	
11	97.200	-69.998	
11	97.300	-69.998	
11	97.400	-69.998	
11	97.500	-69.998	
11	97.600	-69.998	
11	97.700	-69.998	
11	97.800	-69.998	
11	97.900	-69.998	
11	98.000	-69.998	
11	98.100	-69.998	
11	98.200	-69.998	
11	98.300	-69.998	
11	98.400	-69.998	
11	98.500	-69.998	
11	98.600	-69.998	
11	98.700	-69.998	
11	98.800	-69.998	
11	98.900	-69.998	
11	99.000	-69.998	
11	99.100	-69.998	
11	99.200	-69.998	
11	99.300	-69.998	
11	99.400	-69.998	
11	99.500	-69.998	
11	99.600	-69.998	
11	99.700	-69.998	
11	99.800	-69.998	
11	99.900	-69.998	
11	100.000	-69.998	
11	100.100	-69.998	
11	100.200	-69.998	
11	100.300	-69.998	
11	100.400	-69.998	
11	100.500	-69.998	
11	100.600	-69.998	
11	100.700	-69.998	
11	100.800	-69.998	
11	100.900	-69.998	
11	101.000	-69.998	
11	101.100	-69.998	
11	101.200	-69.998	
11	101.300	-69.998	
11	101.400	-69.998	
11	101.500	-69.998	
11	101.600	-69.998	
11	101.700	-69.998	
11	101.800	-69.998	
11	101.900	-69.998	
11	102.000	-69.998	
11	102.100	-69.998	
11	102.200	-69.998	
11	102.300	-69.998	
11	102.400	-69.998	
11	102.500	-69.998	
11	102.600	-69.998	
11	102.700	-69.998	
11	102.800	-69.998	
11	102.900	-69.998	
11	103.000	-69.998	
11	103.100	-69.998	
11	103.200	-69.998	
11	103.300	-69.998	
11	103.400	-69.998	
11	103.500	-69.998	
11	103.600	-69.998	
11	103.700	-69.998	
11	103.800	-69.998	
11	103.900	-69.998	
11	104.000	-69.998	
11	104.100	-69.998	
11	104.200	-69.998	
11	104.300	-69.998	
11	104.400	-69.998	
11	104.500	-69.998	
11	104.600	-69.998	
11	104.700	-69.998	
11	104.800	-69.998	
11	104.900	-69.998	
11	105.000	-69.998	
11	105.100	-69.998	
11	105.200	-69.998	
11	105.300	-69.998	
11	105.400	-69.998	
11	105.500	-69.998	
11	105.600	-69.998	
11	105.700	-69.998	
11	105.800	-69.998	
11	105.900	-69.998	
11	106.000	-69.998	
11	106.100	-69.998	
11	106.200	-69.998	
11	106.300	-69.998	
11	106.400	-69.998	
11	106.500	-69.998	
11	106.600	-69.998	
11	106.700	-69.998	
11	106.800	-69.998	
11	106.900	-69.998	
11	107.000	-69.998	
11	107.100	-69.998	
11	107.200	-69.998	
11	107.300	-69.998	
11	107.400	-69.998	
11	107.500	-69.998	
11	107.600	-69.998	
11	107.700	-69.998	
11	107.800	-69.998	
11	107.900	-69.998	
11	108.000	-69.998	
11	108.100	-69.998	
11	108.200	-69.998	
11	108.300	-69.998	
11	108.400	-69.998	
11	108.500	-69.998	
11	108.600	-69.998	
11	108.700	-69.998	
11	108.800	-69.998	
11	108.900	-69.998	
11	109.000	-69.998	
11	109.100	-69.998	
11	109.200	-69.998	
11	109.300	-69.998	
11	109.400	-69.998	
11	109.500	-69.998	
11	109.600	-69.998	
11	109.700	-69.998	
11	109.800	-69.998	
11	109.900	-69.998	
11	110.000	-69.998	
11	110.100	-69.998	
11	110.200	-69.998	
11	110.300	-69.998	
11	110.400	-69.998	
11	110.500	-69.998	
11	110.600	-69.998	
11	110.700	-69.998	
11	110.800	-69.998	
11	110.900	-69.998	
11	111.000	-69.998	
11	111.100	-69.998	
11	111.200	-69.998	
11	111.300	-69.998	
11	111.400	-69.998	
11	111.500	-69.998	
11	111.600	-69.998	
11	111.700	-69.998	
11	111.800	-69.998	
11	111.900	-69.998	
11	112.000	-69.998	
11	112.100	-69.998	
11	112.200	-69.998	
11	112.300	-69.998	
11	112.400	-69.998	
11	112.500	-69.998	
11	112.600	-69.998	
11	112.700	-69.998	
11	112.800	-69.998	
11	112.900	-69.998	
11	113.000	-69.998	
11	113.100	-69.998	
11	113.200	-69.998	
11	113.300	-69.998	
11	113.400	-69.998	
11	113.500	-69.998	
11	113.600	-69.998	
11	113.700	-69.998	
11	113.800	-69.998	
11	113.900	-69.998	
11	114.000	-69.998	
11	114.100	-69.998	
11	114.200	-69.998	
11	114.300	-69.998	
11	114.400	-69.998	
11	114.500	-69.998	
11	114.600	-69.998	
11	114.700	-69.998	
11	114.800	-69.998	
11	114.900	-69.998	
11	115.000	-69.998	
11	115.100	-69.998	
11	115.200	-69.998	
11	115.300	-69.998	
11	115.400	-69.998	
11	115.500	-69.998	
11	115.600	-69.998	
11	115.700	-69.998	
11	115.800	-69.998	
11	115.900	-69.998	
11	116.000	-69.998	
11	116.100	-69.998	
11	116.200	-69.998	
11	116.300	-69.998	
11	116.400	-69.998	
11	116.500	-69.998	
11	116.600	-69.998	
11	116.700	-69.998	
11	116.800	-69.998	
11	116.900	-69.998	
11	117.000	-69.998	
11	117.100	-69.998	
11	117.200	-69.998	
11	117.300	-69.998	
11	117.400	-69.998	
11	117.500	-69.998	
11	117.600	-69.998	
11	117.700	-69.998	
11	117.800	-69.998	
11	117.900	-69.998	
11	118.000	-69.998	
11	118.100	-69.998	
11	118.200	-69.998	
11	118.300	-69.998	
11	118.400	-69.998	
11	118.500	-69.998	
11	118.600	-69.998	
11	118.700	-69.998	
11	118.800	-69.998	
11	118.900	-69.998	
11	119.000	-69.998	
11	119.100	-69.998	
11	119.200	-69.998	
11	119.300	-69.998	
11	119.400	-69.998	
11	119.500	-69.998	
11	119.600	-69.998	
11	119.700	-69.998	
11	119.800	-69.998	
11	119.900	-69.998	
11	120.000	-69.998	
11	120.100	-69.998	
11	120.200	-69.998	
11	120.300	-69.998	
11	120.400	-69.998	
11	120.500	-69.998	
11	120.600	-69.998	
11	120.700	-69.998	
11	120.800	-69.998	
11	120.900	-69.998	
11	121.000	-69.998	
11	121.100	-69.998	
11	121.200	-69.998	
11	121.300	-69.998	
11	121.400	-69.998	
11	121.500	-69.998	
11	121.600	-69.998	
11	121.700	-69.998	
11	121.800	-69.998	
11	121.900	-69.998	
11	122.000	-69.998	
11	122.100	-69.998	
11	122.200	-69.998	
11	122.300	-69.998	
11	122.400	-69.998	
11	122.500	-69.998	
11	122.600	-69.998	
11	122.700	-69.998	
11	122.800	-69.998	
11	122.900	-69.998	
11	123.000	-69.998	
11	123.100	-69.998	
11	123.200	-69.998	
11	123.300	-69.998	
11	123.400	-69.998	
11	123.500	-69.998	
11	123.600	-69.998	
11	123.700	-69.998	
11	123.800	-69.998	
11	123.900	-69.998	
11	124.000	-69.998	
11	124.100	-69.998	
11	124.200	-69.998	
11	124.300	-69.998	
11	124.400	-69.998	
11	124.500	-69.998	
11	124.600	-69.998	
11	124.700	-69.998	
11	124.800	-69.998	
11	124.900	-69.998	
11	125.000	-69.998	
11	125.100	-69.998	
11	125.200	-69.998	
11	125.300	-69.998	
11	125.400	-69.998	
11	125.500	-69.998	
11	125.600	-69.998	
11	125.700	-69.998	
11	125.800	-69.998	
11	125.900	-69.998	
11	126.000	-69.998	
11	126.100	-69.998	
11	126.200	-69.998	
11	126.300	-69.998	
11	126.400	-69.998	
11	126.500	-69.998	
11	126.600	-69.998	
11	126.700	-69.998	
11	126.800	-69.998	
11	126.900	-69.998	
11	127.000	-69.998	
11	127.100	-69.998	
11	127.200	-69.998	
11	127.300	-69.998	
11	127.400	-69.998	
11	127.500	-69.998	
11	127.600	-69.998	
11	127.700	-69.998	
11	127.800	-69.998	
11	127.900	-69.998	
11	128.000	-69.998	
11	128.100	-69.998	
11	128.200	-69.998	
11	128.300	-69.998	
11	128.400	-69.998	
11	128.500	-69.998	
11	128.600	-69.998	
11	128.700	-69.998	
11	128.800	-69.998	
11	128.900	-69.998	
11	129.000	-69.998	
11	129.100	-69.998	
11	129.200	-69.998	
11	129.300	-69.998	
11	129.400	-69.998	
11	129.500	-69.998	
11	129.600	-69.998	
11	129.700	-69.998	
11	129.800	-69.998	
11	129.900	-69.998	
11	130.000	-69.998	
11	130.100	-69.998	
11	130.200	-69.998	
11	130.300	-69.998	
11	130.400	-69.998	
11	130.500	-69.998	
11	130.600	-69.998	
11	130.700	-69.998	
11	130.800	-69.998	
11	130.900	-69.998	
11	131.000	-69.998	
11	131.100	-69.998	
11	131.200	-69.998	
11	131.300	-69.998	
11	131.400	-69.998	
11	131.500	-69.998	
11	131.600	-69.998	
11	131.700	-69.998	
11	131.800	-69.998	
11	131.900	-69.998	
11	132.000	-69.998	
11	132.100	-69.998	
11	132.200	-69.998	
11	132.300	-69.998	
11	132.400	-69.998	
11	132.500	-69.998	
11	132.600	-69.998	
11	132.700	-69.998	
11	132.800	-69.998	
11	132.900	-69.998	
11	133.000	-69.998	
11	133.100	-69.998	
11	133.200	-69.998	
11	133.300	-69.998	
11	133.400	-69.998	
11	133.500	-69.998	
11	133.600	-69.998	
11	133.700	-69.998	
11	133.800	-69.998	
11	133.900	-69.998	
11	134.000	-69.998	
11	134.100	-69.998	
11	134.200	-69.998	
11	134.300	-69.998	
11	134.400	-69.998	
11	134.500	-69.998	
11	134.600	-69.998	
11	134.700	-69.998	
11	134.800	-69.998	
11	134.900	-69.998	
11	135.000	-69.998	
11	135.100	-69.998	
11	135.200	-69.998	
11	135.300	-69.998	
11	135.400	-69.998	
11	135.500	-69.998	
11	135.600	-69.998	
11	135.700	-69.998	
11	135.800	-69.998	
11	135.900	-69.998	
11	136.000	-69.998	
11	136.100	-69.998	
11	136.200	-69.998	
11	136.300	-69.998	
11	136.400	-69.998	
11	136.500	-69.998	
11	136.600	-69.998	
11	136.700	-69.998	
11	136.800	-69.998	
11	136.900	-69.998	
11	137.000	-69.998	
11	137.100	-69.998	
11	137.200	-69.998	
11	137.300	-69.998	
11	137.400	-69.998	
11	137.500	-69.998	
11	137.600	-69.998	
11	137.700	-69.998	
11	137.800	-69.998	
11	137.900	-69.998	
11	138.000	-69.998	
11	138.100	-69.998	
11	138.200	-69.998	
11	138.300	-69.998	
11	138.400	-69.998	
11	138.500	-69.998	
11	138.600	-69.998	
11	138.700	-69.998	
11	138.800	-69.998	
11	138.900	-69.998	
11	139.000	-69.998	
11	139.100	-69.998	
11	139.200	-69.998	
11	139.300	-69.998	
11	139.400	-69.998	
11	139.500	-69.998	
11	139.600	-69.998	
11	139.700	-69.998	
11	139.800	-69.998	
11	139.900	-69.998	
11	140.000	-69.998	
11	140.100	-69.998	
11	140.200	-69.998	
11	140.300	-69.998	
11	140.400	-69.998	
11	140.500	-69.998	
11	140.600	-69.998	
11	140.700	-69.998	
11	140.800	-69.998	
11	140.900	-69.998	
11	141.000	-69.998	
11	141.100	-69.998	
11	141.200	-69.998	
11	141.300	-69.998	
11	141.400	-69.998	
11	141.500	-69.998	
11	141.600	-69.998	
11	141.700	-69.998	
11	141.800	-69.998	
11	141.900	-69.998	
11	142.000	-69.998	
11	142.100	-69.998	
11	142.200	-69.998	
11	142.300	-69.998	
11	142.400	-69.998	
11	142.500	-69.998	
11	142.600	-69.998	
11	142.700	-69.998	
11	142.800	-69.998	
11	142.900	-69.998	
11	143.000	-69.998	
11	143.100	-69.998	
11	143.200	-69.998	
11	143.300	-69.998	
11	143.400	-69.998	
11	143.500	-69.998	
11	143.600	-69.998	
11	143.700	-69.998	
11	143.800	-69.998	
11	143.900	-69.998	
11	144.000	-69.998	
11	144.100	-69.998	
11	144.200	-69.998	
11	144.300	-69.998	
11	144.400	-69.998	
11	144.500	-69.998	
11	144.600	-69.998	
11	144.700	-69.998	
11	144.800	-69.998	
11	144.900	-69.998	
11	145.000	-69.998	
11	145.100	-69.998	
11	145.200	-69.998	
11	145.300	-69.998	
11	145.400	-69.998	
11	145.500	-69.998	
11	145.600	-69.998	
11	145.700	-69.998	
11	145.800	-69.998	
11	145.900	-69.998	
11	146.000	-69.998	
11	146.100	-69.998	
11	146.200	-69.998	
11	146.300	-69.998	
11	146.400	-69.998	
11	146.500	-69.998	
11	146.600	-69.998	
11	146.700	-69.998	
11	146.800	-69.998	
11	146.900	-69.998	
11	147.000	-69.998	
11	147.100	-69.998	
11	147.200	-69.998	
11	147.300	-69.998	
11	147.400	-69.998	
11	147.500	-69.998	
11	147.600	-69.998	
11	147.700	-69.998	
11	147.800	-69.998	
11	147.900	-69.998	
11	148.000	-69.998	
11	148.100	-69.998	
11	148.200	-69.998	
11	148.300	-69.998	
11	148.400	-69.998	
11	148.500	-69.998	
11	148.600	-69.998	
11	148.700	-69.998	
11	148.800	-69.998	
11	148.900	-69.998	
11	149.000	-69.998	
11	149.100	-69.998	
11	149.200	-69.998	
11	149.300	-69.998	
11	149.400	-69.998	
11	149.500	-69.998	
11	149.600	-69.998	
11	149.700	-69.998	
11	149.800	-69.998	
11	149.900	-69.998	
11	150.000	-69.998	
11	150.100	-69.998	
11	150.200	-69.998	
11	150.300	-69.998	
11	150.400	-69.998	
11	150.500	-69.998	
11	150.600	-69.998	
11	150.700	-69.998	
11	150.800	-69.998	
11	150.900	-69.998	
11	151.000	-69.998	
11	151.100	-69.998	
11	151.200	-69.998	
11	151.300	-69.998	
11	151.400	-69.998	
11	151.500	-69.998	
11	151.600	-69.998	
11	151.700	-69.998	
11	151.800	-69.998	
11	151.900	-69.998	
11	152.000	-69.998	
11	152.100	-69.998	
11	152.200	-69.998	
11	152.300	-69.998	
11	152.400	-69.998	
11	152.500	-69.998	
11	152.600	-69.998	
11	152.700	-69.998	
11	152.800	-69.998	
11	152.900	-69.998	
11	153.000	-69.998	
11	153.100	-69.998	
11	153.200	-69.998	
11	153.300	-69.998	
11	153.400	-69.998	
11	153.500	-69.998	
11	153.600	-69.998	
11	153.700	-69.998	
11	153.800	-69.998	
11	153.900	-69.998	
11	154.000	-69.998	
11	154.100	-69.998	
11	154.200	-69.998	
11	154.300	-69.998	
11	154.400	-69.998	
11	154.500	-69.998	
11	154.600	-69.998	
11	154.700	-69.998	
11	154.800	-69.998	
11	154.900	-69.998	
11	155.000	-69.998	
11	155.100	-69.998	
11	155.200	-69.998	
11	155.300	-69.998	
11	155.400	-69.998	
11	155.500	-69.998	
11	155.600	-69.998	
11	155.700	-69.998	
11	155.800	-69.998	
11	155.900	-69.998	
11	156.000	-69.998	
11	156.100	-69.998	
11	156.200	-69.998	
11	156.300	-69.998	
11	156.400	-69.998	
11	156.500	-69.998	
11	156.600	-69.998	
11	156.700	-69.998	
11	156.800	-69.998	
11	156.900	-69.998	
11	157.000	-69.998	
11	157.100	-69.998	
11	157.200	-69.998	
11	157.300	-69.998	
11	157.400	-69.998	
11	157.500	-69.998	
11	157.600	-69.998	
11	157.700	-69.998	
11	157.800	-69.998	
11	157.900	-69.998	
11	158.000	-69.998	
11	158.100	-69.998	
11	158.200	-69.998	
11	158.300	-69.998	
11	158.400	-69.998	
11	158.500	-69.998	
11	158.600	-69.998	
11	158.700	-69.998	
11	158.800	-69.998	
11	158.900	-69.998	
11	159.000	-69.998	
11	159.100	-69.998	
11	159.200	-69.998	
11	159.300	-69.998	
11	159.400	-69.998	
11	159.500	-69.998	
11	159.600	-69.998	
11	159.700	-69.998	
11	159.800	-69.998	
11	159.900	-69.998	
11	160.000	-69.998	
11	160.100	-69.998	
11	160.200	-69.998	
11	160.300	-69.998	
11	160.400	-69.998	
11	160.500	-69.998	
11	160.600	-69.998	
11	160.700	-69.998	
11	160.800	-69.998	
11	160.900	-69.998	
11	161.000	-69.998	
11	161.100	-69.998	
11	161.200	-69.998	
11	161.300	-69.998	
11	161.400	-69.998	
11	161.500	-69.998	
11	161.600	-69.998	
11	161.700	-69.998	
11	161.800	-69.998	
11	161.900	-69.998	
11	162.000	-69.998	
11	162.100	-69.998	
11	162.200	-69.998	
11	162.300	-69.998	
11	162.400	-69.998	
11	162.500	-69.998	
11	162.600	-69.998	
11	162.700	-69.998	
11	162.800	-69.998	
11	162.900	-69.998	
11	163.000	-69.998	
11	163.100	-69.998	
11	163.200	-69.998	
11	163.300	-69.998	
11	163.400	-69.998	
11	163.500	-69.998	
11	163.600	-69.998	
11	163.700	-69.998	
11	163.800	-69.998	
11	163.900	-69.998	
11	164.000	-69.998	
11	164.100	-69.998	
11	164.200	-69.998	
11	164.300	-69.998	
11	164.400	-69.998	
11	164.500	-69.998	
11	164.600	-69.998	
11	164.700	-69.998	
11	164.800	-69.998	
11	164.900	-69.998	
11	165.000	-69.998	
11	165.100	-69.998	
11	165.200	-69.998	
11	165.300	-69.998	
11	165.400	-69.998	
11	165.500	-69.998	
11	165.600	-69.998	
11	165.700	-69.998	
11	165.800	-69.998	
11	165.900	-69.998	
11	166.000	-69.998	
11	166.100	-69.998	
11	166.200	-69.998	
11	166.300	-69.998	
11	166.400	-69.998	
11	166.500	-69.998	
11	166.600	-69.998	
11	166.700	-69.998	
11	166.800	-69.998	
11	166.900	-69.998	
11	167.000	-69.998	
11	167.100	-69.998	
11	167.200	-69.998	
11	167.300	-69.998	
11	167.400	-69.998	
11	167.500	-69.998	
11	167.600	-69.998	
11	167.700	-69.998	
11	167.800	-69.998	
11	167.900	-69.998	
11	168.000	-69.998	
11	168.100	-69.998	
11	168.200	-69.998	
11	168.300	-69.998	
11	168.400	-69.998	
11	168.500	-69.998	
11	168.600	-69.998	
11	168.700	-69.998	
11	168.800	-69.998	
11	168.900	-69.998	
11	169.000	-69.998	
11	169.100	-69.998	
11	169.200	-69.998	
11	169.300	-69.998	
11	169.400	-69.998	
11	169.500	-69.998	
11	169.600	-69.998	
11	169.700	-69.998	
11	169.800	-69.998	
11	169.900	-69.998	
11	170.000	-69.998	
11	170.100	-69.998	
11	170.200	-69.998	
11	170.300	-69.998	
11	170.400	-69.998	
11	170.500	-69.998	
11	170.600	-69.998	
11	170.700	-69.998	
11	170.800	-69.998	
11	170.900	-69.998	
11	171.000	-69.998	
11	171.100	-69.998	
11	171.200	-69.998	
11	171.300	-69.998	
11	171.400	-69.998	
11	171.500	-69.998	
11	171.600	-69.998	
11	171.700	-69.998	
11	171.800	-69.998	
11	171.900	-69.998	
11	172.000	-69.998	
11	172.100	-69.998	
11	172.200	-69.998	
11	172.300	-69.998	
11	172.400	-69.998	
11	172.500	-69.998	
11	172.600	-69.998	
11	172.700	-69.998	
11	172.800	-69.998	
11	172.900	-69.998	
11	173.000	-69.998	
11	173.100	-69.998	
11	173.200	-69.998	
11	173.300	-69.998	
11	173.400	-69.998	
11	173.500	-69.998	
11	173.600	-69.998	
11	173.700	-69.998	
11	173.800	-69.998	
11	173.900	-69.998	
11	174.000	-69.998	
11	174.100	-69.998	
11	174.200	-69.998	
11	174.300	-69.998	
11	174.400	-69.998	
11	174.500	-69.998	
11	174.600	-69.998	
11	174.700	-69.998	
11	174.800	-69.998	
11	174.900	-69.998	
11	175.000	-69.998	
11	175.100	-69.998	
11	175.200	-69.998	
11	175.300	-69.998	
11	175.400	-69.998	
11	175.500	-69.998	
11	175.600	-69.998	
11	175.700	-69.998	
11	175.800	-69.998	
11	175.900	-69.998	
11	176.000	-69.998	
11	176.100	-69.998	
11	176.200	-69.998	
11	176.300	-69.998	
11	176.400	-69.998	
11	176.500	-69.998	
11	176.600	-69.998	
11	176.700	-69.998	
11	176.800	-69.998	
11	176.900	-69.998	
11	177.000	-69.998	
11	177.100	-69.998	
11	177.200	-69.998	
11	177.300	-69.998	
11	177.400	-69.998	
11	177.500	-69.998	
11	177.600	-69.998	
11	177.700	-69.998	
11	177.800	-69.998	
11	177.900	-69.998	
11	178.000	-69.998	
11	178.100	-69.998	
11	178.200	-69.998	
11	178.300	-69.998	
11	178.400	-69.998	
11	178.500	-69.998	
11	178.600	-69.998	
11	178.700	-69.998	
11	178.800	-69.998	
11	178.900	-69.998	
11	179.000	-69.998	
11	179.100	-69.998	
11	179.200	-69.998	
11	179.300	-69.998	
11	179.400	-69.998	
11	179.500	-69.998	
11	179.600	-69.998	
11	179.700	-69.998	
11	179.800	-69.998	
11	179.900	-69.998	
11	180.000	-69.998	
11	180.100	-69.998	
11	180.200	-69.998	
11	180.300	-69.998	
11	180.400	-69.998	
11	180.500	-69.998	
11	180.600	-69.998	
11	180.700	-69.998	
11	180.800	-69.998	
11	180.900	-69.998	
11	181.000	-69.998	
11	181.100	-69.998	
11	181.200	-69.998	
11	181.300	-69.998	
11	181.400	-69.998	
11	181.500	-69.998	
11	181.600	-69.998	
11	181.700	-69.998	
11	181.800	-69.998	
11	181.900	-69.998	
11	182.000	-69.998	
11	182.100	-69.998	
11	182.200	-69.998	
11	182.300	-69.998	
11	182.400	-69.998	
11	182.500	-69.998	
11	182.600	-69.998	
11	182.700	-69.998	
11	182.800	-69.998	
11	182.900	-69.998	
11	183.000	-69.998	
11	183.100	-69.998	
11	183.200	-69.998	
11	183.300	-69.998	
11	183.400	-69.998	
11	183.500	-69.998	
11	183.600	-69.998	
11	183.700	-69.998	
11	183.800	-69.998	
11	183.900	-69.998	
11	184.000	-69.998	
11	184.100	-69.998	
11	184.200	-69.998	
11	184.300	-69.998	
11	184.400	-69.998	
11	184.500	-69.998	
11	184.600	-69.998	
11	184.700	-69.998	
11	184.800	-69.998	
11	184.900	-69.998	
11	185.000	-69.998	
11	185.100	-69.998	
11	185.200	-69.998	
11	185.300	-69.998	
11	185.400	-69.998	
11	185.500	-69.998	
11	185.600	-69.998	
11	185.700	-69.998	
11	185.800	-69.998	
11	185.900	-69.998	
11	186.000	-69.998	
11	186.100	-69.998	
11	186.200	-69.998	
11	186.300	-69.998	
11	186.400	-69.998	
11	186.500	-69.998	
11	186.600	-69.998	
11	186.700	-69.998	
11	186.800	-69.998	
11	186.900	-69.998	
11	187.000	-69.998	
11	187.100	-69.998	
11	187.200	-69.998	
11	187.300	-69.998	
11	187.400	-69.998	
11	187.500	-69.998	
11	187.600	-69.998	
11	187.700	-69.998	
11	187.800	-69.998	
11	187.900	-69.998	
11	188.000	-69.998	
11	188.100	-69.998	
11	188.200	-69.998	
11	188.300	-69.998	
11	188.400	-69.998	
11	188.500	-69.998	
11	188.600	-69.998	
11	188.700	-69.998	
11	188.800	-69.998	
11	188.900	-69.998	
11	189.000	-69.998	
11	189.100	-69.998	
11	189.200	-69.998	
11	189.300	-69.998	
11	189.400	-69.998	
11	189.500	-69.998	
11	189.600	-69.998	
11	189.700	-69.998	
11	189.800	-69.998	
11	189.900	-69.998	
11	190.000	-69.998	
11	190.100	-69.998	
11	190.200	-69.998	
11	190.300	-69.998	
11	190.400	-69.998	
11	190.500	-69.998	
11	190.600	-69.998	
11	190.700	-69.998	
11	190.800	-69.998	
11	190.900	-69.998	
11	191.000	-69.998	
11	191.100	-69.998	
11	191.200	-69.998	
11	191.300	-69.998	
11	191.400	-69.998	
11	191.500	-69.998	
11	191.600	-69.998	
11	191.700	-69.998	
11	191.800	-69.998	
11	191.900	-69.998	
11	192.000	-69.998	
11	192.100	-69.998	
11	192.200	-69.998	
11	192.300	-69.998	
11	192.400	-69.998	
11	192.500	-69.998	
11	192.600	-69.998	
11	192.700	-69.998	
11	192.800	-69.998	
11	192.900	-69.998	
11	193.000	-69.998	
11	193.100	-69.998	
11	193.200	-69.998	
11	193.300	-69.998	
11	193.400	-69.998	
11	193.500	-69.998	
11	193.600	-69.998	
11	193.700	-69.998	
11	193.800	-69.998	
11	193.900	-69.998	
11	194.000	-69.998	
11	194.100	-69.998	
11	194.200	-69.998	
11	194.300	-69.998	
11	194.400	-69.998	
11	194.500	-69.998	
11	194.600	-69.998	
11	194.700	-69.998	
11	194.800	-69.998	
11	194.900	-69.998	
11	195.000	-69.998	
11	195.100	-69.998	
11	195.200	-69.998	
11	195.300	-69.998	
11	195.400	-69.998	
11	195.500	-69.998	
11	195.600	-69.998	
11	195.700	-69.998	
11	195.800	-69.998	
11	195.900	-69.998	
11	196.000	-69.998	
11	196.100	-69.998	
11	196.200	-69.998	
11	196.300	-69.998	
11	196.400	-69.998	
11	196.500	-69.998	
11	196.600	-69.998	
11	196.700	-69.998	
11	196.800	-69.998	
11	196.900	-69.998	
11	197.000	-69.998	
11	197.100	-69.998	
11	197.200	-69.998	
11	197.300	-69.998	
11	197.400	-69.998	
11	197.500	-69.998	
11	197.600	-69.998	
11	197.700	-69.998	
11	197.800	-69.998	
11	197.900	-69.998	
11	198.000	-69.998	
11	198.100	-69.998	
11	198.200	-69.998	
11	198.300	-69.998	
11	198.400	-69.998	
11	198.500	-69.998	
11	198.600	-69.998	
11	198.700	-69.998	
11	198.800	-69.998	
11	198.900	-69.998	
11	199.000	-69.998	
11	199.100	-69.998	
11	199.200	-69.998	
11	199.300	-69.998	
11	199.400	-69.998	
11	199.500	-69.998	
11	199.600	-69.998	
11	199.700	-69.998	
11	199.800	-69.998	
11	199.900	-69.998	
11	200.000	-69.998	
11	200.100	-69.998	
11	200.200	-69.998	
11	200.300	-69.998	
11	200.400	-69.998	
11	200.500	-69.998	
11	200.600	-69.998	
11	200.700	-69.998	
11	200.800	-69.998	
11	200.900	-69.998	
11	201.000	-69.998	
11	201.100	-69.998	
11	201.200	-69.998	
11	201.300	-69.998	
11	201.400	-69.998	
11	201.500	-69.998	
11	201.600	-69.998	
11	201.700	-69.998	
11	201.800	-69.998	
11	201.900	-69.998	
11	202.000	-69.998	
11	202.100	-69.998	
11	202.200	-69.998	
11	202.300	-69.998	
11	202.400	-69.998	
11	202.500	-69.998	
11	202.600	-69.998	
11	202.700	-69.998	
11	202.800	-69.998	
11	202.900	-69.998	
11	203.000	-69.998	
11	203.100	-69.998	
11	203.200	-69.998	
11	203.300	-69.998	
11	203.400	-69.998	
11	203.500	-69.998	
11	203.600	-69.998	
11	203.700	-69.998	
11	203.800	-69.998	
11	203.900	-69.998	
11	204.000	-69.998	
11	204.100	-69.998	
11	204.200	-69.998	
11	204.300	-69.998	
11	204.400	-69.998	
11	204.500	-69.998	
11	204.600	-69.998	
11	204.700	-69.998	
11	204.800	-69.998	
11	204.900	-69.998	
11	205.000	-69.998	
11	205.100	-69.998	
11	205.200	-69.998	
11	205.300	-69.998	
11	205.400	-69.998	
11	205.500	-69.998	
11	205.600	-69.998	
11	205.700	-69.998	
11	205.800	-69.998	
11	205.900	-69.998	
11	206.000	-69.998	
11	206.100	-69.998	
11	206.200	-69.998	
11	206.300	-69.998	
11	206.400	-69.998	
11	206.500	-69.998	
11	206.600	-69.998	
11	206.700	-69.998	
11	206.800	-69.998	
11	206.900	-69.998	
11	207.000	-69.998	
11	207.100	-69.998	
11	207.200	-69.998	
11	207.300	-69.998	
11	207.400	-69.998	
11	207.500	-69.998	
11	207.600	-69.998	
11	207.700	-69.998	
11	207.800	-69.998	
11	207.900	-69.998	
11	208.000	-69.998	
11	208.100	-69.998	
11	208.200	-69.998	
11	208.300	-69.998	
11	208.400	-69.998	
11	208.500	-69.998	
11	208.600	-69.998	
11	208.700	-69.998	
11	208.800	-69.998	
11	208.900	-69.998	
11	209.000	-69.998	
11	209.100	-69.998	
11	209.200	-69.998	
11	209.300	-69.998	
11	209.400	-69.998	
11	209.500	-69.998	
11	209.600	-69.998	
11	209.700	-69.998	
11	209.800	-69.998	
11	209.900	-69.998	
11	210.000	-69.998	
11	210.100	-69.998	
11	210.200	-69.998	
11	210.300	-69.998	
11	210.400	-69.998	
11	210.500	-69.998	
11	210.600	-69.998	
11	210.700	-69.998	
11	210.800	-69.998	
11	210.900	-69.998	
11	211.000	-69.998	
11	211.100	-69.998	
11	211.200	-69.998	
11	211.300	-69.998	
11	211.400	-69.998	
11	211.500	-69.998	
11	211.600	-69.998	
11	211.700	-69.998	
11	211.800	-69.998	
11	211.900	-69.998	
11	212.000	-69.998	
11	212.100	-69.998	
11	212.200	-69.998	
11	212.300	-69.998	
11	212.400	-69.998	
11	212.500	-69.998	
11	212.600	-69.998	
11	212.700	-69.998	
11	212.800	-69.998	
11	212.900	-69.998	
11	213.000	-69.998	
11	213.100	-69.998	
11	213.200	-69.998	
11	213.300	-69.998	
11	213.400	-69.998	
11	213.500	-69.998	
11	213.600	-69.998	
11	213.700	-69.998	
11	213.800	-69.998	
11	213.900	-69.998	
11	214.000	-69.998	
11	214.100	-69.998	
11	214.200	-69.998	
11	214.300	-69.998	
11	214.400	-69.998	
11	214.500	-69.998	
11	214.600	-69.998	
11	214.700	-69.998	
11	214.800	-69.998	
11	214.900	-69.998	
11	215.000	-69.998	
11	215.100	-69.998	
11	215.200	-69.998	
11	215.300	-69.998	
11	215.400	-69.998	
11	215.500	-69.998	
11	215.600	-69.998	
11	215.700	-69.998	
11	215.800	-69.998	
11	215.900	-69.998	
11	216.000	-69.998	
11	216.100	-69.998	
11	216.200	-69.998	
11	216.300	-69.998	
11	216.400	-69.998	
11	216.500	-69.998	
11	216.600	-69.998	
11	216.700	-69.998	
11	216.800	-69.998	
11	216.900	-69.998	
11	217.000	-69.998	
11	217.100	-69.998	
11	217.200	-69.998	
11	217.300	-69.998	
11	217.400	-69.998	
11	217.500	-69.998	
11	217.600	-69.998	
11	217.700	-69.998	
11	217.800	-69.998	
11	217.900	-69.998	
11	218.000	-69.998	
11	218.100	-69.998	
11	218.200	-69.998	
11	218.300	-69.998	
11	218.400	-69.998	
11	218.500	-69.998	
11	218.600	-69.998	
11	218.700	-69.998	
11	218.800	-69.998	
11	218.900	-69.998	
11	219.000	-69.998	
11	219.100	-69.998	
11	219.200	-69.998	
11	219.300	-69.998	
11	219.400	-69.998	
11	219.500	-69.998	
11	219.600	-69.998	
11	219.700	-69.998	
11	219.800	-69.998	
11	219.900	-69.998	
11	220.000	-69.998	
11	220.100	-69.998	
11	220.200	-69.998	
11	220.300	-69.998	
11	220.400	-69.998	
11	220.500	-69.998	
11	220.600	-69.998	
11	220.700	-69.998	
11	220.800	-69.998	
11	220.900	-69.998	
11	221.000	-69.998	
11	221.100	-69.998	
11	221.200	-69.998	
11	221.300	-69.998	
11	221.400	-69.998	
11	221.500	-69.998	
11	221.600	-69.998	
11	221.700	-69.998	
11	221.800	-69.998	
11	221.900	-69.998	
11	222.000	-69.998	
11	222.100	-69.998	
11	222.200	-69.998	
11	222.300	-69.998	
11	222.400	-69.998	
11	222.500	-69.998	
11	222.600	-69.998	
11	222.700	-69.998	
11	222.800	-69.998	
11	222.900	-69.998	
11	223.000	-69.998	
11	223.100	-69.998	
11	223.200	-69.998	
11	223.300	-69.998	
11	223.400	-69.998	
11	223.500	-69.998	
11	223.600	-69.998	
11	223.700	-69.998	
11	223.800	-69.998	
11	223.900	-69.998	
11	224.000	-69.998	
11	224.100	-69.998	
11	224.200	-69.998	
11	224.300	-69.998	
11	224.400	-69.998	
11	224.500	-69.998	
11	224.600	-69.998	
11	224.700	-69.998	
11	224.800	-69.998	
11	224.900	-69.998	
11	225.000	-69.998	
11	225.100	-69.998	
11	225.200	-69.998	
11	225.300	-69.998	
11	225.400	-69.998	
11	225.500	-69.998	
11	225.600	-69.998	
11	225.700	-69.998	
11	225.800	-69.998	
11	225.900	-69.998	
11	226.000	-69.998	
11	226.100	-69.998	
11	226.200	-69.998	
11	226.300	-69.998	
11	226.400	-69.998	
11	226.500	-69.998	
11	226.600	-69.998	
11	226.700	-69.998	
11	226.800	-69.998	
11	226.900	-69.998	
11	227.000	-69.998	
11	227.100	-69.998	
11	227.200	-69.998	
11	227.300	-69.998	
11	227.400	-69.998	
11	227.500	-69.998	
11	227.600	-69.998	
11	227.700	-69.998	
11	227.800	-69.998	
11	227.900	-69.998	
11	228.000	-69.998	
11	228.100	-69.998	
11	228.200	-69.998	
11	228.300	-69.998	
11	228.400	-69.998	
11	228.500	-69.998	
11	228.600	-69.998	
11	228.700	-69.998	
11	228.800	-69.998	
11	228.900	-69.998	
11	229.000	-69.998	
11	229.100	-69.998	
11	229.200	-69.998	
11	229.300	-69.998	
11	229.400	-69.998	
11	229.500	-69.998	
11	229.600	-69.998	
11	229.700	-69.998	
11	229.800	-69.998	
11	229.900	-69.998	
11	230.000	-69.998	
11	230.100	-69.998	
11	230.200	-69.998	
11	230.300	-69.998	
11	230.400	-69.998	
11	230.500	-69.998	
11	230.600	-69.998	
11	230.700	-69.998	
11	230.800	-69.998	
11	230.900	-69.998	
11	231.000	-69.998	
11	231.100	-69.998	
11	231.200	-69.998	
11	231.300	-69.998	
11	231.400	-69.998	
11	231.500	-69.998	
11	231.600	-69.998	
11	231.700	-69.998	
11	231.800	-69.998	
11	231.900	-69.998	
11	232.000	-69.998	
11	232.100	-69.998	
11	232.200	-69.998	
11	232.300	-69.998	
11	232.400	-69.998	
11	232.500	-69.998	
11	232.600	-69.998	
11	232.700	-69.998	
11	232.800	-69.998	
11	232.900	-69.998	
11	233.000	-69.998	
11	233.100	-69.998	
11	233.200	-69.998	
11	233.300	-69.998	
11	233.400	-69.998	
11	233.500	-69.998	
11	233.600	-69.998	
11	233.700	-69.998	
11	233.800	-69.998	
11	233.900	-69.998	
11	234.000	-69.998	
11	234.100	-69.998	
11	234.200	-69.998	
11	234.300	-69.998	
11	234.400	-69.998	
11	234.500	-69.998	
11	234.600	-69.998	
11	234.700	-69.998	
11	234.800	-69.998	
11	234.900	-69.998	
11	235.000	-69.998	
11	235.100	-69.998	
11	235.200	-69.998	
11	235.300	-69.998	
11	235.400	-69.998	
11	235.500	-69.998	
11	235.600	-69.998	
11	235.700	-69.998	
11	235.800	-69.998	
11	235.900	-69.998	
11	236.000	-69.998	
11	236.100	-69.998	
11	236.200	-69.998	
11	236.300	-69.998	
11	236.400	-69.998	
11	236.500	-69.998	
11	236.600	-69.998	
11	236.700	-69.998	
11	236.800	-69.998	
11	236.900	-69.998	
11	237.000	-69.998	
11	237.100	-69.998	
11	237.200	-69.998	
11	237.300	-69.998	
11	237.400	-69.998	
11	237.500	-69.998	
11	237.600	-69.998	
11	237.700	-69.998	
11	237.800	-69.998	
11	237.900	-69.998	
11	238.000	-69.998	
11	238.100	-69.998	
11	238.200	-69.998	
11	238.300	-69.998	
11	238.400	-69.998	
11	238.500	-69.998	
11	238.600	-69.998	
11	238.700	-69.998	
11	238.800	-69.998	
11	238.900	-69.998	
11	239.000	-69.998	
11	239.100	-69.998	
11	239.200	-69.998	
11	239.300	-69.998	
11	239.400	-69.998	
11	239.500	-69.998	
11	239.600	-69.998	
11	239.700	-69.998	
11	239.800	-69.998	
11	239.900	-69.998	
11	240.000	-69.998	
11	240.100	-69.998	
11	240.200	-69.998	
11	240.300	-69.998	
11	240.400	-69.998	
11	240.500	-69.998	
11	240.600	-69.998	
11	240.700	-69.998	
11	240.800	-69.998	
11	240.900	-69.998	
11	241.000	-69.998	
11	241.100	-69.998	
11	241.200	-69.998	
11	241.300	-69.998	
11	241.400	-69.998	
11	241.500	-69.998	
11	241.600	-69.998	
11	241.700	-69.998	
11	241.800	-69.998	
11	241.900	-69.998	
11	242.000	-69.998	
11	242.100	-69.998	
11	242.200	-69.998	
11	242.300	-69.998	
11	242.400	-69.998	
11	242.500	-69.998	
11	242.600	-69.998	
11	242.700	-69.998	
11	242.800	-69.998	
11	242.900	-69.998	
11	243.000	-69.998	
11	243.100	-69.998	
11	243.200	-69.998	
11	243.300	-69.998	
11	243.400	-69.998	
11	243.500	-69.998	
11	243.600	-69.998	
11	243.700	-69.998	
11	243.800	-69.998	
11	243.900	-69.998	
11	244.000	-69.998	
11	244.100	-69.998	
11	244.200	-69.998	
11	244.300	-69.998	
11	244.400	-69.998	
11	244.500	-69.998	
11	244.600	-69.998	
11	244.700	-69.998	
11	244.800	-69.998	
11	244.900	-69.998	
11	245.000	-69.998	
11	245.100	-69.998	
11	245.200	-69.998	
11	245.300	-69.998	
11	245.400	-69.998	
11	245.500	-69.998	
11	245.600	-69.998	
11	245.700	-69.998	
11	245.800	-69.998	
11	245.900	-69.998	
11	246.000	-69.998	
11	246.100	-69.998	
11	246.200	-69.998	
11	246.300	-69.998	
11	246.400	-69.998	
11	246.500	-69.998	
11	246.600	-69.998	
11	246.700	-69.998	
11	246.800	-69.998	
11	246.900	-69.998	
11	247.000	-69.998	
11	247.100	-69.998	
11	247.200	-69.998	
11	247.300	-69.998	
11	247.400	-69.998	
11	247.500	-69.998	
11	247.600	-69.998	
11	247.700	-69.998	
11	247.800	-69.998	
11	247.900	-69.998	
11	248.000	-69.998	
11	248.100	-69.998	
11	248.200	-69.998	
11	248.300	-69.998	
11	248.400	-69.998	
11	248.500	-69.998	
11	248.600	-69.998	
11	248.700	-69.998	
11	248.800	-69.998	
11	248.900	-69.998	
11	249.000	-69.998	
11	249.100	-69.998	
11	249.200	-69.998	
11	249.300	-69.998	
11	249.400	-69.998	
11	249.500	-69.998	
11	249.600	-69.998	
11	249.700	-69.998	
11	249.800	-69.998	
11	249.900	-69.998	
11	250.000	-69.998	
11	250.100	-69.998	
11	250.200	-69.998	
11	250.300	-69.998	
11	250.400	-69.998	
11	250.500	-69.998	
11	250.600	-69.998	
11	250.700	-69.998	
11	250.800	-69.998	
11	250.900	-69.998	
11	251.000	-69.998	
11	251.100	-69.998	
11	251.200	-69.998	
11	251.300	-69.998	
11	251.400	-69.998	
11	251.500	-69.998	
11	251.600	-69.998	
11	251.700	-69.998	
11	251.800	-69.998	
11	251.900	-69.998	
11	252.000	-69.998	
11	252.100	-69.998	
11	252.200	-69.998	
11	252.300	-69.998	
11	252.400	-69.998	
11	252.500	-69.998	
11	252.600	-69.998	
11	252.700	-69.998	
11	252.800	-69.998	
11	252.900	-69.998	
11	253.000	-69.998	
11	253.100	-69.998	
11	253.200	-69.998	
11	253.300	-69.998	
11	253.400	-69.998	
11	253.500	-69.998	
11	253.600	-69.998	
11	253.700	-69.998	
11	253.800	-69.998	
11	253.900	-69.998	
11	254.000	-69.998	
11	254.100	-69.998	
11	254.200	-69.998	
11	254.300	-69.998	
11	254.400	-69.998	
11	254.500	-69.998	
11	254.600	-69.998	
11	254.700	-69.998	
11	254.800	-69.998	
11	254.900	-69.998	
11	255.000	-69.998	
11	255.100	-69.998	
11	255.200	-69.998	
11	255.300	-69.998	
11	255.400	-69.998	
11	255.500	-69.998	
11	255.600	-69.998	
11	255.700	-69.998	
11	255.800	-69.998	
11	255.900	-69.998	
11	256.000	-69.998	
11	256.100	-69.998	
11	256.200	-69.998	
11	256.300	-69.998	
11	256.400	-69.998	
11	256.500	-69.998	
11	256.600	-69.998	
11	256.700	-69.998	
11	256.800	-69.998	
11	256.900	-69.998	
11	257.000	-69.998	
11	257.100	-69.998	
11	257.200	-69.998	
11	257.300	-69.998	
11	257.400	-69.998	
11	257.500	-69.998	
11	257.600	-69.998	
11	257.700	-69.998	
11	257.800	-69.998	
11	257.900	-69.998	
11	258.000	-69.998	
11	258.100	-69.998	
11	258.200	-69.998	
11	258.300	-69.998	
11	258.400	-69.998	
11	258.500	-69.998	
11	258.600	-69.998	
11	258.700	-69.998	
11	258.800	-69.998	
11	258.900	-69.998	
11	259.000	-69.998	
11	259.100	-69.998	
11	259.200	-69.998	
11	259.300	-69.998	
11	259.400	-69.998	
11	259.500	-69.998	
11	259.600	-69.998	
11	259.700	-69.998	
11	259.800	-69.998	
11	259.900	-69.998	
11	260.000	-69.998	
11	260.100	-69.998	
11	260.200	-69.998	
11	260.300	-69.998	
11	260.400	-69.998	
11	260.500	-69.998	
11	260.600	-69.998	
11	260.700	-69.998	
11	260.800	-69.998	
11	260.900	-69.998	
11	261.000	-69.998	
11	261.100	-69.998	
11	261.200	-69.998	
11	261.300	-69.998	
11	261.400	-69.998	
11	261.500	-69.998	
11	261.600	-69.998	
11	261.700	-69.998	
11	261.800	-69.998	
11	261.900	-69.998	
11	262.000	-69.998	
11	262.100	-69.998	
11	262.200	-69.998	
11	262.300	-69.998	
11	262.400	-69.998	
11	262.500	-69.998	
11	262.600	-69.998	
11	262.700	-69.998	
11	262.800	-69.998	
11	262.900	-69.998	
11	263.000	-69.998	
11	263.100	-69.998	
11	263.200	-69.998	
11	263.300	-69.998	
11	263.400	-69.998	
11	263.500	-69.998	
11	263.600	-69.998	
11	263.700	-69.998	
11	263.800	-69.998	
11	263.900	-69.998	
11	264.000	-69.998	
11	264.100	-69.998	
11	264.200	-69.998	
11	264.300	-69.998	
11	264.400	-69.998	
11	264.500	-69.998	
11	264.600	-69.998	
11	264.700	-69.998	
11	264.800	-69.998	
11	264.900	-69.998	
11	265.000	-69.998	
11	265.100	-69.998	
11	265.200	-69.998	
11	265.300	-69.998	
11	265.400	-69.998	
11	265.500	-69.998	
11	265.600	-69.998	
11	265.700	-69.998	
11	265.800	-69.998	
11	265.900	-69.998	
11	266.000	-69.998	
11	266.100	-69.998	
11	266.200	-69.998	
11	266.300	-69.998	
11	266.400	-69.998	
11	266.500	-69.998	
11	266.600	-69.998	
11	266.700	-69.998	
11	266.800	-69.998	
11	266.900	-69.998	
11	267.000	-69.998	
11	267.100	-69.998	
11	267.200	-69.998	
11	267.300	-69.998	
11	267.400	-69.998	
11	267.500	-69.998	
11	267.600	-69.998	
11	267.700	-69.998	
11	267.800	-69.998	
11	267.900	-69.998	
11	268.000	-69.998	
11	268.100	-69.998	
11	268.200	-69.998	
11	268.300	-69.998	
11	268.400	-69.998	
11	268.500	-69.998	
11	268.600	-69.998	
11	268.700	-69.998	
11	268.800	-69.998	
11	268.900	-69.998	
11	269.000	-69.998	
11	269.100	-69.998	
11	269.200	-69.998	
11	269.300	-69.998	
11	269.400	-69.998	
11	269.500	-69.998	
11	269.600	-69.998	
11	269.700	-69.998	
11	269.800	-69.998	
11	269.900	-69.998	
11	270.000	-69.998	
11	270.100	-69.998	
11	270.200	-69.998	
11	270.300	-69.998	
11	270.400	-69.998	
11	270.500	-69.998	
11	270.600	-69.998	
11	270.700	-69.998	
11	270.800	-69.998	
11	270.900	-69.998	
11	271.000	-69.998	
11	271.100	-69.998	
11	271.200	-69.998	
11	271.300	-69.998	
11	271.400	-69.998	
11	271.500	-69.998	
11	271.600	-69.998	
11	271.700	-69.998	
11	271.800	-69.998	
11	271.900	-69.998	
11	272.000	-69.998	
11	272.100	-69.998	
11	272.200	-69.998	
11	272.300	-69.998	
11	272.400	-69.998	
11	272.500	-69.998	
11	272.600	-69.998	
11	272.700	-69.998	
11	272.800	-69.998	
11	272.900	-69.998	
11	273.000	-69.998	
11	273.100	-69.998	
11	273.200	-69.998	
11	273.300	-69.998	
11	273.400	-69.998	
11	273.500	-69.998	
11	273.600	-69.998	
11	273.700	-69.998	
11	273.800	-69.998	
11	273.900	-69.998	
11	274.000	-69.998	
11	274.100	-69.998	
11	274.200	-69.998	
11	274.300	-69.998	
11	274.400	-69.998	
11	274.500	-69.998	
11	274.600	-69.998	
11	274.700	-69.998	
11	274.800	-69.998	
11	274.900	-69.998	
11	275.000	-69.998	
11	275.100	-69.998	
11	275.200	-69.998	
11	275.300	-69.998	
11	275.400	-69.998	
11	275.500	-69.998	
11	275.600	-69.998	
11	275.700	-69.998	
11	275.800	-69.998	
11	275.900	-69.998	
11	276.000	-69.998	
11	276.100	-69.998	
11	276.200	-69.998	
11	276.300	-69.998	
11	276.400	-69.998	
11	276.500	-69.998	
11	276.600	-69.998	
11	276.700	-69.998	
11	276.800	-69.998	
11	276.900	-69.998	
11	277.000	-69.998	
11	277.100	-69.998	
11	277.200	-69.998	
11	277.300	-69.998	
11	277.400	-69.998	
11	277.500	-69.998	
11	277.600	-69.998	
11	277.700	-69.998	
11	277.800	-69.998	
11	277.900	-69.998	
11	278.000	-69.998	
11	278.100	-69.998	
11	278.200	-69.998	
11	278.300	-69.998	
11	278.400	-69.998	
11	278.500	-69.998	
11	278.600	-69.998	
11	278.700	-69.998	
11	278.800	-69.998	
11	278.900	-69.998	
11	279.000	-69.998	
11	279.100	-69.998	
11	279.200	-69.998	
11	279.300	-69.998	
11	279.400	-69.998	
11	279.500	-69.998	
11	279.600	-69.998	
11	279.700	-69.998	
11	279.800	-69.998	
11	279.900	-69.998	
11	280.000	-69.998	
11	280.100	-69.998	
11	280.200	-69.998	
11	280.300	-69.998	
11	280.400	-69.998	
11	280.500	-69.998	
11	280.600	-69.998	
11	280.700	-69.998	
11	280.800	-69.998	
11	280.900	-69.998	
11	281.000	-69.998	
11	281.100	-69.998	
11	281.200	-69.998	
11	281.300	-69.998	
11	281.400	-69.998	
11	281.500	-69.998	
11	281.600	-69.998	
11	281.700	-69.998	
11	281.800	-69.998	
11	281.900	-69.998	
11	282.000	-69.998	
11	282.100	-69.998	
11	282.200	-69.998	
11	282.300	-69.998	
11	282.400	-69.998	
11	282.500	-69.998	
11	282.600	-69.998	
11	282.700	-69.998	
11	282.800	-69.998	
11	282.900	-69.998	
11	283.000	-69.998	
11	283.100	-69.998	
11	283.200	-69.998	
11	283.300	-69.998	
11	283.400	-69.998	
11	283.500	-69.998	
11	283.600	-69.998	
11	283.700	-69.998	
11	283.800	-69.998	
11	283.900	-69.998	
11	284.000	-69.998	
11	284.100	-69.998	
11	284.200	-69.998	
11	284.300	-69.998	
11	284.400	-69.998	
11	284.500	-69.998	
11	284.600	-69.998	
11	284.700	-69.998	
11	284.800	-69.998	
11	284.900	-69.998	
11	285.000	-69.998	
11	285.100	-69.998	
11	285.200	-69.998	
11	285.300	-69.998	
11	285.400	-69.998	
11	285.500	-69.998	
11	285.600	-69.998	
11	285.700	-69.998	
11	285.800	-69.998	
11	285.900	-69.998	
11	286.000	-69.998	
11	286.100	-69.998	
11	286.200	-69.998	
11	286.300	-69.998	
11	286.400	-69.998	
11	286.500	-69.998	
11	286.600	-69.998	
11	286.700	-69.998	
11	286.800	-69.998	
11	286.900	-69.998	
11	287.000	-69.998	
11	287.100	-69.998	
11	287.200	-69.998	
11	287.300	-69.998	
11	287.400	-69.998	
11	287.500	-69.998	
11	287.600	-69.998	
11	287.700	-69.998	
11	287.800	-69.998	
11	287.900	-69.998	
11	288.000	-69.998	
11	288.100	-69.998	
11	288.200	-69.998	
11	288.300	-69.998	
11	288.400	-69.998	
11	288.500	-69.998	
11	288.600	-69.998	
11	288.700	-69.998	
11	288.800	-69.998	
11	288.900	-69.998	
11	289.000	-69.998	
11	289.100	-69.998	
11	289.200	-69.998	
11	289.300	-69.998	
11	289.400	-69.998	
11	289.500	-69.998	
11	289.600	-69.998	
11	289.700	-69.998	
11	289.800	-69.998	
11	289.900	-69.998	
11	290.000	-69.998	
11	290.100	-69.998	
11	290.200	-69.998	
11	290.300	-69.998	
11	290.400	-69.998	
11	290.500	-69.998	
11	290.600	-69.998	
11	290.700	-69.998	
11	290.800	-69.998	
11	290.900	-69.998	
11	291.000	-69.998	
11	291.100	-69.998	
11	291.200	-69.998	
11	291.300	-69.998	
11	291.400	-69.998	
11	291.500	-69.998	
11	291.600	-69.998	
11	291.700	-69.998	
11	291.800	-69.998	
11	291.900	-69.998	
11	292.000	-69.998	
11	292.100	-69.998	
11	292.200	-69.998	
11	292.300	-69.998	
11	292.400	-69.998	
11	292.500	-69.998	
11	292.600	-69.998	
11	292.700	-69.998	
11	292.800	-69.998	
11	292.900	-69.998	
11	293.000	-69.998	
11	293.100	-69.998	
11	293.200	-69.998	
11	293.300	-69.998	
11	293.400	-69.998	
11	293.500	-69.998	
11	293.600	-69.998	
11	293.700	-69.998	
11	293.800	-69.998	
11	293.900	-69.998	
11	294.000	-69.998	
11	294.100	-69.998	
11	294.200	-69.998	
11	294.300	-69.998	
11	294.400	-69.998	
11	294.500	-69.998	
11	294.600	-69.998	
11	294.700	-69.998	
11	294.800	-69.998	
11	294.900	-69.998	
11	295.000	-69.998	
11	295.100	-69.998	
11	295.200	-69.998	
11	295.300	-69.998	
11	295.400	-69.998	
11	295.500	-69.998	
11	295.600	-69.998	
11	295.700	-69.998	
11	295.800	-69.998	
11	295.900	-69.998	
11	296.000	-69.998	
11	296.100	-69.998	
11	296.200	-69.998	
11	296.300	-69.998	
11	296.400	-69.998	
11	296.500	-69.998	
11	296.600	-69.998	
11	296.700	-69.998	
11	296.800	-69.998	
11	296.900	-69.998	
11	297.000	-69.998	
11	297.100	-69.998	
11	297.200	-69.998	
11	297.300	-69.998	
11	297.400	-69.998	
11	297.500	-69.998	
11	297.600	-69.998	
11	297.700	-69.998	
11	297.800	-69.998	
11	297.900	-69.998	
11	298.000	-69.998	
11	298.100	-69.998	
11	298.200	-69.998	
11	298.300	-69.998	
11	298.400	-69.998	
11	298.500	-69.998	
11	298.600	-69.998	
11	298.700	-69.998	
11	298.800	-69.998	
11	298.900	-69.998	
11	299.000	-69.998	
11	299.100	-69.998	
11	299.200	-69.998	
11	299.300	-69.998	
11	299.400	-69.998	
11	299.500	-69.998	
11	299.600	-69.998	
11	299.700	-69.998	
11	299.800	-69.998	
11	299.900	-69.998	
11	300.000	-69.998	
11	300.100	-69.998	
11	300.200	-69.998	
11	300.300	-69.998	
11	300.400	-69.998	
11	300.500	-69.998	
11	300.600	-69.998	
11	300.700	-69.998	
11	300.800	-69.998	
11	300.900	-69.998	
11	301.000	-69.998	
11	301.100	-69.998	
11	301.200	-69.998	
11	301.300	-69.998	
11	301.400	-69.998	
11	301.500	-69.998	
11	301.600	-69.998	
11	301.700	-69.998	
11	301.800	-69.998	
11	301.900	-69.998	
11	302.000	-69.998	
11	302.100	-69.998	
11	302.200	-69.998	
11	302.300	-69.998	
11	302.400	-69.998	
11	302.500	-69.998	
11	302.600	-69.998	
11	302.700	-69.998	
11	302.800	-69.998	
11	302.900	-69.998	
11	303.000	-69.998	
11	303.100	-69.998	
11	303.200	-69.998	
11	303.300	-69.998	
11	303.400	-69.998	
11	303.500	-69.998	
11	303.600	-69.998	
11	303.700	-69.998	
11	303.800	-69.998	
11	303.900	-69.998	
11	304.000	-69.998	
11	304.100	-69.998	
11	304.200	-69.998	
11	304.300	-69.998	
11	304.400	-69.998	
11	304.500	-69.998	
11	304.600	-69.998	
11	304.700	-69.998	
11	304.800	-69.998	
11	304.900	-69.998	
11	305.000	-69.998	
11	305.100	-69.998	
11	305.200	-69.998	
11	305.300	-69.998	
11	305.400	-69.998	
11	305.500	-69.998	
11	305.600	-69.998	
11	305.700	-69.998	
11	305.800	-69.998	
11	305.900	-69.998	
11	306.000	-69.998	
11	306.100	-69.998	
11	306.200	-69.998	
11	306.300	-69.998	
11	306.400	-69.998	
11	306.500	-69.998	
11	306.600	-69.998	
11	306.700	-69.998	
11	306.800	-69.998	
11	306.900	-69.998	
11	307.000	-69.998	
11	307.100	-69.998	
11	307.200	-69.998	
11	307.300	-69.998	
11	307.400	-69.998	
11	307.500	-69.998	
11	307.600	-69.998	
11	307.700	-69.998	
11	307.800	-69.998	
11	307.900	-69.998	
11	308.000	-69.998	
11	308.100	-69.998	
11	308.200	-69.998	
11	308.300	-69.998	
11	308.400	-69.998	
11	308.500	-69.998	
11	308.600	-69.998	
11	308.700	-69.998	
11	308.800	-69.998	
11	308.900	-69.998	
11	309.000	-69.998	
11	309.100	-69.998	
11	309.200	-69.998	
11	309.300	-69.998	
11	309.400	-69.998	
11	309.500	-69.998	
11	309.600	-69.998	
11	309.700	-69.998	
11	309.800	-69.998	
11	309.900	-69.998	
11	310.000	-69.998	
11	310.100	-69.998	
11	310.200	-69.998	
11	310.300	-69.998	
11	310.400	-69.998	
11	310.500	-69.998	
11	310.600	-69.998	
11	310.700	-69.998	
11	310.800	-69.998	
11	310.900	-69.998	
11	311.000	-69.998	
11	311.100	-69.998	
11	311.200	-69.998	
11	311.300	-69.998	
11	311.400	-69.998	
11	311.500	-69.998	
11	311.600	-69.998	
11	311.700	-69.998	
11	311.800	-69.998	
11	311.900	-69.998	
11	312.000	-69.998	
11	312.100	-69.998	
11	312.200	-69.998	
11	312.300	-69.998	
11	312.400	-69.998	
11	312.500	-69.998	
11	312.600	-69.998	
11	312.700	-69.998	
11	312.800	-69.998	
11	312.900	-69.998	
11	313.000	-69.998	
11	313.100	-69.998	
11	313.200	-69.998	
11	313.300	-69.998	
11	313.400	-69.998	
11	313.500	-69.998	
11	313.600	-69.998	
11	313.700	-69.998	
11	313.800	-69.998	
11	313.900	-69.998	
11	314.000	-69.998	
11	314.100	-69.998	
11	314.200	-69.998	
11	314.300	-69.998	
11	314.400	-69.998	
11	314.500	-69.998	
11	314.600	-69.998	
11	314.700	-69.998	
11	314.800	-69.998	
11	314.900	-69.998	
11	315.000	-69.998	
11	315.100	-69.998	
11	315.200	-69.998	
11	315.300	-69.998	
11	315.400	-69.998	
11	315.500	-69.998	
11	315.600	-69.998	
11	315.700	-69.998	
11	315.800	-69.998	
11	315.900	-69.998	
11	316.000	-69.998	
11	316.100	-69.998	
11	316.200	-69.998	
11	316.300	-69.998	
11	316.400	-69.998	
11	316.500	-69.998	
11	316.600	-69.998	
11	316.700	-69.998	
11	316.800	-69.998	
11	316.900	-69.998	
11	317.000	-69.998	
11	317.100	-69.998	
11	317.200	-69.998	
11	317.300	-69.998	
11	317.400	-69.998	
11	317.500	-69.998	
11	317.600	-69.998	
11	317.700	-69.998	
11	317.800	-69.998	
11	317.900	-69.998	
11	318.000	-69.998	
11	318.100	-69.998	
11	318.200	-69.998	
11	318.300	-69.998	
11	318.400	-69.998	
11	318.500	-69.998	
11	318.600	-69.998	
11	318.700	-69.998	
11	318.800	-69.998	
11	318.900	-69.998	
11	319.000	-69.998	
11	319.100	-69.998	
11	319.200	-69.998	
11	319.300	-69.998	
11	319.400	-69.998	
11	319.500	-69.998	
11	319.600	-69.998	
11	319.700	-69.998	
11	319.800	-69.998	
11	319.900	-69.998	
11	320.000	-69.998	
11	320.100	-69.998	
11	320.200	-69.998	
11	320.300	-69.998	
11	320.400	-69.998	
11	320.500	-69.998	
11	320.600	-69.998	
11	320.700	-69.998	
11	320.800	-69.998	
11	320.900	-69.998	
11	321.000	-69.998	
11	321.100	-69.998	
11	321.200	-69.998	
11	321.300	-69.998	
11	321.400	-69.998	
11	321.500	-69.998	
11	321.600	-69.998	
11	321.700	-69.998	
11	321.800	-69.998	
11	321.900	-69.998	
11	322.000	-69.998	
11	322.100	-69.998	
11	322.200	-69.998	
11	322.300	-69.998	
11	322.400	-69.998	
11	322.500	-69.998	
11	322.600	-69.998	
11	322.700	-69.998	
11	322.800	-69.998	
11	322.900	-69.998	
11	323.000	-69.998	
11	323.100	-69.998	
11	323.200	-69.998	
11	323.300	-69.998	
11	323.400	-69.998	
11	323.500	-69.998	
11	323.600	-69.998	
11	323.700	-69.998	
11	323.800	-69.998	
11	323.900	-69.998	
11	324.000	-69.998	
11	324.100	-69.998	
11	324.200	-69.998	
11	324.300	-69.998	
11	324.400	-69.998	
11	324.500	-69.998	
11	324.600	-69.998	
11	324.700	-69.998	
11	324.800	-69.998	
11	324.900	-69.998	
11	325.000	-69.998	
11	325.100	-69.998	
11	325.200	-69.998	
11	325.300	-69.998	
11	325.400	-69.998	
11	325.500	-69.998	
11	325.600	-69.998	
11	325.700	-69.998	
11	325.800	-69.998	
11	325.900	-69.998	
11	326.000	-69.998	
11	326.100	-69.998	
11	326.200	-69.998	
11	326.300	-69.998	
11	326.400	-69.998	
11	326.500	-69.998	
11	326.600	-69.998	
11	326.700	-69.998	
11	326.800	-69.998	
11	326.900	-69.998	
11	327.000	-69.998	
11	327.100	-69.998	
11	327.200	-69.998	
11	327.300	-69.998	
11	327.400	-69.998	
11	327.500	-69.998	
11	327.600	-69.998	
11	327.700	-69.998	
11	327.800	-69.998	
11	327.900	-69.998	
11	328.000	-69.998	
11	328.100	-69.998	
11	328.200	-69.998	
11	328.300	-69.998	
11	328.400	-69.998	
11	328.500	-69.998	
11	328.600	-69.998	
11	328.700	-69.998	
11	328.800	-69.998	
11	328.900	-69.998	
11	329.000	-69.998	
11	329.100	-69.998	
11	329.200	-69.998	
11	329.300	-69.998	
11	329.400	-69.998	
11	329.500	-69.998	
11	329.600	-69.998	
11	329.700	-69.998	
11	329.800	-69.998	
11	329.900	-69.998	
11	330.000	-69.998	
11	330.100	-69.998	
11	330.200	-69.998	
11	330.300	-69.998	
11	330.400	-69.998	
11	330.500	-69.998	
11	330.600	-69.998	
11	330.700	-69.998	
11	330.800	-69.998	
11	330.900	-69.998	
11	331.000	-69.998	
11	331.100	-69.998	
11	331.200	-69.998	
11	331.300	-69.998	
11	331.400	-69.998	
11	331.500	-69.998	
11	331.600	-69.998	
11	331.700	-69.998	
11	331.800	-69.998	
11	331.900	-69.998	
11	332.000	-69.998	
11	332.100	-69.998	
11	332.200	-69.998	
11	332.300	-69.998	
11	332.400	-69.998	
11	332.500	-69.998	
11	332.600	-69.998	
11	332.700	-69.998	
11	332.800	-69.998	
11	332.900	-69.998	
11	333.000	-69.998	
11	333.100	-69.998	
11	333.200	-69.998	
11	333.300	-69.998	
11	333.400	-69.998	
11	333.500	-69.998	
11	333.600	-69.998	
11	333.700	-69.998	
11	333.800	-69.998	
11	333.900	-69.998	
11	334.000	-69.998	
11	334.100	-69.998	
11	334.200	-69.998	
11	334.300	-69.998	
11	334.400	-69.998	
11	334.500	-69.998	
11	334.600	-69.998	
11	334.700	-69.998	
11	334.800	-69.998	
11	334.900	-69.998	
11	335.000	-69.998	
11	335.100	-69.998	
11	335.200	-69.998	
11	335.300	-69.998	
11	335.400	-69.998	
11	335.500	-69.998	
11	335.600	-69.998	
11	335.700	-69.998	
11	335.800	-69.998	
11	335.900	-69.998	
11	336.000	-69.998	
11	336.100	-69.998	
11	336.200	-69.998	
11	336.300	-69.998	
11	336.400	-69.998	
11	336.500	-69.998	
11	336.600	-69.998	
11	336.700	-69.998	
11	336.800	-69.998	
11	336.900	-69.998	
11	337.000	-69.998	
11	337.100	-69.998	
11	337.200	-69.998	
11	337.300	-69.998	
11	337.400	-69.998	
11	337.500	-69.998	
11	337.600	-69.998	
11	337.700	-69.998	
11	337.800	-69.998	
11	337.900	-69.998	
11	338.000	-69.998	
11	338.100	-69.998	
11	338.200	-69.998	
11	338.300	-69.998	
11	338.400	-69.998	
11	338.500	-69.998	
11	338.600	-69.998	
11	338.700	-69.998	
11	338.800	-69.998	
11	338.900	-69.998	
11	339.000	-69.998	
11	339.100	-69.998	
11	339.200	-69.998	
11	339.300	-69.998	
11	339.400	-69.998	
11	339.500	-69.998	
11	339.600	-69.998	
11	339.700	-69.998	
11	339.800	-69.998	
11	339.900	-69.998	
11	340.000	-69.998	
11	340.100	-69.998	
11	340.200	-69.998	
11	340.300	-69.998	
11	340.400	-69.998	
11	340.500	-69.998	
11	340.600	-69.998	
11	340.700	-69.998	
11	340.800	-69.998	
11	340.900	-69.998	
11	341.000	-69.998	
11	341.100	-69.998	
11	341.200	-69.998	
11	341.300	-69.998	
11	341.400	-69.998	
11	341.500	-69.998	
11	341.600	-69.998	
11	341.700	-69.998	
11	341.800	-69.998	
11	341.900	-69.998	
11	342.000	-69.998	
11	342.100	-69.998	
11	342.200	-69.998	
11	342.300	-69.998	
11	342.400	-69.998	
11	342.500	-69.998	
11	342.600	-69.998	
11	342.700	-69.998	
11	342.800	-69.998	
11	342.900	-69.998	
11	343.000	-69.998	
11	343.100	-69.998	
11	343.200	-69.998	
11	343.300	-69.998	
11	343.400	-69.998	
11	343.500	-69.998	
11	343.600	-69.998	
11	343.700	-69.998	
11	343.800	-69.998	
11	343.900	-69.998	
11	344.000	-69.998	
11	344.100	-69.998	
11	344.200	-69.998	
11	344.300	-69.998	
11	344.400	-69.998	
11	344.500	-69.998	
11	344.600	-69.998	
11	344.700	-69.998	
11	344.800	-69.998	
11	344.900	-69.998	
11	345.000	-69.998	
11	345.100	-69.998	
11	345.200	-69.998	
11	345.300	-69.998	
11	345.400	-69.998	
11	345.500	-69.998	
11	345.600	-69.998	
11	345.700	-69.998	
11	345.800	-69.998	
11	345.900	-69.998	
11	346.000	-69.998	
11	346.100	-69.998	
11	346.200	-69.998	
11	346.300	-69.998	
11	346.400	-69.998	
11	346.500	-69.998	
11	346.600	-69.998	
11	346.700	-69.998	
11	346.800	-69.998	
11	346.900	-69.998	
11	347.000	-69.998	
11	347.100	-69.998	
11	347.200	-69.998	
11	347.300	-69.998	
11	347.400	-69.998	
11	347.500	-69.998	
11	347.600	-69.998	
11	347.700	-69.998	
11	347.800	-69.998	
11	347.900	-69.998	
11	348.000	-69.998	
11	348.100	-69.998	
11	348.200	-69.998	
11	348.300	-69.998	
11	348.400	-69.998	
11	348.500	-69.998	
11	348.600	-69.998	
11	348.700	-69.998	
11	348.800	-69.998	
11	348.900	-69.998	
11	349.000	-69.998	
11	349.100	-69.998	
11	349.200	-69.998	
11	349.300	-69.998	
11	349.400	-69.998	
11	349.500	-69.998	
11	349.600	-69.998	
11	349.700	-69.998	
11	349.800	-69.998	
11	349.900	-69.998	
11	350.000	-69.998	
11	350.100	-69.998	
11	350.200	-69.998	
11	350.300	-69.998	
11	350.400	-69.998	
11	350.500	-69.998	
11	350.600	-69.998	
11	350.700	-69.998	
11	350.800	-69.998	
11	350.900	-69.998	
11	351.000	-69.998	
11	351.100	-69.998	
11	351.200	-69.998	
11	351.300	-69.998	
11	351.400	-69.998	
11	351.500	-69.998	
11	351.600	-69.998	
11	351.700	-69.998	
11	351.800	-69.998	
11	351.900	-69.998	
11	352.000	-69.998	
11	352.100	-69.998	
11	352.200	-69.998	
11	352.300	-69.998	
11	352.400	-69.998	
11	352.500	-69.998	
11	352.600	-69.998	
11	352.700	-69.998	
11	352.800	-69.998	
11	352.900	-69.998	
11	353.000	-69.998	
11	353.100	-69.998	
11	353.200	-69.998	
11	353.300	-69.998	
11	353.400	-69.998	
11	353.500	-69.998	
11	353.600	-69.998	
11	353.700	-69.998	
11	353.800	-69.998	
11	353.900	-69.998	
11	354.000	-69.998	
11	354.100	-69.998	
11	354.200	-69.998	
11	354.300	-69.998	
11	354.400	-69.998	
11	354.500	-69.998	
11	354.600	-69.998	
11	354.700	-69.998	
11	354.800	-69.998	
11	354.900	-69.998	
11	355.000	-69.998	
11	355.100	-69.998	
11	355.200	-69.998	
11	355.300	-69.998	
11	355.400	-69.998	
11	355.500	-69.998	
11	355.600	-69.998	
11	355.700	-69.998	
11	355.800	-69.998	
11	355.900	-69.998	
11	356.000	-69.998	
11	356.100	-69.998	
11	356.200	-69.998	
11	356.300	-69.998	
11	356.400	-69.998	
11	356.500	-69.998	
11	356.600	-69.998	
11	356.700	-69.998	
11	356.800	-69.998	
11	356.900	-69.998	
11	357.000	-69.998	
11	357.100	-69.998	
11	357.200	-69.998	
11	357.300	-69.998	
11	357.400	-69.998	
11	357.500	-69.998	
11	357.600	-69.998	
11	357.700	-69.998	
11	357.800	-69.998	
11	357.900	-69.998	
11	358.000	-69.998	
11	358.100	-69.998	
11	358.200	-69.998	
11	358.300	-69.998	
11	358.400	-69.998	
11	358.500	-69.998	
11	358.600	-69.998	
11	358.700	-69.998	
11	358.800	-69.998	
11	358.900	-69.998	
11	359.000	-69.998	
11	359.100	-69.998	
11	359.200	-69.998	
11	359.300	-69.998	
11	359.400	-69.998	
11	359.500	-69.998	
11	359.600	-69.998	
11	359.700	-69.998	
11	359.800	-69.998	
11	359.900	-69.998	
11	360.000	-69.998	
11	360.100	-69.998	
11	360.200	-69.998	
11	360.300	-69.998	
11	360.400	-69.998	
11	360.500	-69.998	
11	360.600	-69.998	
11	360.700	-69.998	
11	360.800	-69.998	
11	360.900	-69.998	
11	361.000	-69.998	
11	361.100	-69.998	
11	361.200	-69.998	
11	361.300	-69.998	
11	361.400	-69.998	
11	361.500	-69.998	
11	361.600	-69.998	
11	361.700	-69.998	
11	361.800	-69.998	
11	361.900	-69.998	
11	362.000	-69.998	
11	362.100	-69.998	
11	362.200	-69.998	
11	362.300	-69.998	
11	362.400	-69.998	
11	362.500	-69.998	
11	362.600	-69.998	
11	362.700	-69.998	
11	362.800	-69.998	
11	362.900	-69.998	
11	363.000	-69.998	
11	363.100	-69.998	
11	363.200	-69.998	
11	363.300	-69.998	
11	363.400	-69.998	
11	363.500	-69.998	
11	363.600	-69.998	
11	363.700	-69.998	
11	363.800	-69.998	
11	363.900	-69.998	
11	364.000	-69.998	
11	364.100	-69.998	
11	364.200	-69.998	
11	364.300	-69.998	
11	364.400	-69.998	
11	364.500	-69.998	
11	364.600	-69.998	
11	364.700	-69.998	
11	364.800	-69.998	
11	364.900	-69.998	
11	365.000	-69.998	
11	365.100	-69.998	
11	365.200	-69.998	
11	365.300	-69.998	
11	365.400	-69.998	
11	365.500	-69.998	
11	365.600	-69.998	
11	365.700	-69.998	
11	365.800	-69.998	
11	365.900	-69.998	
11	366.000	-69.998	
11	366.100	-69.998	
11	366.200	-69.998	
11	366.300	-69.998	
11	366.400	-69.998	
11	366.500	-69.998	
11	366.600	-69.998	
11	366.700	-69.998	
11	366.800	-69.998	
11	366.900	-69.998	
11	367.000	-69.998	
11	367.100	-69.998	
11	367.200	-69.998	
11	367.300	-69.998	
11	367.400	-69.998	
11	367.500	-69.998	
11	367.600	-69.998	
11	367.700	-69.998	
11	367.800	-69.998	
11	367.900	-69.998	
11	368.000	-69.998	
11	368.100	-69.998	
11	368.200	-69.998	
11	368.300	-69.998	
11	368.400	-69.998	
11	368.500	-69.998	
11	368.600	-69.998	
11	368.700	-69.998	
11	368.800	-69.998	
11	368.900	-69.998	
11	369.000	-69.998	
11	369.100	-69.998	
11	369.200	-69.998	
11	369.300	-69.998	
11	369.400	-69.998	
11	369.500	-69.998	
11	369.600	-69.998	
11	369.700	-69.998	
11	369.800	-69.998	
11	369.900	-69.998	
11	370.000	-69.998	
11	370.100	-69.998	
11	370.200	-69.998	
11	370.300	-69.998	
11	370.400	-69.998	
11	370.500	-69.998	
11	370.600	-69.998	
11	370.700	-69.998	
11	370.800	-69.998	
11	370.900	-69.998	
11	371.000	-69.998	
11	371.100	-69.998	
11	371.200	-69.998	
11	371.300	-69.998	
11	371.400	-69.998	
11	371.500	-69.998	
11	371.600	-69.998	
11	371.700	-69.998	
11	371.800	-69.998	
11	371.900	-69.998	
11	372.000	-69.998	
11	372.100	-69.998	
11	372.200	-69.998	
11	372.300	-69.998	
11	372.400	-69.998	
11	372.500	-69.998	
11	372.600	-69.998	
11	372.700	-69.998	
11	372.800	-69.998	
11	372.900	-69.998	
11	373.000	-69.998	
11	373.100	-69.998	
11	373.200	-69.998	
11	373.300	-69.998	
11	373.400	-69.998	
11	373.500	-69.998	
11	373.600	-69.998	
11	373.700	-69.998	
11	373.800	-69.998	
11	373.900	-69.998	
11	374.000	-69.998	
11	374.100	-69.998	
11	374.200	-69.998	
11	374.300	-69.998	
11	374.400	-69.998	
11	374.500	-69.998	
11	374.600	-69.998	
11	374.700	-69.998	
11	374.800	-69.998	
11	374.900	-69.998	
11	375.000	-69.998	
11	375.100	-69.998	
11	375.200	-69.998	
11	375.300	-69.998	
11	375.400	-69.998	
11	375.500	-69.998	
11	375.600	-69.998	
11	375.700	-69.998	
11	375.800	-69.998	
11	375.900	-69.998	
11	376.000	-69.998	
11	376.100	-69.998	
11	376.200	-69.998	
11	376.300	-69.998	
11	376.400	-69.998	
11	376.500	-69.998	
11	376.600	-69.998	
11	376.700	-69.998	
11	376.800	-69.998	
11	376.900	-69.998	
11	377.000	-69.998	
11	377.100	-69.998	
11	377.200	-69.998	
11	377.300	-69.998	
11	377.400	-69.998	
11	377.500	-69.998	
11	377.600	-69.998	
11	377.700	-69.998	
11	377.800	-69.998	
11	377.900	-69.998	
11	378.000	-69.998	
11	378.100	-69.998	
11	378.200	-69.998	
11	378.300	-69.998	
11	378.400	-69.998	
11	378.500	-69.998	
11	378.600	-69.998	
11	378.700	-69.998	
11	378.800	-69.998	
11	378.900	-69.998	
11	379.000	-69.998	
11	379.100	-69.998	
11	379.200	-69.998	
11	379.300	-69.998	
11	379.400	-69.998	
11	379.500	-69.998	
11	379.600	-69.998	
11	379.700	-69.998	
11	379.800	-69.998	
11	379.900	-69.998	
11	380.000	-69.998	
11	380.100	-69.998	
11	380.200	-69.998	
11	380.300	-69.998	
11	380.400	-69.998	
11	380.500	-69.998	
11	380.600	-69.998	
11	380.700	-69.998	
11	380.800	-69.998	
11	380.900	-69.998	
11	381.000	-69.998	
11	381.100	-69.998	
11	381.200	-69.998	
11	381.300	-69.998	
11	381.400	-69.998	
11	381.500	-69.998	
11	381.600	-69.998	
11	381.700	-69.998	
11	381.800	-69.998	
11	381.900	-69.998	
11	382.000	-69.998	
11	382.100	-69.998	
11	382.200	-69.998	
11	382.300	-69.998	
11	382.400	-69.998	
11	382.500	-69.998	
11	382.600	-69.998	
11	382.700	-69.998	
11	382.800	-69.998	
11	382.900	-69.998	
11	383.000	-69.998	
11	383.100	-69.998	
11	383.200	-69.998	
11	383.300	-69.998	
11	383.400	-69.998	
11	383.500	-69.998	
11	383.600	-69.998	
11	383.700	-69.998	
11	383.800	-69.998	
11	383.900	-69.998	
11	384.000	-69.998	
11	384.100	-69.998	
11	384.200	-69.998	
11	384.300	-69.998	
11	384.400	-69.998	
11	384.500	-69.998	
11	384.600	-69.998	
11	384.700	-69.998	
11	384.800	-69.998	
11	384.900	-69.998	
11	385.000	-69.998	
11	385.100	-69.998	
11	385.200	-69.998	
11	385.300	-69.998	
11	385.400	-69.998	
11	385.500	-69.998	
11	385.600	-69.998	
11	385.700	-69.998	
11	385.800	-69.998	
11	385.900	-69.998	
11	386.000	-69.998	
11	386.100	-69.998	
11	386.200	-69.998	
11	386.300	-69.998	
11	386.400	-69.998	
11	386.500	-69.998	
11	386.600	-69.998	
11	386.700	-69.998	
11	386.800	-69.998	
11	386.900	-69.998	
11	387.000	-69.998	
11	387.100	-69.998	
11	387.200	-69.998	
11	387.300	-69.998	
11	387.400	-69.998	
11	387.500	-69.998	
11	387.600	-69.998	
11	387.700	-69.998	
11	387.800	-69.998	
11	387.900	-69.998	
11	388.000	-69.998	
11	388.100	-69.998	
11	388.200	-69.998	
11	388.300	-69.998	
11	388.400	-69.998	
11	388.500	-69.998	
11	388.600	-69.998	
11	388.700	-69.998	
11	388.800	-69.998	
11	388.900	-69.998	
11	389.000	-69.998	
11	389.100	-69.998	
11	389.200	-69.998	
11	389.300	-69.998	
11	389.400	-69.998	
11	389.500	-69.998	
11	389.600	-69.998	
11	389.700	-69.998	
11	389.800	-69.998	
11	389.900	-69.998	
11	390.000	-69.998	
11	390.100	-69.998	
11	390.200	-69.998	
11	390.300	-69.998	
11	390.400	-69.998	
11	390.500	-69.998	
11	390.600	-69.998	
11	390.700	-69.998	
11	390.800	-69.998	
11	390.900	-69.998	
11	391.000	-69.998	
11	391.100	-69.998	
11	391.200	-69.998	
11	391.300	-69.998	
11	391.400	-69.998	
11	391.500	-69.998	
11	391.600	-69.998	
11	391.700	-69.998	
11	391.800	-69.998	
11	391.900	-69.998	
11	392.000	-69.998	
11	392.100	-69.998	
11	392.200	-69.998	
11	392.300	-69.998	
11	392.400	-69.998	
11	392.500	-69.998	
11	392.600	-69.998	
11	392.700	-69.998	
11	392.800	-69.998	
11	392.900	-69.998	
11	393.000	-69.998	
11	393.100	-69.998	
11	393.200	-69.998	
11	393.300	-69.998	
11	393.400	-69.998	
11	393.500	-69.998	
11	393.600	-69.998	
11	393.700	-69.998	
11	393.800	-69.998	
11	393.900	-69.998	
11	394.000	-69.998	
11	394.100	-69.998	
11	394.200	-69.998	
11	394.300	-69.998	
11	394.400	-69.998	
11	394.500	-69.998	
11	394.600	-69.998	
11	394.700	-69.998	
11	394.800	-69.998	
11	394.900	-69.998	
11	395.000	-69.998	
11	395.100	-69.998	
11	395.200	-69.998	
11	395.300	-69.998	
11	395.400	-69.998	
11	395.500	-69.998	
11	395.600	-69.998	
11	395.700	-69.998	
11	395.800	-69.998	
11	395.900	-69.998	
11	396.000	-69.998	
11	396.100	-69.998	
11	396.200	-69.998	
11	396.300	-69.998	
11	396.400	-69.998	
11	396.500	-69.998	
11	396.600	-69.998	
11	396.700	-69.998	
11	396.800	-69.998	
11	396.900	-69.998	
11	397.000	-69.998	
11	397.100	-69.998	
11	397.200	-69.998	
11	397.300	-69.998	
11	397.400	-69.998	
11	397.500	-69.998	
11	397.600	-69.998	
11	397.700	-69.998	
11	397.800	-69.998	
11	397.900	-69.998	
11	398.000	-69.998	
11	398.100	-69.998	
11	398.200	-69.998	
11	398.300	-69.998	
11	398.400	-69.998	
11	398.500	-69.998	
11	398.600	-69.998	
11	398.700	-69.998	
11	398.800	-69.998	
11	398.900	-69.998	
11	399.000	-69.998	
11	399.100	-69.998	
11	399.200	-69.998	
11	399.300	-69.998	
11	399.400	-69.998	
11	399.500	-69.998	
11	399.600	-69.998	
11	399.700	-69.998	
11	399.800	-69.998	
11	399.900	-69.998	
11	400.000	-69.998	
11	400.100	-69.998	
11	400.200	-69.998	
11	400.300	-69.998	
11	400.400	-69.998	
11	400.500	-69.998	
11	400.600	-69.998	
11	400.700	-69.998	
11	400.800	-69.998	
11	400.900	-69.998	
11	401.000	-69.998	
11	401.100	-69.998	
11	401.200	-69.998	
11	401.300	-69.998	
11	401.400	-69.998	
11	401.500	-69.998	
11	401.600	-69.998	
11	401.700	-69.998	
11	401.800	-69.998	
11	401.900	-69.998	
11	402.000	-69.998	
11	402.100	-69.998	
11	402.200	-69.998	
11	402.300	-69.998	
11	402.400	-69.998	
11	402.500	-69.998	
11	402.600	-69.998	
11	402.700	-69.998	
11	402.800	-69.998	
11	402.900	-69.998	
11	403.000	-69.998	
11	403.100	-69.998	
11	403.200	-69.998	
11	403.300	-69.998	
11	403.400	-69.998	
11	403.500	-69.998	
11	403.600	-69.998	
11	403.700	-69.998	
11	403.800	-69.998	
11	403.900	-69.998	
11	404.000	-69.998	
11	404.100	-69.998	
11	404.200	-69.998	
11	404.300	-69.998	
11	404.400	-69.998	
11	404.500	-69.998	
11	404.600	-69.998	
11	404.700	-69.998	
11	404.800	-69.998	
11	404.900	-69.998	
11	405.000	-69.998	
11	405.100	-69.998	
11	405.200	-69.998	
11	405.300	-69.998	
11	405.400	-69.998	
11	405.500	-69.998	
11	405.600	-69.998	
11	405.700	-69.998	
11	405.800	-69.998	
11	405.900	-69.998	
11	406.000	-69.998	
11	406.100	-69.998	
11	406.200	-69.998	
11	406.300	-69.998	
11	406.400	-69.998	
11	406.500	-69.998	
11	406.600	-69.998	
11	406.700	-69.998	
11	406.800	-69.998	
11	406.900	-69.998	
11	407.000	-69.998	
11	407.100	-69.998	
11	407.200	-69.998	
11	407.300	-69.998	
11	407.400	-69.998	
11	407.500	-69.998	
11	407.600	-69.998	
11	407.700	-69.998	
11	407.800	-69.998	
11	407.900	-69.998	
11	408.000	-69.998	
11	408.100	-69.998	
11	408.200	-69.998	
11	408.300	-69.998	
11	408.400	-69.998	
11	408.500	-69.998	
11	408.600	-69.998	
11	408.700	-69.998	
11	408.800	-69.998	
11	408.900	-69.998	
11	409.000	-69.998	
11	409.100	-69.998	
11	409.200	-69.998	
11	409.300	-69.998	
11	409.400	-69.998	
11	409.500	-69.998	
11	409.600	-69.998	
11	409.700	-69.998	
11	409.800	-69.998	
11	409.900	-69.998	
11	410.000	-69.998	
11	410.100	-69.998	
11	410.200	-69.998	
11	410.300	-69.998	
11	410.400	-69.998	
11	410.500	-69.998	
11	410.600	-69.998	
11	410.700	-69.998	
11	410.800	-69.998	
11	410.900	-69.998	
11	411.000	-69.998	
11	411.100	-69.998	
11	411.200	-69.998	
11	411.300	-69.998	
11	411.400	-69.998	
11	411.500	-69.998	
11	411.600	-69.998	
11	411.700	-69.998	
11	411.800	-69.998	
11	411.900	-69.998	
11	412.000	-69.998	
11	412.100	-69.998	
11	412.200	-69.998	
11	412.300	-69.998	
11	412.400	-69.998	
11	412.500	-69.998	
11	412.600	-69.998	
11	412.700	-69.998	
11	412.800	-69.998	
11	412.900	-69.998	
11	413.000	-69.998	
11	413.100	-69.998	
11	413.200	-69.998	
11	413.300	-69.998	
11	413.400	-69.998	
11	413.500	-69.998	
11	413.600	-69.998	
11	413.700	-69.998	
11	413.800	-69.998	
11	413.900	-69.998	
11	414.000	-69.998	
11	414.100	-69.998	
11	414.200	-69.998	
11	414.300	-69.998	
11	414.400	-69.998	
11	414.500	-69.998	
11	414.600	-69.998	
11	414.700	-69.998	
11	414.800	-69.998	
11	414.900	-69.998	
11	415.000	-69.998	
11	415.100	-69.998	
11	415.200	-69.998	
11	415.300	-69.998	
11	415.400	-69.998	
11	415.500	-69.998	
11	415.600	-69.998	
11	415.700	-69.998	
11	415.800	-69.998	
11	415.900	-69.998	
11	416.000	-69.998	
11	416.100	-69.998	
11	416.200	-69.998	
11	416.300	-69.998	
11	416.400	-69.998	
11	416.500	-69.998	
11	416.600	-69.998	
11	416.700	-69.998	
11	416.800	-69.998	
11	416.900	-69.998	
11	417.000	-69.998	
11	417.100	-69.998	
11	417.200	-69.998	
11	417.300	-69.998	
11	417.400	-69.998	
11	417.500	-69.998	
11	417.600	-69.998	
11	417.700	-69.998	
11	417.800	-69.998	
11	417.900	-69.998	
11	418.000	-69.998	
11	418.100	-69.998	
11	418.200	-69.998	
11	418.300	-69.998	
11	418.400	-69.998	
11	418.500	-69.998	
11	418.600	-69.998	
11	418.700	-69.998	
11	418.800	-69.998	
11	418.900	-69.998	
11	419.000	-69.998	
11	419.100	-69.998	
11	419.200	-69.998	
11	419.300	-69.998	
11	419.400	-69.998	
11	419.500	-69.998	
11	419.600	-69.998	
11	419.700	-69.998	
11	419.800	-69.998	
11	419.900	-69.998	
11	420.000	-69.998	
11	420.100	-69.998	
11	420.200	-69.998	
11	420.300	-69.998	
11	420.400	-69.998	
11	420.500	-69.998	
11	420.600	-69.998	
11	420.700	-69.998	
11	420.800	-69.998	
11	420.900	-69.998	
11	421.000	-69.998	
11	421.100	-69.998	
11	421.200	-69.998	
11	421.300	-69.998	
11	421.400	-69.998	
11	421.500	-69.998	
11	421.600	-69.998	
11	421.700	-69.998	
11	421.800	-69.998	
11	421.900	-69.998	
11	422.000	-69.998	
11	422.100	-69.998	
11	422.200	-69.998	
11	422.300	-69.998	
11	422.400	-69.998	
11	422.500	-69.998	
11	422.600	-69.998	
11	422.700	-69.998	
11	422.800	-69.998	
11	422.900	-69.998	
11	423.000	-69.998	
11	423.100	-69.998	
11	423.200	-69.998	
11	423.300	-69.998	
11	423.400	-69.998	
11	423.500	-69.998	
11	423.600	-69.998	
11	423.700	-69.998	
11	423.800	-69.998	
11	423.900	-69.998	
11	424.000	-69.998	
11	424.100	-69.998	
11	424.200	-69.998	
11	424.300	-69.998	
11	424.400	-69.998	
11	424.500	-69.998	
11	424.600	-69.998	
11	424.700	-69.998	
11	424.800	-69.998	
11	424.900	-69.998	
11	425.000	-69.998	
11	425.100	-69.998	
11	425.200	-69.998	
11	425.300	-69.998	
11	425.400	-69.998	
11	425.500	-69.998	
11	425.600	-69.998	
11	425.700	-69.998	
11	425.800	-69.998	
11	425.900	-69.998	
11	426.000	-69.998	
11	426.100	-69.998	
11	426.200	-69.998	
11	426.300	-69.998	
11	426.400	-69.998	
11	426.500	-69.998	
11	426.600	-69.998	
11	426.700	-69.998	
11	426.800	-69.998	
11	426.900	-69.998	
11	427.000	-69.998	
11	427.100	-69.998	
11	427.200	-69.998	
11	427.300	-69.998	
11	427.400	-69.998	
11	427.500	-69.998	
11	427.600	-69.998	
11	427.700	-69.998	
11	427.800	-69.998	
11	427.900	-69.998	
11	428.000	-69.998	
11	428.100	-69.998	
11	428.200	-69.998	
11	428.300	-69.998	
11	428.400	-69.998	
11	428.500	-69.998	
11	428.600	-69.998	
11	428.700	-69.998	
11	428.800	-69.998	
11	428.900	-69.998	
11	429.000	-69.998	
11	429.100	-69.998	
11	429.200	-69.998	
11	429.300	-69.998	
11	429.400	-69.998	
11	429.500	-69.998	
11	429.600	-69.998	
11	429.700	-69.998	
11	429.800	-69.998	
11	429.900	-69.998	
11	430.000	-69.998	
11	430.100	-69.998	
11	430.200	-69.998	
11	430.300	-69.998	
11	430.400	-69.998	
11	430.500	-69.998	
11	430.600	-69.998	
11	430.700	-69.998	
11	430.800	-69.998	
11	430.900	-69.998	
11	431.000	-69.998	
11	431.100	-69.998	
11	431.200	-69.998	
11	431.300	-69.998	
11	431.400	-69.998	
11	431.500	-69.998	
11	431.600	-69.998	
11	431.700	-69.998	
11	431.800	-69.998	
11	431.900	-69.998	
11	432.000	-69.998	
11	432.100	-69.998	
11	432.200	-69.998	
11	432.300	-69.998	
11	432.400	-69.998	
11	432.500	-69.998	
11	432.600	-69.998	
11	432.700	-69.998	
11	432.800	-69.998	
11	432.900	-69.998	
11	433.000	-69.998	
11	433.100	-69.998	
11	433.200	-69.998	
11	433.300	-69.998	
11	433.400	-69.998	
11	433.500	-69.998	
11	433.600	-69.998	
11	433.700	-69.998	
11	433.800	-69.998	
11	433.900	-69.998	
11	434.000	-69.998	
11	434.100	-69.998	
11	434.200	-69.998	
11	434.300	-69.998	
11	434.400	-69.998	
11	434.500	-69.998	
11	434.600	-69.998	
11	434.700	-69.998	
11	434.800	-69.998	
11	434.900	-69.998	
11	435.000	-69.998	
11	435.100	-69.998	
11	435.200	-69.998	
11	435.300	-69.998	
11	435.400	-69.998	
11	435.500	-69.998	
11	435.600	-69.998	
11	435.700	-69.998	
11	435.800	-69.998	
11	435.900	-69.998	
11	436.000	-69.998	
11	436.100	-69.998	
11	436.200	-69.998	
11	436.300	-69.998	
11	436.400	-69.998	
11	436.500	-69.998	
11	436.600	-69.998	
11	436.700	-69.998	
11	436.800	-69.998	
11	436.900	-69.998	
11	437.000	-69.998	
11	437.100	-69.998	
11	437.200	-69.998	
11	437.300	-69.998	
11	437.400	-69.998	
11	437.500	-69.998	
11	437.600	-69.998	
11	437.700	-69.998	
11	437.800	-69.998	
11	437.900	-69.998	
11	438.000	-69.998	
11	438.100	-69.998	
11	438.200	-69.998	
11	438.300	-69.998	
11	438.400	-69.998	
11	438.500	-69.998	
11	438.600	-69.998	
11	438.700	-69.998	
11	438.800	-69.998	
11	438.900	-69.998	
11	439.000	-69.998	
11	439.100	-69.998	
11	439.200	-69.998	
11	439.300	-69.998	
11	439.400	-69.998	
11	439.500	-69.998	
11	439.600	-69.998	
11	439.700	-69.998	
11	439.800	-69.998	
11	439.900	-69.998	
11	440.000	-69.998	
11	440.100	-69.998	
11	440.200	-69.998	
11	440.300	-69.998	
11	440.400	-69.998	
11	440.500	-69.998	
11	440.600	-69.998	
11	440.700	-69.998	
11	440.800	-69.998	
11	440.900	-69.998	
11	441.000	-69.998	
11	441.100	-69.998	
11	441.200	-69.998	
11	441.300	-69.998	
11	441.400	-69.998	
11	441.500	-69.998	
11	441.600	-69.998	
11	441.700	-69.998	
11	441.800	-69.998	
11	441.900	-69.998	
11	442.000	-69.998	
11	442.100	-69.998	
11	442.200	-69.998	
11	442.300	-69.998	
11	442.400	-69.998	
11	442.500	-69.998	
11	442.600	-69.998	
11	442.700	-69.998	
11	442.800	-69.998	
11	442.900	-69.998	
11	443.000	-69.998	
11	443.100	-69.998	
11	443.200	-69.998	
11	443.300	-69.998	
11	443.400	-69.998	
11	443.500	-69.998	
11	443.600	-69.998	
11	443.700	-69.998	
11	443.800	-69.998	
11	443.900	-69.998	
11	444.000	-69.998	
11	444.100	-69.998	
11	444.200	-69.998	
11	444.300	-69.998	
11	444.400	-69.998	
11	444.500	-69.998	
11	444.600	-69.998	
11	444.700	-69.998	
11	444.800	-69.998	
11	444.900	-69.998	
11	445.000	-69.998	
11	445.100	-69.998	
11	445.200	-69.998	
11	445.300	-69.998	
11	445.400	-69.998	
11	445.500	-69.998	
11	445.600	-69.998	
11	445.700	-69.998	
11	445.800	-69.998	
11	445.900	-69.998	
11	446.000	-69.998	
11	446.100	-69.998	
11	446.200	-69.998	
11	446.300	-69.998	
11	446.400	-69.998	
11	446.500	-69.998	
11	446.600	-69.998	
11	446.700	-69.998	
11	446.800	-69.998	
11	446.900	-69.998	
11	447.000	-69.998	
11	447.100	-69.998	
11	447.200	-69.998	
11	447.300	-69.998	
11	447.400	-69.998	
11	447.500	-69.998	
11	447.600	-69.998	
11	447.700	-69.998	
11	447.800	-69.998	
11	447.900	-69.998	
11	448.000	-69.998	
11	448.100	-69.998	
11	448.200	-69.998	
11	448.300	-69.998	
11	448.400	-69.998	
11	448.500	-69.998	
11	448.600	-69.998	
11	448.700	-69.998	
11	448.800	-69.998	
11	448.900	-69.998	
11	449.000	-69.998	
