6	0.100	-70.000	
6	0.200	-70.000	
6	0.300	-70.000	
6	0.400	-70.000	
6	0.500	-70.000	
6	0.600	-70.000	
6	0.700	-70.000	
6	0.800	-70.000	
6	0.900	-70.000	
6	1.000	-70.000	
6	1.100	-70.000	
6	1.200	-70.000	
6	1.300	-70.000	
6	1.400	-70.000	
6	1.500	-70.000	
6	1.600	-70.000	
6	1.700	-70.000	
6	1.800	-69.999	
6	1.900	-69.999	
6	2.000	-69.999	
6	2.100	-69.999	
6	2.200	-69.999	
6	2.300	-69.999	
6	2.400	-69.999	
6	2.500	-69.999	
6	2.600	-69.999	
6	2.700	-69.999	
6	2.800	-69.999	
6	2.900	-69.999	
6	3.000	-69.999	
6	3.100	-69.999	
6	3.200	-69.999	
6	3.300	-69.999	
6	3.400	-69.999	
6	3.500	-69.999	
6	3.600	-69.999	
6	3.700	-69.999	
6	3.800	-69.999	
6	3.900	-69.999	
6	4.000	-69.999	
6	4.100	-69.999	
6	4.200	-69.999	
6	4.300	-69.999	
6	4.400	-69.999	
6	4.500	-69.999	
6	4.600	-69.999	
6	4.700	-69.999	
6	4.800	-69.999	
6	4.900	-69.999	
6	5.000	-69.999	
6	5.100	-69.999	
6	5.200	-69.999	
6	5.300	-69.999	
6	5.400	-69.999	
6	5.500	-69.999	
6	5.600	-69.999	
6	5.700	-69.999	
6	5.800	-69.999	
6	5.900	-69.999	
6	6.000	-69.999	
6	6.100	-69.999	
6	6.200	-69.999	
6	6.300	-69.999	
6	6.400	-69.999	
6	6.500	-69.999	
6	6.600	-69.999	
6	6.700	-69.999	
6	6.800	-69.999	
6	6.900	-69.999	
6	7.000	-69.999	
6	7.100	-69.999	
6	7.200	-69.999	
6	7.300	-69.999	
6	7.400	-69.999	
6	7.500	-69.999	
6	7.600	-69.999	
6	7.700	-69.999	
6	7.800	-69.999	
6	7.900	-69.999	
6	8.000	-69.999	
6	8.100	-69.999	
6	8.200	-69.999	
6	8.300	-69.999	
6	8.400	-69.999	
6	8.500	-69.999	
6	8.600	-69.999	
6	8.700	-69.999	
6	8.800	-69.999	
6	8.900	-69.999	
6	9.000	-69.999	
6	9.100	-69.999	
6	9.200	-69.999	
6	9.300	-69.999	
6	9.400	-69.999	
6	9.500	-69.999	
6	9.600	-69.999	
6	9.700	-69.999	
6	9.800	-69.999	
6	9.900	-69.998	
6	10.000	-69.998	
6	10.100	-69.998	
6	10.200	-69.998	
6	10.300	-69.998	
6	10.400	-69.998	
6	10.500	-69.998	
6	10.600	-69.998	
6	10.700	-69.998	
6	10.800	-69.998	
6	10.900	-69.998	
6	11.000	-69.998	
6	11.100	-69.998	
6	11.200	-69.998	
6	11.300	-69.998	
6	11.400	-69.998	
6	11.500	-69.998	
6	11.600	-69.998	
6	11.700	-69.998	
6	11.800	-69.998	
6	11.900	-69.998	
6	12.000	-69.998	
6	12.100	-69.998	
6	12.200	-69.998	
6	12.300	-69.998	
6	12.400	-69.998	
6	12.500	-69.998	
6	12.600	-69.998	
6	12.700	-69.998	
6	12.800	-69.998	
6	12.900	-69.998	
6	13.000	-69.998	
6	13.100	-69.998	
6	13.200	-69.998	
6	13.300	-69.998	
6	13.400	-69.998	
6	13.500	-69.998	
6	13.600	-69.998	
6	13.700	-69.998	
6	13.800	-69.998	
6	13.900	-69.998	
6	14.000	-69.998	
6	14.100	-69.998	
6	14.200	-69.998	
6	14.300	-69.998	
6	14.400	-69.998	
6	14.500	-69.998	
6	14.600	-69.998	
6	14.700	-69.998	
6	14.800	-69.998	
6	14.900	-69.998	
6	15.000	-69.998	
6	15.100	-69.998	
6	15.200	-69.998	
6	15.300	-69.998	
6	15.400	-69.998	
6	15.500	-69.998	
6	15.600	-69.998	
6	15.700	-69.998	
6	15.800	-69.998	
6	15.900	-69.998	
6	16.000	-69.998	
6	16.100	-69.998	
6	16.200	-69.998	
6	16.300	-69.998	
6	16.400	-69.998	
6	16.500	-69.998	
6	16.600	-69.998	
6	16.700	-69.998	
6	16.800	-69.998	
6	16.900	-69.998	
6	17.000	-69.998	
6	17.100	-69.998	
6	17.200	-69.998	
6	17.300	-69.998	
6	17.400	-69.998	
6	17.500	-69.998	
6	17.600	-69.998	
6	17.700	-69.998	
6	17.800	-69.998	
6	17.900	-69.998	
6	18.000	-69.998	
6	18.100	-69.998	
6	18.200	-69.998	
6	18.300	-69.998	
6	18.400	-69.998	
6	18.500	-69.998	
6	18.600	-69.998	
6	18.700	-69.998	
6	18.800	-69.998	
6	18.900	-69.998	
6	19.000	-69.998	
6	19.100	-69.998	
6	19.200	-69.998	
6	19.300	-69.998	
6	19.400	-69.998	
6	19.500	-69.998	
6	19.600	-69.998	
6	19.700	-69.998	
6	19.800	-69.998	
6	19.900	-69.998	
6	20.000	-69.998	
6	20.100	-69.998	
6	20.200	-69.998	
6	20.300	-69.998	
6	20.400	-69.998	
6	20.500	-69.998	
6	20.600	-69.998	
6	20.700	-69.998	
6	20.800	-69.998	
6	20.900	-69.998	
6	21.000	-69.998	
6	21.100	-69.998	
6	21.200	-69.998	
6	21.300	-69.998	
6	21.400	-69.998	
6	21.500	-69.998	
6	21.600	-69.998	
6	21.700	-69.998	
6	21.800	-69.998	
6	21.900	-69.998	
6	22.000	-69.998	
6	22.100	-69.998	
6	22.200	-69.998	
6	22.300	-69.998	
6	22.400	-69.998	
6	22.500	-69.998	
6	22.600	-69.998	
6	22.700	-69.998	
6	22.800	-69.998	
6	22.900	-69.998	
6	23.000	-69.998	
6	23.100	-69.998	
6	23.200	-69.998	
6	23.300	-69.998	
6	23.400	-69.998	
6	23.500	-69.998	
6	23.600	-69.998	
6	23.700	-69.998	
6	23.800	-69.998	
6	23.900	-69.998	
6	24.000	-69.998	
6	24.100	-69.998	
6	24.200	-69.998	
6	24.300	-69.998	
6	24.400	-69.998	
6	24.500	-69.998	
6	24.600	-69.998	
6	24.700	-69.998	
6	24.800	-69.998	
6	24.900	-69.998	
6	25.000	-69.998	
6	25.100	-69.998	
6	25.200	-69.998	
6	25.300	-69.998	
6	25.400	-69.998	
6	25.500	-69.998	
6	25.600	-69.998	
6	25.700	-69.998	
6	25.800	-69.998	
6	25.900	-69.998	
6	26.000	-69.998	
6	26.100	-69.998	
6	26.200	-69.998	
6	26.300	-69.998	
6	26.400	-69.998	
6	26.500	-69.998	
6	26.600	-69.998	
6	26.700	-69.998	
6	26.800	-69.998	
6	26.900	-69.998	
6	27.000	-69.998	
6	27.100	-69.998	
6	27.200	-69.998	
6	27.300	-69.998	
6	27.400	-69.998	
6	27.500	-69.998	
6	27.600	-69.998	
6	27.700	-69.998	
6	27.800	-69.998	
6	27.900	-69.998	
6	28.000	-69.998	
6	28.100	-69.998	
6	28.200	-69.998	
6	28.300	-69.998	
6	28.400	-69.998	
6	28.500	-69.998	
6	28.600	-69.998	
6	28.700	-69.998	
6	28.800	-69.998	
6	28.900	-69.998	
6	29.000	-69.998	
6	29.100	-69.998	
6	29.200	-69.998	
6	29.300	-69.998	
6	29.400	-69.998	
6	29.500	-69.998	
6	29.600	-69.998	
6	29.700	-69.998	
6	29.800	-69.998	
6	29.900	-69.998	
6	30.000	-69.998	
6	30.100	-69.998	
6	30.200	-69.998	
6	30.300	-69.998	
6	30.400	-69.998	
6	30.500	-69.998	
6	30.600	-69.998	
6	30.700	-69.998	
6	30.800	-69.998	
6	30.900	-69.998	
6	31.000	-69.998	
6	31.100	-69.998	
6	31.200	-69.998	
6	31.300	-69.998	
6	31.400	-69.998	
6	31.500	-69.998	
6	31.600	-69.998	
6	31.700	-69.998	
6	31.800	-69.998	
6	31.900	-69.998	
6	32.000	-69.998	
6	32.100	-69.998	
6	32.200	-69.998	
6	32.300	-69.998	
6	32.400	-69.998	
6	32.500	-69.998	
6	32.600	-69.998	
6	32.700	-69.998	
6	32.800	-69.998	
6	32.900	-69.998	
6	33.000	-69.998	
6	33.100	-69.998	
6	33.200	-69.998	
6	33.300	-69.998	
6	33.400	-69.998	
6	33.500	-69.998	
6	33.600	-69.998	
6	33.700	-69.998	
6	33.800	-69.998	
6	33.900	-69.998	
6	34.000	-69.998	
6	34.100	-69.998	
6	34.200	-69.998	
6	34.300	-69.998	
6	34.400	-69.998	
6	34.500	-69.998	
6	34.600	-69.998	
6	34.700	-69.998	
6	34.800	-69.998	
6	34.900	-69.998	
6	35.000	-69.998	
6	35.100	-69.998	
6	35.200	-69.998	
6	35.300	-69.998	
6	35.400	-69.998	
6	35.500	-69.998	
6	35.600	-69.998	
6	35.700	-69.998	
6	35.800	-69.998	
6	35.900	-69.998	
6	36.000	-69.998	
6	36.100	-69.998	
6	36.200	-69.998	
6	36.300	-69.998	
6	36.400	-69.998	
6	36.500	-69.998	
6	36.600	-69.998	
6	36.700	-69.998	
6	36.800	-69.998	
6	36.900	-69.998	
6	37.000	-69.998	
6	37.100	-69.998	
6	37.200	-69.998	
6	37.300	-69.998	
6	37.400	-69.998	
6	37.500	-69.998	
6	37.600	-69.998	
6	37.700	-69.998	
6	37.800	-69.998	
6	37.900	-69.998	
6	38.000	-69.998	
6	38.100	-69.998	
6	38.200	-69.998	
6	38.300	-69.998	
6	38.400	-69.998	
6	38.500	-69.998	
6	38.600	-69.998	
6	38.700	-69.998	
6	38.800	-69.998	
6	38.900	-69.998	
6	39.000	-69.998	
6	39.100	-69.998	
6	39.200	-69.998	
6	39.300	-69.998	
6	39.400	-69.998	
6	39.500	-69.998	
6	39.600	-69.998	
6	39.700	-69.998	
6	39.800	-69.998	
6	39.900	-69.998	
6	40.000	-69.998	
6	40.100	-69.998	
6	40.200	-69.998	
6	40.300	-69.998	
6	40.400	-69.998	
6	40.500	-69.998	
6	40.600	-69.998	
6	40.700	-69.998	
6	40.800	-69.998	
6	40.900	-69.998	
6	41.000	-69.998	
6	41.100	-69.998	
6	41.200	-69.998	
6	41.300	-69.998	
6	41.400	-69.998	
6	41.500	-69.998	
6	41.600	-69.998	
6	41.700	-69.998	
6	41.800	-69.998	
6	41.900	-69.998	
6	42.000	-69.998	
6	42.100	-69.998	
6	42.200	-69.998	
6	42.300	-69.998	
6	42.400	-69.998	
6	42.500	-69.998	
6	42.600	-69.998	
6	42.700	-69.998	
6	42.800	-69.998	
6	42.900	-69.998	
6	43.000	-69.998	
6	43.100	-69.998	
6	43.200	-69.998	
6	43.300	-69.998	
6	43.400	-69.998	
6	43.500	-69.998	
6	43.600	-69.998	
6	43.700	-69.998	
6	43.800	-69.998	
6	43.900	-69.998	
6	44.000	-69.998	
6	44.100	-69.998	
6	44.200	-69.998	
6	44.300	-69.998	
6	44.400	-69.998	
6	44.500	-69.998	
6	44.600	-69.998	
6	44.700	-69.998	
6	44.800	-69.998	
6	44.900	-69.998	
6	45.000	-69.998	
6	45.100	-69.998	
6	45.200	-69.998	
6	45.300	-69.998	
6	45.400	-69.998	
6	45.500	-69.998	
6	45.600	-69.998	
6	45.700	-69.998	
6	45.800	-69.998	
6	45.900	-69.998	
6	46.000	-69.998	
6	46.100	-69.998	
6	46.200	-69.998	
6	46.300	-69.998	
6	46.400	-69.998	
6	46.500	-69.998	
6	46.600	-69.998	
6	46.700	-69.998	
6	46.800	-69.998	
6	46.900	-69.998	
6	47.000	-69.998	
6	47.100	-69.998	
6	47.200	-69.998	
6	47.300	-69.998	
6	47.400	-69.998	
6	47.500	-69.998	
6	47.600	-69.998	
6	47.700	-69.998	
6	47.800	-69.998	
6	47.900	-69.998	
6	48.000	-69.998	
6	48.100	-69.998	
6	48.200	-69.998	
6	48.300	-69.998	
6	48.400	-69.998	
6	48.500	-69.998	
6	48.600	-69.998	
6	48.700	-69.998	
6	48.800	-69.998	
6	48.900	-69.998	
6	49.000	-69.998	
6	49.100	-69.998	
6	49.200	-69.998	
6	49.300	-69.998	
6	49.400	-69.998	
6	49.500	-69.998	
6	49.600	-69.998	
6	49.700	-69.998	
6	49.800	-69.998	
6	49.900	-69.998	
6	50.000	-69.998	
6	50.100	-69.998	
6	50.200	-69.998	
6	50.300	-69.998	
6	50.400	-69.998	
6	50.500	-69.998	
6	50.600	-69.998	
6	50.700	-69.998	
6	50.800	-69.998	
6	50.900	-69.998	
6	51.000	-69.998	
6	51.100	-69.998	
6	51.200	-69.998	
6	51.300	-69.998	
6	51.400	-69.998	
6	51.500	-69.998	
6	51.600	-69.998	
6	51.700	-69.998	
6	51.800	-69.998	
6	51.900	-69.998	
6	52.000	-69.998	
6	52.100	-69.998	
6	52.200	-69.998	
6	52.300	-69.998	
6	52.400	-69.998	
6	52.500	-69.998	
6	52.600	-69.998	
6	52.700	-69.998	
6	52.800	-69.998	
6	52.900	-69.998	
6	53.000	-69.998	
6	53.100	-69.998	
6	53.200	-69.998	
6	53.300	-69.998	
6	53.400	-69.998	
6	53.500	-69.998	
6	53.600	-69.998	
6	53.700	-69.998	
6	53.800	-69.998	
6	53.900	-69.998	
6	54.000	-69.998	
6	54.100	-69.998	
6	54.200	-69.998	
6	54.300	-69.998	
6	54.400	-69.998	
6	54.500	-69.998	
6	54.600	-69.998	
6	54.700	-69.998	
6	54.800	-69.998	
6	54.900	-69.998	
6	55.000	-69.998	
6	55.100	-69.998	
6	55.200	-69.998	
6	55.300	-69.998	
6	55.400	-69.998	
6	55.500	-69.998	
6	55.600	-69.998	
6	55.700	-69.998	
6	55.800	-69.998	
6	55.900	-69.998	
6	56.000	-69.998	
6	56.100	-69.998	
6	56.200	-69.998	
6	56.300	-69.998	
6	56.400	-69.998	
6	56.500	-69.998	
6	56.600	-69.998	
6	56.700	-69.998	
6	56.800	-69.998	
6	56.900	-69.998	
6	57.000	-69.998	
6	57.100	-69.998	
6	57.200	-69.998	
6	57.300	-69.998	
6	57.400	-69.998	
6	57.500	-69.998	
6	57.600	-69.998	
6	57.700	-69.998	
6	57.800	-69.998	
6	57.900	-69.998	
6	58.000	-69.998	
6	58.100	-69.998	
6	58.200	-69.998	
6	58.300	-69.998	
6	58.400	-69.998	
6	58.500	-69.998	
6	58.600	-69.998	
6	58.700	-69.998	
6	58.800	-69.998	
6	58.900	-69.998	
6	59.000	-69.998	
6	59.100	-69.998	
6	59.200	-69.998	
6	59.300	-69.998	
6	59.400	-69.998	
6	59.500	-69.998	
6	59.600	-69.998	
6	59.700	-69.998	
6	59.800	-69.998	
6	59.900	-69.998	
6	60.000	-69.998	
6	60.100	-69.998	
6	60.200	-69.998	
6	60.300	-69.998	
6	60.400	-69.998	
6	60.500	-69.998	
6	60.600	-69.998	
6	60.700	-69.998	
6	60.800	-69.998	
6	60.900	-69.998	
6	61.000	-69.998	
6	61.100	-69.998	
6	61.200	-69.998	
6	61.300	-69.998	
6	61.400	-69.998	
6	61.500	-69.998	
6	61.600	-69.998	
6	61.700	-69.998	
6	61.800	-69.998	
6	61.900	-69.998	
6	62.000	-69.998	
6	62.100	-69.998	
6	62.200	-69.998	
6	62.300	-69.998	
6	62.400	-69.998	
6	62.500	-69.998	
6	62.600	-69.998	
6	62.700	-69.998	
6	62.800	-69.998	
6	62.900	-69.998	
6	63.000	-69.998	
6	63.100	-69.998	
6	63.200	-69.998	
6	63.300	-69.998	
6	63.400	-69.998	
6	63.500	-69.998	
6	63.600	-69.998	
6	63.700	-69.998	
6	63.800	-69.998	
6	63.900	-69.998	
6	64.000	-69.998	
6	64.100	-69.998	
6	64.200	-69.998	
6	64.300	-69.998	
6	64.400	-69.998	
6	64.500	-69.998	
6	64.600	-69.998	
6	64.700	-69.998	
6	64.800	-69.998	
6	64.900	-69.998	
6	65.000	-69.998	
6	65.100	-69.998	
6	65.200	-69.998	
6	65.300	-69.998	
6	65.400	-69.998	
6	65.500	-69.998	
6	65.600	-69.998	
6	65.700	-69.998	
6	65.800	-69.998	
6	65.900	-69.998	
6	66.000	-69.998	
6	66.100	-69.998	
6	66.200	-69.998	
6	66.300	-69.998	
6	66.400	-69.998	
6	66.500	-69.998	
6	66.600	-69.998	
6	66.700	-69.998	
6	66.800	-69.998	
6	66.900	-69.998	
6	67.000	-69.998	
6	67.100	-69.998	
6	67.200	-69.998	
6	67.300	-69.998	
6	67.400	-69.998	
6	67.500	-69.998	
6	67.600	-69.998	
6	67.700	-69.998	
6	67.800	-69.998	
6	67.900	-69.998	
6	68.000	-69.998	
6	68.100	-69.998	
6	68.200	-69.998	
6	68.300	-69.998	
6	68.400	-69.998	
6	68.500	-69.998	
6	68.600	-69.998	
6	68.700	-69.998	
6	68.800	-69.998	
6	68.900	-69.998	
6	69.000	-69.998	
6	69.100	-69.998	
6	69.200	-69.998	
6	69.300	-69.998	
6	69.400	-69.998	
6	69.500	-69.998	
6	69.600	-69.998	
6	69.700	-69.998	
6	69.800	-69.998	
6	69.900	-69.998	
6	70.000	-69.998	
6	70.100	-69.998	
6	70.200	-69.998	
6	70.300	-69.998	
6	70.400	-69.998	
6	70.500	-69.998	
6	70.600	-69.998	
6	70.700	-69.998	
6	70.800	-69.998	
6	70.900	-69.998	
6	71.000	-69.998	
6	71.100	-69.998	
6	71.200	-69.998	
6	71.300	-69.998	
6	71.400	-69.998	
6	71.500	-69.998	
6	71.600	-69.998	
6	71.700	-69.998	
6	71.800	-69.998	
6	71.900	-69.998	
6	72.000	-69.998	
6	72.100	-69.998	
6	72.200	-69.998	
6	72.300	-69.998	
6	72.400	-69.998	
6	72.500	-69.998	
6	72.600	-69.998	
6	72.700	-69.998	
6	72.800	-69.998	
6	72.900	-69.998	
6	73.000	-69.998	
6	73.100	-69.998	
6	73.200	-69.998	
6	73.300	-69.998	
6	73.400	-69.998	
6	73.500	-69.998	
6	73.600	-69.998	
6	73.700	-69.998	
6	73.800	-69.998	
6	73.900	-69.998	
6	74.000	-69.998	
6	74.100	-69.998	
6	74.200	-69.998	
6	74.300	-69.998	
6	74.400	-69.998	
6	74.500	-69.998	
6	74.600	-69.998	
6	74.700	-69.998	
6	74.800	-69.998	
6	74.900	-69.998	
6	75.000	-69.998	
6	75.100	-69.998	
6	75.200	-69.998	
6	75.300	-69.998	
6	75.400	-69.998	
6	75.500	-69.998	
6	75.600	-69.998	
6	75.700	-69.998	
6	75.800	-69.998	
6	75.900	-69.998	
6	76.000	-69.998	
6	76.100	-69.998	
6	76.200	-69.998	
6	76.300	-69.998	
6	76.400	-69.998	
6	76.500	-69.998	
6	76.600	-69.998	
6	76.700	-69.998	
6	76.800	-69.998	
6	76.900	-69.998	
6	77.000	-69.998	
6	77.100	-69.998	
6	77.200	-69.998	
6	77.300	-69.998	
6	77.400	-69.998	
6	77.500	-69.998	
6	77.600	-69.998	
6	77.700	-69.998	
6	77.800	-69.998	
6	77.900	-69.998	
6	78.000	-69.998	
6	78.100	-69.998	
6	78.200	-69.998	
6	78.300	-69.998	
6	78.400	-69.998	
6	78.500	-69.998	
6	78.600	-69.998	
6	78.700	-69.998	
6	78.800	-69.998	
6	78.900	-69.998	
6	79.000	-69.998	
6	79.100	-69.998	
6	79.200	-69.998	
6	79.300	-69.998	
6	79.400	-69.998	
6	79.500	-69.998	
6	79.600	-69.998	
6	79.700	-69.998	
6	79.800	-69.998	
6	79.900	-69.998	
6	80.000	-69.998	
6	80.100	-69.998	
6	80.200	-69.998	
6	80.300	-69.998	
6	80.400	-69.998	
6	80.500	-69.998	
6	80.600	-69.998	
6	80.700	-69.998	
6	80.800	-69.998	
6	80.900	-69.998	
6	81.000	-69.998	
6	81.100	-69.998	
6	81.200	-69.998	
6	81.300	-69.998	
6	81.400	-69.998	
6	81.500	-69.998	
6	81.600	-69.998	
6	81.700	-69.998	
6	81.800	-69.998	
6	81.900	-69.998	
6	82.000	-69.998	
6	82.100	-69.998	
6	82.200	-69.998	
6	82.300	-69.998	
6	82.400	-69.998	
6	82.500	-69.998	
6	82.600	-69.998	
6	82.700	-69.998	
6	82.800	-69.998	
6	82.900	-69.998	
6	83.000	-69.998	
6	83.100	-69.998	
6	83.200	-69.998	
6	83.300	-69.998	
6	83.400	-69.998	
6	83.500	-69.998	
6	83.600	-69.998	
6	83.700	-69.998	
6	83.800	-69.998	
6	83.900	-69.998	
6	84.000	-69.998	
6	84.100	-69.998	
6	84.200	-69.998	
6	84.300	-69.998	
6	84.400	-69.998	
6	84.500	-69.998	
6	84.600	-69.998	
6	84.700	-69.998	
6	84.800	-69.998	
6	84.900	-69.998	
6	85.000	-69.998	
6	85.100	-69.998	
6	85.200	-69.998	
6	85.300	-69.998	
6	85.400	-69.998	
6	85.500	-69.998	
6	85.600	-69.998	
6	85.700	-69.998	
6	85.800	-69.998	
6	85.900	-69.998	
6	86.000	-69.998	
6	86.100	-69.998	
6	86.200	-69.998	
6	86.300	-69.998	
6	86.400	-69.998	
6	86.500	-69.998	
6	86.600	-69.998	
6	86.700	-69.998	
6	86.800	-69.998	
6	86.900	-69.998	
6	87.000	-69.998	
6	87.100	-69.998	
6	87.200	-69.998	
6	87.300	-69.998	
6	87.400	-69.998	
6	87.500	-69.998	
6	87.600	-69.998	
6	87.700	-69.998	
6	87.800	-69.998	
6	87.900	-69.998	
6	88.000	-69.998	
6	88.100	-69.998	
6	88.200	-69.998	
6	88.300	-69.998	
6	88.400	-69.998	
6	88.500	-69.998	
6	88.600	-69.998	
6	88.700	-69.998	
6	88.800	-69.998	
6	88.900	-69.998	
6	89.000	-69.998	
6	89.100	-69.998	
6	89.200	-69.998	
6	89.300	-69.998	
6	89.400	-69.998	
6	89.500	-69.998	
6	89.600	-69.998	
6	89.700	-69.998	
6	89.800	-69.998	
6	89.900	-69.998	
6	90.000	-69.998	
6	90.100	-69.998	
6	90.200	-69.998	
6	90.300	-69.998	
6	90.400	-69.998	
6	90.500	-69.998	
6	90.600	-69.998	
6	90.700	-69.998	
6	90.800	-69.998	
6	90.900	-69.998	
6	91.000	-69.998	
6	91.100	-69.998	
6	91.200	-69.998	
6	91.300	-69.998	
6	91.400	-69.998	
6	91.500	-69.998	
6	91.600	-69.998	
6	91.700	-69.998	
6	91.800	-69.998	
6	91.900	-69.998	
6	92.000	-69.998	
6	92.100	-69.998	
6	92.200	-69.998	
6	92.300	-69.998	
6	92.400	-69.998	
6	92.500	-69.998	
6	92.600	-69.998	
6	92.700	-69.998	
6	92.800	-69.998	
6	92.900	-69.998	
6	93.000	-69.998	
6	93.100	-69.998	
6	93.200	-69.998	
6	93.300	-69.998	
6	93.400	-69.998	
6	93.500	-69.998	
6	93.600	-69.998	
6	93.700	-69.998	
6	93.800	-69.998	
6	93.900	-69.998	
6	94.000	-69.998	
6	94.100	-69.998	
6	94.200	-69.998	
6	94.300	-69.998	
6	94.400	-69.998	
6	94.500	-69.998	
6	94.600	-69.998	
6	94.700	-69.998	
6	94.800	-69.998	
6	94.900	-69.998	
6	95.000	-69.998	
6	95.100	-69.998	
6	95.200	-69.998	
6	95.300	-69.998	
6	95.400	-69.998	
6	95.500	-69.998	
6	95.600	-69.998	
6	95.700	-69.998	
6	95.800	-69.998	
6	95.900	-69.998	
6	96.000	-69.998	
6	96.100	-69.998	
6	96.200	-69.998	
6	96.300	-69.998	
6	96.400	-69.998	
6	96.500	-69.998	
6	96.600	-69.998	
6	96.700	-69.998	
6	96.800	-69.998	
6	96.900	-69.998	
6	97.000	-69.998	
6	97.100	-69.998	
6	97.200	-69.998	
6	97.300	-69.998	
6	97.400	-69.998	
6	97.500	-69.998	
6	97.600	-69.998	
6	97.700	-69.998	
6	97.800	-69.998	
6	97.900	-69.998	
6	98.000	-69.998	
6	98.100	-69.998	
6	98.200	-69.998	
6	98.300	-69.998	
6	98.400	-69.998	
6	98.500	-69.998	
6	98.600	-69.998	
6	98.700	-69.998	
6	98.800	-69.998	
6	98.900	-69.998	
6	99.000	-69.998	
6	99.100	-69.998	
6	99.200	-69.998	
6	99.300	-69.998	
6	99.400	-69.998	
6	99.500	-69.998	
6	99.600	-69.998	
6	99.700	-69.998	
6	99.800	-69.998	
6	99.900	-69.998	
6	100.000	-69.998	
6	100.100	-69.998	
6	100.200	-69.998	
6	100.300	-69.998	
6	100.400	-69.998	
6	100.500	-69.998	
6	100.600	-69.998	
6	100.700	-69.998	
6	100.800	-69.998	
6	100.900	-69.998	
6	101.000	-69.998	
6	101.100	-69.998	
6	101.200	-69.998	
6	101.300	-69.998	
6	101.400	-69.998	
6	101.500	-69.998	
6	101.600	-69.998	
6	101.700	-69.998	
6	101.800	-69.998	
6	101.900	-69.998	
6	102.000	-69.998	
6	102.100	-69.998	
6	102.200	-69.998	
6	102.300	-69.998	
6	102.400	-69.998	
6	102.500	-69.998	
6	102.600	-69.998	
6	102.700	-69.998	
6	102.800	-69.998	
6	102.900	-69.998	
6	103.000	-69.998	
6	103.100	-69.998	
6	103.200	-69.998	
6	103.300	-69.998	
6	103.400	-69.998	
6	103.500	-69.998	
6	103.600	-69.998	
6	103.700	-69.998	
6	103.800	-69.998	
6	103.900	-69.998	
6	104.000	-69.998	
6	104.100	-69.998	
6	104.200	-69.998	
6	104.300	-69.998	
6	104.400	-69.998	
6	104.500	-69.998	
6	104.600	-69.998	
6	104.700	-69.998	
6	104.800	-69.998	
6	104.900	-69.998	
6	105.000	-69.998	
6	105.100	-69.998	
6	105.200	-69.998	
6	105.300	-69.998	
6	105.400	-69.998	
6	105.500	-69.998	
6	105.600	-69.998	
6	105.700	-69.998	
6	105.800	-69.998	
6	105.900	-69.998	
6	106.000	-69.998	
6	106.100	-69.998	
6	106.200	-69.998	
6	106.300	-69.998	
6	106.400	-69.998	
6	106.500	-69.998	
6	106.600	-69.998	
6	106.700	-69.998	
6	106.800	-69.998	
6	106.900	-69.998	
6	107.000	-69.998	
6	107.100	-69.998	
6	107.200	-69.998	
6	107.300	-69.998	
6	107.400	-69.998	
6	107.500	-69.998	
6	107.600	-69.998	
6	107.700	-69.998	
6	107.800	-69.998	
6	107.900	-69.998	
6	108.000	-69.998	
6	108.100	-69.998	
6	108.200	-69.998	
6	108.300	-69.998	
6	108.400	-69.998	
6	108.500	-69.998	
6	108.600	-69.998	
6	108.700	-69.998	
6	108.800	-69.998	
6	108.900	-69.998	
6	109.000	-69.998	
6	109.100	-69.998	
6	109.200	-69.998	
6	109.300	-69.998	
6	109.400	-69.998	
6	109.500	-69.998	
6	109.600	-69.998	
6	109.700	-69.998	
6	109.800	-69.998	
6	109.900	-69.998	
6	110.000	-69.998	
6	110.100	-69.998	
6	110.200	-69.998	
6	110.300	-69.998	
6	110.400	-69.998	
6	110.500	-69.998	
6	110.600	-69.998	
6	110.700	-69.998	
6	110.800	-69.998	
6	110.900	-69.998	
6	111.000	-69.998	
6	111.100	-69.998	
6	111.200	-69.998	
6	111.300	-69.998	
6	111.400	-69.998	
6	111.500	-69.998	
6	111.600	-69.998	
6	111.700	-69.998	
6	111.800	-69.998	
6	111.900	-69.998	
6	112.000	-69.998	
6	112.100	-69.998	
6	112.200	-69.998	
6	112.300	-69.998	
6	112.400	-69.998	
6	112.500	-69.998	
6	112.600	-69.998	
6	112.700	-69.998	
6	112.800	-69.998	
6	112.900	-69.998	
6	113.000	-69.998	
6	113.100	-69.998	
6	113.200	-69.998	
6	113.300	-69.998	
6	113.400	-69.998	
6	113.500	-69.998	
6	113.600	-69.998	
6	113.700	-69.998	
6	113.800	-69.998	
6	113.900	-69.998	
6	114.000	-69.998	
6	114.100	-69.998	
6	114.200	-69.998	
6	114.300	-69.998	
6	114.400	-69.998	
6	114.500	-69.998	
6	114.600	-69.998	
6	114.700	-69.998	
6	114.800	-69.998	
6	114.900	-69.998	
6	115.000	-69.998	
6	115.100	-69.998	
6	115.200	-69.998	
6	115.300	-69.998	
6	115.400	-69.998	
6	115.500	-69.998	
6	115.600	-69.998	
6	115.700	-69.998	
6	115.800	-69.998	
6	115.900	-69.998	
6	116.000	-69.998	
6	116.100	-69.998	
6	116.200	-69.998	
6	116.300	-69.998	
6	116.400	-69.998	
6	116.500	-69.998	
6	116.600	-69.998	
6	116.700	-69.998	
6	116.800	-69.998	
6	116.900	-69.998	
6	117.000	-69.998	
6	117.100	-69.998	
6	117.200	-69.998	
6	117.300	-69.998	
6	117.400	-69.998	
6	117.500	-69.998	
6	117.600	-69.998	
6	117.700	-69.998	
6	117.800	-69.998	
6	117.900	-69.998	
6	118.000	-69.998	
6	118.100	-69.998	
6	118.200	-69.998	
6	118.300	-69.998	
6	118.400	-69.998	
6	118.500	-69.998	
6	118.600	-69.998	
6	118.700	-69.998	
6	118.800	-69.998	
6	118.900	-69.998	
6	119.000	-69.998	
6	119.100	-69.998	
6	119.200	-69.998	
6	119.300	-69.998	
6	119.400	-69.998	
6	119.500	-69.998	
6	119.600	-69.998	
6	119.700	-69.998	
6	119.800	-69.998	
6	119.900	-69.998	
6	120.000	-69.998	
6	120.100	-69.998	
6	120.200	-69.998	
6	120.300	-69.998	
6	120.400	-69.998	
6	120.500	-69.998	
6	120.600	-69.998	
6	120.700	-69.998	
6	120.800	-69.998	
6	120.900	-69.998	
6	121.000	-69.998	
6	121.100	-69.998	
6	121.200	-69.998	
6	121.300	-69.998	
6	121.400	-69.998	
6	121.500	-69.998	
6	121.600	-69.998	
6	121.700	-69.998	
6	121.800	-69.998	
6	121.900	-69.998	
6	122.000	-69.998	
6	122.100	-69.998	
6	122.200	-69.998	
6	122.300	-69.998	
6	122.400	-69.998	
6	122.500	-69.998	
6	122.600	-69.998	
6	122.700	-69.998	
6	122.800	-69.998	
6	122.900	-69.998	
6	123.000	-69.998	
6	123.100	-69.998	
6	123.200	-69.998	
6	123.300	-69.998	
6	123.400	-69.998	
6	123.500	-69.998	
6	123.600	-69.998	
6	123.700	-69.998	
6	123.800	-69.998	
6	123.900	-69.998	
6	124.000	-69.998	
6	124.100	-69.998	
6	124.200	-69.998	
6	124.300	-69.998	
6	124.400	-69.998	
6	124.500	-69.998	
6	124.600	-69.998	
6	124.700	-69.998	
6	124.800	-69.998	
6	124.900	-69.998	
6	125.000	-69.998	
6	125.100	-69.998	
6	125.200	-69.998	
6	125.300	-69.998	
6	125.400	-69.998	
6	125.500	-69.998	
6	125.600	-69.998	
6	125.700	-69.998	
6	125.800	-69.998	
6	125.900	-69.998	
6	126.000	-69.998	
6	126.100	-69.998	
6	126.200	-69.998	
6	126.300	-69.998	
6	126.400	-69.998	
6	126.500	-69.998	
6	126.600	-69.998	
6	126.700	-69.998	
6	126.800	-69.998	
6	126.900	-69.998	
6	127.000	-69.998	
6	127.100	-69.998	
6	127.200	-69.998	
6	127.300	-69.998	
6	127.400	-69.998	
6	127.500	-69.998	
6	127.600	-69.998	
6	127.700	-69.998	
6	127.800	-69.998	
6	127.900	-69.998	
6	128.000	-69.998	
6	128.100	-69.998	
6	128.200	-69.998	
6	128.300	-69.998	
6	128.400	-69.998	
6	128.500	-69.998	
6	128.600	-69.998	
6	128.700	-69.998	
6	128.800	-69.998	
6	128.900	-69.998	
6	129.000	-69.998	
6	129.100	-69.998	
6	129.200	-69.998	
6	129.300	-69.998	
6	129.400	-69.998	
6	129.500	-69.998	
6	129.600	-69.998	
6	129.700	-69.998	
6	129.800	-69.998	
6	129.900	-69.998	
6	130.000	-69.998	
6	130.100	-69.998	
6	130.200	-69.998	
6	130.300	-69.998	
6	130.400	-69.998	
6	130.500	-69.998	
6	130.600	-69.998	
6	130.700	-69.998	
6	130.800	-69.998	
6	130.900	-69.998	
6	131.000	-69.998	
6	131.100	-69.998	
6	131.200	-69.998	
6	131.300	-69.998	
6	131.400	-69.998	
6	131.500	-69.998	
6	131.600	-69.998	
6	131.700	-69.998	
6	131.800	-69.998	
6	131.900	-69.998	
6	132.000	-69.998	
6	132.100	-69.998	
6	132.200	-69.998	
6	132.300	-69.998	
6	132.400	-69.998	
6	132.500	-69.998	
6	132.600	-69.998	
6	132.700	-69.998	
6	132.800	-69.998	
6	132.900	-69.998	
6	133.000	-69.998	
6	133.100	-69.998	
6	133.200	-69.998	
6	133.300	-69.998	
6	133.400	-69.998	
6	133.500	-69.998	
6	133.600	-69.998	
6	133.700	-69.998	
6	133.800	-69.998	
6	133.900	-69.998	
6	134.000	-69.998	
6	134.100	-69.998	
6	134.200	-69.998	
6	134.300	-69.998	
6	134.400	-69.998	
6	134.500	-69.998	
6	134.600	-69.998	
6	134.700	-69.998	
6	134.800	-69.998	
6	134.900	-69.998	
6	135.000	-69.998	
6	135.100	-69.998	
6	135.200	-69.998	
6	135.300	-69.998	
6	135.400	-69.998	
6	135.500	-69.998	
6	135.600	-69.998	
6	135.700	-69.998	
6	135.800	-69.998	
6	135.900	-69.998	
6	136.000	-69.998	
6	136.100	-69.998	
6	136.200	-69.998	
6	136.300	-69.998	
6	136.400	-69.998	
6	136.500	-69.998	
6	136.600	-69.998	
6	136.700	-69.998	
6	136.800	-69.998	
6	136.900	-69.998	
6	137.000	-69.998	
6	137.100	-69.998	
6	137.200	-69.998	
6	137.300	-69.998	
6	137.400	-69.998	
6	137.500	-69.998	
6	137.600	-69.998	
6	137.700	-69.998	
6	137.800	-69.998	
6	137.900	-69.998	
6	138.000	-69.998	
6	138.100	-69.998	
6	138.200	-69.998	
6	138.300	-69.998	
6	138.400	-69.998	
6	138.500	-69.998	
6	138.600	-69.998	
6	138.700	-69.998	
6	138.800	-69.998	
6	138.900	-69.998	
6	139.000	-69.998	
6	139.100	-69.998	
6	139.200	-69.998	
6	139.300	-69.998	
6	139.400	-69.998	
6	139.500	-69.998	
6	139.600	-69.998	
6	139.700	-69.998	
6	139.800	-69.998	
6	139.900	-69.998	
6	140.000	-69.998	
6	140.100	-69.998	
6	140.200	-69.998	
6	140.300	-69.998	
6	140.400	-69.998	
6	140.500	-69.998	
6	140.600	-69.998	
6	140.700	-69.998	
6	140.800	-69.998	
6	140.900	-69.998	
6	141.000	-69.998	
6	141.100	-69.998	
6	141.200	-69.998	
6	141.300	-69.998	
6	141.400	-69.998	
6	141.500	-69.998	
6	141.600	-69.998	
6	141.700	-69.998	
6	141.800	-69.998	
6	141.900	-69.998	
6	142.000	-69.998	
6	142.100	-69.998	
6	142.200	-69.998	
6	142.300	-69.998	
6	142.400	-69.998	
6	142.500	-69.998	
6	142.600	-69.998	
6	142.700	-69.998	
6	142.800	-69.998	
6	142.900	-69.998	
6	143.000	-69.998	
6	143.100	-69.998	
6	143.200	-69.998	
6	143.300	-69.998	
6	143.400	-69.998	
6	143.500	-69.998	
6	143.600	-69.998	
6	143.700	-69.998	
6	143.800	-69.998	
6	143.900	-69.998	
6	144.000	-69.998	
6	144.100	-69.998	
6	144.200	-69.998	
6	144.300	-69.998	
6	144.400	-69.998	
6	144.500	-69.998	
6	144.600	-69.998	
6	144.700	-69.998	
6	144.800	-69.998	
6	144.900	-69.998	
6	145.000	-69.998	
6	145.100	-69.998	
6	145.200	-69.998	
6	145.300	-69.998	
6	145.400	-69.998	
6	145.500	-69.998	
6	145.600	-69.998	
6	145.700	-69.998	
6	145.800	-69.998	
6	145.900	-69.998	
6	146.000	-69.998	
6	146.100	-69.998	
6	146.200	-69.998	
6	146.300	-69.998	
6	146.400	-69.998	
6	146.500	-69.998	
6	146.600	-69.998	
6	146.700	-69.998	
6	146.800	-69.998	
6	146.900	-69.998	
6	147.000	-69.998	
6	147.100	-69.998	
6	147.200	-69.998	
6	147.300	-69.998	
6	147.400	-69.998	
6	147.500	-69.998	
6	147.600	-69.998	
6	147.700	-69.998	
6	147.800	-69.998	
6	147.900	-69.998	
6	148.000	-69.998	
6	148.100	-69.998	
6	148.200	-69.998	
6	148.300	-69.998	
6	148.400	-69.998	
6	148.500	-69.998	
6	148.600	-69.998	
6	148.700	-69.998	
6	148.800	-69.998	
6	148.900	-69.998	
6	149.000	-69.998	
6	149.100	-69.998	
6	149.200	-69.998	
6	149.300	-69.998	
6	149.400	-69.998	
6	149.500	-69.998	
6	149.600	-69.998	
6	149.700	-69.998	
6	149.800	-69.998	
6	149.900	-69.998	
6	150.000	-69.998	
6	150.100	-69.998	
6	150.200	-69.998	
6	150.300	-69.998	
6	150.400	-69.998	
6	150.500	-69.998	
6	150.600	-69.998	
6	150.700	-69.998	
6	150.800	-69.998	
6	150.900	-69.998	
6	151.000	-69.998	
6	151.100	-69.998	
6	151.200	-69.998	
6	151.300	-69.998	
6	151.400	-69.998	
6	151.500	-69.998	
6	151.600	-69.998	
6	151.700	-69.998	
6	151.800	-69.998	
6	151.900	-69.998	
6	152.000	-69.998	
6	152.100	-69.998	
6	152.200	-69.998	
6	152.300	-69.998	
6	152.400	-69.998	
6	152.500	-69.998	
6	152.600	-69.998	
6	152.700	-69.998	
6	152.800	-69.998	
6	152.900	-69.998	
6	153.000	-69.998	
6	153.100	-69.998	
6	153.200	-69.998	
6	153.300	-69.998	
6	153.400	-69.998	
6	153.500	-69.998	
6	153.600	-69.998	
6	153.700	-69.998	
6	153.800	-69.998	
6	153.900	-69.998	
6	154.000	-69.998	
6	154.100	-69.998	
6	154.200	-69.998	
6	154.300	-69.998	
6	154.400	-69.998	
6	154.500	-69.998	
6	154.600	-69.998	
6	154.700	-69.998	
6	154.800	-69.998	
6	154.900	-69.998	
6	155.000	-69.998	
6	155.100	-69.998	
6	155.200	-69.998	
6	155.300	-69.998	
6	155.400	-69.998	
6	155.500	-69.998	
6	155.600	-69.998	
6	155.700	-69.998	
6	155.800	-69.998	
6	155.900	-69.998	
6	156.000	-69.998	
6	156.100	-69.998	
6	156.200	-69.998	
6	156.300	-69.998	
6	156.400	-69.998	
6	156.500	-69.998	
6	156.600	-69.998	
6	156.700	-69.998	
6	156.800	-69.998	
6	156.900	-69.998	
6	157.000	-69.998	
6	157.100	-69.998	
6	157.200	-69.998	
6	157.300	-69.998	
6	157.400	-69.998	
6	157.500	-69.998	
6	157.600	-69.998	
6	157.700	-69.998	
6	157.800	-69.998	
6	157.900	-69.998	
6	158.000	-69.998	
6	158.100	-69.998	
6	158.200	-69.998	
6	158.300	-69.998	
6	158.400	-69.998	
6	158.500	-69.998	
6	158.600	-69.998	
6	158.700	-69.998	
6	158.800	-69.998	
6	158.900	-69.998	
6	159.000	-69.998	
6	159.100	-69.998	
6	159.200	-69.998	
6	159.300	-69.998	
6	159.400	-69.998	
6	159.500	-69.998	
6	159.600	-69.998	
6	159.700	-69.998	
6	159.800	-69.998	
6	159.900	-69.998	
6	160.000	-69.998	
6	160.100	-69.998	
6	160.200	-69.998	
6	160.300	-69.998	
6	160.400	-69.998	
6	160.500	-69.998	
6	160.600	-69.998	
6	160.700	-69.998	
6	160.800	-69.998	
6	160.900	-69.998	
6	161.000	-69.998	
6	161.100	-69.998	
6	161.200	-69.998	
6	161.300	-69.998	
6	161.400	-69.998	
6	161.500	-69.998	
6	161.600	-69.998	
6	161.700	-69.998	
6	161.800	-69.998	
6	161.900	-69.998	
6	162.000	-69.998	
6	162.100	-69.998	
6	162.200	-69.998	
6	162.300	-69.998	
6	162.400	-69.998	
6	162.500	-69.998	
6	162.600	-69.998	
6	162.700	-69.998	
6	162.800	-69.998	
6	162.900	-69.998	
6	163.000	-69.998	
6	163.100	-69.998	
6	163.200	-69.998	
6	163.300	-69.998	
6	163.400	-69.998	
6	163.500	-69.998	
6	163.600	-69.998	
6	163.700	-69.998	
6	163.800	-69.998	
6	163.900	-69.998	
6	164.000	-69.998	
6	164.100	-69.998	
6	164.200	-69.998	
6	164.300	-69.998	
6	164.400	-69.998	
6	164.500	-69.998	
6	164.600	-69.998	
6	164.700	-69.998	
6	164.800	-69.998	
6	164.900	-69.998	
6	165.000	-69.998	
6	165.100	-69.998	
6	165.200	-69.998	
6	165.300	-69.998	
6	165.400	-69.998	
6	165.500	-69.998	
6	165.600	-69.998	
6	165.700	-69.998	
6	165.800	-69.998	
6	165.900	-69.998	
6	166.000	-69.998	
6	166.100	-69.998	
6	166.200	-69.998	
6	166.300	-69.998	
6	166.400	-69.998	
6	166.500	-69.998	
6	166.600	-69.998	
6	166.700	-69.998	
6	166.800	-69.998	
6	166.900	-69.998	
6	167.000	-69.998	
6	167.100	-69.998	
6	167.200	-69.998	
6	167.300	-69.998	
6	167.400	-69.998	
6	167.500	-69.998	
6	167.600	-69.998	
6	167.700	-69.998	
6	167.800	-69.998	
6	167.900	-69.998	
6	168.000	-69.998	
6	168.100	-69.998	
6	168.200	-69.998	
6	168.300	-69.998	
6	168.400	-69.998	
6	168.500	-69.998	
6	168.600	-69.998	
6	168.700	-69.998	
6	168.800	-69.998	
6	168.900	-69.998	
6	169.000	-69.998	
6	169.100	-69.998	
6	169.200	-69.998	
6	169.300	-69.998	
6	169.400	-69.998	
6	169.500	-69.998	
6	169.600	-69.998	
6	169.700	-69.998	
6	169.800	-69.998	
6	169.900	-69.998	
6	170.000	-69.998	
6	170.100	-69.998	
6	170.200	-69.998	
6	170.300	-69.998	
6	170.400	-69.998	
6	170.500	-69.998	
6	170.600	-69.998	
6	170.700	-69.998	
6	170.800	-69.998	
6	170.900	-69.998	
6	171.000	-69.998	
6	171.100	-69.998	
6	171.200	-69.998	
6	171.300	-69.998	
6	171.400	-69.998	
6	171.500	-69.998	
6	171.600	-69.998	
6	171.700	-69.998	
6	171.800	-69.998	
6	171.900	-69.998	
6	172.000	-69.998	
6	172.100	-69.998	
6	172.200	-69.998	
6	172.300	-69.998	
6	172.400	-69.998	
6	172.500	-69.998	
6	172.600	-69.998	
6	172.700	-69.998	
6	172.800	-69.998	
6	172.900	-69.998	
6	173.000	-69.998	
6	173.100	-69.998	
6	173.200	-69.998	
6	173.300	-69.998	
6	173.400	-69.998	
6	173.500	-69.998	
6	173.600	-69.998	
6	173.700	-69.998	
6	173.800	-69.998	
6	173.900	-69.998	
6	174.000	-69.998	
6	174.100	-69.998	
6	174.200	-69.998	
6	174.300	-69.998	
6	174.400	-69.998	
6	174.500	-69.998	
6	174.600	-69.998	
6	174.700	-69.998	
6	174.800	-69.998	
6	174.900	-69.998	
6	175.000	-69.998	
6	175.100	-69.998	
6	175.200	-69.998	
6	175.300	-69.998	
6	175.400	-69.998	
6	175.500	-69.998	
6	175.600	-69.998	
6	175.700	-69.998	
6	175.800	-69.998	
6	175.900	-69.998	
6	176.000	-69.998	
6	176.100	-69.998	
6	176.200	-69.998	
6	176.300	-69.998	
6	176.400	-69.998	
6	176.500	-69.998	
6	176.600	-69.998	
6	176.700	-69.998	
6	176.800	-69.998	
6	176.900	-69.998	
6	177.000	-69.998	
6	177.100	-69.998	
6	177.200	-69.998	
6	177.300	-69.998	
6	177.400	-69.998	
6	177.500	-69.998	
6	177.600	-69.998	
6	177.700	-69.998	
6	177.800	-69.998	
6	177.900	-69.998	
6	178.000	-69.998	
6	178.100	-69.998	
6	178.200	-69.998	
6	178.300	-69.998	
6	178.400	-69.998	
6	178.500	-69.998	
6	178.600	-69.998	
6	178.700	-69.998	
6	178.800	-69.998	
6	178.900	-69.998	
6	179.000	-69.998	
6	179.100	-69.998	
6	179.200	-69.998	
6	179.300	-69.998	
6	179.400	-69.998	
6	179.500	-69.998	
6	179.600	-69.998	
6	179.700	-69.998	
6	179.800	-69.998	
6	179.900	-69.998	
6	180.000	-69.998	
6	180.100	-69.998	
6	180.200	-69.998	
6	180.300	-69.998	
6	180.400	-69.998	
6	180.500	-69.998	
6	180.600	-69.998	
6	180.700	-69.998	
6	180.800	-69.998	
6	180.900	-69.998	
6	181.000	-69.998	
6	181.100	-69.998	
6	181.200	-69.998	
6	181.300	-69.998	
6	181.400	-69.998	
6	181.500	-69.998	
6	181.600	-69.998	
6	181.700	-69.998	
6	181.800	-69.998	
6	181.900	-69.998	
6	182.000	-69.998	
6	182.100	-69.998	
6	182.200	-69.998	
6	182.300	-69.998	
6	182.400	-69.998	
6	182.500	-69.998	
6	182.600	-69.998	
6	182.700	-69.998	
6	182.800	-69.998	
6	182.900	-69.998	
6	183.000	-69.998	
6	183.100	-69.998	
6	183.200	-69.998	
6	183.300	-69.998	
6	183.400	-69.998	
6	183.500	-69.998	
6	183.600	-69.998	
6	183.700	-69.998	
6	183.800	-69.998	
6	183.900	-69.998	
6	184.000	-69.998	
6	184.100	-69.998	
6	184.200	-69.998	
6	184.300	-69.998	
6	184.400	-69.998	
6	184.500	-69.998	
6	184.600	-69.998	
6	184.700	-69.998	
6	184.800	-69.998	
6	184.900	-69.998	
6	185.000	-69.998	
6	185.100	-69.998	
6	185.200	-69.998	
6	185.300	-69.998	
6	185.400	-69.998	
6	185.500	-69.998	
6	185.600	-69.998	
6	185.700	-69.998	
6	185.800	-69.998	
6	185.900	-69.998	
6	186.000	-69.998	
6	186.100	-69.998	
6	186.200	-69.998	
6	186.300	-69.998	
6	186.400	-69.998	
6	186.500	-69.998	
6	186.600	-69.998	
6	186.700	-69.998	
6	186.800	-69.998	
6	186.900	-69.998	
6	187.000	-69.998	
6	187.100	-69.998	
6	187.200	-69.998	
6	187.300	-69.998	
6	187.400	-69.998	
6	187.500	-69.998	
6	187.600	-69.998	
6	187.700	-69.998	
6	187.800	-69.998	
6	187.900	-69.998	
6	188.000	-69.998	
6	188.100	-69.998	
6	188.200	-69.998	
6	188.300	-69.998	
6	188.400	-69.998	
6	188.500	-69.998	
6	188.600	-69.998	
6	188.700	-69.998	
6	188.800	-69.998	
6	188.900	-69.998	
6	189.000	-69.998	
6	189.100	-69.998	
6	189.200	-69.998	
6	189.300	-69.998	
6	189.400	-69.998	
6	189.500	-69.998	
6	189.600	-69.998	
6	189.700	-69.998	
6	189.800	-69.998	
6	189.900	-69.998	
6	190.000	-69.998	
6	190.100	-69.998	
6	190.200	-69.998	
6	190.300	-69.998	
6	190.400	-69.998	
6	190.500	-69.998	
6	190.600	-69.998	
6	190.700	-69.998	
6	190.800	-69.998	
6	190.900	-69.998	
6	191.000	-69.998	
6	191.100	-69.998	
6	191.200	-69.998	
6	191.300	-69.998	
6	191.400	-69.998	
6	191.500	-69.998	
6	191.600	-69.998	
6	191.700	-69.998	
6	191.800	-69.998	
6	191.900	-69.998	
6	192.000	-69.998	
6	192.100	-69.998	
6	192.200	-69.998	
6	192.300	-69.998	
6	192.400	-69.998	
6	192.500	-69.998	
6	192.600	-69.998	
6	192.700	-69.998	
6	192.800	-69.998	
6	192.900	-69.998	
6	193.000	-69.998	
6	193.100	-69.998	
6	193.200	-69.998	
6	193.300	-69.998	
6	193.400	-69.998	
6	193.500	-69.998	
6	193.600	-69.998	
6	193.700	-69.998	
6	193.800	-69.998	
6	193.900	-69.998	
6	194.000	-69.998	
6	194.100	-69.998	
6	194.200	-69.998	
6	194.300	-69.998	
6	194.400	-69.998	
6	194.500	-69.998	
6	194.600	-69.998	
6	194.700	-69.998	
6	194.800	-69.998	
6	194.900	-69.998	
6	195.000	-69.998	
6	195.100	-69.998	
6	195.200	-69.998	
6	195.300	-69.998	
6	195.400	-69.998	
6	195.500	-69.998	
6	195.600	-69.998	
6	195.700	-69.998	
6	195.800	-69.998	
6	195.900	-69.998	
6	196.000	-69.998	
6	196.100	-69.998	
6	196.200	-69.998	
6	196.300	-69.998	
6	196.400	-69.998	
6	196.500	-69.998	
6	196.600	-69.998	
6	196.700	-69.998	
6	196.800	-69.998	
6	196.900	-69.998	
6	197.000	-69.998	
6	197.100	-69.998	
6	197.200	-69.998	
6	197.300	-69.998	
6	197.400	-69.998	
6	197.500	-69.998	
6	197.600	-69.998	
6	197.700	-69.998	
6	197.800	-69.998	
6	197.900	-69.998	
6	198.000	-69.998	
6	198.100	-69.998	
6	198.200	-69.998	
6	198.300	-69.998	
6	198.400	-69.998	
6	198.500	-69.998	
6	198.600	-69.998	
6	198.700	-69.998	
6	198.800	-69.998	
6	198.900	-69.998	
6	199.000	-69.998	
6	199.100	-69.998	
6	199.200	-69.998	
6	199.300	-69.998	
6	199.400	-69.998	
6	199.500	-69.998	
6	199.600	-69.998	
6	199.700	-69.998	
6	199.800	-69.998	
6	199.900	-69.998	
6	200.000	-69.998	
6	200.100	-69.998	
6	200.200	-69.998	
6	200.300	-69.998	
6	200.400	-69.998	
6	200.500	-69.998	
6	200.600	-69.998	
6	200.700	-69.998	
6	200.800	-69.998	
6	200.900	-69.998	
6	201.000	-69.998	
6	201.100	-69.998	
6	201.200	-69.998	
6	201.300	-69.998	
6	201.400	-69.998	
6	201.500	-69.998	
6	201.600	-69.998	
6	201.700	-69.998	
6	201.800	-69.998	
6	201.900	-69.998	
6	202.000	-69.998	
6	202.100	-69.998	
6	202.200	-69.998	
6	202.300	-69.998	
6	202.400	-69.998	
6	202.500	-69.998	
6	202.600	-69.998	
6	202.700	-69.998	
6	202.800	-69.998	
6	202.900	-69.998	
6	203.000	-69.998	
6	203.100	-69.998	
6	203.200	-69.998	
6	203.300	-69.998	
6	203.400	-69.998	
6	203.500	-69.998	
6	203.600	-69.998	
6	203.700	-69.998	
6	203.800	-69.998	
6	203.900	-69.998	
6	204.000	-69.998	
6	204.100	-69.998	
6	204.200	-69.998	
6	204.300	-69.998	
6	204.400	-69.998	
6	204.500	-69.998	
6	204.600	-69.998	
6	204.700	-69.998	
6	204.800	-69.998	
6	204.900	-69.998	
6	205.000	-69.998	
6	205.100	-69.998	
6	205.200	-69.998	
6	205.300	-69.998	
6	205.400	-69.998	
6	205.500	-69.998	
6	205.600	-69.998	
6	205.700	-69.998	
6	205.800	-69.998	
6	205.900	-69.998	
6	206.000	-69.998	
6	206.100	-69.998	
6	206.200	-69.998	
6	206.300	-69.998	
6	206.400	-69.998	
6	206.500	-69.998	
6	206.600	-69.998	
6	206.700	-69.998	
6	206.800	-69.998	
6	206.900	-69.998	
6	207.000	-69.998	
6	207.100	-69.998	
6	207.200	-69.998	
6	207.300	-69.998	
6	207.400	-69.998	
6	207.500	-69.998	
6	207.600	-69.998	
6	207.700	-69.998	
6	207.800	-69.998	
6	207.900	-69.998	
6	208.000	-69.998	
6	208.100	-69.998	
6	208.200	-69.998	
6	208.300	-69.998	
6	208.400	-69.998	
6	208.500	-69.998	
6	208.600	-69.998	
6	208.700	-69.998	
6	208.800	-69.998	
6	208.900	-69.998	
6	209.000	-69.998	
6	209.100	-69.998	
6	209.200	-69.998	
6	209.300	-69.998	
6	209.400	-69.998	
6	209.500	-69.998	
6	209.600	-69.998	
6	209.700	-69.998	
6	209.800	-69.998	
6	209.900	-69.998	
6	210.000	-69.998	
6	210.100	-69.998	
6	210.200	-69.998	
6	210.300	-69.998	
6	210.400	-69.998	
6	210.500	-69.998	
6	210.600	-69.998	
6	210.700	-69.998	
6	210.800	-69.998	
6	210.900	-69.998	
6	211.000	-69.998	
6	211.100	-69.998	
6	211.200	-69.998	
6	211.300	-69.998	
6	211.400	-69.998	
6	211.500	-69.998	
6	211.600	-69.998	
6	211.700	-69.998	
6	211.800	-69.998	
6	211.900	-69.998	
6	212.000	-69.998	
6	212.100	-69.998	
6	212.200	-69.998	
6	212.300	-69.998	
6	212.400	-69.998	
6	212.500	-69.998	
6	212.600	-69.998	
6	212.700	-69.998	
6	212.800	-69.998	
6	212.900	-69.998	
6	213.000	-69.998	
6	213.100	-69.998	
6	213.200	-69.998	
6	213.300	-69.998	
6	213.400	-69.998	
6	213.500	-69.998	
6	213.600	-69.998	
6	213.700	-69.998	
6	213.800	-69.998	
6	213.900	-69.998	
6	214.000	-69.998	
6	214.100	-69.998	
6	214.200	-69.998	
6	214.300	-69.998	
6	214.400	-69.998	
6	214.500	-69.998	
6	214.600	-69.998	
6	214.700	-69.998	
6	214.800	-69.998	
6	214.900	-69.998	
6	215.000	-69.998	
6	215.100	-69.998	
6	215.200	-69.998	
6	215.300	-69.998	
6	215.400	-69.998	
6	215.500	-69.998	
6	215.600	-69.998	
6	215.700	-69.998	
6	215.800	-69.998	
6	215.900	-69.998	
6	216.000	-69.998	
6	216.100	-69.998	
6	216.200	-69.998	
6	216.300	-69.998	
6	216.400	-69.998	
6	216.500	-69.998	
6	216.600	-69.998	
6	216.700	-69.998	
6	216.800	-69.998	
6	216.900	-69.998	
6	217.000	-69.998	
6	217.100	-69.998	
6	217.200	-69.998	
6	217.300	-69.998	
6	217.400	-69.998	
6	217.500	-69.998	
6	217.600	-69.998	
6	217.700	-69.998	
6	217.800	-69.998	
6	217.900	-69.998	
6	218.000	-69.998	
6	218.100	-69.998	
6	218.200	-69.998	
6	218.300	-69.998	
6	218.400	-69.998	
6	218.500	-69.998	
6	218.600	-69.998	
6	218.700	-69.998	
6	218.800	-69.998	
6	218.900	-69.998	
6	219.000	-69.998	
6	219.100	-69.998	
6	219.200	-69.998	
6	219.300	-69.998	
6	219.400	-69.998	
6	219.500	-69.998	
6	219.600	-69.998	
6	219.700	-69.998	
6	219.800	-69.998	
6	219.900	-69.998	
6	220.000	-69.998	
6	220.100	-69.998	
6	220.200	-69.998	
6	220.300	-69.998	
6	220.400	-69.998	
6	220.500	-69.998	
6	220.600	-69.998	
6	220.700	-69.998	
6	220.800	-69.998	
6	220.900	-69.998	
6	221.000	-69.998	
6	221.100	-69.998	
6	221.200	-69.998	
6	221.300	-69.998	
6	221.400	-69.998	
6	221.500	-69.998	
6	221.600	-69.998	
6	221.700	-69.998	
6	221.800	-69.998	
6	221.900	-69.998	
6	222.000	-69.998	
6	222.100	-69.998	
6	222.200	-69.998	
6	222.300	-69.998	
6	222.400	-69.998	
6	222.500	-69.998	
6	222.600	-69.998	
6	222.700	-69.998	
6	222.800	-69.998	
6	222.900	-69.998	
6	223.000	-69.998	
6	223.100	-69.998	
6	223.200	-69.998	
6	223.300	-69.998	
6	223.400	-69.998	
6	223.500	-69.998	
6	223.600	-69.998	
6	223.700	-69.998	
6	223.800	-69.998	
6	223.900	-69.998	
6	224.000	-69.998	
6	224.100	-69.998	
6	224.200	-69.998	
6	224.300	-69.998	
6	224.400	-69.998	
6	224.500	-69.998	
6	224.600	-69.998	
6	224.700	-69.998	
6	224.800	-69.998	
6	224.900	-69.998	
6	225.000	-69.998	
6	225.100	-69.998	
6	225.200	-69.998	
6	225.300	-69.998	
6	225.400	-69.998	
6	225.500	-69.998	
6	225.600	-69.998	
6	225.700	-69.998	
6	225.800	-69.998	
6	225.900	-69.998	
6	226.000	-69.998	
6	226.100	-69.998	
6	226.200	-69.998	
6	226.300	-69.998	
6	226.400	-69.998	
6	226.500	-69.998	
6	226.600	-69.998	
6	226.700	-69.998	
6	226.800	-69.998	
6	226.900	-69.998	
6	227.000	-69.998	
6	227.100	-69.998	
6	227.200	-69.998	
6	227.300	-69.998	
6	227.400	-69.998	
6	227.500	-69.998	
6	227.600	-69.998	
6	227.700	-69.998	
6	227.800	-69.998	
6	227.900	-69.998	
6	228.000	-69.998	
6	228.100	-69.998	
6	228.200	-69.998	
6	228.300	-69.998	
6	228.400	-69.998	
6	228.500	-69.998	
6	228.600	-69.998	
6	228.700	-69.998	
6	228.800	-69.998	
6	228.900	-69.998	
6	229.000	-69.998	
6	229.100	-69.998	
6	229.200	-69.998	
6	229.300	-69.998	
6	229.400	-69.998	
6	229.500	-69.998	
6	229.600	-69.998	
6	229.700	-69.998	
6	229.800	-69.998	
6	229.900	-69.998	
6	230.000	-69.998	
6	230.100	-69.998	
6	230.200	-69.998	
6	230.300	-69.998	
6	230.400	-69.998	
6	230.500	-69.998	
6	230.600	-69.998	
6	230.700	-69.998	
6	230.800	-69.998	
6	230.900	-69.998	
6	231.000	-69.998	
6	231.100	-69.998	
6	231.200	-69.998	
6	231.300	-69.998	
6	231.400	-69.998	
6	231.500	-69.998	
6	231.600	-69.998	
6	231.700	-69.998	
6	231.800	-69.998	
6	231.900	-69.998	
6	232.000	-69.998	
6	232.100	-69.998	
6	232.200	-69.998	
6	232.300	-69.998	
6	232.400	-69.998	
6	232.500	-69.998	
6	232.600	-69.998	
6	232.700	-69.998	
6	232.800	-69.998	
6	232.900	-69.998	
6	233.000	-69.998	
6	233.100	-69.998	
6	233.200	-69.998	
6	233.300	-69.998	
6	233.400	-69.998	
6	233.500	-69.998	
6	233.600	-69.998	
6	233.700	-69.998	
6	233.800	-69.998	
6	233.900	-69.998	
6	234.000	-69.998	
6	234.100	-69.998	
6	234.200	-69.998	
6	234.300	-69.998	
6	234.400	-69.998	
6	234.500	-69.998	
6	234.600	-69.998	
6	234.700	-69.998	
6	234.800	-69.998	
6	234.900	-69.998	
6	235.000	-69.998	
6	235.100	-69.998	
6	235.200	-69.998	
6	235.300	-69.998	
6	235.400	-69.998	
6	235.500	-69.998	
6	235.600	-69.998	
6	235.700	-69.998	
6	235.800	-69.998	
6	235.900	-69.998	
6	236.000	-69.998	
6	236.100	-69.998	
6	236.200	-69.998	
6	236.300	-69.998	
6	236.400	-69.998	
6	236.500	-69.998	
6	236.600	-69.998	
6	236.700	-69.998	
6	236.800	-69.998	
6	236.900	-69.998	
6	237.000	-69.998	
6	237.100	-69.998	
6	237.200	-69.998	
6	237.300	-69.998	
6	237.400	-69.998	
6	237.500	-69.998	
6	237.600	-69.998	
6	237.700	-69.998	
6	237.800	-69.998	
6	237.900	-69.998	
6	238.000	-69.998	
6	238.100	-69.998	
6	238.200	-69.998	
6	238.300	-69.998	
6	238.400	-69.998	
6	238.500	-69.998	
6	238.600	-69.998	
6	238.700	-69.998	
6	238.800	-69.998	
6	238.900	-69.998	
6	239.000	-69.998	
6	239.100	-69.998	
6	239.200	-69.998	
6	239.300	-69.998	
6	239.400	-69.998	
6	239.500	-69.998	
6	239.600	-69.998	
6	239.700	-69.998	
6	239.800	-69.998	
6	239.900	-69.998	
6	240.000	-69.998	
6	240.100	-69.998	
6	240.200	-69.998	
6	240.300	-69.998	
6	240.400	-69.998	
6	240.500	-69.998	
6	240.600	-69.998	
6	240.700	-69.998	
6	240.800	-69.998	
6	240.900	-69.998	
6	241.000	-69.998	
6	241.100	-69.998	
6	241.200	-69.998	
6	241.300	-69.998	
6	241.400	-69.998	
6	241.500	-69.998	
6	241.600	-69.998	
6	241.700	-69.998	
6	241.800	-69.998	
6	241.900	-69.998	
6	242.000	-69.998	
6	242.100	-69.998	
6	242.200	-69.998	
6	242.300	-69.998	
6	242.400	-69.998	
6	242.500	-69.998	
6	242.600	-69.998	
6	242.700	-69.998	
6	242.800	-69.998	
6	242.900	-69.998	
6	243.000	-69.998	
6	243.100	-69.998	
6	243.200	-69.998	
6	243.300	-69.998	
6	243.400	-69.998	
6	243.500	-69.998	
6	243.600	-69.998	
6	243.700	-69.998	
6	243.800	-69.998	
6	243.900	-69.998	
6	244.000	-69.998	
6	244.100	-69.998	
6	244.200	-69.998	
6	244.300	-69.998	
6	244.400	-69.998	
6	244.500	-69.998	
6	244.600	-69.998	
6	244.700	-69.998	
6	244.800	-69.998	
6	244.900	-69.998	
6	245.000	-69.998	
6	245.100	-69.998	
6	245.200	-69.998	
6	245.300	-69.998	
6	245.400	-69.998	
6	245.500	-69.998	
6	245.600	-69.998	
6	245.700	-69.998	
6	245.800	-69.998	
6	245.900	-69.998	
6	246.000	-69.998	
6	246.100	-69.998	
6	246.200	-69.998	
6	246.300	-69.998	
6	246.400	-69.998	
6	246.500	-69.998	
6	246.600	-69.998	
6	246.700	-69.998	
6	246.800	-69.998	
6	246.900	-69.998	
6	247.000	-69.998	
6	247.100	-69.998	
6	247.200	-69.998	
6	247.300	-69.998	
6	247.400	-69.998	
6	247.500	-69.998	
6	247.600	-69.998	
6	247.700	-69.998	
6	247.800	-69.998	
6	247.900	-69.998	
6	248.000	-69.998	
6	248.100	-69.998	
6	248.200	-69.998	
6	248.300	-69.998	
6	248.400	-69.998	
6	248.500	-69.998	
6	248.600	-69.998	
6	248.700	-69.998	
6	248.800	-69.998	
6	248.900	-69.998	
6	249.000	-69.998	
6	249.100	-69.998	
6	249.200	-69.998	
6	249.300	-69.998	
6	249.400	-69.998	
6	249.500	-69.998	
6	249.600	-69.998	
6	249.700	-69.998	
6	249.800	-69.998	
6	249.900	-69.998	
6	250.000	-69.998	
6	250.100	-69.998	
6	250.200	-69.998	
6	250.300	-69.998	
6	250.400	-69.998	
6	250.500	-69.998	
6	250.600	-69.998	
6	250.700	-69.998	
6	250.800	-69.998	
6	250.900	-69.998	
6	251.000	-69.998	
6	251.100	-69.998	
6	251.200	-69.998	
6	251.300	-69.998	
6	251.400	-69.998	
6	251.500	-69.998	
6	251.600	-69.998	
6	251.700	-69.998	
6	251.800	-69.998	
6	251.900	-69.998	
6	252.000	-69.998	
6	252.100	-69.998	
6	252.200	-69.998	
6	252.300	-69.998	
6	252.400	-69.998	
6	252.500	-69.998	
6	252.600	-69.998	
6	252.700	-69.998	
6	252.800	-69.998	
6	252.900	-69.998	
6	253.000	-69.998	
6	253.100	-69.998	
6	253.200	-69.998	
6	253.300	-69.998	
6	253.400	-69.998	
6	253.500	-69.998	
6	253.600	-69.998	
6	253.700	-69.998	
6	253.800	-69.998	
6	253.900	-69.998	
6	254.000	-69.998	
6	254.100	-69.998	
6	254.200	-69.998	
6	254.300	-69.998	
6	254.400	-69.998	
6	254.500	-69.998	
6	254.600	-69.998	
6	254.700	-69.998	
6	254.800	-69.998	
6	254.900	-69.998	
6	255.000	-69.998	
6	255.100	-69.998	
6	255.200	-69.998	
6	255.300	-69.998	
6	255.400	-69.998	
6	255.500	-69.998	
6	255.600	-69.998	
6	255.700	-69.998	
6	255.800	-69.998	
6	255.900	-69.998	
6	256.000	-69.998	
6	256.100	-69.998	
6	256.200	-69.998	
6	256.300	-69.998	
6	256.400	-69.998	
6	256.500	-69.998	
6	256.600	-69.998	
6	256.700	-69.998	
6	256.800	-69.998	
6	256.900	-69.998	
6	257.000	-69.998	
6	257.100	-69.998	
6	257.200	-69.998	
6	257.300	-69.998	
6	257.400	-69.998	
6	257.500	-69.998	
6	257.600	-69.998	
6	257.700	-69.998	
6	257.800	-69.998	
6	257.900	-69.998	
6	258.000	-69.998	
6	258.100	-69.998	
6	258.200	-69.998	
6	258.300	-69.998	
6	258.400	-69.998	
6	258.500	-69.998	
6	258.600	-69.998	
6	258.700	-69.998	
6	258.800	-69.998	
6	258.900	-69.998	
6	259.000	-69.998	
6	259.100	-69.998	
6	259.200	-69.998	
6	259.300	-69.998	
6	259.400	-69.998	
6	259.500	-69.998	
6	259.600	-69.998	
6	259.700	-69.998	
6	259.800	-69.998	
6	259.900	-69.998	
6	260.000	-69.998	
6	260.100	-69.998	
6	260.200	-69.998	
6	260.300	-69.998	
6	260.400	-69.998	
6	260.500	-69.998	
6	260.600	-69.998	
6	260.700	-69.998	
6	260.800	-69.998	
6	260.900	-69.998	
6	261.000	-69.998	
6	261.100	-69.998	
6	261.200	-69.998	
6	261.300	-69.998	
6	261.400	-69.998	
6	261.500	-69.998	
6	261.600	-69.998	
6	261.700	-69.998	
6	261.800	-69.998	
6	261.900	-69.998	
6	262.000	-69.998	
6	262.100	-69.998	
6	262.200	-69.998	
6	262.300	-69.998	
6	262.400	-69.998	
6	262.500	-69.998	
6	262.600	-69.998	
6	262.700	-69.998	
6	262.800	-69.998	
6	262.900	-69.998	
6	263.000	-69.998	
6	263.100	-69.998	
6	263.200	-69.998	
6	263.300	-69.998	
6	263.400	-69.998	
6	263.500	-69.998	
6	263.600	-69.998	
6	263.700	-69.998	
6	263.800	-69.998	
6	263.900	-69.998	
6	264.000	-69.998	
6	264.100	-69.998	
6	264.200	-69.998	
6	264.300	-69.998	
6	264.400	-69.998	
6	264.500	-69.998	
6	264.600	-69.998	
6	264.700	-69.998	
6	264.800	-69.998	
6	264.900	-69.998	
6	265.000	-69.998	
6	265.100	-69.998	
6	265.200	-69.998	
6	265.300	-69.998	
6	265.400	-69.998	
6	265.500	-69.998	
6	265.600	-69.998	
6	265.700	-69.998	
6	265.800	-69.998	
6	265.900	-69.998	
6	266.000	-69.998	
6	266.100	-69.998	
6	266.200	-69.998	
6	266.300	-69.998	
6	266.400	-69.998	
6	266.500	-69.998	
6	266.600	-69.998	
6	266.700	-69.998	
6	266.800	-69.998	
6	266.900	-69.998	
6	267.000	-69.998	
6	267.100	-69.998	
6	267.200	-69.998	
6	267.300	-69.998	
6	267.400	-69.998	
6	267.500	-69.998	
6	267.600	-69.998	
6	267.700	-69.998	
6	267.800	-69.998	
6	267.900	-69.998	
6	268.000	-69.998	
6	268.100	-69.998	
6	268.200	-69.998	
6	268.300	-69.998	
6	268.400	-69.998	
6	268.500	-69.998	
6	268.600	-69.998	
6	268.700	-69.998	
6	268.800	-69.998	
6	268.900	-69.998	
6	269.000	-69.998	
6	269.100	-69.998	
6	269.200	-69.998	
6	269.300	-69.998	
6	269.400	-69.998	
6	269.500	-69.998	
6	269.600	-69.998	
6	269.700	-69.998	
6	269.800	-69.998	
6	269.900	-69.998	
6	270.000	-69.998	
6	270.100	-69.998	
6	270.200	-69.998	
6	270.300	-69.998	
6	270.400	-69.998	
6	270.500	-69.998	
6	270.600	-69.998	
6	270.700	-69.998	
6	270.800	-69.998	
6	270.900	-69.998	
6	271.000	-69.998	
6	271.100	-69.998	
6	271.200	-69.998	
6	271.300	-69.998	
6	271.400	-69.998	
6	271.500	-69.998	
6	271.600	-69.998	
6	271.700	-69.998	
6	271.800	-69.998	
6	271.900	-69.998	
6	272.000	-69.998	
6	272.100	-69.998	
6	272.200	-69.998	
6	272.300	-69.998	
6	272.400	-69.998	
6	272.500	-69.998	
6	272.600	-69.998	
6	272.700	-69.998	
6	272.800	-69.998	
6	272.900	-69.998	
6	273.000	-69.998	
6	273.100	-69.998	
6	273.200	-69.998	
6	273.300	-69.998	
6	273.400	-69.998	
6	273.500	-69.998	
6	273.600	-69.998	
6	273.700	-69.998	
6	273.800	-69.998	
6	273.900	-69.998	
6	274.000	-69.998	
6	274.100	-69.998	
6	274.200	-69.998	
6	274.300	-69.998	
6	274.400	-69.998	
6	274.500	-69.998	
6	274.600	-69.998	
6	274.700	-69.998	
6	274.800	-69.998	
6	274.900	-69.998	
6	275.000	-69.998	
6	275.100	-69.998	
6	275.200	-69.998	
6	275.300	-69.998	
6	275.400	-69.998	
6	275.500	-69.998	
6	275.600	-69.998	
6	275.700	-69.998	
6	275.800	-69.998	
6	275.900	-69.998	
6	276.000	-69.998	
6	276.100	-69.998	
6	276.200	-69.998	
6	276.300	-69.998	
6	276.400	-69.998	
6	276.500	-69.998	
6	276.600	-69.998	
6	276.700	-69.998	
6	276.800	-69.998	
6	276.900	-69.998	
6	277.000	-69.998	
6	277.100	-69.998	
6	277.200	-69.998	
6	277.300	-69.998	
6	277.400	-69.998	
6	277.500	-69.998	
6	277.600	-69.998	
6	277.700	-69.998	
6	277.800	-69.998	
6	277.900	-69.998	
6	278.000	-69.998	
6	278.100	-69.998	
6	278.200	-69.998	
6	278.300	-69.998	
6	278.400	-69.998	
6	278.500	-69.998	
6	278.600	-69.998	
6	278.700	-69.998	
6	278.800	-69.998	
6	278.900	-69.998	
6	279.000	-69.998	
6	279.100	-69.998	
6	279.200	-69.998	
6	279.300	-69.998	
6	279.400	-69.998	
6	279.500	-69.998	
6	279.600	-69.998	
6	279.700	-69.998	
6	279.800	-69.998	
6	279.900	-69.998	
6	280.000	-69.998	
6	280.100	-69.998	
6	280.200	-69.998	
6	280.300	-69.998	
6	280.400	-69.998	
6	280.500	-69.998	
6	280.600	-69.998	
6	280.700	-69.998	
6	280.800	-69.998	
6	280.900	-69.998	
6	281.000	-69.998	
6	281.100	-69.998	
6	281.200	-69.998	
6	281.300	-69.998	
6	281.400	-69.998	
6	281.500	-69.998	
6	281.600	-69.998	
6	281.700	-69.998	
6	281.800	-69.998	
6	281.900	-69.998	
6	282.000	-69.998	
6	282.100	-69.998	
6	282.200	-69.998	
6	282.300	-69.998	
6	282.400	-69.998	
6	282.500	-69.998	
6	282.600	-69.998	
6	282.700	-69.998	
6	282.800	-69.998	
6	282.900	-69.998	
6	283.000	-69.998	
6	283.100	-69.998	
6	283.200	-69.998	
6	283.300	-69.998	
6	283.400	-69.998	
6	283.500	-69.998	
6	283.600	-69.998	
6	283.700	-69.998	
6	283.800	-69.998	
6	283.900	-69.998	
6	284.000	-69.998	
6	284.100	-69.998	
6	284.200	-69.998	
6	284.300	-69.998	
6	284.400	-69.998	
6	284.500	-69.998	
6	284.600	-69.998	
6	284.700	-69.998	
6	284.800	-69.998	
6	284.900	-69.998	
6	285.000	-69.998	
6	285.100	-69.998	
6	285.200	-69.998	
6	285.300	-69.998	
6	285.400	-69.998	
6	285.500	-69.998	
6	285.600	-69.998	
6	285.700	-69.998	
6	285.800	-69.998	
6	285.900	-69.998	
6	286.000	-69.998	
6	286.100	-69.998	
6	286.200	-69.998	
6	286.300	-69.998	
6	286.400	-69.998	
6	286.500	-69.998	
6	286.600	-69.998	
6	286.700	-69.998	
6	286.800	-69.998	
6	286.900	-69.998	
6	287.000	-69.998	
6	287.100	-69.998	
6	287.200	-69.998	
6	287.300	-69.998	
6	287.400	-69.998	
6	287.500	-69.998	
6	287.600	-69.998	
6	287.700	-69.998	
6	287.800	-69.998	
6	287.900	-69.998	
6	288.000	-69.998	
6	288.100	-69.998	
6	288.200	-69.998	
6	288.300	-69.998	
6	288.400	-69.998	
6	288.500	-69.998	
6	288.600	-69.998	
6	288.700	-69.998	
6	288.800	-69.998	
6	288.900	-69.998	
6	289.000	-69.998	
6	289.100	-69.998	
6	289.200	-69.998	
6	289.300	-69.998	
6	289.400	-69.998	
6	289.500	-69.998	
6	289.600	-69.998	
6	289.700	-69.998	
6	289.800	-69.998	
6	289.900	-69.998	
6	290.000	-69.998	
6	290.100	-69.998	
6	290.200	-69.998	
6	290.300	-69.998	
6	290.400	-69.998	
6	290.500	-69.998	
6	290.600	-69.998	
6	290.700	-69.998	
6	290.800	-69.998	
6	290.900	-69.998	
6	291.000	-69.998	
6	291.100	-69.998	
6	291.200	-69.998	
6	291.300	-69.998	
6	291.400	-69.998	
6	291.500	-69.998	
6	291.600	-69.998	
6	291.700	-69.998	
6	291.800	-69.998	
6	291.900	-69.998	
6	292.000	-69.998	
6	292.100	-69.998	
6	292.200	-69.998	
6	292.300	-69.998	
6	292.400	-69.998	
6	292.500	-69.998	
6	292.600	-69.998	
6	292.700	-69.998	
6	292.800	-69.998	
6	292.900	-69.998	
6	293.000	-69.998	
6	293.100	-69.998	
6	293.200	-69.998	
6	293.300	-69.998	
6	293.400	-69.998	
6	293.500	-69.998	
6	293.600	-69.998	
6	293.700	-69.998	
6	293.800	-69.998	
6	293.900	-69.998	
6	294.000	-69.998	
6	294.100	-69.998	
6	294.200	-69.998	
6	294.300	-69.998	
6	294.400	-69.998	
6	294.500	-69.998	
6	294.600	-69.998	
6	294.700	-69.998	
6	294.800	-69.998	
6	294.900	-69.998	
6	295.000	-69.998	
6	295.100	-69.998	
6	295.200	-69.998	
6	295.300	-69.998	
6	295.400	-69.998	
6	295.500	-69.998	
6	295.600	-69.998	
6	295.700	-69.998	
6	295.800	-69.998	
6	295.900	-69.998	
6	296.000	-69.998	
6	296.100	-69.998	
6	296.200	-69.998	
6	296.300	-69.998	
6	296.400	-69.998	
6	296.500	-69.998	
6	296.600	-69.998	
6	296.700	-69.998	
6	296.800	-69.998	
6	296.900	-69.998	
6	297.000	-69.998	
6	297.100	-69.998	
6	297.200	-69.998	
6	297.300	-69.998	
6	297.400	-69.998	
6	297.500	-69.998	
6	297.600	-69.998	
6	297.700	-69.998	
6	297.800	-69.998	
6	297.900	-69.998	
6	298.000	-69.998	
6	298.100	-69.998	
6	298.200	-69.998	
6	298.300	-69.998	
6	298.400	-69.998	
6	298.500	-69.998	
6	298.600	-69.998	
6	298.700	-69.998	
6	298.800	-69.998	
6	298.900	-69.998	
6	299.000	-69.998	
6	299.100	-69.998	
6	299.200	-69.998	
6	299.300	-69.998	
6	299.400	-69.998	
6	299.500	-69.998	
6	299.600	-69.998	
6	299.700	-69.998	
6	299.800	-69.998	
6	299.900	-69.998	
6	300.000	-69.998	
6	300.100	-69.998	
6	300.200	-69.998	
6	300.300	-69.998	
6	300.400	-69.998	
6	300.500	-69.998	
6	300.600	-69.998	
6	300.700	-69.998	
6	300.800	-69.998	
6	300.900	-69.998	
6	301.000	-69.998	
6	301.100	-69.998	
6	301.200	-69.998	
6	301.300	-69.998	
6	301.400	-69.998	
6	301.500	-69.998	
6	301.600	-69.998	
6	301.700	-69.998	
6	301.800	-69.998	
6	301.900	-69.998	
6	302.000	-69.998	
6	302.100	-69.998	
6	302.200	-69.998	
6	302.300	-69.998	
6	302.400	-69.998	
6	302.500	-69.998	
6	302.600	-69.998	
6	302.700	-69.998	
6	302.800	-69.998	
6	302.900	-69.998	
6	303.000	-69.998	
6	303.100	-69.998	
6	303.200	-69.998	
6	303.300	-69.998	
6	303.400	-69.998	
6	303.500	-69.998	
6	303.600	-69.998	
6	303.700	-69.998	
6	303.800	-69.998	
6	303.900	-69.998	
6	304.000	-69.998	
6	304.100	-69.998	
6	304.200	-69.998	
6	304.300	-69.998	
6	304.400	-69.998	
6	304.500	-69.998	
6	304.600	-69.998	
6	304.700	-69.998	
6	304.800	-69.998	
6	304.900	-69.998	
6	305.000	-69.998	
6	305.100	-69.998	
6	305.200	-69.998	
6	305.300	-69.998	
6	305.400	-69.998	
6	305.500	-69.998	
6	305.600	-69.998	
6	305.700	-69.998	
6	305.800	-69.998	
6	305.900	-69.998	
6	306.000	-69.998	
6	306.100	-69.998	
6	306.200	-69.998	
6	306.300	-69.998	
6	306.400	-69.998	
6	306.500	-69.998	
6	306.600	-69.998	
6	306.700	-69.998	
6	306.800	-69.998	
6	306.900	-69.998	
6	307.000	-69.998	
6	307.100	-69.998	
6	307.200	-69.998	
6	307.300	-69.998	
6	307.400	-69.998	
6	307.500	-69.998	
6	307.600	-69.998	
6	307.700	-69.998	
6	307.800	-69.998	
6	307.900	-69.998	
6	308.000	-69.998	
6	308.100	-69.998	
6	308.200	-69.998	
6	308.300	-69.998	
6	308.400	-69.998	
6	308.500	-69.998	
6	308.600	-69.998	
6	308.700	-69.998	
6	308.800	-69.998	
6	308.900	-69.998	
6	309.000	-69.998	
6	309.100	-69.998	
6	309.200	-69.998	
6	309.300	-69.998	
6	309.400	-69.998	
6	309.500	-69.998	
6	309.600	-69.998	
6	309.700	-69.998	
6	309.800	-69.998	
6	309.900	-69.998	
6	310.000	-69.998	
6	310.100	-69.998	
6	310.200	-69.998	
6	310.300	-69.998	
6	310.400	-69.998	
6	310.500	-69.998	
6	310.600	-69.998	
6	310.700	-69.998	
6	310.800	-69.998	
6	310.900	-69.998	
6	311.000	-69.998	
6	311.100	-69.998	
6	311.200	-69.998	
6	311.300	-69.998	
6	311.400	-69.998	
6	311.500	-69.998	
6	311.600	-69.998	
6	311.700	-69.998	
6	311.800	-69.998	
6	311.900	-69.998	
6	312.000	-69.998	
6	312.100	-69.998	
6	312.200	-69.998	
6	312.300	-69.998	
6	312.400	-69.998	
6	312.500	-69.998	
6	312.600	-69.998	
6	312.700	-69.998	
6	312.800	-69.998	
6	312.900	-69.998	
6	313.000	-69.998	
6	313.100	-69.998	
6	313.200	-69.998	
6	313.300	-69.998	
6	313.400	-69.998	
6	313.500	-69.998	
6	313.600	-69.998	
6	313.700	-69.998	
6	313.800	-69.998	
6	313.900	-69.998	
6	314.000	-69.998	
6	314.100	-69.998	
6	314.200	-69.998	
6	314.300	-69.998	
6	314.400	-69.998	
6	314.500	-69.998	
6	314.600	-69.998	
6	314.700	-69.998	
6	314.800	-69.998	
6	314.900	-69.998	
6	315.000	-69.998	
6	315.100	-69.998	
6	315.200	-69.998	
6	315.300	-69.998	
6	315.400	-69.998	
6	315.500	-69.998	
6	315.600	-69.998	
6	315.700	-69.998	
6	315.800	-69.998	
6	315.900	-69.998	
6	316.000	-69.998	
6	316.100	-69.998	
6	316.200	-69.998	
6	316.300	-69.998	
6	316.400	-69.998	
6	316.500	-69.998	
6	316.600	-69.998	
6	316.700	-69.998	
6	316.800	-69.998	
6	316.900	-69.998	
6	317.000	-69.998	
6	317.100	-69.998	
6	317.200	-69.998	
6	317.300	-69.998	
6	317.400	-69.998	
6	317.500	-69.998	
6	317.600	-69.998	
6	317.700	-69.998	
6	317.800	-69.998	
6	317.900	-69.998	
6	318.000	-69.998	
6	318.100	-69.998	
6	318.200	-69.998	
6	318.300	-69.998	
6	318.400	-69.998	
6	318.500	-69.998	
6	318.600	-69.998	
6	318.700	-69.998	
6	318.800	-69.998	
6	318.900	-69.998	
6	319.000	-69.998	
6	319.100	-69.998	
6	319.200	-69.998	
6	319.300	-69.998	
6	319.400	-69.998	
6	319.500	-69.998	
6	319.600	-69.998	
6	319.700	-69.998	
6	319.800	-69.998	
6	319.900	-69.998	
6	320.000	-69.998	
6	320.100	-69.998	
6	320.200	-69.998	
6	320.300	-69.998	
6	320.400	-69.998	
6	320.500	-69.998	
6	320.600	-69.998	
6	320.700	-69.998	
6	320.800	-69.998	
6	320.900	-69.998	
6	321.000	-69.998	
6	321.100	-69.998	
6	321.200	-69.998	
6	321.300	-69.998	
6	321.400	-69.998	
6	321.500	-69.998	
6	321.600	-69.998	
6	321.700	-69.998	
6	321.800	-69.998	
6	321.900	-69.998	
6	322.000	-69.998	
6	322.100	-69.998	
6	322.200	-69.998	
6	322.300	-69.998	
6	322.400	-69.998	
6	322.500	-69.998	
6	322.600	-69.998	
6	322.700	-69.998	
6	322.800	-69.998	
6	322.900	-69.998	
6	323.000	-69.998	
6	323.100	-69.998	
6	323.200	-69.998	
6	323.300	-69.998	
6	323.400	-69.998	
6	323.500	-69.998	
6	323.600	-69.998	
6	323.700	-69.998	
6	323.800	-69.998	
6	323.900	-69.998	
6	324.000	-69.998	
6	324.100	-69.998	
6	324.200	-69.998	
6	324.300	-69.998	
6	324.400	-69.998	
6	324.500	-69.998	
6	324.600	-69.998	
6	324.700	-69.998	
6	324.800	-69.998	
6	324.900	-69.998	
6	325.000	-69.998	
6	325.100	-69.998	
6	325.200	-69.998	
6	325.300	-69.998	
6	325.400	-69.998	
6	325.500	-69.998	
6	325.600	-69.998	
6	325.700	-69.998	
6	325.800	-69.998	
6	325.900	-69.998	
6	326.000	-69.998	
6	326.100	-69.998	
6	326.200	-69.998	
6	326.300	-69.998	
6	326.400	-69.998	
6	326.500	-69.998	
6	326.600	-69.998	
6	326.700	-69.998	
6	326.800	-69.998	
6	326.900	-69.998	
6	327.000	-69.998	
6	327.100	-69.998	
6	327.200	-69.998	
6	327.300	-69.998	
6	327.400	-69.998	
6	327.500	-69.998	
6	327.600	-69.998	
6	327.700	-69.998	
6	327.800	-69.998	
6	327.900	-69.998	
6	328.000	-69.998	
6	328.100	-69.998	
6	328.200	-69.998	
6	328.300	-69.998	
6	328.400	-69.998	
6	328.500	-69.998	
6	328.600	-69.998	
6	328.700	-69.998	
6	328.800	-69.998	
6	328.900	-69.998	
6	329.000	-69.998	
6	329.100	-69.998	
6	329.200	-69.998	
6	329.300	-69.998	
6	329.400	-69.998	
6	329.500	-69.998	
6	329.600	-69.998	
6	329.700	-69.998	
6	329.800	-69.998	
6	329.900	-69.998	
6	330.000	-69.998	
6	330.100	-69.998	
6	330.200	-69.998	
6	330.300	-69.998	
6	330.400	-69.998	
6	330.500	-69.998	
6	330.600	-69.998	
6	330.700	-69.998	
6	330.800	-69.998	
6	330.900	-69.998	
6	331.000	-69.998	
6	331.100	-69.998	
6	331.200	-69.998	
6	331.300	-69.998	
6	331.400	-69.998	
6	331.500	-69.998	
6	331.600	-69.998	
6	331.700	-69.998	
6	331.800	-69.998	
6	331.900	-69.998	
6	332.000	-69.998	
6	332.100	-69.998	
6	332.200	-69.998	
6	332.300	-69.998	
6	332.400	-69.998	
6	332.500	-69.998	
6	332.600	-69.998	
6	332.700	-69.998	
6	332.800	-69.998	
6	332.900	-69.998	
6	333.000	-69.998	
6	333.100	-69.998	
6	333.200	-69.998	
6	333.300	-69.998	
6	333.400	-69.998	
6	333.500	-69.998	
6	333.600	-69.998	
6	333.700	-69.998	
6	333.800	-69.998	
6	333.900	-69.998	
6	334.000	-69.998	
6	334.100	-69.998	
6	334.200	-69.998	
6	334.300	-69.998	
6	334.400	-69.998	
6	334.500	-69.998	
6	334.600	-69.998	
6	334.700	-69.998	
6	334.800	-69.998	
6	334.900	-69.998	
6	335.000	-69.998	
6	335.100	-69.998	
6	335.200	-69.998	
6	335.300	-69.998	
6	335.400	-69.998	
6	335.500	-69.998	
6	335.600	-69.998	
6	335.700	-69.998	
6	335.800	-69.998	
6	335.900	-69.998	
6	336.000	-69.998	
6	336.100	-69.998	
6	336.200	-69.998	
6	336.300	-69.998	
6	336.400	-69.998	
6	336.500	-69.998	
6	336.600	-69.998	
6	336.700	-69.998	
6	336.800	-69.998	
6	336.900	-69.998	
6	337.000	-69.998	
6	337.100	-69.998	
6	337.200	-69.998	
6	337.300	-69.998	
6	337.400	-69.998	
6	337.500	-69.998	
6	337.600	-69.998	
6	337.700	-69.998	
6	337.800	-69.998	
6	337.900	-69.998	
6	338.000	-69.998	
6	338.100	-69.998	
6	338.200	-69.998	
6	338.300	-69.998	
6	338.400	-69.998	
6	338.500	-69.998	
6	338.600	-69.998	
6	338.700	-69.998	
6	338.800	-69.998	
6	338.900	-69.998	
6	339.000	-69.998	
6	339.100	-69.998	
6	339.200	-69.998	
6	339.300	-69.998	
6	339.400	-69.998	
6	339.500	-69.998	
6	339.600	-69.998	
6	339.700	-69.998	
6	339.800	-69.998	
6	339.900	-69.998	
6	340.000	-69.998	
6	340.100	-69.998	
6	340.200	-69.998	
6	340.300	-69.998	
6	340.400	-69.998	
6	340.500	-69.998	
6	340.600	-69.998	
6	340.700	-69.998	
6	340.800	-69.998	
6	340.900	-69.998	
6	341.000	-69.998	
6	341.100	-69.998	
6	341.200	-69.998	
6	341.300	-69.998	
6	341.400	-69.998	
6	341.500	-69.998	
6	341.600	-69.998	
6	341.700	-69.998	
6	341.800	-69.998	
6	341.900	-69.998	
6	342.000	-69.998	
6	342.100	-69.998	
6	342.200	-69.998	
6	342.300	-69.998	
6	342.400	-69.998	
6	342.500	-69.998	
6	342.600	-69.998	
6	342.700	-69.998	
6	342.800	-69.998	
6	342.900	-69.998	
6	343.000	-69.998	
6	343.100	-69.998	
6	343.200	-69.998	
6	343.300	-69.998	
6	343.400	-69.998	
6	343.500	-69.998	
6	343.600	-69.998	
6	343.700	-69.998	
6	343.800	-69.998	
6	343.900	-69.998	
6	344.000	-69.998	
6	344.100	-69.998	
6	344.200	-69.998	
6	344.300	-69.998	
6	344.400	-69.998	
6	344.500	-69.998	
6	344.600	-69.998	
6	344.700	-69.998	
6	344.800	-69.998	
6	344.900	-69.998	
6	345.000	-69.998	
6	345.100	-69.998	
6	345.200	-69.998	
6	345.300	-69.998	
6	345.400	-69.998	
6	345.500	-69.998	
6	345.600	-69.998	
6	345.700	-69.998	
6	345.800	-69.998	
6	345.900	-69.998	
6	346.000	-69.998	
6	346.100	-69.998	
6	346.200	-69.998	
6	346.300	-69.998	
6	346.400	-69.998	
6	346.500	-69.998	
6	346.600	-69.998	
6	346.700	-69.998	
6	346.800	-69.998	
6	346.900	-69.998	
6	347.000	-69.998	
6	347.100	-69.998	
6	347.200	-69.998	
6	347.300	-69.998	
6	347.400	-69.998	
6	347.500	-69.998	
6	347.600	-69.998	
6	347.700	-69.998	
6	347.800	-69.998	
6	347.900	-69.998	
6	348.000	-69.998	
6	348.100	-69.998	
6	348.200	-69.998	
6	348.300	-69.998	
6	348.400	-69.998	
6	348.500	-69.998	
6	348.600	-69.998	
6	348.700	-69.998	
6	348.800	-69.998	
6	348.900	-69.998	
6	349.000	-69.998	
6	349.100	-69.998	
6	349.200	-69.998	
6	349.300	-69.998	
6	349.400	-69.998	
6	349.500	-69.998	
6	349.600	-69.998	
6	349.700	-69.998	
6	349.800	-69.998	
6	349.900	-69.998	
6	350.000	-69.998	
6	350.100	-69.998	
6	350.200	-69.998	
6	350.300	-69.998	
6	350.400	-69.998	
6	350.500	-69.998	
6	350.600	-69.998	
6	350.700	-69.998	
6	350.800	-69.998	
6	350.900	-69.998	
6	351.000	-69.998	
6	351.100	-69.998	
6	351.200	-69.998	
6	351.300	-69.998	
6	351.400	-69.998	
6	351.500	-69.998	
6	351.600	-69.998	
6	351.700	-69.998	
6	351.800	-69.998	
6	351.900	-69.998	
6	352.000	-69.998	
6	352.100	-69.998	
6	352.200	-69.998	
6	352.300	-69.998	
6	352.400	-69.998	
6	352.500	-69.998	
6	352.600	-69.998	
6	352.700	-69.998	
6	352.800	-69.998	
6	352.900	-69.998	
6	353.000	-69.998	
6	353.100	-69.998	
6	353.200	-69.998	
6	353.300	-69.998	
6	353.400	-69.998	
6	353.500	-69.998	
6	353.600	-69.998	
6	353.700	-69.998	
6	353.800	-69.998	
6	353.900	-69.998	
6	354.000	-69.998	
6	354.100	-69.998	
6	354.200	-69.998	
6	354.300	-69.998	
6	354.400	-69.998	
6	354.500	-69.998	
6	354.600	-69.998	
6	354.700	-69.998	
6	354.800	-69.998	
6	354.900	-69.998	
6	355.000	-69.998	
6	355.100	-69.998	
6	355.200	-69.998	
6	355.300	-69.998	
6	355.400	-69.998	
6	355.500	-69.998	
6	355.600	-69.998	
6	355.700	-69.998	
6	355.800	-69.998	
6	355.900	-69.998	
6	356.000	-69.998	
6	356.100	-69.998	
6	356.200	-69.998	
6	356.300	-69.998	
6	356.400	-69.998	
6	356.500	-69.998	
6	356.600	-69.998	
6	356.700	-69.998	
6	356.800	-69.998	
6	356.900	-69.998	
6	357.000	-69.998	
6	357.100	-69.998	
6	357.200	-69.998	
6	357.300	-69.998	
6	357.400	-69.998	
6	357.500	-69.998	
6	357.600	-69.998	
6	357.700	-69.998	
6	357.800	-69.998	
6	357.900	-69.998	
6	358.000	-69.998	
6	358.100	-69.998	
6	358.200	-69.998	
6	358.300	-69.998	
6	358.400	-69.998	
6	358.500	-69.998	
6	358.600	-69.998	
6	358.700	-69.998	
6	358.800	-69.998	
6	358.900	-69.998	
6	359.000	-69.998	
6	359.100	-69.998	
6	359.200	-69.998	
6	359.300	-69.998	
6	359.400	-69.998	
6	359.500	-69.998	
6	359.600	-69.998	
6	359.700	-69.998	
6	359.800	-69.998	
6	359.900	-69.998	
6	360.000	-69.998	
6	360.100	-69.998	
6	360.200	-69.998	
6	360.300	-69.998	
6	360.400	-69.998	
6	360.500	-69.998	
6	360.600	-69.998	
6	360.700	-69.998	
6	360.800	-69.998	
6	360.900	-69.998	
6	361.000	-69.998	
6	361.100	-69.998	
6	361.200	-69.998	
6	361.300	-69.998	
6	361.400	-69.998	
6	361.500	-69.998	
6	361.600	-69.998	
6	361.700	-69.998	
6	361.800	-69.998	
6	361.900	-69.998	
6	362.000	-69.998	
6	362.100	-69.998	
6	362.200	-69.998	
6	362.300	-69.998	
6	362.400	-69.998	
6	362.500	-69.998	
6	362.600	-69.998	
6	362.700	-69.998	
6	362.800	-69.998	
6	362.900	-69.998	
6	363.000	-69.998	
6	363.100	-69.998	
6	363.200	-69.998	
6	363.300	-69.998	
6	363.400	-69.998	
6	363.500	-69.998	
6	363.600	-69.998	
6	363.700	-69.998	
6	363.800	-69.998	
6	363.900	-69.998	
6	364.000	-69.998	
6	364.100	-69.998	
6	364.200	-69.998	
6	364.300	-69.998	
6	364.400	-69.998	
6	364.500	-69.998	
6	364.600	-69.998	
6	364.700	-69.998	
6	364.800	-69.998	
6	364.900	-69.998	
6	365.000	-69.998	
6	365.100	-69.998	
6	365.200	-69.998	
6	365.300	-69.998	
6	365.400	-69.998	
6	365.500	-69.998	
6	365.600	-69.998	
6	365.700	-69.998	
6	365.800	-69.998	
6	365.900	-69.998	
6	366.000	-69.998	
6	366.100	-69.998	
6	366.200	-69.998	
6	366.300	-69.998	
6	366.400	-69.998	
6	366.500	-69.998	
6	366.600	-69.998	
6	366.700	-69.998	
6	366.800	-69.998	
6	366.900	-69.998	
6	367.000	-69.998	
6	367.100	-69.998	
6	367.200	-69.998	
6	367.300	-69.998	
6	367.400	-69.998	
6	367.500	-69.998	
6	367.600	-69.998	
6	367.700	-69.998	
6	367.800	-69.998	
6	367.900	-69.998	
6	368.000	-69.998	
6	368.100	-69.998	
6	368.200	-69.998	
6	368.300	-69.998	
6	368.400	-69.998	
6	368.500	-69.998	
6	368.600	-69.998	
6	368.700	-69.998	
6	368.800	-69.998	
6	368.900	-69.998	
6	369.000	-69.998	
6	369.100	-69.998	
6	369.200	-69.998	
6	369.300	-69.998	
6	369.400	-69.998	
6	369.500	-69.998	
6	369.600	-69.998	
6	369.700	-69.998	
6	369.800	-69.998	
6	369.900	-69.998	
6	370.000	-69.998	
6	370.100	-69.998	
6	370.200	-69.998	
6	370.300	-69.998	
6	370.400	-69.998	
6	370.500	-69.998	
6	370.600	-69.998	
6	370.700	-69.998	
6	370.800	-69.998	
6	370.900	-69.998	
6	371.000	-69.998	
6	371.100	-69.998	
6	371.200	-69.998	
6	371.300	-69.998	
6	371.400	-69.998	
6	371.500	-69.998	
6	371.600	-69.998	
6	371.700	-69.998	
6	371.800	-69.998	
6	371.900	-69.998	
6	372.000	-69.998	
6	372.100	-69.998	
6	372.200	-69.998	
6	372.300	-69.998	
6	372.400	-69.998	
6	372.500	-69.998	
6	372.600	-69.998	
6	372.700	-69.998	
6	372.800	-69.998	
6	372.900	-69.998	
6	373.000	-69.998	
6	373.100	-69.998	
6	373.200	-69.998	
6	373.300	-69.998	
6	373.400	-69.998	
6	373.500	-69.998	
6	373.600	-69.998	
6	373.700	-69.998	
6	373.800	-69.998	
6	373.900	-69.998	
6	374.000	-69.998	
6	374.100	-69.998	
6	374.200	-69.998	
6	374.300	-69.998	
6	374.400	-69.998	
6	374.500	-69.998	
6	374.600	-69.998	
6	374.700	-69.998	
6	374.800	-69.998	
6	374.900	-69.998	
6	375.000	-69.998	
6	375.100	-69.998	
6	375.200	-69.998	
6	375.300	-69.998	
6	375.400	-69.998	
6	375.500	-69.998	
6	375.600	-69.998	
6	375.700	-69.998	
6	375.800	-69.998	
6	375.900	-69.998	
6	376.000	-69.998	
6	376.100	-69.998	
6	376.200	-69.998	
6	376.300	-69.998	
6	376.400	-69.998	
6	376.500	-69.998	
6	376.600	-69.998	
6	376.700	-69.998	
6	376.800	-69.998	
6	376.900	-69.998	
6	377.000	-69.998	
6	377.100	-69.998	
6	377.200	-69.998	
6	377.300	-69.998	
6	377.400	-69.998	
6	377.500	-69.998	
6	377.600	-69.998	
6	377.700	-69.998	
6	377.800	-69.998	
6	377.900	-69.998	
6	378.000	-69.998	
6	378.100	-69.998	
6	378.200	-69.998	
6	378.300	-69.998	
6	378.400	-69.998	
6	378.500	-69.998	
6	378.600	-69.998	
6	378.700	-69.998	
6	378.800	-69.998	
6	378.900	-69.998	
6	379.000	-69.998	
6	379.100	-69.998	
6	379.200	-69.998	
6	379.300	-69.998	
6	379.400	-69.998	
6	379.500	-69.998	
6	379.600	-69.998	
6	379.700	-69.998	
6	379.800	-69.998	
6	379.900	-69.998	
6	380.000	-69.998	
6	380.100	-69.998	
6	380.200	-69.998	
6	380.300	-69.998	
6	380.400	-69.998	
6	380.500	-69.998	
6	380.600	-69.998	
6	380.700	-69.998	
6	380.800	-69.998	
6	380.900	-69.998	
6	381.000	-69.998	
6	381.100	-69.998	
6	381.200	-69.998	
6	381.300	-69.998	
6	381.400	-69.998	
6	381.500	-69.998	
6	381.600	-69.998	
6	381.700	-69.998	
6	381.800	-69.998	
6	381.900	-69.998	
6	382.000	-69.998	
6	382.100	-69.998	
6	382.200	-69.998	
6	382.300	-69.998	
6	382.400	-69.998	
6	382.500	-69.998	
6	382.600	-69.998	
6	382.700	-69.998	
6	382.800	-69.998	
6	382.900	-69.998	
6	383.000	-69.998	
6	383.100	-69.998	
6	383.200	-69.998	
6	383.300	-69.998	
6	383.400	-69.998	
6	383.500	-69.998	
6	383.600	-69.998	
6	383.700	-69.998	
6	383.800	-69.998	
6	383.900	-69.998	
6	384.000	-69.998	
6	384.100	-69.998	
6	384.200	-69.998	
6	384.300	-69.998	
6	384.400	-69.998	
6	384.500	-69.998	
6	384.600	-69.998	
6	384.700	-69.998	
6	384.800	-69.998	
6	384.900	-69.998	
6	385.000	-69.998	
6	385.100	-69.998	
6	385.200	-69.998	
6	385.300	-69.998	
6	385.400	-69.998	
6	385.500	-69.998	
6	385.600	-69.998	
6	385.700	-69.998	
6	385.800	-69.998	
6	385.900	-69.998	
6	386.000	-69.998	
6	386.100	-69.998	
6	386.200	-69.998	
6	386.300	-69.998	
6	386.400	-69.998	
6	386.500	-69.998	
6	386.600	-69.998	
6	386.700	-69.998	
6	386.800	-69.998	
6	386.900	-69.998	
6	387.000	-69.998	
6	387.100	-69.998	
6	387.200	-69.998	
6	387.300	-69.998	
6	387.400	-69.998	
6	387.500	-69.998	
6	387.600	-69.998	
6	387.700	-69.998	
6	387.800	-69.998	
6	387.900	-69.998	
6	388.000	-69.998	
6	388.100	-69.998	
6	388.200	-69.998	
6	388.300	-69.998	
6	388.400	-69.998	
6	388.500	-69.998	
6	388.600	-69.998	
6	388.700	-69.998	
6	388.800	-69.998	
6	388.900	-69.998	
6	389.000	-69.998	
6	389.100	-69.998	
6	389.200	-69.998	
6	389.300	-69.998	
6	389.400	-69.998	
6	389.500	-69.998	
6	389.600	-69.998	
6	389.700	-69.998	
6	389.800	-69.998	
6	389.900	-69.998	
6	390.000	-69.998	
6	390.100	-69.998	
6	390.200	-69.998	
6	390.300	-69.998	
6	390.400	-69.998	
6	390.500	-69.998	
6	390.600	-69.998	
6	390.700	-69.998	
6	390.800	-69.998	
6	390.900	-69.998	
6	391.000	-69.998	
6	391.100	-69.998	
6	391.200	-69.998	
6	391.300	-69.998	
6	391.400	-69.998	
6	391.500	-69.998	
6	391.600	-69.998	
6	391.700	-69.998	
6	391.800	-69.998	
6	391.900	-69.998	
6	392.000	-69.998	
6	392.100	-69.998	
6	392.200	-69.998	
6	392.300	-69.998	
6	392.400	-69.998	
6	392.500	-69.998	
6	392.600	-69.998	
6	392.700	-69.998	
6	392.800	-69.998	
6	392.900	-69.998	
6	393.000	-69.998	
6	393.100	-69.998	
6	393.200	-69.998	
6	393.300	-69.998	
6	393.400	-69.998	
6	393.500	-69.998	
6	393.600	-69.998	
6	393.700	-69.998	
6	393.800	-69.998	
6	393.900	-69.998	
6	394.000	-69.998	
6	394.100	-69.998	
6	394.200	-69.998	
6	394.300	-69.998	
6	394.400	-69.998	
6	394.500	-69.998	
6	394.600	-69.998	
6	394.700	-69.998	
6	394.800	-69.998	
6	394.900	-69.998	
6	395.000	-69.998	
6	395.100	-69.998	
6	395.200	-69.998	
6	395.300	-69.998	
6	395.400	-69.998	
6	395.500	-69.998	
6	395.600	-69.998	
6	395.700	-69.998	
6	395.800	-69.998	
6	395.900	-69.998	
6	396.000	-69.998	
6	396.100	-69.998	
6	396.200	-69.998	
6	396.300	-69.998	
6	396.400	-69.998	
6	396.500	-69.998	
6	396.600	-69.998	
6	396.700	-69.998	
6	396.800	-69.998	
6	396.900	-69.998	
6	397.000	-69.998	
6	397.100	-69.998	
6	397.200	-69.998	
6	397.300	-69.998	
6	397.400	-69.998	
6	397.500	-69.998	
6	397.600	-69.998	
6	397.700	-69.998	
6	397.800	-69.998	
6	397.900	-69.998	
6	398.000	-69.998	
6	398.100	-69.998	
6	398.200	-69.998	
6	398.300	-69.998	
6	398.400	-69.998	
6	398.500	-69.998	
6	398.600	-69.998	
6	398.700	-69.998	
6	398.800	-69.998	
6	398.900	-69.998	
6	399.000	-69.998	
6	399.100	-69.998	
6	399.200	-69.998	
6	399.300	-69.998	
6	399.400	-69.998	
6	399.500	-69.998	
6	399.600	-69.998	
6	399.700	-69.998	
6	399.800	-69.998	
6	399.900	-69.998	
6	400.000	-69.998	
6	400.100	-69.998	
6	400.200	-69.998	
6	400.300	-69.998	
6	400.400	-69.998	
6	400.500	-69.998	
6	400.600	-69.998	
6	400.700	-69.998	
6	400.800	-69.998	
6	400.900	-69.998	
6	401.000	-69.998	
6	401.100	-69.998	
6	401.200	-69.998	
6	401.300	-69.998	
6	401.400	-69.998	
6	401.500	-69.998	
6	401.600	-69.998	
6	401.700	-69.998	
6	401.800	-69.998	
6	401.900	-69.998	
6	402.000	-69.998	
6	402.100	-69.998	
6	402.200	-69.998	
6	402.300	-69.998	
6	402.400	-69.998	
6	402.500	-69.998	
6	402.600	-69.998	
6	402.700	-69.998	
6	402.800	-69.998	
6	402.900	-69.998	
6	403.000	-69.998	
6	403.100	-69.998	
6	403.200	-69.998	
6	403.300	-69.998	
6	403.400	-69.998	
6	403.500	-69.998	
6	403.600	-69.998	
6	403.700	-69.998	
6	403.800	-69.998	
6	403.900	-69.998	
6	404.000	-69.998	
6	404.100	-69.998	
6	404.200	-69.998	
6	404.300	-69.998	
6	404.400	-69.998	
6	404.500	-69.998	
6	404.600	-69.998	
6	404.700	-69.998	
6	404.800	-69.998	
6	404.900	-69.998	
6	405.000	-69.998	
6	405.100	-69.998	
6	405.200	-69.998	
6	405.300	-69.998	
6	405.400	-69.998	
6	405.500	-69.998	
6	405.600	-69.998	
6	405.700	-69.998	
6	405.800	-69.998	
6	405.900	-69.998	
6	406.000	-69.998	
6	406.100	-69.998	
6	406.200	-69.998	
6	406.300	-69.998	
6	406.400	-69.998	
6	406.500	-69.998	
6	406.600	-69.998	
6	406.700	-69.998	
6	406.800	-69.998	
6	406.900	-69.998	
6	407.000	-69.998	
6	407.100	-69.998	
6	407.200	-69.998	
6	407.300	-69.998	
6	407.400	-69.998	
6	407.500	-69.998	
6	407.600	-69.998	
6	407.700	-69.998	
6	407.800	-69.998	
6	407.900	-69.998	
6	408.000	-69.998	
6	408.100	-69.998	
6	408.200	-69.998	
6	408.300	-69.998	
6	408.400	-69.998	
6	408.500	-69.998	
6	408.600	-69.998	
6	408.700	-69.998	
6	408.800	-69.998	
6	408.900	-69.998	
6	409.000	-69.998	
6	409.100	-69.998	
6	409.200	-69.998	
6	409.300	-69.998	
6	409.400	-69.998	
6	409.500	-69.998	
6	409.600	-69.998	
6	409.700	-69.998	
6	409.800	-69.998	
6	409.900	-69.998	
6	410.000	-69.998	
6	410.100	-69.998	
6	410.200	-69.998	
6	410.300	-69.998	
6	410.400	-69.998	
6	410.500	-69.998	
6	410.600	-69.998	
6	410.700	-69.998	
6	410.800	-69.998	
6	410.900	-69.998	
6	411.000	-69.998	
6	411.100	-69.998	
6	411.200	-69.998	
6	411.300	-69.998	
6	411.400	-69.998	
6	411.500	-69.998	
6	411.600	-69.998	
6	411.700	-69.998	
6	411.800	-69.998	
6	411.900	-69.998	
6	412.000	-69.998	
6	412.100	-69.998	
6	412.200	-69.998	
6	412.300	-69.998	
6	412.400	-69.998	
6	412.500	-69.998	
6	412.600	-69.998	
6	412.700	-69.998	
6	412.800	-69.998	
6	412.900	-69.998	
6	413.000	-69.998	
6	413.100	-69.998	
6	413.200	-69.998	
6	413.300	-69.998	
6	413.400	-69.998	
6	413.500	-69.998	
6	413.600	-69.998	
6	413.700	-69.998	
6	413.800	-69.998	
6	413.900	-69.998	
6	414.000	-69.998	
6	414.100	-69.998	
6	414.200	-69.998	
6	414.300	-69.998	
6	414.400	-69.998	
6	414.500	-69.998	
6	414.600	-69.998	
6	414.700	-69.998	
6	414.800	-69.998	
6	414.900	-69.998	
6	415.000	-69.998	
6	415.100	-69.998	
6	415.200	-69.998	
6	415.300	-69.998	
6	415.400	-69.998	
6	415.500	-69.998	
6	415.600	-69.998	
6	415.700	-69.998	
6	415.800	-69.998	
6	415.900	-69.998	
6	416.000	-69.998	
6	416.100	-69.998	
6	416.200	-69.998	
6	416.300	-69.998	
6	416.400	-69.998	
6	416.500	-69.998	
6	416.600	-69.998	
6	416.700	-69.998	
6	416.800	-69.998	
6	416.900	-69.998	
6	417.000	-69.998	
6	417.100	-69.998	
6	417.200	-69.998	
6	417.300	-69.998	
6	417.400	-69.998	
6	417.500	-69.998	
6	417.600	-69.998	
6	417.700	-69.998	
6	417.800	-69.998	
6	417.900	-69.998	
6	418.000	-69.998	
6	418.100	-69.998	
6	418.200	-69.998	
6	418.300	-69.998	
6	418.400	-69.998	
6	418.500	-69.998	
6	418.600	-69.998	
6	418.700	-69.998	
6	418.800	-69.998	
6	418.900	-69.998	
6	419.000	-69.998	
6	419.100	-69.998	
6	419.200	-69.998	
6	419.300	-69.998	
6	419.400	-69.998	
6	419.500	-69.998	
6	419.600	-69.998	
6	419.700	-69.998	
6	419.800	-69.998	
6	419.900	-69.998	
6	420.000	-69.998	
6	420.100	-69.998	
6	420.200	-69.998	
6	420.300	-69.998	
6	420.400	-69.998	
6	420.500	-69.998	
6	420.600	-69.998	
6	420.700	-69.998	
6	420.800	-69.998	
6	420.900	-69.998	
6	421.000	-69.998	
6	421.100	-69.998	
6	421.200	-69.998	
6	421.300	-69.998	
6	421.400	-69.998	
6	421.500	-69.998	
6	421.600	-69.998	
6	421.700	-69.998	
6	421.800	-69.998	
6	421.900	-69.998	
6	422.000	-69.998	
6	422.100	-69.998	
6	422.200	-69.998	
6	422.300	-69.998	
6	422.400	-69.998	
6	422.500	-69.998	
6	422.600	-69.998	
6	422.700	-69.998	
6	422.800	-69.998	
6	422.900	-69.998	
6	423.000	-69.998	
6	423.100	-69.998	
6	423.200	-69.998	
6	423.300	-69.998	
6	423.400	-69.998	
6	423.500	-69.998	
6	423.600	-69.998	
6	423.700	-69.998	
6	423.800	-69.998	
6	423.900	-69.998	
6	424.000	-69.998	
6	424.100	-69.998	
6	424.200	-69.998	
6	424.300	-69.998	
6	424.400	-69.998	
6	424.500	-69.998	
6	424.600	-69.998	
6	424.700	-69.998	
6	424.800	-69.998	
6	424.900	-69.998	
6	425.000	-69.998	
6	425.100	-69.998	
6	425.200	-69.998	
6	425.300	-69.998	
6	425.400	-69.998	
6	425.500	-69.998	
6	425.600	-69.998	
6	425.700	-69.998	
6	425.800	-69.998	
6	425.900	-69.998	
6	426.000	-69.998	
6	426.100	-69.998	
6	426.200	-69.998	
6	426.300	-69.998	
6	426.400	-69.998	
6	426.500	-69.998	
6	426.600	-69.998	
6	426.700	-69.998	
6	426.800	-69.998	
6	426.900	-69.998	
6	427.000	-69.998	
6	427.100	-69.998	
6	427.200	-69.998	
6	427.300	-69.998	
6	427.400	-69.998	
6	427.500	-69.998	
6	427.600	-69.998	
6	427.700	-69.998	
6	427.800	-69.998	
6	427.900	-69.998	
6	428.000	-69.998	
6	428.100	-69.998	
6	428.200	-69.998	
6	428.300	-69.998	
6	428.400	-69.998	
6	428.500	-69.998	
6	428.600	-69.998	
6	428.700	-69.998	
6	428.800	-69.998	
6	428.900	-69.998	
6	429.000	-69.998	
6	429.100	-69.998	
6	429.200	-69.998	
6	429.300	-69.998	
6	429.400	-69.998	
6	429.500	-69.998	
6	429.600	-69.998	
6	429.700	-69.998	
6	429.800	-69.998	
6	429.900	-69.998	
6	430.000	-69.998	
6	430.100	-69.998	
6	430.200	-69.998	
6	430.300	-69.998	
6	430.400	-69.998	
6	430.500	-69.998	
6	430.600	-69.998	
6	430.700	-69.998	
6	430.800	-69.998	
6	430.900	-69.998	
6	431.000	-69.998	
6	431.100	-69.998	
6	431.200	-69.998	
6	431.300	-69.998	
6	431.400	-69.998	
6	431.500	-69.998	
6	431.600	-69.998	
6	431.700	-69.998	
6	431.800	-69.998	
6	431.900	-69.998	
6	432.000	-69.998	
6	432.100	-69.998	
6	432.200	-69.998	
6	432.300	-69.998	
6	432.400	-69.998	
6	432.500	-69.998	
6	432.600	-69.998	
6	432.700	-69.998	
6	432.800	-69.998	
6	432.900	-69.998	
6	433.000	-69.998	
6	433.100	-69.998	
6	433.200	-69.998	
6	433.300	-69.998	
6	433.400	-69.998	
6	433.500	-69.998	
6	433.600	-69.998	
6	433.700	-69.998	
6	433.800	-69.998	
6	433.900	-69.998	
6	434.000	-69.998	
6	434.100	-69.998	
6	434.200	-69.998	
6	434.300	-69.998	
6	434.400	-69.998	
6	434.500	-69.998	
6	434.600	-69.998	
6	434.700	-69.998	
6	434.800	-69.998	
6	434.900	-69.998	
6	435.000	-69.998	
6	435.100	-69.998	
6	435.200	-69.998	
6	435.300	-69.998	
6	435.400	-69.998	
6	435.500	-69.998	
6	435.600	-69.998	
6	435.700	-69.998	
6	435.800	-69.998	
6	435.900	-69.998	
6	436.000	-69.998	
6	436.100	-69.998	
6	436.200	-69.998	
6	436.300	-69.998	
6	436.400	-69.998	
6	436.500	-69.998	
6	436.600	-69.998	
6	436.700	-69.998	
6	436.800	-69.998	
6	436.900	-69.998	
6	437.000	-69.998	
6	437.100	-69.998	
6	437.200	-69.998	
6	437.300	-69.998	
6	437.400	-69.998	
6	437.500	-69.998	
6	437.600	-69.998	
6	437.700	-69.998	
6	437.800	-69.998	
6	437.900	-69.998	
6	438.000	-69.998	
6	438.100	-69.998	
6	438.200	-69.998	
6	438.300	-69.998	
6	438.400	-69.998	
6	438.500	-69.998	
6	438.600	-69.998	
6	438.700	-69.998	
6	438.800	-69.998	
6	438.900	-69.998	
6	439.000	-69.998	
6	439.100	-69.998	
6	439.200	-69.998	
6	439.300	-69.998	
6	439.400	-69.998	
6	439.500	-69.998	
6	439.600	-69.998	
6	439.700	-69.998	
6	439.800	-69.998	
6	439.900	-69.998	
6	440.000	-69.998	
6	440.100	-69.998	
6	440.200	-69.998	
6	440.300	-69.998	
6	440.400	-69.998	
6	440.500	-69.998	
6	440.600	-69.998	
6	440.700	-69.998	
6	440.800	-69.998	
6	440.900	-69.998	
6	441.000	-69.998	
6	441.100	-69.998	
6	441.200	-69.998	
6	441.300	-69.998	
6	441.400	-69.998	
6	441.500	-69.998	
6	441.600	-69.998	
6	441.700	-69.998	
6	441.800	-69.998	
6	441.900	-69.998	
6	442.000	-69.998	
6	442.100	-69.998	
6	442.200	-69.998	
6	442.300	-69.998	
6	442.400	-69.998	
6	442.500	-69.998	
6	442.600	-69.998	
6	442.700	-69.998	
6	442.800	-69.998	
6	442.900	-69.998	
6	443.000	-69.998	
6	443.100	-69.998	
6	443.200	-69.998	
6	443.300	-69.998	
6	443.400	-69.998	
6	443.500	-69.998	
6	443.600	-69.998	
6	443.700	-69.998	
6	443.800	-69.998	
6	443.900	-69.998	
6	444.000	-69.998	
6	444.100	-69.998	
6	444.200	-69.998	
6	444.300	-69.998	
6	444.400	-69.998	
6	444.500	-69.998	
6	444.600	-69.998	
6	444.700	-69.998	
6	444.800	-69.998	
6	444.900	-69.998	
6	445.000	-69.998	
6	445.100	-69.998	
6	445.200	-69.998	
6	445.300	-69.998	
6	445.400	-69.998	
6	445.500	-69.998	
6	445.600	-69.998	
6	445.700	-69.998	
6	445.800	-69.998	
6	445.900	-69.998	
6	446.000	-69.998	
6	446.100	-69.998	
6	446.200	-69.998	
6	446.300	-69.998	
6	446.400	-69.998	
6	446.500	-69.998	
6	446.600	-69.998	
6	446.700	-69.998	
6	446.800	-69.998	
6	446.900	-69.998	
6	447.000	-69.998	
6	447.100	-69.998	
6	447.200	-69.998	
6	447.300	-69.998	
6	447.400	-69.998	
6	447.500	-69.998	
6	447.600	-69.998	
6	447.700	-69.998	
6	447.800	-69.998	
6	447.900	-69.998	
6	448.000	-69.998	
6	448.100	-69.998	
6	448.200	-69.998	
6	448.300	-69.998	
6	448.400	-69.998	
6	448.500	-69.998	
6	448.600	-69.998	
6	448.700	-69.998	
6	448.800	-69.998	
6	448.900	-69.998	
6	449.000	-69.998	
