2	0.100	-70.000	
2	0.200	-70.000	
2	0.300	-70.000	
2	0.400	-70.000	
2	0.500	-70.000	
2	0.600	-70.000	
2	0.700	-70.000	
2	0.800	-70.000	
2	0.900	-70.000	
2	1.000	-70.000	
2	1.100	-70.000	
2	1.200	-70.000	
2	1.300	-70.000	
2	1.400	-70.000	
2	1.500	-70.000	
2	1.600	-70.000	
2	1.700	-70.000	
2	1.800	-69.999	
2	1.900	-69.999	
2	2.000	-69.999	
2	2.100	-69.999	
2	2.200	-69.999	
2	2.300	-69.999	
2	2.400	-69.999	
2	2.500	-69.999	
2	2.600	-69.999	
2	2.700	-69.999	
2	2.800	-69.999	
2	2.900	-69.999	
2	3.000	-69.999	
2	3.100	-69.999	
2	3.200	-69.999	
2	3.300	-69.999	
2	3.400	-69.999	
2	3.500	-69.999	
2	3.600	-69.999	
2	3.700	-69.999	
2	3.800	-69.999	
2	3.900	-69.999	
2	4.000	-69.999	
2	4.100	-69.999	
2	4.200	-69.999	
2	4.300	-69.999	
2	4.400	-69.999	
2	4.500	-69.999	
2	4.600	-69.999	
2	4.700	-69.999	
2	4.800	-69.999	
2	4.900	-69.999	
2	5.000	-69.999	
2	5.100	-69.999	
2	5.200	-69.999	
2	5.300	-69.999	
2	5.400	-69.999	
2	5.500	-69.999	
2	5.600	-69.999	
2	5.700	-69.999	
2	5.800	-69.999	
2	5.900	-69.999	
2	6.000	-69.999	
2	6.100	-69.999	
2	6.200	-69.999	
2	6.300	-69.999	
2	6.400	-69.999	
2	6.500	-69.999	
2	6.600	-69.999	
2	6.700	-69.999	
2	6.800	-69.999	
2	6.900	-69.999	
2	7.000	-69.999	
2	7.100	-69.999	
2	7.200	-69.999	
2	7.300	-69.999	
2	7.400	-69.999	
2	7.500	-69.999	
2	7.600	-69.999	
2	7.700	-69.999	
2	7.800	-69.999	
2	7.900	-69.999	
2	8.000	-69.999	
2	8.100	-69.999	
2	8.200	-69.999	
2	8.300	-69.999	
2	8.400	-69.999	
2	8.500	-69.999	
2	8.600	-69.999	
2	8.700	-69.999	
2	8.800	-69.999	
2	8.900	-69.999	
2	9.000	-69.999	
2	9.100	-69.999	
2	9.200	-69.999	
2	9.300	-69.999	
2	9.400	-69.999	
2	9.500	-69.999	
2	9.600	-69.999	
2	9.700	-69.999	
2	9.800	-69.999	
2	9.900	-69.998	
2	10.000	-69.998	
2	10.100	-69.998	
2	10.200	-69.998	
2	10.300	-69.998	
2	10.400	-69.998	
2	10.500	-69.998	
2	10.600	-69.998	
2	10.700	-69.998	
2	10.800	-69.998	
2	10.900	-69.998	
2	11.000	-69.998	
2	11.100	-69.998	
2	11.200	-69.998	
2	11.300	-69.998	
2	11.400	-69.998	
2	11.500	-69.998	
2	11.600	-69.998	
2	11.700	-69.998	
2	11.800	-69.998	
2	11.900	-69.998	
2	12.000	-69.998	
2	12.100	-69.998	
2	12.200	-69.998	
2	12.300	-69.998	
2	12.400	-69.998	
2	12.500	-69.998	
2	12.600	-69.998	
2	12.700	-69.998	
2	12.800	-69.998	
2	12.900	-69.998	
2	13.000	-69.998	
2	13.100	-69.998	
2	13.200	-69.998	
2	13.300	-69.998	
2	13.400	-69.998	
2	13.500	-69.998	
2	13.600	-69.998	
2	13.700	-69.998	
2	13.800	-69.998	
2	13.900	-69.998	
2	14.000	-69.998	
2	14.100	-69.998	
2	14.200	-69.998	
2	14.300	-69.998	
2	14.400	-69.998	
2	14.500	-69.998	
2	14.600	-69.998	
2	14.700	-69.998	
2	14.800	-69.998	
2	14.900	-69.998	
2	15.000	-69.998	
2	15.100	-69.998	
2	15.200	-69.998	
2	15.300	-69.998	
2	15.400	-69.998	
2	15.500	-69.998	
2	15.600	-69.998	
2	15.700	-69.998	
2	15.800	-69.998	
2	15.900	-69.998	
2	16.000	-69.998	
2	16.100	-69.998	
2	16.200	-69.998	
2	16.300	-69.998	
2	16.400	-69.998	
2	16.500	-69.998	
2	16.600	-69.998	
2	16.700	-69.998	
2	16.800	-69.998	
2	16.900	-69.998	
2	17.000	-69.998	
2	17.100	-69.998	
2	17.200	-69.998	
2	17.300	-69.998	
2	17.400	-69.998	
2	17.500	-69.998	
2	17.600	-69.998	
2	17.700	-69.998	
2	17.800	-69.998	
2	17.900	-69.998	
2	18.000	-69.998	
2	18.100	-69.998	
2	18.200	-69.998	
2	18.300	-69.998	
2	18.400	-69.998	
2	18.500	-69.998	
2	18.600	-69.998	
2	18.700	-69.998	
2	18.800	-69.998	
2	18.900	-69.998	
2	19.000	-69.998	
2	19.100	-69.998	
2	19.200	-69.998	
2	19.300	-69.998	
2	19.400	-69.998	
2	19.500	-69.998	
2	19.600	-69.998	
2	19.700	-69.998	
2	19.800	-69.998	
2	19.900	-69.998	
2	20.000	-69.998	
2	20.100	-69.998	
2	20.200	-69.998	
2	20.300	-69.998	
2	20.400	-69.998	
2	20.500	-69.998	
2	20.600	-69.998	
2	20.700	-69.998	
2	20.800	-69.998	
2	20.900	-69.998	
2	21.000	-69.998	
2	21.100	-69.998	
2	21.200	-69.998	
2	21.300	-69.998	
2	21.400	-69.998	
2	21.500	-69.998	
2	21.600	-69.998	
2	21.700	-69.998	
2	21.800	-69.998	
2	21.900	-69.998	
2	22.000	-69.998	
2	22.100	-69.998	
2	22.200	-69.998	
2	22.300	-69.998	
2	22.400	-69.998	
2	22.500	-69.998	
2	22.600	-69.998	
2	22.700	-69.998	
2	22.800	-69.998	
2	22.900	-69.998	
2	23.000	-69.998	
2	23.100	-69.998	
2	23.200	-69.998	
2	23.300	-69.998	
2	23.400	-69.998	
2	23.500	-69.998	
2	23.600	-69.998	
2	23.700	-69.998	
2	23.800	-69.998	
2	23.900	-69.998	
2	24.000	-69.998	
2	24.100	-69.998	
2	24.200	-69.998	
2	24.300	-69.998	
2	24.400	-69.998	
2	24.500	-69.998	
2	24.600	-69.998	
2	24.700	-69.998	
2	24.800	-69.998	
2	24.900	-69.998	
2	25.000	-69.998	
2	25.100	-69.998	
2	25.200	-69.998	
2	25.300	-69.998	
2	25.400	-69.998	
2	25.500	-69.998	
2	25.600	-69.998	
2	25.700	-69.998	
2	25.800	-69.998	
2	25.900	-69.998	
2	26.000	-69.998	
2	26.100	-69.998	
2	26.200	-69.998	
2	26.300	-69.998	
2	26.400	-69.998	
2	26.500	-69.998	
2	26.600	-69.998	
2	26.700	-69.998	
2	26.800	-69.998	
2	26.900	-69.998	
2	27.000	-69.998	
2	27.100	-69.998	
2	27.200	-69.998	
2	27.300	-69.998	
2	27.400	-69.998	
2	27.500	-69.998	
2	27.600	-69.998	
2	27.700	-69.998	
2	27.800	-69.998	
2	27.900	-69.998	
2	28.000	-69.998	
2	28.100	-69.998	
2	28.200	-69.998	
2	28.300	-69.998	
2	28.400	-69.998	
2	28.500	-69.998	
2	28.600	-69.998	
2	28.700	-69.998	
2	28.800	-69.998	
2	28.900	-69.998	
2	29.000	-69.998	
2	29.100	-69.998	
2	29.200	-69.998	
2	29.300	-69.998	
2	29.400	-69.998	
2	29.500	-69.998	
2	29.600	-69.998	
2	29.700	-69.998	
2	29.800	-69.998	
2	29.900	-69.998	
2	30.000	-69.998	
2	30.100	-69.998	
2	30.200	-69.998	
2	30.300	-69.998	
2	30.400	-69.998	
2	30.500	-69.998	
2	30.600	-69.998	
2	30.700	-69.998	
2	30.800	-69.998	
2	30.900	-69.998	
2	31.000	-69.998	
2	31.100	-69.998	
2	31.200	-69.998	
2	31.300	-69.998	
2	31.400	-69.998	
2	31.500	-69.998	
2	31.600	-69.998	
2	31.700	-69.998	
2	31.800	-69.998	
2	31.900	-69.998	
2	32.000	-69.998	
2	32.100	-69.998	
2	32.200	-69.998	
2	32.300	-69.998	
2	32.400	-69.998	
2	32.500	-69.998	
2	32.600	-69.998	
2	32.700	-69.998	
2	32.800	-69.998	
2	32.900	-69.998	
2	33.000	-69.998	
2	33.100	-69.998	
2	33.200	-69.998	
2	33.300	-69.998	
2	33.400	-69.998	
2	33.500	-69.998	
2	33.600	-69.998	
2	33.700	-69.998	
2	33.800	-69.998	
2	33.900	-69.998	
2	34.000	-69.998	
2	34.100	-69.998	
2	34.200	-69.998	
2	34.300	-69.998	
2	34.400	-69.998	
2	34.500	-69.998	
2	34.600	-69.998	
2	34.700	-69.998	
2	34.800	-69.998	
2	34.900	-69.998	
2	35.000	-69.998	
2	35.100	-69.998	
2	35.200	-69.998	
2	35.300	-69.998	
2	35.400	-69.998	
2	35.500	-69.998	
2	35.600	-69.998	
2	35.700	-69.998	
2	35.800	-69.998	
2	35.900	-69.998	
2	36.000	-69.998	
2	36.100	-69.998	
2	36.200	-69.998	
2	36.300	-69.998	
2	36.400	-69.998	
2	36.500	-69.998	
2	36.600	-69.998	
2	36.700	-69.998	
2	36.800	-69.998	
2	36.900	-69.998	
2	37.000	-69.998	
2	37.100	-69.998	
2	37.200	-69.998	
2	37.300	-69.998	
2	37.400	-69.998	
2	37.500	-69.998	
2	37.600	-69.998	
2	37.700	-69.998	
2	37.800	-69.998	
2	37.900	-69.998	
2	38.000	-69.998	
2	38.100	-69.998	
2	38.200	-69.998	
2	38.300	-69.998	
2	38.400	-69.998	
2	38.500	-69.998	
2	38.600	-69.998	
2	38.700	-69.998	
2	38.800	-69.998	
2	38.900	-69.998	
2	39.000	-69.998	
2	39.100	-69.998	
2	39.200	-69.998	
2	39.300	-69.998	
2	39.400	-69.998	
2	39.500	-69.998	
2	39.600	-69.998	
2	39.700	-69.998	
2	39.800	-69.998	
2	39.900	-69.998	
2	40.000	-69.998	
2	40.100	-69.998	
2	40.200	-69.998	
2	40.300	-69.998	
2	40.400	-69.998	
2	40.500	-69.998	
2	40.600	-69.998	
2	40.700	-69.998	
2	40.800	-69.998	
2	40.900	-69.998	
2	41.000	-69.998	
2	41.100	-69.998	
2	41.200	-69.998	
2	41.300	-69.998	
2	41.400	-69.998	
2	41.500	-69.998	
2	41.600	-69.998	
2	41.700	-69.998	
2	41.800	-69.998	
2	41.900	-69.998	
2	42.000	-69.998	
2	42.100	-69.998	
2	42.200	-69.998	
2	42.300	-69.998	
2	42.400	-69.998	
2	42.500	-69.998	
2	42.600	-69.998	
2	42.700	-69.998	
2	42.800	-69.998	
2	42.900	-69.998	
2	43.000	-69.998	
2	43.100	-69.998	
2	43.200	-69.998	
2	43.300	-69.998	
2	43.400	-69.998	
2	43.500	-69.998	
2	43.600	-69.998	
2	43.700	-69.998	
2	43.800	-69.998	
2	43.900	-69.998	
2	44.000	-69.998	
2	44.100	-69.998	
2	44.200	-69.998	
2	44.300	-69.998	
2	44.400	-69.998	
2	44.500	-69.998	
2	44.600	-69.998	
2	44.700	-69.998	
2	44.800	-69.998	
2	44.900	-69.998	
2	45.000	-69.998	
2	45.100	-69.998	
2	45.200	-69.998	
2	45.300	-69.998	
2	45.400	-69.998	
2	45.500	-69.998	
2	45.600	-69.998	
2	45.700	-69.998	
2	45.800	-69.998	
2	45.900	-69.998	
2	46.000	-69.998	
2	46.100	-69.998	
2	46.200	-69.998	
2	46.300	-69.998	
2	46.400	-69.998	
2	46.500	-69.998	
2	46.600	-69.998	
2	46.700	-69.998	
2	46.800	-69.998	
2	46.900	-69.998	
2	47.000	-69.998	
2	47.100	-69.998	
2	47.200	-69.998	
2	47.300	-69.998	
2	47.400	-69.998	
2	47.500	-69.998	
2	47.600	-69.998	
2	47.700	-69.998	
2	47.800	-69.998	
2	47.900	-69.998	
2	48.000	-69.998	
2	48.100	-69.998	
2	48.200	-69.998	
2	48.300	-69.998	
2	48.400	-69.998	
2	48.500	-69.998	
2	48.600	-69.998	
2	48.700	-69.998	
2	48.800	-69.998	
2	48.900	-69.998	
2	49.000	-69.998	
2	49.100	-69.998	
2	49.200	-69.998	
2	49.300	-69.998	
2	49.400	-69.998	
2	49.500	-69.998	
2	49.600	-69.998	
2	49.700	-69.998	
2	49.800	-69.998	
2	49.900	-69.998	
2	50.000	-69.998	
2	50.100	-69.998	
2	50.200	-69.998	
2	50.300	-69.998	
2	50.400	-69.998	
2	50.500	-69.998	
2	50.600	-69.998	
2	50.700	-69.998	
2	50.800	-69.998	
2	50.900	-69.998	
2	51.000	-69.998	
2	51.100	-69.998	
2	51.200	-69.998	
2	51.300	-69.998	
2	51.400	-69.998	
2	51.500	-69.998	
2	51.600	-69.998	
2	51.700	-69.998	
2	51.800	-69.998	
2	51.900	-69.998	
2	52.000	-69.998	
2	52.100	-69.998	
2	52.200	-69.998	
2	52.300	-69.998	
2	52.400	-69.998	
2	52.500	-69.998	
2	52.600	-69.998	
2	52.700	-69.998	
2	52.800	-69.998	
2	52.900	-69.998	
2	53.000	-69.998	
2	53.100	-69.998	
2	53.200	-69.998	
2	53.300	-69.998	
2	53.400	-69.998	
2	53.500	-69.998	
2	53.600	-69.998	
2	53.700	-69.998	
2	53.800	-69.998	
2	53.900	-69.998	
2	54.000	-69.998	
2	54.100	-69.998	
2	54.200	-69.998	
2	54.300	-69.998	
2	54.400	-69.998	
2	54.500	-69.998	
2	54.600	-69.998	
2	54.700	-69.998	
2	54.800	-69.998	
2	54.900	-69.998	
2	55.000	-69.998	
2	55.100	-69.998	
2	55.200	-69.998	
2	55.300	-69.998	
2	55.400	-69.998	
2	55.500	-69.998	
2	55.600	-69.998	
2	55.700	-69.998	
2	55.800	-69.998	
2	55.900	-69.998	
2	56.000	-69.998	
2	56.100	-69.998	
2	56.200	-69.998	
2	56.300	-69.998	
2	56.400	-69.998	
2	56.500	-69.998	
2	56.600	-69.998	
2	56.700	-69.998	
2	56.800	-69.998	
2	56.900	-69.998	
2	57.000	-69.998	
2	57.100	-69.998	
2	57.200	-69.998	
2	57.300	-69.998	
2	57.400	-69.998	
2	57.500	-69.998	
2	57.600	-69.998	
2	57.700	-69.998	
2	57.800	-69.998	
2	57.900	-69.998	
2	58.000	-69.998	
2	58.100	-69.998	
2	58.200	-69.998	
2	58.300	-69.998	
2	58.400	-69.998	
2	58.500	-69.998	
2	58.600	-69.998	
2	58.700	-69.998	
2	58.800	-69.998	
2	58.900	-69.998	
2	59.000	-69.998	
2	59.100	-69.998	
2	59.200	-69.998	
2	59.300	-69.998	
2	59.400	-69.998	
2	59.500	-69.998	
2	59.600	-69.998	
2	59.700	-69.998	
2	59.800	-69.998	
2	59.900	-69.998	
2	60.000	-69.998	
2	60.100	-69.998	
2	60.200	-69.998	
2	60.300	-69.998	
2	60.400	-69.998	
2	60.500	-69.998	
2	60.600	-69.998	
2	60.700	-69.998	
2	60.800	-69.998	
2	60.900	-69.998	
2	61.000	-69.998	
2	61.100	-69.998	
2	61.200	-69.998	
2	61.300	-69.998	
2	61.400	-69.998	
2	61.500	-69.998	
2	61.600	-69.998	
2	61.700	-69.998	
2	61.800	-69.998	
2	61.900	-69.998	
2	62.000	-69.998	
2	62.100	-69.998	
2	62.200	-69.998	
2	62.300	-69.998	
2	62.400	-69.998	
2	62.500	-69.998	
2	62.600	-69.998	
2	62.700	-69.998	
2	62.800	-69.998	
2	62.900	-69.998	
2	63.000	-69.998	
2	63.100	-69.998	
2	63.200	-69.998	
2	63.300	-69.998	
2	63.400	-69.998	
2	63.500	-69.998	
2	63.600	-69.998	
2	63.700	-69.998	
2	63.800	-69.998	
2	63.900	-69.998	
2	64.000	-69.998	
2	64.100	-69.998	
2	64.200	-69.998	
2	64.300	-69.998	
2	64.400	-69.998	
2	64.500	-69.998	
2	64.600	-69.998	
2	64.700	-69.998	
2	64.800	-69.998	
2	64.900	-69.998	
2	65.000	-69.998	
2	65.100	-69.998	
2	65.200	-69.998	
2	65.300	-69.998	
2	65.400	-69.998	
2	65.500	-69.998	
2	65.600	-69.998	
2	65.700	-69.998	
2	65.800	-69.998	
2	65.900	-69.998	
2	66.000	-69.998	
2	66.100	-69.998	
2	66.200	-69.998	
2	66.300	-69.998	
2	66.400	-69.998	
2	66.500	-69.998	
2	66.600	-69.998	
2	66.700	-69.998	
2	66.800	-69.998	
2	66.900	-69.998	
2	67.000	-69.998	
2	67.100	-69.998	
2	67.200	-69.998	
2	67.300	-69.998	
2	67.400	-69.998	
2	67.500	-69.998	
2	67.600	-69.998	
2	67.700	-69.998	
2	67.800	-69.998	
2	67.900	-69.998	
2	68.000	-69.998	
2	68.100	-69.998	
2	68.200	-69.998	
2	68.300	-69.998	
2	68.400	-69.998	
2	68.500	-69.998	
2	68.600	-69.998	
2	68.700	-69.998	
2	68.800	-69.998	
2	68.900	-69.998	
2	69.000	-69.998	
2	69.100	-69.998	
2	69.200	-69.998	
2	69.300	-69.998	
2	69.400	-69.998	
2	69.500	-69.998	
2	69.600	-69.998	
2	69.700	-69.998	
2	69.800	-69.998	
2	69.900	-69.998	
2	70.000	-69.998	
2	70.100	-69.998	
2	70.200	-69.998	
2	70.300	-69.998	
2	70.400	-69.998	
2	70.500	-69.998	
2	70.600	-69.998	
2	70.700	-69.998	
2	70.800	-69.998	
2	70.900	-69.998	
2	71.000	-69.998	
2	71.100	-69.998	
2	71.200	-69.998	
2	71.300	-69.998	
2	71.400	-69.998	
2	71.500	-69.998	
2	71.600	-69.998	
2	71.700	-69.998	
2	71.800	-69.998	
2	71.900	-69.998	
2	72.000	-69.998	
2	72.100	-69.998	
2	72.200	-69.998	
2	72.300	-69.998	
2	72.400	-69.998	
2	72.500	-69.998	
2	72.600	-69.998	
2	72.700	-69.998	
2	72.800	-69.998	
2	72.900	-69.998	
2	73.000	-69.998	
2	73.100	-69.998	
2	73.200	-69.998	
2	73.300	-69.998	
2	73.400	-69.998	
2	73.500	-69.998	
2	73.600	-69.998	
2	73.700	-69.998	
2	73.800	-69.998	
2	73.900	-69.998	
2	74.000	-69.998	
2	74.100	-69.998	
2	74.200	-69.998	
2	74.300	-69.998	
2	74.400	-69.998	
2	74.500	-69.998	
2	74.600	-69.998	
2	74.700	-69.998	
2	74.800	-69.998	
2	74.900	-69.998	
2	75.000	-69.998	
2	75.100	-69.998	
2	75.200	-69.998	
2	75.300	-69.998	
2	75.400	-69.998	
2	75.500	-69.998	
2	75.600	-69.998	
2	75.700	-69.998	
2	75.800	-69.998	
2	75.900	-69.998	
2	76.000	-69.998	
2	76.100	-69.998	
2	76.200	-69.998	
2	76.300	-69.998	
2	76.400	-69.998	
2	76.500	-69.998	
2	76.600	-69.998	
2	76.700	-69.998	
2	76.800	-69.998	
2	76.900	-69.998	
2	77.000	-69.998	
2	77.100	-69.998	
2	77.200	-69.998	
2	77.300	-69.998	
2	77.400	-69.998	
2	77.500	-69.998	
2	77.600	-69.998	
2	77.700	-69.998	
2	77.800	-69.998	
2	77.900	-69.998	
2	78.000	-69.998	
2	78.100	-69.998	
2	78.200	-69.998	
2	78.300	-69.998	
2	78.400	-69.998	
2	78.500	-69.998	
2	78.600	-69.998	
2	78.700	-69.998	
2	78.800	-69.998	
2	78.900	-69.998	
2	79.000	-69.998	
2	79.100	-69.998	
2	79.200	-69.998	
2	79.300	-69.998	
2	79.400	-69.998	
2	79.500	-69.998	
2	79.600	-69.998	
2	79.700	-69.998	
2	79.800	-69.998	
2	79.900	-69.998	
2	80.000	-69.998	
2	80.100	-69.998	
2	80.200	-69.998	
2	80.300	-69.998	
2	80.400	-69.998	
2	80.500	-69.998	
2	80.600	-69.998	
2	80.700	-69.998	
2	80.800	-69.998	
2	80.900	-69.998	
2	81.000	-69.998	
2	81.100	-69.998	
2	81.200	-69.998	
2	81.300	-69.998	
2	81.400	-69.998	
2	81.500	-69.998	
2	81.600	-69.998	
2	81.700	-69.998	
2	81.800	-69.998	
2	81.900	-69.998	
2	82.000	-69.998	
2	82.100	-69.998	
2	82.200	-69.998	
2	82.300	-69.998	
2	82.400	-69.998	
2	82.500	-69.998	
2	82.600	-69.998	
2	82.700	-69.998	
2	82.800	-69.998	
2	82.900	-69.998	
2	83.000	-69.998	
2	83.100	-69.998	
2	83.200	-69.998	
2	83.300	-69.998	
2	83.400	-69.998	
2	83.500	-69.998	
2	83.600	-69.998	
2	83.700	-69.998	
2	83.800	-69.998	
2	83.900	-69.998	
2	84.000	-69.998	
2	84.100	-69.998	
2	84.200	-69.998	
2	84.300	-69.998	
2	84.400	-69.998	
2	84.500	-69.998	
2	84.600	-69.998	
2	84.700	-69.998	
2	84.800	-69.998	
2	84.900	-69.998	
2	85.000	-69.998	
2	85.100	-69.998	
2	85.200	-69.998	
2	85.300	-69.998	
2	85.400	-69.998	
2	85.500	-69.998	
2	85.600	-69.998	
2	85.700	-69.998	
2	85.800	-69.998	
2	85.900	-69.998	
2	86.000	-69.998	
2	86.100	-69.998	
2	86.200	-69.998	
2	86.300	-69.998	
2	86.400	-69.998	
2	86.500	-69.998	
2	86.600	-69.998	
2	86.700	-69.998	
2	86.800	-69.998	
2	86.900	-69.998	
2	87.000	-69.998	
2	87.100	-69.998	
2	87.200	-69.998	
2	87.300	-69.998	
2	87.400	-69.998	
2	87.500	-69.998	
2	87.600	-69.998	
2	87.700	-69.998	
2	87.800	-69.998	
2	87.900	-69.998	
2	88.000	-69.998	
2	88.100	-69.998	
2	88.200	-69.998	
2	88.300	-69.998	
2	88.400	-69.998	
2	88.500	-69.998	
2	88.600	-69.998	
2	88.700	-69.998	
2	88.800	-69.998	
2	88.900	-69.998	
2	89.000	-69.998	
2	89.100	-69.998	
2	89.200	-69.998	
2	89.300	-69.998	
2	89.400	-69.998	
2	89.500	-69.998	
2	89.600	-69.998	
2	89.700	-69.998	
2	89.800	-69.998	
2	89.900	-69.998	
2	90.000	-69.998	
2	90.100	-69.998	
2	90.200	-69.998	
2	90.300	-69.998	
2	90.400	-69.998	
2	90.500	-69.998	
2	90.600	-69.998	
2	90.700	-69.998	
2	90.800	-69.998	
2	90.900	-69.998	
2	91.000	-69.998	
2	91.100	-69.998	
2	91.200	-69.998	
2	91.300	-69.998	
2	91.400	-69.998	
2	91.500	-69.998	
2	91.600	-69.998	
2	91.700	-69.998	
2	91.800	-69.998	
2	91.900	-69.998	
2	92.000	-69.998	
2	92.100	-69.998	
2	92.200	-69.998	
2	92.300	-69.998	
2	92.400	-69.998	
2	92.500	-69.998	
2	92.600	-69.998	
2	92.700	-69.998	
2	92.800	-69.998	
2	92.900	-69.998	
2	93.000	-69.998	
2	93.100	-69.998	
2	93.200	-69.998	
2	93.300	-69.998	
2	93.400	-69.998	
2	93.500	-69.998	
2	93.600	-69.998	
2	93.700	-69.998	
2	93.800	-69.998	
2	93.900	-69.998	
2	94.000	-69.998	
2	94.100	-69.998	
2	94.200	-69.998	
2	94.300	-69.998	
2	94.400	-69.998	
2	94.500	-69.998	
2	94.600	-69.998	
2	94.700	-69.998	
2	94.800	-69.998	
2	94.900	-69.998	
2	95.000	-69.998	
2	95.100	-69.998	
2	95.200	-69.998	
2	95.300	-69.998	
2	95.400	-69.998	
2	95.500	-69.998	
2	95.600	-69.998	
2	95.700	-69.998	
2	95.800	-69.998	
2	95.900	-69.998	
2	96.000	-69.998	
2	96.100	-69.998	
2	96.200	-69.998	
2	96.300	-69.998	
2	96.400	-69.998	
2	96.500	-69.998	
2	96.600	-69.998	
2	96.700	-69.998	
2	96.800	-69.998	
2	96.900	-69.998	
2	97.000	-69.998	
2	97.100	-69.998	
2	97.200	-69.998	
2	97.300	-69.998	
2	97.400	-69.998	
2	97.500	-69.998	
2	97.600	-69.998	
2	97.700	-69.998	
2	97.800	-69.998	
2	97.900	-69.998	
2	98.000	-69.998	
2	98.100	-69.998	
2	98.200	-69.998	
2	98.300	-69.998	
2	98.400	-69.998	
2	98.500	-69.998	
2	98.600	-69.998	
2	98.700	-69.998	
2	98.800	-69.998	
2	98.900	-69.998	
2	99.000	-69.998	
2	99.100	-69.998	
2	99.200	-69.998	
2	99.300	-69.998	
2	99.400	-69.998	
2	99.500	-69.998	
2	99.600	-69.998	
2	99.700	-69.998	
2	99.800	-69.998	
2	99.900	-69.998	
2	100.000	-69.998	
2	100.100	-69.998	
2	100.200	-69.998	
2	100.300	-69.998	
2	100.400	-69.998	
2	100.500	-69.998	
2	100.600	-69.998	
2	100.700	-69.998	
2	100.800	-69.998	
2	100.900	-69.998	
2	101.000	-69.998	
2	101.100	-69.998	
2	101.200	-69.998	
2	101.300	-69.998	
2	101.400	-69.998	
2	101.500	-69.998	
2	101.600	-69.998	
2	101.700	-69.998	
2	101.800	-69.998	
2	101.900	-69.998	
2	102.000	-69.998	
2	102.100	-69.998	
2	102.200	-69.998	
2	102.300	-69.998	
2	102.400	-69.998	
2	102.500	-69.998	
2	102.600	-69.998	
2	102.700	-69.998	
2	102.800	-69.998	
2	102.900	-69.998	
2	103.000	-69.998	
2	103.100	-69.998	
2	103.200	-69.998	
2	103.300	-69.998	
2	103.400	-69.998	
2	103.500	-69.998	
2	103.600	-69.998	
2	103.700	-69.998	
2	103.800	-69.998	
2	103.900	-69.998	
2	104.000	-69.998	
2	104.100	-69.998	
2	104.200	-69.998	
2	104.300	-69.998	
2	104.400	-69.998	
2	104.500	-69.998	
2	104.600	-69.998	
2	104.700	-69.998	
2	104.800	-69.998	
2	104.900	-69.998	
2	105.000	-69.998	
2	105.100	-69.998	
2	105.200	-69.998	
2	105.300	-69.998	
2	105.400	-69.998	
2	105.500	-69.998	
2	105.600	-69.998	
2	105.700	-69.998	
2	105.800	-69.998	
2	105.900	-69.998	
2	106.000	-69.998	
2	106.100	-69.998	
2	106.200	-69.998	
2	106.300	-69.998	
2	106.400	-69.998	
2	106.500	-69.998	
2	106.600	-69.998	
2	106.700	-69.998	
2	106.800	-69.998	
2	106.900	-69.998	
2	107.000	-69.998	
2	107.100	-69.998	
2	107.200	-69.998	
2	107.300	-69.998	
2	107.400	-69.998	
2	107.500	-69.998	
2	107.600	-69.998	
2	107.700	-69.998	
2	107.800	-69.998	
2	107.900	-69.998	
2	108.000	-69.998	
2	108.100	-69.998	
2	108.200	-69.998	
2	108.300	-69.998	
2	108.400	-69.998	
2	108.500	-69.998	
2	108.600	-69.998	
2	108.700	-69.998	
2	108.800	-69.998	
2	108.900	-69.998	
2	109.000	-69.998	
2	109.100	-69.998	
2	109.200	-69.998	
2	109.300	-69.998	
2	109.400	-69.998	
2	109.500	-69.998	
2	109.600	-69.998	
2	109.700	-69.998	
2	109.800	-69.998	
2	109.900	-69.998	
2	110.000	-69.998	
2	110.100	-69.998	
2	110.200	-69.998	
2	110.300	-69.998	
2	110.400	-69.998	
2	110.500	-69.998	
2	110.600	-69.998	
2	110.700	-69.998	
2	110.800	-69.998	
2	110.900	-69.998	
2	111.000	-69.998	
2	111.100	-69.998	
2	111.200	-69.998	
2	111.300	-69.998	
2	111.400	-69.998	
2	111.500	-69.998	
2	111.600	-69.998	
2	111.700	-69.998	
2	111.800	-69.998	
2	111.900	-69.998	
2	112.000	-69.998	
2	112.100	-69.998	
2	112.200	-69.998	
2	112.300	-69.998	
2	112.400	-69.998	
2	112.500	-69.998	
2	112.600	-69.998	
2	112.700	-69.998	
2	112.800	-69.998	
2	112.900	-69.998	
2	113.000	-69.998	
2	113.100	-69.998	
2	113.200	-69.998	
2	113.300	-69.998	
2	113.400	-69.998	
2	113.500	-69.998	
2	113.600	-69.998	
2	113.700	-69.998	
2	113.800	-69.998	
2	113.900	-69.998	
2	114.000	-69.998	
2	114.100	-69.998	
2	114.200	-69.998	
2	114.300	-69.998	
2	114.400	-69.998	
2	114.500	-69.998	
2	114.600	-69.998	
2	114.700	-69.998	
2	114.800	-69.998	
2	114.900	-69.998	
2	115.000	-69.998	
2	115.100	-69.998	
2	115.200	-69.998	
2	115.300	-69.998	
2	115.400	-69.998	
2	115.500	-69.998	
2	115.600	-69.998	
2	115.700	-69.998	
2	115.800	-69.998	
2	115.900	-69.998	
2	116.000	-69.998	
2	116.100	-69.998	
2	116.200	-69.998	
2	116.300	-69.998	
2	116.400	-69.998	
2	116.500	-69.998	
2	116.600	-69.998	
2	116.700	-69.998	
2	116.800	-69.998	
2	116.900	-69.998	
2	117.000	-69.998	
2	117.100	-69.998	
2	117.200	-69.998	
2	117.300	-69.998	
2	117.400	-69.998	
2	117.500	-69.998	
2	117.600	-69.998	
2	117.700	-69.998	
2	117.800	-69.998	
2	117.900	-69.998	
2	118.000	-69.998	
2	118.100	-69.998	
2	118.200	-69.998	
2	118.300	-69.998	
2	118.400	-69.998	
2	118.500	-69.998	
2	118.600	-69.998	
2	118.700	-69.998	
2	118.800	-69.998	
2	118.900	-69.998	
2	119.000	-69.998	
2	119.100	-69.998	
2	119.200	-69.998	
2	119.300	-69.998	
2	119.400	-69.998	
2	119.500	-69.998	
2	119.600	-69.998	
2	119.700	-69.998	
2	119.800	-69.998	
2	119.900	-69.998	
2	120.000	-69.998	
2	120.100	-69.998	
2	120.200	-69.998	
2	120.300	-69.998	
2	120.400	-69.998	
2	120.500	-69.998	
2	120.600	-69.998	
2	120.700	-69.998	
2	120.800	-69.998	
2	120.900	-69.998	
2	121.000	-69.998	
2	121.100	-69.998	
2	121.200	-69.998	
2	121.300	-69.998	
2	121.400	-69.998	
2	121.500	-69.998	
2	121.600	-69.998	
2	121.700	-69.998	
2	121.800	-69.998	
2	121.900	-69.998	
2	122.000	-69.998	
2	122.100	-69.998	
2	122.200	-69.998	
2	122.300	-69.998	
2	122.400	-69.998	
2	122.500	-69.998	
2	122.600	-69.998	
2	122.700	-69.998	
2	122.800	-69.998	
2	122.900	-69.998	
2	123.000	-69.998	
2	123.100	-69.998	
2	123.200	-69.998	
2	123.300	-69.998	
2	123.400	-69.998	
2	123.500	-69.998	
2	123.600	-69.998	
2	123.700	-69.998	
2	123.800	-69.998	
2	123.900	-69.998	
2	124.000	-69.998	
2	124.100	-69.998	
2	124.200	-69.998	
2	124.300	-69.998	
2	124.400	-69.998	
2	124.500	-69.998	
2	124.600	-69.998	
2	124.700	-69.998	
2	124.800	-69.998	
2	124.900	-69.998	
2	125.000	-69.998	
2	125.100	-69.998	
2	125.200	-69.998	
2	125.300	-69.998	
2	125.400	-69.998	
2	125.500	-69.998	
2	125.600	-69.998	
2	125.700	-69.998	
2	125.800	-69.998	
2	125.900	-69.998	
2	126.000	-69.998	
2	126.100	-69.998	
2	126.200	-69.998	
2	126.300	-69.998	
2	126.400	-69.998	
2	126.500	-69.998	
2	126.600	-69.998	
2	126.700	-69.998	
2	126.800	-69.998	
2	126.900	-69.998	
2	127.000	-69.998	
2	127.100	-69.998	
2	127.200	-69.998	
2	127.300	-69.998	
2	127.400	-69.998	
2	127.500	-69.998	
2	127.600	-69.998	
2	127.700	-69.998	
2	127.800	-69.998	
2	127.900	-69.998	
2	128.000	-69.998	
2	128.100	-69.998	
2	128.200	-69.998	
2	128.300	-69.998	
2	128.400	-69.998	
2	128.500	-69.998	
2	128.600	-69.998	
2	128.700	-69.998	
2	128.800	-69.998	
2	128.900	-69.998	
2	129.000	-69.998	
2	129.100	-69.998	
2	129.200	-69.998	
2	129.300	-69.998	
2	129.400	-69.998	
2	129.500	-69.998	
2	129.600	-69.998	
2	129.700	-69.998	
2	129.800	-69.998	
2	129.900	-69.998	
2	130.000	-69.998	
2	130.100	-69.998	
2	130.200	-69.998	
2	130.300	-69.998	
2	130.400	-69.998	
2	130.500	-69.998	
2	130.600	-69.998	
2	130.700	-69.998	
2	130.800	-69.998	
2	130.900	-69.998	
2	131.000	-69.998	
2	131.100	-69.998	
2	131.200	-69.998	
2	131.300	-69.998	
2	131.400	-69.998	
2	131.500	-69.998	
2	131.600	-69.998	
2	131.700	-69.998	
2	131.800	-69.998	
2	131.900	-69.998	
2	132.000	-69.998	
2	132.100	-69.998	
2	132.200	-69.998	
2	132.300	-69.998	
2	132.400	-69.998	
2	132.500	-69.998	
2	132.600	-69.998	
2	132.700	-69.998	
2	132.800	-69.998	
2	132.900	-69.998	
2	133.000	-69.998	
2	133.100	-69.998	
2	133.200	-69.998	
2	133.300	-69.998	
2	133.400	-69.998	
2	133.500	-69.998	
2	133.600	-69.998	
2	133.700	-69.998	
2	133.800	-69.998	
2	133.900	-69.998	
2	134.000	-69.998	
2	134.100	-69.998	
2	134.200	-69.998	
2	134.300	-69.998	
2	134.400	-69.998	
2	134.500	-69.998	
2	134.600	-69.998	
2	134.700	-69.998	
2	134.800	-69.998	
2	134.900	-69.998	
2	135.000	-69.998	
2	135.100	-69.998	
2	135.200	-69.998	
2	135.300	-69.998	
2	135.400	-69.998	
2	135.500	-69.998	
2	135.600	-69.998	
2	135.700	-69.998	
2	135.800	-69.998	
2	135.900	-69.998	
2	136.000	-69.998	
2	136.100	-69.998	
2	136.200	-69.998	
2	136.300	-69.998	
2	136.400	-69.998	
2	136.500	-69.998	
2	136.600	-69.998	
2	136.700	-69.998	
2	136.800	-69.998	
2	136.900	-69.998	
2	137.000	-69.998	
2	137.100	-69.998	
2	137.200	-69.998	
2	137.300	-69.998	
2	137.400	-69.998	
2	137.500	-69.998	
2	137.600	-69.998	
2	137.700	-69.998	
2	137.800	-69.998	
2	137.900	-69.998	
2	138.000	-69.998	
2	138.100	-69.998	
2	138.200	-69.998	
2	138.300	-69.998	
2	138.400	-69.998	
2	138.500	-69.998	
2	138.600	-69.998	
2	138.700	-69.998	
2	138.800	-69.998	
2	138.900	-69.998	
2	139.000	-69.998	
2	139.100	-69.998	
2	139.200	-69.998	
2	139.300	-69.998	
2	139.400	-69.998	
2	139.500	-69.998	
2	139.600	-69.998	
2	139.700	-69.998	
2	139.800	-69.998	
2	139.900	-69.998	
2	140.000	-69.998	
2	140.100	-69.998	
2	140.200	-69.998	
2	140.300	-69.998	
2	140.400	-69.998	
2	140.500	-69.998	
2	140.600	-69.998	
2	140.700	-69.998	
2	140.800	-69.998	
2	140.900	-69.998	
2	141.000	-69.998	
2	141.100	-69.998	
2	141.200	-69.998	
2	141.300	-69.998	
2	141.400	-69.998	
2	141.500	-69.998	
2	141.600	-69.998	
2	141.700	-69.998	
2	141.800	-69.998	
2	141.900	-69.998	
2	142.000	-69.998	
2	142.100	-69.998	
2	142.200	-69.998	
2	142.300	-69.998	
2	142.400	-69.998	
2	142.500	-69.998	
2	142.600	-69.998	
2	142.700	-69.998	
2	142.800	-69.998	
2	142.900	-69.998	
2	143.000	-69.998	
2	143.100	-69.998	
2	143.200	-69.998	
2	143.300	-69.998	
2	143.400	-69.998	
2	143.500	-69.998	
2	143.600	-69.998	
2	143.700	-69.998	
2	143.800	-69.998	
2	143.900	-69.998	
2	144.000	-69.998	
2	144.100	-69.998	
2	144.200	-69.998	
2	144.300	-69.998	
2	144.400	-69.998	
2	144.500	-69.998	
2	144.600	-69.998	
2	144.700	-69.998	
2	144.800	-69.998	
2	144.900	-69.998	
2	145.000	-69.998	
2	145.100	-69.998	
2	145.200	-69.998	
2	145.300	-69.998	
2	145.400	-69.998	
2	145.500	-69.998	
2	145.600	-69.998	
2	145.700	-69.998	
2	145.800	-69.998	
2	145.900	-69.998	
2	146.000	-69.998	
2	146.100	-69.998	
2	146.200	-69.998	
2	146.300	-69.998	
2	146.400	-69.998	
2	146.500	-69.998	
2	146.600	-69.998	
2	146.700	-69.998	
2	146.800	-69.998	
2	146.900	-69.998	
2	147.000	-69.998	
2	147.100	-69.998	
2	147.200	-69.998	
2	147.300	-69.998	
2	147.400	-69.998	
2	147.500	-69.998	
2	147.600	-69.998	
2	147.700	-69.998	
2	147.800	-69.998	
2	147.900	-69.998	
2	148.000	-69.998	
2	148.100	-69.998	
2	148.200	-69.998	
2	148.300	-69.998	
2	148.400	-69.998	
2	148.500	-69.998	
2	148.600	-69.998	
2	148.700	-69.998	
2	148.800	-69.998	
2	148.900	-69.998	
2	149.000	-69.998	
2	149.100	-69.998	
2	149.200	-69.998	
2	149.300	-69.998	
2	149.400	-69.998	
2	149.500	-69.998	
2	149.600	-69.998	
2	149.700	-69.998	
2	149.800	-69.998	
2	149.900	-69.998	
2	150.000	-69.998	
2	150.100	-69.998	
2	150.200	-69.998	
2	150.300	-69.998	
2	150.400	-69.998	
2	150.500	-69.998	
2	150.600	-69.998	
2	150.700	-69.998	
2	150.800	-69.998	
2	150.900	-69.998	
2	151.000	-69.998	
2	151.100	-69.998	
2	151.200	-69.998	
2	151.300	-69.998	
2	151.400	-69.998	
2	151.500	-69.998	
2	151.600	-69.998	
2	151.700	-69.998	
2	151.800	-69.998	
2	151.900	-69.998	
2	152.000	-69.998	
2	152.100	-69.998	
2	152.200	-69.998	
2	152.300	-69.998	
2	152.400	-69.998	
2	152.500	-69.998	
2	152.600	-69.998	
2	152.700	-69.998	
2	152.800	-69.998	
2	152.900	-69.998	
2	153.000	-69.998	
2	153.100	-69.998	
2	153.200	-69.998	
2	153.300	-69.998	
2	153.400	-69.998	
2	153.500	-69.998	
2	153.600	-69.998	
2	153.700	-69.998	
2	153.800	-69.998	
2	153.900	-69.998	
2	154.000	-69.998	
2	154.100	-69.998	
2	154.200	-69.998	
2	154.300	-69.998	
2	154.400	-69.998	
2	154.500	-69.998	
2	154.600	-69.998	
2	154.700	-69.998	
2	154.800	-69.998	
2	154.900	-69.998	
2	155.000	-69.998	
2	155.100	-69.998	
2	155.200	-69.998	
2	155.300	-69.998	
2	155.400	-69.998	
2	155.500	-69.998	
2	155.600	-69.998	
2	155.700	-69.998	
2	155.800	-69.998	
2	155.900	-69.998	
2	156.000	-69.998	
2	156.100	-69.998	
2	156.200	-69.998	
2	156.300	-69.998	
2	156.400	-69.998	
2	156.500	-69.998	
2	156.600	-69.998	
2	156.700	-69.998	
2	156.800	-69.998	
2	156.900	-69.998	
2	157.000	-69.998	
2	157.100	-69.998	
2	157.200	-69.998	
2	157.300	-69.998	
2	157.400	-69.998	
2	157.500	-69.998	
2	157.600	-69.998	
2	157.700	-69.998	
2	157.800	-69.998	
2	157.900	-69.998	
2	158.000	-69.998	
2	158.100	-69.998	
2	158.200	-69.998	
2	158.300	-69.998	
2	158.400	-69.998	
2	158.500	-69.998	
2	158.600	-69.998	
2	158.700	-69.998	
2	158.800	-69.998	
2	158.900	-69.998	
2	159.000	-69.998	
2	159.100	-69.998	
2	159.200	-69.998	
2	159.300	-69.998	
2	159.400	-69.998	
2	159.500	-69.998	
2	159.600	-69.998	
2	159.700	-69.998	
2	159.800	-69.998	
2	159.900	-69.998	
2	160.000	-69.998	
2	160.100	-69.998	
2	160.200	-69.998	
2	160.300	-69.998	
2	160.400	-69.998	
2	160.500	-69.998	
2	160.600	-69.998	
2	160.700	-69.998	
2	160.800	-69.998	
2	160.900	-69.998	
2	161.000	-69.998	
2	161.100	-69.998	
2	161.200	-69.998	
2	161.300	-69.998	
2	161.400	-69.998	
2	161.500	-69.998	
2	161.600	-69.998	
2	161.700	-69.998	
2	161.800	-69.998	
2	161.900	-69.998	
2	162.000	-69.998	
2	162.100	-69.998	
2	162.200	-69.998	
2	162.300	-69.998	
2	162.400	-69.998	
2	162.500	-69.998	
2	162.600	-69.998	
2	162.700	-69.998	
2	162.800	-69.998	
2	162.900	-69.998	
2	163.000	-69.998	
2	163.100	-69.998	
2	163.200	-69.998	
2	163.300	-69.998	
2	163.400	-69.998	
2	163.500	-69.998	
2	163.600	-69.998	
2	163.700	-69.998	
2	163.800	-69.998	
2	163.900	-69.998	
2	164.000	-69.998	
2	164.100	-69.998	
2	164.200	-69.998	
2	164.300	-69.998	
2	164.400	-69.998	
2	164.500	-69.998	
2	164.600	-69.998	
2	164.700	-69.998	
2	164.800	-69.998	
2	164.900	-69.998	
2	165.000	-69.998	
2	165.100	-69.998	
2	165.200	-69.998	
2	165.300	-69.998	
2	165.400	-69.998	
2	165.500	-69.998	
2	165.600	-69.998	
2	165.700	-69.998	
2	165.800	-69.998	
2	165.900	-69.998	
2	166.000	-69.998	
2	166.100	-69.998	
2	166.200	-69.998	
2	166.300	-69.998	
2	166.400	-69.998	
2	166.500	-69.998	
2	166.600	-69.998	
2	166.700	-69.998	
2	166.800	-69.998	
2	166.900	-69.998	
2	167.000	-69.998	
2	167.100	-69.998	
2	167.200	-69.998	
2	167.300	-69.998	
2	167.400	-69.998	
2	167.500	-69.998	
2	167.600	-69.998	
2	167.700	-69.998	
2	167.800	-69.998	
2	167.900	-69.998	
2	168.000	-69.998	
2	168.100	-69.998	
2	168.200	-69.998	
2	168.300	-69.998	
2	168.400	-69.998	
2	168.500	-69.998	
2	168.600	-69.998	
2	168.700	-69.998	
2	168.800	-69.998	
2	168.900	-69.998	
2	169.000	-69.998	
2	169.100	-69.998	
2	169.200	-69.998	
2	169.300	-69.998	
2	169.400	-69.998	
2	169.500	-69.998	
2	169.600	-69.998	
2	169.700	-69.998	
2	169.800	-69.998	
2	169.900	-69.998	
2	170.000	-69.998	
2	170.100	-69.998	
2	170.200	-69.998	
2	170.300	-69.998	
2	170.400	-69.998	
2	170.500	-69.998	
2	170.600	-69.998	
2	170.700	-69.998	
2	170.800	-69.998	
2	170.900	-69.998	
2	171.000	-69.998	
2	171.100	-69.998	
2	171.200	-69.998	
2	171.300	-69.998	
2	171.400	-69.998	
2	171.500	-69.998	
2	171.600	-69.998	
2	171.700	-69.998	
2	171.800	-69.998	
2	171.900	-69.998	
2	172.000	-69.998	
2	172.100	-69.998	
2	172.200	-69.998	
2	172.300	-69.998	
2	172.400	-69.998	
2	172.500	-69.998	
2	172.600	-69.998	
2	172.700	-69.998	
2	172.800	-69.998	
2	172.900	-69.998	
2	173.000	-69.998	
2	173.100	-69.998	
2	173.200	-69.998	
2	173.300	-69.998	
2	173.400	-69.998	
2	173.500	-69.998	
2	173.600	-69.998	
2	173.700	-69.998	
2	173.800	-69.998	
2	173.900	-69.998	
2	174.000	-69.998	
2	174.100	-69.998	
2	174.200	-69.998	
2	174.300	-69.998	
2	174.400	-69.998	
2	174.500	-69.998	
2	174.600	-69.998	
2	174.700	-69.998	
2	174.800	-69.998	
2	174.900	-69.998	
2	175.000	-69.998	
2	175.100	-69.998	
2	175.200	-69.998	
2	175.300	-69.998	
2	175.400	-69.998	
2	175.500	-69.998	
2	175.600	-69.998	
2	175.700	-69.998	
2	175.800	-69.998	
2	175.900	-69.998	
2	176.000	-69.998	
2	176.100	-69.998	
2	176.200	-69.998	
2	176.300	-69.998	
2	176.400	-69.998	
2	176.500	-69.998	
2	176.600	-69.998	
2	176.700	-69.998	
2	176.800	-69.998	
2	176.900	-69.998	
2	177.000	-69.998	
2	177.100	-69.998	
2	177.200	-69.998	
2	177.300	-69.998	
2	177.400	-69.998	
2	177.500	-69.998	
2	177.600	-69.998	
2	177.700	-69.998	
2	177.800	-69.998	
2	177.900	-69.998	
2	178.000	-69.998	
2	178.100	-69.998	
2	178.200	-69.998	
2	178.300	-69.998	
2	178.400	-69.998	
2	178.500	-69.998	
2	178.600	-69.998	
2	178.700	-69.998	
2	178.800	-69.998	
2	178.900	-69.998	
2	179.000	-69.998	
2	179.100	-69.998	
2	179.200	-69.998	
2	179.300	-69.998	
2	179.400	-69.998	
2	179.500	-69.998	
2	179.600	-69.998	
2	179.700	-69.998	
2	179.800	-69.998	
2	179.900	-69.998	
2	180.000	-69.998	
2	180.100	-69.998	
2	180.200	-69.998	
2	180.300	-69.998	
2	180.400	-69.998	
2	180.500	-69.998	
2	180.600	-69.998	
2	180.700	-69.998	
2	180.800	-69.998	
2	180.900	-69.998	
2	181.000	-69.998	
2	181.100	-69.998	
2	181.200	-69.998	
2	181.300	-69.998	
2	181.400	-69.998	
2	181.500	-69.998	
2	181.600	-69.998	
2	181.700	-69.998	
2	181.800	-69.998	
2	181.900	-69.998	
2	182.000	-69.998	
2	182.100	-69.998	
2	182.200	-69.998	
2	182.300	-69.998	
2	182.400	-69.998	
2	182.500	-69.998	
2	182.600	-69.998	
2	182.700	-69.998	
2	182.800	-69.998	
2	182.900	-69.998	
2	183.000	-69.998	
2	183.100	-69.998	
2	183.200	-69.998	
2	183.300	-69.998	
2	183.400	-69.998	
2	183.500	-69.998	
2	183.600	-69.998	
2	183.700	-69.998	
2	183.800	-69.998	
2	183.900	-69.998	
2	184.000	-69.998	
2	184.100	-69.998	
2	184.200	-69.998	
2	184.300	-69.998	
2	184.400	-69.998	
2	184.500	-69.998	
2	184.600	-69.998	
2	184.700	-69.998	
2	184.800	-69.998	
2	184.900	-69.998	
2	185.000	-69.998	
2	185.100	-69.998	
2	185.200	-69.998	
2	185.300	-69.998	
2	185.400	-69.998	
2	185.500	-69.998	
2	185.600	-69.998	
2	185.700	-69.998	
2	185.800	-69.998	
2	185.900	-69.998	
2	186.000	-69.998	
2	186.100	-69.998	
2	186.200	-69.998	
2	186.300	-69.998	
2	186.400	-69.998	
2	186.500	-69.998	
2	186.600	-69.998	
2	186.700	-69.998	
2	186.800	-69.998	
2	186.900	-69.998	
2	187.000	-69.998	
2	187.100	-69.998	
2	187.200	-69.998	
2	187.300	-69.998	
2	187.400	-69.998	
2	187.500	-69.998	
2	187.600	-69.998	
2	187.700	-69.998	
2	187.800	-69.998	
2	187.900	-69.998	
2	188.000	-69.998	
2	188.100	-69.998	
2	188.200	-69.998	
2	188.300	-69.998	
2	188.400	-69.998	
2	188.500	-69.998	
2	188.600	-69.998	
2	188.700	-69.998	
2	188.800	-69.998	
2	188.900	-69.998	
2	189.000	-69.998	
2	189.100	-69.998	
2	189.200	-69.998	
2	189.300	-69.998	
2	189.400	-69.998	
2	189.500	-69.998	
2	189.600	-69.998	
2	189.700	-69.998	
2	189.800	-69.998	
2	189.900	-69.998	
2	190.000	-69.998	
2	190.100	-69.998	
2	190.200	-69.998	
2	190.300	-69.998	
2	190.400	-69.998	
2	190.500	-69.998	
2	190.600	-69.998	
2	190.700	-69.998	
2	190.800	-69.998	
2	190.900	-69.998	
2	191.000	-69.998	
2	191.100	-69.998	
2	191.200	-69.998	
2	191.300	-69.998	
2	191.400	-69.998	
2	191.500	-69.998	
2	191.600	-69.998	
2	191.700	-69.998	
2	191.800	-69.998	
2	191.900	-69.998	
2	192.000	-69.998	
2	192.100	-69.998	
2	192.200	-69.998	
2	192.300	-69.998	
2	192.400	-69.998	
2	192.500	-69.998	
2	192.600	-69.998	
2	192.700	-69.998	
2	192.800	-69.998	
2	192.900	-69.998	
2	193.000	-69.998	
2	193.100	-69.998	
2	193.200	-69.998	
2	193.300	-69.998	
2	193.400	-69.998	
2	193.500	-69.998	
2	193.600	-69.998	
2	193.700	-69.998	
2	193.800	-69.998	
2	193.900	-69.998	
2	194.000	-69.998	
2	194.100	-69.998	
2	194.200	-69.998	
2	194.300	-69.998	
2	194.400	-69.998	
2	194.500	-69.998	
2	194.600	-69.998	
2	194.700	-69.998	
2	194.800	-69.998	
2	194.900	-69.998	
2	195.000	-69.998	
2	195.100	-69.998	
2	195.200	-69.998	
2	195.300	-69.998	
2	195.400	-69.998	
2	195.500	-69.998	
2	195.600	-69.998	
2	195.700	-69.998	
2	195.800	-69.998	
2	195.900	-69.998	
2	196.000	-69.998	
2	196.100	-69.998	
2	196.200	-69.998	
2	196.300	-69.998	
2	196.400	-69.998	
2	196.500	-69.998	
2	196.600	-69.998	
2	196.700	-69.998	
2	196.800	-69.998	
2	196.900	-69.998	
2	197.000	-69.998	
2	197.100	-69.998	
2	197.200	-69.998	
2	197.300	-69.998	
2	197.400	-69.998	
2	197.500	-69.998	
2	197.600	-69.998	
2	197.700	-69.998	
2	197.800	-69.998	
2	197.900	-69.998	
2	198.000	-69.998	
2	198.100	-69.998	
2	198.200	-69.998	
2	198.300	-69.998	
2	198.400	-69.998	
2	198.500	-69.998	
2	198.600	-69.998	
2	198.700	-69.998	
2	198.800	-69.998	
2	198.900	-69.998	
2	199.000	-69.998	
2	199.100	-69.998	
2	199.200	-69.998	
2	199.300	-69.998	
2	199.400	-69.998	
2	199.500	-69.998	
2	199.600	-69.998	
2	199.700	-69.998	
2	199.800	-69.998	
2	199.900	-69.998	
2	200.000	-69.998	
2	200.100	-69.998	
2	200.200	-69.998	
2	200.300	-69.998	
2	200.400	-69.998	
2	200.500	-69.998	
2	200.600	-69.998	
2	200.700	-69.998	
2	200.800	-69.998	
2	200.900	-69.998	
2	201.000	-69.998	
2	201.100	-69.998	
2	201.200	-69.998	
2	201.300	-69.998	
2	201.400	-69.998	
2	201.500	-69.998	
2	201.600	-69.998	
2	201.700	-69.998	
2	201.800	-69.998	
2	201.900	-69.998	
2	202.000	-69.998	
2	202.100	-69.998	
2	202.200	-69.998	
2	202.300	-69.998	
2	202.400	-69.998	
2	202.500	-69.998	
2	202.600	-69.998	
2	202.700	-69.998	
2	202.800	-69.998	
2	202.900	-69.998	
2	203.000	-69.998	
2	203.100	-69.998	
2	203.200	-69.998	
2	203.300	-69.998	
2	203.400	-69.998	
2	203.500	-69.998	
2	203.600	-69.998	
2	203.700	-69.998	
2	203.800	-69.998	
2	203.900	-69.998	
2	204.000	-69.998	
2	204.100	-69.998	
2	204.200	-69.998	
2	204.300	-69.998	
2	204.400	-69.998	
2	204.500	-69.998	
2	204.600	-69.998	
2	204.700	-69.998	
2	204.800	-69.998	
2	204.900	-69.998	
2	205.000	-69.998	
2	205.100	-69.998	
2	205.200	-69.998	
2	205.300	-69.998	
2	205.400	-69.998	
2	205.500	-69.998	
2	205.600	-69.998	
2	205.700	-69.998	
2	205.800	-69.998	
2	205.900	-69.998	
2	206.000	-69.998	
2	206.100	-69.998	
2	206.200	-69.998	
2	206.300	-69.998	
2	206.400	-69.998	
2	206.500	-69.998	
2	206.600	-69.998	
2	206.700	-69.998	
2	206.800	-69.998	
2	206.900	-69.998	
2	207.000	-69.998	
2	207.100	-69.998	
2	207.200	-69.998	
2	207.300	-69.998	
2	207.400	-69.998	
2	207.500	-69.998	
2	207.600	-69.998	
2	207.700	-69.998	
2	207.800	-69.998	
2	207.900	-69.998	
2	208.000	-69.998	
2	208.100	-69.998	
2	208.200	-69.998	
2	208.300	-69.998	
2	208.400	-69.998	
2	208.500	-69.998	
2	208.600	-69.998	
2	208.700	-69.998	
2	208.800	-69.998	
2	208.900	-69.998	
2	209.000	-69.998	
2	209.100	-69.998	
2	209.200	-69.998	
2	209.300	-69.998	
2	209.400	-69.998	
2	209.500	-69.998	
2	209.600	-69.998	
2	209.700	-69.998	
2	209.800	-69.998	
2	209.900	-69.998	
2	210.000	-69.998	
2	210.100	-69.998	
2	210.200	-69.998	
2	210.300	-69.998	
2	210.400	-69.998	
2	210.500	-69.998	
2	210.600	-69.998	
2	210.700	-69.998	
2	210.800	-69.998	
2	210.900	-69.998	
2	211.000	-69.998	
2	211.100	-69.998	
2	211.200	-69.998	
2	211.300	-69.998	
2	211.400	-69.998	
2	211.500	-69.998	
2	211.600	-69.998	
2	211.700	-69.998	
2	211.800	-69.998	
2	211.900	-69.998	
2	212.000	-69.998	
2	212.100	-69.998	
2	212.200	-69.998	
2	212.300	-69.998	
2	212.400	-69.998	
2	212.500	-69.998	
2	212.600	-69.998	
2	212.700	-69.998	
2	212.800	-69.998	
2	212.900	-69.998	
2	213.000	-69.998	
2	213.100	-69.998	
2	213.200	-69.998	
2	213.300	-69.998	
2	213.400	-69.998	
2	213.500	-69.998	
2	213.600	-69.998	
2	213.700	-69.998	
2	213.800	-69.998	
2	213.900	-69.998	
2	214.000	-69.998	
2	214.100	-69.998	
2	214.200	-69.998	
2	214.300	-69.998	
2	214.400	-69.998	
2	214.500	-69.998	
2	214.600	-69.998	
2	214.700	-69.998	
2	214.800	-69.998	
2	214.900	-69.998	
2	215.000	-69.998	
2	215.100	-69.998	
2	215.200	-69.998	
2	215.300	-69.998	
2	215.400	-69.998	
2	215.500	-69.998	
2	215.600	-69.998	
2	215.700	-69.998	
2	215.800	-69.998	
2	215.900	-69.998	
2	216.000	-69.998	
2	216.100	-69.998	
2	216.200	-69.998	
2	216.300	-69.998	
2	216.400	-69.998	
2	216.500	-69.998	
2	216.600	-69.998	
2	216.700	-69.998	
2	216.800	-69.998	
2	216.900	-69.998	
2	217.000	-69.998	
2	217.100	-69.998	
2	217.200	-69.998	
2	217.300	-69.998	
2	217.400	-69.998	
2	217.500	-69.998	
2	217.600	-69.998	
2	217.700	-69.998	
2	217.800	-69.998	
2	217.900	-69.998	
2	218.000	-69.998	
2	218.100	-69.998	
2	218.200	-69.998	
2	218.300	-69.998	
2	218.400	-69.998	
2	218.500	-69.998	
2	218.600	-69.998	
2	218.700	-69.998	
2	218.800	-69.998	
2	218.900	-69.998	
2	219.000	-69.998	
2	219.100	-69.998	
2	219.200	-69.998	
2	219.300	-69.998	
2	219.400	-69.998	
2	219.500	-69.998	
2	219.600	-69.998	
2	219.700	-69.998	
2	219.800	-69.998	
2	219.900	-69.998	
2	220.000	-69.998	
2	220.100	-69.998	
2	220.200	-69.998	
2	220.300	-69.998	
2	220.400	-69.998	
2	220.500	-69.998	
2	220.600	-69.998	
2	220.700	-69.998	
2	220.800	-69.998	
2	220.900	-69.998	
2	221.000	-69.998	
2	221.100	-69.998	
2	221.200	-69.998	
2	221.300	-69.998	
2	221.400	-69.998	
2	221.500	-69.998	
2	221.600	-69.998	
2	221.700	-69.998	
2	221.800	-69.998	
2	221.900	-69.998	
2	222.000	-69.998	
2	222.100	-69.998	
2	222.200	-69.998	
2	222.300	-69.998	
2	222.400	-69.998	
2	222.500	-69.998	
2	222.600	-69.998	
2	222.700	-69.998	
2	222.800	-69.998	
2	222.900	-69.998	
2	223.000	-69.998	
2	223.100	-69.998	
2	223.200	-69.998	
2	223.300	-69.998	
2	223.400	-69.998	
2	223.500	-69.998	
2	223.600	-69.998	
2	223.700	-69.998	
2	223.800	-69.998	
2	223.900	-69.998	
2	224.000	-69.998	
2	224.100	-69.998	
2	224.200	-69.998	
2	224.300	-69.998	
2	224.400	-69.998	
2	224.500	-69.998	
2	224.600	-69.998	
2	224.700	-69.998	
2	224.800	-69.998	
2	224.900	-69.998	
2	225.000	-69.998	
2	225.100	-69.998	
2	225.200	-69.998	
2	225.300	-69.998	
2	225.400	-69.998	
2	225.500	-69.998	
2	225.600	-69.998	
2	225.700	-69.998	
2	225.800	-69.998	
2	225.900	-69.998	
2	226.000	-69.998	
2	226.100	-69.998	
2	226.200	-69.998	
2	226.300	-69.998	
2	226.400	-69.998	
2	226.500	-69.998	
2	226.600	-69.998	
2	226.700	-69.998	
2	226.800	-69.998	
2	226.900	-69.998	
2	227.000	-69.998	
2	227.100	-69.998	
2	227.200	-69.998	
2	227.300	-69.998	
2	227.400	-69.998	
2	227.500	-69.998	
2	227.600	-69.998	
2	227.700	-69.998	
2	227.800	-69.998	
2	227.900	-69.998	
2	228.000	-69.998	
2	228.100	-69.998	
2	228.200	-69.998	
2	228.300	-69.998	
2	228.400	-69.998	
2	228.500	-69.998	
2	228.600	-69.998	
2	228.700	-69.998	
2	228.800	-69.998	
2	228.900	-69.998	
2	229.000	-69.998	
2	229.100	-69.998	
2	229.200	-69.998	
2	229.300	-69.998	
2	229.400	-69.998	
2	229.500	-69.998	
2	229.600	-69.998	
2	229.700	-69.998	
2	229.800	-69.998	
2	229.900	-69.998	
2	230.000	-69.998	
2	230.100	-69.998	
2	230.200	-69.998	
2	230.300	-69.998	
2	230.400	-69.998	
2	230.500	-69.998	
2	230.600	-69.998	
2	230.700	-69.998	
2	230.800	-69.998	
2	230.900	-69.998	
2	231.000	-69.998	
2	231.100	-69.998	
2	231.200	-69.998	
2	231.300	-69.998	
2	231.400	-69.998	
2	231.500	-69.998	
2	231.600	-69.998	
2	231.700	-69.998	
2	231.800	-69.998	
2	231.900	-69.998	
2	232.000	-69.998	
2	232.100	-69.998	
2	232.200	-69.998	
2	232.300	-69.998	
2	232.400	-69.998	
2	232.500	-69.998	
2	232.600	-69.998	
2	232.700	-69.998	
2	232.800	-69.998	
2	232.900	-69.998	
2	233.000	-69.998	
2	233.100	-69.998	
2	233.200	-69.998	
2	233.300	-69.998	
2	233.400	-69.998	
2	233.500	-69.998	
2	233.600	-69.998	
2	233.700	-69.998	
2	233.800	-69.998	
2	233.900	-69.998	
2	234.000	-69.998	
2	234.100	-69.998	
2	234.200	-69.998	
2	234.300	-69.998	
2	234.400	-69.998	
2	234.500	-69.998	
2	234.600	-69.998	
2	234.700	-69.998	
2	234.800	-69.998	
2	234.900	-69.998	
2	235.000	-69.998	
2	235.100	-69.998	
2	235.200	-69.998	
2	235.300	-69.998	
2	235.400	-69.998	
2	235.500	-69.998	
2	235.600	-69.998	
2	235.700	-69.998	
2	235.800	-69.998	
2	235.900	-69.998	
2	236.000	-69.998	
2	236.100	-69.998	
2	236.200	-69.998	
2	236.300	-69.998	
2	236.400	-69.998	
2	236.500	-69.998	
2	236.600	-69.998	
2	236.700	-69.998	
2	236.800	-69.998	
2	236.900	-69.998	
2	237.000	-69.998	
2	237.100	-69.998	
2	237.200	-69.998	
2	237.300	-69.998	
2	237.400	-69.998	
2	237.500	-69.998	
2	237.600	-69.998	
2	237.700	-69.998	
2	237.800	-69.998	
2	237.900	-69.998	
2	238.000	-69.998	
2	238.100	-69.998	
2	238.200	-69.998	
2	238.300	-69.998	
2	238.400	-69.998	
2	238.500	-69.998	
2	238.600	-69.998	
2	238.700	-69.998	
2	238.800	-69.998	
2	238.900	-69.998	
2	239.000	-69.998	
2	239.100	-69.998	
2	239.200	-69.998	
2	239.300	-69.998	
2	239.400	-69.998	
2	239.500	-69.998	
2	239.600	-69.998	
2	239.700	-69.998	
2	239.800	-69.998	
2	239.900	-69.998	
2	240.000	-69.998	
2	240.100	-69.998	
2	240.200	-69.998	
2	240.300	-69.998	
2	240.400	-69.998	
2	240.500	-69.998	
2	240.600	-69.998	
2	240.700	-69.998	
2	240.800	-69.998	
2	240.900	-69.998	
2	241.000	-69.998	
2	241.100	-69.998	
2	241.200	-69.998	
2	241.300	-69.998	
2	241.400	-69.998	
2	241.500	-69.998	
2	241.600	-69.998	
2	241.700	-69.998	
2	241.800	-69.998	
2	241.900	-69.998	
2	242.000	-69.998	
2	242.100	-69.998	
2	242.200	-69.998	
2	242.300	-69.998	
2	242.400	-69.998	
2	242.500	-69.998	
2	242.600	-69.998	
2	242.700	-69.998	
2	242.800	-69.998	
2	242.900	-69.998	
2	243.000	-69.998	
2	243.100	-69.998	
2	243.200	-69.998	
2	243.300	-69.998	
2	243.400	-69.998	
2	243.500	-69.998	
2	243.600	-69.998	
2	243.700	-69.998	
2	243.800	-69.998	
2	243.900	-69.998	
2	244.000	-69.998	
2	244.100	-69.998	
2	244.200	-69.998	
2	244.300	-69.998	
2	244.400	-69.998	
2	244.500	-69.998	
2	244.600	-69.998	
2	244.700	-69.998	
2	244.800	-69.998	
2	244.900	-69.998	
2	245.000	-69.998	
2	245.100	-69.998	
2	245.200	-69.998	
2	245.300	-69.998	
2	245.400	-69.998	
2	245.500	-69.998	
2	245.600	-69.998	
2	245.700	-69.998	
2	245.800	-69.998	
2	245.900	-69.998	
2	246.000	-69.998	
2	246.100	-69.998	
2	246.200	-69.998	
2	246.300	-69.998	
2	246.400	-69.998	
2	246.500	-69.998	
2	246.600	-69.998	
2	246.700	-69.998	
2	246.800	-69.998	
2	246.900	-69.998	
2	247.000	-69.998	
2	247.100	-69.998	
2	247.200	-69.998	
2	247.300	-69.998	
2	247.400	-69.998	
2	247.500	-69.998	
2	247.600	-69.998	
2	247.700	-69.998	
2	247.800	-69.998	
2	247.900	-69.998	
2	248.000	-69.998	
2	248.100	-69.998	
2	248.200	-69.998	
2	248.300	-69.998	
2	248.400	-69.998	
2	248.500	-69.998	
2	248.600	-69.998	
2	248.700	-69.998	
2	248.800	-69.998	
2	248.900	-69.998	
2	249.000	-69.998	
2	249.100	-69.998	
2	249.200	-69.998	
2	249.300	-69.998	
2	249.400	-69.998	
2	249.500	-69.998	
2	249.600	-69.998	
2	249.700	-69.998	
2	249.800	-69.998	
2	249.900	-69.998	
2	250.000	-69.998	
2	250.100	-69.998	
2	250.200	-69.998	
2	250.300	-69.998	
2	250.400	-69.998	
2	250.500	-69.998	
2	250.600	-69.998	
2	250.700	-69.998	
2	250.800	-69.998	
2	250.900	-69.998	
2	251.000	-69.998	
2	251.100	-69.998	
2	251.200	-69.998	
2	251.300	-69.998	
2	251.400	-69.998	
2	251.500	-69.998	
2	251.600	-69.998	
2	251.700	-69.998	
2	251.800	-69.998	
2	251.900	-69.998	
2	252.000	-69.998	
2	252.100	-69.998	
2	252.200	-69.998	
2	252.300	-69.998	
2	252.400	-69.998	
2	252.500	-69.998	
2	252.600	-69.998	
2	252.700	-69.998	
2	252.800	-69.998	
2	252.900	-69.998	
2	253.000	-69.998	
2	253.100	-69.998	
2	253.200	-69.998	
2	253.300	-69.998	
2	253.400	-69.998	
2	253.500	-69.998	
2	253.600	-69.998	
2	253.700	-69.998	
2	253.800	-69.998	
2	253.900	-69.998	
2	254.000	-69.998	
2	254.100	-69.998	
2	254.200	-69.998	
2	254.300	-69.998	
2	254.400	-69.998	
2	254.500	-69.998	
2	254.600	-69.998	
2	254.700	-69.998	
2	254.800	-69.998	
2	254.900	-69.998	
2	255.000	-69.998	
2	255.100	-69.998	
2	255.200	-69.998	
2	255.300	-69.998	
2	255.400	-69.998	
2	255.500	-69.998	
2	255.600	-69.998	
2	255.700	-69.998	
2	255.800	-69.998	
2	255.900	-69.998	
2	256.000	-69.998	
2	256.100	-69.998	
2	256.200	-69.998	
2	256.300	-69.998	
2	256.400	-69.998	
2	256.500	-69.998	
2	256.600	-69.998	
2	256.700	-69.998	
2	256.800	-69.998	
2	256.900	-69.998	
2	257.000	-69.998	
2	257.100	-69.998	
2	257.200	-69.998	
2	257.300	-69.998	
2	257.400	-69.998	
2	257.500	-69.998	
2	257.600	-69.998	
2	257.700	-69.998	
2	257.800	-69.998	
2	257.900	-69.998	
2	258.000	-69.998	
2	258.100	-69.998	
2	258.200	-69.998	
2	258.300	-69.998	
2	258.400	-69.998	
2	258.500	-69.998	
2	258.600	-69.998	
2	258.700	-69.998	
2	258.800	-69.998	
2	258.900	-69.998	
2	259.000	-69.998	
2	259.100	-69.998	
2	259.200	-69.998	
2	259.300	-69.998	
2	259.400	-69.998	
2	259.500	-69.998	
2	259.600	-69.998	
2	259.700	-69.998	
2	259.800	-69.998	
2	259.900	-69.998	
2	260.000	-69.998	
2	260.100	-69.998	
2	260.200	-69.998	
2	260.300	-69.998	
2	260.400	-69.998	
2	260.500	-69.998	
2	260.600	-69.998	
2	260.700	-69.998	
2	260.800	-69.998	
2	260.900	-69.998	
2	261.000	-69.998	
2	261.100	-69.998	
2	261.200	-69.998	
2	261.300	-69.998	
2	261.400	-69.998	
2	261.500	-69.998	
2	261.600	-69.998	
2	261.700	-69.998	
2	261.800	-69.998	
2	261.900	-69.998	
2	262.000	-69.998	
2	262.100	-69.998	
2	262.200	-69.998	
2	262.300	-69.998	
2	262.400	-69.998	
2	262.500	-69.998	
2	262.600	-69.998	
2	262.700	-69.998	
2	262.800	-69.998	
2	262.900	-69.998	
2	263.000	-69.998	
2	263.100	-69.998	
2	263.200	-69.998	
2	263.300	-69.998	
2	263.400	-69.998	
2	263.500	-69.998	
2	263.600	-69.998	
2	263.700	-69.998	
2	263.800	-69.998	
2	263.900	-69.998	
2	264.000	-69.998	
2	264.100	-69.998	
2	264.200	-69.998	
2	264.300	-69.998	
2	264.400	-69.998	
2	264.500	-69.998	
2	264.600	-69.998	
2	264.700	-69.998	
2	264.800	-69.998	
2	264.900	-69.998	
2	265.000	-69.998	
2	265.100	-69.998	
2	265.200	-69.998	
2	265.300	-69.998	
2	265.400	-69.998	
2	265.500	-69.998	
2	265.600	-69.998	
2	265.700	-69.998	
2	265.800	-69.998	
2	265.900	-69.998	
2	266.000	-69.998	
2	266.100	-69.998	
2	266.200	-69.998	
2	266.300	-69.998	
2	266.400	-69.998	
2	266.500	-69.998	
2	266.600	-69.998	
2	266.700	-69.998	
2	266.800	-69.998	
2	266.900	-69.998	
2	267.000	-69.998	
2	267.100	-69.998	
2	267.200	-69.998	
2	267.300	-69.998	
2	267.400	-69.998	
2	267.500	-69.998	
2	267.600	-69.998	
2	267.700	-69.998	
2	267.800	-69.998	
2	267.900	-69.998	
2	268.000	-69.998	
2	268.100	-69.998	
2	268.200	-69.998	
2	268.300	-69.998	
2	268.400	-69.998	
2	268.500	-69.998	
2	268.600	-69.998	
2	268.700	-69.998	
2	268.800	-69.998	
2	268.900	-69.998	
2	269.000	-69.998	
2	269.100	-69.998	
2	269.200	-69.998	
2	269.300	-69.998	
2	269.400	-69.998	
2	269.500	-69.998	
2	269.600	-69.998	
2	269.700	-69.998	
2	269.800	-69.998	
2	269.900	-69.998	
2	270.000	-69.998	
2	270.100	-69.998	
2	270.200	-69.998	
2	270.300	-69.998	
2	270.400	-69.998	
2	270.500	-69.998	
2	270.600	-69.998	
2	270.700	-69.998	
2	270.800	-69.998	
2	270.900	-69.998	
2	271.000	-69.998	
2	271.100	-69.998	
2	271.200	-69.998	
2	271.300	-69.998	
2	271.400	-69.998	
2	271.500	-69.998	
2	271.600	-69.998	
2	271.700	-69.998	
2	271.800	-69.998	
2	271.900	-69.998	
2	272.000	-69.998	
2	272.100	-69.998	
2	272.200	-69.998	
2	272.300	-69.998	
2	272.400	-69.998	
2	272.500	-69.998	
2	272.600	-69.998	
2	272.700	-69.998	
2	272.800	-69.998	
2	272.900	-69.998	
2	273.000	-69.998	
2	273.100	-69.998	
2	273.200	-69.998	
2	273.300	-69.998	
2	273.400	-69.998	
2	273.500	-69.998	
2	273.600	-69.998	
2	273.700	-69.998	
2	273.800	-69.998	
2	273.900	-69.998	
2	274.000	-69.998	
2	274.100	-69.998	
2	274.200	-69.998	
2	274.300	-69.998	
2	274.400	-69.998	
2	274.500	-69.998	
2	274.600	-69.998	
2	274.700	-69.998	
2	274.800	-69.998	
2	274.900	-69.998	
2	275.000	-69.998	
2	275.100	-69.998	
2	275.200	-69.998	
2	275.300	-69.998	
2	275.400	-69.998	
2	275.500	-69.998	
2	275.600	-69.998	
2	275.700	-69.998	
2	275.800	-69.998	
2	275.900	-69.998	
2	276.000	-69.998	
2	276.100	-69.998	
2	276.200	-69.998	
2	276.300	-69.998	
2	276.400	-69.998	
2	276.500	-69.998	
2	276.600	-69.998	
2	276.700	-69.998	
2	276.800	-69.998	
2	276.900	-69.998	
2	277.000	-69.998	
2	277.100	-69.998	
2	277.200	-69.998	
2	277.300	-69.998	
2	277.400	-69.998	
2	277.500	-69.998	
2	277.600	-69.998	
2	277.700	-69.998	
2	277.800	-69.998	
2	277.900	-69.998	
2	278.000	-69.998	
2	278.100	-69.998	
2	278.200	-69.998	
2	278.300	-69.998	
2	278.400	-69.998	
2	278.500	-69.998	
2	278.600	-69.998	
2	278.700	-69.998	
2	278.800	-69.998	
2	278.900	-69.998	
2	279.000	-69.998	
2	279.100	-69.998	
2	279.200	-69.998	
2	279.300	-69.998	
2	279.400	-69.998	
2	279.500	-69.998	
2	279.600	-69.998	
2	279.700	-69.998	
2	279.800	-69.998	
2	279.900	-69.998	
2	280.000	-69.998	
2	280.100	-69.998	
2	280.200	-69.998	
2	280.300	-69.998	
2	280.400	-69.998	
2	280.500	-69.998	
2	280.600	-69.998	
2	280.700	-69.998	
2	280.800	-69.998	
2	280.900	-69.998	
2	281.000	-69.998	
2	281.100	-69.998	
2	281.200	-69.998	
2	281.300	-69.998	
2	281.400	-69.998	
2	281.500	-69.998	
2	281.600	-69.998	
2	281.700	-69.998	
2	281.800	-69.998	
2	281.900	-69.998	
2	282.000	-69.998	
2	282.100	-69.998	
2	282.200	-69.998	
2	282.300	-69.998	
2	282.400	-69.998	
2	282.500	-69.998	
2	282.600	-69.998	
2	282.700	-69.998	
2	282.800	-69.998	
2	282.900	-69.998	
2	283.000	-69.998	
2	283.100	-69.998	
2	283.200	-69.998	
2	283.300	-69.998	
2	283.400	-69.998	
2	283.500	-69.998	
2	283.600	-69.998	
2	283.700	-69.998	
2	283.800	-69.998	
2	283.900	-69.998	
2	284.000	-69.998	
2	284.100	-69.998	
2	284.200	-69.998	
2	284.300	-69.998	
2	284.400	-69.998	
2	284.500	-69.998	
2	284.600	-69.998	
2	284.700	-69.998	
2	284.800	-69.998	
2	284.900	-69.998	
2	285.000	-69.998	
2	285.100	-69.998	
2	285.200	-69.998	
2	285.300	-69.998	
2	285.400	-69.998	
2	285.500	-69.998	
2	285.600	-69.998	
2	285.700	-69.998	
2	285.800	-69.998	
2	285.900	-69.998	
2	286.000	-69.998	
2	286.100	-69.998	
2	286.200	-69.998	
2	286.300	-69.998	
2	286.400	-69.998	
2	286.500	-69.998	
2	286.600	-69.998	
2	286.700	-69.998	
2	286.800	-69.998	
2	286.900	-69.998	
2	287.000	-69.998	
2	287.100	-69.998	
2	287.200	-69.998	
2	287.300	-69.998	
2	287.400	-69.998	
2	287.500	-69.998	
2	287.600	-69.998	
2	287.700	-69.998	
2	287.800	-69.998	
2	287.900	-69.998	
2	288.000	-69.998	
2	288.100	-69.998	
2	288.200	-69.998	
2	288.300	-69.998	
2	288.400	-69.998	
2	288.500	-69.998	
2	288.600	-69.998	
2	288.700	-69.998	
2	288.800	-69.998	
2	288.900	-69.998	
2	289.000	-69.998	
2	289.100	-69.998	
2	289.200	-69.998	
2	289.300	-69.998	
2	289.400	-69.998	
2	289.500	-69.998	
2	289.600	-69.998	
2	289.700	-69.998	
2	289.800	-69.998	
2	289.900	-69.998	
2	290.000	-69.998	
2	290.100	-69.998	
2	290.200	-69.998	
2	290.300	-69.998	
2	290.400	-69.998	
2	290.500	-69.998	
2	290.600	-69.998	
2	290.700	-69.998	
2	290.800	-69.998	
2	290.900	-69.998	
2	291.000	-69.998	
2	291.100	-69.998	
2	291.200	-69.998	
2	291.300	-69.998	
2	291.400	-69.998	
2	291.500	-69.998	
2	291.600	-69.998	
2	291.700	-69.998	
2	291.800	-69.998	
2	291.900	-69.998	
2	292.000	-69.998	
2	292.100	-69.998	
2	292.200	-69.998	
2	292.300	-69.998	
2	292.400	-69.998	
2	292.500	-69.998	
2	292.600	-69.998	
2	292.700	-69.998	
2	292.800	-69.998	
2	292.900	-69.998	
2	293.000	-69.998	
2	293.100	-69.998	
2	293.200	-69.998	
2	293.300	-69.998	
2	293.400	-69.998	
2	293.500	-69.998	
2	293.600	-69.998	
2	293.700	-69.998	
2	293.800	-69.998	
2	293.900	-69.998	
2	294.000	-69.998	
2	294.100	-69.998	
2	294.200	-69.998	
2	294.300	-69.998	
2	294.400	-69.998	
2	294.500	-69.998	
2	294.600	-69.998	
2	294.700	-69.998	
2	294.800	-69.998	
2	294.900	-69.998	
2	295.000	-69.998	
2	295.100	-69.998	
2	295.200	-69.998	
2	295.300	-69.998	
2	295.400	-69.998	
2	295.500	-69.998	
2	295.600	-69.998	
2	295.700	-69.998	
2	295.800	-69.998	
2	295.900	-69.998	
2	296.000	-69.998	
2	296.100	-69.998	
2	296.200	-69.998	
2	296.300	-69.998	
2	296.400	-69.998	
2	296.500	-69.998	
2	296.600	-69.998	
2	296.700	-69.998	
2	296.800	-69.998	
2	296.900	-69.998	
2	297.000	-69.998	
2	297.100	-69.998	
2	297.200	-69.998	
2	297.300	-69.998	
2	297.400	-69.998	
2	297.500	-69.998	
2	297.600	-69.998	
2	297.700	-69.998	
2	297.800	-69.998	
2	297.900	-69.998	
2	298.000	-69.998	
2	298.100	-69.998	
2	298.200	-69.998	
2	298.300	-69.998	
2	298.400	-69.998	
2	298.500	-69.998	
2	298.600	-69.998	
2	298.700	-69.998	
2	298.800	-69.998	
2	298.900	-69.998	
2	299.000	-69.998	
2	299.100	-69.998	
2	299.200	-69.998	
2	299.300	-69.998	
2	299.400	-69.998	
2	299.500	-69.998	
2	299.600	-69.998	
2	299.700	-69.998	
2	299.800	-69.998	
2	299.900	-69.998	
2	300.000	-69.998	
2	300.100	-69.998	
2	300.200	-69.998	
2	300.300	-69.998	
2	300.400	-69.998	
2	300.500	-69.998	
2	300.600	-69.998	
2	300.700	-69.998	
2	300.800	-69.998	
2	300.900	-69.998	
2	301.000	-69.998	
2	301.100	-69.998	
2	301.200	-69.998	
2	301.300	-69.998	
2	301.400	-69.998	
2	301.500	-69.998	
2	301.600	-69.998	
2	301.700	-69.998	
2	301.800	-69.998	
2	301.900	-69.998	
2	302.000	-69.998	
2	302.100	-69.998	
2	302.200	-69.998	
2	302.300	-69.998	
2	302.400	-69.998	
2	302.500	-69.998	
2	302.600	-69.998	
2	302.700	-69.998	
2	302.800	-69.998	
2	302.900	-69.998	
2	303.000	-69.998	
2	303.100	-69.998	
2	303.200	-69.998	
2	303.300	-69.998	
2	303.400	-69.998	
2	303.500	-69.998	
2	303.600	-69.998	
2	303.700	-69.998	
2	303.800	-69.998	
2	303.900	-69.998	
2	304.000	-69.998	
2	304.100	-69.998	
2	304.200	-69.998	
2	304.300	-69.998	
2	304.400	-69.998	
2	304.500	-69.998	
2	304.600	-69.998	
2	304.700	-69.998	
2	304.800	-69.998	
2	304.900	-69.998	
2	305.000	-69.998	
2	305.100	-69.998	
2	305.200	-69.998	
2	305.300	-69.998	
2	305.400	-69.998	
2	305.500	-69.998	
2	305.600	-69.998	
2	305.700	-69.998	
2	305.800	-69.998	
2	305.900	-69.998	
2	306.000	-69.998	
2	306.100	-69.998	
2	306.200	-69.998	
2	306.300	-69.998	
2	306.400	-69.998	
2	306.500	-69.998	
2	306.600	-69.998	
2	306.700	-69.998	
2	306.800	-69.998	
2	306.900	-69.998	
2	307.000	-69.998	
2	307.100	-69.998	
2	307.200	-69.998	
2	307.300	-69.998	
2	307.400	-69.998	
2	307.500	-69.998	
2	307.600	-69.998	
2	307.700	-69.998	
2	307.800	-69.998	
2	307.900	-69.998	
2	308.000	-69.998	
2	308.100	-69.998	
2	308.200	-69.998	
2	308.300	-69.998	
2	308.400	-69.998	
2	308.500	-69.998	
2	308.600	-69.998	
2	308.700	-69.998	
2	308.800	-69.998	
2	308.900	-69.998	
2	309.000	-69.998	
2	309.100	-69.998	
2	309.200	-69.998	
2	309.300	-69.998	
2	309.400	-69.998	
2	309.500	-69.998	
2	309.600	-69.998	
2	309.700	-69.998	
2	309.800	-69.998	
2	309.900	-69.998	
2	310.000	-69.998	
2	310.100	-69.998	
2	310.200	-69.998	
2	310.300	-69.998	
2	310.400	-69.998	
2	310.500	-69.998	
2	310.600	-69.998	
2	310.700	-69.998	
2	310.800	-69.998	
2	310.900	-69.998	
2	311.000	-69.998	
2	311.100	-69.998	
2	311.200	-69.998	
2	311.300	-69.998	
2	311.400	-69.998	
2	311.500	-69.998	
2	311.600	-69.998	
2	311.700	-69.998	
2	311.800	-69.998	
2	311.900	-69.998	
2	312.000	-69.998	
2	312.100	-69.998	
2	312.200	-69.998	
2	312.300	-69.998	
2	312.400	-69.998	
2	312.500	-69.998	
2	312.600	-69.998	
2	312.700	-69.998	
2	312.800	-69.998	
2	312.900	-69.998	
2	313.000	-69.998	
2	313.100	-69.998	
2	313.200	-69.998	
2	313.300	-69.998	
2	313.400	-69.998	
2	313.500	-69.998	
2	313.600	-69.998	
2	313.700	-69.998	
2	313.800	-69.998	
2	313.900	-69.998	
2	314.000	-69.998	
2	314.100	-69.998	
2	314.200	-69.998	
2	314.300	-69.998	
2	314.400	-69.998	
2	314.500	-69.998	
2	314.600	-69.998	
2	314.700	-69.998	
2	314.800	-69.998	
2	314.900	-69.998	
2	315.000	-69.998	
2	315.100	-69.998	
2	315.200	-69.998	
2	315.300	-69.998	
2	315.400	-69.998	
2	315.500	-69.998	
2	315.600	-69.998	
2	315.700	-69.998	
2	315.800	-69.998	
2	315.900	-69.998	
2	316.000	-69.998	
2	316.100	-69.998	
2	316.200	-69.998	
2	316.300	-69.998	
2	316.400	-69.998	
2	316.500	-69.998	
2	316.600	-69.998	
2	316.700	-69.998	
2	316.800	-69.998	
2	316.900	-69.998	
2	317.000	-69.998	
2	317.100	-69.998	
2	317.200	-69.998	
2	317.300	-69.998	
2	317.400	-69.998	
2	317.500	-69.998	
2	317.600	-69.998	
2	317.700	-69.998	
2	317.800	-69.998	
2	317.900	-69.998	
2	318.000	-69.998	
2	318.100	-69.998	
2	318.200	-69.998	
2	318.300	-69.998	
2	318.400	-69.998	
2	318.500	-69.998	
2	318.600	-69.998	
2	318.700	-69.998	
2	318.800	-69.998	
2	318.900	-69.998	
2	319.000	-69.998	
2	319.100	-69.998	
2	319.200	-69.998	
2	319.300	-69.998	
2	319.400	-69.998	
2	319.500	-69.998	
2	319.600	-69.998	
2	319.700	-69.998	
2	319.800	-69.998	
2	319.900	-69.998	
2	320.000	-69.998	
2	320.100	-69.998	
2	320.200	-69.998	
2	320.300	-69.998	
2	320.400	-69.998	
2	320.500	-69.998	
2	320.600	-69.998	
2	320.700	-69.998	
2	320.800	-69.998	
2	320.900	-69.998	
2	321.000	-69.998	
2	321.100	-69.998	
2	321.200	-69.998	
2	321.300	-69.998	
2	321.400	-69.998	
2	321.500	-69.998	
2	321.600	-69.998	
2	321.700	-69.998	
2	321.800	-69.998	
2	321.900	-69.998	
2	322.000	-69.998	
2	322.100	-69.998	
2	322.200	-69.998	
2	322.300	-69.998	
2	322.400	-69.998	
2	322.500	-69.998	
2	322.600	-69.998	
2	322.700	-69.998	
2	322.800	-69.998	
2	322.900	-69.998	
2	323.000	-69.998	
2	323.100	-69.998	
2	323.200	-69.998	
2	323.300	-69.998	
2	323.400	-69.998	
2	323.500	-69.998	
2	323.600	-69.998	
2	323.700	-69.998	
2	323.800	-69.998	
2	323.900	-69.998	
2	324.000	-69.998	
2	324.100	-69.998	
2	324.200	-69.998	
2	324.300	-69.998	
2	324.400	-69.998	
2	324.500	-69.998	
2	324.600	-69.998	
2	324.700	-69.998	
2	324.800	-69.998	
2	324.900	-69.998	
2	325.000	-69.998	
2	325.100	-69.998	
2	325.200	-69.998	
2	325.300	-69.998	
2	325.400	-69.998	
2	325.500	-69.998	
2	325.600	-69.998	
2	325.700	-69.998	
2	325.800	-69.998	
2	325.900	-69.998	
2	326.000	-69.998	
2	326.100	-69.998	
2	326.200	-69.998	
2	326.300	-69.998	
2	326.400	-69.998	
2	326.500	-69.998	
2	326.600	-69.998	
2	326.700	-69.998	
2	326.800	-69.998	
2	326.900	-69.998	
2	327.000	-69.998	
2	327.100	-69.998	
2	327.200	-69.998	
2	327.300	-69.998	
2	327.400	-69.998	
2	327.500	-69.998	
2	327.600	-69.998	
2	327.700	-69.998	
2	327.800	-69.998	
2	327.900	-69.998	
2	328.000	-69.998	
2	328.100	-69.998	
2	328.200	-69.998	
2	328.300	-69.998	
2	328.400	-69.998	
2	328.500	-69.998	
2	328.600	-69.998	
2	328.700	-69.998	
2	328.800	-69.998	
2	328.900	-69.998	
2	329.000	-69.998	
2	329.100	-69.998	
2	329.200	-69.998	
2	329.300	-69.998	
2	329.400	-69.998	
2	329.500	-69.998	
2	329.600	-69.998	
2	329.700	-69.998	
2	329.800	-69.998	
2	329.900	-69.998	
2	330.000	-69.998	
2	330.100	-69.998	
2	330.200	-69.998	
2	330.300	-69.998	
2	330.400	-69.998	
2	330.500	-69.998	
2	330.600	-69.998	
2	330.700	-69.998	
2	330.800	-69.998	
2	330.900	-69.998	
2	331.000	-69.998	
2	331.100	-69.998	
2	331.200	-69.998	
2	331.300	-69.998	
2	331.400	-69.998	
2	331.500	-69.998	
2	331.600	-69.998	
2	331.700	-69.998	
2	331.800	-69.998	
2	331.900	-69.998	
2	332.000	-69.998	
2	332.100	-69.998	
2	332.200	-69.998	
2	332.300	-69.998	
2	332.400	-69.998	
2	332.500	-69.998	
2	332.600	-69.998	
2	332.700	-69.998	
2	332.800	-69.998	
2	332.900	-69.998	
2	333.000	-69.998	
2	333.100	-69.998	
2	333.200	-69.998	
2	333.300	-69.998	
2	333.400	-69.998	
2	333.500	-69.998	
2	333.600	-69.998	
2	333.700	-69.998	
2	333.800	-69.998	
2	333.900	-69.998	
2	334.000	-69.998	
2	334.100	-69.998	
2	334.200	-69.998	
2	334.300	-69.998	
2	334.400	-69.998	
2	334.500	-69.998	
2	334.600	-69.998	
2	334.700	-69.998	
2	334.800	-69.998	
2	334.900	-69.998	
2	335.000	-69.998	
2	335.100	-69.998	
2	335.200	-69.998	
2	335.300	-69.998	
2	335.400	-69.998	
2	335.500	-69.998	
2	335.600	-69.998	
2	335.700	-69.998	
2	335.800	-69.998	
2	335.900	-69.998	
2	336.000	-69.998	
2	336.100	-69.998	
2	336.200	-69.998	
2	336.300	-69.998	
2	336.400	-69.998	
2	336.500	-69.998	
2	336.600	-69.998	
2	336.700	-69.998	
2	336.800	-69.998	
2	336.900	-69.998	
2	337.000	-69.998	
2	337.100	-69.998	
2	337.200	-69.998	
2	337.300	-69.998	
2	337.400	-69.998	
2	337.500	-69.998	
2	337.600	-69.998	
2	337.700	-69.998	
2	337.800	-69.998	
2	337.900	-69.998	
2	338.000	-69.998	
2	338.100	-69.998	
2	338.200	-69.998	
2	338.300	-69.998	
2	338.400	-69.998	
2	338.500	-69.998	
2	338.600	-69.998	
2	338.700	-69.998	
2	338.800	-69.998	
2	338.900	-69.998	
2	339.000	-69.998	
2	339.100	-69.998	
2	339.200	-69.998	
2	339.300	-69.998	
2	339.400	-69.998	
2	339.500	-69.998	
2	339.600	-69.998	
2	339.700	-69.998	
2	339.800	-69.998	
2	339.900	-69.998	
2	340.000	-69.998	
2	340.100	-69.998	
2	340.200	-69.998	
2	340.300	-69.998	
2	340.400	-69.998	
2	340.500	-69.998	
2	340.600	-69.998	
2	340.700	-69.998	
2	340.800	-69.998	
2	340.900	-69.998	
2	341.000	-69.998	
2	341.100	-69.998	
2	341.200	-69.998	
2	341.300	-69.998	
2	341.400	-69.998	
2	341.500	-69.998	
2	341.600	-69.998	
2	341.700	-69.998	
2	341.800	-69.998	
2	341.900	-69.998	
2	342.000	-69.998	
2	342.100	-69.998	
2	342.200	-69.998	
2	342.300	-69.998	
2	342.400	-69.998	
2	342.500	-69.998	
2	342.600	-69.998	
2	342.700	-69.998	
2	342.800	-69.998	
2	342.900	-69.998	
2	343.000	-69.998	
2	343.100	-69.998	
2	343.200	-69.998	
2	343.300	-69.998	
2	343.400	-69.998	
2	343.500	-69.998	
2	343.600	-69.998	
2	343.700	-69.998	
2	343.800	-69.998	
2	343.900	-69.998	
2	344.000	-69.998	
2	344.100	-69.998	
2	344.200	-69.998	
2	344.300	-69.998	
2	344.400	-69.998	
2	344.500	-69.998	
2	344.600	-69.998	
2	344.700	-69.998	
2	344.800	-69.998	
2	344.900	-69.998	
2	345.000	-69.998	
2	345.100	-69.998	
2	345.200	-69.998	
2	345.300	-69.998	
2	345.400	-69.998	
2	345.500	-69.998	
2	345.600	-69.998	
2	345.700	-69.998	
2	345.800	-69.998	
2	345.900	-69.998	
2	346.000	-69.998	
2	346.100	-69.998	
2	346.200	-69.998	
2	346.300	-69.998	
2	346.400	-69.998	
2	346.500	-69.998	
2	346.600	-69.998	
2	346.700	-69.998	
2	346.800	-69.998	
2	346.900	-69.998	
2	347.000	-69.998	
2	347.100	-69.998	
2	347.200	-69.998	
2	347.300	-69.998	
2	347.400	-69.998	
2	347.500	-69.998	
2	347.600	-69.998	
2	347.700	-69.998	
2	347.800	-69.998	
2	347.900	-69.998	
2	348.000	-69.998	
2	348.100	-69.998	
2	348.200	-69.998	
2	348.300	-69.998	
2	348.400	-69.998	
2	348.500	-69.998	
2	348.600	-69.998	
2	348.700	-69.998	
2	348.800	-69.998	
2	348.900	-69.998	
2	349.000	-69.998	
2	349.100	-69.998	
2	349.200	-69.998	
2	349.300	-69.998	
2	349.400	-69.998	
2	349.500	-69.998	
2	349.600	-69.998	
2	349.700	-69.998	
2	349.800	-69.998	
2	349.900	-69.998	
2	350.000	-69.998	
2	350.100	-69.998	
2	350.200	-69.998	
2	350.300	-69.998	
2	350.400	-69.998	
2	350.500	-69.998	
2	350.600	-69.998	
2	350.700	-69.998	
2	350.800	-69.998	
2	350.900	-69.998	
2	351.000	-69.998	
2	351.100	-69.998	
2	351.200	-69.998	
2	351.300	-69.998	
2	351.400	-69.998	
2	351.500	-69.998	
2	351.600	-69.998	
2	351.700	-69.998	
2	351.800	-69.998	
2	351.900	-69.998	
2	352.000	-69.998	
2	352.100	-69.998	
2	352.200	-69.998	
2	352.300	-69.998	
2	352.400	-69.998	
2	352.500	-69.998	
2	352.600	-69.998	
2	352.700	-69.998	
2	352.800	-69.998	
2	352.900	-69.998	
2	353.000	-69.998	
2	353.100	-69.998	
2	353.200	-69.998	
2	353.300	-69.998	
2	353.400	-69.998	
2	353.500	-69.998	
2	353.600	-69.998	
2	353.700	-69.998	
2	353.800	-69.998	
2	353.900	-69.998	
2	354.000	-69.998	
2	354.100	-69.998	
2	354.200	-69.998	
2	354.300	-69.998	
2	354.400	-69.998	
2	354.500	-69.998	
2	354.600	-69.998	
2	354.700	-69.998	
2	354.800	-69.998	
2	354.900	-69.998	
2	355.000	-69.998	
2	355.100	-69.998	
2	355.200	-69.998	
2	355.300	-69.998	
2	355.400	-69.998	
2	355.500	-69.998	
2	355.600	-69.998	
2	355.700	-69.998	
2	355.800	-69.998	
2	355.900	-69.998	
2	356.000	-69.998	
2	356.100	-69.998	
2	356.200	-69.998	
2	356.300	-69.998	
2	356.400	-69.998	
2	356.500	-69.998	
2	356.600	-69.998	
2	356.700	-69.998	
2	356.800	-69.998	
2	356.900	-69.998	
2	357.000	-69.998	
2	357.100	-69.998	
2	357.200	-69.998	
2	357.300	-69.998	
2	357.400	-69.998	
2	357.500	-69.998	
2	357.600	-69.998	
2	357.700	-69.998	
2	357.800	-69.998	
2	357.900	-69.998	
2	358.000	-69.998	
2	358.100	-69.998	
2	358.200	-69.998	
2	358.300	-69.998	
2	358.400	-69.998	
2	358.500	-69.998	
2	358.600	-69.998	
2	358.700	-69.998	
2	358.800	-69.998	
2	358.900	-69.998	
2	359.000	-69.998	
2	359.100	-69.998	
2	359.200	-69.998	
2	359.300	-69.998	
2	359.400	-69.998	
2	359.500	-69.998	
2	359.600	-69.998	
2	359.700	-69.998	
2	359.800	-69.998	
2	359.900	-69.998	
2	360.000	-69.998	
2	360.100	-69.998	
2	360.200	-69.998	
2	360.300	-69.998	
2	360.400	-69.998	
2	360.500	-69.998	
2	360.600	-69.998	
2	360.700	-69.998	
2	360.800	-69.998	
2	360.900	-69.998	
2	361.000	-69.998	
2	361.100	-69.998	
2	361.200	-69.998	
2	361.300	-69.998	
2	361.400	-69.998	
2	361.500	-69.998	
2	361.600	-69.998	
2	361.700	-69.998	
2	361.800	-69.998	
2	361.900	-69.998	
2	362.000	-69.998	
2	362.100	-69.998	
2	362.200	-69.998	
2	362.300	-69.998	
2	362.400	-69.998	
2	362.500	-69.998	
2	362.600	-69.998	
2	362.700	-69.998	
2	362.800	-69.998	
2	362.900	-69.998	
2	363.000	-69.998	
2	363.100	-69.998	
2	363.200	-69.998	
2	363.300	-69.998	
2	363.400	-69.998	
2	363.500	-69.998	
2	363.600	-69.998	
2	363.700	-69.998	
2	363.800	-69.998	
2	363.900	-69.998	
2	364.000	-69.998	
2	364.100	-69.998	
2	364.200	-69.998	
2	364.300	-69.998	
2	364.400	-69.998	
2	364.500	-69.998	
2	364.600	-69.998	
2	364.700	-69.998	
2	364.800	-69.998	
2	364.900	-69.998	
2	365.000	-69.998	
2	365.100	-69.998	
2	365.200	-69.998	
2	365.300	-69.998	
2	365.400	-69.998	
2	365.500	-69.998	
2	365.600	-69.998	
2	365.700	-69.998	
2	365.800	-69.998	
2	365.900	-69.998	
2	366.000	-69.998	
2	366.100	-69.998	
2	366.200	-69.998	
2	366.300	-69.998	
2	366.400	-69.998	
2	366.500	-69.998	
2	366.600	-69.998	
2	366.700	-69.998	
2	366.800	-69.998	
2	366.900	-69.998	
2	367.000	-69.998	
2	367.100	-69.998	
2	367.200	-69.998	
2	367.300	-69.998	
2	367.400	-69.998	
2	367.500	-69.998	
2	367.600	-69.998	
2	367.700	-69.998	
2	367.800	-69.998	
2	367.900	-69.998	
2	368.000	-69.998	
2	368.100	-69.998	
2	368.200	-69.998	
2	368.300	-69.998	
2	368.400	-69.998	
2	368.500	-69.998	
2	368.600	-69.998	
2	368.700	-69.998	
2	368.800	-69.998	
2	368.900	-69.998	
2	369.000	-69.998	
2	369.100	-69.998	
2	369.200	-69.998	
2	369.300	-69.998	
2	369.400	-69.998	
2	369.500	-69.998	
2	369.600	-69.998	
2	369.700	-69.998	
2	369.800	-69.998	
2	369.900	-69.998	
2	370.000	-69.998	
2	370.100	-69.998	
2	370.200	-69.998	
2	370.300	-69.998	
2	370.400	-69.998	
2	370.500	-69.998	
2	370.600	-69.998	
2	370.700	-69.998	
2	370.800	-69.998	
2	370.900	-69.998	
2	371.000	-69.998	
2	371.100	-69.998	
2	371.200	-69.998	
2	371.300	-69.998	
2	371.400	-69.998	
2	371.500	-69.998	
2	371.600	-69.998	
2	371.700	-69.998	
2	371.800	-69.998	
2	371.900	-69.998	
2	372.000	-69.998	
2	372.100	-69.998	
2	372.200	-69.998	
2	372.300	-69.998	
2	372.400	-69.998	
2	372.500	-69.998	
2	372.600	-69.998	
2	372.700	-69.998	
2	372.800	-69.998	
2	372.900	-69.998	
2	373.000	-69.998	
2	373.100	-69.998	
2	373.200	-69.998	
2	373.300	-69.998	
2	373.400	-69.998	
2	373.500	-69.998	
2	373.600	-69.998	
2	373.700	-69.998	
2	373.800	-69.998	
2	373.900	-69.998	
2	374.000	-69.998	
2	374.100	-69.998	
2	374.200	-69.998	
2	374.300	-69.998	
2	374.400	-69.998	
2	374.500	-69.998	
2	374.600	-69.998	
2	374.700	-69.998	
2	374.800	-69.998	
2	374.900	-69.998	
2	375.000	-69.998	
2	375.100	-69.998	
2	375.200	-69.998	
2	375.300	-69.998	
2	375.400	-69.998	
2	375.500	-69.998	
2	375.600	-69.998	
2	375.700	-69.998	
2	375.800	-69.998	
2	375.900	-69.998	
2	376.000	-69.998	
2	376.100	-69.998	
2	376.200	-69.998	
2	376.300	-69.998	
2	376.400	-69.998	
2	376.500	-69.998	
2	376.600	-69.998	
2	376.700	-69.998	
2	376.800	-69.998	
2	376.900	-69.998	
2	377.000	-69.998	
2	377.100	-69.998	
2	377.200	-69.998	
2	377.300	-69.998	
2	377.400	-69.998	
2	377.500	-69.998	
2	377.600	-69.998	
2	377.700	-69.998	
2	377.800	-69.998	
2	377.900	-69.998	
2	378.000	-69.998	
2	378.100	-69.998	
2	378.200	-69.998	
2	378.300	-69.998	
2	378.400	-69.998	
2	378.500	-69.998	
2	378.600	-69.998	
2	378.700	-69.998	
2	378.800	-69.998	
2	378.900	-69.998	
2	379.000	-69.998	
2	379.100	-69.998	
2	379.200	-69.998	
2	379.300	-69.998	
2	379.400	-69.998	
2	379.500	-69.998	
2	379.600	-69.998	
2	379.700	-69.998	
2	379.800	-69.998	
2	379.900	-69.998	
2	380.000	-69.998	
2	380.100	-69.998	
2	380.200	-69.998	
2	380.300	-69.998	
2	380.400	-69.998	
2	380.500	-69.998	
2	380.600	-69.998	
2	380.700	-69.998	
2	380.800	-69.998	
2	380.900	-69.998	
2	381.000	-69.998	
2	381.100	-69.998	
2	381.200	-69.998	
2	381.300	-69.998	
2	381.400	-69.998	
2	381.500	-69.998	
2	381.600	-69.998	
2	381.700	-69.998	
2	381.800	-69.998	
2	381.900	-69.998	
2	382.000	-69.998	
2	382.100	-69.998	
2	382.200	-69.998	
2	382.300	-69.998	
2	382.400	-69.998	
2	382.500	-69.998	
2	382.600	-69.998	
2	382.700	-69.998	
2	382.800	-69.998	
2	382.900	-69.998	
2	383.000	-69.998	
2	383.100	-69.998	
2	383.200	-69.998	
2	383.300	-69.998	
2	383.400	-69.998	
2	383.500	-69.998	
2	383.600	-69.998	
2	383.700	-69.998	
2	383.800	-69.998	
2	383.900	-69.998	
2	384.000	-69.998	
2	384.100	-69.998	
2	384.200	-69.998	
2	384.300	-69.998	
2	384.400	-69.998	
2	384.500	-69.998	
2	384.600	-69.998	
2	384.700	-69.998	
2	384.800	-69.998	
2	384.900	-69.998	
2	385.000	-69.998	
2	385.100	-69.998	
2	385.200	-69.998	
2	385.300	-69.998	
2	385.400	-69.998	
2	385.500	-69.998	
2	385.600	-69.998	
2	385.700	-69.998	
2	385.800	-69.998	
2	385.900	-69.998	
2	386.000	-69.998	
2	386.100	-69.998	
2	386.200	-69.998	
2	386.300	-69.998	
2	386.400	-69.998	
2	386.500	-69.998	
2	386.600	-69.998	
2	386.700	-69.998	
2	386.800	-69.998	
2	386.900	-69.998	
2	387.000	-69.998	
2	387.100	-69.998	
2	387.200	-69.998	
2	387.300	-69.998	
2	387.400	-69.998	
2	387.500	-69.998	
2	387.600	-69.998	
2	387.700	-69.998	
2	387.800	-69.998	
2	387.900	-69.998	
2	388.000	-69.998	
2	388.100	-69.998	
2	388.200	-69.998	
2	388.300	-69.998	
2	388.400	-69.998	
2	388.500	-69.998	
2	388.600	-69.998	
2	388.700	-69.998	
2	388.800	-69.998	
2	388.900	-69.998	
2	389.000	-69.998	
2	389.100	-69.998	
2	389.200	-69.998	
2	389.300	-69.998	
2	389.400	-69.998	
2	389.500	-69.998	
2	389.600	-69.998	
2	389.700	-69.998	
2	389.800	-69.998	
2	389.900	-69.998	
2	390.000	-69.998	
2	390.100	-69.998	
2	390.200	-69.998	
2	390.300	-69.998	
2	390.400	-69.998	
2	390.500	-69.998	
2	390.600	-69.998	
2	390.700	-69.998	
2	390.800	-69.998	
2	390.900	-69.998	
2	391.000	-69.998	
2	391.100	-69.998	
2	391.200	-69.998	
2	391.300	-69.998	
2	391.400	-69.998	
2	391.500	-69.998	
2	391.600	-69.998	
2	391.700	-69.998	
2	391.800	-69.998	
2	391.900	-69.998	
2	392.000	-69.998	
2	392.100	-69.998	
2	392.200	-69.998	
2	392.300	-69.998	
2	392.400	-69.998	
2	392.500	-69.998	
2	392.600	-69.998	
2	392.700	-69.998	
2	392.800	-69.998	
2	392.900	-69.998	
2	393.000	-69.998	
2	393.100	-69.998	
2	393.200	-69.998	
2	393.300	-69.998	
2	393.400	-69.998	
2	393.500	-69.998	
2	393.600	-69.998	
2	393.700	-69.998	
2	393.800	-69.998	
2	393.900	-69.998	
2	394.000	-69.998	
2	394.100	-69.998	
2	394.200	-69.998	
2	394.300	-69.998	
2	394.400	-69.998	
2	394.500	-69.998	
2	394.600	-69.998	
2	394.700	-69.998	
2	394.800	-69.998	
2	394.900	-69.998	
2	395.000	-69.998	
2	395.100	-69.998	
2	395.200	-69.998	
2	395.300	-69.998	
2	395.400	-69.998	
2	395.500	-69.998	
2	395.600	-69.998	
2	395.700	-69.998	
2	395.800	-69.998	
2	395.900	-69.998	
2	396.000	-69.998	
2	396.100	-69.998	
2	396.200	-69.998	
2	396.300	-69.998	
2	396.400	-69.998	
2	396.500	-69.998	
2	396.600	-69.998	
2	396.700	-69.998	
2	396.800	-69.998	
2	396.900	-69.998	
2	397.000	-69.998	
2	397.100	-69.998	
2	397.200	-69.998	
2	397.300	-69.998	
2	397.400	-69.998	
2	397.500	-69.998	
2	397.600	-69.998	
2	397.700	-69.998	
2	397.800	-69.998	
2	397.900	-69.998	
2	398.000	-69.998	
2	398.100	-69.998	
2	398.200	-69.998	
2	398.300	-69.998	
2	398.400	-69.998	
2	398.500	-69.998	
2	398.600	-69.998	
2	398.700	-69.998	
2	398.800	-69.998	
2	398.900	-69.998	
2	399.000	-69.998	
2	399.100	-69.998	
2	399.200	-69.998	
2	399.300	-69.998	
2	399.400	-69.998	
2	399.500	-69.998	
2	399.600	-69.998	
2	399.700	-69.998	
2	399.800	-69.998	
2	399.900	-69.998	
2	400.000	-69.998	
2	400.100	-69.998	
2	400.200	-69.998	
2	400.300	-69.998	
2	400.400	-69.998	
2	400.500	-69.998	
2	400.600	-69.998	
2	400.700	-69.998	
2	400.800	-69.998	
2	400.900	-69.998	
2	401.000	-69.998	
2	401.100	-69.998	
2	401.200	-69.998	
2	401.300	-69.998	
2	401.400	-69.998	
2	401.500	-69.998	
2	401.600	-69.998	
2	401.700	-69.998	
2	401.800	-69.998	
2	401.900	-69.998	
2	402.000	-69.998	
2	402.100	-69.998	
2	402.200	-69.998	
2	402.300	-69.998	
2	402.400	-69.998	
2	402.500	-69.998	
2	402.600	-69.998	
2	402.700	-69.998	
2	402.800	-69.998	
2	402.900	-69.998	
2	403.000	-69.998	
2	403.100	-69.998	
2	403.200	-69.998	
2	403.300	-69.998	
2	403.400	-69.998	
2	403.500	-69.998	
2	403.600	-69.998	
2	403.700	-69.998	
2	403.800	-69.998	
2	403.900	-69.998	
2	404.000	-69.998	
2	404.100	-69.998	
2	404.200	-69.998	
2	404.300	-69.998	
2	404.400	-69.998	
2	404.500	-69.998	
2	404.600	-69.998	
2	404.700	-69.998	
2	404.800	-69.998	
2	404.900	-69.998	
2	405.000	-69.998	
2	405.100	-69.998	
2	405.200	-69.998	
2	405.300	-69.998	
2	405.400	-69.998	
2	405.500	-69.998	
2	405.600	-69.998	
2	405.700	-69.998	
2	405.800	-69.998	
2	405.900	-69.998	
2	406.000	-69.998	
2	406.100	-69.998	
2	406.200	-69.998	
2	406.300	-69.998	
2	406.400	-69.998	
2	406.500	-69.998	
2	406.600	-69.998	
2	406.700	-69.998	
2	406.800	-69.998	
2	406.900	-69.998	
2	407.000	-69.998	
2	407.100	-69.998	
2	407.200	-69.998	
2	407.300	-69.998	
2	407.400	-69.998	
2	407.500	-69.998	
2	407.600	-69.998	
2	407.700	-69.998	
2	407.800	-69.998	
2	407.900	-69.998	
2	408.000	-69.998	
2	408.100	-69.998	
2	408.200	-69.998	
2	408.300	-69.998	
2	408.400	-69.998	
2	408.500	-69.998	
2	408.600	-69.998	
2	408.700	-69.998	
2	408.800	-69.998	
2	408.900	-69.998	
2	409.000	-69.998	
2	409.100	-69.998	
2	409.200	-69.998	
2	409.300	-69.998	
2	409.400	-69.998	
2	409.500	-69.998	
2	409.600	-69.998	
2	409.700	-69.998	
2	409.800	-69.998	
2	409.900	-69.998	
2	410.000	-69.998	
2	410.100	-69.998	
2	410.200	-69.998	
2	410.300	-69.998	
2	410.400	-69.998	
2	410.500	-69.998	
2	410.600	-69.998	
2	410.700	-69.998	
2	410.800	-69.998	
2	410.900	-69.998	
2	411.000	-69.998	
2	411.100	-69.998	
2	411.200	-69.998	
2	411.300	-69.998	
2	411.400	-69.998	
2	411.500	-69.998	
2	411.600	-69.998	
2	411.700	-69.998	
2	411.800	-69.998	
2	411.900	-69.998	
2	412.000	-69.998	
2	412.100	-69.998	
2	412.200	-69.998	
2	412.300	-69.998	
2	412.400	-69.998	
2	412.500	-69.998	
2	412.600	-69.998	
2	412.700	-69.998	
2	412.800	-69.998	
2	412.900	-69.998	
2	413.000	-69.998	
2	413.100	-69.998	
2	413.200	-69.998	
2	413.300	-69.998	
2	413.400	-69.998	
2	413.500	-69.998	
2	413.600	-69.998	
2	413.700	-69.998	
2	413.800	-69.998	
2	413.900	-69.998	
2	414.000	-69.998	
2	414.100	-69.998	
2	414.200	-69.998	
2	414.300	-69.998	
2	414.400	-69.998	
2	414.500	-69.998	
2	414.600	-69.998	
2	414.700	-69.998	
2	414.800	-69.998	
2	414.900	-69.998	
2	415.000	-69.998	
2	415.100	-69.998	
2	415.200	-69.998	
2	415.300	-69.998	
2	415.400	-69.998	
2	415.500	-69.998	
2	415.600	-69.998	
2	415.700	-69.998	
2	415.800	-69.998	
2	415.900	-69.998	
2	416.000	-69.998	
2	416.100	-69.998	
2	416.200	-69.998	
2	416.300	-69.998	
2	416.400	-69.998	
2	416.500	-69.998	
2	416.600	-69.998	
2	416.700	-69.998	
2	416.800	-69.998	
2	416.900	-69.998	
2	417.000	-69.998	
2	417.100	-69.998	
2	417.200	-69.998	
2	417.300	-69.998	
2	417.400	-69.998	
2	417.500	-69.998	
2	417.600	-69.998	
2	417.700	-69.998	
2	417.800	-69.998	
2	417.900	-69.998	
2	418.000	-69.998	
2	418.100	-69.998	
2	418.200	-69.998	
2	418.300	-69.998	
2	418.400	-69.998	
2	418.500	-69.998	
2	418.600	-69.998	
2	418.700	-69.998	
2	418.800	-69.998	
2	418.900	-69.998	
2	419.000	-69.998	
2	419.100	-69.998	
2	419.200	-69.998	
2	419.300	-69.998	
2	419.400	-69.998	
2	419.500	-69.998	
2	419.600	-69.998	
2	419.700	-69.998	
2	419.800	-69.998	
2	419.900	-69.998	
2	420.000	-69.998	
2	420.100	-69.998	
2	420.200	-69.998	
2	420.300	-69.998	
2	420.400	-69.998	
2	420.500	-69.998	
2	420.600	-69.998	
2	420.700	-69.998	
2	420.800	-69.998	
2	420.900	-69.998	
2	421.000	-69.998	
2	421.100	-69.998	
2	421.200	-69.998	
2	421.300	-69.998	
2	421.400	-69.998	
2	421.500	-69.998	
2	421.600	-69.998	
2	421.700	-69.998	
2	421.800	-69.998	
2	421.900	-69.998	
2	422.000	-69.998	
2	422.100	-69.998	
2	422.200	-69.998	
2	422.300	-69.998	
2	422.400	-69.998	
2	422.500	-69.998	
2	422.600	-69.998	
2	422.700	-69.998	
2	422.800	-69.998	
2	422.900	-69.998	
2	423.000	-69.998	
2	423.100	-69.998	
2	423.200	-69.998	
2	423.300	-69.998	
2	423.400	-69.998	
2	423.500	-69.998	
2	423.600	-69.998	
2	423.700	-69.998	
2	423.800	-69.998	
2	423.900	-69.998	
2	424.000	-69.998	
2	424.100	-69.998	
2	424.200	-69.998	
2	424.300	-69.998	
2	424.400	-69.998	
2	424.500	-69.998	
2	424.600	-69.998	
2	424.700	-69.998	
2	424.800	-69.998	
2	424.900	-69.998	
2	425.000	-69.998	
2	425.100	-69.998	
2	425.200	-69.998	
2	425.300	-69.998	
2	425.400	-69.998	
2	425.500	-69.998	
2	425.600	-69.998	
2	425.700	-69.998	
2	425.800	-69.998	
2	425.900	-69.998	
2	426.000	-69.998	
2	426.100	-69.998	
2	426.200	-69.998	
2	426.300	-69.998	
2	426.400	-69.998	
2	426.500	-69.998	
2	426.600	-69.998	
2	426.700	-69.998	
2	426.800	-69.998	
2	426.900	-69.998	
2	427.000	-69.998	
2	427.100	-69.998	
2	427.200	-69.998	
2	427.300	-69.998	
2	427.400	-69.998	
2	427.500	-69.998	
2	427.600	-69.998	
2	427.700	-69.998	
2	427.800	-69.998	
2	427.900	-69.998	
2	428.000	-69.998	
2	428.100	-69.998	
2	428.200	-69.998	
2	428.300	-69.998	
2	428.400	-69.998	
2	428.500	-69.998	
2	428.600	-69.998	
2	428.700	-69.998	
2	428.800	-69.998	
2	428.900	-69.998	
2	429.000	-69.998	
2	429.100	-69.998	
2	429.200	-69.998	
2	429.300	-69.998	
2	429.400	-69.998	
2	429.500	-69.998	
2	429.600	-69.998	
2	429.700	-69.998	
2	429.800	-69.998	
2	429.900	-69.998	
2	430.000	-69.998	
2	430.100	-69.998	
2	430.200	-69.998	
2	430.300	-69.998	
2	430.400	-69.998	
2	430.500	-69.998	
2	430.600	-69.998	
2	430.700	-69.998	
2	430.800	-69.998	
2	430.900	-69.998	
2	431.000	-69.998	
2	431.100	-69.998	
2	431.200	-69.998	
2	431.300	-69.998	
2	431.400	-69.998	
2	431.500	-69.998	
2	431.600	-69.998	
2	431.700	-69.998	
2	431.800	-69.998	
2	431.900	-69.998	
2	432.000	-69.998	
2	432.100	-69.998	
2	432.200	-69.998	
2	432.300	-69.998	
2	432.400	-69.998	
2	432.500	-69.998	
2	432.600	-69.998	
2	432.700	-69.998	
2	432.800	-69.998	
2	432.900	-69.998	
2	433.000	-69.998	
2	433.100	-69.998	
2	433.200	-69.998	
2	433.300	-69.998	
2	433.400	-69.998	
2	433.500	-69.998	
2	433.600	-69.998	
2	433.700	-69.998	
2	433.800	-69.998	
2	433.900	-69.998	
2	434.000	-69.998	
2	434.100	-69.998	
2	434.200	-69.998	
2	434.300	-69.998	
2	434.400	-69.998	
2	434.500	-69.998	
2	434.600	-69.998	
2	434.700	-69.998	
2	434.800	-69.998	
2	434.900	-69.998	
2	435.000	-69.998	
2	435.100	-69.998	
2	435.200	-69.998	
2	435.300	-69.998	
2	435.400	-69.998	
2	435.500	-69.998	
2	435.600	-69.998	
2	435.700	-69.998	
2	435.800	-69.998	
2	435.900	-69.998	
2	436.000	-69.998	
2	436.100	-69.998	
2	436.200	-69.998	
2	436.300	-69.998	
2	436.400	-69.998	
2	436.500	-69.998	
2	436.600	-69.998	
2	436.700	-69.998	
2	436.800	-69.998	
2	436.900	-69.998	
2	437.000	-69.998	
2	437.100	-69.998	
2	437.200	-69.998	
2	437.300	-69.998	
2	437.400	-69.998	
2	437.500	-69.998	
2	437.600	-69.998	
2	437.700	-69.998	
2	437.800	-69.998	
2	437.900	-69.998	
2	438.000	-69.998	
2	438.100	-69.998	
2	438.200	-69.998	
2	438.300	-69.998	
2	438.400	-69.998	
2	438.500	-69.998	
2	438.600	-69.998	
2	438.700	-69.998	
2	438.800	-69.998	
2	438.900	-69.998	
2	439.000	-69.998	
2	439.100	-69.998	
2	439.200	-69.998	
2	439.300	-69.998	
2	439.400	-69.998	
2	439.500	-69.998	
2	439.600	-69.998	
2	439.700	-69.998	
2	439.800	-69.998	
2	439.900	-69.998	
2	440.000	-69.998	
2	440.100	-69.998	
2	440.200	-69.998	
2	440.300	-69.998	
2	440.400	-69.998	
2	440.500	-69.998	
2	440.600	-69.998	
2	440.700	-69.998	
2	440.800	-69.998	
2	440.900	-69.998	
2	441.000	-69.998	
2	441.100	-69.998	
2	441.200	-69.998	
2	441.300	-69.998	
2	441.400	-69.998	
2	441.500	-69.998	
2	441.600	-69.998	
2	441.700	-69.998	
2	441.800	-69.998	
2	441.900	-69.998	
2	442.000	-69.998	
2	442.100	-69.998	
2	442.200	-69.998	
2	442.300	-69.998	
2	442.400	-69.998	
2	442.500	-69.998	
2	442.600	-69.998	
2	442.700	-69.998	
2	442.800	-69.998	
2	442.900	-69.998	
2	443.000	-69.998	
2	443.100	-69.998	
2	443.200	-69.998	
2	443.300	-69.998	
2	443.400	-69.998	
2	443.500	-69.998	
2	443.600	-69.998	
2	443.700	-69.998	
2	443.800	-69.998	
2	443.900	-69.998	
2	444.000	-69.998	
2	444.100	-69.998	
2	444.200	-69.998	
2	444.300	-69.998	
2	444.400	-69.998	
2	444.500	-69.998	
2	444.600	-69.998	
2	444.700	-69.998	
2	444.800	-69.998	
2	444.900	-69.998	
2	445.000	-69.998	
2	445.100	-69.998	
2	445.200	-69.998	
2	445.300	-69.998	
2	445.400	-69.998	
2	445.500	-69.998	
2	445.600	-69.998	
2	445.700	-69.998	
2	445.800	-69.998	
2	445.900	-69.998	
2	446.000	-69.998	
2	446.100	-69.998	
2	446.200	-69.998	
2	446.300	-69.998	
2	446.400	-69.998	
2	446.500	-69.998	
2	446.600	-69.998	
2	446.700	-69.998	
2	446.800	-69.998	
2	446.900	-69.998	
2	447.000	-69.998	
2	447.100	-69.998	
2	447.200	-69.998	
2	447.300	-69.998	
2	447.400	-69.998	
2	447.500	-69.998	
2	447.600	-69.998	
2	447.700	-69.998	
2	447.800	-69.998	
2	447.900	-69.998	
2	448.000	-69.998	
2	448.100	-69.998	
2	448.200	-69.998	
2	448.300	-69.998	
2	448.400	-69.998	
2	448.500	-69.998	
2	448.600	-69.998	
2	448.700	-69.998	
2	448.800	-69.998	
2	448.900	-69.998	
2	449.000	-69.998	
