12	0.100	-70.000	
12	0.200	-70.000	
12	0.300	-70.000	
12	0.400	-70.000	
12	0.500	-70.000	
12	0.600	-70.000	
12	0.700	-70.000	
12	0.800	-70.000	
12	0.900	-70.000	
12	1.000	-70.000	
12	1.100	-70.000	
12	1.200	-70.000	
12	1.300	-70.000	
12	1.400	-70.000	
12	1.500	-70.000	
12	1.600	-70.000	
12	1.700	-70.000	
12	1.800	-69.999	
12	1.900	-69.999	
12	2.000	-69.999	
12	2.100	-69.999	
12	2.200	-69.999	
12	2.300	-69.999	
12	2.400	-69.999	
12	2.500	-69.999	
12	2.600	-69.999	
12	2.700	-69.999	
12	2.800	-69.999	
12	2.900	-69.999	
12	3.000	-69.999	
12	3.100	-69.999	
12	3.200	-69.999	
12	3.300	-69.999	
12	3.400	-69.999	
12	3.500	-69.999	
12	3.600	-69.999	
12	3.700	-69.999	
12	3.800	-69.999	
12	3.900	-69.999	
12	4.000	-69.999	
12	4.100	-69.999	
12	4.200	-69.999	
12	4.300	-69.999	
12	4.400	-69.999	
12	4.500	-69.999	
12	4.600	-69.999	
12	4.700	-69.999	
12	4.800	-69.999	
12	4.900	-69.999	
12	5.000	-69.999	
12	5.100	-69.999	
12	5.200	-69.999	
12	5.300	-69.999	
12	5.400	-69.999	
12	5.500	-69.999	
12	5.600	-69.999	
12	5.700	-69.999	
12	5.800	-69.999	
12	5.900	-69.999	
12	6.000	-69.999	
12	6.100	-69.999	
12	6.200	-69.999	
12	6.300	-69.999	
12	6.400	-69.999	
12	6.500	-69.999	
12	6.600	-69.999	
12	6.700	-69.999	
12	6.800	-69.999	
12	6.900	-69.999	
12	7.000	-69.999	
12	7.100	-69.999	
12	7.200	-69.999	
12	7.300	-69.999	
12	7.400	-69.999	
12	7.500	-69.999	
12	7.600	-69.999	
12	7.700	-69.999	
12	7.800	-69.999	
12	7.900	-69.999	
12	8.000	-69.999	
12	8.100	-69.999	
12	8.200	-69.999	
12	8.300	-69.999	
12	8.400	-69.999	
12	8.500	-69.999	
12	8.600	-69.999	
12	8.700	-69.999	
12	8.800	-69.999	
12	8.900	-69.999	
12	9.000	-69.999	
12	9.100	-69.999	
12	9.200	-69.999	
12	9.300	-69.999	
12	9.400	-69.999	
12	9.500	-69.999	
12	9.600	-69.999	
12	9.700	-69.999	
12	9.800	-69.999	
12	9.900	-69.998	
12	10.000	-69.998	
12	10.100	-69.998	
12	10.200	-69.998	
12	10.300	-69.998	
12	10.400	-69.998	
12	10.500	-69.998	
12	10.600	-69.998	
12	10.700	-69.998	
12	10.800	-69.998	
12	10.900	-69.998	
12	11.000	-69.998	
12	11.100	-69.998	
12	11.200	-69.998	
12	11.300	-69.998	
12	11.400	-69.998	
12	11.500	-69.998	
12	11.600	-69.998	
12	11.700	-69.998	
12	11.800	-69.998	
12	11.900	-69.998	
12	12.000	-69.998	
12	12.100	-69.998	
12	12.200	-69.998	
12	12.300	-69.998	
12	12.400	-69.998	
12	12.500	-69.998	
12	12.600	-69.998	
12	12.700	-69.998	
12	12.800	-69.998	
12	12.900	-69.998	
12	13.000	-69.998	
12	13.100	-69.998	
12	13.200	-69.998	
12	13.300	-69.998	
12	13.400	-69.998	
12	13.500	-69.998	
12	13.600	-69.998	
12	13.700	-69.998	
12	13.800	-69.998	
12	13.900	-69.998	
12	14.000	-69.998	
12	14.100	-69.998	
12	14.200	-69.998	
12	14.300	-69.998	
12	14.400	-69.998	
12	14.500	-69.998	
12	14.600	-69.998	
12	14.700	-69.998	
12	14.800	-69.998	
12	14.900	-69.998	
12	15.000	-69.998	
12	15.100	-69.998	
12	15.200	-69.998	
12	15.300	-69.998	
12	15.400	-69.998	
12	15.500	-69.998	
12	15.600	-69.998	
12	15.700	-69.998	
12	15.800	-69.998	
12	15.900	-69.998	
12	16.000	-69.998	
12	16.100	-69.998	
12	16.200	-69.998	
12	16.300	-69.998	
12	16.400	-69.998	
12	16.500	-69.998	
12	16.600	-69.998	
12	16.700	-69.998	
12	16.800	-69.998	
12	16.900	-69.998	
12	17.000	-69.998	
12	17.100	-69.998	
12	17.200	-69.998	
12	17.300	-69.998	
12	17.400	-69.998	
12	17.500	-69.998	
12	17.600	-69.998	
12	17.700	-69.998	
12	17.800	-69.998	
12	17.900	-69.998	
12	18.000	-69.998	
12	18.100	-69.998	
12	18.200	-69.998	
12	18.300	-69.998	
12	18.400	-69.998	
12	18.500	-69.998	
12	18.600	-69.998	
12	18.700	-69.998	
12	18.800	-69.998	
12	18.900	-69.998	
12	19.000	-69.998	
12	19.100	-69.998	
12	19.200	-69.998	
12	19.300	-69.998	
12	19.400	-69.998	
12	19.500	-69.998	
12	19.600	-69.998	
12	19.700	-69.998	
12	19.800	-69.998	
12	19.900	-69.998	
12	20.000	-69.998	
12	20.100	-69.998	
12	20.200	-69.998	
12	20.300	-69.998	
12	20.400	-69.998	
12	20.500	-69.998	
12	20.600	-69.998	
12	20.700	-69.998	
12	20.800	-69.998	
12	20.900	-69.998	
12	21.000	-69.998	
12	21.100	-69.998	
12	21.200	-69.998	
12	21.300	-69.998	
12	21.400	-69.998	
12	21.500	-69.998	
12	21.600	-69.998	
12	21.700	-69.998	
12	21.800	-69.998	
12	21.900	-69.998	
12	22.000	-69.998	
12	22.100	-69.998	
12	22.200	-69.998	
12	22.300	-69.998	
12	22.400	-69.998	
12	22.500	-69.998	
12	22.600	-69.998	
12	22.700	-69.998	
12	22.800	-69.998	
12	22.900	-69.998	
12	23.000	-69.998	
12	23.100	-69.998	
12	23.200	-69.998	
12	23.300	-69.998	
12	23.400	-69.998	
12	23.500	-69.998	
12	23.600	-69.998	
12	23.700	-69.998	
12	23.800	-69.998	
12	23.900	-69.998	
12	24.000	-69.998	
12	24.100	-69.998	
12	24.200	-69.998	
12	24.300	-69.998	
12	24.400	-69.998	
12	24.500	-69.998	
12	24.600	-69.998	
12	24.700	-69.998	
12	24.800	-69.998	
12	24.900	-69.998	
12	25.000	-69.998	
12	25.100	-69.998	
12	25.200	-69.998	
12	25.300	-69.998	
12	25.400	-69.998	
12	25.500	-69.998	
12	25.600	-69.998	
12	25.700	-69.998	
12	25.800	-69.998	
12	25.900	-69.998	
12	26.000	-69.998	
12	26.100	-69.998	
12	26.200	-69.998	
12	26.300	-69.998	
12	26.400	-69.998	
12	26.500	-69.998	
12	26.600	-69.998	
12	26.700	-69.998	
12	26.800	-69.998	
12	26.900	-69.998	
12	27.000	-69.998	
12	27.100	-69.998	
12	27.200	-69.998	
12	27.300	-69.998	
12	27.400	-69.998	
12	27.500	-69.998	
12	27.600	-69.998	
12	27.700	-69.998	
12	27.800	-69.998	
12	27.900	-69.998	
12	28.000	-69.998	
12	28.100	-69.998	
12	28.200	-69.998	
12	28.300	-69.998	
12	28.400	-69.998	
12	28.500	-69.998	
12	28.600	-69.998	
12	28.700	-69.998	
12	28.800	-69.998	
12	28.900	-69.998	
12	29.000	-69.998	
12	29.100	-69.998	
12	29.200	-69.998	
12	29.300	-69.998	
12	29.400	-69.998	
12	29.500	-69.998	
12	29.600	-69.998	
12	29.700	-69.998	
12	29.800	-69.998	
12	29.900	-69.998	
12	30.000	-69.998	
12	30.100	-69.998	
12	30.200	-69.998	
12	30.300	-69.998	
12	30.400	-69.998	
12	30.500	-69.998	
12	30.600	-69.998	
12	30.700	-69.998	
12	30.800	-69.998	
12	30.900	-69.998	
12	31.000	-69.998	
12	31.100	-69.998	
12	31.200	-69.998	
12	31.300	-69.998	
12	31.400	-69.998	
12	31.500	-69.998	
12	31.600	-69.998	
12	31.700	-69.998	
12	31.800	-69.998	
12	31.900	-69.998	
12	32.000	-69.998	
12	32.100	-69.998	
12	32.200	-69.998	
12	32.300	-69.998	
12	32.400	-69.998	
12	32.500	-69.998	
12	32.600	-69.998	
12	32.700	-69.998	
12	32.800	-69.998	
12	32.900	-69.998	
12	33.000	-69.998	
12	33.100	-69.998	
12	33.200	-69.998	
12	33.300	-69.998	
12	33.400	-69.998	
12	33.500	-69.998	
12	33.600	-69.998	
12	33.700	-69.998	
12	33.800	-69.998	
12	33.900	-69.998	
12	34.000	-69.998	
12	34.100	-69.998	
12	34.200	-69.998	
12	34.300	-69.998	
12	34.400	-69.998	
12	34.500	-69.998	
12	34.600	-69.998	
12	34.700	-69.998	
12	34.800	-69.998	
12	34.900	-69.998	
12	35.000	-69.998	
12	35.100	-69.998	
12	35.200	-69.998	
12	35.300	-69.998	
12	35.400	-69.998	
12	35.500	-69.998	
12	35.600	-69.998	
12	35.700	-69.998	
12	35.800	-69.998	
12	35.900	-69.998	
12	36.000	-69.998	
12	36.100	-69.998	
12	36.200	-69.998	
12	36.300	-69.998	
12	36.400	-69.998	
12	36.500	-69.998	
12	36.600	-69.998	
12	36.700	-69.998	
12	36.800	-69.998	
12	36.900	-69.998	
12	37.000	-69.998	
12	37.100	-69.998	
12	37.200	-69.998	
12	37.300	-69.998	
12	37.400	-69.998	
12	37.500	-69.998	
12	37.600	-69.998	
12	37.700	-69.998	
12	37.800	-69.998	
12	37.900	-69.998	
12	38.000	-69.998	
12	38.100	-69.998	
12	38.200	-69.998	
12	38.300	-69.998	
12	38.400	-69.998	
12	38.500	-69.998	
12	38.600	-69.998	
12	38.700	-69.998	
12	38.800	-69.998	
12	38.900	-69.998	
12	39.000	-69.998	
12	39.100	-69.998	
12	39.200	-69.998	
12	39.300	-69.998	
12	39.400	-69.998	
12	39.500	-69.998	
12	39.600	-69.998	
12	39.700	-69.998	
12	39.800	-69.998	
12	39.900	-69.998	
12	40.000	-69.998	
12	40.100	-69.998	
12	40.200	-69.998	
12	40.300	-69.998	
12	40.400	-69.998	
12	40.500	-69.998	
12	40.600	-69.998	
12	40.700	-69.998	
12	40.800	-69.998	
12	40.900	-69.998	
12	41.000	-69.998	
12	41.100	-69.998	
12	41.200	-69.998	
12	41.300	-69.998	
12	41.400	-69.998	
12	41.500	-69.998	
12	41.600	-69.998	
12	41.700	-69.998	
12	41.800	-69.998	
12	41.900	-69.998	
12	42.000	-69.998	
12	42.100	-69.998	
12	42.200	-69.998	
12	42.300	-69.998	
12	42.400	-69.998	
12	42.500	-69.998	
12	42.600	-69.998	
12	42.700	-69.998	
12	42.800	-69.998	
12	42.900	-69.998	
12	43.000	-69.998	
12	43.100	-69.998	
12	43.200	-69.998	
12	43.300	-69.998	
12	43.400	-69.998	
12	43.500	-69.998	
12	43.600	-69.998	
12	43.700	-69.998	
12	43.800	-69.998	
12	43.900	-69.998	
12	44.000	-69.998	
12	44.100	-69.998	
12	44.200	-69.998	
12	44.300	-69.998	
12	44.400	-69.998	
12	44.500	-69.998	
12	44.600	-69.998	
12	44.700	-69.998	
12	44.800	-69.998	
12	44.900	-69.998	
12	45.000	-69.998	
12	45.100	-69.998	
12	45.200	-69.998	
12	45.300	-69.998	
12	45.400	-69.998	
12	45.500	-69.998	
12	45.600	-69.998	
12	45.700	-69.998	
12	45.800	-69.998	
12	45.900	-69.998	
12	46.000	-69.998	
12	46.100	-69.998	
12	46.200	-69.998	
12	46.300	-69.998	
12	46.400	-69.998	
12	46.500	-69.998	
12	46.600	-69.998	
12	46.700	-69.998	
12	46.800	-69.998	
12	46.900	-69.998	
12	47.000	-69.998	
12	47.100	-69.998	
12	47.200	-69.998	
12	47.300	-69.998	
12	47.400	-69.998	
12	47.500	-69.998	
12	47.600	-69.998	
12	47.700	-69.998	
12	47.800	-69.998	
12	47.900	-69.998	
12	48.000	-69.998	
12	48.100	-69.998	
12	48.200	-69.998	
12	48.300	-69.998	
12	48.400	-69.998	
12	48.500	-69.998	
12	48.600	-69.998	
12	48.700	-69.998	
12	48.800	-69.998	
12	48.900	-69.998	
12	49.000	-69.998	
12	49.100	-69.998	
12	49.200	-69.998	
12	49.300	-69.998	
12	49.400	-69.998	
12	49.500	-69.998	
12	49.600	-69.998	
12	49.700	-69.998	
12	49.800	-69.998	
12	49.900	-69.998	
12	50.000	-69.998	
12	50.100	-69.998	
12	50.200	-69.998	
12	50.300	-69.998	
12	50.400	-69.998	
12	50.500	-69.998	
12	50.600	-69.998	
12	50.700	-69.998	
12	50.800	-69.998	
12	50.900	-69.998	
12	51.000	-69.998	
12	51.100	-69.998	
12	51.200	-69.998	
12	51.300	-69.998	
12	51.400	-69.998	
12	51.500	-69.998	
12	51.600	-69.998	
12	51.700	-69.998	
12	51.800	-69.998	
12	51.900	-69.998	
12	52.000	-69.998	
12	52.100	-69.998	
12	52.200	-69.998	
12	52.300	-69.998	
12	52.400	-69.998	
12	52.500	-69.998	
12	52.600	-69.998	
12	52.700	-69.998	
12	52.800	-69.998	
12	52.900	-69.998	
12	53.000	-69.998	
12	53.100	-69.998	
12	53.200	-69.998	
12	53.300	-69.998	
12	53.400	-69.998	
12	53.500	-69.998	
12	53.600	-69.998	
12	53.700	-69.998	
12	53.800	-69.998	
12	53.900	-69.998	
12	54.000	-69.998	
12	54.100	-69.998	
12	54.200	-69.998	
12	54.300	-69.998	
12	54.400	-69.998	
12	54.500	-69.998	
12	54.600	-69.998	
12	54.700	-69.998	
12	54.800	-69.998	
12	54.900	-69.998	
12	55.000	-69.998	
12	55.100	-69.998	
12	55.200	-69.998	
12	55.300	-69.998	
12	55.400	-69.998	
12	55.500	-69.998	
12	55.600	-69.998	
12	55.700	-69.998	
12	55.800	-69.998	
12	55.900	-69.998	
12	56.000	-69.998	
12	56.100	-69.998	
12	56.200	-69.998	
12	56.300	-69.998	
12	56.400	-69.998	
12	56.500	-69.998	
12	56.600	-69.998	
12	56.700	-69.998	
12	56.800	-69.998	
12	56.900	-69.998	
12	57.000	-69.998	
12	57.100	-69.998	
12	57.200	-69.998	
12	57.300	-69.998	
12	57.400	-69.998	
12	57.500	-69.998	
12	57.600	-69.998	
12	57.700	-69.998	
12	57.800	-69.998	
12	57.900	-69.998	
12	58.000	-69.998	
12	58.100	-69.998	
12	58.200	-69.998	
12	58.300	-69.998	
12	58.400	-69.998	
12	58.500	-69.998	
12	58.600	-69.998	
12	58.700	-69.998	
12	58.800	-69.998	
12	58.900	-69.998	
12	59.000	-69.998	
12	59.100	-69.998	
12	59.200	-69.998	
12	59.300	-69.998	
12	59.400	-69.998	
12	59.500	-69.998	
12	59.600	-69.998	
12	59.700	-69.998	
12	59.800	-69.998	
12	59.900	-69.998	
12	60.000	-69.998	
12	60.100	-69.998	
12	60.200	-69.998	
12	60.300	-69.998	
12	60.400	-69.998	
12	60.500	-69.998	
12	60.600	-69.998	
12	60.700	-69.998	
12	60.800	-69.998	
12	60.900	-69.998	
12	61.000	-69.998	
12	61.100	-69.998	
12	61.200	-69.998	
12	61.300	-69.998	
12	61.400	-69.998	
12	61.500	-69.998	
12	61.600	-69.998	
12	61.700	-69.998	
12	61.800	-69.998	
12	61.900	-69.998	
12	62.000	-69.998	
12	62.100	-69.998	
12	62.200	-69.998	
12	62.300	-69.998	
12	62.400	-69.998	
12	62.500	-69.998	
12	62.600	-69.998	
12	62.700	-69.998	
12	62.800	-69.998	
12	62.900	-69.998	
12	63.000	-69.998	
12	63.100	-69.998	
12	63.200	-69.998	
12	63.300	-69.998	
12	63.400	-69.998	
12	63.500	-69.998	
12	63.600	-69.998	
12	63.700	-69.998	
12	63.800	-69.998	
12	63.900	-69.998	
12	64.000	-69.998	
12	64.100	-69.998	
12	64.200	-69.998	
12	64.300	-69.998	
12	64.400	-69.998	
12	64.500	-69.998	
12	64.600	-69.998	
12	64.700	-69.998	
12	64.800	-69.998	
12	64.900	-69.998	
12	65.000	-69.998	
12	65.100	-69.998	
12	65.200	-69.998	
12	65.300	-69.998	
12	65.400	-69.998	
12	65.500	-69.998	
12	65.600	-69.998	
12	65.700	-69.998	
12	65.800	-69.998	
12	65.900	-69.998	
12	66.000	-69.998	
12	66.100	-69.998	
12	66.200	-69.998	
12	66.300	-69.998	
12	66.400	-69.998	
12	66.500	-69.998	
12	66.600	-69.998	
12	66.700	-69.998	
12	66.800	-69.998	
12	66.900	-69.998	
12	67.000	-69.998	
12	67.100	-69.998	
12	67.200	-69.998	
12	67.300	-69.998	
12	67.400	-69.998	
12	67.500	-69.998	
12	67.600	-69.998	
12	67.700	-69.998	
12	67.800	-69.998	
12	67.900	-69.998	
12	68.000	-69.998	
12	68.100	-69.998	
12	68.200	-69.998	
12	68.300	-69.998	
12	68.400	-69.998	
12	68.500	-69.998	
12	68.600	-69.998	
12	68.700	-69.998	
12	68.800	-69.998	
12	68.900	-69.998	
12	69.000	-69.998	
12	69.100	-69.998	
12	69.200	-69.998	
12	69.300	-69.998	
12	69.400	-69.998	
12	69.500	-69.998	
12	69.600	-69.998	
12	69.700	-69.998	
12	69.800	-69.998	
12	69.900	-69.998	
12	70.000	-69.998	
12	70.100	-69.998	
12	70.200	-69.998	
12	70.300	-69.998	
12	70.400	-69.998	
12	70.500	-69.998	
12	70.600	-69.998	
12	70.700	-69.998	
12	70.800	-69.998	
12	70.900	-69.998	
12	71.000	-69.998	
12	71.100	-69.998	
12	71.200	-69.998	
12	71.300	-69.998	
12	71.400	-69.998	
12	71.500	-69.998	
12	71.600	-69.998	
12	71.700	-69.998	
12	71.800	-69.998	
12	71.900	-69.998	
12	72.000	-69.998	
12	72.100	-69.998	
12	72.200	-69.998	
12	72.300	-69.998	
12	72.400	-69.998	
12	72.500	-69.998	
12	72.600	-69.998	
12	72.700	-69.998	
12	72.800	-69.998	
12	72.900	-69.998	
12	73.000	-69.998	
12	73.100	-69.998	
12	73.200	-69.998	
12	73.300	-69.998	
12	73.400	-69.998	
12	73.500	-69.998	
12	73.600	-69.998	
12	73.700	-69.998	
12	73.800	-69.998	
12	73.900	-69.998	
12	74.000	-69.998	
12	74.100	-69.998	
12	74.200	-69.998	
12	74.300	-69.998	
12	74.400	-69.998	
12	74.500	-69.998	
12	74.600	-69.998	
12	74.700	-69.998	
12	74.800	-69.998	
12	74.900	-69.998	
12	75.000	-69.998	
12	75.100	-69.998	
12	75.200	-69.998	
12	75.300	-69.998	
12	75.400	-69.998	
12	75.500	-69.998	
12	75.600	-69.998	
12	75.700	-69.998	
12	75.800	-69.998	
12	75.900	-69.998	
12	76.000	-69.998	
12	76.100	-69.998	
12	76.200	-69.998	
12	76.300	-69.998	
12	76.400	-69.998	
12	76.500	-69.998	
12	76.600	-69.998	
12	76.700	-69.998	
12	76.800	-69.998	
12	76.900	-69.998	
12	77.000	-69.998	
12	77.100	-69.998	
12	77.200	-69.998	
12	77.300	-69.998	
12	77.400	-69.998	
12	77.500	-69.998	
12	77.600	-69.998	
12	77.700	-69.998	
12	77.800	-69.998	
12	77.900	-69.998	
12	78.000	-69.998	
12	78.100	-69.998	
12	78.200	-69.998	
12	78.300	-69.998	
12	78.400	-69.998	
12	78.500	-69.998	
12	78.600	-69.998	
12	78.700	-69.998	
12	78.800	-69.998	
12	78.900	-69.998	
12	79.000	-69.998	
12	79.100	-69.998	
12	79.200	-69.998	
12	79.300	-69.998	
12	79.400	-69.998	
12	79.500	-69.998	
12	79.600	-69.998	
12	79.700	-69.998	
12	79.800	-69.998	
12	79.900	-69.998	
12	80.000	-69.998	
12	80.100	-69.998	
12	80.200	-69.998	
12	80.300	-69.998	
12	80.400	-69.998	
12	80.500	-69.998	
12	80.600	-69.998	
12	80.700	-69.998	
12	80.800	-69.998	
12	80.900	-69.998	
12	81.000	-69.998	
12	81.100	-69.998	
12	81.200	-69.998	
12	81.300	-69.998	
12	81.400	-69.998	
12	81.500	-69.998	
12	81.600	-69.998	
12	81.700	-69.998	
12	81.800	-69.998	
12	81.900	-69.998	
12	82.000	-69.998	
12	82.100	-69.998	
12	82.200	-69.998	
12	82.300	-69.998	
12	82.400	-69.998	
12	82.500	-69.998	
12	82.600	-69.998	
12	82.700	-69.998	
12	82.800	-69.998	
12	82.900	-69.998	
12	83.000	-69.998	
12	83.100	-69.998	
12	83.200	-69.998	
12	83.300	-69.998	
12	83.400	-69.998	
12	83.500	-69.998	
12	83.600	-69.998	
12	83.700	-69.998	
12	83.800	-69.998	
12	83.900	-69.998	
12	84.000	-69.998	
12	84.100	-69.998	
12	84.200	-69.998	
12	84.300	-69.998	
12	84.400	-69.998	
12	84.500	-69.998	
12	84.600	-69.998	
12	84.700	-69.998	
12	84.800	-69.998	
12	84.900	-69.998	
12	85.000	-69.998	
12	85.100	-69.998	
12	85.200	-69.998	
12	85.300	-69.998	
12	85.400	-69.998	
12	85.500	-69.998	
12	85.600	-69.998	
12	85.700	-69.998	
12	85.800	-69.998	
12	85.900	-69.998	
12	86.000	-69.998	
12	86.100	-69.998	
12	86.200	-69.998	
12	86.300	-69.998	
12	86.400	-69.998	
12	86.500	-69.998	
12	86.600	-69.998	
12	86.700	-69.998	
12	86.800	-69.998	
12	86.900	-69.998	
12	87.000	-69.998	
12	87.100	-69.998	
12	87.200	-69.998	
12	87.300	-69.998	
12	87.400	-69.998	
12	87.500	-69.998	
12	87.600	-69.998	
12	87.700	-69.998	
12	87.800	-69.998	
12	87.900	-69.998	
12	88.000	-69.998	
12	88.100	-69.998	
12	88.200	-69.998	
12	88.300	-69.998	
12	88.400	-69.998	
12	88.500	-69.998	
12	88.600	-69.998	
12	88.700	-69.998	
12	88.800	-69.998	
12	88.900	-69.998	
12	89.000	-69.998	
12	89.100	-69.998	
12	89.200	-69.998	
12	89.300	-69.998	
12	89.400	-69.998	
12	89.500	-69.998	
12	89.600	-69.998	
12	89.700	-69.998	
12	89.800	-69.998	
12	89.900	-69.998	
12	90.000	-69.998	
12	90.100	-69.998	
12	90.200	-69.998	
12	90.300	-69.998	
12	90.400	-69.998	
12	90.500	-69.998	
12	90.600	-69.998	
12	90.700	-69.998	
12	90.800	-69.998	
12	90.900	-69.998	
12	91.000	-69.998	
12	91.100	-69.998	
12	91.200	-69.998	
12	91.300	-69.998	
12	91.400	-69.998	
12	91.500	-69.998	
12	91.600	-69.998	
12	91.700	-69.998	
12	91.800	-69.998	
12	91.900	-69.998	
12	92.000	-69.998	
12	92.100	-69.998	
12	92.200	-69.998	
12	92.300	-69.998	
12	92.400	-69.998	
12	92.500	-69.998	
12	92.600	-69.998	
12	92.700	-69.998	
12	92.800	-69.998	
12	92.900	-69.998	
12	93.000	-69.998	
12	93.100	-69.998	
12	93.200	-69.998	
12	93.300	-69.998	
12	93.400	-69.998	
12	93.500	-69.998	
12	93.600	-69.998	
12	93.700	-69.998	
12	93.800	-69.998	
12	93.900	-69.998	
12	94.000	-69.998	
12	94.100	-69.998	
12	94.200	-69.998	
12	94.300	-69.998	
12	94.400	-69.998	
12	94.500	-69.998	
12	94.600	-69.998	
12	94.700	-69.998	
12	94.800	-69.998	
12	94.900	-69.998	
12	95.000	-69.998	
12	95.100	-69.998	
12	95.200	-69.998	
12	95.300	-69.998	
12	95.400	-69.998	
12	95.500	-69.998	
12	95.600	-69.998	
12	95.700	-69.998	
12	95.800	-69.998	
12	95.900	-69.998	
12	96.000	-69.998	
12	96.100	-69.998	
12	96.200	-69.998	
12	96.300	-69.998	
12	96.400	-69.998	
12	96.500	-69.998	
12	96.600	-69.998	
12	96.700	-69.998	
12	96.800	-69.998	
12	96.900	-69.998	
12	97.000	-69.998	
12	97.100	-69.998	
12	97.200	-69.998	
12	97.300	-69.998	
12	97.400	-69.998	
12	97.500	-69.998	
12	97.600	-69.998	
12	97.700	-69.998	
12	97.800	-69.998	
12	97.900	-69.998	
12	98.000	-69.998	
12	98.100	-69.998	
12	98.200	-69.998	
12	98.300	-69.998	
12	98.400	-69.998	
12	98.500	-69.998	
12	98.600	-69.998	
12	98.700	-69.998	
12	98.800	-69.998	
12	98.900	-69.998	
12	99.000	-69.998	
12	99.100	-69.998	
12	99.200	-69.998	
12	99.300	-69.998	
12	99.400	-69.998	
12	99.500	-69.998	
12	99.600	-69.998	
12	99.700	-69.998	
12	99.800	-69.998	
12	99.900	-69.998	
12	100.000	-69.998	
12	100.100	-69.998	
12	100.200	-69.998	
12	100.300	-69.998	
12	100.400	-69.998	
12	100.500	-69.998	
12	100.600	-69.998	
12	100.700	-69.998	
12	100.800	-69.998	
12	100.900	-69.998	
12	101.000	-69.998	
12	101.100	-69.998	
12	101.200	-69.998	
12	101.300	-69.998	
12	101.400	-69.998	
12	101.500	-69.998	
12	101.600	-69.998	
12	101.700	-69.998	
12	101.800	-69.998	
12	101.900	-69.998	
12	102.000	-69.998	
12	102.100	-69.998	
12	102.200	-69.998	
12	102.300	-69.998	
12	102.400	-69.998	
12	102.500	-69.998	
12	102.600	-69.998	
12	102.700	-69.998	
12	102.800	-69.998	
12	102.900	-69.998	
12	103.000	-69.998	
12	103.100	-69.998	
12	103.200	-69.998	
12	103.300	-69.998	
12	103.400	-69.998	
12	103.500	-69.998	
12	103.600	-69.998	
12	103.700	-69.998	
12	103.800	-69.998	
12	103.900	-69.998	
12	104.000	-69.998	
12	104.100	-69.998	
12	104.200	-69.998	
12	104.300	-69.998	
12	104.400	-69.998	
12	104.500	-69.998	
12	104.600	-69.998	
12	104.700	-69.998	
12	104.800	-69.998	
12	104.900	-69.998	
12	105.000	-69.998	
12	105.100	-69.998	
12	105.200	-69.998	
12	105.300	-69.998	
12	105.400	-69.998	
12	105.500	-69.998	
12	105.600	-69.998	
12	105.700	-69.998	
12	105.800	-69.998	
12	105.900	-69.998	
12	106.000	-69.998	
12	106.100	-69.998	
12	106.200	-69.998	
12	106.300	-69.998	
12	106.400	-69.998	
12	106.500	-69.998	
12	106.600	-69.998	
12	106.700	-69.998	
12	106.800	-69.998	
12	106.900	-69.998	
12	107.000	-69.998	
12	107.100	-69.998	
12	107.200	-69.998	
12	107.300	-69.998	
12	107.400	-69.998	
12	107.500	-69.998	
12	107.600	-69.998	
12	107.700	-69.998	
12	107.800	-69.998	
12	107.900	-69.998	
12	108.000	-69.998	
12	108.100	-69.998	
12	108.200	-69.998	
12	108.300	-69.998	
12	108.400	-69.998	
12	108.500	-69.998	
12	108.600	-69.998	
12	108.700	-69.998	
12	108.800	-69.998	
12	108.900	-69.998	
12	109.000	-69.998	
12	109.100	-69.998	
12	109.200	-69.998	
12	109.300	-69.998	
12	109.400	-69.998	
12	109.500	-69.998	
12	109.600	-69.998	
12	109.700	-69.998	
12	109.800	-69.998	
12	109.900	-69.998	
12	110.000	-69.998	
12	110.100	-69.998	
12	110.200	-69.998	
12	110.300	-69.998	
12	110.400	-69.998	
12	110.500	-69.998	
12	110.600	-69.998	
12	110.700	-69.998	
12	110.800	-69.998	
12	110.900	-69.998	
12	111.000	-69.998	
12	111.100	-69.998	
12	111.200	-69.998	
12	111.300	-69.998	
12	111.400	-69.998	
12	111.500	-69.998	
12	111.600	-69.998	
12	111.700	-69.998	
12	111.800	-69.998	
12	111.900	-69.998	
12	112.000	-69.998	
12	112.100	-69.998	
12	112.200	-69.998	
12	112.300	-69.998	
12	112.400	-69.998	
12	112.500	-69.998	
12	112.600	-69.998	
12	112.700	-69.998	
12	112.800	-69.998	
12	112.900	-69.998	
12	113.000	-69.998	
12	113.100	-69.998	
12	113.200	-69.998	
12	113.300	-69.998	
12	113.400	-69.998	
12	113.500	-69.998	
12	113.600	-69.998	
12	113.700	-69.998	
12	113.800	-69.998	
12	113.900	-69.998	
12	114.000	-69.998	
12	114.100	-69.998	
12	114.200	-69.998	
12	114.300	-69.998	
12	114.400	-69.998	
12	114.500	-69.998	
12	114.600	-69.998	
12	114.700	-69.998	
12	114.800	-69.998	
12	114.900	-69.998	
12	115.000	-69.998	
12	115.100	-69.998	
12	115.200	-69.998	
12	115.300	-69.998	
12	115.400	-69.998	
12	115.500	-69.998	
12	115.600	-69.998	
12	115.700	-69.998	
12	115.800	-69.998	
12	115.900	-69.998	
12	116.000	-69.998	
12	116.100	-69.998	
12	116.200	-69.998	
12	116.300	-69.998	
12	116.400	-69.998	
12	116.500	-69.998	
12	116.600	-69.998	
12	116.700	-69.998	
12	116.800	-69.998	
12	116.900	-69.998	
12	117.000	-69.998	
12	117.100	-69.998	
12	117.200	-69.998	
12	117.300	-69.998	
12	117.400	-69.998	
12	117.500	-69.998	
12	117.600	-69.998	
12	117.700	-69.998	
12	117.800	-69.998	
12	117.900	-69.998	
12	118.000	-69.998	
12	118.100	-69.998	
12	118.200	-69.998	
12	118.300	-69.998	
12	118.400	-69.998	
12	118.500	-69.998	
12	118.600	-69.998	
12	118.700	-69.998	
12	118.800	-69.998	
12	118.900	-69.998	
12	119.000	-69.998	
12	119.100	-69.998	
12	119.200	-69.998	
12	119.300	-69.998	
12	119.400	-69.998	
12	119.500	-69.998	
12	119.600	-69.998	
12	119.700	-69.998	
12	119.800	-69.998	
12	119.900	-69.998	
12	120.000	-69.998	
12	120.100	-69.998	
12	120.200	-69.998	
12	120.300	-69.998	
12	120.400	-69.998	
12	120.500	-69.998	
12	120.600	-69.998	
12	120.700	-69.998	
12	120.800	-69.998	
12	120.900	-69.998	
12	121.000	-69.998	
12	121.100	-69.998	
12	121.200	-69.998	
12	121.300	-69.998	
12	121.400	-69.998	
12	121.500	-69.998	
12	121.600	-69.998	
12	121.700	-69.998	
12	121.800	-69.998	
12	121.900	-69.998	
12	122.000	-69.998	
12	122.100	-69.998	
12	122.200	-69.998	
12	122.300	-69.998	
12	122.400	-69.998	
12	122.500	-69.998	
12	122.600	-69.998	
12	122.700	-69.998	
12	122.800	-69.998	
12	122.900	-69.998	
12	123.000	-69.998	
12	123.100	-69.998	
12	123.200	-69.998	
12	123.300	-69.998	
12	123.400	-69.998	
12	123.500	-69.998	
12	123.600	-69.998	
12	123.700	-69.998	
12	123.800	-69.998	
12	123.900	-69.998	
12	124.000	-69.998	
12	124.100	-69.998	
12	124.200	-69.998	
12	124.300	-69.998	
12	124.400	-69.998	
12	124.500	-69.998	
12	124.600	-69.998	
12	124.700	-69.998	
12	124.800	-69.998	
12	124.900	-69.998	
12	125.000	-69.998	
12	125.100	-69.998	
12	125.200	-69.998	
12	125.300	-69.998	
12	125.400	-69.998	
12	125.500	-69.998	
12	125.600	-69.998	
12	125.700	-69.998	
12	125.800	-69.998	
12	125.900	-69.998	
12	126.000	-69.998	
12	126.100	-69.998	
12	126.200	-69.998	
12	126.300	-69.998	
12	126.400	-69.998	
12	126.500	-69.998	
12	126.600	-69.998	
12	126.700	-69.998	
12	126.800	-69.998	
12	126.900	-69.998	
12	127.000	-69.998	
12	127.100	-69.998	
12	127.200	-69.998	
12	127.300	-69.998	
12	127.400	-69.998	
12	127.500	-69.998	
12	127.600	-69.998	
12	127.700	-69.998	
12	127.800	-69.998	
12	127.900	-69.998	
12	128.000	-69.998	
12	128.100	-69.998	
12	128.200	-69.998	
12	128.300	-69.998	
12	128.400	-69.998	
12	128.500	-69.998	
12	128.600	-69.998	
12	128.700	-69.998	
12	128.800	-69.998	
12	128.900	-69.998	
12	129.000	-69.998	
12	129.100	-69.998	
12	129.200	-69.998	
12	129.300	-69.998	
12	129.400	-69.998	
12	129.500	-69.998	
12	129.600	-69.998	
12	129.700	-69.998	
12	129.800	-69.998	
12	129.900	-69.998	
12	130.000	-69.998	
12	130.100	-69.998	
12	130.200	-69.998	
12	130.300	-69.998	
12	130.400	-69.998	
12	130.500	-69.998	
12	130.600	-69.998	
12	130.700	-69.998	
12	130.800	-69.998	
12	130.900	-69.998	
12	131.000	-69.998	
12	131.100	-69.998	
12	131.200	-69.998	
12	131.300	-69.998	
12	131.400	-69.998	
12	131.500	-69.998	
12	131.600	-69.998	
12	131.700	-69.998	
12	131.800	-69.998	
12	131.900	-69.998	
12	132.000	-69.998	
12	132.100	-69.998	
12	132.200	-69.998	
12	132.300	-69.998	
12	132.400	-69.998	
12	132.500	-69.998	
12	132.600	-69.998	
12	132.700	-69.998	
12	132.800	-69.998	
12	132.900	-69.998	
12	133.000	-69.998	
12	133.100	-69.998	
12	133.200	-69.998	
12	133.300	-69.998	
12	133.400	-69.998	
12	133.500	-69.998	
12	133.600	-69.998	
12	133.700	-69.998	
12	133.800	-69.998	
12	133.900	-69.998	
12	134.000	-69.998	
12	134.100	-69.998	
12	134.200	-69.998	
12	134.300	-69.998	
12	134.400	-69.998	
12	134.500	-69.998	
12	134.600	-69.998	
12	134.700	-69.998	
12	134.800	-69.998	
12	134.900	-69.998	
12	135.000	-69.998	
12	135.100	-69.998	
12	135.200	-69.998	
12	135.300	-69.998	
12	135.400	-69.998	
12	135.500	-69.998	
12	135.600	-69.998	
12	135.700	-69.998	
12	135.800	-69.998	
12	135.900	-69.998	
12	136.000	-69.998	
12	136.100	-69.998	
12	136.200	-69.998	
12	136.300	-69.998	
12	136.400	-69.998	
12	136.500	-69.998	
12	136.600	-69.998	
12	136.700	-69.998	
12	136.800	-69.998	
12	136.900	-69.998	
12	137.000	-69.998	
12	137.100	-69.998	
12	137.200	-69.998	
12	137.300	-69.998	
12	137.400	-69.998	
12	137.500	-69.998	
12	137.600	-69.998	
12	137.700	-69.998	
12	137.800	-69.998	
12	137.900	-69.998	
12	138.000	-69.998	
12	138.100	-69.998	
12	138.200	-69.998	
12	138.300	-69.998	
12	138.400	-69.998	
12	138.500	-69.998	
12	138.600	-69.998	
12	138.700	-69.998	
12	138.800	-69.998	
12	138.900	-69.998	
12	139.000	-69.998	
12	139.100	-69.998	
12	139.200	-69.998	
12	139.300	-69.998	
12	139.400	-69.998	
12	139.500	-69.998	
12	139.600	-69.998	
12	139.700	-69.998	
12	139.800	-69.998	
12	139.900	-69.998	
12	140.000	-69.998	
12	140.100	-69.998	
12	140.200	-69.998	
12	140.300	-69.998	
12	140.400	-69.998	
12	140.500	-69.998	
12	140.600	-69.998	
12	140.700	-69.998	
12	140.800	-69.998	
12	140.900	-69.998	
12	141.000	-69.998	
12	141.100	-69.998	
12	141.200	-69.998	
12	141.300	-69.998	
12	141.400	-69.998	
12	141.500	-69.998	
12	141.600	-69.998	
12	141.700	-69.998	
12	141.800	-69.998	
12	141.900	-69.998	
12	142.000	-69.998	
12	142.100	-69.998	
12	142.200	-69.998	
12	142.300	-69.998	
12	142.400	-69.998	
12	142.500	-69.998	
12	142.600	-69.998	
12	142.700	-69.998	
12	142.800	-69.998	
12	142.900	-69.998	
12	143.000	-69.998	
12	143.100	-69.998	
12	143.200	-69.998	
12	143.300	-69.998	
12	143.400	-69.998	
12	143.500	-69.998	
12	143.600	-69.998	
12	143.700	-69.998	
12	143.800	-69.998	
12	143.900	-69.998	
12	144.000	-69.998	
12	144.100	-69.998	
12	144.200	-69.998	
12	144.300	-69.998	
12	144.400	-69.998	
12	144.500	-69.998	
12	144.600	-69.998	
12	144.700	-69.998	
12	144.800	-69.998	
12	144.900	-69.998	
12	145.000	-69.998	
12	145.100	-69.998	
12	145.200	-69.998	
12	145.300	-69.998	
12	145.400	-69.998	
12	145.500	-69.998	
12	145.600	-69.998	
12	145.700	-69.998	
12	145.800	-69.998	
12	145.900	-69.998	
12	146.000	-69.998	
12	146.100	-69.998	
12	146.200	-69.998	
12	146.300	-69.998	
12	146.400	-69.998	
12	146.500	-69.998	
12	146.600	-69.998	
12	146.700	-69.998	
12	146.800	-69.998	
12	146.900	-69.998	
12	147.000	-69.998	
12	147.100	-69.998	
12	147.200	-69.998	
12	147.300	-69.998	
12	147.400	-69.998	
12	147.500	-69.998	
12	147.600	-69.998	
12	147.700	-69.998	
12	147.800	-69.998	
12	147.900	-69.998	
12	148.000	-69.998	
12	148.100	-69.998	
12	148.200	-69.998	
12	148.300	-69.998	
12	148.400	-69.998	
12	148.500	-69.998	
12	148.600	-69.998	
12	148.700	-69.998	
12	148.800	-69.998	
12	148.900	-69.998	
12	149.000	-69.998	
12	149.100	-69.998	
12	149.200	-69.998	
12	149.300	-69.998	
12	149.400	-69.998	
12	149.500	-69.998	
12	149.600	-69.998	
12	149.700	-69.998	
12	149.800	-69.998	
12	149.900	-69.998	
12	150.000	-69.998	
12	150.100	-69.998	
12	150.200	-69.998	
12	150.300	-69.998	
12	150.400	-69.998	
12	150.500	-69.998	
12	150.600	-69.998	
12	150.700	-69.998	
12	150.800	-69.998	
12	150.900	-69.998	
12	151.000	-69.998	
12	151.100	-69.998	
12	151.200	-69.998	
12	151.300	-69.998	
12	151.400	-69.998	
12	151.500	-69.998	
12	151.600	-69.998	
12	151.700	-69.998	
12	151.800	-69.998	
12	151.900	-69.998	
12	152.000	-69.998	
12	152.100	-69.998	
12	152.200	-69.998	
12	152.300	-69.998	
12	152.400	-69.998	
12	152.500	-69.998	
12	152.600	-69.998	
12	152.700	-69.998	
12	152.800	-69.998	
12	152.900	-69.998	
12	153.000	-69.998	
12	153.100	-69.998	
12	153.200	-69.998	
12	153.300	-69.998	
12	153.400	-69.998	
12	153.500	-69.998	
12	153.600	-69.998	
12	153.700	-69.998	
12	153.800	-69.998	
12	153.900	-69.998	
12	154.000	-69.998	
12	154.100	-69.998	
12	154.200	-69.998	
12	154.300	-69.998	
12	154.400	-69.998	
12	154.500	-69.998	
12	154.600	-69.998	
12	154.700	-69.998	
12	154.800	-69.998	
12	154.900	-69.998	
12	155.000	-69.998	
12	155.100	-69.998	
12	155.200	-69.998	
12	155.300	-69.998	
12	155.400	-69.998	
12	155.500	-69.998	
12	155.600	-69.998	
12	155.700	-69.998	
12	155.800	-69.998	
12	155.900	-69.998	
12	156.000	-69.998	
12	156.100	-69.998	
12	156.200	-69.998	
12	156.300	-69.998	
12	156.400	-69.998	
12	156.500	-69.998	
12	156.600	-69.998	
12	156.700	-69.998	
12	156.800	-69.998	
12	156.900	-69.998	
12	157.000	-69.998	
12	157.100	-69.998	
12	157.200	-69.998	
12	157.300	-69.998	
12	157.400	-69.998	
12	157.500	-69.998	
12	157.600	-69.998	
12	157.700	-69.998	
12	157.800	-69.998	
12	157.900	-69.998	
12	158.000	-69.998	
12	158.100	-69.998	
12	158.200	-69.998	
12	158.300	-69.998	
12	158.400	-69.998	
12	158.500	-69.998	
12	158.600	-69.998	
12	158.700	-69.998	
12	158.800	-69.998	
12	158.900	-69.998	
12	159.000	-69.998	
12	159.100	-69.998	
12	159.200	-69.998	
12	159.300	-69.998	
12	159.400	-69.998	
12	159.500	-69.998	
12	159.600	-69.998	
12	159.700	-69.998	
12	159.800	-69.998	
12	159.900	-69.998	
12	160.000	-69.998	
12	160.100	-69.998	
12	160.200	-69.998	
12	160.300	-69.998	
12	160.400	-69.998	
12	160.500	-69.998	
12	160.600	-69.998	
12	160.700	-69.998	
12	160.800	-69.998	
12	160.900	-69.998	
12	161.000	-69.998	
12	161.100	-69.998	
12	161.200	-69.998	
12	161.300	-69.998	
12	161.400	-69.998	
12	161.500	-69.998	
12	161.600	-69.998	
12	161.700	-69.998	
12	161.800	-69.998	
12	161.900	-69.998	
12	162.000	-69.998	
12	162.100	-69.998	
12	162.200	-69.998	
12	162.300	-69.998	
12	162.400	-69.998	
12	162.500	-69.998	
12	162.600	-69.998	
12	162.700	-69.998	
12	162.800	-69.998	
12	162.900	-69.998	
12	163.000	-69.998	
12	163.100	-69.998	
12	163.200	-69.998	
12	163.300	-69.998	
12	163.400	-69.998	
12	163.500	-69.998	
12	163.600	-69.998	
12	163.700	-69.998	
12	163.800	-69.998	
12	163.900	-69.998	
12	164.000	-69.998	
12	164.100	-69.998	
12	164.200	-69.998	
12	164.300	-69.998	
12	164.400	-69.998	
12	164.500	-69.998	
12	164.600	-69.998	
12	164.700	-69.998	
12	164.800	-69.998	
12	164.900	-69.998	
12	165.000	-69.998	
12	165.100	-69.998	
12	165.200	-69.998	
12	165.300	-69.998	
12	165.400	-69.998	
12	165.500	-69.998	
12	165.600	-69.998	
12	165.700	-69.998	
12	165.800	-69.998	
12	165.900	-69.998	
12	166.000	-69.998	
12	166.100	-69.998	
12	166.200	-69.998	
12	166.300	-69.998	
12	166.400	-69.998	
12	166.500	-69.998	
12	166.600	-69.998	
12	166.700	-69.998	
12	166.800	-69.998	
12	166.900	-69.998	
12	167.000	-69.998	
12	167.100	-69.998	
12	167.200	-69.998	
12	167.300	-69.998	
12	167.400	-69.998	
12	167.500	-69.998	
12	167.600	-69.998	
12	167.700	-69.998	
12	167.800	-69.998	
12	167.900	-69.998	
12	168.000	-69.998	
12	168.100	-69.998	
12	168.200	-69.998	
12	168.300	-69.998	
12	168.400	-69.998	
12	168.500	-69.998	
12	168.600	-69.998	
12	168.700	-69.998	
12	168.800	-69.998	
12	168.900	-69.998	
12	169.000	-69.998	
12	169.100	-69.998	
12	169.200	-69.998	
12	169.300	-69.998	
12	169.400	-69.998	
12	169.500	-69.998	
12	169.600	-69.998	
12	169.700	-69.998	
12	169.800	-69.998	
12	169.900	-69.998	
12	170.000	-69.998	
12	170.100	-69.998	
12	170.200	-69.998	
12	170.300	-69.998	
12	170.400	-69.998	
12	170.500	-69.998	
12	170.600	-69.998	
12	170.700	-69.998	
12	170.800	-69.998	
12	170.900	-69.998	
12	171.000	-69.998	
12	171.100	-69.998	
12	171.200	-69.998	
12	171.300	-69.998	
12	171.400	-69.998	
12	171.500	-69.998	
12	171.600	-69.998	
12	171.700	-69.998	
12	171.800	-69.998	
12	171.900	-69.998	
12	172.000	-69.998	
12	172.100	-69.998	
12	172.200	-69.998	
12	172.300	-69.998	
12	172.400	-69.998	
12	172.500	-69.998	
12	172.600	-69.998	
12	172.700	-69.998	
12	172.800	-69.998	
12	172.900	-69.998	
12	173.000	-69.998	
12	173.100	-69.998	
12	173.200	-69.998	
12	173.300	-69.998	
12	173.400	-69.998	
12	173.500	-69.998	
12	173.600	-69.998	
12	173.700	-69.998	
12	173.800	-69.998	
12	173.900	-69.998	
12	174.000	-69.998	
12	174.100	-69.998	
12	174.200	-69.998	
12	174.300	-69.998	
12	174.400	-69.998	
12	174.500	-69.998	
12	174.600	-69.998	
12	174.700	-69.998	
12	174.800	-69.998	
12	174.900	-69.998	
12	175.000	-69.998	
12	175.100	-69.998	
12	175.200	-69.998	
12	175.300	-69.998	
12	175.400	-69.998	
12	175.500	-69.998	
12	175.600	-69.998	
12	175.700	-69.998	
12	175.800	-69.998	
12	175.900	-69.998	
12	176.000	-69.998	
12	176.100	-69.998	
12	176.200	-69.998	
12	176.300	-69.998	
12	176.400	-69.998	
12	176.500	-69.998	
12	176.600	-69.998	
12	176.700	-69.998	
12	176.800	-69.998	
12	176.900	-69.998	
12	177.000	-69.998	
12	177.100	-69.998	
12	177.200	-69.998	
12	177.300	-69.998	
12	177.400	-69.998	
12	177.500	-69.998	
12	177.600	-69.998	
12	177.700	-69.998	
12	177.800	-69.998	
12	177.900	-69.998	
12	178.000	-69.998	
12	178.100	-69.998	
12	178.200	-69.998	
12	178.300	-69.998	
12	178.400	-69.998	
12	178.500	-69.998	
12	178.600	-69.998	
12	178.700	-69.998	
12	178.800	-69.998	
12	178.900	-69.998	
12	179.000	-69.998	
12	179.100	-69.998	
12	179.200	-69.998	
12	179.300	-69.998	
12	179.400	-69.998	
12	179.500	-69.998	
12	179.600	-69.998	
12	179.700	-69.998	
12	179.800	-69.998	
12	179.900	-69.998	
12	180.000	-69.998	
12	180.100	-69.998	
12	180.200	-69.998	
12	180.300	-69.998	
12	180.400	-69.998	
12	180.500	-69.998	
12	180.600	-69.998	
12	180.700	-69.998	
12	180.800	-69.998	
12	180.900	-69.998	
12	181.000	-69.998	
12	181.100	-69.998	
12	181.200	-69.998	
12	181.300	-69.998	
12	181.400	-69.998	
12	181.500	-69.998	
12	181.600	-69.998	
12	181.700	-69.998	
12	181.800	-69.998	
12	181.900	-69.998	
12	182.000	-69.998	
12	182.100	-69.998	
12	182.200	-69.998	
12	182.300	-69.998	
12	182.400	-69.998	
12	182.500	-69.998	
12	182.600	-69.998	
12	182.700	-69.998	
12	182.800	-69.998	
12	182.900	-69.998	
12	183.000	-69.998	
12	183.100	-69.998	
12	183.200	-69.998	
12	183.300	-69.998	
12	183.400	-69.998	
12	183.500	-69.998	
12	183.600	-69.998	
12	183.700	-69.998	
12	183.800	-69.998	
12	183.900	-69.998	
12	184.000	-69.998	
12	184.100	-69.998	
12	184.200	-69.998	
12	184.300	-69.998	
12	184.400	-69.998	
12	184.500	-69.998	
12	184.600	-69.998	
12	184.700	-69.998	
12	184.800	-69.998	
12	184.900	-69.998	
12	185.000	-69.998	
12	185.100	-69.998	
12	185.200	-69.998	
12	185.300	-69.998	
12	185.400	-69.998	
12	185.500	-69.998	
12	185.600	-69.998	
12	185.700	-69.998	
12	185.800	-69.998	
12	185.900	-69.998	
12	186.000	-69.998	
12	186.100	-69.998	
12	186.200	-69.998	
12	186.300	-69.998	
12	186.400	-69.998	
12	186.500	-69.998	
12	186.600	-69.998	
12	186.700	-69.998	
12	186.800	-69.998	
12	186.900	-69.998	
12	187.000	-69.998	
12	187.100	-69.998	
12	187.200	-69.998	
12	187.300	-69.998	
12	187.400	-69.998	
12	187.500	-69.998	
12	187.600	-69.998	
12	187.700	-69.998	
12	187.800	-69.998	
12	187.900	-69.998	
12	188.000	-69.998	
12	188.100	-69.998	
12	188.200	-69.998	
12	188.300	-69.998	
12	188.400	-69.998	
12	188.500	-69.998	
12	188.600	-69.998	
12	188.700	-69.998	
12	188.800	-69.998	
12	188.900	-69.998	
12	189.000	-69.998	
12	189.100	-69.998	
12	189.200	-69.998	
12	189.300	-69.998	
12	189.400	-69.998	
12	189.500	-69.998	
12	189.600	-69.998	
12	189.700	-69.998	
12	189.800	-69.998	
12	189.900	-69.998	
12	190.000	-69.998	
12	190.100	-69.998	
12	190.200	-69.998	
12	190.300	-69.998	
12	190.400	-69.998	
12	190.500	-69.998	
12	190.600	-69.998	
12	190.700	-69.998	
12	190.800	-69.998	
12	190.900	-69.998	
12	191.000	-69.998	
12	191.100	-69.998	
12	191.200	-69.998	
12	191.300	-69.998	
12	191.400	-69.998	
12	191.500	-69.998	
12	191.600	-69.998	
12	191.700	-69.998	
12	191.800	-69.998	
12	191.900	-69.998	
12	192.000	-69.998	
12	192.100	-69.998	
12	192.200	-69.998	
12	192.300	-69.998	
12	192.400	-69.998	
12	192.500	-69.998	
12	192.600	-69.998	
12	192.700	-69.998	
12	192.800	-69.998	
12	192.900	-69.998	
12	193.000	-69.998	
12	193.100	-69.998	
12	193.200	-69.998	
12	193.300	-69.998	
12	193.400	-69.998	
12	193.500	-69.998	
12	193.600	-69.998	
12	193.700	-69.998	
12	193.800	-69.998	
12	193.900	-69.998	
12	194.000	-69.998	
12	194.100	-69.998	
12	194.200	-69.998	
12	194.300	-69.998	
12	194.400	-69.998	
12	194.500	-69.998	
12	194.600	-69.998	
12	194.700	-69.998	
12	194.800	-69.998	
12	194.900	-69.998	
12	195.000	-69.998	
12	195.100	-69.998	
12	195.200	-69.998	
12	195.300	-69.998	
12	195.400	-69.998	
12	195.500	-69.998	
12	195.600	-69.998	
12	195.700	-69.998	
12	195.800	-69.998	
12	195.900	-69.998	
12	196.000	-69.998	
12	196.100	-69.998	
12	196.200	-69.998	
12	196.300	-69.998	
12	196.400	-69.998	
12	196.500	-69.998	
12	196.600	-69.998	
12	196.700	-69.998	
12	196.800	-69.998	
12	196.900	-69.998	
12	197.000	-69.998	
12	197.100	-69.998	
12	197.200	-69.998	
12	197.300	-69.998	
12	197.400	-69.998	
12	197.500	-69.998	
12	197.600	-69.998	
12	197.700	-69.998	
12	197.800	-69.998	
12	197.900	-69.998	
12	198.000	-69.998	
12	198.100	-69.998	
12	198.200	-69.998	
12	198.300	-69.998	
12	198.400	-69.998	
12	198.500	-69.998	
12	198.600	-69.998	
12	198.700	-69.998	
12	198.800	-69.998	
12	198.900	-69.998	
12	199.000	-69.998	
12	199.100	-69.998	
12	199.200	-69.998	
12	199.300	-69.998	
12	199.400	-69.998	
12	199.500	-69.998	
12	199.600	-69.998	
12	199.700	-69.998	
12	199.800	-69.998	
12	199.900	-69.998	
12	200.000	-69.998	
12	200.100	-69.998	
12	200.200	-69.998	
12	200.300	-69.998	
12	200.400	-69.998	
12	200.500	-69.998	
12	200.600	-69.998	
12	200.700	-69.998	
12	200.800	-69.998	
12	200.900	-69.998	
12	201.000	-69.998	
12	201.100	-69.998	
12	201.200	-69.998	
12	201.300	-69.998	
12	201.400	-69.998	
12	201.500	-69.998	
12	201.600	-69.998	
12	201.700	-69.998	
12	201.800	-69.998	
12	201.900	-69.998	
12	202.000	-69.998	
12	202.100	-69.998	
12	202.200	-69.998	
12	202.300	-69.998	
12	202.400	-69.998	
12	202.500	-69.998	
12	202.600	-69.998	
12	202.700	-69.998	
12	202.800	-69.998	
12	202.900	-69.998	
12	203.000	-69.998	
12	203.100	-69.998	
12	203.200	-69.998	
12	203.300	-69.998	
12	203.400	-69.998	
12	203.500	-69.998	
12	203.600	-69.998	
12	203.700	-69.998	
12	203.800	-69.998	
12	203.900	-69.998	
12	204.000	-69.998	
12	204.100	-69.998	
12	204.200	-69.998	
12	204.300	-69.998	
12	204.400	-69.998	
12	204.500	-69.998	
12	204.600	-69.998	
12	204.700	-69.998	
12	204.800	-69.998	
12	204.900	-69.998	
12	205.000	-69.998	
12	205.100	-69.998	
12	205.200	-69.998	
12	205.300	-69.998	
12	205.400	-69.998	
12	205.500	-69.998	
12	205.600	-69.998	
12	205.700	-69.998	
12	205.800	-69.998	
12	205.900	-69.998	
12	206.000	-69.998	
12	206.100	-69.998	
12	206.200	-69.998	
12	206.300	-69.998	
12	206.400	-69.998	
12	206.500	-69.998	
12	206.600	-69.998	
12	206.700	-69.998	
12	206.800	-69.998	
12	206.900	-69.998	
12	207.000	-69.998	
12	207.100	-69.998	
12	207.200	-69.998	
12	207.300	-69.998	
12	207.400	-69.998	
12	207.500	-69.998	
12	207.600	-69.998	
12	207.700	-69.998	
12	207.800	-69.998	
12	207.900	-69.998	
12	208.000	-69.998	
12	208.100	-69.998	
12	208.200	-69.998	
12	208.300	-69.998	
12	208.400	-69.998	
12	208.500	-69.998	
12	208.600	-69.998	
12	208.700	-69.998	
12	208.800	-69.998	
12	208.900	-69.998	
12	209.000	-69.998	
12	209.100	-69.998	
12	209.200	-69.998	
12	209.300	-69.998	
12	209.400	-69.998	
12	209.500	-69.998	
12	209.600	-69.998	
12	209.700	-69.998	
12	209.800	-69.998	
12	209.900	-69.998	
12	210.000	-69.998	
12	210.100	-69.998	
12	210.200	-69.998	
12	210.300	-69.998	
12	210.400	-69.998	
12	210.500	-69.998	
12	210.600	-69.998	
12	210.700	-69.998	
12	210.800	-69.998	
12	210.900	-69.998	
12	211.000	-69.998	
12	211.100	-69.998	
12	211.200	-69.998	
12	211.300	-69.998	
12	211.400	-69.998	
12	211.500	-69.998	
12	211.600	-69.998	
12	211.700	-69.998	
12	211.800	-69.998	
12	211.900	-69.998	
12	212.000	-69.998	
12	212.100	-69.998	
12	212.200	-69.998	
12	212.300	-69.998	
12	212.400	-69.998	
12	212.500	-69.998	
12	212.600	-69.998	
12	212.700	-69.998	
12	212.800	-69.998	
12	212.900	-69.998	
12	213.000	-69.998	
12	213.100	-69.998	
12	213.200	-69.998	
12	213.300	-69.998	
12	213.400	-69.998	
12	213.500	-69.998	
12	213.600	-69.998	
12	213.700	-69.998	
12	213.800	-69.998	
12	213.900	-69.998	
12	214.000	-69.998	
12	214.100	-69.998	
12	214.200	-69.998	
12	214.300	-69.998	
12	214.400	-69.998	
12	214.500	-69.998	
12	214.600	-69.998	
12	214.700	-69.998	
12	214.800	-69.998	
12	214.900	-69.998	
12	215.000	-69.998	
12	215.100	-69.998	
12	215.200	-69.998	
12	215.300	-69.998	
12	215.400	-69.998	
12	215.500	-69.998	
12	215.600	-69.998	
12	215.700	-69.998	
12	215.800	-69.998	
12	215.900	-69.998	
12	216.000	-69.998	
12	216.100	-69.998	
12	216.200	-69.998	
12	216.300	-69.998	
12	216.400	-69.998	
12	216.500	-69.998	
12	216.600	-69.998	
12	216.700	-69.998	
12	216.800	-69.998	
12	216.900	-69.998	
12	217.000	-69.998	
12	217.100	-69.998	
12	217.200	-69.998	
12	217.300	-69.998	
12	217.400	-69.998	
12	217.500	-69.998	
12	217.600	-69.998	
12	217.700	-69.998	
12	217.800	-69.998	
12	217.900	-69.998	
12	218.000	-69.998	
12	218.100	-69.998	
12	218.200	-69.998	
12	218.300	-69.998	
12	218.400	-69.998	
12	218.500	-69.998	
12	218.600	-69.998	
12	218.700	-69.998	
12	218.800	-69.998	
12	218.900	-69.998	
12	219.000	-69.998	
12	219.100	-69.998	
12	219.200	-69.998	
12	219.300	-69.998	
12	219.400	-69.998	
12	219.500	-69.998	
12	219.600	-69.998	
12	219.700	-69.998	
12	219.800	-69.998	
12	219.900	-69.998	
12	220.000	-69.998	
12	220.100	-69.998	
12	220.200	-69.998	
12	220.300	-69.998	
12	220.400	-69.998	
12	220.500	-69.998	
12	220.600	-69.998	
12	220.700	-69.998	
12	220.800	-69.998	
12	220.900	-69.998	
12	221.000	-69.998	
12	221.100	-69.998	
12	221.200	-69.998	
12	221.300	-69.998	
12	221.400	-69.998	
12	221.500	-69.998	
12	221.600	-69.998	
12	221.700	-69.998	
12	221.800	-69.998	
12	221.900	-69.998	
12	222.000	-69.998	
12	222.100	-69.998	
12	222.200	-69.998	
12	222.300	-69.998	
12	222.400	-69.998	
12	222.500	-69.998	
12	222.600	-69.998	
12	222.700	-69.998	
12	222.800	-69.998	
12	222.900	-69.998	
12	223.000	-69.998	
12	223.100	-69.998	
12	223.200	-69.998	
12	223.300	-69.998	
12	223.400	-69.998	
12	223.500	-69.998	
12	223.600	-69.998	
12	223.700	-69.998	
12	223.800	-69.998	
12	223.900	-69.998	
12	224.000	-69.998	
12	224.100	-69.998	
12	224.200	-69.998	
12	224.300	-69.998	
12	224.400	-69.998	
12	224.500	-69.998	
12	224.600	-69.998	
12	224.700	-69.998	
12	224.800	-69.998	
12	224.900	-69.998	
12	225.000	-69.998	
12	225.100	-69.998	
12	225.200	-69.998	
12	225.300	-69.998	
12	225.400	-69.998	
12	225.500	-69.998	
12	225.600	-69.998	
12	225.700	-69.998	
12	225.800	-69.998	
12	225.900	-69.998	
12	226.000	-69.998	
12	226.100	-69.998	
12	226.200	-69.998	
12	226.300	-69.998	
12	226.400	-69.998	
12	226.500	-69.998	
12	226.600	-69.998	
12	226.700	-69.998	
12	226.800	-69.998	
12	226.900	-69.998	
12	227.000	-69.998	
12	227.100	-69.998	
12	227.200	-69.998	
12	227.300	-69.998	
12	227.400	-69.998	
12	227.500	-69.998	
12	227.600	-69.998	
12	227.700	-69.998	
12	227.800	-69.998	
12	227.900	-69.998	
12	228.000	-69.998	
12	228.100	-69.998	
12	228.200	-69.998	
12	228.300	-69.998	
12	228.400	-69.998	
12	228.500	-69.998	
12	228.600	-69.998	
12	228.700	-69.998	
12	228.800	-69.998	
12	228.900	-69.998	
12	229.000	-69.998	
12	229.100	-69.998	
12	229.200	-69.998	
12	229.300	-69.998	
12	229.400	-69.998	
12	229.500	-69.998	
12	229.600	-69.998	
12	229.700	-69.998	
12	229.800	-69.998	
12	229.900	-69.998	
12	230.000	-69.998	
12	230.100	-69.998	
12	230.200	-69.998	
12	230.300	-69.998	
12	230.400	-69.998	
12	230.500	-69.998	
12	230.600	-69.998	
12	230.700	-69.998	
12	230.800	-69.998	
12	230.900	-69.998	
12	231.000	-69.998	
12	231.100	-69.998	
12	231.200	-69.998	
12	231.300	-69.998	
12	231.400	-69.998	
12	231.500	-69.998	
12	231.600	-69.998	
12	231.700	-69.998	
12	231.800	-69.998	
12	231.900	-69.998	
12	232.000	-69.998	
12	232.100	-69.998	
12	232.200	-69.998	
12	232.300	-69.998	
12	232.400	-69.998	
12	232.500	-69.998	
12	232.600	-69.998	
12	232.700	-69.998	
12	232.800	-69.998	
12	232.900	-69.998	
12	233.000	-69.998	
12	233.100	-69.998	
12	233.200	-69.998	
12	233.300	-69.998	
12	233.400	-69.998	
12	233.500	-69.998	
12	233.600	-69.998	
12	233.700	-69.998	
12	233.800	-69.998	
12	233.900	-69.998	
12	234.000	-69.998	
12	234.100	-69.998	
12	234.200	-69.998	
12	234.300	-69.998	
12	234.400	-69.998	
12	234.500	-69.998	
12	234.600	-69.998	
12	234.700	-69.998	
12	234.800	-69.998	
12	234.900	-69.998	
12	235.000	-69.998	
12	235.100	-69.998	
12	235.200	-69.998	
12	235.300	-69.998	
12	235.400	-69.998	
12	235.500	-69.998	
12	235.600	-69.998	
12	235.700	-69.998	
12	235.800	-69.998	
12	235.900	-69.998	
12	236.000	-69.998	
12	236.100	-69.998	
12	236.200	-69.998	
12	236.300	-69.998	
12	236.400	-69.998	
12	236.500	-69.998	
12	236.600	-69.998	
12	236.700	-69.998	
12	236.800	-69.998	
12	236.900	-69.998	
12	237.000	-69.998	
12	237.100	-69.998	
12	237.200	-69.998	
12	237.300	-69.998	
12	237.400	-69.998	
12	237.500	-69.998	
12	237.600	-69.998	
12	237.700	-69.998	
12	237.800	-69.998	
12	237.900	-69.998	
12	238.000	-69.998	
12	238.100	-69.998	
12	238.200	-69.998	
12	238.300	-69.998	
12	238.400	-69.998	
12	238.500	-69.998	
12	238.600	-69.998	
12	238.700	-69.998	
12	238.800	-69.998	
12	238.900	-69.998	
12	239.000	-69.998	
12	239.100	-69.998	
12	239.200	-69.998	
12	239.300	-69.998	
12	239.400	-69.998	
12	239.500	-69.998	
12	239.600	-69.998	
12	239.700	-69.998	
12	239.800	-69.998	
12	239.900	-69.998	
12	240.000	-69.998	
12	240.100	-69.998	
12	240.200	-69.998	
12	240.300	-69.998	
12	240.400	-69.998	
12	240.500	-69.998	
12	240.600	-69.998	
12	240.700	-69.998	
12	240.800	-69.998	
12	240.900	-69.998	
12	241.000	-69.998	
12	241.100	-69.998	
12	241.200	-69.998	
12	241.300	-69.998	
12	241.400	-69.998	
12	241.500	-69.998	
12	241.600	-69.998	
12	241.700	-69.998	
12	241.800	-69.998	
12	241.900	-69.998	
12	242.000	-69.998	
12	242.100	-69.998	
12	242.200	-69.998	
12	242.300	-69.998	
12	242.400	-69.998	
12	242.500	-69.998	
12	242.600	-69.998	
12	242.700	-69.998	
12	242.800	-69.998	
12	242.900	-69.998	
12	243.000	-69.998	
12	243.100	-69.998	
12	243.200	-69.998	
12	243.300	-69.998	
12	243.400	-69.998	
12	243.500	-69.998	
12	243.600	-69.998	
12	243.700	-69.998	
12	243.800	-69.998	
12	243.900	-69.998	
12	244.000	-69.998	
12	244.100	-69.998	
12	244.200	-69.998	
12	244.300	-69.998	
12	244.400	-69.998	
12	244.500	-69.998	
12	244.600	-69.998	
12	244.700	-69.998	
12	244.800	-69.998	
12	244.900	-69.998	
12	245.000	-69.998	
12	245.100	-69.998	
12	245.200	-69.998	
12	245.300	-69.998	
12	245.400	-69.998	
12	245.500	-69.998	
12	245.600	-69.998	
12	245.700	-69.998	
12	245.800	-69.998	
12	245.900	-69.998	
12	246.000	-69.998	
12	246.100	-69.998	
12	246.200	-69.998	
12	246.300	-69.998	
12	246.400	-69.998	
12	246.500	-69.998	
12	246.600	-69.998	
12	246.700	-69.998	
12	246.800	-69.998	
12	246.900	-69.998	
12	247.000	-69.998	
12	247.100	-69.998	
12	247.200	-69.998	
12	247.300	-69.998	
12	247.400	-69.998	
12	247.500	-69.998	
12	247.600	-69.998	
12	247.700	-69.998	
12	247.800	-69.998	
12	247.900	-69.998	
12	248.000	-69.998	
12	248.100	-69.998	
12	248.200	-69.998	
12	248.300	-69.998	
12	248.400	-69.998	
12	248.500	-69.998	
12	248.600	-69.998	
12	248.700	-69.998	
12	248.800	-69.998	
12	248.900	-69.998	
12	249.000	-69.998	
12	249.100	-69.998	
12	249.200	-69.998	
12	249.300	-69.998	
12	249.400	-69.998	
12	249.500	-69.998	
12	249.600	-69.998	
12	249.700	-69.998	
12	249.800	-69.998	
12	249.900	-69.998	
12	250.000	-69.998	
12	250.100	-69.998	
12	250.200	-69.998	
12	250.300	-69.998	
12	250.400	-69.998	
12	250.500	-69.998	
12	250.600	-69.998	
12	250.700	-69.998	
12	250.800	-69.998	
12	250.900	-69.998	
12	251.000	-69.998	
12	251.100	-69.998	
12	251.200	-69.998	
12	251.300	-69.998	
12	251.400	-69.998	
12	251.500	-69.998	
12	251.600	-69.998	
12	251.700	-69.998	
12	251.800	-69.998	
12	251.900	-69.998	
12	252.000	-69.998	
12	252.100	-69.998	
12	252.200	-69.998	
12	252.300	-69.998	
12	252.400	-69.998	
12	252.500	-69.998	
12	252.600	-69.998	
12	252.700	-69.998	
12	252.800	-69.998	
12	252.900	-69.998	
12	253.000	-69.998	
12	253.100	-69.998	
12	253.200	-69.998	
12	253.300	-69.998	
12	253.400	-69.998	
12	253.500	-69.998	
12	253.600	-69.998	
12	253.700	-69.998	
12	253.800	-69.998	
12	253.900	-69.998	
12	254.000	-69.998	
12	254.100	-69.998	
12	254.200	-69.998	
12	254.300	-69.998	
12	254.400	-69.998	
12	254.500	-69.998	
12	254.600	-69.998	
12	254.700	-69.998	
12	254.800	-69.998	
12	254.900	-69.998	
12	255.000	-69.998	
12	255.100	-69.998	
12	255.200	-69.998	
12	255.300	-69.998	
12	255.400	-69.998	
12	255.500	-69.998	
12	255.600	-69.998	
12	255.700	-69.998	
12	255.800	-69.998	
12	255.900	-69.998	
12	256.000	-69.998	
12	256.100	-69.998	
12	256.200	-69.998	
12	256.300	-69.998	
12	256.400	-69.998	
12	256.500	-69.998	
12	256.600	-69.998	
12	256.700	-69.998	
12	256.800	-69.998	
12	256.900	-69.998	
12	257.000	-69.998	
12	257.100	-69.998	
12	257.200	-69.998	
12	257.300	-69.998	
12	257.400	-69.998	
12	257.500	-69.998	
12	257.600	-69.998	
12	257.700	-69.998	
12	257.800	-69.998	
12	257.900	-69.998	
12	258.000	-69.998	
12	258.100	-69.998	
12	258.200	-69.998	
12	258.300	-69.998	
12	258.400	-69.998	
12	258.500	-69.998	
12	258.600	-69.998	
12	258.700	-69.998	
12	258.800	-69.998	
12	258.900	-69.998	
12	259.000	-69.998	
12	259.100	-69.998	
12	259.200	-69.998	
12	259.300	-69.998	
12	259.400	-69.998	
12	259.500	-69.998	
12	259.600	-69.998	
12	259.700	-69.998	
12	259.800	-69.998	
12	259.900	-69.998	
12	260.000	-69.998	
12	260.100	-69.998	
12	260.200	-69.998	
12	260.300	-69.998	
12	260.400	-69.998	
12	260.500	-69.998	
12	260.600	-69.998	
12	260.700	-69.998	
12	260.800	-69.998	
12	260.900	-69.998	
12	261.000	-69.998	
12	261.100	-69.998	
12	261.200	-69.998	
12	261.300	-69.998	
12	261.400	-69.998	
12	261.500	-69.998	
12	261.600	-69.998	
12	261.700	-69.998	
12	261.800	-69.998	
12	261.900	-69.998	
12	262.000	-69.998	
12	262.100	-69.998	
12	262.200	-69.998	
12	262.300	-69.998	
12	262.400	-69.998	
12	262.500	-69.998	
12	262.600	-69.998	
12	262.700	-69.998	
12	262.800	-69.998	
12	262.900	-69.998	
12	263.000	-69.998	
12	263.100	-69.998	
12	263.200	-69.998	
12	263.300	-69.998	
12	263.400	-69.998	
12	263.500	-69.998	
12	263.600	-69.998	
12	263.700	-69.998	
12	263.800	-69.998	
12	263.900	-69.998	
12	264.000	-69.998	
12	264.100	-69.998	
12	264.200	-69.998	
12	264.300	-69.998	
12	264.400	-69.998	
12	264.500	-69.998	
12	264.600	-69.998	
12	264.700	-69.998	
12	264.800	-69.998	
12	264.900	-69.998	
12	265.000	-69.998	
12	265.100	-69.998	
12	265.200	-69.998	
12	265.300	-69.998	
12	265.400	-69.998	
12	265.500	-69.998	
12	265.600	-69.998	
12	265.700	-69.998	
12	265.800	-69.998	
12	265.900	-69.998	
12	266.000	-69.998	
12	266.100	-69.998	
12	266.200	-69.998	
12	266.300	-69.998	
12	266.400	-69.998	
12	266.500	-69.998	
12	266.600	-69.998	
12	266.700	-69.998	
12	266.800	-69.998	
12	266.900	-69.998	
12	267.000	-69.998	
12	267.100	-69.998	
12	267.200	-69.998	
12	267.300	-69.998	
12	267.400	-69.998	
12	267.500	-69.998	
12	267.600	-69.998	
12	267.700	-69.998	
12	267.800	-69.998	
12	267.900	-69.998	
12	268.000	-69.998	
12	268.100	-69.998	
12	268.200	-69.998	
12	268.300	-69.998	
12	268.400	-69.998	
12	268.500	-69.998	
12	268.600	-69.998	
12	268.700	-69.998	
12	268.800	-69.998	
12	268.900	-69.998	
12	269.000	-69.998	
12	269.100	-69.998	
12	269.200	-69.998	
12	269.300	-69.998	
12	269.400	-69.998	
12	269.500	-69.998	
12	269.600	-69.998	
12	269.700	-69.998	
12	269.800	-69.998	
12	269.900	-69.998	
12	270.000	-69.998	
12	270.100	-69.998	
12	270.200	-69.998	
12	270.300	-69.998	
12	270.400	-69.998	
12	270.500	-69.998	
12	270.600	-69.998	
12	270.700	-69.998	
12	270.800	-69.998	
12	270.900	-69.998	
12	271.000	-69.998	
12	271.100	-69.998	
12	271.200	-69.998	
12	271.300	-69.998	
12	271.400	-69.998	
12	271.500	-69.998	
12	271.600	-69.998	
12	271.700	-69.998	
12	271.800	-69.998	
12	271.900	-69.998	
12	272.000	-69.998	
12	272.100	-69.998	
12	272.200	-69.998	
12	272.300	-69.998	
12	272.400	-69.998	
12	272.500	-69.998	
12	272.600	-69.998	
12	272.700	-69.998	
12	272.800	-69.998	
12	272.900	-69.998	
12	273.000	-69.998	
12	273.100	-69.998	
12	273.200	-69.998	
12	273.300	-69.998	
12	273.400	-69.998	
12	273.500	-69.998	
12	273.600	-69.998	
12	273.700	-69.998	
12	273.800	-69.998	
12	273.900	-69.998	
12	274.000	-69.998	
12	274.100	-69.998	
12	274.200	-69.998	
12	274.300	-69.998	
12	274.400	-69.998	
12	274.500	-69.998	
12	274.600	-69.998	
12	274.700	-69.998	
12	274.800	-69.998	
12	274.900	-69.998	
12	275.000	-69.998	
12	275.100	-69.998	
12	275.200	-69.998	
12	275.300	-69.998	
12	275.400	-69.998	
12	275.500	-69.998	
12	275.600	-69.998	
12	275.700	-69.998	
12	275.800	-69.998	
12	275.900	-69.998	
12	276.000	-69.998	
12	276.100	-69.998	
12	276.200	-69.998	
12	276.300	-69.998	
12	276.400	-69.998	
12	276.500	-69.998	
12	276.600	-69.998	
12	276.700	-69.998	
12	276.800	-69.998	
12	276.900	-69.998	
12	277.000	-69.998	
12	277.100	-69.998	
12	277.200	-69.998	
12	277.300	-69.998	
12	277.400	-69.998	
12	277.500	-69.998	
12	277.600	-69.998	
12	277.700	-69.998	
12	277.800	-69.998	
12	277.900	-69.998	
12	278.000	-69.998	
12	278.100	-69.998	
12	278.200	-69.998	
12	278.300	-69.998	
12	278.400	-69.998	
12	278.500	-69.998	
12	278.600	-69.998	
12	278.700	-69.998	
12	278.800	-69.998	
12	278.900	-69.998	
12	279.000	-69.998	
12	279.100	-69.998	
12	279.200	-69.998	
12	279.300	-69.998	
12	279.400	-69.998	
12	279.500	-69.998	
12	279.600	-69.998	
12	279.700	-69.998	
12	279.800	-69.998	
12	279.900	-69.998	
12	280.000	-69.998	
12	280.100	-69.998	
12	280.200	-69.998	
12	280.300	-69.998	
12	280.400	-69.998	
12	280.500	-69.998	
12	280.600	-69.998	
12	280.700	-69.998	
12	280.800	-69.998	
12	280.900	-69.998	
12	281.000	-69.998	
12	281.100	-69.998	
12	281.200	-69.998	
12	281.300	-69.998	
12	281.400	-69.998	
12	281.500	-69.998	
12	281.600	-69.998	
12	281.700	-69.998	
12	281.800	-69.998	
12	281.900	-69.998	
12	282.000	-69.998	
12	282.100	-69.998	
12	282.200	-69.998	
12	282.300	-69.998	
12	282.400	-69.998	
12	282.500	-69.998	
12	282.600	-69.998	
12	282.700	-69.998	
12	282.800	-69.998	
12	282.900	-69.998	
12	283.000	-69.998	
12	283.100	-69.998	
12	283.200	-69.998	
12	283.300	-69.998	
12	283.400	-69.998	
12	283.500	-69.998	
12	283.600	-69.998	
12	283.700	-69.998	
12	283.800	-69.998	
12	283.900	-69.998	
12	284.000	-69.998	
12	284.100	-69.998	
12	284.200	-69.998	
12	284.300	-69.998	
12	284.400	-69.998	
12	284.500	-69.998	
12	284.600	-69.998	
12	284.700	-69.998	
12	284.800	-69.998	
12	284.900	-69.998	
12	285.000	-69.998	
12	285.100	-69.998	
12	285.200	-69.998	
12	285.300	-69.998	
12	285.400	-69.998	
12	285.500	-69.998	
12	285.600	-69.998	
12	285.700	-69.998	
12	285.800	-69.998	
12	285.900	-69.998	
12	286.000	-69.998	
12	286.100	-69.998	
12	286.200	-69.998	
12	286.300	-69.998	
12	286.400	-69.998	
12	286.500	-69.998	
12	286.600	-69.998	
12	286.700	-69.998	
12	286.800	-69.998	
12	286.900	-69.998	
12	287.000	-69.998	
12	287.100	-69.998	
12	287.200	-69.998	
12	287.300	-69.998	
12	287.400	-69.998	
12	287.500	-69.998	
12	287.600	-69.998	
12	287.700	-69.998	
12	287.800	-69.998	
12	287.900	-69.998	
12	288.000	-69.998	
12	288.100	-69.998	
12	288.200	-69.998	
12	288.300	-69.998	
12	288.400	-69.998	
12	288.500	-69.998	
12	288.600	-69.998	
12	288.700	-69.998	
12	288.800	-69.998	
12	288.900	-69.998	
12	289.000	-69.998	
12	289.100	-69.998	
12	289.200	-69.998	
12	289.300	-69.998	
12	289.400	-69.998	
12	289.500	-69.998	
12	289.600	-69.998	
12	289.700	-69.998	
12	289.800	-69.998	
12	289.900	-69.998	
12	290.000	-69.998	
12	290.100	-69.998	
12	290.200	-69.998	
12	290.300	-69.998	
12	290.400	-69.998	
12	290.500	-69.998	
12	290.600	-69.998	
12	290.700	-69.998	
12	290.800	-69.998	
12	290.900	-69.998	
12	291.000	-69.998	
12	291.100	-69.998	
12	291.200	-69.998	
12	291.300	-69.998	
12	291.400	-69.998	
12	291.500	-69.998	
12	291.600	-69.998	
12	291.700	-69.998	
12	291.800	-69.998	
12	291.900	-69.998	
12	292.000	-69.998	
12	292.100	-69.998	
12	292.200	-69.998	
12	292.300	-69.998	
12	292.400	-69.998	
12	292.500	-69.998	
12	292.600	-69.998	
12	292.700	-69.998	
12	292.800	-69.998	
12	292.900	-69.998	
12	293.000	-69.998	
12	293.100	-69.998	
12	293.200	-69.998	
12	293.300	-69.998	
12	293.400	-69.998	
12	293.500	-69.998	
12	293.600	-69.998	
12	293.700	-69.998	
12	293.800	-69.998	
12	293.900	-69.998	
12	294.000	-69.998	
12	294.100	-69.998	
12	294.200	-69.998	
12	294.300	-69.998	
12	294.400	-69.998	
12	294.500	-69.998	
12	294.600	-69.998	
12	294.700	-69.998	
12	294.800	-69.998	
12	294.900	-69.998	
12	295.000	-69.998	
12	295.100	-69.998	
12	295.200	-69.998	
12	295.300	-69.998	
12	295.400	-69.998	
12	295.500	-69.998	
12	295.600	-69.998	
12	295.700	-69.998	
12	295.800	-69.998	
12	295.900	-69.998	
12	296.000	-69.998	
12	296.100	-69.998	
12	296.200	-69.998	
12	296.300	-69.998	
12	296.400	-69.998	
12	296.500	-69.998	
12	296.600	-69.998	
12	296.700	-69.998	
12	296.800	-69.998	
12	296.900	-69.998	
12	297.000	-69.998	
12	297.100	-69.998	
12	297.200	-69.998	
12	297.300	-69.998	
12	297.400	-69.998	
12	297.500	-69.998	
12	297.600	-69.998	
12	297.700	-69.998	
12	297.800	-69.998	
12	297.900	-69.998	
12	298.000	-69.998	
12	298.100	-69.998	
12	298.200	-69.998	
12	298.300	-69.998	
12	298.400	-69.998	
12	298.500	-69.998	
12	298.600	-69.998	
12	298.700	-69.998	
12	298.800	-69.998	
12	298.900	-69.998	
12	299.000	-69.998	
12	299.100	-69.998	
12	299.200	-69.998	
12	299.300	-69.998	
12	299.400	-69.998	
12	299.500	-69.998	
12	299.600	-69.998	
12	299.700	-69.998	
12	299.800	-69.998	
12	299.900	-69.998	
12	300.000	-69.998	
12	300.100	-69.998	
12	300.200	-69.998	
12	300.300	-69.998	
12	300.400	-69.998	
12	300.500	-69.998	
12	300.600	-69.998	
12	300.700	-69.998	
12	300.800	-69.998	
12	300.900	-69.998	
12	301.000	-69.998	
12	301.100	-69.998	
12	301.200	-69.998	
12	301.300	-69.998	
12	301.400	-69.998	
12	301.500	-69.998	
12	301.600	-69.998	
12	301.700	-69.998	
12	301.800	-69.998	
12	301.900	-69.998	
12	302.000	-69.998	
12	302.100	-69.998	
12	302.200	-69.998	
12	302.300	-69.998	
12	302.400	-69.998	
12	302.500	-69.998	
12	302.600	-69.998	
12	302.700	-69.998	
12	302.800	-69.998	
12	302.900	-69.998	
12	303.000	-69.998	
12	303.100	-69.998	
12	303.200	-69.998	
12	303.300	-69.998	
12	303.400	-69.998	
12	303.500	-69.998	
12	303.600	-69.998	
12	303.700	-69.998	
12	303.800	-69.998	
12	303.900	-69.998	
12	304.000	-69.998	
12	304.100	-69.998	
12	304.200	-69.998	
12	304.300	-69.998	
12	304.400	-69.998	
12	304.500	-69.998	
12	304.600	-69.998	
12	304.700	-69.998	
12	304.800	-69.998	
12	304.900	-69.998	
12	305.000	-69.998	
12	305.100	-69.998	
12	305.200	-69.998	
12	305.300	-69.998	
12	305.400	-69.998	
12	305.500	-69.998	
12	305.600	-69.998	
12	305.700	-69.998	
12	305.800	-69.998	
12	305.900	-69.998	
12	306.000	-69.998	
12	306.100	-69.998	
12	306.200	-69.998	
12	306.300	-69.998	
12	306.400	-69.998	
12	306.500	-69.998	
12	306.600	-69.998	
12	306.700	-69.998	
12	306.800	-69.998	
12	306.900	-69.998	
12	307.000	-69.998	
12	307.100	-69.998	
12	307.200	-69.998	
12	307.300	-69.998	
12	307.400	-69.998	
12	307.500	-69.998	
12	307.600	-69.998	
12	307.700	-69.998	
12	307.800	-69.998	
12	307.900	-69.998	
12	308.000	-69.998	
12	308.100	-69.998	
12	308.200	-69.998	
12	308.300	-69.998	
12	308.400	-69.998	
12	308.500	-69.998	
12	308.600	-69.998	
12	308.700	-69.998	
12	308.800	-69.998	
12	308.900	-69.998	
12	309.000	-69.998	
12	309.100	-69.998	
12	309.200	-69.998	
12	309.300	-69.998	
12	309.400	-69.998	
12	309.500	-69.998	
12	309.600	-69.998	
12	309.700	-69.998	
12	309.800	-69.998	
12	309.900	-69.998	
12	310.000	-69.998	
12	310.100	-69.998	
12	310.200	-69.998	
12	310.300	-69.998	
12	310.400	-69.998	
12	310.500	-69.998	
12	310.600	-69.998	
12	310.700	-69.998	
12	310.800	-69.998	
12	310.900	-69.998	
12	311.000	-69.998	
12	311.100	-69.998	
12	311.200	-69.998	
12	311.300	-69.998	
12	311.400	-69.998	
12	311.500	-69.998	
12	311.600	-69.998	
12	311.700	-69.998	
12	311.800	-69.998	
12	311.900	-69.998	
12	312.000	-69.998	
12	312.100	-69.998	
12	312.200	-69.998	
12	312.300	-69.998	
12	312.400	-69.998	
12	312.500	-69.998	
12	312.600	-69.998	
12	312.700	-69.998	
12	312.800	-69.998	
12	312.900	-69.998	
12	313.000	-69.998	
12	313.100	-69.998	
12	313.200	-69.998	
12	313.300	-69.998	
12	313.400	-69.998	
12	313.500	-69.998	
12	313.600	-69.998	
12	313.700	-69.998	
12	313.800	-69.998	
12	313.900	-69.998	
12	314.000	-69.998	
12	314.100	-69.998	
12	314.200	-69.998	
12	314.300	-69.998	
12	314.400	-69.998	
12	314.500	-69.998	
12	314.600	-69.998	
12	314.700	-69.998	
12	314.800	-69.998	
12	314.900	-69.998	
12	315.000	-69.998	
12	315.100	-69.998	
12	315.200	-69.998	
12	315.300	-69.998	
12	315.400	-69.998	
12	315.500	-69.998	
12	315.600	-69.998	
12	315.700	-69.998	
12	315.800	-69.998	
12	315.900	-69.998	
12	316.000	-69.998	
12	316.100	-69.998	
12	316.200	-69.998	
12	316.300	-69.998	
12	316.400	-69.998	
12	316.500	-69.998	
12	316.600	-69.998	
12	316.700	-69.998	
12	316.800	-69.998	
12	316.900	-69.998	
12	317.000	-69.998	
12	317.100	-69.998	
12	317.200	-69.998	
12	317.300	-69.998	
12	317.400	-69.998	
12	317.500	-69.998	
12	317.600	-69.998	
12	317.700	-69.998	
12	317.800	-69.998	
12	317.900	-69.998	
12	318.000	-69.998	
12	318.100	-69.998	
12	318.200	-69.998	
12	318.300	-69.998	
12	318.400	-69.998	
12	318.500	-69.998	
12	318.600	-69.998	
12	318.700	-69.998	
12	318.800	-69.998	
12	318.900	-69.998	
12	319.000	-69.998	
12	319.100	-69.998	
12	319.200	-69.998	
12	319.300	-69.998	
12	319.400	-69.998	
12	319.500	-69.998	
12	319.600	-69.998	
12	319.700	-69.998	
12	319.800	-69.998	
12	319.900	-69.998	
12	320.000	-69.998	
12	320.100	-69.998	
12	320.200	-69.998	
12	320.300	-69.998	
12	320.400	-69.998	
12	320.500	-69.998	
12	320.600	-69.998	
12	320.700	-69.998	
12	320.800	-69.998	
12	320.900	-69.998	
12	321.000	-69.998	
12	321.100	-69.998	
12	321.200	-69.998	
12	321.300	-69.998	
12	321.400	-69.998	
12	321.500	-69.998	
12	321.600	-69.998	
12	321.700	-69.998	
12	321.800	-69.998	
12	321.900	-69.998	
12	322.000	-69.998	
12	322.100	-69.998	
12	322.200	-69.998	
12	322.300	-69.998	
12	322.400	-69.998	
12	322.500	-69.998	
12	322.600	-69.998	
12	322.700	-69.998	
12	322.800	-69.998	
12	322.900	-69.998	
12	323.000	-69.998	
12	323.100	-69.998	
12	323.200	-69.998	
12	323.300	-69.998	
12	323.400	-69.998	
12	323.500	-69.998	
12	323.600	-69.998	
12	323.700	-69.998	
12	323.800	-69.998	
12	323.900	-69.998	
12	324.000	-69.998	
12	324.100	-69.998	
12	324.200	-69.998	
12	324.300	-69.998	
12	324.400	-69.998	
12	324.500	-69.998	
12	324.600	-69.998	
12	324.700	-69.998	
12	324.800	-69.998	
12	324.900	-69.998	
12	325.000	-69.998	
12	325.100	-69.998	
12	325.200	-69.998	
12	325.300	-69.998	
12	325.400	-69.998	
12	325.500	-69.998	
12	325.600	-69.998	
12	325.700	-69.998	
12	325.800	-69.998	
12	325.900	-69.998	
12	326.000	-69.998	
12	326.100	-69.998	
12	326.200	-69.998	
12	326.300	-69.998	
12	326.400	-69.998	
12	326.500	-69.998	
12	326.600	-69.998	
12	326.700	-69.998	
12	326.800	-69.998	
12	326.900	-69.998	
12	327.000	-69.998	
12	327.100	-69.998	
12	327.200	-69.998	
12	327.300	-69.998	
12	327.400	-69.998	
12	327.500	-69.998	
12	327.600	-69.998	
12	327.700	-69.998	
12	327.800	-69.998	
12	327.900	-69.998	
12	328.000	-69.998	
12	328.100	-69.998	
12	328.200	-69.998	
12	328.300	-69.998	
12	328.400	-69.998	
12	328.500	-69.998	
12	328.600	-69.998	
12	328.700	-69.998	
12	328.800	-69.998	
12	328.900	-69.998	
12	329.000	-69.998	
12	329.100	-69.998	
12	329.200	-69.998	
12	329.300	-69.998	
12	329.400	-69.998	
12	329.500	-69.998	
12	329.600	-69.998	
12	329.700	-69.998	
12	329.800	-69.998	
12	329.900	-69.998	
12	330.000	-69.998	
12	330.100	-69.998	
12	330.200	-69.998	
12	330.300	-69.998	
12	330.400	-69.998	
12	330.500	-69.998	
12	330.600	-69.998	
12	330.700	-69.998	
12	330.800	-69.998	
12	330.900	-69.998	
12	331.000	-69.998	
12	331.100	-69.998	
12	331.200	-69.998	
12	331.300	-69.998	
12	331.400	-69.998	
12	331.500	-69.998	
12	331.600	-69.998	
12	331.700	-69.998	
12	331.800	-69.998	
12	331.900	-69.998	
12	332.000	-69.998	
12	332.100	-69.998	
12	332.200	-69.998	
12	332.300	-69.998	
12	332.400	-69.998	
12	332.500	-69.998	
12	332.600	-69.998	
12	332.700	-69.998	
12	332.800	-69.998	
12	332.900	-69.998	
12	333.000	-69.998	
12	333.100	-69.998	
12	333.200	-69.998	
12	333.300	-69.998	
12	333.400	-69.998	
12	333.500	-69.998	
12	333.600	-69.998	
12	333.700	-69.998	
12	333.800	-69.998	
12	333.900	-69.998	
12	334.000	-69.998	
12	334.100	-69.998	
12	334.200	-69.998	
12	334.300	-69.998	
12	334.400	-69.998	
12	334.500	-69.998	
12	334.600	-69.998	
12	334.700	-69.998	
12	334.800	-69.998	
12	334.900	-69.998	
12	335.000	-69.998	
12	335.100	-69.998	
12	335.200	-69.998	
12	335.300	-69.998	
12	335.400	-69.998	
12	335.500	-69.998	
12	335.600	-69.998	
12	335.700	-69.998	
12	335.800	-69.998	
12	335.900	-69.998	
12	336.000	-69.998	
12	336.100	-69.998	
12	336.200	-69.998	
12	336.300	-69.998	
12	336.400	-69.998	
12	336.500	-69.998	
12	336.600	-69.998	
12	336.700	-69.998	
12	336.800	-69.998	
12	336.900	-69.998	
12	337.000	-69.998	
12	337.100	-69.998	
12	337.200	-69.998	
12	337.300	-69.998	
12	337.400	-69.998	
12	337.500	-69.998	
12	337.600	-69.998	
12	337.700	-69.998	
12	337.800	-69.998	
12	337.900	-69.998	
12	338.000	-69.998	
12	338.100	-69.998	
12	338.200	-69.998	
12	338.300	-69.998	
12	338.400	-69.998	
12	338.500	-69.998	
12	338.600	-69.998	
12	338.700	-69.998	
12	338.800	-69.998	
12	338.900	-69.998	
12	339.000	-69.998	
12	339.100	-69.998	
12	339.200	-69.998	
12	339.300	-69.998	
12	339.400	-69.998	
12	339.500	-69.998	
12	339.600	-69.998	
12	339.700	-69.998	
12	339.800	-69.998	
12	339.900	-69.998	
12	340.000	-69.998	
12	340.100	-69.998	
12	340.200	-69.998	
12	340.300	-69.998	
12	340.400	-69.998	
12	340.500	-69.998	
12	340.600	-69.998	
12	340.700	-69.998	
12	340.800	-69.998	
12	340.900	-69.998	
12	341.000	-69.998	
12	341.100	-69.998	
12	341.200	-69.998	
12	341.300	-69.998	
12	341.400	-69.998	
12	341.500	-69.998	
12	341.600	-69.998	
12	341.700	-69.998	
12	341.800	-69.998	
12	341.900	-69.998	
12	342.000	-69.998	
12	342.100	-69.998	
12	342.200	-69.998	
12	342.300	-69.998	
12	342.400	-69.998	
12	342.500	-69.998	
12	342.600	-69.998	
12	342.700	-69.998	
12	342.800	-69.998	
12	342.900	-69.998	
12	343.000	-69.998	
12	343.100	-69.998	
12	343.200	-69.998	
12	343.300	-69.998	
12	343.400	-69.998	
12	343.500	-69.998	
12	343.600	-69.998	
12	343.700	-69.998	
12	343.800	-69.998	
12	343.900	-69.998	
12	344.000	-69.998	
12	344.100	-69.998	
12	344.200	-69.998	
12	344.300	-69.998	
12	344.400	-69.998	
12	344.500	-69.998	
12	344.600	-69.998	
12	344.700	-69.998	
12	344.800	-69.998	
12	344.900	-69.998	
12	345.000	-69.998	
12	345.100	-69.998	
12	345.200	-69.998	
12	345.300	-69.998	
12	345.400	-69.998	
12	345.500	-69.998	
12	345.600	-69.998	
12	345.700	-69.998	
12	345.800	-69.998	
12	345.900	-69.998	
12	346.000	-69.998	
12	346.100	-69.998	
12	346.200	-69.998	
12	346.300	-69.998	
12	346.400	-69.998	
12	346.500	-69.998	
12	346.600	-69.998	
12	346.700	-69.998	
12	346.800	-69.998	
12	346.900	-69.998	
12	347.000	-69.998	
12	347.100	-69.998	
12	347.200	-69.998	
12	347.300	-69.998	
12	347.400	-69.998	
12	347.500	-69.998	
12	347.600	-69.998	
12	347.700	-69.998	
12	347.800	-69.998	
12	347.900	-69.998	
12	348.000	-69.998	
12	348.100	-69.998	
12	348.200	-69.998	
12	348.300	-69.998	
12	348.400	-69.998	
12	348.500	-69.998	
12	348.600	-69.998	
12	348.700	-69.998	
12	348.800	-69.998	
12	348.900	-69.998	
12	349.000	-69.998	
12	349.100	-69.998	
12	349.200	-69.998	
12	349.300	-69.998	
12	349.400	-69.998	
12	349.500	-69.998	
12	349.600	-69.998	
12	349.700	-69.998	
12	349.800	-69.998	
12	349.900	-69.998	
12	350.000	-69.998	
12	350.100	-69.998	
12	350.200	-69.998	
12	350.300	-69.998	
12	350.400	-69.998	
12	350.500	-69.998	
12	350.600	-69.998	
12	350.700	-69.998	
12	350.800	-69.998	
12	350.900	-69.998	
12	351.000	-69.998	
12	351.100	-69.998	
12	351.200	-69.998	
12	351.300	-69.998	
12	351.400	-69.998	
12	351.500	-69.998	
12	351.600	-69.998	
12	351.700	-69.998	
12	351.800	-69.998	
12	351.900	-69.998	
12	352.000	-69.998	
12	352.100	-69.998	
12	352.200	-69.998	
12	352.300	-69.998	
12	352.400	-69.998	
12	352.500	-69.998	
12	352.600	-69.998	
12	352.700	-69.998	
12	352.800	-69.998	
12	352.900	-69.998	
12	353.000	-69.998	
12	353.100	-69.998	
12	353.200	-69.998	
12	353.300	-69.998	
12	353.400	-69.998	
12	353.500	-69.998	
12	353.600	-69.998	
12	353.700	-69.998	
12	353.800	-69.998	
12	353.900	-69.998	
12	354.000	-69.998	
12	354.100	-69.998	
12	354.200	-69.998	
12	354.300	-69.998	
12	354.400	-69.998	
12	354.500	-69.998	
12	354.600	-69.998	
12	354.700	-69.998	
12	354.800	-69.998	
12	354.900	-69.998	
12	355.000	-69.998	
12	355.100	-69.998	
12	355.200	-69.998	
12	355.300	-69.998	
12	355.400	-69.998	
12	355.500	-69.998	
12	355.600	-69.998	
12	355.700	-69.998	
12	355.800	-69.998	
12	355.900	-69.998	
12	356.000	-69.998	
12	356.100	-69.998	
12	356.200	-69.998	
12	356.300	-69.998	
12	356.400	-69.998	
12	356.500	-69.998	
12	356.600	-69.998	
12	356.700	-69.998	
12	356.800	-69.998	
12	356.900	-69.998	
12	357.000	-69.998	
12	357.100	-69.998	
12	357.200	-69.998	
12	357.300	-69.998	
12	357.400	-69.998	
12	357.500	-69.998	
12	357.600	-69.998	
12	357.700	-69.998	
12	357.800	-69.998	
12	357.900	-69.998	
12	358.000	-69.998	
12	358.100	-69.998	
12	358.200	-69.998	
12	358.300	-69.998	
12	358.400	-69.998	
12	358.500	-69.998	
12	358.600	-69.998	
12	358.700	-69.998	
12	358.800	-69.998	
12	358.900	-69.998	
12	359.000	-69.998	
12	359.100	-69.998	
12	359.200	-69.998	
12	359.300	-69.998	
12	359.400	-69.998	
12	359.500	-69.998	
12	359.600	-69.998	
12	359.700	-69.998	
12	359.800	-69.998	
12	359.900	-69.998	
12	360.000	-69.998	
12	360.100	-69.998	
12	360.200	-69.998	
12	360.300	-69.998	
12	360.400	-69.998	
12	360.500	-69.998	
12	360.600	-69.998	
12	360.700	-69.998	
12	360.800	-69.998	
12	360.900	-69.998	
12	361.000	-69.998	
12	361.100	-69.998	
12	361.200	-69.998	
12	361.300	-69.998	
12	361.400	-69.998	
12	361.500	-69.998	
12	361.600	-69.998	
12	361.700	-69.998	
12	361.800	-69.998	
12	361.900	-69.998	
12	362.000	-69.998	
12	362.100	-69.998	
12	362.200	-69.998	
12	362.300	-69.998	
12	362.400	-69.998	
12	362.500	-69.998	
12	362.600	-69.998	
12	362.700	-69.998	
12	362.800	-69.998	
12	362.900	-69.998	
12	363.000	-69.998	
12	363.100	-69.998	
12	363.200	-69.998	
12	363.300	-69.998	
12	363.400	-69.998	
12	363.500	-69.998	
12	363.600	-69.998	
12	363.700	-69.998	
12	363.800	-69.998	
12	363.900	-69.998	
12	364.000	-69.998	
12	364.100	-69.998	
12	364.200	-69.998	
12	364.300	-69.998	
12	364.400	-69.998	
12	364.500	-69.998	
12	364.600	-69.998	
12	364.700	-69.998	
12	364.800	-69.998	
12	364.900	-69.998	
12	365.000	-69.998	
12	365.100	-69.998	
12	365.200	-69.998	
12	365.300	-69.998	
12	365.400	-69.998	
12	365.500	-69.998	
12	365.600	-69.998	
12	365.700	-69.998	
12	365.800	-69.998	
12	365.900	-69.998	
12	366.000	-69.998	
12	366.100	-69.998	
12	366.200	-69.998	
12	366.300	-69.998	
12	366.400	-69.998	
12	366.500	-69.998	
12	366.600	-69.998	
12	366.700	-69.998	
12	366.800	-69.998	
12	366.900	-69.998	
12	367.000	-69.998	
12	367.100	-69.998	
12	367.200	-69.998	
12	367.300	-69.998	
12	367.400	-69.998	
12	367.500	-69.998	
12	367.600	-69.998	
12	367.700	-69.998	
12	367.800	-69.998	
12	367.900	-69.998	
12	368.000	-69.998	
12	368.100	-69.998	
12	368.200	-69.998	
12	368.300	-69.998	
12	368.400	-69.998	
12	368.500	-69.998	
12	368.600	-69.998	
12	368.700	-69.998	
12	368.800	-69.998	
12	368.900	-69.998	
12	369.000	-69.998	
12	369.100	-69.998	
12	369.200	-69.998	
12	369.300	-69.998	
12	369.400	-69.998	
12	369.500	-69.998	
12	369.600	-69.998	
12	369.700	-69.998	
12	369.800	-69.998	
12	369.900	-69.998	
12	370.000	-69.998	
12	370.100	-69.998	
12	370.200	-69.998	
12	370.300	-69.998	
12	370.400	-69.998	
12	370.500	-69.998	
12	370.600	-69.998	
12	370.700	-69.998	
12	370.800	-69.998	
12	370.900	-69.998	
12	371.000	-69.998	
12	371.100	-69.998	
12	371.200	-69.998	
12	371.300	-69.998	
12	371.400	-69.998	
12	371.500	-69.998	
12	371.600	-69.998	
12	371.700	-69.998	
12	371.800	-69.998	
12	371.900	-69.998	
12	372.000	-69.998	
12	372.100	-69.998	
12	372.200	-69.998	
12	372.300	-69.998	
12	372.400	-69.998	
12	372.500	-69.998	
12	372.600	-69.998	
12	372.700	-69.998	
12	372.800	-69.998	
12	372.900	-69.998	
12	373.000	-69.998	
12	373.100	-69.998	
12	373.200	-69.998	
12	373.300	-69.998	
12	373.400	-69.998	
12	373.500	-69.998	
12	373.600	-69.998	
12	373.700	-69.998	
12	373.800	-69.998	
12	373.900	-69.998	
12	374.000	-69.998	
12	374.100	-69.998	
12	374.200	-69.998	
12	374.300	-69.998	
12	374.400	-69.998	
12	374.500	-69.998	
12	374.600	-69.998	
12	374.700	-69.998	
12	374.800	-69.998	
12	374.900	-69.998	
12	375.000	-69.998	
12	375.100	-69.998	
12	375.200	-69.998	
12	375.300	-69.998	
12	375.400	-69.998	
12	375.500	-69.998	
12	375.600	-69.998	
12	375.700	-69.998	
12	375.800	-69.998	
12	375.900	-69.998	
12	376.000	-69.998	
12	376.100	-69.998	
12	376.200	-69.998	
12	376.300	-69.998	
12	376.400	-69.998	
12	376.500	-69.998	
12	376.600	-69.998	
12	376.700	-69.998	
12	376.800	-69.998	
12	376.900	-69.998	
12	377.000	-69.998	
12	377.100	-69.998	
12	377.200	-69.998	
12	377.300	-69.998	
12	377.400	-69.998	
12	377.500	-69.998	
12	377.600	-69.998	
12	377.700	-69.998	
12	377.800	-69.998	
12	377.900	-69.998	
12	378.000	-69.998	
12	378.100	-69.998	
12	378.200	-69.998	
12	378.300	-69.998	
12	378.400	-69.998	
12	378.500	-69.998	
12	378.600	-69.998	
12	378.700	-69.998	
12	378.800	-69.998	
12	378.900	-69.998	
12	379.000	-69.998	
12	379.100	-69.998	
12	379.200	-69.998	
12	379.300	-69.998	
12	379.400	-69.998	
12	379.500	-69.998	
12	379.600	-69.998	
12	379.700	-69.998	
12	379.800	-69.998	
12	379.900	-69.998	
12	380.000	-69.998	
12	380.100	-69.998	
12	380.200	-69.998	
12	380.300	-69.998	
12	380.400	-69.998	
12	380.500	-69.998	
12	380.600	-69.998	
12	380.700	-69.998	
12	380.800	-69.998	
12	380.900	-69.998	
12	381.000	-69.998	
12	381.100	-69.998	
12	381.200	-69.998	
12	381.300	-69.998	
12	381.400	-69.998	
12	381.500	-69.998	
12	381.600	-69.998	
12	381.700	-69.998	
12	381.800	-69.998	
12	381.900	-69.998	
12	382.000	-69.998	
12	382.100	-69.998	
12	382.200	-69.998	
12	382.300	-69.998	
12	382.400	-69.998	
12	382.500	-69.998	
12	382.600	-69.998	
12	382.700	-69.998	
12	382.800	-69.998	
12	382.900	-69.998	
12	383.000	-69.998	
12	383.100	-69.998	
12	383.200	-69.998	
12	383.300	-69.998	
12	383.400	-69.998	
12	383.500	-69.998	
12	383.600	-69.998	
12	383.700	-69.998	
12	383.800	-69.998	
12	383.900	-69.998	
12	384.000	-69.998	
12	384.100	-69.998	
12	384.200	-69.998	
12	384.300	-69.998	
12	384.400	-69.998	
12	384.500	-69.998	
12	384.600	-69.998	
12	384.700	-69.998	
12	384.800	-69.998	
12	384.900	-69.998	
12	385.000	-69.998	
12	385.100	-69.998	
12	385.200	-69.998	
12	385.300	-69.998	
12	385.400	-69.998	
12	385.500	-69.998	
12	385.600	-69.998	
12	385.700	-69.998	
12	385.800	-69.998	
12	385.900	-69.998	
12	386.000	-69.998	
12	386.100	-69.998	
12	386.200	-69.998	
12	386.300	-69.998	
12	386.400	-69.998	
12	386.500	-69.998	
12	386.600	-69.998	
12	386.700	-69.998	
12	386.800	-69.998	
12	386.900	-69.998	
12	387.000	-69.998	
12	387.100	-69.998	
12	387.200	-69.998	
12	387.300	-69.998	
12	387.400	-69.998	
12	387.500	-69.998	
12	387.600	-69.998	
12	387.700	-69.998	
12	387.800	-69.998	
12	387.900	-69.998	
12	388.000	-69.998	
12	388.100	-69.998	
12	388.200	-69.998	
12	388.300	-69.998	
12	388.400	-69.998	
12	388.500	-69.998	
12	388.600	-69.998	
12	388.700	-69.998	
12	388.800	-69.998	
12	388.900	-69.998	
12	389.000	-69.998	
12	389.100	-69.998	
12	389.200	-69.998	
12	389.300	-69.998	
12	389.400	-69.998	
12	389.500	-69.998	
12	389.600	-69.998	
12	389.700	-69.998	
12	389.800	-69.998	
12	389.900	-69.998	
12	390.000	-69.998	
12	390.100	-69.998	
12	390.200	-69.998	
12	390.300	-69.998	
12	390.400	-69.998	
12	390.500	-69.998	
12	390.600	-69.998	
12	390.700	-69.998	
12	390.800	-69.998	
12	390.900	-69.998	
12	391.000	-69.998	
12	391.100	-69.998	
12	391.200	-69.998	
12	391.300	-69.998	
12	391.400	-69.998	
12	391.500	-69.998	
12	391.600	-69.998	
12	391.700	-69.998	
12	391.800	-69.998	
12	391.900	-69.998	
12	392.000	-69.998	
12	392.100	-69.998	
12	392.200	-69.998	
12	392.300	-69.998	
12	392.400	-69.998	
12	392.500	-69.998	
12	392.600	-69.998	
12	392.700	-69.998	
12	392.800	-69.998	
12	392.900	-69.998	
12	393.000	-69.998	
12	393.100	-69.998	
12	393.200	-69.998	
12	393.300	-69.998	
12	393.400	-69.998	
12	393.500	-69.998	
12	393.600	-69.998	
12	393.700	-69.998	
12	393.800	-69.998	
12	393.900	-69.998	
12	394.000	-69.998	
12	394.100	-69.998	
12	394.200	-69.998	
12	394.300	-69.998	
12	394.400	-69.998	
12	394.500	-69.998	
12	394.600	-69.998	
12	394.700	-69.998	
12	394.800	-69.998	
12	394.900	-69.998	
12	395.000	-69.998	
12	395.100	-69.998	
12	395.200	-69.998	
12	395.300	-69.998	
12	395.400	-69.998	
12	395.500	-69.998	
12	395.600	-69.998	
12	395.700	-69.998	
12	395.800	-69.998	
12	395.900	-69.998	
12	396.000	-69.998	
12	396.100	-69.998	
12	396.200	-69.998	
12	396.300	-69.998	
12	396.400	-69.998	
12	396.500	-69.998	
12	396.600	-69.998	
12	396.700	-69.998	
12	396.800	-69.998	
12	396.900	-69.998	
12	397.000	-69.998	
12	397.100	-69.998	
12	397.200	-69.998	
12	397.300	-69.998	
12	397.400	-69.998	
12	397.500	-69.998	
12	397.600	-69.998	
12	397.700	-69.998	
12	397.800	-69.998	
12	397.900	-69.998	
12	398.000	-69.998	
12	398.100	-69.998	
12	398.200	-69.998	
12	398.300	-69.998	
12	398.400	-69.998	
12	398.500	-69.998	
12	398.600	-69.998	
12	398.700	-69.998	
12	398.800	-69.998	
12	398.900	-69.998	
12	399.000	-69.998	
12	399.100	-69.998	
12	399.200	-69.998	
12	399.300	-69.998	
12	399.400	-69.998	
12	399.500	-69.998	
12	399.600	-69.998	
12	399.700	-69.998	
12	399.800	-69.998	
12	399.900	-69.998	
12	400.000	-69.998	
12	400.100	-69.998	
12	400.200	-69.998	
12	400.300	-69.998	
12	400.400	-69.998	
12	400.500	-69.998	
12	400.600	-69.998	
12	400.700	-69.998	
12	400.800	-69.998	
12	400.900	-69.998	
12	401.000	-69.998	
12	401.100	-69.998	
12	401.200	-69.998	
12	401.300	-69.998	
12	401.400	-69.998	
12	401.500	-69.998	
12	401.600	-69.998	
12	401.700	-69.998	
12	401.800	-69.998	
12	401.900	-69.998	
12	402.000	-69.998	
12	402.100	-69.998	
12	402.200	-69.998	
12	402.300	-69.998	
12	402.400	-69.998	
12	402.500	-69.998	
12	402.600	-69.998	
12	402.700	-69.998	
12	402.800	-69.998	
12	402.900	-69.998	
12	403.000	-69.998	
12	403.100	-69.998	
12	403.200	-69.998	
12	403.300	-69.998	
12	403.400	-69.998	
12	403.500	-69.998	
12	403.600	-69.998	
12	403.700	-69.998	
12	403.800	-69.998	
12	403.900	-69.998	
12	404.000	-69.998	
12	404.100	-69.998	
12	404.200	-69.998	
12	404.300	-69.998	
12	404.400	-69.998	
12	404.500	-69.998	
12	404.600	-69.998	
12	404.700	-69.998	
12	404.800	-69.998	
12	404.900	-69.998	
12	405.000	-69.998	
12	405.100	-69.998	
12	405.200	-69.998	
12	405.300	-69.998	
12	405.400	-69.998	
12	405.500	-69.998	
12	405.600	-69.998	
12	405.700	-69.998	
12	405.800	-69.998	
12	405.900	-69.998	
12	406.000	-69.998	
12	406.100	-69.998	
12	406.200	-69.998	
12	406.300	-69.998	
12	406.400	-69.998	
12	406.500	-69.998	
12	406.600	-69.998	
12	406.700	-69.998	
12	406.800	-69.998	
12	406.900	-69.998	
12	407.000	-69.998	
12	407.100	-69.998	
12	407.200	-69.998	
12	407.300	-69.998	
12	407.400	-69.998	
12	407.500	-69.998	
12	407.600	-69.998	
12	407.700	-69.998	
12	407.800	-69.998	
12	407.900	-69.998	
12	408.000	-69.998	
12	408.100	-69.998	
12	408.200	-69.998	
12	408.300	-69.998	
12	408.400	-69.998	
12	408.500	-69.998	
12	408.600	-69.998	
12	408.700	-69.998	
12	408.800	-69.998	
12	408.900	-69.998	
12	409.000	-69.998	
12	409.100	-69.998	
12	409.200	-69.998	
12	409.300	-69.998	
12	409.400	-69.998	
12	409.500	-69.998	
12	409.600	-69.998	
12	409.700	-69.998	
12	409.800	-69.998	
12	409.900	-69.998	
12	410.000	-69.998	
12	410.100	-69.998	
12	410.200	-69.998	
12	410.300	-69.998	
12	410.400	-69.998	
12	410.500	-69.998	
12	410.600	-69.998	
12	410.700	-69.998	
12	410.800	-69.998	
12	410.900	-69.998	
12	411.000	-69.998	
12	411.100	-69.998	
12	411.200	-69.998	
12	411.300	-69.998	
12	411.400	-69.998	
12	411.500	-69.998	
12	411.600	-69.998	
12	411.700	-69.998	
12	411.800	-69.998	
12	411.900	-69.998	
12	412.000	-69.998	
12	412.100	-69.998	
12	412.200	-69.998	
12	412.300	-69.998	
12	412.400	-69.998	
12	412.500	-69.998	
12	412.600	-69.998	
12	412.700	-69.998	
12	412.800	-69.998	
12	412.900	-69.998	
12	413.000	-69.998	
12	413.100	-69.998	
12	413.200	-69.998	
12	413.300	-69.998	
12	413.400	-69.998	
12	413.500	-69.998	
12	413.600	-69.998	
12	413.700	-69.998	
12	413.800	-69.998	
12	413.900	-69.998	
12	414.000	-69.998	
12	414.100	-69.998	
12	414.200	-69.998	
12	414.300	-69.998	
12	414.400	-69.998	
12	414.500	-69.998	
12	414.600	-69.998	
12	414.700	-69.998	
12	414.800	-69.998	
12	414.900	-69.998	
12	415.000	-69.998	
12	415.100	-69.998	
12	415.200	-69.998	
12	415.300	-69.998	
12	415.400	-69.998	
12	415.500	-69.998	
12	415.600	-69.998	
12	415.700	-69.998	
12	415.800	-69.998	
12	415.900	-69.998	
12	416.000	-69.998	
12	416.100	-69.998	
12	416.200	-69.998	
12	416.300	-69.998	
12	416.400	-69.998	
12	416.500	-69.998	
12	416.600	-69.998	
12	416.700	-69.998	
12	416.800	-69.998	
12	416.900	-69.998	
12	417.000	-69.998	
12	417.100	-69.998	
12	417.200	-69.998	
12	417.300	-69.998	
12	417.400	-69.998	
12	417.500	-69.998	
12	417.600	-69.998	
12	417.700	-69.998	
12	417.800	-69.998	
12	417.900	-69.998	
12	418.000	-69.998	
12	418.100	-69.998	
12	418.200	-69.998	
12	418.300	-69.998	
12	418.400	-69.998	
12	418.500	-69.998	
12	418.600	-69.998	
12	418.700	-69.998	
12	418.800	-69.998	
12	418.900	-69.998	
12	419.000	-69.998	
12	419.100	-69.998	
12	419.200	-69.998	
12	419.300	-69.998	
12	419.400	-69.998	
12	419.500	-69.998	
12	419.600	-69.998	
12	419.700	-69.998	
12	419.800	-69.998	
12	419.900	-69.998	
12	420.000	-69.998	
12	420.100	-69.998	
12	420.200	-69.998	
12	420.300	-69.998	
12	420.400	-69.998	
12	420.500	-69.998	
12	420.600	-69.998	
12	420.700	-69.998	
12	420.800	-69.998	
12	420.900	-69.998	
12	421.000	-69.998	
12	421.100	-69.998	
12	421.200	-69.998	
12	421.300	-69.998	
12	421.400	-69.998	
12	421.500	-69.998	
12	421.600	-69.998	
12	421.700	-69.998	
12	421.800	-69.998	
12	421.900	-69.998	
12	422.000	-69.998	
12	422.100	-69.998	
12	422.200	-69.998	
12	422.300	-69.998	
12	422.400	-69.998	
12	422.500	-69.998	
12	422.600	-69.998	
12	422.700	-69.998	
12	422.800	-69.998	
12	422.900	-69.998	
12	423.000	-69.998	
12	423.100	-69.998	
12	423.200	-69.998	
12	423.300	-69.998	
12	423.400	-69.998	
12	423.500	-69.998	
12	423.600	-69.998	
12	423.700	-69.998	
12	423.800	-69.998	
12	423.900	-69.998	
12	424.000	-69.998	
12	424.100	-69.998	
12	424.200	-69.998	
12	424.300	-69.998	
12	424.400	-69.998	
12	424.500	-69.998	
12	424.600	-69.998	
12	424.700	-69.998	
12	424.800	-69.998	
12	424.900	-69.998	
12	425.000	-69.998	
12	425.100	-69.998	
12	425.200	-69.998	
12	425.300	-69.998	
12	425.400	-69.998	
12	425.500	-69.998	
12	425.600	-69.998	
12	425.700	-69.998	
12	425.800	-69.998	
12	425.900	-69.998	
12	426.000	-69.998	
12	426.100	-69.998	
12	426.200	-69.998	
12	426.300	-69.998	
12	426.400	-69.998	
12	426.500	-69.998	
12	426.600	-69.998	
12	426.700	-69.998	
12	426.800	-69.998	
12	426.900	-69.998	
12	427.000	-69.998	
12	427.100	-69.998	
12	427.200	-69.998	
12	427.300	-69.998	
12	427.400	-69.998	
12	427.500	-69.998	
12	427.600	-69.998	
12	427.700	-69.998	
12	427.800	-69.998	
12	427.900	-69.998	
12	428.000	-69.998	
12	428.100	-69.998	
12	428.200	-69.998	
12	428.300	-69.998	
12	428.400	-69.998	
12	428.500	-69.998	
12	428.600	-69.998	
12	428.700	-69.998	
12	428.800	-69.998	
12	428.900	-69.998	
12	429.000	-69.998	
12	429.100	-69.998	
12	429.200	-69.998	
12	429.300	-69.998	
12	429.400	-69.998	
12	429.500	-69.998	
12	429.600	-69.998	
12	429.700	-69.998	
12	429.800	-69.998	
12	429.900	-69.998	
12	430.000	-69.998	
12	430.100	-69.998	
12	430.200	-69.998	
12	430.300	-69.998	
12	430.400	-69.998	
12	430.500	-69.998	
12	430.600	-69.998	
12	430.700	-69.998	
12	430.800	-69.998	
12	430.900	-69.998	
12	431.000	-69.998	
12	431.100	-69.998	
12	431.200	-69.998	
12	431.300	-69.998	
12	431.400	-69.998	
12	431.500	-69.998	
12	431.600	-69.998	
12	431.700	-69.998	
12	431.800	-69.998	
12	431.900	-69.998	
12	432.000	-69.998	
12	432.100	-69.998	
12	432.200	-69.998	
12	432.300	-69.998	
12	432.400	-69.998	
12	432.500	-69.998	
12	432.600	-69.998	
12	432.700	-69.998	
12	432.800	-69.998	
12	432.900	-69.998	
12	433.000	-69.998	
12	433.100	-69.998	
12	433.200	-69.998	
12	433.300	-69.998	
12	433.400	-69.998	
12	433.500	-69.998	
12	433.600	-69.998	
12	433.700	-69.998	
12	433.800	-69.998	
12	433.900	-69.998	
12	434.000	-69.998	
12	434.100	-69.998	
12	434.200	-69.998	
12	434.300	-69.998	
12	434.400	-69.998	
12	434.500	-69.998	
12	434.600	-69.998	
12	434.700	-69.998	
12	434.800	-69.998	
12	434.900	-69.998	
12	435.000	-69.998	
12	435.100	-69.998	
12	435.200	-69.998	
12	435.300	-69.998	
12	435.400	-69.998	
12	435.500	-69.998	
12	435.600	-69.998	
12	435.700	-69.998	
12	435.800	-69.998	
12	435.900	-69.998	
12	436.000	-69.998	
12	436.100	-69.998	
12	436.200	-69.998	
12	436.300	-69.998	
12	436.400	-69.998	
12	436.500	-69.998	
12	436.600	-69.998	
12	436.700	-69.998	
12	436.800	-69.998	
12	436.900	-69.998	
12	437.000	-69.998	
12	437.100	-69.998	
12	437.200	-69.998	
12	437.300	-69.998	
12	437.400	-69.998	
12	437.500	-69.998	
12	437.600	-69.998	
12	437.700	-69.998	
12	437.800	-69.998	
12	437.900	-69.998	
12	438.000	-69.998	
12	438.100	-69.998	
12	438.200	-69.998	
12	438.300	-69.998	
12	438.400	-69.998	
12	438.500	-69.998	
12	438.600	-69.998	
12	438.700	-69.998	
12	438.800	-69.998	
12	438.900	-69.998	
12	439.000	-69.998	
12	439.100	-69.998	
12	439.200	-69.998	
12	439.300	-69.998	
12	439.400	-69.998	
12	439.500	-69.998	
12	439.600	-69.998	
12	439.700	-69.998	
12	439.800	-69.998	
12	439.900	-69.998	
12	440.000	-69.998	
12	440.100	-69.998	
12	440.200	-69.998	
12	440.300	-69.998	
12	440.400	-69.998	
12	440.500	-69.998	
12	440.600	-69.998	
12	440.700	-69.998	
12	440.800	-69.998	
12	440.900	-69.998	
12	441.000	-69.998	
12	441.100	-69.998	
12	441.200	-69.998	
12	441.300	-69.998	
12	441.400	-69.998	
12	441.500	-69.998	
12	441.600	-69.998	
12	441.700	-69.998	
12	441.800	-69.998	
12	441.900	-69.998	
12	442.000	-69.998	
12	442.100	-69.998	
12	442.200	-69.998	
12	442.300	-69.998	
12	442.400	-69.998	
12	442.500	-69.998	
12	442.600	-69.998	
12	442.700	-69.998	
12	442.800	-69.998	
12	442.900	-69.998	
12	443.000	-69.998	
12	443.100	-69.998	
12	443.200	-69.998	
12	443.300	-69.998	
12	443.400	-69.998	
12	443.500	-69.998	
12	443.600	-69.998	
12	443.700	-69.998	
12	443.800	-69.998	
12	443.900	-69.998	
12	444.000	-69.998	
12	444.100	-69.998	
12	444.200	-69.998	
12	444.300	-69.998	
12	444.400	-69.998	
12	444.500	-69.998	
12	444.600	-69.998	
12	444.700	-69.998	
12	444.800	-69.998	
12	444.900	-69.998	
12	445.000	-69.998	
12	445.100	-69.998	
12	445.200	-69.998	
12	445.300	-69.998	
12	445.400	-69.998	
12	445.500	-69.998	
12	445.600	-69.998	
12	445.700	-69.998	
12	445.800	-69.998	
12	445.900	-69.998	
12	446.000	-69.998	
12	446.100	-69.998	
12	446.200	-69.998	
12	446.300	-69.998	
12	446.400	-69.998	
12	446.500	-69.998	
12	446.600	-69.998	
12	446.700	-69.998	
12	446.800	-69.998	
12	446.900	-69.998	
12	447.000	-69.998	
12	447.100	-69.998	
12	447.200	-69.998	
12	447.300	-69.998	
12	447.400	-69.998	
12	447.500	-69.998	
12	447.600	-69.998	
12	447.700	-69.998	
12	447.800	-69.998	
12	447.900	-69.998	
12	448.000	-69.998	
12	448.100	-69.998	
12	448.200	-69.998	
12	448.300	-69.998	
12	448.400	-69.998	
12	448.500	-69.998	
12	448.600	-69.998	
12	448.700	-69.998	
12	448.800	-69.998	
12	448.900	-69.998	
12	449.000	-69.998	
