1	0.100	-70.000	
1	0.200	-70.000	
1	0.300	-70.000	
1	0.400	-70.000	
1	0.500	-70.000	
1	0.600	-70.000	
1	0.700	-70.000	
1	0.800	-70.000	
1	0.900	-70.000	
1	1.000	-70.000	
1	1.100	-70.000	
1	1.200	-70.000	
1	1.300	-70.000	
1	1.400	-70.000	
1	1.500	-70.000	
1	1.600	-70.000	
1	1.700	-70.000	
1	1.800	-69.999	
1	1.900	-69.999	
1	2.000	-69.999	
1	2.100	-69.999	
1	2.200	-69.999	
1	2.300	-69.999	
1	2.400	-69.999	
1	2.500	-69.999	
1	2.600	-69.999	
1	2.700	-69.999	
1	2.800	-69.999	
1	2.900	-69.999	
1	3.000	-69.999	
1	3.100	-69.999	
1	3.200	-69.999	
1	3.300	-69.999	
1	3.400	-69.999	
1	3.500	-69.999	
1	3.600	-69.999	
1	3.700	-69.999	
1	3.800	-69.999	
1	3.900	-69.999	
1	4.000	-69.999	
1	4.100	-69.999	
1	4.200	-69.999	
1	4.300	-69.999	
1	4.400	-69.999	
1	4.500	-69.999	
1	4.600	-69.999	
1	4.700	-69.999	
1	4.800	-69.999	
1	4.900	-69.999	
1	5.000	-69.999	
1	5.100	-69.999	
1	5.200	-69.999	
1	5.300	-69.999	
1	5.400	-69.999	
1	5.500	-69.999	
1	5.600	-69.999	
1	5.700	-69.999	
1	5.800	-69.999	
1	5.900	-69.999	
1	6.000	-69.999	
1	6.100	-69.999	
1	6.200	-69.999	
1	6.300	-69.999	
1	6.400	-69.999	
1	6.500	-69.999	
1	6.600	-69.999	
1	6.700	-69.999	
1	6.800	-69.999	
1	6.900	-69.999	
1	7.000	-69.999	
1	7.100	-69.999	
1	7.200	-69.999	
1	7.300	-69.999	
1	7.400	-69.999	
1	7.500	-69.999	
1	7.600	-69.999	
1	7.700	-69.999	
1	7.800	-69.999	
1	7.900	-69.999	
1	8.000	-69.999	
1	8.100	-69.999	
1	8.200	-69.999	
1	8.300	-69.999	
1	8.400	-69.999	
1	8.500	-69.999	
1	8.600	-69.999	
1	8.700	-69.999	
1	8.800	-69.999	
1	8.900	-69.999	
1	9.000	-69.999	
1	9.100	-69.999	
1	9.200	-69.999	
1	9.300	-69.999	
1	9.400	-69.999	
1	9.500	-69.999	
1	9.600	-69.999	
1	9.700	-69.999	
1	9.800	-69.999	
1	9.900	-69.998	
1	10.000	-69.998	
1	10.100	-69.998	
1	10.200	-69.998	
1	10.300	-69.998	
1	10.400	-69.998	
1	10.500	-69.998	
1	10.600	-69.998	
1	10.700	-69.998	
1	10.800	-69.998	
1	10.900	-69.998	
1	11.000	-69.998	
1	11.100	-69.998	
1	11.200	-69.998	
1	11.300	-69.998	
1	11.400	-69.998	
1	11.500	-69.998	
1	11.600	-69.998	
1	11.700	-69.998	
1	11.800	-69.998	
1	11.900	-69.998	
1	12.000	-69.998	
1	12.100	-69.998	
1	12.200	-69.998	
1	12.300	-69.998	
1	12.400	-69.998	
1	12.500	-69.998	
1	12.600	-69.998	
1	12.700	-69.998	
1	12.800	-69.998	
1	12.900	-69.998	
1	13.000	-69.998	
1	13.100	-69.998	
1	13.200	-69.998	
1	13.300	-69.998	
1	13.400	-69.998	
1	13.500	-69.998	
1	13.600	-69.998	
1	13.700	-69.998	
1	13.800	-69.998	
1	13.900	-69.998	
1	14.000	-69.998	
1	14.100	-69.998	
1	14.200	-69.998	
1	14.300	-69.998	
1	14.400	-69.998	
1	14.500	-69.998	
1	14.600	-69.998	
1	14.700	-69.998	
1	14.800	-69.998	
1	14.900	-69.998	
1	15.000	-69.998	
1	15.100	-69.998	
1	15.200	-69.998	
1	15.300	-69.998	
1	15.400	-69.998	
1	15.500	-69.998	
1	15.600	-69.998	
1	15.700	-69.998	
1	15.800	-69.998	
1	15.900	-69.998	
1	16.000	-69.998	
1	16.100	-69.998	
1	16.200	-69.998	
1	16.300	-69.998	
1	16.400	-69.998	
1	16.500	-69.998	
1	16.600	-69.998	
1	16.700	-69.998	
1	16.800	-69.998	
1	16.900	-69.998	
1	17.000	-69.998	
1	17.100	-69.998	
1	17.200	-69.998	
1	17.300	-69.998	
1	17.400	-69.998	
1	17.500	-69.998	
1	17.600	-69.998	
1	17.700	-69.998	
1	17.800	-69.998	
1	17.900	-69.998	
1	18.000	-69.998	
1	18.100	-69.998	
1	18.200	-69.998	
1	18.300	-69.998	
1	18.400	-69.998	
1	18.500	-69.998	
1	18.600	-69.998	
1	18.700	-69.998	
1	18.800	-69.998	
1	18.900	-69.998	
1	19.000	-69.998	
1	19.100	-69.998	
1	19.200	-69.998	
1	19.300	-69.998	
1	19.400	-69.998	
1	19.500	-69.998	
1	19.600	-69.998	
1	19.700	-69.998	
1	19.800	-69.998	
1	19.900	-69.998	
1	20.000	-69.998	
1	20.100	-69.998	
1	20.200	-69.998	
1	20.300	-69.998	
1	20.400	-69.998	
1	20.500	-69.998	
1	20.600	-69.998	
1	20.700	-69.998	
1	20.800	-69.998	
1	20.900	-69.998	
1	21.000	-69.998	
1	21.100	-69.998	
1	21.200	-69.998	
1	21.300	-69.998	
1	21.400	-69.998	
1	21.500	-69.998	
1	21.600	-69.998	
1	21.700	-69.998	
1	21.800	-69.998	
1	21.900	-69.998	
1	22.000	-69.998	
1	22.100	-69.998	
1	22.200	-69.998	
1	22.300	-69.998	
1	22.400	-69.998	
1	22.500	-69.998	
1	22.600	-69.998	
1	22.700	-69.998	
1	22.800	-69.998	
1	22.900	-69.998	
1	23.000	-69.998	
1	23.100	-69.998	
1	23.200	-69.998	
1	23.300	-69.998	
1	23.400	-69.998	
1	23.500	-69.998	
1	23.600	-69.998	
1	23.700	-69.998	
1	23.800	-69.998	
1	23.900	-69.998	
1	24.000	-69.998	
1	24.100	-69.998	
1	24.200	-69.998	
1	24.300	-69.998	
1	24.400	-69.998	
1	24.500	-69.998	
1	24.600	-69.998	
1	24.700	-69.998	
1	24.800	-69.998	
1	24.900	-69.998	
1	25.000	-69.998	
1	25.100	-69.998	
1	25.200	-69.998	
1	25.300	-69.998	
1	25.400	-69.998	
1	25.500	-69.998	
1	25.600	-69.998	
1	25.700	-69.998	
1	25.800	-69.998	
1	25.900	-69.998	
1	26.000	-69.998	
1	26.100	-69.998	
1	26.200	-69.998	
1	26.300	-69.998	
1	26.400	-69.998	
1	26.500	-69.998	
1	26.600	-69.998	
1	26.700	-69.998	
1	26.800	-69.998	
1	26.900	-69.998	
1	27.000	-69.998	
1	27.100	-69.998	
1	27.200	-69.998	
1	27.300	-69.998	
1	27.400	-69.998	
1	27.500	-69.998	
1	27.600	-69.998	
1	27.700	-69.998	
1	27.800	-69.998	
1	27.900	-69.998	
1	28.000	-69.998	
1	28.100	-69.998	
1	28.200	-69.998	
1	28.300	-69.998	
1	28.400	-69.998	
1	28.500	-69.998	
1	28.600	-69.998	
1	28.700	-69.998	
1	28.800	-69.998	
1	28.900	-69.998	
1	29.000	-69.998	
1	29.100	-69.998	
1	29.200	-69.998	
1	29.300	-69.998	
1	29.400	-69.998	
1	29.500	-69.998	
1	29.600	-69.998	
1	29.700	-69.998	
1	29.800	-69.998	
1	29.900	-69.998	
1	30.000	-69.998	
1	30.100	-69.998	
1	30.200	-69.998	
1	30.300	-69.998	
1	30.400	-69.998	
1	30.500	-69.998	
1	30.600	-69.998	
1	30.700	-69.998	
1	30.800	-69.998	
1	30.900	-69.998	
1	31.000	-69.998	
1	31.100	-69.998	
1	31.200	-69.998	
1	31.300	-69.998	
1	31.400	-69.998	
1	31.500	-69.998	
1	31.600	-69.998	
1	31.700	-69.998	
1	31.800	-69.998	
1	31.900	-69.998	
1	32.000	-69.998	
1	32.100	-69.998	
1	32.200	-69.998	
1	32.300	-69.998	
1	32.400	-69.998	
1	32.500	-69.998	
1	32.600	-69.998	
1	32.700	-69.998	
1	32.800	-69.998	
1	32.900	-69.998	
1	33.000	-69.998	
1	33.100	-69.998	
1	33.200	-69.998	
1	33.300	-69.998	
1	33.400	-69.998	
1	33.500	-69.998	
1	33.600	-69.998	
1	33.700	-69.998	
1	33.800	-69.998	
1	33.900	-69.998	
1	34.000	-69.998	
1	34.100	-69.998	
1	34.200	-69.998	
1	34.300	-69.998	
1	34.400	-69.998	
1	34.500	-69.998	
1	34.600	-69.998	
1	34.700	-69.998	
1	34.800	-69.998	
1	34.900	-69.998	
1	35.000	-69.998	
1	35.100	-69.998	
1	35.200	-69.998	
1	35.300	-69.998	
1	35.400	-69.998	
1	35.500	-69.998	
1	35.600	-69.998	
1	35.700	-69.998	
1	35.800	-69.998	
1	35.900	-69.998	
1	36.000	-69.998	
1	36.100	-69.998	
1	36.200	-69.998	
1	36.300	-69.998	
1	36.400	-69.998	
1	36.500	-69.998	
1	36.600	-69.998	
1	36.700	-69.998	
1	36.800	-69.998	
1	36.900	-69.998	
1	37.000	-69.998	
1	37.100	-69.998	
1	37.200	-69.998	
1	37.300	-69.998	
1	37.400	-69.998	
1	37.500	-69.998	
1	37.600	-69.998	
1	37.700	-69.998	
1	37.800	-69.998	
1	37.900	-69.998	
1	38.000	-69.998	
1	38.100	-69.998	
1	38.200	-69.998	
1	38.300	-69.998	
1	38.400	-69.998	
1	38.500	-69.998	
1	38.600	-69.998	
1	38.700	-69.998	
1	38.800	-69.998	
1	38.900	-69.998	
1	39.000	-69.998	
1	39.100	-69.998	
1	39.200	-69.998	
1	39.300	-69.998	
1	39.400	-69.998	
1	39.500	-69.998	
1	39.600	-69.998	
1	39.700	-69.998	
1	39.800	-69.998	
1	39.900	-69.998	
1	40.000	-69.998	
1	40.100	-69.998	
1	40.200	-69.998	
1	40.300	-69.998	
1	40.400	-69.998	
1	40.500	-69.998	
1	40.600	-69.998	
1	40.700	-69.998	
1	40.800	-69.998	
1	40.900	-69.998	
1	41.000	-69.998	
1	41.100	-69.998	
1	41.200	-69.998	
1	41.300	-69.998	
1	41.400	-69.998	
1	41.500	-69.998	
1	41.600	-69.998	
1	41.700	-69.998	
1	41.800	-69.998	
1	41.900	-69.998	
1	42.000	-69.998	
1	42.100	-69.998	
1	42.200	-69.998	
1	42.300	-69.998	
1	42.400	-69.998	
1	42.500	-69.998	
1	42.600	-69.998	
1	42.700	-69.998	
1	42.800	-69.998	
1	42.900	-69.998	
1	43.000	-69.998	
1	43.100	-69.998	
1	43.200	-69.998	
1	43.300	-69.998	
1	43.400	-69.998	
1	43.500	-69.998	
1	43.600	-69.998	
1	43.700	-69.998	
1	43.800	-69.998	
1	43.900	-69.998	
1	44.000	-69.998	
1	44.100	-69.998	
1	44.200	-69.998	
1	44.300	-69.998	
1	44.400	-69.998	
1	44.500	-69.998	
1	44.600	-69.998	
1	44.700	-69.998	
1	44.800	-69.998	
1	44.900	-69.998	
1	45.000	-69.998	
1	45.100	-69.998	
1	45.200	-69.998	
1	45.300	-69.998	
1	45.400	-69.998	
1	45.500	-69.998	
1	45.600	-69.998	
1	45.700	-69.998	
1	45.800	-69.998	
1	45.900	-69.998	
1	46.000	-69.998	
1	46.100	-69.998	
1	46.200	-69.998	
1	46.300	-69.998	
1	46.400	-69.998	
1	46.500	-69.998	
1	46.600	-69.998	
1	46.700	-69.998	
1	46.800	-69.998	
1	46.900	-69.998	
1	47.000	-69.998	
1	47.100	-69.998	
1	47.200	-69.998	
1	47.300	-69.998	
1	47.400	-69.998	
1	47.500	-69.998	
1	47.600	-69.998	
1	47.700	-69.998	
1	47.800	-69.998	
1	47.900	-69.998	
1	48.000	-69.998	
1	48.100	-69.998	
1	48.200	-69.998	
1	48.300	-69.998	
1	48.400	-69.998	
1	48.500	-69.998	
1	48.600	-69.998	
1	48.700	-69.998	
1	48.800	-69.998	
1	48.900	-69.998	
1	49.000	-69.998	
1	49.100	-69.998	
1	49.200	-69.998	
1	49.300	-69.998	
1	49.400	-69.998	
1	49.500	-69.998	
1	49.600	-69.998	
1	49.700	-69.998	
1	49.800	-69.998	
1	49.900	-69.998	
1	50.000	-69.998	
1	50.100	-69.998	
1	50.200	-69.998	
1	50.300	-69.998	
1	50.400	-69.998	
1	50.500	-69.998	
1	50.600	-69.998	
1	50.700	-69.998	
1	50.800	-69.998	
1	50.900	-69.998	
1	51.000	-69.998	
1	51.100	-69.998	
1	51.200	-69.998	
1	51.300	-69.998	
1	51.400	-69.998	
1	51.500	-69.998	
1	51.600	-69.998	
1	51.700	-69.998	
1	51.800	-69.998	
1	51.900	-69.998	
1	52.000	-69.998	
1	52.100	-69.998	
1	52.200	-69.998	
1	52.300	-69.998	
1	52.400	-69.998	
1	52.500	-69.998	
1	52.600	-69.998	
1	52.700	-69.998	
1	52.800	-69.998	
1	52.900	-69.998	
1	53.000	-69.998	
1	53.100	-69.998	
1	53.200	-69.998	
1	53.300	-69.998	
1	53.400	-69.998	
1	53.500	-69.998	
1	53.600	-69.998	
1	53.700	-69.998	
1	53.800	-69.998	
1	53.900	-69.998	
1	54.000	-69.998	
1	54.100	-69.998	
1	54.200	-69.998	
1	54.300	-69.998	
1	54.400	-69.998	
1	54.500	-69.998	
1	54.600	-69.998	
1	54.700	-69.998	
1	54.800	-69.998	
1	54.900	-69.998	
1	55.000	-69.998	
1	55.100	-69.998	
1	55.200	-69.998	
1	55.300	-69.998	
1	55.400	-69.998	
1	55.500	-69.998	
1	55.600	-69.998	
1	55.700	-69.998	
1	55.800	-69.998	
1	55.900	-69.998	
1	56.000	-69.998	
1	56.100	-69.998	
1	56.200	-69.998	
1	56.300	-69.998	
1	56.400	-69.998	
1	56.500	-69.998	
1	56.600	-69.998	
1	56.700	-69.998	
1	56.800	-69.998	
1	56.900	-69.998	
1	57.000	-69.998	
1	57.100	-69.998	
1	57.200	-69.998	
1	57.300	-69.998	
1	57.400	-69.998	
1	57.500	-69.998	
1	57.600	-69.998	
1	57.700	-69.998	
1	57.800	-69.998	
1	57.900	-69.998	
1	58.000	-69.998	
1	58.100	-69.998	
1	58.200	-69.998	
1	58.300	-69.998	
1	58.400	-69.998	
1	58.500	-69.998	
1	58.600	-69.998	
1	58.700	-69.998	
1	58.800	-69.998	
1	58.900	-69.998	
1	59.000	-69.998	
1	59.100	-69.998	
1	59.200	-69.998	
1	59.300	-69.998	
1	59.400	-69.998	
1	59.500	-69.998	
1	59.600	-69.998	
1	59.700	-69.998	
1	59.800	-69.998	
1	59.900	-69.998	
1	60.000	-69.998	
1	60.100	-69.998	
1	60.200	-69.998	
1	60.300	-69.998	
1	60.400	-69.998	
1	60.500	-69.998	
1	60.600	-69.998	
1	60.700	-69.998	
1	60.800	-69.998	
1	60.900	-69.998	
1	61.000	-69.998	
1	61.100	-69.998	
1	61.200	-69.998	
1	61.300	-69.998	
1	61.400	-69.998	
1	61.500	-69.998	
1	61.600	-69.998	
1	61.700	-69.998	
1	61.800	-69.998	
1	61.900	-69.998	
1	62.000	-69.998	
1	62.100	-69.998	
1	62.200	-69.998	
1	62.300	-69.998	
1	62.400	-69.998	
1	62.500	-69.998	
1	62.600	-69.998	
1	62.700	-69.998	
1	62.800	-69.998	
1	62.900	-69.998	
1	63.000	-69.998	
1	63.100	-69.998	
1	63.200	-69.998	
1	63.300	-69.998	
1	63.400	-69.998	
1	63.500	-69.998	
1	63.600	-69.998	
1	63.700	-69.998	
1	63.800	-69.998	
1	63.900	-69.998	
1	64.000	-69.998	
1	64.100	-69.998	
1	64.200	-69.998	
1	64.300	-69.998	
1	64.400	-69.998	
1	64.500	-69.998	
1	64.600	-69.998	
1	64.700	-69.998	
1	64.800	-69.998	
1	64.900	-69.998	
1	65.000	-69.998	
1	65.100	-69.998	
1	65.200	-69.998	
1	65.300	-69.998	
1	65.400	-69.998	
1	65.500	-69.998	
1	65.600	-69.998	
1	65.700	-69.998	
1	65.800	-69.998	
1	65.900	-69.998	
1	66.000	-69.998	
1	66.100	-69.998	
1	66.200	-69.998	
1	66.300	-69.998	
1	66.400	-69.998	
1	66.500	-69.998	
1	66.600	-69.998	
1	66.700	-69.998	
1	66.800	-69.998	
1	66.900	-69.998	
1	67.000	-69.998	
1	67.100	-69.998	
1	67.200	-69.998	
1	67.300	-69.998	
1	67.400	-69.998	
1	67.500	-69.998	
1	67.600	-69.998	
1	67.700	-69.998	
1	67.800	-69.998	
1	67.900	-69.998	
1	68.000	-69.998	
1	68.100	-69.998	
1	68.200	-69.998	
1	68.300	-69.998	
1	68.400	-69.998	
1	68.500	-69.998	
1	68.600	-69.998	
1	68.700	-69.998	
1	68.800	-69.998	
1	68.900	-69.998	
1	69.000	-69.998	
1	69.100	-69.998	
1	69.200	-69.998	
1	69.300	-69.998	
1	69.400	-69.998	
1	69.500	-69.998	
1	69.600	-69.998	
1	69.700	-69.998	
1	69.800	-69.998	
1	69.900	-69.998	
1	70.000	-69.998	
1	70.100	-69.998	
1	70.200	-69.998	
1	70.300	-69.998	
1	70.400	-69.998	
1	70.500	-69.998	
1	70.600	-69.998	
1	70.700	-69.998	
1	70.800	-69.998	
1	70.900	-69.998	
1	71.000	-69.998	
1	71.100	-69.998	
1	71.200	-69.998	
1	71.300	-69.998	
1	71.400	-69.998	
1	71.500	-69.998	
1	71.600	-69.998	
1	71.700	-69.998	
1	71.800	-69.998	
1	71.900	-69.998	
1	72.000	-69.998	
1	72.100	-69.998	
1	72.200	-69.998	
1	72.300	-69.998	
1	72.400	-69.998	
1	72.500	-69.998	
1	72.600	-69.998	
1	72.700	-69.998	
1	72.800	-69.998	
1	72.900	-69.998	
1	73.000	-69.998	
1	73.100	-69.998	
1	73.200	-69.998	
1	73.300	-69.998	
1	73.400	-69.998	
1	73.500	-69.998	
1	73.600	-69.998	
1	73.700	-69.998	
1	73.800	-69.998	
1	73.900	-69.998	
1	74.000	-69.998	
1	74.100	-69.998	
1	74.200	-69.998	
1	74.300	-69.998	
1	74.400	-69.998	
1	74.500	-69.998	
1	74.600	-69.998	
1	74.700	-69.998	
1	74.800	-69.998	
1	74.900	-69.998	
1	75.000	-69.998	
1	75.100	-69.998	
1	75.200	-69.998	
1	75.300	-69.998	
1	75.400	-69.998	
1	75.500	-69.998	
1	75.600	-69.998	
1	75.700	-69.998	
1	75.800	-69.998	
1	75.900	-69.998	
1	76.000	-69.998	
1	76.100	-69.998	
1	76.200	-69.998	
1	76.300	-69.998	
1	76.400	-69.998	
1	76.500	-69.998	
1	76.600	-69.998	
1	76.700	-69.998	
1	76.800	-69.998	
1	76.900	-69.998	
1	77.000	-69.998	
1	77.100	-69.998	
1	77.200	-69.998	
1	77.300	-69.998	
1	77.400	-69.998	
1	77.500	-69.998	
1	77.600	-69.998	
1	77.700	-69.998	
1	77.800	-69.998	
1	77.900	-69.998	
1	78.000	-69.998	
1	78.100	-69.998	
1	78.200	-69.998	
1	78.300	-69.998	
1	78.400	-69.998	
1	78.500	-69.998	
1	78.600	-69.998	
1	78.700	-69.998	
1	78.800	-69.998	
1	78.900	-69.998	
1	79.000	-69.998	
1	79.100	-69.998	
1	79.200	-69.998	
1	79.300	-69.998	
1	79.400	-69.998	
1	79.500	-69.998	
1	79.600	-69.998	
1	79.700	-69.998	
1	79.800	-69.998	
1	79.900	-69.998	
1	80.000	-69.998	
1	80.100	-69.998	
1	80.200	-69.998	
1	80.300	-69.998	
1	80.400	-69.998	
1	80.500	-69.998	
1	80.600	-69.998	
1	80.700	-69.998	
1	80.800	-69.998	
1	80.900	-69.998	
1	81.000	-69.998	
1	81.100	-69.998	
1	81.200	-69.998	
1	81.300	-69.998	
1	81.400	-69.998	
1	81.500	-69.998	
1	81.600	-69.998	
1	81.700	-69.998	
1	81.800	-69.998	
1	81.900	-69.998	
1	82.000	-69.998	
1	82.100	-69.998	
1	82.200	-69.998	
1	82.300	-69.998	
1	82.400	-69.998	
1	82.500	-69.998	
1	82.600	-69.998	
1	82.700	-69.998	
1	82.800	-69.998	
1	82.900	-69.998	
1	83.000	-69.998	
1	83.100	-69.998	
1	83.200	-69.998	
1	83.300	-69.998	
1	83.400	-69.998	
1	83.500	-69.998	
1	83.600	-69.998	
1	83.700	-69.998	
1	83.800	-69.998	
1	83.900	-69.998	
1	84.000	-69.998	
1	84.100	-69.998	
1	84.200	-69.998	
1	84.300	-69.998	
1	84.400	-69.998	
1	84.500	-69.998	
1	84.600	-69.998	
1	84.700	-69.998	
1	84.800	-69.998	
1	84.900	-69.998	
1	85.000	-69.998	
1	85.100	-69.998	
1	85.200	-69.998	
1	85.300	-69.998	
1	85.400	-69.998	
1	85.500	-69.998	
1	85.600	-69.998	
1	85.700	-69.998	
1	85.800	-69.998	
1	85.900	-69.998	
1	86.000	-69.998	
1	86.100	-69.998	
1	86.200	-69.998	
1	86.300	-69.998	
1	86.400	-69.998	
1	86.500	-69.998	
1	86.600	-69.998	
1	86.700	-69.998	
1	86.800	-69.998	
1	86.900	-69.998	
1	87.000	-69.998	
1	87.100	-69.998	
1	87.200	-69.998	
1	87.300	-69.998	
1	87.400	-69.998	
1	87.500	-69.998	
1	87.600	-69.998	
1	87.700	-69.998	
1	87.800	-69.998	
1	87.900	-69.998	
1	88.000	-69.998	
1	88.100	-69.998	
1	88.200	-69.998	
1	88.300	-69.998	
1	88.400	-69.998	
1	88.500	-69.998	
1	88.600	-69.998	
1	88.700	-69.998	
1	88.800	-69.998	
1	88.900	-69.998	
1	89.000	-69.998	
1	89.100	-69.998	
1	89.200	-69.998	
1	89.300	-69.998	
1	89.400	-69.998	
1	89.500	-69.998	
1	89.600	-69.998	
1	89.700	-69.998	
1	89.800	-69.998	
1	89.900	-69.998	
1	90.000	-69.998	
1	90.100	-69.998	
1	90.200	-69.998	
1	90.300	-69.998	
1	90.400	-69.998	
1	90.500	-69.998	
1	90.600	-69.998	
1	90.700	-69.998	
1	90.800	-69.998	
1	90.900	-69.998	
1	91.000	-69.998	
1	91.100	-69.998	
1	91.200	-69.998	
1	91.300	-69.998	
1	91.400	-69.998	
1	91.500	-69.998	
1	91.600	-69.998	
1	91.700	-69.998	
1	91.800	-69.998	
1	91.900	-69.998	
1	92.000	-69.998	
1	92.100	-69.998	
1	92.200	-69.998	
1	92.300	-69.998	
1	92.400	-69.998	
1	92.500	-69.998	
1	92.600	-69.998	
1	92.700	-69.998	
1	92.800	-69.998	
1	92.900	-69.998	
1	93.000	-69.998	
1	93.100	-69.998	
1	93.200	-69.998	
1	93.300	-69.998	
1	93.400	-69.998	
1	93.500	-69.998	
1	93.600	-69.998	
1	93.700	-69.998	
1	93.800	-69.998	
1	93.900	-69.998	
1	94.000	-69.998	
1	94.100	-69.998	
1	94.200	-69.998	
1	94.300	-69.998	
1	94.400	-69.998	
1	94.500	-69.998	
1	94.600	-69.998	
1	94.700	-69.998	
1	94.800	-69.998	
1	94.900	-69.998	
1	95.000	-69.998	
1	95.100	-69.998	
1	95.200	-69.998	
1	95.300	-69.998	
1	95.400	-69.998	
1	95.500	-69.998	
1	95.600	-69.998	
1	95.700	-69.998	
1	95.800	-69.998	
1	95.900	-69.998	
1	96.000	-69.998	
1	96.100	-69.998	
1	96.200	-69.998	
1	96.300	-69.998	
1	96.400	-69.998	
1	96.500	-69.998	
1	96.600	-69.998	
1	96.700	-69.998	
1	96.800	-69.998	
1	96.900	-69.998	
1	97.000	-69.998	
1	97.100	-69.998	
1	97.200	-69.998	
1	97.300	-69.998	
1	97.400	-69.998	
1	97.500	-69.998	
1	97.600	-69.998	
1	97.700	-69.998	
1	97.800	-69.998	
1	97.900	-69.998	
1	98.000	-69.998	
1	98.100	-69.998	
1	98.200	-69.998	
1	98.300	-69.998	
1	98.400	-69.998	
1	98.500	-69.998	
1	98.600	-69.998	
1	98.700	-69.998	
1	98.800	-69.998	
1	98.900	-69.998	
1	99.000	-69.998	
1	99.100	-69.998	
1	99.200	-69.998	
1	99.300	-69.998	
1	99.400	-69.998	
1	99.500	-69.998	
1	99.600	-69.998	
1	99.700	-69.998	
1	99.800	-69.998	
1	99.900	-69.998	
1	100.000	-69.998	
1	100.100	-69.998	
1	100.200	-69.998	
1	100.300	-69.998	
1	100.400	-69.998	
1	100.500	-69.998	
1	100.600	-69.998	
1	100.700	-69.998	
1	100.800	-69.998	
1	100.900	-69.998	
1	101.000	-69.998	
1	101.100	-69.998	
1	101.200	-69.998	
1	101.300	-69.998	
1	101.400	-69.998	
1	101.500	-69.998	
1	101.600	-69.998	
1	101.700	-69.998	
1	101.800	-69.998	
1	101.900	-69.998	
1	102.000	-69.998	
1	102.100	-69.998	
1	102.200	-69.998	
1	102.300	-69.998	
1	102.400	-69.998	
1	102.500	-69.998	
1	102.600	-69.998	
1	102.700	-69.998	
1	102.800	-69.998	
1	102.900	-69.998	
1	103.000	-69.998	
1	103.100	-69.998	
1	103.200	-69.998	
1	103.300	-69.998	
1	103.400	-69.998	
1	103.500	-69.998	
1	103.600	-69.998	
1	103.700	-69.998	
1	103.800	-69.998	
1	103.900	-69.998	
1	104.000	-69.998	
1	104.100	-69.998	
1	104.200	-69.998	
1	104.300	-69.998	
1	104.400	-69.998	
1	104.500	-69.998	
1	104.600	-69.998	
1	104.700	-69.998	
1	104.800	-69.998	
1	104.900	-69.998	
1	105.000	-69.998	
1	105.100	-69.998	
1	105.200	-69.998	
1	105.300	-69.998	
1	105.400	-69.998	
1	105.500	-69.998	
1	105.600	-69.998	
1	105.700	-69.998	
1	105.800	-69.998	
1	105.900	-69.998	
1	106.000	-69.998	
1	106.100	-69.998	
1	106.200	-69.998	
1	106.300	-69.998	
1	106.400	-69.998	
1	106.500	-69.998	
1	106.600	-69.998	
1	106.700	-69.998	
1	106.800	-69.998	
1	106.900	-69.998	
1	107.000	-69.998	
1	107.100	-69.998	
1	107.200	-69.998	
1	107.300	-69.998	
1	107.400	-69.998	
1	107.500	-69.998	
1	107.600	-69.998	
1	107.700	-69.998	
1	107.800	-69.998	
1	107.900	-69.998	
1	108.000	-69.998	
1	108.100	-69.998	
1	108.200	-69.998	
1	108.300	-69.998	
1	108.400	-69.998	
1	108.500	-69.998	
1	108.600	-69.998	
1	108.700	-69.998	
1	108.800	-69.998	
1	108.900	-69.998	
1	109.000	-69.998	
1	109.100	-69.998	
1	109.200	-69.998	
1	109.300	-69.998	
1	109.400	-69.998	
1	109.500	-69.998	
1	109.600	-69.998	
1	109.700	-69.998	
1	109.800	-69.998	
1	109.900	-69.998	
1	110.000	-69.998	
1	110.100	-69.998	
1	110.200	-69.998	
1	110.300	-69.998	
1	110.400	-69.998	
1	110.500	-69.998	
1	110.600	-69.998	
1	110.700	-69.998	
1	110.800	-69.998	
1	110.900	-69.998	
1	111.000	-69.998	
1	111.100	-69.998	
1	111.200	-69.998	
1	111.300	-69.998	
1	111.400	-69.998	
1	111.500	-69.998	
1	111.600	-69.998	
1	111.700	-69.998	
1	111.800	-69.998	
1	111.900	-69.998	
1	112.000	-69.998	
1	112.100	-69.998	
1	112.200	-69.998	
1	112.300	-69.998	
1	112.400	-69.998	
1	112.500	-69.998	
1	112.600	-69.998	
1	112.700	-69.998	
1	112.800	-69.998	
1	112.900	-69.998	
1	113.000	-69.998	
1	113.100	-69.998	
1	113.200	-69.998	
1	113.300	-69.998	
1	113.400	-69.998	
1	113.500	-69.998	
1	113.600	-69.998	
1	113.700	-69.998	
1	113.800	-69.998	
1	113.900	-69.998	
1	114.000	-69.998	
1	114.100	-69.998	
1	114.200	-69.998	
1	114.300	-69.998	
1	114.400	-69.998	
1	114.500	-69.998	
1	114.600	-69.998	
1	114.700	-69.998	
1	114.800	-69.998	
1	114.900	-69.998	
1	115.000	-69.998	
1	115.100	-69.998	
1	115.200	-69.998	
1	115.300	-69.998	
1	115.400	-69.998	
1	115.500	-69.998	
1	115.600	-69.998	
1	115.700	-69.998	
1	115.800	-69.998	
1	115.900	-69.998	
1	116.000	-69.998	
1	116.100	-69.998	
1	116.200	-69.998	
1	116.300	-69.998	
1	116.400	-69.998	
1	116.500	-69.998	
1	116.600	-69.998	
1	116.700	-69.998	
1	116.800	-69.998	
1	116.900	-69.998	
1	117.000	-69.998	
1	117.100	-69.998	
1	117.200	-69.998	
1	117.300	-69.998	
1	117.400	-69.998	
1	117.500	-69.998	
1	117.600	-69.998	
1	117.700	-69.998	
1	117.800	-69.998	
1	117.900	-69.998	
1	118.000	-69.998	
1	118.100	-69.998	
1	118.200	-69.998	
1	118.300	-69.998	
1	118.400	-69.998	
1	118.500	-69.998	
1	118.600	-69.998	
1	118.700	-69.998	
1	118.800	-69.998	
1	118.900	-69.998	
1	119.000	-69.998	
1	119.100	-69.998	
1	119.200	-69.998	
1	119.300	-69.998	
1	119.400	-69.998	
1	119.500	-69.998	
1	119.600	-69.998	
1	119.700	-69.998	
1	119.800	-69.998	
1	119.900	-69.998	
1	120.000	-69.998	
1	120.100	-69.998	
1	120.200	-69.998	
1	120.300	-69.998	
1	120.400	-69.998	
1	120.500	-69.998	
1	120.600	-69.998	
1	120.700	-69.998	
1	120.800	-69.998	
1	120.900	-69.998	
1	121.000	-69.998	
1	121.100	-69.998	
1	121.200	-69.998	
1	121.300	-69.998	
1	121.400	-69.998	
1	121.500	-69.998	
1	121.600	-69.998	
1	121.700	-69.998	
1	121.800	-69.998	
1	121.900	-69.998	
1	122.000	-69.998	
1	122.100	-69.998	
1	122.200	-69.998	
1	122.300	-69.998	
1	122.400	-69.998	
1	122.500	-69.998	
1	122.600	-69.998	
1	122.700	-69.998	
1	122.800	-69.998	
1	122.900	-69.998	
1	123.000	-69.998	
1	123.100	-69.998	
1	123.200	-69.998	
1	123.300	-69.998	
1	123.400	-69.998	
1	123.500	-69.998	
1	123.600	-69.998	
1	123.700	-69.998	
1	123.800	-69.998	
1	123.900	-69.998	
1	124.000	-69.998	
1	124.100	-69.998	
1	124.200	-69.998	
1	124.300	-69.998	
1	124.400	-69.998	
1	124.500	-69.998	
1	124.600	-69.998	
1	124.700	-69.998	
1	124.800	-69.998	
1	124.900	-69.998	
1	125.000	-69.998	
1	125.100	-69.998	
1	125.200	-69.998	
1	125.300	-69.998	
1	125.400	-69.998	
1	125.500	-69.998	
1	125.600	-69.998	
1	125.700	-69.998	
1	125.800	-69.998	
1	125.900	-69.998	
1	126.000	-69.998	
1	126.100	-69.998	
1	126.200	-69.998	
1	126.300	-69.998	
1	126.400	-69.998	
1	126.500	-69.998	
1	126.600	-69.998	
1	126.700	-69.998	
1	126.800	-69.998	
1	126.900	-69.998	
1	127.000	-69.998	
1	127.100	-69.998	
1	127.200	-69.998	
1	127.300	-69.998	
1	127.400	-69.998	
1	127.500	-69.998	
1	127.600	-69.998	
1	127.700	-69.998	
1	127.800	-69.998	
1	127.900	-69.998	
1	128.000	-69.998	
1	128.100	-69.998	
1	128.200	-69.998	
1	128.300	-69.998	
1	128.400	-69.998	
1	128.500	-69.998	
1	128.600	-69.998	
1	128.700	-69.998	
1	128.800	-69.998	
1	128.900	-69.998	
1	129.000	-69.998	
1	129.100	-69.998	
1	129.200	-69.998	
1	129.300	-69.998	
1	129.400	-69.998	
1	129.500	-69.998	
1	129.600	-69.998	
1	129.700	-69.998	
1	129.800	-69.998	
1	129.900	-69.998	
1	130.000	-69.998	
1	130.100	-69.998	
1	130.200	-69.998	
1	130.300	-69.998	
1	130.400	-69.998	
1	130.500	-69.998	
1	130.600	-69.998	
1	130.700	-69.998	
1	130.800	-69.998	
1	130.900	-69.998	
1	131.000	-69.998	
1	131.100	-69.998	
1	131.200	-69.998	
1	131.300	-69.998	
1	131.400	-69.998	
1	131.500	-69.998	
1	131.600	-69.998	
1	131.700	-69.998	
1	131.800	-69.998	
1	131.900	-69.998	
1	132.000	-69.998	
1	132.100	-69.998	
1	132.200	-69.998	
1	132.300	-69.998	
1	132.400	-69.998	
1	132.500	-69.998	
1	132.600	-69.998	
1	132.700	-69.998	
1	132.800	-69.998	
1	132.900	-69.998	
1	133.000	-69.998	
1	133.100	-69.998	
1	133.200	-69.998	
1	133.300	-69.998	
1	133.400	-69.998	
1	133.500	-69.998	
1	133.600	-69.998	
1	133.700	-69.998	
1	133.800	-69.998	
1	133.900	-69.998	
1	134.000	-69.998	
1	134.100	-69.998	
1	134.200	-69.998	
1	134.300	-69.998	
1	134.400	-69.998	
1	134.500	-69.998	
1	134.600	-69.998	
1	134.700	-69.998	
1	134.800	-69.998	
1	134.900	-69.998	
1	135.000	-69.998	
1	135.100	-69.998	
1	135.200	-69.998	
1	135.300	-69.998	
1	135.400	-69.998	
1	135.500	-69.998	
1	135.600	-69.998	
1	135.700	-69.998	
1	135.800	-69.998	
1	135.900	-69.998	
1	136.000	-69.998	
1	136.100	-69.998	
1	136.200	-69.998	
1	136.300	-69.998	
1	136.400	-69.998	
1	136.500	-69.998	
1	136.600	-69.998	
1	136.700	-69.998	
1	136.800	-69.998	
1	136.900	-69.998	
1	137.000	-69.998	
1	137.100	-69.998	
1	137.200	-69.998	
1	137.300	-69.998	
1	137.400	-69.998	
1	137.500	-69.998	
1	137.600	-69.998	
1	137.700	-69.998	
1	137.800	-69.998	
1	137.900	-69.998	
1	138.000	-69.998	
1	138.100	-69.998	
1	138.200	-69.998	
1	138.300	-69.998	
1	138.400	-69.998	
1	138.500	-69.998	
1	138.600	-69.998	
1	138.700	-69.998	
1	138.800	-69.998	
1	138.900	-69.998	
1	139.000	-69.998	
1	139.100	-69.998	
1	139.200	-69.998	
1	139.300	-69.998	
1	139.400	-69.998	
1	139.500	-69.998	
1	139.600	-69.998	
1	139.700	-69.998	
1	139.800	-69.998	
1	139.900	-69.998	
1	140.000	-69.998	
1	140.100	-69.998	
1	140.200	-69.998	
1	140.300	-69.998	
1	140.400	-69.998	
1	140.500	-69.998	
1	140.600	-69.998	
1	140.700	-69.998	
1	140.800	-69.998	
1	140.900	-69.998	
1	141.000	-69.998	
1	141.100	-69.998	
1	141.200	-69.998	
1	141.300	-69.998	
1	141.400	-69.998	
1	141.500	-69.998	
1	141.600	-69.998	
1	141.700	-69.998	
1	141.800	-69.998	
1	141.900	-69.998	
1	142.000	-69.998	
1	142.100	-69.998	
1	142.200	-69.998	
1	142.300	-69.998	
1	142.400	-69.998	
1	142.500	-69.998	
1	142.600	-69.998	
1	142.700	-69.998	
1	142.800	-69.998	
1	142.900	-69.998	
1	143.000	-69.998	
1	143.100	-69.998	
1	143.200	-69.998	
1	143.300	-69.998	
1	143.400	-69.998	
1	143.500	-69.998	
1	143.600	-69.998	
1	143.700	-69.998	
1	143.800	-69.998	
1	143.900	-69.998	
1	144.000	-69.998	
1	144.100	-69.998	
1	144.200	-69.998	
1	144.300	-69.998	
1	144.400	-69.998	
1	144.500	-69.998	
1	144.600	-69.998	
1	144.700	-69.998	
1	144.800	-69.998	
1	144.900	-69.998	
1	145.000	-69.998	
1	145.100	-69.998	
1	145.200	-69.998	
1	145.300	-69.998	
1	145.400	-69.998	
1	145.500	-69.998	
1	145.600	-69.998	
1	145.700	-69.998	
1	145.800	-69.998	
1	145.900	-69.998	
1	146.000	-69.998	
1	146.100	-69.998	
1	146.200	-69.998	
1	146.300	-69.998	
1	146.400	-69.998	
1	146.500	-69.998	
1	146.600	-69.998	
1	146.700	-69.998	
1	146.800	-69.998	
1	146.900	-69.998	
1	147.000	-69.998	
1	147.100	-69.998	
1	147.200	-69.998	
1	147.300	-69.998	
1	147.400	-69.998	
1	147.500	-69.998	
1	147.600	-69.998	
1	147.700	-69.998	
1	147.800	-69.998	
1	147.900	-69.998	
1	148.000	-69.998	
1	148.100	-69.998	
1	148.200	-69.998	
1	148.300	-69.998	
1	148.400	-69.998	
1	148.500	-69.998	
1	148.600	-69.998	
1	148.700	-69.998	
1	148.800	-69.998	
1	148.900	-69.998	
1	149.000	-69.998	
1	149.100	-69.998	
1	149.200	-69.998	
1	149.300	-69.998	
1	149.400	-69.998	
1	149.500	-69.998	
1	149.600	-69.998	
1	149.700	-69.998	
1	149.800	-69.998	
1	149.900	-69.998	
1	150.000	-69.998	
1	150.100	-69.998	
1	150.200	-69.998	
1	150.300	-69.998	
1	150.400	-69.998	
1	150.500	-69.998	
1	150.600	-69.998	
1	150.700	-69.998	
1	150.800	-69.998	
1	150.900	-69.998	
1	151.000	-69.998	
1	151.100	-69.998	
1	151.200	-69.998	
1	151.300	-69.998	
1	151.400	-69.998	
1	151.500	-69.998	
1	151.600	-69.998	
1	151.700	-69.998	
1	151.800	-69.998	
1	151.900	-69.998	
1	152.000	-69.998	
1	152.100	-69.998	
1	152.200	-69.998	
1	152.300	-69.998	
1	152.400	-69.998	
1	152.500	-69.998	
1	152.600	-69.998	
1	152.700	-69.998	
1	152.800	-69.998	
1	152.900	-69.998	
1	153.000	-69.998	
1	153.100	-69.998	
1	153.200	-69.998	
1	153.300	-69.998	
1	153.400	-69.998	
1	153.500	-69.998	
1	153.600	-69.998	
1	153.700	-69.998	
1	153.800	-69.998	
1	153.900	-69.998	
1	154.000	-69.998	
1	154.100	-69.998	
1	154.200	-69.998	
1	154.300	-69.998	
1	154.400	-69.998	
1	154.500	-69.998	
1	154.600	-69.998	
1	154.700	-69.998	
1	154.800	-69.998	
1	154.900	-69.998	
1	155.000	-69.998	
1	155.100	-69.998	
1	155.200	-69.998	
1	155.300	-69.998	
1	155.400	-69.998	
1	155.500	-69.998	
1	155.600	-69.998	
1	155.700	-69.998	
1	155.800	-69.998	
1	155.900	-69.998	
1	156.000	-69.998	
1	156.100	-69.998	
1	156.200	-69.998	
1	156.300	-69.998	
1	156.400	-69.998	
1	156.500	-69.998	
1	156.600	-69.998	
1	156.700	-69.998	
1	156.800	-69.998	
1	156.900	-69.998	
1	157.000	-69.998	
1	157.100	-69.998	
1	157.200	-69.998	
1	157.300	-69.998	
1	157.400	-69.998	
1	157.500	-69.998	
1	157.600	-69.998	
1	157.700	-69.998	
1	157.800	-69.998	
1	157.900	-69.998	
1	158.000	-69.998	
1	158.100	-69.998	
1	158.200	-69.998	
1	158.300	-69.998	
1	158.400	-69.998	
1	158.500	-69.998	
1	158.600	-69.998	
1	158.700	-69.998	
1	158.800	-69.998	
1	158.900	-69.998	
1	159.000	-69.998	
1	159.100	-69.998	
1	159.200	-69.998	
1	159.300	-69.998	
1	159.400	-69.998	
1	159.500	-69.998	
1	159.600	-69.998	
1	159.700	-69.998	
1	159.800	-69.998	
1	159.900	-69.998	
1	160.000	-69.998	
1	160.100	-69.998	
1	160.200	-69.998	
1	160.300	-69.998	
1	160.400	-69.998	
1	160.500	-69.998	
1	160.600	-69.998	
1	160.700	-69.998	
1	160.800	-69.998	
1	160.900	-69.998	
1	161.000	-69.998	
1	161.100	-69.998	
1	161.200	-69.998	
1	161.300	-69.998	
1	161.400	-69.998	
1	161.500	-69.998	
1	161.600	-69.998	
1	161.700	-69.998	
1	161.800	-69.998	
1	161.900	-69.998	
1	162.000	-69.998	
1	162.100	-69.998	
1	162.200	-69.998	
1	162.300	-69.998	
1	162.400	-69.998	
1	162.500	-69.998	
1	162.600	-69.998	
1	162.700	-69.998	
1	162.800	-69.998	
1	162.900	-69.998	
1	163.000	-69.998	
1	163.100	-69.998	
1	163.200	-69.998	
1	163.300	-69.998	
1	163.400	-69.998	
1	163.500	-69.998	
1	163.600	-69.998	
1	163.700	-69.998	
1	163.800	-69.998	
1	163.900	-69.998	
1	164.000	-69.998	
1	164.100	-69.998	
1	164.200	-69.998	
1	164.300	-69.998	
1	164.400	-69.998	
1	164.500	-69.998	
1	164.600	-69.998	
1	164.700	-69.998	
1	164.800	-69.998	
1	164.900	-69.998	
1	165.000	-69.998	
1	165.100	-69.998	
1	165.200	-69.998	
1	165.300	-69.998	
1	165.400	-69.998	
1	165.500	-69.998	
1	165.600	-69.998	
1	165.700	-69.998	
1	165.800	-69.998	
1	165.900	-69.998	
1	166.000	-69.998	
1	166.100	-69.998	
1	166.200	-69.998	
1	166.300	-69.998	
1	166.400	-69.998	
1	166.500	-69.998	
1	166.600	-69.998	
1	166.700	-69.998	
1	166.800	-69.998	
1	166.900	-69.998	
1	167.000	-69.998	
1	167.100	-69.998	
1	167.200	-69.998	
1	167.300	-69.998	
1	167.400	-69.998	
1	167.500	-69.998	
1	167.600	-69.998	
1	167.700	-69.998	
1	167.800	-69.998	
1	167.900	-69.998	
1	168.000	-69.998	
1	168.100	-69.998	
1	168.200	-69.998	
1	168.300	-69.998	
1	168.400	-69.998	
1	168.500	-69.998	
1	168.600	-69.998	
1	168.700	-69.998	
1	168.800	-69.998	
1	168.900	-69.998	
1	169.000	-69.998	
1	169.100	-69.998	
1	169.200	-69.998	
1	169.300	-69.998	
1	169.400	-69.998	
1	169.500	-69.998	
1	169.600	-69.998	
1	169.700	-69.998	
1	169.800	-69.998	
1	169.900	-69.998	
1	170.000	-69.998	
1	170.100	-69.998	
1	170.200	-69.998	
1	170.300	-69.998	
1	170.400	-69.998	
1	170.500	-69.998	
1	170.600	-69.998	
1	170.700	-69.998	
1	170.800	-69.998	
1	170.900	-69.998	
1	171.000	-69.998	
1	171.100	-69.998	
1	171.200	-69.998	
1	171.300	-69.998	
1	171.400	-69.998	
1	171.500	-69.998	
1	171.600	-69.998	
1	171.700	-69.998	
1	171.800	-69.998	
1	171.900	-69.998	
1	172.000	-69.998	
1	172.100	-69.998	
1	172.200	-69.998	
1	172.300	-69.998	
1	172.400	-69.998	
1	172.500	-69.998	
1	172.600	-69.998	
1	172.700	-69.998	
1	172.800	-69.998	
1	172.900	-69.998	
1	173.000	-69.998	
1	173.100	-69.998	
1	173.200	-69.998	
1	173.300	-69.998	
1	173.400	-69.998	
1	173.500	-69.998	
1	173.600	-69.998	
1	173.700	-69.998	
1	173.800	-69.998	
1	173.900	-69.998	
1	174.000	-69.998	
1	174.100	-69.998	
1	174.200	-69.998	
1	174.300	-69.998	
1	174.400	-69.998	
1	174.500	-69.998	
1	174.600	-69.998	
1	174.700	-69.998	
1	174.800	-69.998	
1	174.900	-69.998	
1	175.000	-69.998	
1	175.100	-69.998	
1	175.200	-69.998	
1	175.300	-69.998	
1	175.400	-69.998	
1	175.500	-69.998	
1	175.600	-69.998	
1	175.700	-69.998	
1	175.800	-69.998	
1	175.900	-69.998	
1	176.000	-69.998	
1	176.100	-69.998	
1	176.200	-69.998	
1	176.300	-69.998	
1	176.400	-69.998	
1	176.500	-69.998	
1	176.600	-69.998	
1	176.700	-69.998	
1	176.800	-69.998	
1	176.900	-69.998	
1	177.000	-69.998	
1	177.100	-69.998	
1	177.200	-69.998	
1	177.300	-69.998	
1	177.400	-69.998	
1	177.500	-69.998	
1	177.600	-69.998	
1	177.700	-69.998	
1	177.800	-69.998	
1	177.900	-69.998	
1	178.000	-69.998	
1	178.100	-69.998	
1	178.200	-69.998	
1	178.300	-69.998	
1	178.400	-69.998	
1	178.500	-69.998	
1	178.600	-69.998	
1	178.700	-69.998	
1	178.800	-69.998	
1	178.900	-69.998	
1	179.000	-69.998	
1	179.100	-69.998	
1	179.200	-69.998	
1	179.300	-69.998	
1	179.400	-69.998	
1	179.500	-69.998	
1	179.600	-69.998	
1	179.700	-69.998	
1	179.800	-69.998	
1	179.900	-69.998	
1	180.000	-69.998	
1	180.100	-69.998	
1	180.200	-69.998	
1	180.300	-69.998	
1	180.400	-69.998	
1	180.500	-69.998	
1	180.600	-69.998	
1	180.700	-69.998	
1	180.800	-69.998	
1	180.900	-69.998	
1	181.000	-69.998	
1	181.100	-69.998	
1	181.200	-69.998	
1	181.300	-69.998	
1	181.400	-69.998	
1	181.500	-69.998	
1	181.600	-69.998	
1	181.700	-69.998	
1	181.800	-69.998	
1	181.900	-69.998	
1	182.000	-69.998	
1	182.100	-69.998	
1	182.200	-69.998	
1	182.300	-69.998	
1	182.400	-69.998	
1	182.500	-69.998	
1	182.600	-69.998	
1	182.700	-69.998	
1	182.800	-69.998	
1	182.900	-69.998	
1	183.000	-69.998	
1	183.100	-69.998	
1	183.200	-69.998	
1	183.300	-69.998	
1	183.400	-69.998	
1	183.500	-69.998	
1	183.600	-69.998	
1	183.700	-69.998	
1	183.800	-69.998	
1	183.900	-69.998	
1	184.000	-69.998	
1	184.100	-69.998	
1	184.200	-69.998	
1	184.300	-69.998	
1	184.400	-69.998	
1	184.500	-69.998	
1	184.600	-69.998	
1	184.700	-69.998	
1	184.800	-69.998	
1	184.900	-69.998	
1	185.000	-69.998	
1	185.100	-69.998	
1	185.200	-69.998	
1	185.300	-69.998	
1	185.400	-69.998	
1	185.500	-69.998	
1	185.600	-69.998	
1	185.700	-69.998	
1	185.800	-69.998	
1	185.900	-69.998	
1	186.000	-69.998	
1	186.100	-69.998	
1	186.200	-69.998	
1	186.300	-69.998	
1	186.400	-69.998	
1	186.500	-69.998	
1	186.600	-69.998	
1	186.700	-69.998	
1	186.800	-69.998	
1	186.900	-69.998	
1	187.000	-69.998	
1	187.100	-69.998	
1	187.200	-69.998	
1	187.300	-69.998	
1	187.400	-69.998	
1	187.500	-69.998	
1	187.600	-69.998	
1	187.700	-69.998	
1	187.800	-69.998	
1	187.900	-69.998	
1	188.000	-69.998	
1	188.100	-69.998	
1	188.200	-69.998	
1	188.300	-69.998	
1	188.400	-69.998	
1	188.500	-69.998	
1	188.600	-69.998	
1	188.700	-69.998	
1	188.800	-69.998	
1	188.900	-69.998	
1	189.000	-69.998	
1	189.100	-69.998	
1	189.200	-69.998	
1	189.300	-69.998	
1	189.400	-69.998	
1	189.500	-69.998	
1	189.600	-69.998	
1	189.700	-69.998	
1	189.800	-69.998	
1	189.900	-69.998	
1	190.000	-69.998	
1	190.100	-69.998	
1	190.200	-69.998	
1	190.300	-69.998	
1	190.400	-69.998	
1	190.500	-69.998	
1	190.600	-69.998	
1	190.700	-69.998	
1	190.800	-69.998	
1	190.900	-69.998	
1	191.000	-69.998	
1	191.100	-69.998	
1	191.200	-69.998	
1	191.300	-69.998	
1	191.400	-69.998	
1	191.500	-69.998	
1	191.600	-69.998	
1	191.700	-69.998	
1	191.800	-69.998	
1	191.900	-69.998	
1	192.000	-69.998	
1	192.100	-69.998	
1	192.200	-69.998	
1	192.300	-69.998	
1	192.400	-69.998	
1	192.500	-69.998	
1	192.600	-69.998	
1	192.700	-69.998	
1	192.800	-69.998	
1	192.900	-69.998	
1	193.000	-69.998	
1	193.100	-69.998	
1	193.200	-69.998	
1	193.300	-69.998	
1	193.400	-69.998	
1	193.500	-69.998	
1	193.600	-69.998	
1	193.700	-69.998	
1	193.800	-69.998	
1	193.900	-69.998	
1	194.000	-69.998	
1	194.100	-69.998	
1	194.200	-69.998	
1	194.300	-69.998	
1	194.400	-69.998	
1	194.500	-69.998	
1	194.600	-69.998	
1	194.700	-69.998	
1	194.800	-69.998	
1	194.900	-69.998	
1	195.000	-69.998	
1	195.100	-69.998	
1	195.200	-69.998	
1	195.300	-69.998	
1	195.400	-69.998	
1	195.500	-69.998	
1	195.600	-69.998	
1	195.700	-69.998	
1	195.800	-69.998	
1	195.900	-69.998	
1	196.000	-69.998	
1	196.100	-69.998	
1	196.200	-69.998	
1	196.300	-69.998	
1	196.400	-69.998	
1	196.500	-69.998	
1	196.600	-69.998	
1	196.700	-69.998	
1	196.800	-69.998	
1	196.900	-69.998	
1	197.000	-69.998	
1	197.100	-69.998	
1	197.200	-69.998	
1	197.300	-69.998	
1	197.400	-69.998	
1	197.500	-69.998	
1	197.600	-69.998	
1	197.700	-69.998	
1	197.800	-69.998	
1	197.900	-69.998	
1	198.000	-69.998	
1	198.100	-69.998	
1	198.200	-69.998	
1	198.300	-69.998	
1	198.400	-69.998	
1	198.500	-69.998	
1	198.600	-69.998	
1	198.700	-69.998	
1	198.800	-69.998	
1	198.900	-69.998	
1	199.000	-69.998	
1	199.100	-69.998	
1	199.200	-69.998	
1	199.300	-69.998	
1	199.400	-69.998	
1	199.500	-69.998	
1	199.600	-69.998	
1	199.700	-69.998	
1	199.800	-69.998	
1	199.900	-69.998	
1	200.000	-69.998	
1	200.100	-69.998	
1	200.200	-69.998	
1	200.300	-69.998	
1	200.400	-69.998	
1	200.500	-69.998	
1	200.600	-69.998	
1	200.700	-69.998	
1	200.800	-69.998	
1	200.900	-69.998	
1	201.000	-69.998	
1	201.100	-69.998	
1	201.200	-69.998	
1	201.300	-69.998	
1	201.400	-69.998	
1	201.500	-69.998	
1	201.600	-69.998	
1	201.700	-69.998	
1	201.800	-69.998	
1	201.900	-69.998	
1	202.000	-69.998	
1	202.100	-69.998	
1	202.200	-69.998	
1	202.300	-69.998	
1	202.400	-69.998	
1	202.500	-69.998	
1	202.600	-69.998	
1	202.700	-69.998	
1	202.800	-69.998	
1	202.900	-69.998	
1	203.000	-69.998	
1	203.100	-69.998	
1	203.200	-69.998	
1	203.300	-69.998	
1	203.400	-69.998	
1	203.500	-69.998	
1	203.600	-69.998	
1	203.700	-69.998	
1	203.800	-69.998	
1	203.900	-69.998	
1	204.000	-69.998	
1	204.100	-69.998	
1	204.200	-69.998	
1	204.300	-69.998	
1	204.400	-69.998	
1	204.500	-69.998	
1	204.600	-69.998	
1	204.700	-69.998	
1	204.800	-69.998	
1	204.900	-69.998	
1	205.000	-69.998	
1	205.100	-69.998	
1	205.200	-69.998	
1	205.300	-69.998	
1	205.400	-69.998	
1	205.500	-69.998	
1	205.600	-69.998	
1	205.700	-69.998	
1	205.800	-69.998	
1	205.900	-69.998	
1	206.000	-69.998	
1	206.100	-69.998	
1	206.200	-69.998	
1	206.300	-69.998	
1	206.400	-69.998	
1	206.500	-69.998	
1	206.600	-69.998	
1	206.700	-69.998	
1	206.800	-69.998	
1	206.900	-69.998	
1	207.000	-69.998	
1	207.100	-69.998	
1	207.200	-69.998	
1	207.300	-69.998	
1	207.400	-69.998	
1	207.500	-69.998	
1	207.600	-69.998	
1	207.700	-69.998	
1	207.800	-69.998	
1	207.900	-69.998	
1	208.000	-69.998	
1	208.100	-69.998	
1	208.200	-69.998	
1	208.300	-69.998	
1	208.400	-69.998	
1	208.500	-69.998	
1	208.600	-69.998	
1	208.700	-69.998	
1	208.800	-69.998	
1	208.900	-69.998	
1	209.000	-69.998	
1	209.100	-69.998	
1	209.200	-69.998	
1	209.300	-69.998	
1	209.400	-69.998	
1	209.500	-69.998	
1	209.600	-69.998	
1	209.700	-69.998	
1	209.800	-69.998	
1	209.900	-69.998	
1	210.000	-69.998	
1	210.100	-69.998	
1	210.200	-69.998	
1	210.300	-69.998	
1	210.400	-69.998	
1	210.500	-69.998	
1	210.600	-69.998	
1	210.700	-69.998	
1	210.800	-69.998	
1	210.900	-69.998	
1	211.000	-69.998	
1	211.100	-69.998	
1	211.200	-69.998	
1	211.300	-69.998	
1	211.400	-69.998	
1	211.500	-69.998	
1	211.600	-69.998	
1	211.700	-69.998	
1	211.800	-69.998	
1	211.900	-69.998	
1	212.000	-69.998	
1	212.100	-69.998	
1	212.200	-69.998	
1	212.300	-69.998	
1	212.400	-69.998	
1	212.500	-69.998	
1	212.600	-69.998	
1	212.700	-69.998	
1	212.800	-69.998	
1	212.900	-69.998	
1	213.000	-69.998	
1	213.100	-69.998	
1	213.200	-69.998	
1	213.300	-69.998	
1	213.400	-69.998	
1	213.500	-69.998	
1	213.600	-69.998	
1	213.700	-69.998	
1	213.800	-69.998	
1	213.900	-69.998	
1	214.000	-69.998	
1	214.100	-69.998	
1	214.200	-69.998	
1	214.300	-69.998	
1	214.400	-69.998	
1	214.500	-69.998	
1	214.600	-69.998	
1	214.700	-69.998	
1	214.800	-69.998	
1	214.900	-69.998	
1	215.000	-69.998	
1	215.100	-69.998	
1	215.200	-69.998	
1	215.300	-69.998	
1	215.400	-69.998	
1	215.500	-69.998	
1	215.600	-69.998	
1	215.700	-69.998	
1	215.800	-69.998	
1	215.900	-69.998	
1	216.000	-69.998	
1	216.100	-69.998	
1	216.200	-69.998	
1	216.300	-69.998	
1	216.400	-69.998	
1	216.500	-69.998	
1	216.600	-69.998	
1	216.700	-69.998	
1	216.800	-69.998	
1	216.900	-69.998	
1	217.000	-69.998	
1	217.100	-69.998	
1	217.200	-69.998	
1	217.300	-69.998	
1	217.400	-69.998	
1	217.500	-69.998	
1	217.600	-69.998	
1	217.700	-69.998	
1	217.800	-69.998	
1	217.900	-69.998	
1	218.000	-69.998	
1	218.100	-69.998	
1	218.200	-69.998	
1	218.300	-69.998	
1	218.400	-69.998	
1	218.500	-69.998	
1	218.600	-69.998	
1	218.700	-69.998	
1	218.800	-69.998	
1	218.900	-69.998	
1	219.000	-69.998	
1	219.100	-69.998	
1	219.200	-69.998	
1	219.300	-69.998	
1	219.400	-69.998	
1	219.500	-69.998	
1	219.600	-69.998	
1	219.700	-69.998	
1	219.800	-69.998	
1	219.900	-69.998	
1	220.000	-69.998	
1	220.100	-69.998	
1	220.200	-69.998	
1	220.300	-69.998	
1	220.400	-69.998	
1	220.500	-69.998	
1	220.600	-69.998	
1	220.700	-69.998	
1	220.800	-69.998	
1	220.900	-69.998	
1	221.000	-69.998	
1	221.100	-69.998	
1	221.200	-69.998	
1	221.300	-69.998	
1	221.400	-69.998	
1	221.500	-69.998	
1	221.600	-69.998	
1	221.700	-69.998	
1	221.800	-69.998	
1	221.900	-69.998	
1	222.000	-69.998	
1	222.100	-69.998	
1	222.200	-69.998	
1	222.300	-69.998	
1	222.400	-69.998	
1	222.500	-69.998	
1	222.600	-69.998	
1	222.700	-69.998	
1	222.800	-69.998	
1	222.900	-69.998	
1	223.000	-69.998	
1	223.100	-69.998	
1	223.200	-69.998	
1	223.300	-69.998	
1	223.400	-69.998	
1	223.500	-69.998	
1	223.600	-69.998	
1	223.700	-69.998	
1	223.800	-69.998	
1	223.900	-69.998	
1	224.000	-69.998	
1	224.100	-69.998	
1	224.200	-69.998	
1	224.300	-69.998	
1	224.400	-69.998	
1	224.500	-69.998	
1	224.600	-69.998	
1	224.700	-69.998	
1	224.800	-69.998	
1	224.900	-69.998	
1	225.000	-69.998	
1	225.100	-69.998	
1	225.200	-69.998	
1	225.300	-69.998	
1	225.400	-69.998	
1	225.500	-69.998	
1	225.600	-69.998	
1	225.700	-69.998	
1	225.800	-69.998	
1	225.900	-69.998	
1	226.000	-69.998	
1	226.100	-69.998	
1	226.200	-69.998	
1	226.300	-69.998	
1	226.400	-69.998	
1	226.500	-69.998	
1	226.600	-69.998	
1	226.700	-69.998	
1	226.800	-69.998	
1	226.900	-69.998	
1	227.000	-69.998	
1	227.100	-69.998	
1	227.200	-69.998	
1	227.300	-69.998	
1	227.400	-69.998	
1	227.500	-69.998	
1	227.600	-69.998	
1	227.700	-69.998	
1	227.800	-69.998	
1	227.900	-69.998	
1	228.000	-69.998	
1	228.100	-69.998	
1	228.200	-69.998	
1	228.300	-69.998	
1	228.400	-69.998	
1	228.500	-69.998	
1	228.600	-69.998	
1	228.700	-69.998	
1	228.800	-69.998	
1	228.900	-69.998	
1	229.000	-69.998	
1	229.100	-69.998	
1	229.200	-69.998	
1	229.300	-69.998	
1	229.400	-69.998	
1	229.500	-69.998	
1	229.600	-69.998	
1	229.700	-69.998	
1	229.800	-69.998	
1	229.900	-69.998	
1	230.000	-69.998	
1	230.100	-69.998	
1	230.200	-69.998	
1	230.300	-69.998	
1	230.400	-69.998	
1	230.500	-69.998	
1	230.600	-69.998	
1	230.700	-69.998	
1	230.800	-69.998	
1	230.900	-69.998	
1	231.000	-69.998	
1	231.100	-69.998	
1	231.200	-69.998	
1	231.300	-69.998	
1	231.400	-69.998	
1	231.500	-69.998	
1	231.600	-69.998	
1	231.700	-69.998	
1	231.800	-69.998	
1	231.900	-69.998	
1	232.000	-69.998	
1	232.100	-69.998	
1	232.200	-69.998	
1	232.300	-69.998	
1	232.400	-69.998	
1	232.500	-69.998	
1	232.600	-69.998	
1	232.700	-69.998	
1	232.800	-69.998	
1	232.900	-69.998	
1	233.000	-69.998	
1	233.100	-69.998	
1	233.200	-69.998	
1	233.300	-69.998	
1	233.400	-69.998	
1	233.500	-69.998	
1	233.600	-69.998	
1	233.700	-69.998	
1	233.800	-69.998	
1	233.900	-69.998	
1	234.000	-69.998	
1	234.100	-69.998	
1	234.200	-69.998	
1	234.300	-69.998	
1	234.400	-69.998	
1	234.500	-69.998	
1	234.600	-69.998	
1	234.700	-69.998	
1	234.800	-69.998	
1	234.900	-69.998	
1	235.000	-69.998	
1	235.100	-69.998	
1	235.200	-69.998	
1	235.300	-69.998	
1	235.400	-69.998	
1	235.500	-69.998	
1	235.600	-69.998	
1	235.700	-69.998	
1	235.800	-69.998	
1	235.900	-69.998	
1	236.000	-69.998	
1	236.100	-69.998	
1	236.200	-69.998	
1	236.300	-69.998	
1	236.400	-69.998	
1	236.500	-69.998	
1	236.600	-69.998	
1	236.700	-69.998	
1	236.800	-69.998	
1	236.900	-69.998	
1	237.000	-69.998	
1	237.100	-69.998	
1	237.200	-69.998	
1	237.300	-69.998	
1	237.400	-69.998	
1	237.500	-69.998	
1	237.600	-69.998	
1	237.700	-69.998	
1	237.800	-69.998	
1	237.900	-69.998	
1	238.000	-69.998	
1	238.100	-69.998	
1	238.200	-69.998	
1	238.300	-69.998	
1	238.400	-69.998	
1	238.500	-69.998	
1	238.600	-69.998	
1	238.700	-69.998	
1	238.800	-69.998	
1	238.900	-69.998	
1	239.000	-69.998	
1	239.100	-69.998	
1	239.200	-69.998	
1	239.300	-69.998	
1	239.400	-69.998	
1	239.500	-69.998	
1	239.600	-69.998	
1	239.700	-69.998	
1	239.800	-69.998	
1	239.900	-69.998	
1	240.000	-69.998	
1	240.100	-69.998	
1	240.200	-69.998	
1	240.300	-69.998	
1	240.400	-69.998	
1	240.500	-69.998	
1	240.600	-69.998	
1	240.700	-69.998	
1	240.800	-69.998	
1	240.900	-69.998	
1	241.000	-69.998	
1	241.100	-69.998	
1	241.200	-69.998	
1	241.300	-69.998	
1	241.400	-69.998	
1	241.500	-69.998	
1	241.600	-69.998	
1	241.700	-69.998	
1	241.800	-69.998	
1	241.900	-69.998	
1	242.000	-69.998	
1	242.100	-69.998	
1	242.200	-69.998	
1	242.300	-69.998	
1	242.400	-69.998	
1	242.500	-69.998	
1	242.600	-69.998	
1	242.700	-69.998	
1	242.800	-69.998	
1	242.900	-69.998	
1	243.000	-69.998	
1	243.100	-69.998	
1	243.200	-69.998	
1	243.300	-69.998	
1	243.400	-69.998	
1	243.500	-69.998	
1	243.600	-69.998	
1	243.700	-69.998	
1	243.800	-69.998	
1	243.900	-69.998	
1	244.000	-69.998	
1	244.100	-69.998	
1	244.200	-69.998	
1	244.300	-69.998	
1	244.400	-69.998	
1	244.500	-69.998	
1	244.600	-69.998	
1	244.700	-69.998	
1	244.800	-69.998	
1	244.900	-69.998	
1	245.000	-69.998	
1	245.100	-69.998	
1	245.200	-69.998	
1	245.300	-69.998	
1	245.400	-69.998	
1	245.500	-69.998	
1	245.600	-69.998	
1	245.700	-69.998	
1	245.800	-69.998	
1	245.900	-69.998	
1	246.000	-69.998	
1	246.100	-69.998	
1	246.200	-69.998	
1	246.300	-69.998	
1	246.400	-69.998	
1	246.500	-69.998	
1	246.600	-69.998	
1	246.700	-69.998	
1	246.800	-69.998	
1	246.900	-69.998	
1	247.000	-69.998	
1	247.100	-69.998	
1	247.200	-69.998	
1	247.300	-69.998	
1	247.400	-69.998	
1	247.500	-69.998	
1	247.600	-69.998	
1	247.700	-69.998	
1	247.800	-69.998	
1	247.900	-69.998	
1	248.000	-69.998	
1	248.100	-69.998	
1	248.200	-69.998	
1	248.300	-69.998	
1	248.400	-69.998	
1	248.500	-69.998	
1	248.600	-69.998	
1	248.700	-69.998	
1	248.800	-69.998	
1	248.900	-69.998	
1	249.000	-69.998	
1	249.100	-69.998	
1	249.200	-69.998	
1	249.300	-69.998	
1	249.400	-69.998	
1	249.500	-69.998	
1	249.600	-69.998	
1	249.700	-69.998	
1	249.800	-69.998	
1	249.900	-69.998	
1	250.000	-69.998	
1	250.100	-69.998	
1	250.200	-69.998	
1	250.300	-69.998	
1	250.400	-69.998	
1	250.500	-69.998	
1	250.600	-69.998	
1	250.700	-69.998	
1	250.800	-69.998	
1	250.900	-69.998	
1	251.000	-69.998	
1	251.100	-69.998	
1	251.200	-69.998	
1	251.300	-69.998	
1	251.400	-69.998	
1	251.500	-69.998	
1	251.600	-69.998	
1	251.700	-69.998	
1	251.800	-69.998	
1	251.900	-69.998	
1	252.000	-69.998	
1	252.100	-69.998	
1	252.200	-69.998	
1	252.300	-69.998	
1	252.400	-69.998	
1	252.500	-69.998	
1	252.600	-69.998	
1	252.700	-69.998	
1	252.800	-69.998	
1	252.900	-69.998	
1	253.000	-69.998	
1	253.100	-69.998	
1	253.200	-69.998	
1	253.300	-69.998	
1	253.400	-69.998	
1	253.500	-69.998	
1	253.600	-69.998	
1	253.700	-69.998	
1	253.800	-69.998	
1	253.900	-69.998	
1	254.000	-69.998	
1	254.100	-69.998	
1	254.200	-69.998	
1	254.300	-69.998	
1	254.400	-69.998	
1	254.500	-69.998	
1	254.600	-69.998	
1	254.700	-69.998	
1	254.800	-69.998	
1	254.900	-69.998	
1	255.000	-69.998	
1	255.100	-69.998	
1	255.200	-69.998	
1	255.300	-69.998	
1	255.400	-69.998	
1	255.500	-69.998	
1	255.600	-69.998	
1	255.700	-69.998	
1	255.800	-69.998	
1	255.900	-69.998	
1	256.000	-69.998	
1	256.100	-69.998	
1	256.200	-69.998	
1	256.300	-69.998	
1	256.400	-69.998	
1	256.500	-69.998	
1	256.600	-69.998	
1	256.700	-69.998	
1	256.800	-69.998	
1	256.900	-69.998	
1	257.000	-69.998	
1	257.100	-69.998	
1	257.200	-69.998	
1	257.300	-69.998	
1	257.400	-69.998	
1	257.500	-69.998	
1	257.600	-69.998	
1	257.700	-69.998	
1	257.800	-69.998	
1	257.900	-69.998	
1	258.000	-69.998	
1	258.100	-69.998	
1	258.200	-69.998	
1	258.300	-69.998	
1	258.400	-69.998	
1	258.500	-69.998	
1	258.600	-69.998	
1	258.700	-69.998	
1	258.800	-69.998	
1	258.900	-69.998	
1	259.000	-69.998	
1	259.100	-69.998	
1	259.200	-69.998	
1	259.300	-69.998	
1	259.400	-69.998	
1	259.500	-69.998	
1	259.600	-69.998	
1	259.700	-69.998	
1	259.800	-69.998	
1	259.900	-69.998	
1	260.000	-69.998	
1	260.100	-69.998	
1	260.200	-69.998	
1	260.300	-69.998	
1	260.400	-69.998	
1	260.500	-69.998	
1	260.600	-69.998	
1	260.700	-69.998	
1	260.800	-69.998	
1	260.900	-69.998	
1	261.000	-69.998	
1	261.100	-69.998	
1	261.200	-69.998	
1	261.300	-69.998	
1	261.400	-69.998	
1	261.500	-69.998	
1	261.600	-69.998	
1	261.700	-69.998	
1	261.800	-69.998	
1	261.900	-69.998	
1	262.000	-69.998	
1	262.100	-69.998	
1	262.200	-69.998	
1	262.300	-69.998	
1	262.400	-69.998	
1	262.500	-69.998	
1	262.600	-69.998	
1	262.700	-69.998	
1	262.800	-69.998	
1	262.900	-69.998	
1	263.000	-69.998	
1	263.100	-69.998	
1	263.200	-69.998	
1	263.300	-69.998	
1	263.400	-69.998	
1	263.500	-69.998	
1	263.600	-69.998	
1	263.700	-69.998	
1	263.800	-69.998	
1	263.900	-69.998	
1	264.000	-69.998	
1	264.100	-69.998	
1	264.200	-69.998	
1	264.300	-69.998	
1	264.400	-69.998	
1	264.500	-69.998	
1	264.600	-69.998	
1	264.700	-69.998	
1	264.800	-69.998	
1	264.900	-69.998	
1	265.000	-69.998	
1	265.100	-69.998	
1	265.200	-69.998	
1	265.300	-69.998	
1	265.400	-69.998	
1	265.500	-69.998	
1	265.600	-69.998	
1	265.700	-69.998	
1	265.800	-69.998	
1	265.900	-69.998	
1	266.000	-69.998	
1	266.100	-69.998	
1	266.200	-69.998	
1	266.300	-69.998	
1	266.400	-69.998	
1	266.500	-69.998	
1	266.600	-69.998	
1	266.700	-69.998	
1	266.800	-69.998	
1	266.900	-69.998	
1	267.000	-69.998	
1	267.100	-69.998	
1	267.200	-69.998	
1	267.300	-69.998	
1	267.400	-69.998	
1	267.500	-69.998	
1	267.600	-69.998	
1	267.700	-69.998	
1	267.800	-69.998	
1	267.900	-69.998	
1	268.000	-69.998	
1	268.100	-69.998	
1	268.200	-69.998	
1	268.300	-69.998	
1	268.400	-69.998	
1	268.500	-69.998	
1	268.600	-69.998	
1	268.700	-69.998	
1	268.800	-69.998	
1	268.900	-69.998	
1	269.000	-69.998	
1	269.100	-69.998	
1	269.200	-69.998	
1	269.300	-69.998	
1	269.400	-69.998	
1	269.500	-69.998	
1	269.600	-69.998	
1	269.700	-69.998	
1	269.800	-69.998	
1	269.900	-69.998	
1	270.000	-69.998	
1	270.100	-69.998	
1	270.200	-69.998	
1	270.300	-69.998	
1	270.400	-69.998	
1	270.500	-69.998	
1	270.600	-69.998	
1	270.700	-69.998	
1	270.800	-69.998	
1	270.900	-69.998	
1	271.000	-69.998	
1	271.100	-69.998	
1	271.200	-69.998	
1	271.300	-69.998	
1	271.400	-69.998	
1	271.500	-69.998	
1	271.600	-69.998	
1	271.700	-69.998	
1	271.800	-69.998	
1	271.900	-69.998	
1	272.000	-69.998	
1	272.100	-69.998	
1	272.200	-69.998	
1	272.300	-69.998	
1	272.400	-69.998	
1	272.500	-69.998	
1	272.600	-69.998	
1	272.700	-69.998	
1	272.800	-69.998	
1	272.900	-69.998	
1	273.000	-69.998	
1	273.100	-69.998	
1	273.200	-69.998	
1	273.300	-69.998	
1	273.400	-69.998	
1	273.500	-69.998	
1	273.600	-69.998	
1	273.700	-69.998	
1	273.800	-69.998	
1	273.900	-69.998	
1	274.000	-69.998	
1	274.100	-69.998	
1	274.200	-69.998	
1	274.300	-69.998	
1	274.400	-69.998	
1	274.500	-69.998	
1	274.600	-69.998	
1	274.700	-69.998	
1	274.800	-69.998	
1	274.900	-69.998	
1	275.000	-69.998	
1	275.100	-69.998	
1	275.200	-69.998	
1	275.300	-69.998	
1	275.400	-69.998	
1	275.500	-69.998	
1	275.600	-69.998	
1	275.700	-69.998	
1	275.800	-69.998	
1	275.900	-69.998	
1	276.000	-69.998	
1	276.100	-69.998	
1	276.200	-69.998	
1	276.300	-69.998	
1	276.400	-69.998	
1	276.500	-69.998	
1	276.600	-69.998	
1	276.700	-69.998	
1	276.800	-69.998	
1	276.900	-69.998	
1	277.000	-69.998	
1	277.100	-69.998	
1	277.200	-69.998	
1	277.300	-69.998	
1	277.400	-69.998	
1	277.500	-69.998	
1	277.600	-69.998	
1	277.700	-69.998	
1	277.800	-69.998	
1	277.900	-69.998	
1	278.000	-69.998	
1	278.100	-69.998	
1	278.200	-69.998	
1	278.300	-69.998	
1	278.400	-69.998	
1	278.500	-69.998	
1	278.600	-69.998	
1	278.700	-69.998	
1	278.800	-69.998	
1	278.900	-69.998	
1	279.000	-69.998	
1	279.100	-69.998	
1	279.200	-69.998	
1	279.300	-69.998	
1	279.400	-69.998	
1	279.500	-69.998	
1	279.600	-69.998	
1	279.700	-69.998	
1	279.800	-69.998	
1	279.900	-69.998	
1	280.000	-69.998	
1	280.100	-69.998	
1	280.200	-69.998	
1	280.300	-69.998	
1	280.400	-69.998	
1	280.500	-69.998	
1	280.600	-69.998	
1	280.700	-69.998	
1	280.800	-69.998	
1	280.900	-69.998	
1	281.000	-69.998	
1	281.100	-69.998	
1	281.200	-69.998	
1	281.300	-69.998	
1	281.400	-69.998	
1	281.500	-69.998	
1	281.600	-69.998	
1	281.700	-69.998	
1	281.800	-69.998	
1	281.900	-69.998	
1	282.000	-69.998	
1	282.100	-69.998	
1	282.200	-69.998	
1	282.300	-69.998	
1	282.400	-69.998	
1	282.500	-69.998	
1	282.600	-69.998	
1	282.700	-69.998	
1	282.800	-69.998	
1	282.900	-69.998	
1	283.000	-69.998	
1	283.100	-69.998	
1	283.200	-69.998	
1	283.300	-69.998	
1	283.400	-69.998	
1	283.500	-69.998	
1	283.600	-69.998	
1	283.700	-69.998	
1	283.800	-69.998	
1	283.900	-69.998	
1	284.000	-69.998	
1	284.100	-69.998	
1	284.200	-69.998	
1	284.300	-69.998	
1	284.400	-69.998	
1	284.500	-69.998	
1	284.600	-69.998	
1	284.700	-69.998	
1	284.800	-69.998	
1	284.900	-69.998	
1	285.000	-69.998	
1	285.100	-69.998	
1	285.200	-69.998	
1	285.300	-69.998	
1	285.400	-69.998	
1	285.500	-69.998	
1	285.600	-69.998	
1	285.700	-69.998	
1	285.800	-69.998	
1	285.900	-69.998	
1	286.000	-69.998	
1	286.100	-69.998	
1	286.200	-69.998	
1	286.300	-69.998	
1	286.400	-69.998	
1	286.500	-69.998	
1	286.600	-69.998	
1	286.700	-69.998	
1	286.800	-69.998	
1	286.900	-69.998	
1	287.000	-69.998	
1	287.100	-69.998	
1	287.200	-69.998	
1	287.300	-69.998	
1	287.400	-69.998	
1	287.500	-69.998	
1	287.600	-69.998	
1	287.700	-69.998	
1	287.800	-69.998	
1	287.900	-69.998	
1	288.000	-69.998	
1	288.100	-69.998	
1	288.200	-69.998	
1	288.300	-69.998	
1	288.400	-69.998	
1	288.500	-69.998	
1	288.600	-69.998	
1	288.700	-69.998	
1	288.800	-69.998	
1	288.900	-69.998	
1	289.000	-69.998	
1	289.100	-69.998	
1	289.200	-69.998	
1	289.300	-69.998	
1	289.400	-69.998	
1	289.500	-69.998	
1	289.600	-69.998	
1	289.700	-69.998	
1	289.800	-69.998	
1	289.900	-69.998	
1	290.000	-69.998	
1	290.100	-69.998	
1	290.200	-69.998	
1	290.300	-69.998	
1	290.400	-69.998	
1	290.500	-69.998	
1	290.600	-69.998	
1	290.700	-69.998	
1	290.800	-69.998	
1	290.900	-69.998	
1	291.000	-69.998	
1	291.100	-69.998	
1	291.200	-69.998	
1	291.300	-69.998	
1	291.400	-69.998	
1	291.500	-69.998	
1	291.600	-69.998	
1	291.700	-69.998	
1	291.800	-69.998	
1	291.900	-69.998	
1	292.000	-69.998	
1	292.100	-69.998	
1	292.200	-69.998	
1	292.300	-69.998	
1	292.400	-69.998	
1	292.500	-69.998	
1	292.600	-69.998	
1	292.700	-69.998	
1	292.800	-69.998	
1	292.900	-69.998	
1	293.000	-69.998	
1	293.100	-69.998	
1	293.200	-69.998	
1	293.300	-69.998	
1	293.400	-69.998	
1	293.500	-69.998	
1	293.600	-69.998	
1	293.700	-69.998	
1	293.800	-69.998	
1	293.900	-69.998	
1	294.000	-69.998	
1	294.100	-69.998	
1	294.200	-69.998	
1	294.300	-69.998	
1	294.400	-69.998	
1	294.500	-69.998	
1	294.600	-69.998	
1	294.700	-69.998	
1	294.800	-69.998	
1	294.900	-69.998	
1	295.000	-69.998	
1	295.100	-69.998	
1	295.200	-69.998	
1	295.300	-69.998	
1	295.400	-69.998	
1	295.500	-69.998	
1	295.600	-69.998	
1	295.700	-69.998	
1	295.800	-69.998	
1	295.900	-69.998	
1	296.000	-69.998	
1	296.100	-69.998	
1	296.200	-69.998	
1	296.300	-69.998	
1	296.400	-69.998	
1	296.500	-69.998	
1	296.600	-69.998	
1	296.700	-69.998	
1	296.800	-69.998	
1	296.900	-69.998	
1	297.000	-69.998	
1	297.100	-69.998	
1	297.200	-69.998	
1	297.300	-69.998	
1	297.400	-69.998	
1	297.500	-69.998	
1	297.600	-69.998	
1	297.700	-69.998	
1	297.800	-69.998	
1	297.900	-69.998	
1	298.000	-69.998	
1	298.100	-69.998	
1	298.200	-69.998	
1	298.300	-69.998	
1	298.400	-69.998	
1	298.500	-69.998	
1	298.600	-69.998	
1	298.700	-69.998	
1	298.800	-69.998	
1	298.900	-69.998	
1	299.000	-69.998	
1	299.100	-69.998	
1	299.200	-69.998	
1	299.300	-69.998	
1	299.400	-69.998	
1	299.500	-69.998	
1	299.600	-69.998	
1	299.700	-69.998	
1	299.800	-69.998	
1	299.900	-69.998	
1	300.000	-69.998	
1	300.100	-69.998	
1	300.200	-69.998	
1	300.300	-69.998	
1	300.400	-69.998	
1	300.500	-69.998	
1	300.600	-69.998	
1	300.700	-69.998	
1	300.800	-69.998	
1	300.900	-69.998	
1	301.000	-69.998	
1	301.100	-69.998	
1	301.200	-69.998	
1	301.300	-69.998	
1	301.400	-69.998	
1	301.500	-69.998	
1	301.600	-69.998	
1	301.700	-69.998	
1	301.800	-69.998	
1	301.900	-69.998	
1	302.000	-69.998	
1	302.100	-69.998	
1	302.200	-69.998	
1	302.300	-69.998	
1	302.400	-69.998	
1	302.500	-69.998	
1	302.600	-69.998	
1	302.700	-69.998	
1	302.800	-69.998	
1	302.900	-69.998	
1	303.000	-69.998	
1	303.100	-69.998	
1	303.200	-69.998	
1	303.300	-69.998	
1	303.400	-69.998	
1	303.500	-69.998	
1	303.600	-69.998	
1	303.700	-69.998	
1	303.800	-69.998	
1	303.900	-69.998	
1	304.000	-69.998	
1	304.100	-69.998	
1	304.200	-69.998	
1	304.300	-69.998	
1	304.400	-69.998	
1	304.500	-69.998	
1	304.600	-69.998	
1	304.700	-69.998	
1	304.800	-69.998	
1	304.900	-69.998	
1	305.000	-69.998	
1	305.100	-69.998	
1	305.200	-69.998	
1	305.300	-69.998	
1	305.400	-69.998	
1	305.500	-69.998	
1	305.600	-69.998	
1	305.700	-69.998	
1	305.800	-69.998	
1	305.900	-69.998	
1	306.000	-69.998	
1	306.100	-69.998	
1	306.200	-69.998	
1	306.300	-69.998	
1	306.400	-69.998	
1	306.500	-69.998	
1	306.600	-69.998	
1	306.700	-69.998	
1	306.800	-69.998	
1	306.900	-69.998	
1	307.000	-69.998	
1	307.100	-69.998	
1	307.200	-69.998	
1	307.300	-69.998	
1	307.400	-69.998	
1	307.500	-69.998	
1	307.600	-69.998	
1	307.700	-69.998	
1	307.800	-69.998	
1	307.900	-69.998	
1	308.000	-69.998	
1	308.100	-69.998	
1	308.200	-69.998	
1	308.300	-69.998	
1	308.400	-69.998	
1	308.500	-69.998	
1	308.600	-69.998	
1	308.700	-69.998	
1	308.800	-69.998	
1	308.900	-69.998	
1	309.000	-69.998	
1	309.100	-69.998	
1	309.200	-69.998	
1	309.300	-69.998	
1	309.400	-69.998	
1	309.500	-69.998	
1	309.600	-69.998	
1	309.700	-69.998	
1	309.800	-69.998	
1	309.900	-69.998	
1	310.000	-69.998	
1	310.100	-69.998	
1	310.200	-69.998	
1	310.300	-69.998	
1	310.400	-69.998	
1	310.500	-69.998	
1	310.600	-69.998	
1	310.700	-69.998	
1	310.800	-69.998	
1	310.900	-69.998	
1	311.000	-69.998	
1	311.100	-69.998	
1	311.200	-69.998	
1	311.300	-69.998	
1	311.400	-69.998	
1	311.500	-69.998	
1	311.600	-69.998	
1	311.700	-69.998	
1	311.800	-69.998	
1	311.900	-69.998	
1	312.000	-69.998	
1	312.100	-69.998	
1	312.200	-69.998	
1	312.300	-69.998	
1	312.400	-69.998	
1	312.500	-69.998	
1	312.600	-69.998	
1	312.700	-69.998	
1	312.800	-69.998	
1	312.900	-69.998	
1	313.000	-69.998	
1	313.100	-69.998	
1	313.200	-69.998	
1	313.300	-69.998	
1	313.400	-69.998	
1	313.500	-69.998	
1	313.600	-69.998	
1	313.700	-69.998	
1	313.800	-69.998	
1	313.900	-69.998	
1	314.000	-69.998	
1	314.100	-69.998	
1	314.200	-69.998	
1	314.300	-69.998	
1	314.400	-69.998	
1	314.500	-69.998	
1	314.600	-69.998	
1	314.700	-69.998	
1	314.800	-69.998	
1	314.900	-69.998	
1	315.000	-69.998	
1	315.100	-69.998	
1	315.200	-69.998	
1	315.300	-69.998	
1	315.400	-69.998	
1	315.500	-69.998	
1	315.600	-69.998	
1	315.700	-69.998	
1	315.800	-69.998	
1	315.900	-69.998	
1	316.000	-69.998	
1	316.100	-69.998	
1	316.200	-69.998	
1	316.300	-69.998	
1	316.400	-69.998	
1	316.500	-69.998	
1	316.600	-69.998	
1	316.700	-69.998	
1	316.800	-69.998	
1	316.900	-69.998	
1	317.000	-69.998	
1	317.100	-69.998	
1	317.200	-69.998	
1	317.300	-69.998	
1	317.400	-69.998	
1	317.500	-69.998	
1	317.600	-69.998	
1	317.700	-69.998	
1	317.800	-69.998	
1	317.900	-69.998	
1	318.000	-69.998	
1	318.100	-69.998	
1	318.200	-69.998	
1	318.300	-69.998	
1	318.400	-69.998	
1	318.500	-69.998	
1	318.600	-69.998	
1	318.700	-69.998	
1	318.800	-69.998	
1	318.900	-69.998	
1	319.000	-69.998	
1	319.100	-69.998	
1	319.200	-69.998	
1	319.300	-69.998	
1	319.400	-69.998	
1	319.500	-69.998	
1	319.600	-69.998	
1	319.700	-69.998	
1	319.800	-69.998	
1	319.900	-69.998	
1	320.000	-69.998	
1	320.100	-69.998	
1	320.200	-69.998	
1	320.300	-69.998	
1	320.400	-69.998	
1	320.500	-69.998	
1	320.600	-69.998	
1	320.700	-69.998	
1	320.800	-69.998	
1	320.900	-69.998	
1	321.000	-69.998	
1	321.100	-69.998	
1	321.200	-69.998	
1	321.300	-69.998	
1	321.400	-69.998	
1	321.500	-69.998	
1	321.600	-69.998	
1	321.700	-69.998	
1	321.800	-69.998	
1	321.900	-69.998	
1	322.000	-69.998	
1	322.100	-69.998	
1	322.200	-69.998	
1	322.300	-69.998	
1	322.400	-69.998	
1	322.500	-69.998	
1	322.600	-69.998	
1	322.700	-69.998	
1	322.800	-69.998	
1	322.900	-69.998	
1	323.000	-69.998	
1	323.100	-69.998	
1	323.200	-69.998	
1	323.300	-69.998	
1	323.400	-69.998	
1	323.500	-69.998	
1	323.600	-69.998	
1	323.700	-69.998	
1	323.800	-69.998	
1	323.900	-69.998	
1	324.000	-69.998	
1	324.100	-69.998	
1	324.200	-69.998	
1	324.300	-69.998	
1	324.400	-69.998	
1	324.500	-69.998	
1	324.600	-69.998	
1	324.700	-69.998	
1	324.800	-69.998	
1	324.900	-69.998	
1	325.000	-69.998	
1	325.100	-69.998	
1	325.200	-69.998	
1	325.300	-69.998	
1	325.400	-69.998	
1	325.500	-69.998	
1	325.600	-69.998	
1	325.700	-69.998	
1	325.800	-69.998	
1	325.900	-69.998	
1	326.000	-69.998	
1	326.100	-69.998	
1	326.200	-69.998	
1	326.300	-69.998	
1	326.400	-69.998	
1	326.500	-69.998	
1	326.600	-69.998	
1	326.700	-69.998	
1	326.800	-69.998	
1	326.900	-69.998	
1	327.000	-69.998	
1	327.100	-69.998	
1	327.200	-69.998	
1	327.300	-69.998	
1	327.400	-69.998	
1	327.500	-69.998	
1	327.600	-69.998	
1	327.700	-69.998	
1	327.800	-69.998	
1	327.900	-69.998	
1	328.000	-69.998	
1	328.100	-69.998	
1	328.200	-69.998	
1	328.300	-69.998	
1	328.400	-69.998	
1	328.500	-69.998	
1	328.600	-69.998	
1	328.700	-69.998	
1	328.800	-69.998	
1	328.900	-69.998	
1	329.000	-69.998	
1	329.100	-69.998	
1	329.200	-69.998	
1	329.300	-69.998	
1	329.400	-69.998	
1	329.500	-69.998	
1	329.600	-69.998	
1	329.700	-69.998	
1	329.800	-69.998	
1	329.900	-69.998	
1	330.000	-69.998	
1	330.100	-69.998	
1	330.200	-69.998	
1	330.300	-69.998	
1	330.400	-69.998	
1	330.500	-69.998	
1	330.600	-69.998	
1	330.700	-69.998	
1	330.800	-69.998	
1	330.900	-69.998	
1	331.000	-69.998	
1	331.100	-69.998	
1	331.200	-69.998	
1	331.300	-69.998	
1	331.400	-69.998	
1	331.500	-69.998	
1	331.600	-69.998	
1	331.700	-69.998	
1	331.800	-69.998	
1	331.900	-69.998	
1	332.000	-69.998	
1	332.100	-69.998	
1	332.200	-69.998	
1	332.300	-69.998	
1	332.400	-69.998	
1	332.500	-69.998	
1	332.600	-69.998	
1	332.700	-69.998	
1	332.800	-69.998	
1	332.900	-69.998	
1	333.000	-69.998	
1	333.100	-69.998	
1	333.200	-69.998	
1	333.300	-69.998	
1	333.400	-69.998	
1	333.500	-69.998	
1	333.600	-69.998	
1	333.700	-69.998	
1	333.800	-69.998	
1	333.900	-69.998	
1	334.000	-69.998	
1	334.100	-69.998	
1	334.200	-69.998	
1	334.300	-69.998	
1	334.400	-69.998	
1	334.500	-69.998	
1	334.600	-69.998	
1	334.700	-69.998	
1	334.800	-69.998	
1	334.900	-69.998	
1	335.000	-69.998	
1	335.100	-69.998	
1	335.200	-69.998	
1	335.300	-69.998	
1	335.400	-69.998	
1	335.500	-69.998	
1	335.600	-69.998	
1	335.700	-69.998	
1	335.800	-69.998	
1	335.900	-69.998	
1	336.000	-69.998	
1	336.100	-69.998	
1	336.200	-69.998	
1	336.300	-69.998	
1	336.400	-69.998	
1	336.500	-69.998	
1	336.600	-69.998	
1	336.700	-69.998	
1	336.800	-69.998	
1	336.900	-69.998	
1	337.000	-69.998	
1	337.100	-69.998	
1	337.200	-69.998	
1	337.300	-69.998	
1	337.400	-69.998	
1	337.500	-69.998	
1	337.600	-69.998	
1	337.700	-69.998	
1	337.800	-69.998	
1	337.900	-69.998	
1	338.000	-69.998	
1	338.100	-69.998	
1	338.200	-69.998	
1	338.300	-69.998	
1	338.400	-69.998	
1	338.500	-69.998	
1	338.600	-69.998	
1	338.700	-69.998	
1	338.800	-69.998	
1	338.900	-69.998	
1	339.000	-69.998	
1	339.100	-69.998	
1	339.200	-69.998	
1	339.300	-69.998	
1	339.400	-69.998	
1	339.500	-69.998	
1	339.600	-69.998	
1	339.700	-69.998	
1	339.800	-69.998	
1	339.900	-69.998	
1	340.000	-69.998	
1	340.100	-69.998	
1	340.200	-69.998	
1	340.300	-69.998	
1	340.400	-69.998	
1	340.500	-69.998	
1	340.600	-69.998	
1	340.700	-69.998	
1	340.800	-69.998	
1	340.900	-69.998	
1	341.000	-69.998	
1	341.100	-69.998	
1	341.200	-69.998	
1	341.300	-69.998	
1	341.400	-69.998	
1	341.500	-69.998	
1	341.600	-69.998	
1	341.700	-69.998	
1	341.800	-69.998	
1	341.900	-69.998	
1	342.000	-69.998	
1	342.100	-69.998	
1	342.200	-69.998	
1	342.300	-69.998	
1	342.400	-69.998	
1	342.500	-69.998	
1	342.600	-69.998	
1	342.700	-69.998	
1	342.800	-69.998	
1	342.900	-69.998	
1	343.000	-69.998	
1	343.100	-69.998	
1	343.200	-69.998	
1	343.300	-69.998	
1	343.400	-69.998	
1	343.500	-69.998	
1	343.600	-69.998	
1	343.700	-69.998	
1	343.800	-69.998	
1	343.900	-69.998	
1	344.000	-69.998	
1	344.100	-69.998	
1	344.200	-69.998	
1	344.300	-69.998	
1	344.400	-69.998	
1	344.500	-69.998	
1	344.600	-69.998	
1	344.700	-69.998	
1	344.800	-69.998	
1	344.900	-69.998	
1	345.000	-69.998	
1	345.100	-69.998	
1	345.200	-69.998	
1	345.300	-69.998	
1	345.400	-69.998	
1	345.500	-69.998	
1	345.600	-69.998	
1	345.700	-69.998	
1	345.800	-69.998	
1	345.900	-69.998	
1	346.000	-69.998	
1	346.100	-69.998	
1	346.200	-69.998	
1	346.300	-69.998	
1	346.400	-69.998	
1	346.500	-69.998	
1	346.600	-69.998	
1	346.700	-69.998	
1	346.800	-69.998	
1	346.900	-69.998	
1	347.000	-69.998	
1	347.100	-69.998	
1	347.200	-69.998	
1	347.300	-69.998	
1	347.400	-69.998	
1	347.500	-69.998	
1	347.600	-69.998	
1	347.700	-69.998	
1	347.800	-69.998	
1	347.900	-69.998	
1	348.000	-69.998	
1	348.100	-69.998	
1	348.200	-69.998	
1	348.300	-69.998	
1	348.400	-69.998	
1	348.500	-69.998	
1	348.600	-69.998	
1	348.700	-69.998	
1	348.800	-69.998	
1	348.900	-69.998	
1	349.000	-69.998	
1	349.100	-69.998	
1	349.200	-69.998	
1	349.300	-69.998	
1	349.400	-69.998	
1	349.500	-69.998	
1	349.600	-69.998	
1	349.700	-69.998	
1	349.800	-69.998	
1	349.900	-69.998	
1	350.000	-69.998	
1	350.100	-69.998	
1	350.200	-69.998	
1	350.300	-69.998	
1	350.400	-69.998	
1	350.500	-69.998	
1	350.600	-69.998	
1	350.700	-69.998	
1	350.800	-69.998	
1	350.900	-69.998	
1	351.000	-69.998	
1	351.100	-69.998	
1	351.200	-69.998	
1	351.300	-69.998	
1	351.400	-69.998	
1	351.500	-69.998	
1	351.600	-69.998	
1	351.700	-69.998	
1	351.800	-69.998	
1	351.900	-69.998	
1	352.000	-69.998	
1	352.100	-69.998	
1	352.200	-69.998	
1	352.300	-69.998	
1	352.400	-69.998	
1	352.500	-69.998	
1	352.600	-69.998	
1	352.700	-69.998	
1	352.800	-69.998	
1	352.900	-69.998	
1	353.000	-69.998	
1	353.100	-69.998	
1	353.200	-69.998	
1	353.300	-69.998	
1	353.400	-69.998	
1	353.500	-69.998	
1	353.600	-69.998	
1	353.700	-69.998	
1	353.800	-69.998	
1	353.900	-69.998	
1	354.000	-69.998	
1	354.100	-69.998	
1	354.200	-69.998	
1	354.300	-69.998	
1	354.400	-69.998	
1	354.500	-69.998	
1	354.600	-69.998	
1	354.700	-69.998	
1	354.800	-69.998	
1	354.900	-69.998	
1	355.000	-69.998	
1	355.100	-69.998	
1	355.200	-69.998	
1	355.300	-69.998	
1	355.400	-69.998	
1	355.500	-69.998	
1	355.600	-69.998	
1	355.700	-69.998	
1	355.800	-69.998	
1	355.900	-69.998	
1	356.000	-69.998	
1	356.100	-69.998	
1	356.200	-69.998	
1	356.300	-69.998	
1	356.400	-69.998	
1	356.500	-69.998	
1	356.600	-69.998	
1	356.700	-69.998	
1	356.800	-69.998	
1	356.900	-69.998	
1	357.000	-69.998	
1	357.100	-69.998	
1	357.200	-69.998	
1	357.300	-69.998	
1	357.400	-69.998	
1	357.500	-69.998	
1	357.600	-69.998	
1	357.700	-69.998	
1	357.800	-69.998	
1	357.900	-69.998	
1	358.000	-69.998	
1	358.100	-69.998	
1	358.200	-69.998	
1	358.300	-69.998	
1	358.400	-69.998	
1	358.500	-69.998	
1	358.600	-69.998	
1	358.700	-69.998	
1	358.800	-69.998	
1	358.900	-69.998	
1	359.000	-69.998	
1	359.100	-69.998	
1	359.200	-69.998	
1	359.300	-69.998	
1	359.400	-69.998	
1	359.500	-69.998	
1	359.600	-69.998	
1	359.700	-69.998	
1	359.800	-69.998	
1	359.900	-69.998	
1	360.000	-69.998	
1	360.100	-69.998	
1	360.200	-69.998	
1	360.300	-69.998	
1	360.400	-69.998	
1	360.500	-69.998	
1	360.600	-69.998	
1	360.700	-69.998	
1	360.800	-69.998	
1	360.900	-69.998	
1	361.000	-69.998	
1	361.100	-69.998	
1	361.200	-69.998	
1	361.300	-69.998	
1	361.400	-69.998	
1	361.500	-69.998	
1	361.600	-69.998	
1	361.700	-69.998	
1	361.800	-69.998	
1	361.900	-69.998	
1	362.000	-69.998	
1	362.100	-69.998	
1	362.200	-69.998	
1	362.300	-69.998	
1	362.400	-69.998	
1	362.500	-69.998	
1	362.600	-69.998	
1	362.700	-69.998	
1	362.800	-69.998	
1	362.900	-69.998	
1	363.000	-69.998	
1	363.100	-69.998	
1	363.200	-69.998	
1	363.300	-69.998	
1	363.400	-69.998	
1	363.500	-69.998	
1	363.600	-69.998	
1	363.700	-69.998	
1	363.800	-69.998	
1	363.900	-69.998	
1	364.000	-69.998	
1	364.100	-69.998	
1	364.200	-69.998	
1	364.300	-69.998	
1	364.400	-69.998	
1	364.500	-69.998	
1	364.600	-69.998	
1	364.700	-69.998	
1	364.800	-69.998	
1	364.900	-69.998	
1	365.000	-69.998	
1	365.100	-69.998	
1	365.200	-69.998	
1	365.300	-69.998	
1	365.400	-69.998	
1	365.500	-69.998	
1	365.600	-69.998	
1	365.700	-69.998	
1	365.800	-69.998	
1	365.900	-69.998	
1	366.000	-69.998	
1	366.100	-69.998	
1	366.200	-69.998	
1	366.300	-69.998	
1	366.400	-69.998	
1	366.500	-69.998	
1	366.600	-69.998	
1	366.700	-69.998	
1	366.800	-69.998	
1	366.900	-69.998	
1	367.000	-69.998	
1	367.100	-69.998	
1	367.200	-69.998	
1	367.300	-69.998	
1	367.400	-69.998	
1	367.500	-69.998	
1	367.600	-69.998	
1	367.700	-69.998	
1	367.800	-69.998	
1	367.900	-69.998	
1	368.000	-69.998	
1	368.100	-69.998	
1	368.200	-69.998	
1	368.300	-69.998	
1	368.400	-69.998	
1	368.500	-69.998	
1	368.600	-69.998	
1	368.700	-69.998	
1	368.800	-69.998	
1	368.900	-69.998	
1	369.000	-69.998	
1	369.100	-69.998	
1	369.200	-69.998	
1	369.300	-69.998	
1	369.400	-69.998	
1	369.500	-69.998	
1	369.600	-69.998	
1	369.700	-69.998	
1	369.800	-69.998	
1	369.900	-69.998	
1	370.000	-69.998	
1	370.100	-69.998	
1	370.200	-69.998	
1	370.300	-69.998	
1	370.400	-69.998	
1	370.500	-69.998	
1	370.600	-69.998	
1	370.700	-69.998	
1	370.800	-69.998	
1	370.900	-69.998	
1	371.000	-69.998	
1	371.100	-69.998	
1	371.200	-69.998	
1	371.300	-69.998	
1	371.400	-69.998	
1	371.500	-69.998	
1	371.600	-69.998	
1	371.700	-69.998	
1	371.800	-69.998	
1	371.900	-69.998	
1	372.000	-69.998	
1	372.100	-69.998	
1	372.200	-69.998	
1	372.300	-69.998	
1	372.400	-69.998	
1	372.500	-69.998	
1	372.600	-69.998	
1	372.700	-69.998	
1	372.800	-69.998	
1	372.900	-69.998	
1	373.000	-69.998	
1	373.100	-69.998	
1	373.200	-69.998	
1	373.300	-69.998	
1	373.400	-69.998	
1	373.500	-69.998	
1	373.600	-69.998	
1	373.700	-69.998	
1	373.800	-69.998	
1	373.900	-69.998	
1	374.000	-69.998	
1	374.100	-69.998	
1	374.200	-69.998	
1	374.300	-69.998	
1	374.400	-69.998	
1	374.500	-69.998	
1	374.600	-69.998	
1	374.700	-69.998	
1	374.800	-69.998	
1	374.900	-69.998	
1	375.000	-69.998	
1	375.100	-69.998	
1	375.200	-69.998	
1	375.300	-69.998	
1	375.400	-69.998	
1	375.500	-69.998	
1	375.600	-69.998	
1	375.700	-69.998	
1	375.800	-69.998	
1	375.900	-69.998	
1	376.000	-69.998	
1	376.100	-69.998	
1	376.200	-69.998	
1	376.300	-69.998	
1	376.400	-69.998	
1	376.500	-69.998	
1	376.600	-69.998	
1	376.700	-69.998	
1	376.800	-69.998	
1	376.900	-69.998	
1	377.000	-69.998	
1	377.100	-69.998	
1	377.200	-69.998	
1	377.300	-69.998	
1	377.400	-69.998	
1	377.500	-69.998	
1	377.600	-69.998	
1	377.700	-69.998	
1	377.800	-69.998	
1	377.900	-69.998	
1	378.000	-69.998	
1	378.100	-69.998	
1	378.200	-69.998	
1	378.300	-69.998	
1	378.400	-69.998	
1	378.500	-69.998	
1	378.600	-69.998	
1	378.700	-69.998	
1	378.800	-69.998	
1	378.900	-69.998	
1	379.000	-69.998	
1	379.100	-69.998	
1	379.200	-69.998	
1	379.300	-69.998	
1	379.400	-69.998	
1	379.500	-69.998	
1	379.600	-69.998	
1	379.700	-69.998	
1	379.800	-69.998	
1	379.900	-69.998	
1	380.000	-69.998	
1	380.100	-69.998	
1	380.200	-69.998	
1	380.300	-69.998	
1	380.400	-69.998	
1	380.500	-69.998	
1	380.600	-69.998	
1	380.700	-69.998	
1	380.800	-69.998	
1	380.900	-69.998	
1	381.000	-69.998	
1	381.100	-69.998	
1	381.200	-69.998	
1	381.300	-69.998	
1	381.400	-69.998	
1	381.500	-69.998	
1	381.600	-69.998	
1	381.700	-69.998	
1	381.800	-69.998	
1	381.900	-69.998	
1	382.000	-69.998	
1	382.100	-69.998	
1	382.200	-69.998	
1	382.300	-69.998	
1	382.400	-69.998	
1	382.500	-69.998	
1	382.600	-69.998	
1	382.700	-69.998	
1	382.800	-69.998	
1	382.900	-69.998	
1	383.000	-69.998	
1	383.100	-69.998	
1	383.200	-69.998	
1	383.300	-69.998	
1	383.400	-69.998	
1	383.500	-69.998	
1	383.600	-69.998	
1	383.700	-69.998	
1	383.800	-69.998	
1	383.900	-69.998	
1	384.000	-69.998	
1	384.100	-69.998	
1	384.200	-69.998	
1	384.300	-69.998	
1	384.400	-69.998	
1	384.500	-69.998	
1	384.600	-69.998	
1	384.700	-69.998	
1	384.800	-69.998	
1	384.900	-69.998	
1	385.000	-69.998	
1	385.100	-69.998	
1	385.200	-69.998	
1	385.300	-69.998	
1	385.400	-69.998	
1	385.500	-69.998	
1	385.600	-69.998	
1	385.700	-69.998	
1	385.800	-69.998	
1	385.900	-69.998	
1	386.000	-69.998	
1	386.100	-69.998	
1	386.200	-69.998	
1	386.300	-69.998	
1	386.400	-69.998	
1	386.500	-69.998	
1	386.600	-69.998	
1	386.700	-69.998	
1	386.800	-69.998	
1	386.900	-69.998	
1	387.000	-69.998	
1	387.100	-69.998	
1	387.200	-69.998	
1	387.300	-69.998	
1	387.400	-69.998	
1	387.500	-69.998	
1	387.600	-69.998	
1	387.700	-69.998	
1	387.800	-69.998	
1	387.900	-69.998	
1	388.000	-69.998	
1	388.100	-69.998	
1	388.200	-69.998	
1	388.300	-69.998	
1	388.400	-69.998	
1	388.500	-69.998	
1	388.600	-69.998	
1	388.700	-69.998	
1	388.800	-69.998	
1	388.900	-69.998	
1	389.000	-69.998	
1	389.100	-69.998	
1	389.200	-69.998	
1	389.300	-69.998	
1	389.400	-69.998	
1	389.500	-69.998	
1	389.600	-69.998	
1	389.700	-69.998	
1	389.800	-69.998	
1	389.900	-69.998	
1	390.000	-69.998	
1	390.100	-69.998	
1	390.200	-69.998	
1	390.300	-69.998	
1	390.400	-69.998	
1	390.500	-69.998	
1	390.600	-69.998	
1	390.700	-69.998	
1	390.800	-69.998	
1	390.900	-69.998	
1	391.000	-69.998	
1	391.100	-69.998	
1	391.200	-69.998	
1	391.300	-69.998	
1	391.400	-69.998	
1	391.500	-69.998	
1	391.600	-69.998	
1	391.700	-69.998	
1	391.800	-69.998	
1	391.900	-69.998	
1	392.000	-69.998	
1	392.100	-69.998	
1	392.200	-69.998	
1	392.300	-69.998	
1	392.400	-69.998	
1	392.500	-69.998	
1	392.600	-69.998	
1	392.700	-69.998	
1	392.800	-69.998	
1	392.900	-69.998	
1	393.000	-69.998	
1	393.100	-69.998	
1	393.200	-69.998	
1	393.300	-69.998	
1	393.400	-69.998	
1	393.500	-69.998	
1	393.600	-69.998	
1	393.700	-69.998	
1	393.800	-69.998	
1	393.900	-69.998	
1	394.000	-69.998	
1	394.100	-69.998	
1	394.200	-69.998	
1	394.300	-69.998	
1	394.400	-69.998	
1	394.500	-69.998	
1	394.600	-69.998	
1	394.700	-69.998	
1	394.800	-69.998	
1	394.900	-69.998	
1	395.000	-69.998	
1	395.100	-69.998	
1	395.200	-69.998	
1	395.300	-69.998	
1	395.400	-69.998	
1	395.500	-69.998	
1	395.600	-69.998	
1	395.700	-69.998	
1	395.800	-69.998	
1	395.900	-69.998	
1	396.000	-69.998	
1	396.100	-69.998	
1	396.200	-69.998	
1	396.300	-69.998	
1	396.400	-69.998	
1	396.500	-69.998	
1	396.600	-69.998	
1	396.700	-69.998	
1	396.800	-69.998	
1	396.900	-69.998	
1	397.000	-69.998	
1	397.100	-69.998	
1	397.200	-69.998	
1	397.300	-69.998	
1	397.400	-69.998	
1	397.500	-69.998	
1	397.600	-69.998	
1	397.700	-69.998	
1	397.800	-69.998	
1	397.900	-69.998	
1	398.000	-69.998	
1	398.100	-69.998	
1	398.200	-69.998	
1	398.300	-69.998	
1	398.400	-69.998	
1	398.500	-69.998	
1	398.600	-69.998	
1	398.700	-69.998	
1	398.800	-69.998	
1	398.900	-69.998	
1	399.000	-69.998	
1	399.100	-69.998	
1	399.200	-69.998	
1	399.300	-69.998	
1	399.400	-69.998	
1	399.500	-69.998	
1	399.600	-69.998	
1	399.700	-69.998	
1	399.800	-69.998	
1	399.900	-69.998	
1	400.000	-69.998	
1	400.100	-69.998	
1	400.200	-69.998	
1	400.300	-69.998	
1	400.400	-69.998	
1	400.500	-69.998	
1	400.600	-69.998	
1	400.700	-69.998	
1	400.800	-69.998	
1	400.900	-69.998	
1	401.000	-69.998	
1	401.100	-69.998	
1	401.200	-69.998	
1	401.300	-69.998	
1	401.400	-69.998	
1	401.500	-69.998	
1	401.600	-69.998	
1	401.700	-69.998	
1	401.800	-69.998	
1	401.900	-69.998	
1	402.000	-69.998	
1	402.100	-69.998	
1	402.200	-69.998	
1	402.300	-69.998	
1	402.400	-69.998	
1	402.500	-69.998	
1	402.600	-69.998	
1	402.700	-69.998	
1	402.800	-69.998	
1	402.900	-69.998	
1	403.000	-69.998	
1	403.100	-69.998	
1	403.200	-69.998	
1	403.300	-69.998	
1	403.400	-69.998	
1	403.500	-69.998	
1	403.600	-69.998	
1	403.700	-69.998	
1	403.800	-69.998	
1	403.900	-69.998	
1	404.000	-69.998	
1	404.100	-69.998	
1	404.200	-69.998	
1	404.300	-69.998	
1	404.400	-69.998	
1	404.500	-69.998	
1	404.600	-69.998	
1	404.700	-69.998	
1	404.800	-69.998	
1	404.900	-69.998	
1	405.000	-69.998	
1	405.100	-69.998	
1	405.200	-69.998	
1	405.300	-69.998	
1	405.400	-69.998	
1	405.500	-69.998	
1	405.600	-69.998	
1	405.700	-69.998	
1	405.800	-69.998	
1	405.900	-69.998	
1	406.000	-69.998	
1	406.100	-69.998	
1	406.200	-69.998	
1	406.300	-69.998	
1	406.400	-69.998	
1	406.500	-69.998	
1	406.600	-69.998	
1	406.700	-69.998	
1	406.800	-69.998	
1	406.900	-69.998	
1	407.000	-69.998	
1	407.100	-69.998	
1	407.200	-69.998	
1	407.300	-69.998	
1	407.400	-69.998	
1	407.500	-69.998	
1	407.600	-69.998	
1	407.700	-69.998	
1	407.800	-69.998	
1	407.900	-69.998	
1	408.000	-69.998	
1	408.100	-69.998	
1	408.200	-69.998	
1	408.300	-69.998	
1	408.400	-69.998	
1	408.500	-69.998	
1	408.600	-69.998	
1	408.700	-69.998	
1	408.800	-69.998	
1	408.900	-69.998	
1	409.000	-69.998	
1	409.100	-69.998	
1	409.200	-69.998	
1	409.300	-69.998	
1	409.400	-69.998	
1	409.500	-69.998	
1	409.600	-69.998	
1	409.700	-69.998	
1	409.800	-69.998	
1	409.900	-69.998	
1	410.000	-69.998	
1	410.100	-69.998	
1	410.200	-69.998	
1	410.300	-69.998	
1	410.400	-69.998	
1	410.500	-69.998	
1	410.600	-69.998	
1	410.700	-69.998	
1	410.800	-69.998	
1	410.900	-69.998	
1	411.000	-69.998	
1	411.100	-69.998	
1	411.200	-69.998	
1	411.300	-69.998	
1	411.400	-69.998	
1	411.500	-69.998	
1	411.600	-69.998	
1	411.700	-69.998	
1	411.800	-69.998	
1	411.900	-69.998	
1	412.000	-69.998	
1	412.100	-69.998	
1	412.200	-69.998	
1	412.300	-69.998	
1	412.400	-69.998	
1	412.500	-69.998	
1	412.600	-69.998	
1	412.700	-69.998	
1	412.800	-69.998	
1	412.900	-69.998	
1	413.000	-69.998	
1	413.100	-69.998	
1	413.200	-69.998	
1	413.300	-69.998	
1	413.400	-69.998	
1	413.500	-69.998	
1	413.600	-69.998	
1	413.700	-69.998	
1	413.800	-69.998	
1	413.900	-69.998	
1	414.000	-69.998	
1	414.100	-69.998	
1	414.200	-69.998	
1	414.300	-69.998	
1	414.400	-69.998	
1	414.500	-69.998	
1	414.600	-69.998	
1	414.700	-69.998	
1	414.800	-69.998	
1	414.900	-69.998	
1	415.000	-69.998	
1	415.100	-69.998	
1	415.200	-69.998	
1	415.300	-69.998	
1	415.400	-69.998	
1	415.500	-69.998	
1	415.600	-69.998	
1	415.700	-69.998	
1	415.800	-69.998	
1	415.900	-69.998	
1	416.000	-69.998	
1	416.100	-69.998	
1	416.200	-69.998	
1	416.300	-69.998	
1	416.400	-69.998	
1	416.500	-69.998	
1	416.600	-69.998	
1	416.700	-69.998	
1	416.800	-69.998	
1	416.900	-69.998	
1	417.000	-69.998	
1	417.100	-69.998	
1	417.200	-69.998	
1	417.300	-69.998	
1	417.400	-69.998	
1	417.500	-69.998	
1	417.600	-69.998	
1	417.700	-69.998	
1	417.800	-69.998	
1	417.900	-69.998	
1	418.000	-69.998	
1	418.100	-69.998	
1	418.200	-69.998	
1	418.300	-69.998	
1	418.400	-69.998	
1	418.500	-69.998	
1	418.600	-69.998	
1	418.700	-69.998	
1	418.800	-69.998	
1	418.900	-69.998	
1	419.000	-69.998	
1	419.100	-69.998	
1	419.200	-69.998	
1	419.300	-69.998	
1	419.400	-69.998	
1	419.500	-69.998	
1	419.600	-69.998	
1	419.700	-69.998	
1	419.800	-69.998	
1	419.900	-69.998	
1	420.000	-69.998	
1	420.100	-69.998	
1	420.200	-69.998	
1	420.300	-69.998	
1	420.400	-69.998	
1	420.500	-69.998	
1	420.600	-69.998	
1	420.700	-69.998	
1	420.800	-69.998	
1	420.900	-69.998	
1	421.000	-69.998	
1	421.100	-69.998	
1	421.200	-69.998	
1	421.300	-69.998	
1	421.400	-69.998	
1	421.500	-69.998	
1	421.600	-69.998	
1	421.700	-69.998	
1	421.800	-69.998	
1	421.900	-69.998	
1	422.000	-69.998	
1	422.100	-69.998	
1	422.200	-69.998	
1	422.300	-69.998	
1	422.400	-69.998	
1	422.500	-69.998	
1	422.600	-69.998	
1	422.700	-69.998	
1	422.800	-69.998	
1	422.900	-69.998	
1	423.000	-69.998	
1	423.100	-69.998	
1	423.200	-69.998	
1	423.300	-69.998	
1	423.400	-69.998	
1	423.500	-69.998	
1	423.600	-69.998	
1	423.700	-69.998	
1	423.800	-69.998	
1	423.900	-69.998	
1	424.000	-69.998	
1	424.100	-69.998	
1	424.200	-69.998	
1	424.300	-69.998	
1	424.400	-69.998	
1	424.500	-69.998	
1	424.600	-69.998	
1	424.700	-69.998	
1	424.800	-69.998	
1	424.900	-69.998	
1	425.000	-69.998	
1	425.100	-69.998	
1	425.200	-69.998	
1	425.300	-69.998	
1	425.400	-69.998	
1	425.500	-69.998	
1	425.600	-69.998	
1	425.700	-69.998	
1	425.800	-69.998	
1	425.900	-69.998	
1	426.000	-69.998	
1	426.100	-69.998	
1	426.200	-69.998	
1	426.300	-69.998	
1	426.400	-69.998	
1	426.500	-69.998	
1	426.600	-69.998	
1	426.700	-69.998	
1	426.800	-69.998	
1	426.900	-69.998	
1	427.000	-69.998	
1	427.100	-69.998	
1	427.200	-69.998	
1	427.300	-69.998	
1	427.400	-69.998	
1	427.500	-69.998	
1	427.600	-69.998	
1	427.700	-69.998	
1	427.800	-69.998	
1	427.900	-69.998	
1	428.000	-69.998	
1	428.100	-69.998	
1	428.200	-69.998	
1	428.300	-69.998	
1	428.400	-69.998	
1	428.500	-69.998	
1	428.600	-69.998	
1	428.700	-69.998	
1	428.800	-69.998	
1	428.900	-69.998	
1	429.000	-69.998	
1	429.100	-69.998	
1	429.200	-69.998	
1	429.300	-69.998	
1	429.400	-69.998	
1	429.500	-69.998	
1	429.600	-69.998	
1	429.700	-69.998	
1	429.800	-69.998	
1	429.900	-69.998	
1	430.000	-69.998	
1	430.100	-69.998	
1	430.200	-69.998	
1	430.300	-69.998	
1	430.400	-69.998	
1	430.500	-69.998	
1	430.600	-69.998	
1	430.700	-69.998	
1	430.800	-69.998	
1	430.900	-69.998	
1	431.000	-69.998	
1	431.100	-69.998	
1	431.200	-69.998	
1	431.300	-69.998	
1	431.400	-69.998	
1	431.500	-69.998	
1	431.600	-69.998	
1	431.700	-69.998	
1	431.800	-69.998	
1	431.900	-69.998	
1	432.000	-69.998	
1	432.100	-69.998	
1	432.200	-69.998	
1	432.300	-69.998	
1	432.400	-69.998	
1	432.500	-69.998	
1	432.600	-69.998	
1	432.700	-69.998	
1	432.800	-69.998	
1	432.900	-69.998	
1	433.000	-69.998	
1	433.100	-69.998	
1	433.200	-69.998	
1	433.300	-69.998	
1	433.400	-69.998	
1	433.500	-69.998	
1	433.600	-69.998	
1	433.700	-69.998	
1	433.800	-69.998	
1	433.900	-69.998	
1	434.000	-69.998	
1	434.100	-69.998	
1	434.200	-69.998	
1	434.300	-69.998	
1	434.400	-69.998	
1	434.500	-69.998	
1	434.600	-69.998	
1	434.700	-69.998	
1	434.800	-69.998	
1	434.900	-69.998	
1	435.000	-69.998	
1	435.100	-69.998	
1	435.200	-69.998	
1	435.300	-69.998	
1	435.400	-69.998	
1	435.500	-69.998	
1	435.600	-69.998	
1	435.700	-69.998	
1	435.800	-69.998	
1	435.900	-69.998	
1	436.000	-69.998	
1	436.100	-69.998	
1	436.200	-69.998	
1	436.300	-69.998	
1	436.400	-69.998	
1	436.500	-69.998	
1	436.600	-69.998	
1	436.700	-69.998	
1	436.800	-69.998	
1	436.900	-69.998	
1	437.000	-69.998	
1	437.100	-69.998	
1	437.200	-69.998	
1	437.300	-69.998	
1	437.400	-69.998	
1	437.500	-69.998	
1	437.600	-69.998	
1	437.700	-69.998	
1	437.800	-69.998	
1	437.900	-69.998	
1	438.000	-69.998	
1	438.100	-69.998	
1	438.200	-69.998	
1	438.300	-69.998	
1	438.400	-69.998	
1	438.500	-69.998	
1	438.600	-69.998	
1	438.700	-69.998	
1	438.800	-69.998	
1	438.900	-69.998	
1	439.000	-69.998	
1	439.100	-69.998	
1	439.200	-69.998	
1	439.300	-69.998	
1	439.400	-69.998	
1	439.500	-69.998	
1	439.600	-69.998	
1	439.700	-69.998	
1	439.800	-69.998	
1	439.900	-69.998	
1	440.000	-69.998	
1	440.100	-69.998	
1	440.200	-69.998	
1	440.300	-69.998	
1	440.400	-69.998	
1	440.500	-69.998	
1	440.600	-69.998	
1	440.700	-69.998	
1	440.800	-69.998	
1	440.900	-69.998	
1	441.000	-69.998	
1	441.100	-69.998	
1	441.200	-69.998	
1	441.300	-69.998	
1	441.400	-69.998	
1	441.500	-69.998	
1	441.600	-69.998	
1	441.700	-69.998	
1	441.800	-69.998	
1	441.900	-69.998	
1	442.000	-69.998	
1	442.100	-69.998	
1	442.200	-69.998	
1	442.300	-69.998	
1	442.400	-69.998	
1	442.500	-69.998	
1	442.600	-69.998	
1	442.700	-69.998	
1	442.800	-69.998	
1	442.900	-69.998	
1	443.000	-69.998	
1	443.100	-69.998	
1	443.200	-69.998	
1	443.300	-69.998	
1	443.400	-69.998	
1	443.500	-69.998	
1	443.600	-69.998	
1	443.700	-69.998	
1	443.800	-69.998	
1	443.900	-69.998	
1	444.000	-69.998	
1	444.100	-69.998	
1	444.200	-69.998	
1	444.300	-69.998	
1	444.400	-69.998	
1	444.500	-69.998	
1	444.600	-69.998	
1	444.700	-69.998	
1	444.800	-69.998	
1	444.900	-69.998	
1	445.000	-69.998	
1	445.100	-69.998	
1	445.200	-69.998	
1	445.300	-69.998	
1	445.400	-69.998	
1	445.500	-69.998	
1	445.600	-69.998	
1	445.700	-69.998	
1	445.800	-69.998	
1	445.900	-69.998	
1	446.000	-69.998	
1	446.100	-69.998	
1	446.200	-69.998	
1	446.300	-69.998	
1	446.400	-69.998	
1	446.500	-69.998	
1	446.600	-69.998	
1	446.700	-69.998	
1	446.800	-69.998	
1	446.900	-69.998	
1	447.000	-69.998	
1	447.100	-69.998	
1	447.200	-69.998	
1	447.300	-69.998	
1	447.400	-69.998	
1	447.500	-69.998	
1	447.600	-69.998	
1	447.700	-69.998	
1	447.800	-69.998	
1	447.900	-69.998	
1	448.000	-69.998	
1	448.100	-69.998	
1	448.200	-69.998	
1	448.300	-69.998	
1	448.400	-69.998	
1	448.500	-69.998	
1	448.600	-69.998	
1	448.700	-69.998	
1	448.800	-69.998	
1	448.900	-69.998	
1	449.000	-69.998	
