30	0.100	-70.000	
30	0.200	-70.000	
30	0.300	-70.000	
30	0.400	-70.000	
30	0.500	-70.000	
30	0.600	-70.000	
30	0.700	-70.000	
30	0.800	-70.000	
30	0.900	-70.000	
30	1.000	-70.000	
30	1.100	-70.000	
30	1.200	-70.000	
30	1.300	-70.000	
30	1.400	-70.000	
30	1.500	-70.000	
30	1.600	-70.000	
30	1.700	-70.000	
30	1.800	-69.999	
30	1.900	-69.999	
30	2.000	-69.999	
30	2.100	-69.999	
30	2.200	-69.999	
30	2.300	-69.999	
30	2.400	-69.999	
30	2.500	-69.999	
30	2.600	-69.999	
30	2.700	-69.999	
30	2.800	-69.999	
30	2.900	-69.999	
30	3.000	-69.999	
30	3.100	-69.999	
30	3.200	-69.999	
30	3.300	-69.999	
30	3.400	-69.999	
30	3.500	-69.999	
30	3.600	-69.999	
30	3.700	-69.999	
30	3.800	-69.999	
30	3.900	-69.999	
30	4.000	-69.999	
30	4.100	-69.999	
30	4.200	-69.999	
30	4.300	-69.999	
30	4.400	-69.999	
30	4.500	-69.999	
30	4.600	-69.999	
30	4.700	-69.999	
30	4.800	-69.999	
30	4.900	-69.999	
30	5.000	-69.999	
30	5.100	-69.999	
30	5.200	-69.999	
30	5.300	-69.999	
30	5.400	-69.999	
30	5.500	-69.999	
30	5.600	-69.999	
30	5.700	-69.999	
30	5.800	-69.999	
30	5.900	-69.999	
30	6.000	-69.999	
30	6.100	-69.999	
30	6.200	-69.999	
30	6.300	-69.999	
30	6.400	-69.999	
30	6.500	-69.999	
30	6.600	-69.999	
30	6.700	-69.999	
30	6.800	-69.999	
30	6.900	-69.999	
30	7.000	-69.999	
30	7.100	-69.999	
30	7.200	-69.999	
30	7.300	-69.999	
30	7.400	-69.999	
30	7.500	-69.999	
30	7.600	-69.999	
30	7.700	-69.999	
30	7.800	-69.999	
30	7.900	-69.999	
30	8.000	-69.999	
30	8.100	-69.999	
30	8.200	-69.999	
30	8.300	-69.999	
30	8.400	-69.999	
30	8.500	-69.999	
30	8.600	-69.999	
30	8.700	-69.999	
30	8.800	-69.999	
30	8.900	-69.999	
30	9.000	-69.999	
30	9.100	-69.999	
30	9.200	-69.999	
30	9.300	-69.999	
30	9.400	-69.999	
30	9.500	-69.999	
30	9.600	-69.999	
30	9.700	-69.999	
30	9.800	-69.999	
30	9.900	-69.998	
30	10.000	-69.998	
30	10.100	-69.998	
30	10.200	-69.998	
30	10.300	-69.998	
30	10.400	-69.998	
30	10.500	-69.998	
30	10.600	-69.998	
30	10.700	-69.998	
30	10.800	-69.998	
30	10.900	-69.998	
30	11.000	-69.998	
30	11.100	-69.998	
30	11.200	-69.998	
30	11.300	-69.998	
30	11.400	-69.998	
30	11.500	-69.998	
30	11.600	-69.998	
30	11.700	-69.998	
30	11.800	-69.998	
30	11.900	-69.998	
30	12.000	-69.998	
30	12.100	-69.998	
30	12.200	-69.998	
30	12.300	-69.998	
30	12.400	-69.998	
30	12.500	-69.998	
30	12.600	-69.998	
30	12.700	-69.998	
30	12.800	-69.998	
30	12.900	-69.998	
30	13.000	-69.998	
30	13.100	-69.998	
30	13.200	-69.998	
30	13.300	-69.998	
30	13.400	-69.998	
30	13.500	-69.998	
30	13.600	-69.998	
30	13.700	-69.998	
30	13.800	-69.998	
30	13.900	-69.998	
30	14.000	-69.998	
30	14.100	-69.998	
30	14.200	-69.998	
30	14.300	-69.998	
30	14.400	-69.998	
30	14.500	-69.998	
30	14.600	-69.998	
30	14.700	-69.998	
30	14.800	-69.998	
30	14.900	-69.998	
30	15.000	-69.998	
30	15.100	-69.998	
30	15.200	-69.998	
30	15.300	-69.998	
30	15.400	-69.998	
30	15.500	-69.998	
30	15.600	-69.998	
30	15.700	-69.998	
30	15.800	-69.998	
30	15.900	-69.998	
30	16.000	-69.998	
30	16.100	-69.998	
30	16.200	-69.998	
30	16.300	-69.998	
30	16.400	-69.998	
30	16.500	-69.998	
30	16.600	-69.998	
30	16.700	-69.998	
30	16.800	-69.998	
30	16.900	-69.998	
30	17.000	-69.998	
30	17.100	-69.998	
30	17.200	-69.998	
30	17.300	-69.998	
30	17.400	-69.998	
30	17.500	-69.998	
30	17.600	-69.998	
30	17.700	-69.998	
30	17.800	-69.998	
30	17.900	-69.998	
30	18.000	-69.998	
30	18.100	-69.998	
30	18.200	-69.998	
30	18.300	-69.998	
30	18.400	-69.998	
30	18.500	-69.998	
30	18.600	-69.998	
30	18.700	-69.998	
30	18.800	-69.998	
30	18.900	-69.998	
30	19.000	-69.998	
30	19.100	-69.998	
30	19.200	-69.998	
30	19.300	-69.998	
30	19.400	-69.998	
30	19.500	-69.998	
30	19.600	-69.998	
30	19.700	-69.998	
30	19.800	-69.998	
30	19.900	-69.998	
30	20.000	-69.998	
30	20.100	-69.998	
30	20.200	-69.998	
30	20.300	-69.998	
30	20.400	-69.998	
30	20.500	-69.998	
30	20.600	-69.998	
30	20.700	-69.998	
30	20.800	-69.998	
30	20.900	-69.998	
30	21.000	-69.998	
30	21.100	-69.998	
30	21.200	-69.998	
30	21.300	-69.998	
30	21.400	-69.998	
30	21.500	-69.998	
30	21.600	-69.998	
30	21.700	-69.998	
30	21.800	-69.998	
30	21.900	-69.998	
30	22.000	-69.998	
30	22.100	-69.998	
30	22.200	-69.998	
30	22.300	-69.998	
30	22.400	-69.998	
30	22.500	-69.998	
30	22.600	-69.998	
30	22.700	-69.998	
30	22.800	-69.998	
30	22.900	-69.998	
30	23.000	-69.998	
30	23.100	-69.998	
30	23.200	-69.998	
30	23.300	-69.998	
30	23.400	-69.998	
30	23.500	-69.998	
30	23.600	-69.998	
30	23.700	-69.998	
30	23.800	-69.998	
30	23.900	-69.998	
30	24.000	-69.998	
30	24.100	-69.998	
30	24.200	-69.998	
30	24.300	-69.998	
30	24.400	-69.998	
30	24.500	-69.998	
30	24.600	-69.998	
30	24.700	-69.998	
30	24.800	-69.998	
30	24.900	-69.998	
30	25.000	-69.998	
30	25.100	-69.998	
30	25.200	-69.998	
30	25.300	-69.998	
30	25.400	-69.998	
30	25.500	-69.998	
30	25.600	-69.998	
30	25.700	-69.998	
30	25.800	-69.998	
30	25.900	-69.998	
30	26.000	-69.998	
30	26.100	-69.998	
30	26.200	-69.998	
30	26.300	-69.998	
30	26.400	-69.998	
30	26.500	-69.998	
30	26.600	-69.998	
30	26.700	-69.998	
30	26.800	-69.998	
30	26.900	-69.998	
30	27.000	-69.998	
30	27.100	-69.998	
30	27.200	-69.998	
30	27.300	-69.998	
30	27.400	-69.998	
30	27.500	-69.998	
30	27.600	-69.998	
30	27.700	-69.998	
30	27.800	-69.998	
30	27.900	-69.998	
30	28.000	-69.998	
30	28.100	-69.998	
30	28.200	-69.998	
30	28.300	-69.998	
30	28.400	-69.998	
30	28.500	-69.998	
30	28.600	-69.998	
30	28.700	-69.998	
30	28.800	-69.998	
30	28.900	-69.998	
30	29.000	-69.998	
30	29.100	-69.998	
30	29.200	-69.998	
30	29.300	-69.998	
30	29.400	-69.998	
30	29.500	-69.998	
30	29.600	-69.998	
30	29.700	-69.998	
30	29.800	-69.998	
30	29.900	-69.998	
30	30.000	-69.998	
30	30.100	-69.998	
30	30.200	-69.998	
30	30.300	-69.998	
30	30.400	-69.998	
30	30.500	-69.998	
30	30.600	-69.998	
30	30.700	-69.998	
30	30.800	-69.998	
30	30.900	-69.998	
30	31.000	-69.998	
30	31.100	-69.998	
30	31.200	-69.998	
30	31.300	-69.998	
30	31.400	-69.998	
30	31.500	-69.998	
30	31.600	-69.998	
30	31.700	-69.998	
30	31.800	-69.998	
30	31.900	-69.998	
30	32.000	-69.998	
30	32.100	-69.998	
30	32.200	-69.998	
30	32.300	-69.998	
30	32.400	-69.998	
30	32.500	-69.998	
30	32.600	-69.998	
30	32.700	-69.998	
30	32.800	-69.998	
30	32.900	-69.998	
30	33.000	-69.998	
30	33.100	-69.998	
30	33.200	-69.998	
30	33.300	-69.998	
30	33.400	-69.998	
30	33.500	-69.998	
30	33.600	-69.998	
30	33.700	-69.998	
30	33.800	-69.998	
30	33.900	-69.998	
30	34.000	-69.998	
30	34.100	-69.998	
30	34.200	-69.998	
30	34.300	-69.998	
30	34.400	-69.998	
30	34.500	-69.998	
30	34.600	-69.998	
30	34.700	-69.998	
30	34.800	-69.998	
30	34.900	-69.998	
30	35.000	-69.998	
30	35.100	-69.998	
30	35.200	-69.998	
30	35.300	-69.998	
30	35.400	-69.998	
30	35.500	-69.998	
30	35.600	-69.998	
30	35.700	-69.998	
30	35.800	-69.998	
30	35.900	-69.998	
30	36.000	-69.998	
30	36.100	-69.998	
30	36.200	-69.998	
30	36.300	-69.998	
30	36.400	-69.998	
30	36.500	-69.998	
30	36.600	-69.998	
30	36.700	-69.998	
30	36.800	-69.998	
30	36.900	-69.998	
30	37.000	-69.998	
30	37.100	-69.998	
30	37.200	-69.998	
30	37.300	-69.998	
30	37.400	-69.998	
30	37.500	-69.998	
30	37.600	-69.998	
30	37.700	-69.998	
30	37.800	-69.998	
30	37.900	-69.998	
30	38.000	-69.998	
30	38.100	-69.998	
30	38.200	-69.998	
30	38.300	-69.998	
30	38.400	-69.998	
30	38.500	-69.998	
30	38.600	-69.998	
30	38.700	-69.998	
30	38.800	-69.998	
30	38.900	-69.998	
30	39.000	-69.998	
30	39.100	-69.998	
30	39.200	-69.998	
30	39.300	-69.998	
30	39.400	-69.998	
30	39.500	-69.998	
30	39.600	-69.998	
30	39.700	-69.998	
30	39.800	-69.998	
30	39.900	-69.998	
30	40.000	-69.998	
30	40.100	-69.998	
30	40.200	-69.998	
30	40.300	-69.998	
30	40.400	-69.998	
30	40.500	-69.998	
30	40.600	-69.998	
30	40.700	-69.998	
30	40.800	-69.998	
30	40.900	-69.998	
30	41.000	-69.998	
30	41.100	-69.998	
30	41.200	-69.998	
30	41.300	-69.998	
30	41.400	-69.998	
30	41.500	-69.998	
30	41.600	-69.998	
30	41.700	-69.998	
30	41.800	-69.998	
30	41.900	-69.998	
30	42.000	-69.998	
30	42.100	-69.998	
30	42.200	-69.998	
30	42.300	-69.998	
30	42.400	-69.998	
30	42.500	-69.998	
30	42.600	-69.998	
30	42.700	-69.998	
30	42.800	-69.998	
30	42.900	-69.998	
30	43.000	-69.998	
30	43.100	-69.998	
30	43.200	-69.998	
30	43.300	-69.998	
30	43.400	-69.998	
30	43.500	-69.998	
30	43.600	-69.998	
30	43.700	-69.998	
30	43.800	-69.998	
30	43.900	-69.998	
30	44.000	-69.998	
30	44.100	-69.998	
30	44.200	-69.998	
30	44.300	-69.998	
30	44.400	-69.998	
30	44.500	-69.998	
30	44.600	-69.998	
30	44.700	-69.998	
30	44.800	-69.998	
30	44.900	-69.998	
30	45.000	-69.998	
30	45.100	-69.998	
30	45.200	-69.998	
30	45.300	-69.998	
30	45.400	-69.998	
30	45.500	-69.998	
30	45.600	-69.998	
30	45.700	-69.998	
30	45.800	-69.998	
30	45.900	-69.998	
30	46.000	-69.998	
30	46.100	-69.998	
30	46.200	-69.998	
30	46.300	-69.998	
30	46.400	-69.998	
30	46.500	-69.998	
30	46.600	-69.998	
30	46.700	-69.998	
30	46.800	-69.998	
30	46.900	-69.998	
30	47.000	-69.998	
30	47.100	-69.998	
30	47.200	-69.998	
30	47.300	-69.998	
30	47.400	-69.998	
30	47.500	-69.998	
30	47.600	-69.998	
30	47.700	-69.998	
30	47.800	-69.998	
30	47.900	-69.998	
30	48.000	-69.998	
30	48.100	-69.998	
30	48.200	-69.998	
30	48.300	-69.998	
30	48.400	-69.998	
30	48.500	-69.998	
30	48.600	-69.998	
30	48.700	-69.998	
30	48.800	-69.998	
30	48.900	-69.998	
30	49.000	-69.998	
30	49.100	-69.998	
30	49.200	-69.998	
30	49.300	-69.998	
30	49.400	-69.998	
30	49.500	-69.998	
30	49.600	-69.998	
30	49.700	-69.998	
30	49.800	-69.998	
30	49.900	-69.998	
30	50.000	-69.998	
30	50.100	-69.998	
30	50.200	-69.998	
30	50.300	-69.998	
30	50.400	-69.998	
30	50.500	-69.998	
30	50.600	-69.998	
30	50.700	-69.998	
30	50.800	-69.998	
30	50.900	-69.998	
30	51.000	-69.998	
30	51.100	-69.998	
30	51.200	-69.998	
30	51.300	-69.998	
30	51.400	-69.998	
30	51.500	-69.998	
30	51.600	-69.998	
30	51.700	-69.998	
30	51.800	-69.998	
30	51.900	-69.998	
30	52.000	-69.998	
30	52.100	-69.998	
30	52.200	-69.998	
30	52.300	-69.998	
30	52.400	-69.998	
30	52.500	-69.998	
30	52.600	-69.998	
30	52.700	-69.998	
30	52.800	-69.998	
30	52.900	-69.998	
30	53.000	-69.998	
30	53.100	-69.998	
30	53.200	-69.998	
30	53.300	-69.998	
30	53.400	-69.998	
30	53.500	-69.998	
30	53.600	-69.998	
30	53.700	-69.998	
30	53.800	-69.998	
30	53.900	-69.998	
30	54.000	-69.998	
30	54.100	-69.998	
30	54.200	-69.998	
30	54.300	-69.998	
30	54.400	-69.998	
30	54.500	-69.998	
30	54.600	-69.998	
30	54.700	-69.998	
30	54.800	-69.998	
30	54.900	-69.998	
30	55.000	-69.998	
30	55.100	-69.998	
30	55.200	-69.998	
30	55.300	-69.998	
30	55.400	-69.998	
30	55.500	-69.998	
30	55.600	-69.998	
30	55.700	-69.998	
30	55.800	-69.998	
30	55.900	-69.998	
30	56.000	-69.998	
30	56.100	-69.998	
30	56.200	-69.998	
30	56.300	-69.998	
30	56.400	-69.998	
30	56.500	-69.998	
30	56.600	-69.998	
30	56.700	-69.998	
30	56.800	-69.998	
30	56.900	-69.998	
30	57.000	-69.998	
30	57.100	-69.998	
30	57.200	-69.998	
30	57.300	-69.998	
30	57.400	-69.998	
30	57.500	-69.998	
30	57.600	-69.998	
30	57.700	-69.998	
30	57.800	-69.998	
30	57.900	-69.998	
30	58.000	-69.998	
30	58.100	-69.998	
30	58.200	-69.998	
30	58.300	-69.998	
30	58.400	-69.998	
30	58.500	-69.998	
30	58.600	-69.998	
30	58.700	-69.998	
30	58.800	-69.998	
30	58.900	-69.998	
30	59.000	-69.998	
30	59.100	-69.998	
30	59.200	-69.998	
30	59.300	-69.998	
30	59.400	-69.998	
30	59.500	-69.998	
30	59.600	-69.998	
30	59.700	-69.998	
30	59.800	-69.998	
30	59.900	-69.998	
30	60.000	-69.998	
30	60.100	-69.998	
30	60.200	-69.998	
30	60.300	-69.998	
30	60.400	-69.998	
30	60.500	-69.998	
30	60.600	-69.998	
30	60.700	-69.998	
30	60.800	-69.998	
30	60.900	-69.998	
30	61.000	-69.998	
30	61.100	-69.998	
30	61.200	-69.998	
30	61.300	-69.998	
30	61.400	-69.998	
30	61.500	-69.998	
30	61.600	-69.998	
30	61.700	-69.998	
30	61.800	-69.998	
30	61.900	-69.998	
30	62.000	-69.998	
30	62.100	-69.998	
30	62.200	-69.998	
30	62.300	-69.998	
30	62.400	-69.998	
30	62.500	-69.998	
30	62.600	-69.998	
30	62.700	-69.998	
30	62.800	-69.998	
30	62.900	-69.998	
30	63.000	-69.998	
30	63.100	-69.998	
30	63.200	-69.998	
30	63.300	-69.998	
30	63.400	-69.998	
30	63.500	-69.998	
30	63.600	-69.998	
30	63.700	-69.998	
30	63.800	-69.998	
30	63.900	-69.998	
30	64.000	-69.998	
30	64.100	-69.998	
30	64.200	-69.998	
30	64.300	-69.998	
30	64.400	-69.998	
30	64.500	-69.998	
30	64.600	-69.998	
30	64.700	-69.998	
30	64.800	-69.998	
30	64.900	-69.998	
30	65.000	-69.998	
30	65.100	-69.998	
30	65.200	-69.998	
30	65.300	-69.998	
30	65.400	-69.998	
30	65.500	-69.998	
30	65.600	-69.998	
30	65.700	-69.998	
30	65.800	-69.998	
30	65.900	-69.998	
30	66.000	-69.998	
30	66.100	-69.998	
30	66.200	-69.998	
30	66.300	-69.998	
30	66.400	-69.998	
30	66.500	-69.998	
30	66.600	-69.998	
30	66.700	-69.998	
30	66.800	-69.998	
30	66.900	-69.998	
30	67.000	-69.998	
30	67.100	-69.998	
30	67.200	-69.998	
30	67.300	-69.998	
30	67.400	-69.998	
30	67.500	-69.998	
30	67.600	-69.998	
30	67.700	-69.998	
30	67.800	-69.998	
30	67.900	-69.998	
30	68.000	-69.998	
30	68.100	-69.998	
30	68.200	-69.998	
30	68.300	-69.998	
30	68.400	-69.998	
30	68.500	-69.998	
30	68.600	-69.998	
30	68.700	-69.998	
30	68.800	-69.998	
30	68.900	-69.998	
30	69.000	-69.998	
30	69.100	-69.998	
30	69.200	-69.998	
30	69.300	-69.998	
30	69.400	-69.998	
30	69.500	-69.998	
30	69.600	-69.998	
30	69.700	-69.998	
30	69.800	-69.998	
30	69.900	-69.998	
30	70.000	-69.998	
30	70.100	-69.998	
30	70.200	-69.998	
30	70.300	-69.998	
30	70.400	-69.998	
30	70.500	-69.998	
30	70.600	-69.998	
30	70.700	-69.998	
30	70.800	-69.998	
30	70.900	-69.998	
30	71.000	-69.998	
30	71.100	-69.998	
30	71.200	-69.998	
30	71.300	-69.998	
30	71.400	-69.998	
30	71.500	-69.998	
30	71.600	-69.998	
30	71.700	-69.998	
30	71.800	-69.998	
30	71.900	-69.998	
30	72.000	-69.998	
30	72.100	-69.998	
30	72.200	-69.998	
30	72.300	-69.998	
30	72.400	-69.998	
30	72.500	-69.998	
30	72.600	-69.998	
30	72.700	-69.998	
30	72.800	-69.998	
30	72.900	-69.998	
30	73.000	-69.998	
30	73.100	-69.998	
30	73.200	-69.998	
30	73.300	-69.998	
30	73.400	-69.998	
30	73.500	-69.998	
30	73.600	-69.998	
30	73.700	-69.998	
30	73.800	-69.998	
30	73.900	-69.998	
30	74.000	-69.998	
30	74.100	-69.998	
30	74.200	-69.998	
30	74.300	-69.998	
30	74.400	-69.998	
30	74.500	-69.998	
30	74.600	-69.998	
30	74.700	-69.998	
30	74.800	-69.998	
30	74.900	-69.998	
30	75.000	-69.998	
30	75.100	-69.998	
30	75.200	-69.998	
30	75.300	-69.998	
30	75.400	-69.998	
30	75.500	-69.998	
30	75.600	-69.998	
30	75.700	-69.998	
30	75.800	-69.998	
30	75.900	-69.998	
30	76.000	-69.998	
30	76.100	-69.998	
30	76.200	-69.998	
30	76.300	-69.998	
30	76.400	-69.998	
30	76.500	-69.998	
30	76.600	-69.998	
30	76.700	-69.998	
30	76.800	-69.998	
30	76.900	-69.998	
30	77.000	-69.998	
30	77.100	-69.998	
30	77.200	-69.998	
30	77.300	-69.998	
30	77.400	-69.998	
30	77.500	-69.998	
30	77.600	-69.998	
30	77.700	-69.998	
30	77.800	-69.998	
30	77.900	-69.998	
30	78.000	-69.998	
30	78.100	-69.998	
30	78.200	-69.998	
30	78.300	-69.998	
30	78.400	-69.998	
30	78.500	-69.998	
30	78.600	-69.998	
30	78.700	-69.998	
30	78.800	-69.998	
30	78.900	-69.998	
30	79.000	-69.998	
30	79.100	-69.998	
30	79.200	-69.998	
30	79.300	-69.998	
30	79.400	-69.998	
30	79.500	-69.998	
30	79.600	-69.998	
30	79.700	-69.998	
30	79.800	-69.998	
30	79.900	-69.998	
30	80.000	-69.998	
30	80.100	-69.998	
30	80.200	-69.998	
30	80.300	-69.998	
30	80.400	-69.998	
30	80.500	-69.998	
30	80.600	-69.998	
30	80.700	-69.998	
30	80.800	-69.998	
30	80.900	-69.998	
30	81.000	-69.998	
30	81.100	-69.998	
30	81.200	-69.998	
30	81.300	-69.998	
30	81.400	-69.998	
30	81.500	-69.998	
30	81.600	-69.998	
30	81.700	-69.998	
30	81.800	-69.998	
30	81.900	-69.998	
30	82.000	-69.998	
30	82.100	-69.998	
30	82.200	-69.998	
30	82.300	-69.998	
30	82.400	-69.998	
30	82.500	-69.998	
30	82.600	-69.998	
30	82.700	-69.998	
30	82.800	-69.998	
30	82.900	-69.998	
30	83.000	-69.998	
30	83.100	-69.998	
30	83.200	-69.998	
30	83.300	-69.998	
30	83.400	-69.998	
30	83.500	-69.998	
30	83.600	-69.998	
30	83.700	-69.998	
30	83.800	-69.998	
30	83.900	-69.998	
30	84.000	-69.998	
30	84.100	-69.998	
30	84.200	-69.998	
30	84.300	-69.998	
30	84.400	-69.998	
30	84.500	-69.998	
30	84.600	-69.998	
30	84.700	-69.998	
30	84.800	-69.998	
30	84.900	-69.998	
30	85.000	-69.998	
30	85.100	-69.998	
30	85.200	-69.998	
30	85.300	-69.998	
30	85.400	-69.998	
30	85.500	-69.998	
30	85.600	-69.998	
30	85.700	-69.998	
30	85.800	-69.998	
30	85.900	-69.998	
30	86.000	-69.998	
30	86.100	-69.998	
30	86.200	-69.998	
30	86.300	-69.998	
30	86.400	-69.998	
30	86.500	-69.998	
30	86.600	-69.998	
30	86.700	-69.998	
30	86.800	-69.998	
30	86.900	-69.998	
30	87.000	-69.998	
30	87.100	-69.998	
30	87.200	-69.998	
30	87.300	-69.998	
30	87.400	-69.998	
30	87.500	-69.998	
30	87.600	-69.998	
30	87.700	-69.998	
30	87.800	-69.998	
30	87.900	-69.998	
30	88.000	-69.998	
30	88.100	-69.998	
30	88.200	-69.998	
30	88.300	-69.998	
30	88.400	-69.998	
30	88.500	-69.998	
30	88.600	-69.998	
30	88.700	-69.998	
30	88.800	-69.998	
30	88.900	-69.998	
30	89.000	-69.998	
30	89.100	-69.998	
30	89.200	-69.998	
30	89.300	-69.998	
30	89.400	-69.998	
30	89.500	-69.998	
30	89.600	-69.998	
30	89.700	-69.998	
30	89.800	-69.998	
30	89.900	-69.998	
30	90.000	-69.998	
30	90.100	-69.998	
30	90.200	-69.998	
30	90.300	-69.998	
30	90.400	-69.998	
30	90.500	-69.998	
30	90.600	-69.998	
30	90.700	-69.998	
30	90.800	-69.998	
30	90.900	-69.998	
30	91.000	-69.998	
30	91.100	-69.998	
30	91.200	-69.998	
30	91.300	-69.998	
30	91.400	-69.998	
30	91.500	-69.998	
30	91.600	-69.998	
30	91.700	-69.998	
30	91.800	-69.998	
30	91.900	-69.998	
30	92.000	-69.998	
30	92.100	-69.998	
30	92.200	-69.998	
30	92.300	-69.998	
30	92.400	-69.998	
30	92.500	-69.998	
30	92.600	-69.998	
30	92.700	-69.998	
30	92.800	-69.998	
30	92.900	-69.998	
30	93.000	-69.998	
30	93.100	-69.998	
30	93.200	-69.998	
30	93.300	-69.998	
30	93.400	-69.998	
30	93.500	-69.998	
30	93.600	-69.998	
30	93.700	-69.998	
30	93.800	-69.998	
30	93.900	-69.998	
30	94.000	-69.998	
30	94.100	-69.998	
30	94.200	-69.998	
30	94.300	-69.998	
30	94.400	-69.998	
30	94.500	-69.998	
30	94.600	-69.998	
30	94.700	-69.998	
30	94.800	-69.998	
30	94.900	-69.998	
30	95.000	-69.998	
30	95.100	-69.998	
30	95.200	-69.998	
30	95.300	-69.998	
30	95.400	-69.998	
30	95.500	-69.998	
30	95.600	-69.998	
30	95.700	-69.998	
30	95.800	-69.998	
30	95.900	-69.998	
30	96.000	-69.998	
30	96.100	-69.998	
30	96.200	-69.998	
30	96.300	-69.998	
30	96.400	-69.998	
30	96.500	-69.998	
30	96.600	-69.998	
30	96.700	-69.998	
30	96.800	-69.998	
30	96.900	-69.998	
30	97.000	-69.998	
30	97.100	-69.998	
30	97.200	-69.998	
30	97.300	-69.998	
30	97.400	-69.998	
30	97.500	-69.998	
30	97.600	-69.998	
30	97.700	-69.998	
30	97.800	-69.998	
30	97.900	-69.998	
30	98.000	-69.998	
30	98.100	-69.998	
30	98.200	-69.998	
30	98.300	-69.998	
30	98.400	-69.998	
30	98.500	-69.998	
30	98.600	-69.998	
30	98.700	-69.998	
30	98.800	-69.998	
30	98.900	-69.998	
30	99.000	-69.998	
30	99.100	-69.998	
30	99.200	-69.998	
30	99.300	-69.998	
30	99.400	-69.998	
30	99.500	-69.998	
30	99.600	-69.998	
30	99.700	-69.998	
30	99.800	-69.998	
30	99.900	-69.998	
30	100.000	-69.998	
30	100.100	-69.998	
30	100.200	-69.998	
30	100.300	-69.998	
30	100.400	-69.998	
30	100.500	-69.998	
30	100.600	-69.998	
30	100.700	-69.998	
30	100.800	-69.998	
30	100.900	-69.998	
30	101.000	-69.998	
30	101.100	-69.998	
30	101.200	-69.998	
30	101.300	-69.998	
30	101.400	-69.998	
30	101.500	-69.998	
30	101.600	-69.998	
30	101.700	-69.998	
30	101.800	-69.998	
30	101.900	-69.998	
30	102.000	-69.998	
30	102.100	-69.998	
30	102.200	-69.998	
30	102.300	-69.998	
30	102.400	-69.998	
30	102.500	-69.998	
30	102.600	-69.998	
30	102.700	-69.998	
30	102.800	-69.998	
30	102.900	-69.998	
30	103.000	-69.998	
30	103.100	-69.998	
30	103.200	-69.998	
30	103.300	-69.998	
30	103.400	-69.998	
30	103.500	-69.998	
30	103.600	-69.998	
30	103.700	-69.998	
30	103.800	-69.998	
30	103.900	-69.998	
30	104.000	-69.998	
30	104.100	-69.998	
30	104.200	-69.998	
30	104.300	-69.998	
30	104.400	-69.998	
30	104.500	-69.998	
30	104.600	-69.998	
30	104.700	-69.998	
30	104.800	-69.998	
30	104.900	-69.998	
30	105.000	-69.998	
30	105.100	-69.998	
30	105.200	-69.998	
30	105.300	-69.998	
30	105.400	-69.998	
30	105.500	-69.998	
30	105.600	-69.998	
30	105.700	-69.998	
30	105.800	-69.998	
30	105.900	-69.998	
30	106.000	-69.998	
30	106.100	-69.998	
30	106.200	-69.998	
30	106.300	-69.998	
30	106.400	-69.998	
30	106.500	-69.998	
30	106.600	-69.998	
30	106.700	-69.998	
30	106.800	-69.998	
30	106.900	-69.998	
30	107.000	-69.998	
30	107.100	-69.998	
30	107.200	-69.998	
30	107.300	-69.998	
30	107.400	-69.998	
30	107.500	-69.998	
30	107.600	-69.998	
30	107.700	-69.998	
30	107.800	-69.998	
30	107.900	-69.998	
30	108.000	-69.998	
30	108.100	-69.998	
30	108.200	-69.998	
30	108.300	-69.998	
30	108.400	-69.998	
30	108.500	-69.998	
30	108.600	-69.998	
30	108.700	-69.998	
30	108.800	-69.998	
30	108.900	-69.998	
30	109.000	-69.998	
30	109.100	-69.998	
30	109.200	-69.998	
30	109.300	-69.998	
30	109.400	-69.998	
30	109.500	-69.998	
30	109.600	-69.998	
30	109.700	-69.998	
30	109.800	-69.998	
30	109.900	-69.998	
30	110.000	-69.998	
30	110.100	-69.998	
30	110.200	-69.998	
30	110.300	-69.998	
30	110.400	-69.998	
30	110.500	-69.998	
30	110.600	-69.998	
30	110.700	-69.998	
30	110.800	-69.998	
30	110.900	-69.998	
30	111.000	-69.998	
30	111.100	-69.998	
30	111.200	-69.998	
30	111.300	-69.998	
30	111.400	-69.998	
30	111.500	-69.998	
30	111.600	-69.998	
30	111.700	-69.998	
30	111.800	-69.998	
30	111.900	-69.998	
30	112.000	-69.998	
30	112.100	-69.998	
30	112.200	-69.998	
30	112.300	-69.998	
30	112.400	-69.998	
30	112.500	-69.998	
30	112.600	-69.998	
30	112.700	-69.998	
30	112.800	-69.998	
30	112.900	-69.998	
30	113.000	-69.998	
30	113.100	-69.998	
30	113.200	-69.998	
30	113.300	-69.998	
30	113.400	-69.998	
30	113.500	-69.998	
30	113.600	-69.998	
30	113.700	-69.998	
30	113.800	-69.998	
30	113.900	-69.998	
30	114.000	-69.998	
30	114.100	-69.998	
30	114.200	-69.998	
30	114.300	-69.998	
30	114.400	-69.998	
30	114.500	-69.998	
30	114.600	-69.998	
30	114.700	-69.998	
30	114.800	-69.998	
30	114.900	-69.998	
30	115.000	-69.998	
30	115.100	-69.998	
30	115.200	-69.998	
30	115.300	-69.998	
30	115.400	-69.998	
30	115.500	-69.998	
30	115.600	-69.998	
30	115.700	-69.998	
30	115.800	-69.998	
30	115.900	-69.998	
30	116.000	-69.998	
30	116.100	-69.998	
30	116.200	-69.998	
30	116.300	-69.998	
30	116.400	-69.998	
30	116.500	-69.998	
30	116.600	-69.998	
30	116.700	-69.998	
30	116.800	-69.998	
30	116.900	-69.998	
30	117.000	-69.998	
30	117.100	-69.998	
30	117.200	-69.998	
30	117.300	-69.998	
30	117.400	-69.998	
30	117.500	-69.998	
30	117.600	-69.998	
30	117.700	-69.998	
30	117.800	-69.998	
30	117.900	-69.998	
30	118.000	-69.998	
30	118.100	-69.998	
30	118.200	-69.998	
30	118.300	-69.998	
30	118.400	-69.998	
30	118.500	-69.998	
30	118.600	-69.998	
30	118.700	-69.998	
30	118.800	-69.998	
30	118.900	-69.998	
30	119.000	-69.998	
30	119.100	-69.998	
30	119.200	-69.998	
30	119.300	-69.998	
30	119.400	-69.998	
30	119.500	-69.998	
30	119.600	-69.998	
30	119.700	-69.998	
30	119.800	-69.998	
30	119.900	-69.998	
30	120.000	-69.998	
30	120.100	-69.998	
30	120.200	-69.998	
30	120.300	-69.998	
30	120.400	-69.998	
30	120.500	-69.998	
30	120.600	-69.998	
30	120.700	-69.998	
30	120.800	-69.998	
30	120.900	-69.998	
30	121.000	-69.998	
30	121.100	-69.998	
30	121.200	-69.998	
30	121.300	-69.998	
30	121.400	-69.998	
30	121.500	-69.998	
30	121.600	-69.998	
30	121.700	-69.998	
30	121.800	-69.998	
30	121.900	-69.998	
30	122.000	-69.998	
30	122.100	-69.998	
30	122.200	-69.998	
30	122.300	-69.998	
30	122.400	-69.998	
30	122.500	-69.998	
30	122.600	-69.998	
30	122.700	-69.998	
30	122.800	-69.998	
30	122.900	-69.998	
30	123.000	-69.998	
30	123.100	-69.998	
30	123.200	-69.998	
30	123.300	-69.998	
30	123.400	-69.998	
30	123.500	-69.998	
30	123.600	-69.998	
30	123.700	-69.998	
30	123.800	-69.998	
30	123.900	-69.998	
30	124.000	-69.998	
30	124.100	-69.998	
30	124.200	-69.998	
30	124.300	-69.998	
30	124.400	-69.998	
30	124.500	-69.998	
30	124.600	-69.998	
30	124.700	-69.998	
30	124.800	-69.998	
30	124.900	-69.998	
30	125.000	-69.998	
30	125.100	-69.998	
30	125.200	-69.998	
30	125.300	-69.998	
30	125.400	-69.998	
30	125.500	-69.998	
30	125.600	-69.998	
30	125.700	-69.998	
30	125.800	-69.998	
30	125.900	-69.998	
30	126.000	-69.998	
30	126.100	-69.998	
30	126.200	-69.998	
30	126.300	-69.998	
30	126.400	-69.998	
30	126.500	-69.998	
30	126.600	-69.998	
30	126.700	-69.998	
30	126.800	-69.998	
30	126.900	-69.998	
30	127.000	-69.998	
30	127.100	-69.998	
30	127.200	-69.998	
30	127.300	-69.998	
30	127.400	-69.998	
30	127.500	-69.998	
30	127.600	-69.998	
30	127.700	-69.998	
30	127.800	-69.998	
30	127.900	-69.998	
30	128.000	-69.998	
30	128.100	-69.998	
30	128.200	-69.998	
30	128.300	-69.998	
30	128.400	-69.998	
30	128.500	-69.998	
30	128.600	-69.998	
30	128.700	-69.998	
30	128.800	-69.998	
30	128.900	-69.998	
30	129.000	-69.998	
30	129.100	-69.998	
30	129.200	-69.998	
30	129.300	-69.998	
30	129.400	-69.998	
30	129.500	-69.998	
30	129.600	-69.998	
30	129.700	-69.998	
30	129.800	-69.998	
30	129.900	-69.998	
30	130.000	-69.998	
30	130.100	-69.998	
30	130.200	-69.998	
30	130.300	-69.998	
30	130.400	-69.998	
30	130.500	-69.998	
30	130.600	-69.998	
30	130.700	-69.998	
30	130.800	-69.998	
30	130.900	-69.998	
30	131.000	-69.998	
30	131.100	-69.998	
30	131.200	-69.998	
30	131.300	-69.998	
30	131.400	-69.998	
30	131.500	-69.998	
30	131.600	-69.998	
30	131.700	-69.998	
30	131.800	-69.998	
30	131.900	-69.998	
30	132.000	-69.998	
30	132.100	-69.998	
30	132.200	-69.998	
30	132.300	-69.998	
30	132.400	-69.998	
30	132.500	-69.998	
30	132.600	-69.998	
30	132.700	-69.998	
30	132.800	-69.998	
30	132.900	-69.998	
30	133.000	-69.998	
30	133.100	-69.998	
30	133.200	-69.998	
30	133.300	-69.998	
30	133.400	-69.998	
30	133.500	-69.998	
30	133.600	-69.998	
30	133.700	-69.998	
30	133.800	-69.998	
30	133.900	-69.998	
30	134.000	-69.998	
30	134.100	-69.998	
30	134.200	-69.998	
30	134.300	-69.998	
30	134.400	-69.998	
30	134.500	-69.998	
30	134.600	-69.998	
30	134.700	-69.998	
30	134.800	-69.998	
30	134.900	-69.998	
30	135.000	-69.998	
30	135.100	-69.998	
30	135.200	-69.998	
30	135.300	-69.998	
30	135.400	-69.998	
30	135.500	-69.998	
30	135.600	-69.998	
30	135.700	-69.998	
30	135.800	-69.998	
30	135.900	-69.998	
30	136.000	-69.998	
30	136.100	-69.998	
30	136.200	-69.998	
30	136.300	-69.998	
30	136.400	-69.998	
30	136.500	-69.998	
30	136.600	-69.998	
30	136.700	-69.998	
30	136.800	-69.998	
30	136.900	-69.998	
30	137.000	-69.998	
30	137.100	-69.998	
30	137.200	-69.998	
30	137.300	-69.998	
30	137.400	-69.998	
30	137.500	-69.998	
30	137.600	-69.998	
30	137.700	-69.998	
30	137.800	-69.998	
30	137.900	-69.998	
30	138.000	-69.998	
30	138.100	-69.998	
30	138.200	-69.998	
30	138.300	-69.998	
30	138.400	-69.998	
30	138.500	-69.998	
30	138.600	-69.998	
30	138.700	-69.998	
30	138.800	-69.998	
30	138.900	-69.998	
30	139.000	-69.998	
30	139.100	-69.998	
30	139.200	-69.998	
30	139.300	-69.998	
30	139.400	-69.998	
30	139.500	-69.998	
30	139.600	-69.998	
30	139.700	-69.998	
30	139.800	-69.998	
30	139.900	-69.998	
30	140.000	-69.998	
30	140.100	-69.998	
30	140.200	-69.998	
30	140.300	-69.998	
30	140.400	-69.998	
30	140.500	-69.998	
30	140.600	-69.998	
30	140.700	-69.998	
30	140.800	-69.998	
30	140.900	-69.998	
30	141.000	-69.998	
30	141.100	-69.998	
30	141.200	-69.998	
30	141.300	-69.998	
30	141.400	-69.998	
30	141.500	-69.998	
30	141.600	-69.998	
30	141.700	-69.998	
30	141.800	-69.998	
30	141.900	-69.998	
30	142.000	-69.998	
30	142.100	-69.998	
30	142.200	-69.998	
30	142.300	-69.998	
30	142.400	-69.998	
30	142.500	-69.998	
30	142.600	-69.998	
30	142.700	-69.998	
30	142.800	-69.998	
30	142.900	-69.998	
30	143.000	-69.998	
30	143.100	-69.998	
30	143.200	-69.998	
30	143.300	-69.998	
30	143.400	-69.998	
30	143.500	-69.998	
30	143.600	-69.998	
30	143.700	-69.998	
30	143.800	-69.998	
30	143.900	-69.998	
30	144.000	-69.998	
30	144.100	-69.998	
30	144.200	-69.998	
30	144.300	-69.998	
30	144.400	-69.998	
30	144.500	-69.998	
30	144.600	-69.998	
30	144.700	-69.998	
30	144.800	-69.998	
30	144.900	-69.998	
30	145.000	-69.998	
30	145.100	-69.998	
30	145.200	-69.998	
30	145.300	-69.998	
30	145.400	-69.998	
30	145.500	-69.998	
30	145.600	-69.998	
30	145.700	-69.998	
30	145.800	-69.998	
30	145.900	-69.998	
30	146.000	-69.998	
30	146.100	-69.998	
30	146.200	-69.998	
30	146.300	-69.998	
30	146.400	-69.998	
30	146.500	-69.998	
30	146.600	-69.998	
30	146.700	-69.998	
30	146.800	-69.998	
30	146.900	-69.998	
30	147.000	-69.998	
30	147.100	-69.998	
30	147.200	-69.998	
30	147.300	-69.998	
30	147.400	-69.998	
30	147.500	-69.998	
30	147.600	-69.998	
30	147.700	-69.998	
30	147.800	-69.998	
30	147.900	-69.998	
30	148.000	-69.998	
30	148.100	-69.998	
30	148.200	-69.998	
30	148.300	-69.998	
30	148.400	-69.998	
30	148.500	-69.998	
30	148.600	-69.998	
30	148.700	-69.998	
30	148.800	-69.998	
30	148.900	-69.998	
30	149.000	-69.998	
30	149.100	-69.998	
30	149.200	-69.998	
30	149.300	-69.998	
30	149.400	-69.998	
30	149.500	-69.998	
30	149.600	-69.998	
30	149.700	-69.998	
30	149.800	-69.998	
30	149.900	-69.998	
30	150.000	-69.998	
30	150.100	-69.998	
30	150.200	-69.998	
30	150.300	-69.998	
30	150.400	-69.998	
30	150.500	-69.998	
30	150.600	-69.998	
30	150.700	-69.998	
30	150.800	-69.998	
30	150.900	-69.998	
30	151.000	-69.998	
30	151.100	-69.998	
30	151.200	-69.998	
30	151.300	-69.998	
30	151.400	-69.998	
30	151.500	-69.998	
30	151.600	-69.998	
30	151.700	-69.998	
30	151.800	-69.998	
30	151.900	-69.998	
30	152.000	-69.998	
30	152.100	-69.998	
30	152.200	-69.998	
30	152.300	-69.998	
30	152.400	-69.998	
30	152.500	-69.998	
30	152.600	-69.998	
30	152.700	-69.998	
30	152.800	-69.998	
30	152.900	-69.998	
30	153.000	-69.998	
30	153.100	-69.998	
30	153.200	-69.998	
30	153.300	-69.998	
30	153.400	-69.998	
30	153.500	-69.998	
30	153.600	-69.998	
30	153.700	-69.998	
30	153.800	-69.998	
30	153.900	-69.998	
30	154.000	-69.998	
30	154.100	-69.998	
30	154.200	-69.998	
30	154.300	-69.998	
30	154.400	-69.998	
30	154.500	-69.998	
30	154.600	-69.998	
30	154.700	-69.998	
30	154.800	-69.998	
30	154.900	-69.998	
30	155.000	-69.998	
30	155.100	-69.998	
30	155.200	-69.998	
30	155.300	-69.998	
30	155.400	-69.998	
30	155.500	-69.998	
30	155.600	-69.998	
30	155.700	-69.998	
30	155.800	-69.998	
30	155.900	-69.998	
30	156.000	-69.998	
30	156.100	-69.998	
30	156.200	-69.998	
30	156.300	-69.998	
30	156.400	-69.998	
30	156.500	-69.998	
30	156.600	-69.998	
30	156.700	-69.998	
30	156.800	-69.998	
30	156.900	-69.998	
30	157.000	-69.998	
30	157.100	-69.998	
30	157.200	-69.998	
30	157.300	-69.998	
30	157.400	-69.998	
30	157.500	-69.998	
30	157.600	-69.998	
30	157.700	-69.998	
30	157.800	-69.998	
30	157.900	-69.998	
30	158.000	-69.998	
30	158.100	-69.998	
30	158.200	-69.998	
30	158.300	-69.998	
30	158.400	-69.998	
30	158.500	-69.998	
30	158.600	-69.998	
30	158.700	-69.998	
30	158.800	-69.998	
30	158.900	-69.998	
30	159.000	-69.998	
30	159.100	-69.998	
30	159.200	-69.998	
30	159.300	-69.998	
30	159.400	-69.998	
30	159.500	-69.998	
30	159.600	-69.998	
30	159.700	-69.998	
30	159.800	-69.998	
30	159.900	-69.998	
30	160.000	-69.998	
30	160.100	-69.998	
30	160.200	-69.998	
30	160.300	-69.998	
30	160.400	-69.998	
30	160.500	-69.998	
30	160.600	-69.998	
30	160.700	-69.998	
30	160.800	-69.998	
30	160.900	-69.998	
30	161.000	-69.998	
30	161.100	-69.998	
30	161.200	-69.998	
30	161.300	-69.998	
30	161.400	-69.998	
30	161.500	-69.998	
30	161.600	-69.998	
30	161.700	-69.998	
30	161.800	-69.998	
30	161.900	-69.998	
30	162.000	-69.998	
30	162.100	-69.998	
30	162.200	-69.998	
30	162.300	-69.998	
30	162.400	-69.998	
30	162.500	-69.998	
30	162.600	-69.998	
30	162.700	-69.998	
30	162.800	-69.998	
30	162.900	-69.998	
30	163.000	-69.998	
30	163.100	-69.998	
30	163.200	-69.998	
30	163.300	-69.998	
30	163.400	-69.998	
30	163.500	-69.998	
30	163.600	-69.998	
30	163.700	-69.998	
30	163.800	-69.998	
30	163.900	-69.998	
30	164.000	-69.998	
30	164.100	-69.998	
30	164.200	-69.998	
30	164.300	-69.998	
30	164.400	-69.998	
30	164.500	-69.998	
30	164.600	-69.998	
30	164.700	-69.998	
30	164.800	-69.998	
30	164.900	-69.998	
30	165.000	-69.998	
30	165.100	-69.998	
30	165.200	-69.998	
30	165.300	-69.998	
30	165.400	-69.998	
30	165.500	-69.998	
30	165.600	-69.998	
30	165.700	-69.998	
30	165.800	-69.998	
30	165.900	-69.998	
30	166.000	-69.998	
30	166.100	-69.998	
30	166.200	-69.998	
30	166.300	-69.998	
30	166.400	-69.998	
30	166.500	-69.998	
30	166.600	-69.998	
30	166.700	-69.998	
30	166.800	-69.998	
30	166.900	-69.998	
30	167.000	-69.998	
30	167.100	-69.998	
30	167.200	-69.998	
30	167.300	-69.998	
30	167.400	-69.998	
30	167.500	-69.998	
30	167.600	-69.998	
30	167.700	-69.998	
30	167.800	-69.998	
30	167.900	-69.998	
30	168.000	-69.998	
30	168.100	-69.998	
30	168.200	-69.998	
30	168.300	-69.998	
30	168.400	-69.998	
30	168.500	-69.998	
30	168.600	-69.998	
30	168.700	-69.998	
30	168.800	-69.998	
30	168.900	-69.998	
30	169.000	-69.998	
30	169.100	-69.998	
30	169.200	-69.998	
30	169.300	-69.998	
30	169.400	-69.998	
30	169.500	-69.998	
30	169.600	-69.998	
30	169.700	-69.998	
30	169.800	-69.998	
30	169.900	-69.998	
30	170.000	-69.998	
30	170.100	-69.998	
30	170.200	-69.998	
30	170.300	-69.998	
30	170.400	-69.998	
30	170.500	-69.998	
30	170.600	-69.998	
30	170.700	-69.998	
30	170.800	-69.998	
30	170.900	-69.998	
30	171.000	-69.998	
30	171.100	-69.998	
30	171.200	-69.998	
30	171.300	-69.998	
30	171.400	-69.998	
30	171.500	-69.998	
30	171.600	-69.998	
30	171.700	-69.998	
30	171.800	-69.998	
30	171.900	-69.998	
30	172.000	-69.998	
30	172.100	-69.998	
30	172.200	-69.998	
30	172.300	-69.998	
30	172.400	-69.998	
30	172.500	-69.998	
30	172.600	-69.998	
30	172.700	-69.998	
30	172.800	-69.998	
30	172.900	-69.998	
30	173.000	-69.998	
30	173.100	-69.998	
30	173.200	-69.998	
30	173.300	-69.998	
30	173.400	-69.998	
30	173.500	-69.998	
30	173.600	-69.998	
30	173.700	-69.998	
30	173.800	-69.998	
30	173.900	-69.998	
30	174.000	-69.998	
30	174.100	-69.998	
30	174.200	-69.998	
30	174.300	-69.998	
30	174.400	-69.998	
30	174.500	-69.998	
30	174.600	-69.998	
30	174.700	-69.998	
30	174.800	-69.998	
30	174.900	-69.998	
30	175.000	-69.998	
30	175.100	-69.998	
30	175.200	-69.998	
30	175.300	-69.998	
30	175.400	-69.998	
30	175.500	-69.998	
30	175.600	-69.998	
30	175.700	-69.998	
30	175.800	-69.998	
30	175.900	-69.998	
30	176.000	-69.998	
30	176.100	-69.998	
30	176.200	-69.998	
30	176.300	-69.998	
30	176.400	-69.998	
30	176.500	-69.998	
30	176.600	-69.998	
30	176.700	-69.998	
30	176.800	-69.998	
30	176.900	-69.998	
30	177.000	-69.998	
30	177.100	-69.998	
30	177.200	-69.998	
30	177.300	-69.998	
30	177.400	-69.998	
30	177.500	-69.998	
30	177.600	-69.998	
30	177.700	-69.998	
30	177.800	-69.998	
30	177.900	-69.998	
30	178.000	-69.998	
30	178.100	-69.998	
30	178.200	-69.998	
30	178.300	-69.998	
30	178.400	-69.998	
30	178.500	-69.998	
30	178.600	-69.998	
30	178.700	-69.998	
30	178.800	-69.998	
30	178.900	-69.998	
30	179.000	-69.998	
30	179.100	-69.998	
30	179.200	-69.998	
30	179.300	-69.998	
30	179.400	-69.998	
30	179.500	-69.998	
30	179.600	-69.998	
30	179.700	-69.998	
30	179.800	-69.998	
30	179.900	-69.998	
30	180.000	-69.998	
30	180.100	-69.998	
30	180.200	-69.998	
30	180.300	-69.998	
30	180.400	-69.998	
30	180.500	-69.998	
30	180.600	-69.998	
30	180.700	-69.998	
30	180.800	-69.998	
30	180.900	-69.998	
30	181.000	-69.998	
30	181.100	-69.998	
30	181.200	-69.998	
30	181.300	-69.998	
30	181.400	-69.998	
30	181.500	-69.998	
30	181.600	-69.998	
30	181.700	-69.998	
30	181.800	-69.998	
30	181.900	-69.998	
30	182.000	-69.998	
30	182.100	-69.998	
30	182.200	-69.998	
30	182.300	-69.998	
30	182.400	-69.998	
30	182.500	-69.998	
30	182.600	-69.998	
30	182.700	-69.998	
30	182.800	-69.998	
30	182.900	-69.998	
30	183.000	-69.998	
30	183.100	-69.998	
30	183.200	-69.998	
30	183.300	-69.998	
30	183.400	-69.998	
30	183.500	-69.998	
30	183.600	-69.998	
30	183.700	-69.998	
30	183.800	-69.998	
30	183.900	-69.998	
30	184.000	-69.998	
30	184.100	-69.998	
30	184.200	-69.998	
30	184.300	-69.998	
30	184.400	-69.998	
30	184.500	-69.998	
30	184.600	-69.998	
30	184.700	-69.998	
30	184.800	-69.998	
30	184.900	-69.998	
30	185.000	-69.998	
30	185.100	-69.998	
30	185.200	-69.998	
30	185.300	-69.998	
30	185.400	-69.998	
30	185.500	-69.998	
30	185.600	-69.998	
30	185.700	-69.998	
30	185.800	-69.998	
30	185.900	-69.998	
30	186.000	-69.998	
30	186.100	-69.998	
30	186.200	-69.998	
30	186.300	-69.998	
30	186.400	-69.998	
30	186.500	-69.998	
30	186.600	-69.998	
30	186.700	-69.998	
30	186.800	-69.998	
30	186.900	-69.998	
30	187.000	-69.998	
30	187.100	-69.998	
30	187.200	-69.998	
30	187.300	-69.998	
30	187.400	-69.998	
30	187.500	-69.998	
30	187.600	-69.998	
30	187.700	-69.998	
30	187.800	-69.998	
30	187.900	-69.998	
30	188.000	-69.998	
30	188.100	-69.998	
30	188.200	-69.998	
30	188.300	-69.998	
30	188.400	-69.998	
30	188.500	-69.998	
30	188.600	-69.998	
30	188.700	-69.998	
30	188.800	-69.998	
30	188.900	-69.998	
30	189.000	-69.998	
30	189.100	-69.998	
30	189.200	-69.998	
30	189.300	-69.998	
30	189.400	-69.998	
30	189.500	-69.998	
30	189.600	-69.998	
30	189.700	-69.998	
30	189.800	-69.998	
30	189.900	-69.998	
30	190.000	-69.998	
30	190.100	-69.998	
30	190.200	-69.998	
30	190.300	-69.998	
30	190.400	-69.998	
30	190.500	-69.998	
30	190.600	-69.998	
30	190.700	-69.998	
30	190.800	-69.998	
30	190.900	-69.998	
30	191.000	-69.998	
30	191.100	-69.998	
30	191.200	-69.998	
30	191.300	-69.998	
30	191.400	-69.998	
30	191.500	-69.998	
30	191.600	-69.998	
30	191.700	-69.998	
30	191.800	-69.998	
30	191.900	-69.998	
30	192.000	-69.998	
30	192.100	-69.998	
30	192.200	-69.998	
30	192.300	-69.998	
30	192.400	-69.998	
30	192.500	-69.998	
30	192.600	-69.998	
30	192.700	-69.998	
30	192.800	-69.998	
30	192.900	-69.998	
30	193.000	-69.998	
30	193.100	-69.998	
30	193.200	-69.998	
30	193.300	-69.998	
30	193.400	-69.998	
30	193.500	-69.998	
30	193.600	-69.998	
30	193.700	-69.998	
30	193.800	-69.998	
30	193.900	-69.998	
30	194.000	-69.998	
30	194.100	-69.998	
30	194.200	-69.998	
30	194.300	-69.998	
30	194.400	-69.998	
30	194.500	-69.998	
30	194.600	-69.998	
30	194.700	-69.998	
30	194.800	-69.998	
30	194.900	-69.998	
30	195.000	-69.998	
30	195.100	-69.998	
30	195.200	-69.998	
30	195.300	-69.998	
30	195.400	-69.998	
30	195.500	-69.998	
30	195.600	-69.998	
30	195.700	-69.998	
30	195.800	-69.998	
30	195.900	-69.998	
30	196.000	-69.998	
30	196.100	-69.998	
30	196.200	-69.998	
30	196.300	-69.998	
30	196.400	-69.998	
30	196.500	-69.998	
30	196.600	-69.998	
30	196.700	-69.998	
30	196.800	-69.998	
30	196.900	-69.998	
30	197.000	-69.998	
30	197.100	-69.998	
30	197.200	-69.998	
30	197.300	-69.998	
30	197.400	-69.998	
30	197.500	-69.998	
30	197.600	-69.998	
30	197.700	-69.998	
30	197.800	-69.998	
30	197.900	-69.998	
30	198.000	-69.998	
30	198.100	-69.998	
30	198.200	-69.998	
30	198.300	-69.998	
30	198.400	-69.998	
30	198.500	-69.998	
30	198.600	-69.998	
30	198.700	-69.998	
30	198.800	-69.998	
30	198.900	-69.998	
30	199.000	-69.998	
30	199.100	-69.998	
30	199.200	-69.998	
30	199.300	-69.998	
30	199.400	-69.998	
30	199.500	-69.998	
30	199.600	-69.998	
30	199.700	-69.998	
30	199.800	-69.998	
30	199.900	-69.998	
30	200.000	-69.998	
30	200.100	-69.998	
30	200.200	-69.998	
30	200.300	-69.998	
30	200.400	-69.998	
30	200.500	-69.998	
30	200.600	-69.998	
30	200.700	-69.998	
30	200.800	-69.998	
30	200.900	-69.998	
30	201.000	-69.998	
30	201.100	-69.998	
30	201.200	-69.998	
30	201.300	-69.998	
30	201.400	-69.998	
30	201.500	-69.998	
30	201.600	-69.998	
30	201.700	-69.998	
30	201.800	-69.998	
30	201.900	-69.998	
30	202.000	-69.998	
30	202.100	-69.998	
30	202.200	-69.998	
30	202.300	-69.998	
30	202.400	-69.998	
30	202.500	-69.998	
30	202.600	-69.998	
30	202.700	-69.998	
30	202.800	-69.998	
30	202.900	-69.998	
30	203.000	-69.998	
30	203.100	-69.998	
30	203.200	-69.998	
30	203.300	-69.998	
30	203.400	-69.998	
30	203.500	-69.998	
30	203.600	-69.998	
30	203.700	-69.998	
30	203.800	-69.998	
30	203.900	-69.998	
30	204.000	-69.998	
30	204.100	-69.998	
30	204.200	-69.998	
30	204.300	-69.998	
30	204.400	-69.998	
30	204.500	-69.998	
30	204.600	-69.998	
30	204.700	-69.998	
30	204.800	-69.998	
30	204.900	-69.998	
30	205.000	-69.998	
30	205.100	-69.998	
30	205.200	-69.998	
30	205.300	-69.998	
30	205.400	-69.998	
30	205.500	-69.998	
30	205.600	-69.998	
30	205.700	-69.998	
30	205.800	-69.998	
30	205.900	-69.998	
30	206.000	-69.998	
30	206.100	-69.998	
30	206.200	-69.998	
30	206.300	-69.998	
30	206.400	-69.998	
30	206.500	-69.998	
30	206.600	-69.998	
30	206.700	-69.998	
30	206.800	-69.998	
30	206.900	-69.998	
30	207.000	-69.998	
30	207.100	-69.998	
30	207.200	-69.998	
30	207.300	-69.998	
30	207.400	-69.998	
30	207.500	-69.998	
30	207.600	-69.998	
30	207.700	-69.998	
30	207.800	-69.998	
30	207.900	-69.998	
30	208.000	-69.998	
30	208.100	-69.998	
30	208.200	-69.998	
30	208.300	-69.998	
30	208.400	-69.998	
30	208.500	-69.998	
30	208.600	-69.998	
30	208.700	-69.998	
30	208.800	-69.998	
30	208.900	-69.998	
30	209.000	-69.998	
30	209.100	-69.998	
30	209.200	-69.998	
30	209.300	-69.998	
30	209.400	-69.998	
30	209.500	-69.998	
30	209.600	-69.998	
30	209.700	-69.998	
30	209.800	-69.998	
30	209.900	-69.998	
30	210.000	-69.998	
30	210.100	-69.998	
30	210.200	-69.998	
30	210.300	-69.998	
30	210.400	-69.998	
30	210.500	-69.998	
30	210.600	-69.998	
30	210.700	-69.998	
30	210.800	-69.998	
30	210.900	-69.998	
30	211.000	-69.998	
30	211.100	-69.998	
30	211.200	-69.998	
30	211.300	-69.998	
30	211.400	-69.998	
30	211.500	-69.998	
30	211.600	-69.998	
30	211.700	-69.998	
30	211.800	-69.998	
30	211.900	-69.998	
30	212.000	-69.998	
30	212.100	-69.998	
30	212.200	-69.998	
30	212.300	-69.998	
30	212.400	-69.998	
30	212.500	-69.998	
30	212.600	-69.998	
30	212.700	-69.998	
30	212.800	-69.998	
30	212.900	-69.998	
30	213.000	-69.998	
30	213.100	-69.998	
30	213.200	-69.998	
30	213.300	-69.998	
30	213.400	-69.998	
30	213.500	-69.998	
30	213.600	-69.998	
30	213.700	-69.998	
30	213.800	-69.998	
30	213.900	-69.998	
30	214.000	-69.998	
30	214.100	-69.998	
30	214.200	-69.998	
30	214.300	-69.998	
30	214.400	-69.998	
30	214.500	-69.998	
30	214.600	-69.998	
30	214.700	-69.998	
30	214.800	-69.998	
30	214.900	-69.998	
30	215.000	-69.998	
30	215.100	-69.998	
30	215.200	-69.998	
30	215.300	-69.998	
30	215.400	-69.998	
30	215.500	-69.998	
30	215.600	-69.998	
30	215.700	-69.998	
30	215.800	-69.998	
30	215.900	-69.998	
30	216.000	-69.998	
30	216.100	-69.998	
30	216.200	-69.998	
30	216.300	-69.998	
30	216.400	-69.998	
30	216.500	-69.998	
30	216.600	-69.998	
30	216.700	-69.998	
30	216.800	-69.998	
30	216.900	-69.998	
30	217.000	-69.998	
30	217.100	-69.998	
30	217.200	-69.998	
30	217.300	-69.998	
30	217.400	-69.998	
30	217.500	-69.998	
30	217.600	-69.998	
30	217.700	-69.998	
30	217.800	-69.998	
30	217.900	-69.998	
30	218.000	-69.998	
30	218.100	-69.998	
30	218.200	-69.998	
30	218.300	-69.998	
30	218.400	-69.998	
30	218.500	-69.998	
30	218.600	-69.998	
30	218.700	-69.998	
30	218.800	-69.998	
30	218.900	-69.998	
30	219.000	-69.998	
30	219.100	-69.998	
30	219.200	-69.998	
30	219.300	-69.998	
30	219.400	-69.998	
30	219.500	-69.998	
30	219.600	-69.998	
30	219.700	-69.998	
30	219.800	-69.998	
30	219.900	-69.998	
30	220.000	-69.998	
30	220.100	-69.998	
30	220.200	-69.998	
30	220.300	-69.998	
30	220.400	-69.998	
30	220.500	-69.998	
30	220.600	-69.998	
30	220.700	-69.998	
30	220.800	-69.998	
30	220.900	-69.998	
30	221.000	-69.998	
30	221.100	-69.998	
30	221.200	-69.998	
30	221.300	-69.998	
30	221.400	-69.998	
30	221.500	-69.998	
30	221.600	-69.998	
30	221.700	-69.998	
30	221.800	-69.998	
30	221.900	-69.998	
30	222.000	-69.998	
30	222.100	-69.998	
30	222.200	-69.998	
30	222.300	-69.998	
30	222.400	-69.998	
30	222.500	-69.998	
30	222.600	-69.998	
30	222.700	-69.998	
30	222.800	-69.998	
30	222.900	-69.998	
30	223.000	-69.998	
30	223.100	-69.998	
30	223.200	-69.998	
30	223.300	-69.998	
30	223.400	-69.998	
30	223.500	-69.998	
30	223.600	-69.998	
30	223.700	-69.998	
30	223.800	-69.998	
30	223.900	-69.998	
30	224.000	-69.998	
30	224.100	-69.998	
30	224.200	-69.998	
30	224.300	-69.998	
30	224.400	-69.998	
30	224.500	-69.998	
30	224.600	-69.998	
30	224.700	-69.998	
30	224.800	-69.998	
30	224.900	-69.998	
30	225.000	-69.998	
30	225.100	-69.998	
30	225.200	-69.998	
30	225.300	-69.998	
30	225.400	-69.998	
30	225.500	-69.998	
30	225.600	-69.998	
30	225.700	-69.998	
30	225.800	-69.998	
30	225.900	-69.998	
30	226.000	-69.998	
30	226.100	-69.998	
30	226.200	-69.998	
30	226.300	-69.998	
30	226.400	-69.998	
30	226.500	-69.998	
30	226.600	-69.998	
30	226.700	-69.998	
30	226.800	-69.998	
30	226.900	-69.998	
30	227.000	-69.998	
30	227.100	-69.998	
30	227.200	-69.998	
30	227.300	-69.998	
30	227.400	-69.998	
30	227.500	-69.998	
30	227.600	-69.998	
30	227.700	-69.998	
30	227.800	-69.998	
30	227.900	-69.998	
30	228.000	-69.998	
30	228.100	-69.998	
30	228.200	-69.998	
30	228.300	-69.998	
30	228.400	-69.998	
30	228.500	-69.998	
30	228.600	-69.998	
30	228.700	-69.998	
30	228.800	-69.998	
30	228.900	-69.998	
30	229.000	-69.998	
30	229.100	-69.998	
30	229.200	-69.998	
30	229.300	-69.998	
30	229.400	-69.998	
30	229.500	-69.998	
30	229.600	-69.998	
30	229.700	-69.998	
30	229.800	-69.998	
30	229.900	-69.998	
30	230.000	-69.998	
30	230.100	-69.998	
30	230.200	-69.998	
30	230.300	-69.998	
30	230.400	-69.998	
30	230.500	-69.998	
30	230.600	-69.998	
30	230.700	-69.998	
30	230.800	-69.998	
30	230.900	-69.998	
30	231.000	-69.998	
30	231.100	-69.998	
30	231.200	-69.998	
30	231.300	-69.998	
30	231.400	-69.998	
30	231.500	-69.998	
30	231.600	-69.998	
30	231.700	-69.998	
30	231.800	-69.998	
30	231.900	-69.998	
30	232.000	-69.998	
30	232.100	-69.998	
30	232.200	-69.998	
30	232.300	-69.998	
30	232.400	-69.998	
30	232.500	-69.998	
30	232.600	-69.998	
30	232.700	-69.998	
30	232.800	-69.998	
30	232.900	-69.998	
30	233.000	-69.998	
30	233.100	-69.998	
30	233.200	-69.998	
30	233.300	-69.998	
30	233.400	-69.998	
30	233.500	-69.998	
30	233.600	-69.998	
30	233.700	-69.998	
30	233.800	-69.998	
30	233.900	-69.998	
30	234.000	-69.998	
30	234.100	-69.998	
30	234.200	-69.998	
30	234.300	-69.998	
30	234.400	-69.998	
30	234.500	-69.998	
30	234.600	-69.998	
30	234.700	-69.998	
30	234.800	-69.998	
30	234.900	-69.998	
30	235.000	-69.998	
30	235.100	-69.998	
30	235.200	-69.998	
30	235.300	-69.998	
30	235.400	-69.998	
30	235.500	-69.998	
30	235.600	-69.998	
30	235.700	-69.998	
30	235.800	-69.998	
30	235.900	-69.998	
30	236.000	-69.998	
30	236.100	-69.998	
30	236.200	-69.998	
30	236.300	-69.998	
30	236.400	-69.998	
30	236.500	-69.998	
30	236.600	-69.998	
30	236.700	-69.998	
30	236.800	-69.998	
30	236.900	-69.998	
30	237.000	-69.998	
30	237.100	-69.998	
30	237.200	-69.998	
30	237.300	-69.998	
30	237.400	-69.998	
30	237.500	-69.998	
30	237.600	-69.998	
30	237.700	-69.998	
30	237.800	-69.998	
30	237.900	-69.998	
30	238.000	-69.998	
30	238.100	-69.998	
30	238.200	-69.998	
30	238.300	-69.998	
30	238.400	-69.998	
30	238.500	-69.998	
30	238.600	-69.998	
30	238.700	-69.998	
30	238.800	-69.998	
30	238.900	-69.998	
30	239.000	-69.998	
30	239.100	-69.998	
30	239.200	-69.998	
30	239.300	-69.998	
30	239.400	-69.998	
30	239.500	-69.998	
30	239.600	-69.998	
30	239.700	-69.998	
30	239.800	-69.998	
30	239.900	-69.998	
30	240.000	-69.998	
30	240.100	-69.998	
30	240.200	-69.998	
30	240.300	-69.998	
30	240.400	-69.998	
30	240.500	-69.998	
30	240.600	-69.998	
30	240.700	-69.998	
30	240.800	-69.998	
30	240.900	-69.998	
30	241.000	-69.998	
30	241.100	-69.998	
30	241.200	-69.998	
30	241.300	-69.998	
30	241.400	-69.998	
30	241.500	-69.998	
30	241.600	-69.998	
30	241.700	-69.998	
30	241.800	-69.998	
30	241.900	-69.998	
30	242.000	-69.998	
30	242.100	-69.998	
30	242.200	-69.998	
30	242.300	-69.998	
30	242.400	-69.998	
30	242.500	-69.998	
30	242.600	-69.998	
30	242.700	-69.998	
30	242.800	-69.998	
30	242.900	-69.998	
30	243.000	-69.998	
30	243.100	-69.998	
30	243.200	-69.998	
30	243.300	-69.998	
30	243.400	-69.998	
30	243.500	-69.998	
30	243.600	-69.998	
30	243.700	-69.998	
30	243.800	-69.998	
30	243.900	-69.998	
30	244.000	-69.998	
30	244.100	-69.998	
30	244.200	-69.998	
30	244.300	-69.998	
30	244.400	-69.998	
30	244.500	-69.998	
30	244.600	-69.998	
30	244.700	-69.998	
30	244.800	-69.998	
30	244.900	-69.998	
30	245.000	-69.998	
30	245.100	-69.998	
30	245.200	-69.998	
30	245.300	-69.998	
30	245.400	-69.998	
30	245.500	-69.998	
30	245.600	-69.998	
30	245.700	-69.998	
30	245.800	-69.998	
30	245.900	-69.998	
30	246.000	-69.998	
30	246.100	-69.998	
30	246.200	-69.998	
30	246.300	-69.998	
30	246.400	-69.998	
30	246.500	-69.998	
30	246.600	-69.998	
30	246.700	-69.998	
30	246.800	-69.998	
30	246.900	-69.998	
30	247.000	-69.998	
30	247.100	-69.998	
30	247.200	-69.998	
30	247.300	-69.998	
30	247.400	-69.998	
30	247.500	-69.998	
30	247.600	-69.998	
30	247.700	-69.998	
30	247.800	-69.998	
30	247.900	-69.998	
30	248.000	-69.998	
30	248.100	-69.998	
30	248.200	-69.998	
30	248.300	-69.998	
30	248.400	-69.998	
30	248.500	-69.998	
30	248.600	-69.998	
30	248.700	-69.998	
30	248.800	-69.998	
30	248.900	-69.998	
30	249.000	-69.998	
30	249.100	-69.998	
30	249.200	-69.998	
30	249.300	-69.998	
30	249.400	-69.998	
30	249.500	-69.998	
30	249.600	-69.998	
30	249.700	-69.998	
30	249.800	-69.998	
30	249.900	-69.998	
30	250.000	-69.998	
30	250.100	-69.998	
30	250.200	-69.998	
30	250.300	-69.998	
30	250.400	-69.998	
30	250.500	-69.998	
30	250.600	-69.998	
30	250.700	-69.998	
30	250.800	-69.998	
30	250.900	-69.998	
30	251.000	-69.998	
30	251.100	-69.998	
30	251.200	-69.998	
30	251.300	-69.998	
30	251.400	-69.998	
30	251.500	-69.998	
30	251.600	-69.998	
30	251.700	-69.998	
30	251.800	-69.998	
30	251.900	-69.998	
30	252.000	-69.998	
30	252.100	-69.998	
30	252.200	-69.998	
30	252.300	-69.998	
30	252.400	-69.998	
30	252.500	-69.998	
30	252.600	-69.998	
30	252.700	-69.998	
30	252.800	-69.998	
30	252.900	-69.998	
30	253.000	-69.998	
30	253.100	-69.998	
30	253.200	-69.998	
30	253.300	-69.998	
30	253.400	-69.998	
30	253.500	-69.998	
30	253.600	-69.998	
30	253.700	-69.998	
30	253.800	-69.998	
30	253.900	-69.998	
30	254.000	-69.998	
30	254.100	-69.998	
30	254.200	-69.998	
30	254.300	-69.998	
30	254.400	-69.998	
30	254.500	-69.998	
30	254.600	-69.998	
30	254.700	-69.998	
30	254.800	-69.998	
30	254.900	-69.998	
30	255.000	-69.998	
30	255.100	-69.998	
30	255.200	-69.998	
30	255.300	-69.998	
30	255.400	-69.998	
30	255.500	-69.998	
30	255.600	-69.998	
30	255.700	-69.998	
30	255.800	-69.998	
30	255.900	-69.998	
30	256.000	-69.998	
30	256.100	-69.998	
30	256.200	-69.998	
30	256.300	-69.998	
30	256.400	-69.998	
30	256.500	-69.998	
30	256.600	-69.998	
30	256.700	-69.998	
30	256.800	-69.998	
30	256.900	-69.998	
30	257.000	-69.998	
30	257.100	-69.998	
30	257.200	-69.998	
30	257.300	-69.998	
30	257.400	-69.998	
30	257.500	-69.998	
30	257.600	-69.998	
30	257.700	-69.998	
30	257.800	-69.998	
30	257.900	-69.998	
30	258.000	-69.998	
30	258.100	-69.998	
30	258.200	-69.998	
30	258.300	-69.998	
30	258.400	-69.998	
30	258.500	-69.998	
30	258.600	-69.998	
30	258.700	-69.998	
30	258.800	-69.998	
30	258.900	-69.998	
30	259.000	-69.998	
30	259.100	-69.998	
30	259.200	-69.998	
30	259.300	-69.998	
30	259.400	-69.998	
30	259.500	-69.998	
30	259.600	-69.998	
30	259.700	-69.998	
30	259.800	-69.998	
30	259.900	-69.998	
30	260.000	-69.998	
30	260.100	-69.998	
30	260.200	-69.998	
30	260.300	-69.998	
30	260.400	-69.998	
30	260.500	-69.998	
30	260.600	-69.998	
30	260.700	-69.998	
30	260.800	-69.998	
30	260.900	-69.998	
30	261.000	-69.998	
30	261.100	-69.998	
30	261.200	-69.998	
30	261.300	-69.998	
30	261.400	-69.998	
30	261.500	-69.998	
30	261.600	-69.998	
30	261.700	-69.998	
30	261.800	-69.998	
30	261.900	-69.998	
30	262.000	-69.998	
30	262.100	-69.998	
30	262.200	-69.998	
30	262.300	-69.998	
30	262.400	-69.998	
30	262.500	-69.998	
30	262.600	-69.998	
30	262.700	-69.998	
30	262.800	-69.998	
30	262.900	-69.998	
30	263.000	-69.998	
30	263.100	-69.998	
30	263.200	-69.998	
30	263.300	-69.998	
30	263.400	-69.998	
30	263.500	-69.998	
30	263.600	-69.998	
30	263.700	-69.998	
30	263.800	-69.998	
30	263.900	-69.998	
30	264.000	-69.998	
30	264.100	-69.998	
30	264.200	-69.998	
30	264.300	-69.998	
30	264.400	-69.998	
30	264.500	-69.998	
30	264.600	-69.998	
30	264.700	-69.998	
30	264.800	-69.998	
30	264.900	-69.998	
30	265.000	-69.998	
30	265.100	-69.998	
30	265.200	-69.998	
30	265.300	-69.998	
30	265.400	-69.998	
30	265.500	-69.998	
30	265.600	-69.998	
30	265.700	-69.998	
30	265.800	-69.998	
30	265.900	-69.998	
30	266.000	-69.998	
30	266.100	-69.998	
30	266.200	-69.998	
30	266.300	-69.998	
30	266.400	-69.998	
30	266.500	-69.998	
30	266.600	-69.998	
30	266.700	-69.998	
30	266.800	-69.998	
30	266.900	-69.998	
30	267.000	-69.998	
30	267.100	-69.998	
30	267.200	-69.998	
30	267.300	-69.998	
30	267.400	-69.998	
30	267.500	-69.998	
30	267.600	-69.998	
30	267.700	-69.998	
30	267.800	-69.998	
30	267.900	-69.998	
30	268.000	-69.998	
30	268.100	-69.998	
30	268.200	-69.998	
30	268.300	-69.998	
30	268.400	-69.998	
30	268.500	-69.998	
30	268.600	-69.998	
30	268.700	-69.998	
30	268.800	-69.998	
30	268.900	-69.998	
30	269.000	-69.998	
30	269.100	-69.998	
30	269.200	-69.998	
30	269.300	-69.998	
30	269.400	-69.998	
30	269.500	-69.998	
30	269.600	-69.998	
30	269.700	-69.998	
30	269.800	-69.998	
30	269.900	-69.998	
30	270.000	-69.998	
30	270.100	-69.998	
30	270.200	-69.998	
30	270.300	-69.998	
30	270.400	-69.998	
30	270.500	-69.998	
30	270.600	-69.998	
30	270.700	-69.998	
30	270.800	-69.998	
30	270.900	-69.998	
30	271.000	-69.998	
30	271.100	-69.998	
30	271.200	-69.998	
30	271.300	-69.998	
30	271.400	-69.998	
30	271.500	-69.998	
30	271.600	-69.998	
30	271.700	-69.998	
30	271.800	-69.998	
30	271.900	-69.998	
30	272.000	-69.998	
30	272.100	-69.998	
30	272.200	-69.998	
30	272.300	-69.998	
30	272.400	-69.998	
30	272.500	-69.998	
30	272.600	-69.998	
30	272.700	-69.998	
30	272.800	-69.998	
30	272.900	-69.998	
30	273.000	-69.998	
30	273.100	-69.998	
30	273.200	-69.998	
30	273.300	-69.998	
30	273.400	-69.998	
30	273.500	-69.998	
30	273.600	-69.998	
30	273.700	-69.998	
30	273.800	-69.998	
30	273.900	-69.998	
30	274.000	-69.998	
30	274.100	-69.998	
30	274.200	-69.998	
30	274.300	-69.998	
30	274.400	-69.998	
30	274.500	-69.998	
30	274.600	-69.998	
30	274.700	-69.998	
30	274.800	-69.998	
30	274.900	-69.998	
30	275.000	-69.998	
30	275.100	-69.998	
30	275.200	-69.998	
30	275.300	-69.998	
30	275.400	-69.998	
30	275.500	-69.998	
30	275.600	-69.998	
30	275.700	-69.998	
30	275.800	-69.998	
30	275.900	-69.998	
30	276.000	-69.998	
30	276.100	-69.998	
30	276.200	-69.998	
30	276.300	-69.998	
30	276.400	-69.998	
30	276.500	-69.998	
30	276.600	-69.998	
30	276.700	-69.998	
30	276.800	-69.998	
30	276.900	-69.998	
30	277.000	-69.998	
30	277.100	-69.998	
30	277.200	-69.998	
30	277.300	-69.998	
30	277.400	-69.998	
30	277.500	-69.998	
30	277.600	-69.998	
30	277.700	-69.998	
30	277.800	-69.998	
30	277.900	-69.998	
30	278.000	-69.998	
30	278.100	-69.998	
30	278.200	-69.998	
30	278.300	-69.998	
30	278.400	-69.998	
30	278.500	-69.998	
30	278.600	-69.998	
30	278.700	-69.998	
30	278.800	-69.998	
30	278.900	-69.998	
30	279.000	-69.998	
30	279.100	-69.998	
30	279.200	-69.998	
30	279.300	-69.998	
30	279.400	-69.998	
30	279.500	-69.998	
30	279.600	-69.998	
30	279.700	-69.998	
30	279.800	-69.998	
30	279.900	-69.998	
30	280.000	-69.998	
30	280.100	-69.998	
30	280.200	-69.998	
30	280.300	-69.998	
30	280.400	-69.998	
30	280.500	-69.998	
30	280.600	-69.998	
30	280.700	-69.998	
30	280.800	-69.998	
30	280.900	-69.998	
30	281.000	-69.998	
30	281.100	-69.998	
30	281.200	-69.998	
30	281.300	-69.998	
30	281.400	-69.998	
30	281.500	-69.998	
30	281.600	-69.998	
30	281.700	-69.998	
30	281.800	-69.998	
30	281.900	-69.998	
30	282.000	-69.998	
30	282.100	-69.998	
30	282.200	-69.998	
30	282.300	-69.998	
30	282.400	-69.998	
30	282.500	-69.998	
30	282.600	-69.998	
30	282.700	-69.998	
30	282.800	-69.998	
30	282.900	-69.998	
30	283.000	-69.998	
30	283.100	-69.998	
30	283.200	-69.998	
30	283.300	-69.998	
30	283.400	-69.998	
30	283.500	-69.998	
30	283.600	-69.998	
30	283.700	-69.998	
30	283.800	-69.998	
30	283.900	-69.998	
30	284.000	-69.998	
30	284.100	-69.998	
30	284.200	-69.998	
30	284.300	-69.998	
30	284.400	-69.998	
30	284.500	-69.998	
30	284.600	-69.998	
30	284.700	-69.998	
30	284.800	-69.998	
30	284.900	-69.998	
30	285.000	-69.998	
30	285.100	-69.998	
30	285.200	-69.998	
30	285.300	-69.998	
30	285.400	-69.998	
30	285.500	-69.998	
30	285.600	-69.998	
30	285.700	-69.998	
30	285.800	-69.998	
30	285.900	-69.998	
30	286.000	-69.998	
30	286.100	-69.998	
30	286.200	-69.998	
30	286.300	-69.998	
30	286.400	-69.998	
30	286.500	-69.998	
30	286.600	-69.998	
30	286.700	-69.998	
30	286.800	-69.998	
30	286.900	-69.998	
30	287.000	-69.998	
30	287.100	-69.998	
30	287.200	-69.998	
30	287.300	-69.998	
30	287.400	-69.998	
30	287.500	-69.998	
30	287.600	-69.998	
30	287.700	-69.998	
30	287.800	-69.998	
30	287.900	-69.998	
30	288.000	-69.998	
30	288.100	-69.998	
30	288.200	-69.998	
30	288.300	-69.998	
30	288.400	-69.998	
30	288.500	-69.998	
30	288.600	-69.998	
30	288.700	-69.998	
30	288.800	-69.998	
30	288.900	-69.998	
30	289.000	-69.998	
30	289.100	-69.998	
30	289.200	-69.998	
30	289.300	-69.998	
30	289.400	-69.998	
30	289.500	-69.998	
30	289.600	-69.998	
30	289.700	-69.998	
30	289.800	-69.998	
30	289.900	-69.998	
30	290.000	-69.998	
30	290.100	-69.998	
30	290.200	-69.998	
30	290.300	-69.998	
30	290.400	-69.998	
30	290.500	-69.998	
30	290.600	-69.998	
30	290.700	-69.998	
30	290.800	-69.998	
30	290.900	-69.998	
30	291.000	-69.998	
30	291.100	-69.998	
30	291.200	-69.998	
30	291.300	-69.998	
30	291.400	-69.998	
30	291.500	-69.998	
30	291.600	-69.998	
30	291.700	-69.998	
30	291.800	-69.998	
30	291.900	-69.998	
30	292.000	-69.998	
30	292.100	-69.998	
30	292.200	-69.998	
30	292.300	-69.998	
30	292.400	-69.998	
30	292.500	-69.998	
30	292.600	-69.998	
30	292.700	-69.998	
30	292.800	-69.998	
30	292.900	-69.998	
30	293.000	-69.998	
30	293.100	-69.998	
30	293.200	-69.998	
30	293.300	-69.998	
30	293.400	-69.998	
30	293.500	-69.998	
30	293.600	-69.998	
30	293.700	-69.998	
30	293.800	-69.998	
30	293.900	-69.998	
30	294.000	-69.998	
30	294.100	-69.998	
30	294.200	-69.998	
30	294.300	-69.998	
30	294.400	-69.998	
30	294.500	-69.998	
30	294.600	-69.998	
30	294.700	-69.998	
30	294.800	-69.998	
30	294.900	-69.998	
30	295.000	-69.998	
30	295.100	-69.998	
30	295.200	-69.998	
30	295.300	-69.998	
30	295.400	-69.998	
30	295.500	-69.998	
30	295.600	-69.998	
30	295.700	-69.998	
30	295.800	-69.998	
30	295.900	-69.998	
30	296.000	-69.998	
30	296.100	-69.998	
30	296.200	-69.998	
30	296.300	-69.998	
30	296.400	-69.998	
30	296.500	-69.998	
30	296.600	-69.998	
30	296.700	-69.998	
30	296.800	-69.998	
30	296.900	-69.998	
30	297.000	-69.998	
30	297.100	-69.998	
30	297.200	-69.998	
30	297.300	-69.998	
30	297.400	-69.998	
30	297.500	-69.998	
30	297.600	-69.998	
30	297.700	-69.998	
30	297.800	-69.998	
30	297.900	-69.998	
30	298.000	-69.998	
30	298.100	-69.998	
30	298.200	-69.998	
30	298.300	-69.998	
30	298.400	-69.998	
30	298.500	-69.998	
30	298.600	-69.998	
30	298.700	-69.998	
30	298.800	-69.998	
30	298.900	-69.998	
30	299.000	-69.998	
30	299.100	-69.998	
30	299.200	-69.998	
30	299.300	-69.998	
30	299.400	-69.998	
30	299.500	-69.998	
30	299.600	-69.998	
30	299.700	-69.998	
30	299.800	-69.998	
30	299.900	-69.998	
30	300.000	-69.998	
30	300.100	-69.998	
30	300.200	-69.998	
30	300.300	-69.998	
30	300.400	-69.998	
30	300.500	-69.998	
30	300.600	-69.998	
30	300.700	-69.998	
30	300.800	-69.998	
30	300.900	-69.998	
30	301.000	-69.998	
30	301.100	-69.998	
30	301.200	-69.998	
30	301.300	-69.998	
30	301.400	-69.998	
30	301.500	-69.998	
30	301.600	-69.998	
30	301.700	-69.998	
30	301.800	-69.998	
30	301.900	-69.998	
30	302.000	-69.998	
30	302.100	-69.998	
30	302.200	-69.998	
30	302.300	-69.998	
30	302.400	-69.998	
30	302.500	-69.998	
30	302.600	-69.998	
30	302.700	-69.998	
30	302.800	-69.998	
30	302.900	-69.998	
30	303.000	-69.998	
30	303.100	-69.998	
30	303.200	-69.998	
30	303.300	-69.998	
30	303.400	-69.998	
30	303.500	-69.998	
30	303.600	-69.998	
30	303.700	-69.998	
30	303.800	-69.998	
30	303.900	-69.998	
30	304.000	-69.998	
30	304.100	-69.998	
30	304.200	-69.998	
30	304.300	-69.998	
30	304.400	-69.998	
30	304.500	-69.998	
30	304.600	-69.998	
30	304.700	-69.998	
30	304.800	-69.998	
30	304.900	-69.998	
30	305.000	-69.998	
30	305.100	-69.998	
30	305.200	-69.998	
30	305.300	-69.998	
30	305.400	-69.998	
30	305.500	-69.998	
30	305.600	-69.998	
30	305.700	-69.998	
30	305.800	-69.998	
30	305.900	-69.998	
30	306.000	-69.998	
30	306.100	-69.998	
30	306.200	-69.998	
30	306.300	-69.998	
30	306.400	-69.998	
30	306.500	-69.998	
30	306.600	-69.998	
30	306.700	-69.998	
30	306.800	-69.998	
30	306.900	-69.998	
30	307.000	-69.998	
30	307.100	-69.998	
30	307.200	-69.998	
30	307.300	-69.998	
30	307.400	-69.998	
30	307.500	-69.998	
30	307.600	-69.998	
30	307.700	-69.998	
30	307.800	-69.998	
30	307.900	-69.998	
30	308.000	-69.998	
30	308.100	-69.998	
30	308.200	-69.998	
30	308.300	-69.998	
30	308.400	-69.998	
30	308.500	-69.998	
30	308.600	-69.998	
30	308.700	-69.998	
30	308.800	-69.998	
30	308.900	-69.998	
30	309.000	-69.998	
30	309.100	-69.998	
30	309.200	-69.998	
30	309.300	-69.998	
30	309.400	-69.998	
30	309.500	-69.998	
30	309.600	-69.998	
30	309.700	-69.998	
30	309.800	-69.998	
30	309.900	-69.998	
30	310.000	-69.998	
30	310.100	-69.998	
30	310.200	-69.998	
30	310.300	-69.998	
30	310.400	-69.998	
30	310.500	-69.998	
30	310.600	-69.998	
30	310.700	-69.998	
30	310.800	-69.998	
30	310.900	-69.998	
30	311.000	-69.998	
30	311.100	-69.998	
30	311.200	-69.998	
30	311.300	-69.998	
30	311.400	-69.998	
30	311.500	-69.998	
30	311.600	-69.998	
30	311.700	-69.998	
30	311.800	-69.998	
30	311.900	-69.998	
30	312.000	-69.998	
30	312.100	-69.998	
30	312.200	-69.998	
30	312.300	-69.998	
30	312.400	-69.998	
30	312.500	-69.998	
30	312.600	-69.998	
30	312.700	-69.998	
30	312.800	-69.998	
30	312.900	-69.998	
30	313.000	-69.998	
30	313.100	-69.998	
30	313.200	-69.998	
30	313.300	-69.998	
30	313.400	-69.998	
30	313.500	-69.998	
30	313.600	-69.998	
30	313.700	-69.998	
30	313.800	-69.998	
30	313.900	-69.998	
30	314.000	-69.998	
30	314.100	-69.998	
30	314.200	-69.998	
30	314.300	-69.998	
30	314.400	-69.998	
30	314.500	-69.998	
30	314.600	-69.998	
30	314.700	-69.998	
30	314.800	-69.998	
30	314.900	-69.998	
30	315.000	-69.998	
30	315.100	-69.998	
30	315.200	-69.998	
30	315.300	-69.998	
30	315.400	-69.998	
30	315.500	-69.998	
30	315.600	-69.998	
30	315.700	-69.998	
30	315.800	-69.998	
30	315.900	-69.998	
30	316.000	-69.998	
30	316.100	-69.998	
30	316.200	-69.998	
30	316.300	-69.998	
30	316.400	-69.998	
30	316.500	-69.998	
30	316.600	-69.998	
30	316.700	-69.998	
30	316.800	-69.998	
30	316.900	-69.998	
30	317.000	-69.998	
30	317.100	-69.998	
30	317.200	-69.998	
30	317.300	-69.998	
30	317.400	-69.998	
30	317.500	-69.998	
30	317.600	-69.998	
30	317.700	-69.998	
30	317.800	-69.998	
30	317.900	-69.998	
30	318.000	-69.998	
30	318.100	-69.998	
30	318.200	-69.998	
30	318.300	-69.998	
30	318.400	-69.998	
30	318.500	-69.998	
30	318.600	-69.998	
30	318.700	-69.998	
30	318.800	-69.998	
30	318.900	-69.998	
30	319.000	-69.998	
30	319.100	-69.998	
30	319.200	-69.998	
30	319.300	-69.998	
30	319.400	-69.998	
30	319.500	-69.998	
30	319.600	-69.998	
30	319.700	-69.998	
30	319.800	-69.998	
30	319.900	-69.998	
30	320.000	-69.998	
30	320.100	-69.998	
30	320.200	-69.998	
30	320.300	-69.998	
30	320.400	-69.998	
30	320.500	-69.998	
30	320.600	-69.998	
30	320.700	-69.998	
30	320.800	-69.998	
30	320.900	-69.998	
30	321.000	-69.998	
30	321.100	-69.998	
30	321.200	-69.998	
30	321.300	-69.998	
30	321.400	-69.998	
30	321.500	-69.998	
30	321.600	-69.998	
30	321.700	-69.998	
30	321.800	-69.998	
30	321.900	-69.998	
30	322.000	-69.998	
30	322.100	-69.998	
30	322.200	-69.998	
30	322.300	-69.998	
30	322.400	-69.998	
30	322.500	-69.998	
30	322.600	-69.998	
30	322.700	-69.998	
30	322.800	-69.998	
30	322.900	-69.998	
30	323.000	-69.998	
30	323.100	-69.998	
30	323.200	-69.998	
30	323.300	-69.998	
30	323.400	-69.998	
30	323.500	-69.998	
30	323.600	-69.998	
30	323.700	-69.998	
30	323.800	-69.998	
30	323.900	-69.998	
30	324.000	-69.998	
30	324.100	-69.998	
30	324.200	-69.998	
30	324.300	-69.998	
30	324.400	-69.998	
30	324.500	-69.998	
30	324.600	-69.998	
30	324.700	-69.998	
30	324.800	-69.998	
30	324.900	-69.998	
30	325.000	-69.998	
30	325.100	-69.998	
30	325.200	-69.998	
30	325.300	-69.998	
30	325.400	-69.998	
30	325.500	-69.998	
30	325.600	-69.998	
30	325.700	-69.998	
30	325.800	-69.998	
30	325.900	-69.998	
30	326.000	-69.998	
30	326.100	-69.998	
30	326.200	-69.998	
30	326.300	-69.998	
30	326.400	-69.998	
30	326.500	-69.998	
30	326.600	-69.998	
30	326.700	-69.998	
30	326.800	-69.998	
30	326.900	-69.998	
30	327.000	-69.998	
30	327.100	-69.998	
30	327.200	-69.998	
30	327.300	-69.998	
30	327.400	-69.998	
30	327.500	-69.998	
30	327.600	-69.998	
30	327.700	-69.998	
30	327.800	-69.998	
30	327.900	-69.998	
30	328.000	-69.998	
30	328.100	-69.998	
30	328.200	-69.998	
30	328.300	-69.998	
30	328.400	-69.998	
30	328.500	-69.998	
30	328.600	-69.998	
30	328.700	-69.998	
30	328.800	-69.998	
30	328.900	-69.998	
30	329.000	-69.998	
30	329.100	-69.998	
30	329.200	-69.998	
30	329.300	-69.998	
30	329.400	-69.998	
30	329.500	-69.998	
30	329.600	-69.998	
30	329.700	-69.998	
30	329.800	-69.998	
30	329.900	-69.998	
30	330.000	-69.998	
30	330.100	-69.998	
30	330.200	-69.998	
30	330.300	-69.998	
30	330.400	-69.998	
30	330.500	-69.998	
30	330.600	-69.998	
30	330.700	-69.998	
30	330.800	-69.998	
30	330.900	-69.998	
30	331.000	-69.998	
30	331.100	-69.998	
30	331.200	-69.998	
30	331.300	-69.998	
30	331.400	-69.998	
30	331.500	-69.998	
30	331.600	-69.998	
30	331.700	-69.998	
30	331.800	-69.998	
30	331.900	-69.998	
30	332.000	-69.998	
30	332.100	-69.998	
30	332.200	-69.998	
30	332.300	-69.998	
30	332.400	-69.998	
30	332.500	-69.998	
30	332.600	-69.998	
30	332.700	-69.998	
30	332.800	-69.998	
30	332.900	-69.998	
30	333.000	-69.998	
30	333.100	-69.998	
30	333.200	-69.998	
30	333.300	-69.998	
30	333.400	-69.998	
30	333.500	-69.998	
30	333.600	-69.998	
30	333.700	-69.998	
30	333.800	-69.998	
30	333.900	-69.998	
30	334.000	-69.998	
30	334.100	-69.998	
30	334.200	-69.998	
30	334.300	-69.998	
30	334.400	-69.998	
30	334.500	-69.998	
30	334.600	-69.998	
30	334.700	-69.998	
30	334.800	-69.998	
30	334.900	-69.998	
30	335.000	-69.998	
30	335.100	-69.998	
30	335.200	-69.998	
30	335.300	-69.998	
30	335.400	-69.998	
30	335.500	-69.998	
30	335.600	-69.998	
30	335.700	-69.998	
30	335.800	-69.998	
30	335.900	-69.998	
30	336.000	-69.998	
30	336.100	-69.998	
30	336.200	-69.998	
30	336.300	-69.998	
30	336.400	-69.998	
30	336.500	-69.998	
30	336.600	-69.998	
30	336.700	-69.998	
30	336.800	-69.998	
30	336.900	-69.998	
30	337.000	-69.998	
30	337.100	-69.998	
30	337.200	-69.998	
30	337.300	-69.998	
30	337.400	-69.998	
30	337.500	-69.998	
30	337.600	-69.998	
30	337.700	-69.998	
30	337.800	-69.998	
30	337.900	-69.998	
30	338.000	-69.998	
30	338.100	-69.998	
30	338.200	-69.998	
30	338.300	-69.998	
30	338.400	-69.998	
30	338.500	-69.998	
30	338.600	-69.998	
30	338.700	-69.998	
30	338.800	-69.998	
30	338.900	-69.998	
30	339.000	-69.998	
30	339.100	-69.998	
30	339.200	-69.998	
30	339.300	-69.998	
30	339.400	-69.998	
30	339.500	-69.998	
30	339.600	-69.998	
30	339.700	-69.998	
30	339.800	-69.998	
30	339.900	-69.998	
30	340.000	-69.998	
30	340.100	-69.998	
30	340.200	-69.998	
30	340.300	-69.998	
30	340.400	-69.998	
30	340.500	-69.998	
30	340.600	-69.998	
30	340.700	-69.998	
30	340.800	-69.998	
30	340.900	-69.998	
30	341.000	-69.998	
30	341.100	-69.998	
30	341.200	-69.998	
30	341.300	-69.998	
30	341.400	-69.998	
30	341.500	-69.998	
30	341.600	-69.998	
30	341.700	-69.998	
30	341.800	-69.998	
30	341.900	-69.998	
30	342.000	-69.998	
30	342.100	-69.998	
30	342.200	-69.998	
30	342.300	-69.998	
30	342.400	-69.998	
30	342.500	-69.998	
30	342.600	-69.998	
30	342.700	-69.998	
30	342.800	-69.998	
30	342.900	-69.998	
30	343.000	-69.998	
30	343.100	-69.998	
30	343.200	-69.998	
30	343.300	-69.998	
30	343.400	-69.998	
30	343.500	-69.998	
30	343.600	-69.998	
30	343.700	-69.998	
30	343.800	-69.998	
30	343.900	-69.998	
30	344.000	-69.998	
30	344.100	-69.998	
30	344.200	-69.998	
30	344.300	-69.998	
30	344.400	-69.998	
30	344.500	-69.998	
30	344.600	-69.998	
30	344.700	-69.998	
30	344.800	-69.998	
30	344.900	-69.998	
30	345.000	-69.998	
30	345.100	-69.998	
30	345.200	-69.998	
30	345.300	-69.998	
30	345.400	-69.998	
30	345.500	-69.998	
30	345.600	-69.998	
30	345.700	-69.998	
30	345.800	-69.998	
30	345.900	-69.998	
30	346.000	-69.998	
30	346.100	-69.998	
30	346.200	-69.998	
30	346.300	-69.998	
30	346.400	-69.998	
30	346.500	-69.998	
30	346.600	-69.998	
30	346.700	-69.998	
30	346.800	-69.998	
30	346.900	-69.998	
30	347.000	-69.998	
30	347.100	-69.998	
30	347.200	-69.998	
30	347.300	-69.998	
30	347.400	-69.998	
30	347.500	-69.998	
30	347.600	-69.998	
30	347.700	-69.998	
30	347.800	-69.998	
30	347.900	-69.998	
30	348.000	-69.998	
30	348.100	-69.998	
30	348.200	-69.998	
30	348.300	-69.998	
30	348.400	-69.998	
30	348.500	-69.998	
30	348.600	-69.998	
30	348.700	-69.998	
30	348.800	-69.998	
30	348.900	-69.998	
30	349.000	-69.998	
30	349.100	-69.998	
30	349.200	-69.998	
30	349.300	-69.998	
30	349.400	-69.998	
30	349.500	-69.998	
30	349.600	-69.998	
30	349.700	-69.998	
30	349.800	-69.998	
30	349.900	-69.998	
30	350.000	-69.998	
30	350.100	-69.998	
30	350.200	-69.998	
30	350.300	-69.998	
30	350.400	-69.998	
30	350.500	-69.998	
30	350.600	-69.998	
30	350.700	-69.998	
30	350.800	-69.998	
30	350.900	-69.998	
30	351.000	-69.998	
30	351.100	-69.998	
30	351.200	-69.998	
30	351.300	-69.998	
30	351.400	-69.998	
30	351.500	-69.998	
30	351.600	-69.998	
30	351.700	-69.998	
30	351.800	-69.998	
30	351.900	-69.998	
30	352.000	-69.998	
30	352.100	-69.998	
30	352.200	-69.998	
30	352.300	-69.998	
30	352.400	-69.998	
30	352.500	-69.998	
30	352.600	-69.998	
30	352.700	-69.998	
30	352.800	-69.998	
30	352.900	-69.998	
30	353.000	-69.998	
30	353.100	-69.998	
30	353.200	-69.998	
30	353.300	-69.998	
30	353.400	-69.998	
30	353.500	-69.998	
30	353.600	-69.998	
30	353.700	-69.998	
30	353.800	-69.998	
30	353.900	-69.998	
30	354.000	-69.998	
30	354.100	-69.998	
30	354.200	-69.998	
30	354.300	-69.998	
30	354.400	-69.998	
30	354.500	-69.998	
30	354.600	-69.998	
30	354.700	-69.998	
30	354.800	-69.998	
30	354.900	-69.998	
30	355.000	-69.998	
30	355.100	-69.998	
30	355.200	-69.998	
30	355.300	-69.998	
30	355.400	-69.998	
30	355.500	-69.998	
30	355.600	-69.998	
30	355.700	-69.998	
30	355.800	-69.998	
30	355.900	-69.998	
30	356.000	-69.998	
30	356.100	-69.998	
30	356.200	-69.998	
30	356.300	-69.998	
30	356.400	-69.998	
30	356.500	-69.998	
30	356.600	-69.998	
30	356.700	-69.998	
30	356.800	-69.998	
30	356.900	-69.998	
30	357.000	-69.998	
30	357.100	-69.998	
30	357.200	-69.998	
30	357.300	-69.998	
30	357.400	-69.998	
30	357.500	-69.998	
30	357.600	-69.998	
30	357.700	-69.998	
30	357.800	-69.998	
30	357.900	-69.998	
30	358.000	-69.998	
30	358.100	-69.998	
30	358.200	-69.998	
30	358.300	-69.998	
30	358.400	-69.998	
30	358.500	-69.998	
30	358.600	-69.998	
30	358.700	-69.998	
30	358.800	-69.998	
30	358.900	-69.998	
30	359.000	-69.998	
30	359.100	-69.998	
30	359.200	-69.998	
30	359.300	-69.998	
30	359.400	-69.998	
30	359.500	-69.998	
30	359.600	-69.998	
30	359.700	-69.998	
30	359.800	-69.998	
30	359.900	-69.998	
30	360.000	-69.998	
30	360.100	-69.998	
30	360.200	-69.998	
30	360.300	-69.998	
30	360.400	-69.998	
30	360.500	-69.998	
30	360.600	-69.998	
30	360.700	-69.998	
30	360.800	-69.998	
30	360.900	-69.998	
30	361.000	-69.998	
30	361.100	-69.998	
30	361.200	-69.998	
30	361.300	-69.998	
30	361.400	-69.998	
30	361.500	-69.998	
30	361.600	-69.998	
30	361.700	-69.998	
30	361.800	-69.998	
30	361.900	-69.998	
30	362.000	-69.998	
30	362.100	-69.998	
30	362.200	-69.998	
30	362.300	-69.998	
30	362.400	-69.998	
30	362.500	-69.998	
30	362.600	-69.998	
30	362.700	-69.998	
30	362.800	-69.998	
30	362.900	-69.998	
30	363.000	-69.998	
30	363.100	-69.998	
30	363.200	-69.998	
30	363.300	-69.998	
30	363.400	-69.998	
30	363.500	-69.998	
30	363.600	-69.998	
30	363.700	-69.998	
30	363.800	-69.998	
30	363.900	-69.998	
30	364.000	-69.998	
30	364.100	-69.998	
30	364.200	-69.998	
30	364.300	-69.998	
30	364.400	-69.998	
30	364.500	-69.998	
30	364.600	-69.998	
30	364.700	-69.998	
30	364.800	-69.998	
30	364.900	-69.998	
30	365.000	-69.998	
30	365.100	-69.998	
30	365.200	-69.998	
30	365.300	-69.998	
30	365.400	-69.998	
30	365.500	-69.998	
30	365.600	-69.998	
30	365.700	-69.998	
30	365.800	-69.998	
30	365.900	-69.998	
30	366.000	-69.998	
30	366.100	-69.998	
30	366.200	-69.998	
30	366.300	-69.998	
30	366.400	-69.998	
30	366.500	-69.998	
30	366.600	-69.998	
30	366.700	-69.998	
30	366.800	-69.998	
30	366.900	-69.998	
30	367.000	-69.998	
30	367.100	-69.998	
30	367.200	-69.998	
30	367.300	-69.998	
30	367.400	-69.998	
30	367.500	-69.998	
30	367.600	-69.998	
30	367.700	-69.998	
30	367.800	-69.998	
30	367.900	-69.998	
30	368.000	-69.998	
30	368.100	-69.998	
30	368.200	-69.998	
30	368.300	-69.998	
30	368.400	-69.998	
30	368.500	-69.998	
30	368.600	-69.998	
30	368.700	-69.998	
30	368.800	-69.998	
30	368.900	-69.998	
30	369.000	-69.998	
30	369.100	-69.998	
30	369.200	-69.998	
30	369.300	-69.998	
30	369.400	-69.998	
30	369.500	-69.998	
30	369.600	-69.998	
30	369.700	-69.998	
30	369.800	-69.998	
30	369.900	-69.998	
30	370.000	-69.998	
30	370.100	-69.998	
30	370.200	-69.998	
30	370.300	-69.998	
30	370.400	-69.998	
30	370.500	-69.998	
30	370.600	-69.998	
30	370.700	-69.998	
30	370.800	-69.998	
30	370.900	-69.998	
30	371.000	-69.998	
30	371.100	-69.998	
30	371.200	-69.998	
30	371.300	-69.998	
30	371.400	-69.998	
30	371.500	-69.998	
30	371.600	-69.998	
30	371.700	-69.998	
30	371.800	-69.998	
30	371.900	-69.998	
30	372.000	-69.998	
30	372.100	-69.998	
30	372.200	-69.998	
30	372.300	-69.998	
30	372.400	-69.998	
30	372.500	-69.998	
30	372.600	-69.998	
30	372.700	-69.998	
30	372.800	-69.998	
30	372.900	-69.998	
30	373.000	-69.998	
30	373.100	-69.998	
30	373.200	-69.998	
30	373.300	-69.998	
30	373.400	-69.998	
30	373.500	-69.998	
30	373.600	-69.998	
30	373.700	-69.998	
30	373.800	-69.998	
30	373.900	-69.998	
30	374.000	-69.998	
30	374.100	-69.998	
30	374.200	-69.998	
30	374.300	-69.998	
30	374.400	-69.998	
30	374.500	-69.998	
30	374.600	-69.998	
30	374.700	-69.998	
30	374.800	-69.998	
30	374.900	-69.998	
30	375.000	-69.998	
30	375.100	-69.998	
30	375.200	-69.998	
30	375.300	-69.998	
30	375.400	-69.998	
30	375.500	-69.998	
30	375.600	-69.998	
30	375.700	-69.998	
30	375.800	-69.998	
30	375.900	-69.998	
30	376.000	-69.998	
30	376.100	-69.998	
30	376.200	-69.998	
30	376.300	-69.998	
30	376.400	-69.998	
30	376.500	-69.998	
30	376.600	-69.998	
30	376.700	-69.998	
30	376.800	-69.998	
30	376.900	-69.998	
30	377.000	-69.998	
30	377.100	-69.998	
30	377.200	-69.998	
30	377.300	-69.998	
30	377.400	-69.998	
30	377.500	-69.998	
30	377.600	-69.998	
30	377.700	-69.998	
30	377.800	-69.998	
30	377.900	-69.998	
30	378.000	-69.998	
30	378.100	-69.998	
30	378.200	-69.998	
30	378.300	-69.998	
30	378.400	-69.998	
30	378.500	-69.998	
30	378.600	-69.998	
30	378.700	-69.998	
30	378.800	-69.998	
30	378.900	-69.998	
30	379.000	-69.998	
30	379.100	-69.998	
30	379.200	-69.998	
30	379.300	-69.998	
30	379.400	-69.998	
30	379.500	-69.998	
30	379.600	-69.998	
30	379.700	-69.998	
30	379.800	-69.998	
30	379.900	-69.998	
30	380.000	-69.998	
30	380.100	-69.998	
30	380.200	-69.998	
30	380.300	-69.998	
30	380.400	-69.998	
30	380.500	-69.998	
30	380.600	-69.998	
30	380.700	-69.998	
30	380.800	-69.998	
30	380.900	-69.998	
30	381.000	-69.998	
30	381.100	-69.998	
30	381.200	-69.998	
30	381.300	-69.998	
30	381.400	-69.998	
30	381.500	-69.998	
30	381.600	-69.998	
30	381.700	-69.998	
30	381.800	-69.998	
30	381.900	-69.998	
30	382.000	-69.998	
30	382.100	-69.998	
30	382.200	-69.998	
30	382.300	-69.998	
30	382.400	-69.998	
30	382.500	-69.998	
30	382.600	-69.998	
30	382.700	-69.998	
30	382.800	-69.998	
30	382.900	-69.998	
30	383.000	-69.998	
30	383.100	-69.998	
30	383.200	-69.998	
30	383.300	-69.998	
30	383.400	-69.998	
30	383.500	-69.998	
30	383.600	-69.998	
30	383.700	-69.998	
30	383.800	-69.998	
30	383.900	-69.998	
30	384.000	-69.998	
30	384.100	-69.998	
30	384.200	-69.998	
30	384.300	-69.998	
30	384.400	-69.998	
30	384.500	-69.998	
30	384.600	-69.998	
30	384.700	-69.998	
30	384.800	-69.998	
30	384.900	-69.998	
30	385.000	-69.998	
30	385.100	-69.998	
30	385.200	-69.998	
30	385.300	-69.998	
30	385.400	-69.998	
30	385.500	-69.998	
30	385.600	-69.998	
30	385.700	-69.998	
30	385.800	-69.998	
30	385.900	-69.998	
30	386.000	-69.998	
30	386.100	-69.998	
30	386.200	-69.998	
30	386.300	-69.998	
30	386.400	-69.998	
30	386.500	-69.998	
30	386.600	-69.998	
30	386.700	-69.998	
30	386.800	-69.998	
30	386.900	-69.998	
30	387.000	-69.998	
30	387.100	-69.998	
30	387.200	-69.998	
30	387.300	-69.998	
30	387.400	-69.998	
30	387.500	-69.998	
30	387.600	-69.998	
30	387.700	-69.998	
30	387.800	-69.998	
30	387.900	-69.998	
30	388.000	-69.998	
30	388.100	-69.998	
30	388.200	-69.998	
30	388.300	-69.998	
30	388.400	-69.998	
30	388.500	-69.998	
30	388.600	-69.998	
30	388.700	-69.998	
30	388.800	-69.998	
30	388.900	-69.998	
30	389.000	-69.998	
30	389.100	-69.998	
30	389.200	-69.998	
30	389.300	-69.998	
30	389.400	-69.998	
30	389.500	-69.998	
30	389.600	-69.998	
30	389.700	-69.998	
30	389.800	-69.998	
30	389.900	-69.998	
30	390.000	-69.998	
30	390.100	-69.998	
30	390.200	-69.998	
30	390.300	-69.998	
30	390.400	-69.998	
30	390.500	-69.998	
30	390.600	-69.998	
30	390.700	-69.998	
30	390.800	-69.998	
30	390.900	-69.998	
30	391.000	-69.998	
30	391.100	-69.998	
30	391.200	-69.998	
30	391.300	-69.998	
30	391.400	-69.998	
30	391.500	-69.998	
30	391.600	-69.998	
30	391.700	-69.998	
30	391.800	-69.998	
30	391.900	-69.998	
30	392.000	-69.998	
30	392.100	-69.998	
30	392.200	-69.998	
30	392.300	-69.998	
30	392.400	-69.998	
30	392.500	-69.998	
30	392.600	-69.998	
30	392.700	-69.998	
30	392.800	-69.998	
30	392.900	-69.998	
30	393.000	-69.998	
30	393.100	-69.998	
30	393.200	-69.998	
30	393.300	-69.998	
30	393.400	-69.998	
30	393.500	-69.998	
30	393.600	-69.998	
30	393.700	-69.998	
30	393.800	-69.998	
30	393.900	-69.998	
30	394.000	-69.998	
30	394.100	-69.998	
30	394.200	-69.998	
30	394.300	-69.998	
30	394.400	-69.998	
30	394.500	-69.998	
30	394.600	-69.998	
30	394.700	-69.998	
30	394.800	-69.998	
30	394.900	-69.998	
30	395.000	-69.998	
30	395.100	-69.998	
30	395.200	-69.998	
30	395.300	-69.998	
30	395.400	-69.998	
30	395.500	-69.998	
30	395.600	-69.998	
30	395.700	-69.998	
30	395.800	-69.998	
30	395.900	-69.998	
30	396.000	-69.998	
30	396.100	-69.998	
30	396.200	-69.998	
30	396.300	-69.998	
30	396.400	-69.998	
30	396.500	-69.998	
30	396.600	-69.998	
30	396.700	-69.998	
30	396.800	-69.998	
30	396.900	-69.998	
30	397.000	-69.998	
30	397.100	-69.998	
30	397.200	-69.998	
30	397.300	-69.998	
30	397.400	-69.998	
30	397.500	-69.998	
30	397.600	-69.998	
30	397.700	-69.998	
30	397.800	-69.998	
30	397.900	-69.998	
30	398.000	-69.998	
30	398.100	-69.998	
30	398.200	-69.998	
30	398.300	-69.998	
30	398.400	-69.998	
30	398.500	-69.998	
30	398.600	-69.998	
30	398.700	-69.998	
30	398.800	-69.998	
30	398.900	-69.998	
30	399.000	-69.998	
30	399.100	-69.998	
30	399.200	-69.998	
30	399.300	-69.998	
30	399.400	-69.998	
30	399.500	-69.998	
30	399.600	-69.998	
30	399.700	-69.998	
30	399.800	-69.998	
30	399.900	-69.998	
30	400.000	-69.998	
30	400.100	-69.998	
30	400.200	-69.998	
30	400.300	-69.998	
30	400.400	-69.998	
30	400.500	-69.998	
30	400.600	-69.998	
30	400.700	-69.998	
30	400.800	-69.998	
30	400.900	-69.998	
30	401.000	-69.998	
30	401.100	-69.998	
30	401.200	-69.998	
30	401.300	-69.998	
30	401.400	-69.998	
30	401.500	-69.998	
30	401.600	-69.998	
30	401.700	-69.998	
30	401.800	-69.998	
30	401.900	-69.998	
30	402.000	-69.998	
30	402.100	-69.998	
30	402.200	-69.998	
30	402.300	-69.998	
30	402.400	-69.998	
30	402.500	-69.998	
30	402.600	-69.998	
30	402.700	-69.998	
30	402.800	-69.998	
30	402.900	-69.998	
30	403.000	-69.998	
30	403.100	-69.998	
30	403.200	-69.998	
30	403.300	-69.998	
30	403.400	-69.998	
30	403.500	-69.998	
30	403.600	-69.998	
30	403.700	-69.998	
30	403.800	-69.998	
30	403.900	-69.998	
30	404.000	-69.998	
30	404.100	-69.998	
30	404.200	-69.998	
30	404.300	-69.998	
30	404.400	-69.998	
30	404.500	-69.998	
30	404.600	-69.998	
30	404.700	-69.998	
30	404.800	-69.998	
30	404.900	-69.998	
30	405.000	-69.998	
30	405.100	-69.998	
30	405.200	-69.998	
30	405.300	-69.998	
30	405.400	-69.998	
30	405.500	-69.998	
30	405.600	-69.998	
30	405.700	-69.998	
30	405.800	-69.998	
30	405.900	-69.998	
30	406.000	-69.998	
30	406.100	-69.998	
30	406.200	-69.998	
30	406.300	-69.998	
30	406.400	-69.998	
30	406.500	-69.998	
30	406.600	-69.998	
30	406.700	-69.998	
30	406.800	-69.998	
30	406.900	-69.998	
30	407.000	-69.998	
30	407.100	-69.998	
30	407.200	-69.998	
30	407.300	-69.998	
30	407.400	-69.998	
30	407.500	-69.998	
30	407.600	-69.998	
30	407.700	-69.998	
30	407.800	-69.998	
30	407.900	-69.998	
30	408.000	-69.998	
30	408.100	-69.998	
30	408.200	-69.998	
30	408.300	-69.998	
30	408.400	-69.998	
30	408.500	-69.998	
30	408.600	-69.998	
30	408.700	-69.998	
30	408.800	-69.998	
30	408.900	-69.998	
30	409.000	-69.998	
30	409.100	-69.998	
30	409.200	-69.998	
30	409.300	-69.998	
30	409.400	-69.998	
30	409.500	-69.998	
30	409.600	-69.998	
30	409.700	-69.998	
30	409.800	-69.998	
30	409.900	-69.998	
30	410.000	-69.998	
30	410.100	-69.998	
30	410.200	-69.998	
30	410.300	-69.998	
30	410.400	-69.998	
30	410.500	-69.998	
30	410.600	-69.998	
30	410.700	-69.998	
30	410.800	-69.998	
30	410.900	-69.998	
30	411.000	-69.998	
30	411.100	-69.998	
30	411.200	-69.998	
30	411.300	-69.998	
30	411.400	-69.998	
30	411.500	-69.998	
30	411.600	-69.998	
30	411.700	-69.998	
30	411.800	-69.998	
30	411.900	-69.998	
30	412.000	-69.998	
30	412.100	-69.998	
30	412.200	-69.998	
30	412.300	-69.998	
30	412.400	-69.998	
30	412.500	-69.998	
30	412.600	-69.998	
30	412.700	-69.998	
30	412.800	-69.998	
30	412.900	-69.998	
30	413.000	-69.998	
30	413.100	-69.998	
30	413.200	-69.998	
30	413.300	-69.998	
30	413.400	-69.998	
30	413.500	-69.998	
30	413.600	-69.998	
30	413.700	-69.998	
30	413.800	-69.998	
30	413.900	-69.998	
30	414.000	-69.998	
30	414.100	-69.998	
30	414.200	-69.998	
30	414.300	-69.998	
30	414.400	-69.998	
30	414.500	-69.998	
30	414.600	-69.998	
30	414.700	-69.998	
30	414.800	-69.998	
30	414.900	-69.998	
30	415.000	-69.998	
30	415.100	-69.998	
30	415.200	-69.998	
30	415.300	-69.998	
30	415.400	-69.998	
30	415.500	-69.998	
30	415.600	-69.998	
30	415.700	-69.998	
30	415.800	-69.998	
30	415.900	-69.998	
30	416.000	-69.998	
30	416.100	-69.998	
30	416.200	-69.998	
30	416.300	-69.998	
30	416.400	-69.998	
30	416.500	-69.998	
30	416.600	-69.998	
30	416.700	-69.998	
30	416.800	-69.998	
30	416.900	-69.998	
30	417.000	-69.998	
30	417.100	-69.998	
30	417.200	-69.998	
30	417.300	-69.998	
30	417.400	-69.998	
30	417.500	-69.998	
30	417.600	-69.998	
30	417.700	-69.998	
30	417.800	-69.998	
30	417.900	-69.998	
30	418.000	-69.998	
30	418.100	-69.998	
30	418.200	-69.998	
30	418.300	-69.998	
30	418.400	-69.998	
30	418.500	-69.998	
30	418.600	-69.998	
30	418.700	-69.998	
30	418.800	-69.998	
30	418.900	-69.998	
30	419.000	-69.998	
30	419.100	-69.998	
30	419.200	-69.998	
30	419.300	-69.998	
30	419.400	-69.998	
30	419.500	-69.998	
30	419.600	-69.998	
30	419.700	-69.998	
30	419.800	-69.998	
30	419.900	-69.998	
30	420.000	-69.998	
30	420.100	-69.998	
30	420.200	-69.998	
30	420.300	-69.998	
30	420.400	-69.998	
30	420.500	-69.998	
30	420.600	-69.998	
30	420.700	-69.998	
30	420.800	-69.998	
30	420.900	-69.998	
30	421.000	-69.998	
30	421.100	-69.998	
30	421.200	-69.998	
30	421.300	-69.998	
30	421.400	-69.998	
30	421.500	-69.998	
30	421.600	-69.998	
30	421.700	-69.998	
30	421.800	-69.998	
30	421.900	-69.998	
30	422.000	-69.998	
30	422.100	-69.998	
30	422.200	-69.998	
30	422.300	-69.998	
30	422.400	-69.998	
30	422.500	-69.998	
30	422.600	-69.998	
30	422.700	-69.998	
30	422.800	-69.998	
30	422.900	-69.998	
30	423.000	-69.998	
30	423.100	-69.998	
30	423.200	-69.998	
30	423.300	-69.998	
30	423.400	-69.998	
30	423.500	-69.998	
30	423.600	-69.998	
30	423.700	-69.998	
30	423.800	-69.998	
30	423.900	-69.998	
30	424.000	-69.998	
30	424.100	-69.998	
30	424.200	-69.998	
30	424.300	-69.998	
30	424.400	-69.998	
30	424.500	-69.998	
30	424.600	-69.998	
30	424.700	-69.998	
30	424.800	-69.998	
30	424.900	-69.998	
30	425.000	-69.998	
30	425.100	-69.998	
30	425.200	-69.998	
30	425.300	-69.998	
30	425.400	-69.998	
30	425.500	-69.998	
30	425.600	-69.998	
30	425.700	-69.998	
30	425.800	-69.998	
30	425.900	-69.998	
30	426.000	-69.998	
30	426.100	-69.998	
30	426.200	-69.998	
30	426.300	-69.998	
30	426.400	-69.998	
30	426.500	-69.998	
30	426.600	-69.998	
30	426.700	-69.998	
30	426.800	-69.998	
30	426.900	-69.998	
30	427.000	-69.998	
30	427.100	-69.998	
30	427.200	-69.998	
30	427.300	-69.998	
30	427.400	-69.998	
30	427.500	-69.998	
30	427.600	-69.998	
30	427.700	-69.998	
30	427.800	-69.998	
30	427.900	-69.998	
30	428.000	-69.998	
30	428.100	-69.998	
30	428.200	-69.998	
30	428.300	-69.998	
30	428.400	-69.998	
30	428.500	-69.998	
30	428.600	-69.998	
30	428.700	-69.998	
30	428.800	-69.998	
30	428.900	-69.998	
30	429.000	-69.998	
30	429.100	-69.998	
30	429.200	-69.998	
30	429.300	-69.998	
30	429.400	-69.998	
30	429.500	-69.998	
30	429.600	-69.998	
30	429.700	-69.998	
30	429.800	-69.998	
30	429.900	-69.998	
30	430.000	-69.998	
30	430.100	-69.998	
30	430.200	-69.998	
30	430.300	-69.998	
30	430.400	-69.998	
30	430.500	-69.998	
30	430.600	-69.998	
30	430.700	-69.998	
30	430.800	-69.998	
30	430.900	-69.998	
30	431.000	-69.998	
30	431.100	-69.998	
30	431.200	-69.998	
30	431.300	-69.998	
30	431.400	-69.998	
30	431.500	-69.998	
30	431.600	-69.998	
30	431.700	-69.998	
30	431.800	-69.998	
30	431.900	-69.998	
30	432.000	-69.998	
30	432.100	-69.998	
30	432.200	-69.998	
30	432.300	-69.998	
30	432.400	-69.998	
30	432.500	-69.998	
30	432.600	-69.998	
30	432.700	-69.998	
30	432.800	-69.998	
30	432.900	-69.998	
30	433.000	-69.998	
30	433.100	-69.998	
30	433.200	-69.998	
30	433.300	-69.998	
30	433.400	-69.998	
30	433.500	-69.998	
30	433.600	-69.998	
30	433.700	-69.998	
30	433.800	-69.998	
30	433.900	-69.998	
30	434.000	-69.998	
30	434.100	-69.998	
30	434.200	-69.998	
30	434.300	-69.998	
30	434.400	-69.998	
30	434.500	-69.998	
30	434.600	-69.998	
30	434.700	-69.998	
30	434.800	-69.998	
30	434.900	-69.998	
30	435.000	-69.998	
30	435.100	-69.998	
30	435.200	-69.998	
30	435.300	-69.998	
30	435.400	-69.998	
30	435.500	-69.998	
30	435.600	-69.998	
30	435.700	-69.998	
30	435.800	-69.998	
30	435.900	-69.998	
30	436.000	-69.998	
30	436.100	-69.998	
30	436.200	-69.998	
30	436.300	-69.998	
30	436.400	-69.998	
30	436.500	-69.998	
30	436.600	-69.998	
30	436.700	-69.998	
30	436.800	-69.998	
30	436.900	-69.998	
30	437.000	-69.998	
30	437.100	-69.998	
30	437.200	-69.998	
30	437.300	-69.998	
30	437.400	-69.998	
30	437.500	-69.998	
30	437.600	-69.998	
30	437.700	-69.998	
30	437.800	-69.998	
30	437.900	-69.998	
30	438.000	-69.998	
30	438.100	-69.998	
30	438.200	-69.998	
30	438.300	-69.998	
30	438.400	-69.998	
30	438.500	-69.998	
30	438.600	-69.998	
30	438.700	-69.998	
30	438.800	-69.998	
30	438.900	-69.998	
30	439.000	-69.998	
30	439.100	-69.998	
30	439.200	-69.998	
30	439.300	-69.998	
30	439.400	-69.998	
30	439.500	-69.998	
30	439.600	-69.998	
30	439.700	-69.998	
30	439.800	-69.998	
30	439.900	-69.998	
30	440.000	-69.998	
30	440.100	-69.998	
30	440.200	-69.998	
30	440.300	-69.998	
30	440.400	-69.998	
30	440.500	-69.998	
30	440.600	-69.998	
30	440.700	-69.998	
30	440.800	-69.998	
30	440.900	-69.998	
30	441.000	-69.998	
30	441.100	-69.998	
30	441.200	-69.998	
30	441.300	-69.998	
30	441.400	-69.998	
30	441.500	-69.998	
30	441.600	-69.998	
30	441.700	-69.998	
30	441.800	-69.998	
30	441.900	-69.998	
30	442.000	-69.998	
30	442.100	-69.998	
30	442.200	-69.998	
30	442.300	-69.998	
30	442.400	-69.998	
30	442.500	-69.998	
30	442.600	-69.998	
30	442.700	-69.998	
30	442.800	-69.998	
30	442.900	-69.998	
30	443.000	-69.998	
30	443.100	-69.998	
30	443.200	-69.998	
30	443.300	-69.998	
30	443.400	-69.998	
30	443.500	-69.998	
30	443.600	-69.998	
30	443.700	-69.998	
30	443.800	-69.998	
30	443.900	-69.998	
30	444.000	-69.998	
30	444.100	-69.998	
30	444.200	-69.998	
30	444.300	-69.998	
30	444.400	-69.998	
30	444.500	-69.998	
30	444.600	-69.998	
30	444.700	-69.998	
30	444.800	-69.998	
30	444.900	-69.998	
30	445.000	-69.998	
30	445.100	-69.998	
30	445.200	-69.998	
30	445.300	-69.998	
30	445.400	-69.998	
30	445.500	-69.998	
30	445.600	-69.998	
30	445.700	-69.998	
30	445.800	-69.998	
30	445.900	-69.998	
30	446.000	-69.998	
30	446.100	-69.998	
30	446.200	-69.998	
30	446.300	-69.998	
30	446.400	-69.998	
30	446.500	-69.998	
30	446.600	-69.998	
30	446.700	-69.998	
30	446.800	-69.998	
30	446.900	-69.998	
30	447.000	-69.998	
30	447.100	-69.998	
30	447.200	-69.998	
30	447.300	-69.998	
30	447.400	-69.998	
30	447.500	-69.998	
30	447.600	-69.998	
30	447.700	-69.998	
30	447.800	-69.998	
30	447.900	-69.998	
30	448.000	-69.998	
30	448.100	-69.998	
30	448.200	-69.998	
30	448.300	-69.998	
30	448.400	-69.998	
30	448.500	-69.998	
30	448.600	-69.998	
30	448.700	-69.998	
30	448.800	-69.998	
30	448.900	-69.998	
30	449.000	-69.998	
