8	0.100	-70.000	
8	0.200	-70.000	
8	0.300	-70.000	
8	0.400	-70.000	
8	0.500	-70.000	
8	0.600	-70.000	
8	0.700	-70.000	
8	0.800	-70.000	
8	0.900	-70.000	
8	1.000	-70.000	
8	1.100	-70.000	
8	1.200	-70.000	
8	1.300	-70.000	
8	1.400	-70.000	
8	1.500	-70.000	
8	1.600	-70.000	
8	1.700	-70.000	
8	1.800	-69.999	
8	1.900	-69.999	
8	2.000	-69.999	
8	2.100	-69.999	
8	2.200	-69.999	
8	2.300	-69.999	
8	2.400	-69.999	
8	2.500	-69.999	
8	2.600	-69.999	
8	2.700	-69.999	
8	2.800	-69.999	
8	2.900	-69.999	
8	3.000	-69.999	
8	3.100	-69.999	
8	3.200	-69.999	
8	3.300	-69.999	
8	3.400	-69.999	
8	3.500	-69.999	
8	3.600	-69.999	
8	3.700	-69.999	
8	3.800	-69.999	
8	3.900	-69.999	
8	4.000	-69.999	
8	4.100	-69.999	
8	4.200	-69.999	
8	4.300	-69.999	
8	4.400	-69.999	
8	4.500	-69.999	
8	4.600	-69.999	
8	4.700	-69.999	
8	4.800	-69.999	
8	4.900	-69.999	
8	5.000	-69.999	
8	5.100	-69.999	
8	5.200	-69.999	
8	5.300	-69.999	
8	5.400	-69.999	
8	5.500	-69.999	
8	5.600	-69.999	
8	5.700	-69.999	
8	5.800	-69.999	
8	5.900	-69.999	
8	6.000	-69.999	
8	6.100	-69.999	
8	6.200	-69.999	
8	6.300	-69.999	
8	6.400	-69.999	
8	6.500	-69.999	
8	6.600	-69.999	
8	6.700	-69.999	
8	6.800	-69.999	
8	6.900	-69.999	
8	7.000	-69.999	
8	7.100	-69.999	
8	7.200	-69.999	
8	7.300	-69.999	
8	7.400	-69.999	
8	7.500	-69.999	
8	7.600	-69.999	
8	7.700	-69.999	
8	7.800	-69.999	
8	7.900	-69.999	
8	8.000	-69.999	
8	8.100	-69.999	
8	8.200	-69.999	
8	8.300	-69.999	
8	8.400	-69.999	
8	8.500	-69.999	
8	8.600	-69.999	
8	8.700	-69.999	
8	8.800	-69.999	
8	8.900	-69.999	
8	9.000	-69.999	
8	9.100	-69.999	
8	9.200	-69.999	
8	9.300	-69.999	
8	9.400	-69.999	
8	9.500	-69.999	
8	9.600	-69.999	
8	9.700	-69.999	
8	9.800	-69.999	
8	9.900	-69.998	
8	10.000	-69.998	
8	10.100	-69.998	
8	10.200	-69.998	
8	10.300	-69.998	
8	10.400	-69.998	
8	10.500	-69.998	
8	10.600	-69.998	
8	10.700	-69.998	
8	10.800	-69.998	
8	10.900	-69.998	
8	11.000	-69.998	
8	11.100	-69.998	
8	11.200	-69.998	
8	11.300	-69.998	
8	11.400	-69.998	
8	11.500	-69.998	
8	11.600	-69.998	
8	11.700	-69.998	
8	11.800	-69.998	
8	11.900	-69.998	
8	12.000	-69.998	
8	12.100	-69.998	
8	12.200	-69.998	
8	12.300	-69.998	
8	12.400	-69.998	
8	12.500	-69.998	
8	12.600	-69.998	
8	12.700	-69.998	
8	12.800	-69.998	
8	12.900	-69.998	
8	13.000	-69.998	
8	13.100	-69.998	
8	13.200	-69.998	
8	13.300	-69.998	
8	13.400	-69.998	
8	13.500	-69.998	
8	13.600	-69.998	
8	13.700	-69.998	
8	13.800	-69.998	
8	13.900	-69.998	
8	14.000	-69.998	
8	14.100	-69.998	
8	14.200	-69.998	
8	14.300	-69.998	
8	14.400	-69.998	
8	14.500	-69.998	
8	14.600	-69.998	
8	14.700	-69.998	
8	14.800	-69.998	
8	14.900	-69.998	
8	15.000	-69.998	
8	15.100	-69.998	
8	15.200	-69.998	
8	15.300	-69.998	
8	15.400	-69.998	
8	15.500	-69.998	
8	15.600	-69.998	
8	15.700	-69.998	
8	15.800	-69.998	
8	15.900	-69.998	
8	16.000	-69.998	
8	16.100	-69.998	
8	16.200	-69.998	
8	16.300	-69.998	
8	16.400	-69.998	
8	16.500	-69.998	
8	16.600	-69.998	
8	16.700	-69.998	
8	16.800	-69.998	
8	16.900	-69.998	
8	17.000	-69.998	
8	17.100	-69.998	
8	17.200	-69.998	
8	17.300	-69.998	
8	17.400	-69.998	
8	17.500	-69.998	
8	17.600	-69.998	
8	17.700	-69.998	
8	17.800	-69.998	
8	17.900	-69.998	
8	18.000	-69.998	
8	18.100	-69.998	
8	18.200	-69.998	
8	18.300	-69.998	
8	18.400	-69.998	
8	18.500	-69.998	
8	18.600	-69.998	
8	18.700	-69.998	
8	18.800	-69.998	
8	18.900	-69.998	
8	19.000	-69.998	
8	19.100	-69.998	
8	19.200	-69.998	
8	19.300	-69.998	
8	19.400	-69.998	
8	19.500	-69.998	
8	19.600	-69.998	
8	19.700	-69.998	
8	19.800	-69.998	
8	19.900	-69.998	
8	20.000	-69.998	
8	20.100	-69.998	
8	20.200	-69.998	
8	20.300	-69.998	
8	20.400	-69.998	
8	20.500	-69.998	
8	20.600	-69.998	
8	20.700	-69.998	
8	20.800	-69.998	
8	20.900	-69.998	
8	21.000	-69.998	
8	21.100	-69.998	
8	21.200	-69.998	
8	21.300	-69.998	
8	21.400	-69.998	
8	21.500	-69.998	
8	21.600	-69.998	
8	21.700	-69.998	
8	21.800	-69.998	
8	21.900	-69.998	
8	22.000	-69.998	
8	22.100	-69.998	
8	22.200	-69.998	
8	22.300	-69.998	
8	22.400	-69.998	
8	22.500	-69.998	
8	22.600	-69.998	
8	22.700	-69.998	
8	22.800	-69.998	
8	22.900	-69.998	
8	23.000	-69.998	
8	23.100	-69.998	
8	23.200	-69.998	
8	23.300	-69.998	
8	23.400	-69.998	
8	23.500	-69.998	
8	23.600	-69.998	
8	23.700	-69.998	
8	23.800	-69.998	
8	23.900	-69.998	
8	24.000	-69.998	
8	24.100	-69.998	
8	24.200	-69.998	
8	24.300	-69.998	
8	24.400	-69.998	
8	24.500	-69.998	
8	24.600	-69.998	
8	24.700	-69.998	
8	24.800	-69.998	
8	24.900	-69.998	
8	25.000	-69.998	
8	25.100	-69.998	
8	25.200	-69.998	
8	25.300	-69.998	
8	25.400	-69.998	
8	25.500	-69.998	
8	25.600	-69.998	
8	25.700	-69.998	
8	25.800	-69.998	
8	25.900	-69.998	
8	26.000	-69.998	
8	26.100	-69.998	
8	26.200	-69.998	
8	26.300	-69.998	
8	26.400	-69.998	
8	26.500	-69.998	
8	26.600	-69.998	
8	26.700	-69.998	
8	26.800	-69.998	
8	26.900	-69.998	
8	27.000	-69.998	
8	27.100	-69.998	
8	27.200	-69.998	
8	27.300	-69.998	
8	27.400	-69.998	
8	27.500	-69.998	
8	27.600	-69.998	
8	27.700	-69.998	
8	27.800	-69.998	
8	27.900	-69.998	
8	28.000	-69.998	
8	28.100	-69.998	
8	28.200	-69.998	
8	28.300	-69.998	
8	28.400	-69.998	
8	28.500	-69.998	
8	28.600	-69.998	
8	28.700	-69.998	
8	28.800	-69.998	
8	28.900	-69.998	
8	29.000	-69.998	
8	29.100	-69.998	
8	29.200	-69.998	
8	29.300	-69.998	
8	29.400	-69.998	
8	29.500	-69.998	
8	29.600	-69.998	
8	29.700	-69.998	
8	29.800	-69.998	
8	29.900	-69.998	
8	30.000	-69.998	
8	30.100	-69.998	
8	30.200	-69.998	
8	30.300	-69.998	
8	30.400	-69.998	
8	30.500	-69.998	
8	30.600	-69.998	
8	30.700	-69.998	
8	30.800	-69.998	
8	30.900	-69.998	
8	31.000	-69.998	
8	31.100	-69.998	
8	31.200	-69.998	
8	31.300	-69.998	
8	31.400	-69.998	
8	31.500	-69.998	
8	31.600	-69.998	
8	31.700	-69.998	
8	31.800	-69.998	
8	31.900	-69.998	
8	32.000	-69.998	
8	32.100	-69.998	
8	32.200	-69.998	
8	32.300	-69.998	
8	32.400	-69.998	
8	32.500	-69.998	
8	32.600	-69.998	
8	32.700	-69.998	
8	32.800	-69.998	
8	32.900	-69.998	
8	33.000	-69.998	
8	33.100	-69.998	
8	33.200	-69.998	
8	33.300	-69.998	
8	33.400	-69.998	
8	33.500	-69.998	
8	33.600	-69.998	
8	33.700	-69.998	
8	33.800	-69.998	
8	33.900	-69.998	
8	34.000	-69.998	
8	34.100	-69.998	
8	34.200	-69.998	
8	34.300	-69.998	
8	34.400	-69.998	
8	34.500	-69.998	
8	34.600	-69.998	
8	34.700	-69.998	
8	34.800	-69.998	
8	34.900	-69.998	
8	35.000	-69.998	
8	35.100	-69.998	
8	35.200	-69.998	
8	35.300	-69.998	
8	35.400	-69.998	
8	35.500	-69.998	
8	35.600	-69.998	
8	35.700	-69.998	
8	35.800	-69.998	
8	35.900	-69.998	
8	36.000	-69.998	
8	36.100	-69.998	
8	36.200	-69.998	
8	36.300	-69.998	
8	36.400	-69.998	
8	36.500	-69.998	
8	36.600	-69.998	
8	36.700	-69.998	
8	36.800	-69.998	
8	36.900	-69.998	
8	37.000	-69.998	
8	37.100	-69.998	
8	37.200	-69.998	
8	37.300	-69.998	
8	37.400	-69.998	
8	37.500	-69.998	
8	37.600	-69.998	
8	37.700	-69.998	
8	37.800	-69.998	
8	37.900	-69.998	
8	38.000	-69.998	
8	38.100	-69.998	
8	38.200	-69.998	
8	38.300	-69.998	
8	38.400	-69.998	
8	38.500	-69.998	
8	38.600	-69.998	
8	38.700	-69.998	
8	38.800	-69.998	
8	38.900	-69.998	
8	39.000	-69.998	
8	39.100	-69.998	
8	39.200	-69.998	
8	39.300	-69.998	
8	39.400	-69.998	
8	39.500	-69.998	
8	39.600	-69.998	
8	39.700	-69.998	
8	39.800	-69.998	
8	39.900	-69.998	
8	40.000	-69.998	
8	40.100	-69.998	
8	40.200	-69.998	
8	40.300	-69.998	
8	40.400	-69.998	
8	40.500	-69.998	
8	40.600	-69.998	
8	40.700	-69.998	
8	40.800	-69.998	
8	40.900	-69.998	
8	41.000	-69.998	
8	41.100	-69.998	
8	41.200	-69.998	
8	41.300	-69.998	
8	41.400	-69.998	
8	41.500	-69.998	
8	41.600	-69.998	
8	41.700	-69.998	
8	41.800	-69.998	
8	41.900	-69.998	
8	42.000	-69.998	
8	42.100	-69.998	
8	42.200	-69.998	
8	42.300	-69.998	
8	42.400	-69.998	
8	42.500	-69.998	
8	42.600	-69.998	
8	42.700	-69.998	
8	42.800	-69.998	
8	42.900	-69.998	
8	43.000	-69.998	
8	43.100	-69.998	
8	43.200	-69.998	
8	43.300	-69.998	
8	43.400	-69.998	
8	43.500	-69.998	
8	43.600	-69.998	
8	43.700	-69.998	
8	43.800	-69.998	
8	43.900	-69.998	
8	44.000	-69.998	
8	44.100	-69.998	
8	44.200	-69.998	
8	44.300	-69.998	
8	44.400	-69.998	
8	44.500	-69.998	
8	44.600	-69.998	
8	44.700	-69.998	
8	44.800	-69.998	
8	44.900	-69.998	
8	45.000	-69.998	
8	45.100	-69.998	
8	45.200	-69.998	
8	45.300	-69.998	
8	45.400	-69.998	
8	45.500	-69.998	
8	45.600	-69.998	
8	45.700	-69.998	
8	45.800	-69.998	
8	45.900	-69.998	
8	46.000	-69.998	
8	46.100	-69.998	
8	46.200	-69.998	
8	46.300	-69.998	
8	46.400	-69.998	
8	46.500	-69.998	
8	46.600	-69.998	
8	46.700	-69.998	
8	46.800	-69.998	
8	46.900	-69.998	
8	47.000	-69.998	
8	47.100	-69.998	
8	47.200	-69.998	
8	47.300	-69.998	
8	47.400	-69.998	
8	47.500	-69.998	
8	47.600	-69.998	
8	47.700	-69.998	
8	47.800	-69.998	
8	47.900	-69.998	
8	48.000	-69.998	
8	48.100	-69.998	
8	48.200	-69.998	
8	48.300	-69.998	
8	48.400	-69.998	
8	48.500	-69.998	
8	48.600	-69.998	
8	48.700	-69.998	
8	48.800	-69.998	
8	48.900	-69.998	
8	49.000	-69.998	
8	49.100	-69.998	
8	49.200	-69.998	
8	49.300	-69.998	
8	49.400	-69.998	
8	49.500	-69.998	
8	49.600	-69.998	
8	49.700	-69.998	
8	49.800	-69.998	
8	49.900	-69.998	
8	50.000	-69.998	
8	50.100	-69.998	
8	50.200	-69.998	
8	50.300	-69.998	
8	50.400	-69.998	
8	50.500	-69.998	
8	50.600	-69.998	
8	50.700	-69.998	
8	50.800	-69.998	
8	50.900	-69.998	
8	51.000	-69.998	
8	51.100	-69.998	
8	51.200	-69.998	
8	51.300	-69.998	
8	51.400	-69.998	
8	51.500	-69.998	
8	51.600	-69.998	
8	51.700	-69.998	
8	51.800	-69.998	
8	51.900	-69.998	
8	52.000	-69.998	
8	52.100	-69.998	
8	52.200	-69.998	
8	52.300	-69.998	
8	52.400	-69.998	
8	52.500	-69.998	
8	52.600	-69.998	
8	52.700	-69.998	
8	52.800	-69.998	
8	52.900	-69.998	
8	53.000	-69.998	
8	53.100	-69.998	
8	53.200	-69.998	
8	53.300	-69.998	
8	53.400	-69.998	
8	53.500	-69.998	
8	53.600	-69.998	
8	53.700	-69.998	
8	53.800	-69.998	
8	53.900	-69.998	
8	54.000	-69.998	
8	54.100	-69.998	
8	54.200	-69.998	
8	54.300	-69.998	
8	54.400	-69.998	
8	54.500	-69.998	
8	54.600	-69.998	
8	54.700	-69.998	
8	54.800	-69.998	
8	54.900	-69.998	
8	55.000	-69.998	
8	55.100	-69.998	
8	55.200	-69.998	
8	55.300	-69.998	
8	55.400	-69.998	
8	55.500	-69.998	
8	55.600	-69.998	
8	55.700	-69.998	
8	55.800	-69.998	
8	55.900	-69.998	
8	56.000	-69.998	
8	56.100	-69.998	
8	56.200	-69.998	
8	56.300	-69.998	
8	56.400	-69.998	
8	56.500	-69.998	
8	56.600	-69.998	
8	56.700	-69.998	
8	56.800	-69.998	
8	56.900	-69.998	
8	57.000	-69.998	
8	57.100	-69.998	
8	57.200	-69.998	
8	57.300	-69.998	
8	57.400	-69.998	
8	57.500	-69.998	
8	57.600	-69.998	
8	57.700	-69.998	
8	57.800	-69.998	
8	57.900	-69.998	
8	58.000	-69.998	
8	58.100	-69.998	
8	58.200	-69.998	
8	58.300	-69.998	
8	58.400	-69.998	
8	58.500	-69.998	
8	58.600	-69.998	
8	58.700	-69.998	
8	58.800	-69.998	
8	58.900	-69.998	
8	59.000	-69.998	
8	59.100	-69.998	
8	59.200	-69.998	
8	59.300	-69.998	
8	59.400	-69.998	
8	59.500	-69.998	
8	59.600	-69.998	
8	59.700	-69.998	
8	59.800	-69.998	
8	59.900	-69.998	
8	60.000	-69.998	
8	60.100	-69.998	
8	60.200	-69.998	
8	60.300	-69.998	
8	60.400	-69.998	
8	60.500	-69.998	
8	60.600	-69.998	
8	60.700	-69.998	
8	60.800	-69.998	
8	60.900	-69.998	
8	61.000	-69.998	
8	61.100	-69.998	
8	61.200	-69.998	
8	61.300	-69.998	
8	61.400	-69.998	
8	61.500	-69.998	
8	61.600	-69.998	
8	61.700	-69.998	
8	61.800	-69.998	
8	61.900	-69.998	
8	62.000	-69.998	
8	62.100	-69.998	
8	62.200	-69.998	
8	62.300	-69.998	
8	62.400	-69.998	
8	62.500	-69.998	
8	62.600	-69.998	
8	62.700	-69.998	
8	62.800	-69.998	
8	62.900	-69.998	
8	63.000	-69.998	
8	63.100	-69.998	
8	63.200	-69.998	
8	63.300	-69.998	
8	63.400	-69.998	
8	63.500	-69.998	
8	63.600	-69.998	
8	63.700	-69.998	
8	63.800	-69.998	
8	63.900	-69.998	
8	64.000	-69.998	
8	64.100	-69.998	
8	64.200	-69.998	
8	64.300	-69.998	
8	64.400	-69.998	
8	64.500	-69.998	
8	64.600	-69.998	
8	64.700	-69.998	
8	64.800	-69.998	
8	64.900	-69.998	
8	65.000	-69.998	
8	65.100	-69.998	
8	65.200	-69.998	
8	65.300	-69.998	
8	65.400	-69.998	
8	65.500	-69.998	
8	65.600	-69.998	
8	65.700	-69.998	
8	65.800	-69.998	
8	65.900	-69.998	
8	66.000	-69.998	
8	66.100	-69.998	
8	66.200	-69.998	
8	66.300	-69.998	
8	66.400	-69.998	
8	66.500	-69.998	
8	66.600	-69.998	
8	66.700	-69.998	
8	66.800	-69.998	
8	66.900	-69.998	
8	67.000	-69.998	
8	67.100	-69.998	
8	67.200	-69.998	
8	67.300	-69.998	
8	67.400	-69.998	
8	67.500	-69.998	
8	67.600	-69.998	
8	67.700	-69.998	
8	67.800	-69.998	
8	67.900	-69.998	
8	68.000	-69.998	
8	68.100	-69.998	
8	68.200	-69.998	
8	68.300	-69.998	
8	68.400	-69.998	
8	68.500	-69.998	
8	68.600	-69.998	
8	68.700	-69.998	
8	68.800	-69.998	
8	68.900	-69.998	
8	69.000	-69.998	
8	69.100	-69.998	
8	69.200	-69.998	
8	69.300	-69.998	
8	69.400	-69.998	
8	69.500	-69.998	
8	69.600	-69.998	
8	69.700	-69.998	
8	69.800	-69.998	
8	69.900	-69.998	
8	70.000	-69.998	
8	70.100	-69.998	
8	70.200	-69.998	
8	70.300	-69.998	
8	70.400	-69.998	
8	70.500	-69.998	
8	70.600	-69.998	
8	70.700	-69.998	
8	70.800	-69.998	
8	70.900	-69.998	
8	71.000	-69.998	
8	71.100	-69.998	
8	71.200	-69.998	
8	71.300	-69.998	
8	71.400	-69.998	
8	71.500	-69.998	
8	71.600	-69.998	
8	71.700	-69.998	
8	71.800	-69.998	
8	71.900	-69.998	
8	72.000	-69.998	
8	72.100	-69.998	
8	72.200	-69.998	
8	72.300	-69.998	
8	72.400	-69.998	
8	72.500	-69.998	
8	72.600	-69.998	
8	72.700	-69.998	
8	72.800	-69.998	
8	72.900	-69.998	
8	73.000	-69.998	
8	73.100	-69.998	
8	73.200	-69.998	
8	73.300	-69.998	
8	73.400	-69.998	
8	73.500	-69.998	
8	73.600	-69.998	
8	73.700	-69.998	
8	73.800	-69.998	
8	73.900	-69.998	
8	74.000	-69.998	
8	74.100	-69.998	
8	74.200	-69.998	
8	74.300	-69.998	
8	74.400	-69.998	
8	74.500	-69.998	
8	74.600	-69.998	
8	74.700	-69.998	
8	74.800	-69.998	
8	74.900	-69.998	
8	75.000	-69.998	
8	75.100	-69.998	
8	75.200	-69.998	
8	75.300	-69.998	
8	75.400	-69.998	
8	75.500	-69.998	
8	75.600	-69.998	
8	75.700	-69.998	
8	75.800	-69.998	
8	75.900	-69.998	
8	76.000	-69.998	
8	76.100	-69.998	
8	76.200	-69.998	
8	76.300	-69.998	
8	76.400	-69.998	
8	76.500	-69.998	
8	76.600	-69.998	
8	76.700	-69.998	
8	76.800	-69.998	
8	76.900	-69.998	
8	77.000	-69.998	
8	77.100	-69.998	
8	77.200	-69.998	
8	77.300	-69.998	
8	77.400	-69.998	
8	77.500	-69.998	
8	77.600	-69.998	
8	77.700	-69.998	
8	77.800	-69.998	
8	77.900	-69.998	
8	78.000	-69.998	
8	78.100	-69.998	
8	78.200	-69.998	
8	78.300	-69.998	
8	78.400	-69.998	
8	78.500	-69.998	
8	78.600	-69.998	
8	78.700	-69.998	
8	78.800	-69.998	
8	78.900	-69.998	
8	79.000	-69.998	
8	79.100	-69.998	
8	79.200	-69.998	
8	79.300	-69.998	
8	79.400	-69.998	
8	79.500	-69.998	
8	79.600	-69.998	
8	79.700	-69.998	
8	79.800	-69.998	
8	79.900	-69.998	
8	80.000	-69.998	
8	80.100	-69.998	
8	80.200	-69.998	
8	80.300	-69.998	
8	80.400	-69.998	
8	80.500	-69.998	
8	80.600	-69.998	
8	80.700	-69.998	
8	80.800	-69.998	
8	80.900	-69.998	
8	81.000	-69.998	
8	81.100	-69.998	
8	81.200	-69.998	
8	81.300	-69.998	
8	81.400	-69.998	
8	81.500	-69.998	
8	81.600	-69.998	
8	81.700	-69.998	
8	81.800	-69.998	
8	81.900	-69.998	
8	82.000	-69.998	
8	82.100	-69.998	
8	82.200	-69.998	
8	82.300	-69.998	
8	82.400	-69.998	
8	82.500	-69.998	
8	82.600	-69.998	
8	82.700	-69.998	
8	82.800	-69.998	
8	82.900	-69.998	
8	83.000	-69.998	
8	83.100	-69.998	
8	83.200	-69.998	
8	83.300	-69.998	
8	83.400	-69.998	
8	83.500	-69.998	
8	83.600	-69.998	
8	83.700	-69.998	
8	83.800	-69.998	
8	83.900	-69.998	
8	84.000	-69.998	
8	84.100	-69.998	
8	84.200	-69.998	
8	84.300	-69.998	
8	84.400	-69.998	
8	84.500	-69.998	
8	84.600	-69.998	
8	84.700	-69.998	
8	84.800	-69.998	
8	84.900	-69.998	
8	85.000	-69.998	
8	85.100	-69.998	
8	85.200	-69.998	
8	85.300	-69.998	
8	85.400	-69.998	
8	85.500	-69.998	
8	85.600	-69.998	
8	85.700	-69.998	
8	85.800	-69.998	
8	85.900	-69.998	
8	86.000	-69.998	
8	86.100	-69.998	
8	86.200	-69.998	
8	86.300	-69.998	
8	86.400	-69.998	
8	86.500	-69.998	
8	86.600	-69.998	
8	86.700	-69.998	
8	86.800	-69.998	
8	86.900	-69.998	
8	87.000	-69.998	
8	87.100	-69.998	
8	87.200	-69.998	
8	87.300	-69.998	
8	87.400	-69.998	
8	87.500	-69.998	
8	87.600	-69.998	
8	87.700	-69.998	
8	87.800	-69.998	
8	87.900	-69.998	
8	88.000	-69.998	
8	88.100	-69.998	
8	88.200	-69.998	
8	88.300	-69.998	
8	88.400	-69.998	
8	88.500	-69.998	
8	88.600	-69.998	
8	88.700	-69.998	
8	88.800	-69.998	
8	88.900	-69.998	
8	89.000	-69.998	
8	89.100	-69.998	
8	89.200	-69.998	
8	89.300	-69.998	
8	89.400	-69.998	
8	89.500	-69.998	
8	89.600	-69.998	
8	89.700	-69.998	
8	89.800	-69.998	
8	89.900	-69.998	
8	90.000	-69.998	
8	90.100	-69.998	
8	90.200	-69.998	
8	90.300	-69.998	
8	90.400	-69.998	
8	90.500	-69.998	
8	90.600	-69.998	
8	90.700	-69.998	
8	90.800	-69.998	
8	90.900	-69.998	
8	91.000	-69.998	
8	91.100	-69.998	
8	91.200	-69.998	
8	91.300	-69.998	
8	91.400	-69.998	
8	91.500	-69.998	
8	91.600	-69.998	
8	91.700	-69.998	
8	91.800	-69.998	
8	91.900	-69.998	
8	92.000	-69.998	
8	92.100	-69.998	
8	92.200	-69.998	
8	92.300	-69.998	
8	92.400	-69.998	
8	92.500	-69.998	
8	92.600	-69.998	
8	92.700	-69.998	
8	92.800	-69.998	
8	92.900	-69.998	
8	93.000	-69.998	
8	93.100	-69.998	
8	93.200	-69.998	
8	93.300	-69.998	
8	93.400	-69.998	
8	93.500	-69.998	
8	93.600	-69.998	
8	93.700	-69.998	
8	93.800	-69.998	
8	93.900	-69.998	
8	94.000	-69.998	
8	94.100	-69.998	
8	94.200	-69.998	
8	94.300	-69.998	
8	94.400	-69.998	
8	94.500	-69.998	
8	94.600	-69.998	
8	94.700	-69.998	
8	94.800	-69.998	
8	94.900	-69.998	
8	95.000	-69.998	
8	95.100	-69.998	
8	95.200	-69.998	
8	95.300	-69.998	
8	95.400	-69.998	
8	95.500	-69.998	
8	95.600	-69.998	
8	95.700	-69.998	
8	95.800	-69.998	
8	95.900	-69.998	
8	96.000	-69.998	
8	96.100	-69.998	
8	96.200	-69.998	
8	96.300	-69.998	
8	96.400	-69.998	
8	96.500	-69.998	
8	96.600	-69.998	
8	96.700	-69.998	
8	96.800	-69.998	
8	96.900	-69.998	
8	97.000	-69.998	
8	97.100	-69.998	
8	97.200	-69.998	
8	97.300	-69.998	
8	97.400	-69.998	
8	97.500	-69.998	
8	97.600	-69.998	
8	97.700	-69.998	
8	97.800	-69.998	
8	97.900	-69.998	
8	98.000	-69.998	
8	98.100	-69.998	
8	98.200	-69.998	
8	98.300	-69.998	
8	98.400	-69.998	
8	98.500	-69.998	
8	98.600	-69.998	
8	98.700	-69.998	
8	98.800	-69.998	
8	98.900	-69.998	
8	99.000	-69.998	
8	99.100	-69.998	
8	99.200	-69.998	
8	99.300	-69.998	
8	99.400	-69.998	
8	99.500	-69.998	
8	99.600	-69.998	
8	99.700	-69.998	
8	99.800	-69.998	
8	99.900	-69.998	
8	100.000	-69.998	
8	100.100	-69.998	
8	100.200	-69.998	
8	100.300	-69.998	
8	100.400	-69.998	
8	100.500	-69.998	
8	100.600	-69.998	
8	100.700	-69.998	
8	100.800	-69.998	
8	100.900	-69.998	
8	101.000	-69.998	
8	101.100	-69.998	
8	101.200	-69.998	
8	101.300	-69.998	
8	101.400	-69.998	
8	101.500	-69.998	
8	101.600	-69.998	
8	101.700	-69.998	
8	101.800	-69.998	
8	101.900	-69.998	
8	102.000	-69.998	
8	102.100	-69.998	
8	102.200	-69.998	
8	102.300	-69.998	
8	102.400	-69.998	
8	102.500	-69.998	
8	102.600	-69.998	
8	102.700	-69.998	
8	102.800	-69.998	
8	102.900	-69.998	
8	103.000	-69.998	
8	103.100	-69.998	
8	103.200	-69.998	
8	103.300	-69.998	
8	103.400	-69.998	
8	103.500	-69.998	
8	103.600	-69.998	
8	103.700	-69.998	
8	103.800	-69.998	
8	103.900	-69.998	
8	104.000	-69.998	
8	104.100	-69.998	
8	104.200	-69.998	
8	104.300	-69.998	
8	104.400	-69.998	
8	104.500	-69.998	
8	104.600	-69.998	
8	104.700	-69.998	
8	104.800	-69.998	
8	104.900	-69.998	
8	105.000	-69.998	
8	105.100	-69.998	
8	105.200	-69.998	
8	105.300	-69.998	
8	105.400	-69.998	
8	105.500	-69.998	
8	105.600	-69.998	
8	105.700	-69.998	
8	105.800	-69.998	
8	105.900	-69.998	
8	106.000	-69.998	
8	106.100	-69.998	
8	106.200	-69.998	
8	106.300	-69.998	
8	106.400	-69.998	
8	106.500	-69.998	
8	106.600	-69.998	
8	106.700	-69.998	
8	106.800	-69.998	
8	106.900	-69.998	
8	107.000	-69.998	
8	107.100	-69.998	
8	107.200	-69.998	
8	107.300	-69.998	
8	107.400	-69.998	
8	107.500	-69.998	
8	107.600	-69.998	
8	107.700	-69.998	
8	107.800	-69.998	
8	107.900	-69.998	
8	108.000	-69.998	
8	108.100	-69.998	
8	108.200	-69.998	
8	108.300	-69.998	
8	108.400	-69.998	
8	108.500	-69.998	
8	108.600	-69.998	
8	108.700	-69.998	
8	108.800	-69.998	
8	108.900	-69.998	
8	109.000	-69.998	
8	109.100	-69.998	
8	109.200	-69.998	
8	109.300	-69.998	
8	109.400	-69.998	
8	109.500	-69.998	
8	109.600	-69.998	
8	109.700	-69.998	
8	109.800	-69.998	
8	109.900	-69.998	
8	110.000	-69.998	
8	110.100	-69.998	
8	110.200	-69.998	
8	110.300	-69.998	
8	110.400	-69.998	
8	110.500	-69.998	
8	110.600	-69.998	
8	110.700	-69.998	
8	110.800	-69.998	
8	110.900	-69.998	
8	111.000	-69.998	
8	111.100	-69.998	
8	111.200	-69.998	
8	111.300	-69.998	
8	111.400	-69.998	
8	111.500	-69.998	
8	111.600	-69.998	
8	111.700	-69.998	
8	111.800	-69.998	
8	111.900	-69.998	
8	112.000	-69.998	
8	112.100	-69.998	
8	112.200	-69.998	
8	112.300	-69.998	
8	112.400	-69.998	
8	112.500	-69.998	
8	112.600	-69.998	
8	112.700	-69.998	
8	112.800	-69.998	
8	112.900	-69.998	
8	113.000	-69.998	
8	113.100	-69.998	
8	113.200	-69.998	
8	113.300	-69.998	
8	113.400	-69.998	
8	113.500	-69.998	
8	113.600	-69.998	
8	113.700	-69.998	
8	113.800	-69.998	
8	113.900	-69.998	
8	114.000	-69.998	
8	114.100	-69.998	
8	114.200	-69.998	
8	114.300	-69.998	
8	114.400	-69.998	
8	114.500	-69.998	
8	114.600	-69.998	
8	114.700	-69.998	
8	114.800	-69.998	
8	114.900	-69.998	
8	115.000	-69.998	
8	115.100	-69.998	
8	115.200	-69.998	
8	115.300	-69.998	
8	115.400	-69.998	
8	115.500	-69.998	
8	115.600	-69.998	
8	115.700	-69.998	
8	115.800	-69.998	
8	115.900	-69.998	
8	116.000	-69.998	
8	116.100	-69.998	
8	116.200	-69.998	
8	116.300	-69.998	
8	116.400	-69.998	
8	116.500	-69.998	
8	116.600	-69.998	
8	116.700	-69.998	
8	116.800	-69.998	
8	116.900	-69.998	
8	117.000	-69.998	
8	117.100	-69.998	
8	117.200	-69.998	
8	117.300	-69.998	
8	117.400	-69.998	
8	117.500	-69.998	
8	117.600	-69.998	
8	117.700	-69.998	
8	117.800	-69.998	
8	117.900	-69.998	
8	118.000	-69.998	
8	118.100	-69.998	
8	118.200	-69.998	
8	118.300	-69.998	
8	118.400	-69.998	
8	118.500	-69.998	
8	118.600	-69.998	
8	118.700	-69.998	
8	118.800	-69.998	
8	118.900	-69.998	
8	119.000	-69.998	
8	119.100	-69.998	
8	119.200	-69.998	
8	119.300	-69.998	
8	119.400	-69.998	
8	119.500	-69.998	
8	119.600	-69.998	
8	119.700	-69.998	
8	119.800	-69.998	
8	119.900	-69.998	
8	120.000	-69.998	
8	120.100	-69.998	
8	120.200	-69.998	
8	120.300	-69.998	
8	120.400	-69.998	
8	120.500	-69.998	
8	120.600	-69.998	
8	120.700	-69.998	
8	120.800	-69.998	
8	120.900	-69.998	
8	121.000	-69.998	
8	121.100	-69.998	
8	121.200	-69.998	
8	121.300	-69.998	
8	121.400	-69.998	
8	121.500	-69.998	
8	121.600	-69.998	
8	121.700	-69.998	
8	121.800	-69.998	
8	121.900	-69.998	
8	122.000	-69.998	
8	122.100	-69.998	
8	122.200	-69.998	
8	122.300	-69.998	
8	122.400	-69.998	
8	122.500	-69.998	
8	122.600	-69.998	
8	122.700	-69.998	
8	122.800	-69.998	
8	122.900	-69.998	
8	123.000	-69.998	
8	123.100	-69.998	
8	123.200	-69.998	
8	123.300	-69.998	
8	123.400	-69.998	
8	123.500	-69.998	
8	123.600	-69.998	
8	123.700	-69.998	
8	123.800	-69.998	
8	123.900	-69.998	
8	124.000	-69.998	
8	124.100	-69.998	
8	124.200	-69.998	
8	124.300	-69.998	
8	124.400	-69.998	
8	124.500	-69.998	
8	124.600	-69.998	
8	124.700	-69.998	
8	124.800	-69.998	
8	124.900	-69.998	
8	125.000	-69.998	
8	125.100	-69.998	
8	125.200	-69.998	
8	125.300	-69.998	
8	125.400	-69.998	
8	125.500	-69.998	
8	125.600	-69.998	
8	125.700	-69.998	
8	125.800	-69.998	
8	125.900	-69.998	
8	126.000	-69.998	
8	126.100	-69.998	
8	126.200	-69.998	
8	126.300	-69.998	
8	126.400	-69.998	
8	126.500	-69.998	
8	126.600	-69.998	
8	126.700	-69.998	
8	126.800	-69.998	
8	126.900	-69.998	
8	127.000	-69.998	
8	127.100	-69.998	
8	127.200	-69.998	
8	127.300	-69.998	
8	127.400	-69.998	
8	127.500	-69.998	
8	127.600	-69.998	
8	127.700	-69.998	
8	127.800	-69.998	
8	127.900	-69.998	
8	128.000	-69.998	
8	128.100	-69.998	
8	128.200	-69.998	
8	128.300	-69.998	
8	128.400	-69.998	
8	128.500	-69.998	
8	128.600	-69.998	
8	128.700	-69.998	
8	128.800	-69.998	
8	128.900	-69.998	
8	129.000	-69.998	
8	129.100	-69.998	
8	129.200	-69.998	
8	129.300	-69.998	
8	129.400	-69.998	
8	129.500	-69.998	
8	129.600	-69.998	
8	129.700	-69.998	
8	129.800	-69.998	
8	129.900	-69.998	
8	130.000	-69.998	
8	130.100	-69.998	
8	130.200	-69.998	
8	130.300	-69.998	
8	130.400	-69.998	
8	130.500	-69.998	
8	130.600	-69.998	
8	130.700	-69.998	
8	130.800	-69.998	
8	130.900	-69.998	
8	131.000	-69.998	
8	131.100	-69.998	
8	131.200	-69.998	
8	131.300	-69.998	
8	131.400	-69.998	
8	131.500	-69.998	
8	131.600	-69.998	
8	131.700	-69.998	
8	131.800	-69.998	
8	131.900	-69.998	
8	132.000	-69.998	
8	132.100	-69.998	
8	132.200	-69.998	
8	132.300	-69.998	
8	132.400	-69.998	
8	132.500	-69.998	
8	132.600	-69.998	
8	132.700	-69.998	
8	132.800	-69.998	
8	132.900	-69.998	
8	133.000	-69.998	
8	133.100	-69.998	
8	133.200	-69.998	
8	133.300	-69.998	
8	133.400	-69.998	
8	133.500	-69.998	
8	133.600	-69.998	
8	133.700	-69.998	
8	133.800	-69.998	
8	133.900	-69.998	
8	134.000	-69.998	
8	134.100	-69.998	
8	134.200	-69.998	
8	134.300	-69.998	
8	134.400	-69.998	
8	134.500	-69.998	
8	134.600	-69.998	
8	134.700	-69.998	
8	134.800	-69.998	
8	134.900	-69.998	
8	135.000	-69.998	
8	135.100	-69.998	
8	135.200	-69.998	
8	135.300	-69.998	
8	135.400	-69.998	
8	135.500	-69.998	
8	135.600	-69.998	
8	135.700	-69.998	
8	135.800	-69.998	
8	135.900	-69.998	
8	136.000	-69.998	
8	136.100	-69.998	
8	136.200	-69.998	
8	136.300	-69.998	
8	136.400	-69.998	
8	136.500	-69.998	
8	136.600	-69.998	
8	136.700	-69.998	
8	136.800	-69.998	
8	136.900	-69.998	
8	137.000	-69.998	
8	137.100	-69.998	
8	137.200	-69.998	
8	137.300	-69.998	
8	137.400	-69.998	
8	137.500	-69.998	
8	137.600	-69.998	
8	137.700	-69.998	
8	137.800	-69.998	
8	137.900	-69.998	
8	138.000	-69.998	
8	138.100	-69.998	
8	138.200	-69.998	
8	138.300	-69.998	
8	138.400	-69.998	
8	138.500	-69.998	
8	138.600	-69.998	
8	138.700	-69.998	
8	138.800	-69.998	
8	138.900	-69.998	
8	139.000	-69.998	
8	139.100	-69.998	
8	139.200	-69.998	
8	139.300	-69.998	
8	139.400	-69.998	
8	139.500	-69.998	
8	139.600	-69.998	
8	139.700	-69.998	
8	139.800	-69.998	
8	139.900	-69.998	
8	140.000	-69.998	
8	140.100	-69.998	
8	140.200	-69.998	
8	140.300	-69.998	
8	140.400	-69.998	
8	140.500	-69.998	
8	140.600	-69.998	
8	140.700	-69.998	
8	140.800	-69.998	
8	140.900	-69.998	
8	141.000	-69.998	
8	141.100	-69.998	
8	141.200	-69.998	
8	141.300	-69.998	
8	141.400	-69.998	
8	141.500	-69.998	
8	141.600	-69.998	
8	141.700	-69.998	
8	141.800	-69.998	
8	141.900	-69.998	
8	142.000	-69.998	
8	142.100	-69.998	
8	142.200	-69.998	
8	142.300	-69.998	
8	142.400	-69.998	
8	142.500	-69.998	
8	142.600	-69.998	
8	142.700	-69.998	
8	142.800	-69.998	
8	142.900	-69.998	
8	143.000	-69.998	
8	143.100	-69.998	
8	143.200	-69.998	
8	143.300	-69.998	
8	143.400	-69.998	
8	143.500	-69.998	
8	143.600	-69.998	
8	143.700	-69.998	
8	143.800	-69.998	
8	143.900	-69.998	
8	144.000	-69.998	
8	144.100	-69.998	
8	144.200	-69.998	
8	144.300	-69.998	
8	144.400	-69.998	
8	144.500	-69.998	
8	144.600	-69.998	
8	144.700	-69.998	
8	144.800	-69.998	
8	144.900	-69.998	
8	145.000	-69.998	
8	145.100	-69.998	
8	145.200	-69.998	
8	145.300	-69.998	
8	145.400	-69.998	
8	145.500	-69.998	
8	145.600	-69.998	
8	145.700	-69.998	
8	145.800	-69.998	
8	145.900	-69.998	
8	146.000	-69.998	
8	146.100	-69.998	
8	146.200	-69.998	
8	146.300	-69.998	
8	146.400	-69.998	
8	146.500	-69.998	
8	146.600	-69.998	
8	146.700	-69.998	
8	146.800	-69.998	
8	146.900	-69.998	
8	147.000	-69.998	
8	147.100	-69.998	
8	147.200	-69.998	
8	147.300	-69.998	
8	147.400	-69.998	
8	147.500	-69.998	
8	147.600	-69.998	
8	147.700	-69.998	
8	147.800	-69.998	
8	147.900	-69.998	
8	148.000	-69.998	
8	148.100	-69.998	
8	148.200	-69.998	
8	148.300	-69.998	
8	148.400	-69.998	
8	148.500	-69.998	
8	148.600	-69.998	
8	148.700	-69.998	
8	148.800	-69.998	
8	148.900	-69.998	
8	149.000	-69.998	
8	149.100	-69.998	
8	149.200	-69.998	
8	149.300	-69.998	
8	149.400	-69.998	
8	149.500	-69.998	
8	149.600	-69.998	
8	149.700	-69.998	
8	149.800	-69.998	
8	149.900	-69.998	
8	150.000	-69.998	
8	150.100	-69.998	
8	150.200	-69.998	
8	150.300	-69.998	
8	150.400	-69.998	
8	150.500	-69.998	
8	150.600	-69.998	
8	150.700	-69.998	
8	150.800	-69.998	
8	150.900	-69.998	
8	151.000	-69.998	
8	151.100	-69.998	
8	151.200	-69.998	
8	151.300	-69.998	
8	151.400	-69.998	
8	151.500	-69.998	
8	151.600	-69.998	
8	151.700	-69.998	
8	151.800	-69.998	
8	151.900	-69.998	
8	152.000	-69.998	
8	152.100	-69.998	
8	152.200	-69.998	
8	152.300	-69.998	
8	152.400	-69.998	
8	152.500	-69.998	
8	152.600	-69.998	
8	152.700	-69.998	
8	152.800	-69.998	
8	152.900	-69.998	
8	153.000	-69.998	
8	153.100	-69.998	
8	153.200	-69.998	
8	153.300	-69.998	
8	153.400	-69.998	
8	153.500	-69.998	
8	153.600	-69.998	
8	153.700	-69.998	
8	153.800	-69.998	
8	153.900	-69.998	
8	154.000	-69.998	
8	154.100	-69.998	
8	154.200	-69.998	
8	154.300	-69.998	
8	154.400	-69.998	
8	154.500	-69.998	
8	154.600	-69.998	
8	154.700	-69.998	
8	154.800	-69.998	
8	154.900	-69.998	
8	155.000	-69.998	
8	155.100	-69.998	
8	155.200	-69.998	
8	155.300	-69.998	
8	155.400	-69.998	
8	155.500	-69.998	
8	155.600	-69.998	
8	155.700	-69.998	
8	155.800	-69.998	
8	155.900	-69.998	
8	156.000	-69.998	
8	156.100	-69.998	
8	156.200	-69.998	
8	156.300	-69.998	
8	156.400	-69.998	
8	156.500	-69.998	
8	156.600	-69.998	
8	156.700	-69.998	
8	156.800	-69.998	
8	156.900	-69.998	
8	157.000	-69.998	
8	157.100	-69.998	
8	157.200	-69.998	
8	157.300	-69.998	
8	157.400	-69.998	
8	157.500	-69.998	
8	157.600	-69.998	
8	157.700	-69.998	
8	157.800	-69.998	
8	157.900	-69.998	
8	158.000	-69.998	
8	158.100	-69.998	
8	158.200	-69.998	
8	158.300	-69.998	
8	158.400	-69.998	
8	158.500	-69.998	
8	158.600	-69.998	
8	158.700	-69.998	
8	158.800	-69.998	
8	158.900	-69.998	
8	159.000	-69.998	
8	159.100	-69.998	
8	159.200	-69.998	
8	159.300	-69.998	
8	159.400	-69.998	
8	159.500	-69.998	
8	159.600	-69.998	
8	159.700	-69.998	
8	159.800	-69.998	
8	159.900	-69.998	
8	160.000	-69.998	
8	160.100	-69.998	
8	160.200	-69.998	
8	160.300	-69.998	
8	160.400	-69.998	
8	160.500	-69.998	
8	160.600	-69.998	
8	160.700	-69.998	
8	160.800	-69.998	
8	160.900	-69.998	
8	161.000	-69.998	
8	161.100	-69.998	
8	161.200	-69.998	
8	161.300	-69.998	
8	161.400	-69.998	
8	161.500	-69.998	
8	161.600	-69.998	
8	161.700	-69.998	
8	161.800	-69.998	
8	161.900	-69.998	
8	162.000	-69.998	
8	162.100	-69.998	
8	162.200	-69.998	
8	162.300	-69.998	
8	162.400	-69.998	
8	162.500	-69.998	
8	162.600	-69.998	
8	162.700	-69.998	
8	162.800	-69.998	
8	162.900	-69.998	
8	163.000	-69.998	
8	163.100	-69.998	
8	163.200	-69.998	
8	163.300	-69.998	
8	163.400	-69.998	
8	163.500	-69.998	
8	163.600	-69.998	
8	163.700	-69.998	
8	163.800	-69.998	
8	163.900	-69.998	
8	164.000	-69.998	
8	164.100	-69.998	
8	164.200	-69.998	
8	164.300	-69.998	
8	164.400	-69.998	
8	164.500	-69.998	
8	164.600	-69.998	
8	164.700	-69.998	
8	164.800	-69.998	
8	164.900	-69.998	
8	165.000	-69.998	
8	165.100	-69.998	
8	165.200	-69.998	
8	165.300	-69.998	
8	165.400	-69.998	
8	165.500	-69.998	
8	165.600	-69.998	
8	165.700	-69.998	
8	165.800	-69.998	
8	165.900	-69.998	
8	166.000	-69.998	
8	166.100	-69.998	
8	166.200	-69.998	
8	166.300	-69.998	
8	166.400	-69.998	
8	166.500	-69.998	
8	166.600	-69.998	
8	166.700	-69.998	
8	166.800	-69.998	
8	166.900	-69.998	
8	167.000	-69.998	
8	167.100	-69.998	
8	167.200	-69.998	
8	167.300	-69.998	
8	167.400	-69.998	
8	167.500	-69.998	
8	167.600	-69.998	
8	167.700	-69.998	
8	167.800	-69.998	
8	167.900	-69.998	
8	168.000	-69.998	
8	168.100	-69.998	
8	168.200	-69.998	
8	168.300	-69.998	
8	168.400	-69.998	
8	168.500	-69.998	
8	168.600	-69.998	
8	168.700	-69.998	
8	168.800	-69.998	
8	168.900	-69.998	
8	169.000	-69.998	
8	169.100	-69.998	
8	169.200	-69.998	
8	169.300	-69.998	
8	169.400	-69.998	
8	169.500	-69.998	
8	169.600	-69.998	
8	169.700	-69.998	
8	169.800	-69.998	
8	169.900	-69.998	
8	170.000	-69.998	
8	170.100	-69.998	
8	170.200	-69.998	
8	170.300	-69.998	
8	170.400	-69.998	
8	170.500	-69.998	
8	170.600	-69.998	
8	170.700	-69.998	
8	170.800	-69.998	
8	170.900	-69.998	
8	171.000	-69.998	
8	171.100	-69.998	
8	171.200	-69.998	
8	171.300	-69.998	
8	171.400	-69.998	
8	171.500	-69.998	
8	171.600	-69.998	
8	171.700	-69.998	
8	171.800	-69.998	
8	171.900	-69.998	
8	172.000	-69.998	
8	172.100	-69.998	
8	172.200	-69.998	
8	172.300	-69.998	
8	172.400	-69.998	
8	172.500	-69.998	
8	172.600	-69.998	
8	172.700	-69.998	
8	172.800	-69.998	
8	172.900	-69.998	
8	173.000	-69.998	
8	173.100	-69.998	
8	173.200	-69.998	
8	173.300	-69.998	
8	173.400	-69.998	
8	173.500	-69.998	
8	173.600	-69.998	
8	173.700	-69.998	
8	173.800	-69.998	
8	173.900	-69.998	
8	174.000	-69.998	
8	174.100	-69.998	
8	174.200	-69.998	
8	174.300	-69.998	
8	174.400	-69.998	
8	174.500	-69.998	
8	174.600	-69.998	
8	174.700	-69.998	
8	174.800	-69.998	
8	174.900	-69.998	
8	175.000	-69.998	
8	175.100	-69.998	
8	175.200	-69.998	
8	175.300	-69.998	
8	175.400	-69.998	
8	175.500	-69.998	
8	175.600	-69.998	
8	175.700	-69.998	
8	175.800	-69.998	
8	175.900	-69.998	
8	176.000	-69.998	
8	176.100	-69.998	
8	176.200	-69.998	
8	176.300	-69.998	
8	176.400	-69.998	
8	176.500	-69.998	
8	176.600	-69.998	
8	176.700	-69.998	
8	176.800	-69.998	
8	176.900	-69.998	
8	177.000	-69.998	
8	177.100	-69.998	
8	177.200	-69.998	
8	177.300	-69.998	
8	177.400	-69.998	
8	177.500	-69.998	
8	177.600	-69.998	
8	177.700	-69.998	
8	177.800	-69.998	
8	177.900	-69.998	
8	178.000	-69.998	
8	178.100	-69.998	
8	178.200	-69.998	
8	178.300	-69.998	
8	178.400	-69.998	
8	178.500	-69.998	
8	178.600	-69.998	
8	178.700	-69.998	
8	178.800	-69.998	
8	178.900	-69.998	
8	179.000	-69.998	
8	179.100	-69.998	
8	179.200	-69.998	
8	179.300	-69.998	
8	179.400	-69.998	
8	179.500	-69.998	
8	179.600	-69.998	
8	179.700	-69.998	
8	179.800	-69.998	
8	179.900	-69.998	
8	180.000	-69.998	
8	180.100	-69.998	
8	180.200	-69.998	
8	180.300	-69.998	
8	180.400	-69.998	
8	180.500	-69.998	
8	180.600	-69.998	
8	180.700	-69.998	
8	180.800	-69.998	
8	180.900	-69.998	
8	181.000	-69.998	
8	181.100	-69.998	
8	181.200	-69.998	
8	181.300	-69.998	
8	181.400	-69.998	
8	181.500	-69.998	
8	181.600	-69.998	
8	181.700	-69.998	
8	181.800	-69.998	
8	181.900	-69.998	
8	182.000	-69.998	
8	182.100	-69.998	
8	182.200	-69.998	
8	182.300	-69.998	
8	182.400	-69.998	
8	182.500	-69.998	
8	182.600	-69.998	
8	182.700	-69.998	
8	182.800	-69.998	
8	182.900	-69.998	
8	183.000	-69.998	
8	183.100	-69.998	
8	183.200	-69.998	
8	183.300	-69.998	
8	183.400	-69.998	
8	183.500	-69.998	
8	183.600	-69.998	
8	183.700	-69.998	
8	183.800	-69.998	
8	183.900	-69.998	
8	184.000	-69.998	
8	184.100	-69.998	
8	184.200	-69.998	
8	184.300	-69.998	
8	184.400	-69.998	
8	184.500	-69.998	
8	184.600	-69.998	
8	184.700	-69.998	
8	184.800	-69.998	
8	184.900	-69.998	
8	185.000	-69.998	
8	185.100	-69.998	
8	185.200	-69.998	
8	185.300	-69.998	
8	185.400	-69.998	
8	185.500	-69.998	
8	185.600	-69.998	
8	185.700	-69.998	
8	185.800	-69.998	
8	185.900	-69.998	
8	186.000	-69.998	
8	186.100	-69.998	
8	186.200	-69.998	
8	186.300	-69.998	
8	186.400	-69.998	
8	186.500	-69.998	
8	186.600	-69.998	
8	186.700	-69.998	
8	186.800	-69.998	
8	186.900	-69.998	
8	187.000	-69.998	
8	187.100	-69.998	
8	187.200	-69.998	
8	187.300	-69.998	
8	187.400	-69.998	
8	187.500	-69.998	
8	187.600	-69.998	
8	187.700	-69.998	
8	187.800	-69.998	
8	187.900	-69.998	
8	188.000	-69.998	
8	188.100	-69.998	
8	188.200	-69.998	
8	188.300	-69.998	
8	188.400	-69.998	
8	188.500	-69.998	
8	188.600	-69.998	
8	188.700	-69.998	
8	188.800	-69.998	
8	188.900	-69.998	
8	189.000	-69.998	
8	189.100	-69.998	
8	189.200	-69.998	
8	189.300	-69.998	
8	189.400	-69.998	
8	189.500	-69.998	
8	189.600	-69.998	
8	189.700	-69.998	
8	189.800	-69.998	
8	189.900	-69.998	
8	190.000	-69.998	
8	190.100	-69.998	
8	190.200	-69.998	
8	190.300	-69.998	
8	190.400	-69.998	
8	190.500	-69.998	
8	190.600	-69.998	
8	190.700	-69.998	
8	190.800	-69.998	
8	190.900	-69.998	
8	191.000	-69.998	
8	191.100	-69.998	
8	191.200	-69.998	
8	191.300	-69.998	
8	191.400	-69.998	
8	191.500	-69.998	
8	191.600	-69.998	
8	191.700	-69.998	
8	191.800	-69.998	
8	191.900	-69.998	
8	192.000	-69.998	
8	192.100	-69.998	
8	192.200	-69.998	
8	192.300	-69.998	
8	192.400	-69.998	
8	192.500	-69.998	
8	192.600	-69.998	
8	192.700	-69.998	
8	192.800	-69.998	
8	192.900	-69.998	
8	193.000	-69.998	
8	193.100	-69.998	
8	193.200	-69.998	
8	193.300	-69.998	
8	193.400	-69.998	
8	193.500	-69.998	
8	193.600	-69.998	
8	193.700	-69.998	
8	193.800	-69.998	
8	193.900	-69.998	
8	194.000	-69.998	
8	194.100	-69.998	
8	194.200	-69.998	
8	194.300	-69.998	
8	194.400	-69.998	
8	194.500	-69.998	
8	194.600	-69.998	
8	194.700	-69.998	
8	194.800	-69.998	
8	194.900	-69.998	
8	195.000	-69.998	
8	195.100	-69.998	
8	195.200	-69.998	
8	195.300	-69.998	
8	195.400	-69.998	
8	195.500	-69.998	
8	195.600	-69.998	
8	195.700	-69.998	
8	195.800	-69.998	
8	195.900	-69.998	
8	196.000	-69.998	
8	196.100	-69.998	
8	196.200	-69.998	
8	196.300	-69.998	
8	196.400	-69.998	
8	196.500	-69.998	
8	196.600	-69.998	
8	196.700	-69.998	
8	196.800	-69.998	
8	196.900	-69.998	
8	197.000	-69.998	
8	197.100	-69.998	
8	197.200	-69.998	
8	197.300	-69.998	
8	197.400	-69.998	
8	197.500	-69.998	
8	197.600	-69.998	
8	197.700	-69.998	
8	197.800	-69.998	
8	197.900	-69.998	
8	198.000	-69.998	
8	198.100	-69.998	
8	198.200	-69.998	
8	198.300	-69.998	
8	198.400	-69.998	
8	198.500	-69.998	
8	198.600	-69.998	
8	198.700	-69.998	
8	198.800	-69.998	
8	198.900	-69.998	
8	199.000	-69.998	
8	199.100	-69.998	
8	199.200	-69.998	
8	199.300	-69.998	
8	199.400	-69.998	
8	199.500	-69.998	
8	199.600	-69.998	
8	199.700	-69.998	
8	199.800	-69.998	
8	199.900	-69.998	
8	200.000	-69.998	
8	200.100	-69.998	
8	200.200	-69.998	
8	200.300	-69.998	
8	200.400	-69.998	
8	200.500	-69.998	
8	200.600	-69.998	
8	200.700	-69.998	
8	200.800	-69.998	
8	200.900	-69.998	
8	201.000	-69.998	
8	201.100	-69.998	
8	201.200	-69.998	
8	201.300	-69.998	
8	201.400	-69.998	
8	201.500	-69.998	
8	201.600	-69.998	
8	201.700	-69.998	
8	201.800	-69.998	
8	201.900	-69.998	
8	202.000	-69.998	
8	202.100	-69.998	
8	202.200	-69.998	
8	202.300	-69.998	
8	202.400	-69.998	
8	202.500	-69.998	
8	202.600	-69.998	
8	202.700	-69.998	
8	202.800	-69.998	
8	202.900	-69.998	
8	203.000	-69.998	
8	203.100	-69.998	
8	203.200	-69.998	
8	203.300	-69.998	
8	203.400	-69.998	
8	203.500	-69.998	
8	203.600	-69.998	
8	203.700	-69.998	
8	203.800	-69.998	
8	203.900	-69.998	
8	204.000	-69.998	
8	204.100	-69.998	
8	204.200	-69.998	
8	204.300	-69.998	
8	204.400	-69.998	
8	204.500	-69.998	
8	204.600	-69.998	
8	204.700	-69.998	
8	204.800	-69.998	
8	204.900	-69.998	
8	205.000	-69.998	
8	205.100	-69.998	
8	205.200	-69.998	
8	205.300	-69.998	
8	205.400	-69.998	
8	205.500	-69.998	
8	205.600	-69.998	
8	205.700	-69.998	
8	205.800	-69.998	
8	205.900	-69.998	
8	206.000	-69.998	
8	206.100	-69.998	
8	206.200	-69.998	
8	206.300	-69.998	
8	206.400	-69.998	
8	206.500	-69.998	
8	206.600	-69.998	
8	206.700	-69.998	
8	206.800	-69.998	
8	206.900	-69.998	
8	207.000	-69.998	
8	207.100	-69.998	
8	207.200	-69.998	
8	207.300	-69.998	
8	207.400	-69.998	
8	207.500	-69.998	
8	207.600	-69.998	
8	207.700	-69.998	
8	207.800	-69.998	
8	207.900	-69.998	
8	208.000	-69.998	
8	208.100	-69.998	
8	208.200	-69.998	
8	208.300	-69.998	
8	208.400	-69.998	
8	208.500	-69.998	
8	208.600	-69.998	
8	208.700	-69.998	
8	208.800	-69.998	
8	208.900	-69.998	
8	209.000	-69.998	
8	209.100	-69.998	
8	209.200	-69.998	
8	209.300	-69.998	
8	209.400	-69.998	
8	209.500	-69.998	
8	209.600	-69.998	
8	209.700	-69.998	
8	209.800	-69.998	
8	209.900	-69.998	
8	210.000	-69.998	
8	210.100	-69.998	
8	210.200	-69.998	
8	210.300	-69.998	
8	210.400	-69.998	
8	210.500	-69.998	
8	210.600	-69.998	
8	210.700	-69.998	
8	210.800	-69.998	
8	210.900	-69.998	
8	211.000	-69.998	
8	211.100	-69.998	
8	211.200	-69.998	
8	211.300	-69.998	
8	211.400	-69.998	
8	211.500	-69.998	
8	211.600	-69.998	
8	211.700	-69.998	
8	211.800	-69.998	
8	211.900	-69.998	
8	212.000	-69.998	
8	212.100	-69.998	
8	212.200	-69.998	
8	212.300	-69.998	
8	212.400	-69.998	
8	212.500	-69.998	
8	212.600	-69.998	
8	212.700	-69.998	
8	212.800	-69.998	
8	212.900	-69.998	
8	213.000	-69.998	
8	213.100	-69.998	
8	213.200	-69.998	
8	213.300	-69.998	
8	213.400	-69.998	
8	213.500	-69.998	
8	213.600	-69.998	
8	213.700	-69.998	
8	213.800	-69.998	
8	213.900	-69.998	
8	214.000	-69.998	
8	214.100	-69.998	
8	214.200	-69.998	
8	214.300	-69.998	
8	214.400	-69.998	
8	214.500	-69.998	
8	214.600	-69.998	
8	214.700	-69.998	
8	214.800	-69.998	
8	214.900	-69.998	
8	215.000	-69.998	
8	215.100	-69.998	
8	215.200	-69.998	
8	215.300	-69.998	
8	215.400	-69.998	
8	215.500	-69.998	
8	215.600	-69.998	
8	215.700	-69.998	
8	215.800	-69.998	
8	215.900	-69.998	
8	216.000	-69.998	
8	216.100	-69.998	
8	216.200	-69.998	
8	216.300	-69.998	
8	216.400	-69.998	
8	216.500	-69.998	
8	216.600	-69.998	
8	216.700	-69.998	
8	216.800	-69.998	
8	216.900	-69.998	
8	217.000	-69.998	
8	217.100	-69.998	
8	217.200	-69.998	
8	217.300	-69.998	
8	217.400	-69.998	
8	217.500	-69.998	
8	217.600	-69.998	
8	217.700	-69.998	
8	217.800	-69.998	
8	217.900	-69.998	
8	218.000	-69.998	
8	218.100	-69.998	
8	218.200	-69.998	
8	218.300	-69.998	
8	218.400	-69.998	
8	218.500	-69.998	
8	218.600	-69.998	
8	218.700	-69.998	
8	218.800	-69.998	
8	218.900	-69.998	
8	219.000	-69.998	
8	219.100	-69.998	
8	219.200	-69.998	
8	219.300	-69.998	
8	219.400	-69.998	
8	219.500	-69.998	
8	219.600	-69.998	
8	219.700	-69.998	
8	219.800	-69.998	
8	219.900	-69.998	
8	220.000	-69.998	
8	220.100	-69.998	
8	220.200	-69.998	
8	220.300	-69.998	
8	220.400	-69.998	
8	220.500	-69.998	
8	220.600	-69.998	
8	220.700	-69.998	
8	220.800	-69.998	
8	220.900	-69.998	
8	221.000	-69.998	
8	221.100	-69.998	
8	221.200	-69.998	
8	221.300	-69.998	
8	221.400	-69.998	
8	221.500	-69.998	
8	221.600	-69.998	
8	221.700	-69.998	
8	221.800	-69.998	
8	221.900	-69.998	
8	222.000	-69.998	
8	222.100	-69.998	
8	222.200	-69.998	
8	222.300	-69.998	
8	222.400	-69.998	
8	222.500	-69.998	
8	222.600	-69.998	
8	222.700	-69.998	
8	222.800	-69.998	
8	222.900	-69.998	
8	223.000	-69.998	
8	223.100	-69.998	
8	223.200	-69.998	
8	223.300	-69.998	
8	223.400	-69.998	
8	223.500	-69.998	
8	223.600	-69.998	
8	223.700	-69.998	
8	223.800	-69.998	
8	223.900	-69.998	
8	224.000	-69.998	
8	224.100	-69.998	
8	224.200	-69.998	
8	224.300	-69.998	
8	224.400	-69.998	
8	224.500	-69.998	
8	224.600	-69.998	
8	224.700	-69.998	
8	224.800	-69.998	
8	224.900	-69.998	
8	225.000	-69.998	
8	225.100	-69.998	
8	225.200	-69.998	
8	225.300	-69.998	
8	225.400	-69.998	
8	225.500	-69.998	
8	225.600	-69.998	
8	225.700	-69.998	
8	225.800	-69.998	
8	225.900	-69.998	
8	226.000	-69.998	
8	226.100	-69.998	
8	226.200	-69.998	
8	226.300	-69.998	
8	226.400	-69.998	
8	226.500	-69.998	
8	226.600	-69.998	
8	226.700	-69.998	
8	226.800	-69.998	
8	226.900	-69.998	
8	227.000	-69.998	
8	227.100	-69.998	
8	227.200	-69.998	
8	227.300	-69.998	
8	227.400	-69.998	
8	227.500	-69.998	
8	227.600	-69.998	
8	227.700	-69.998	
8	227.800	-69.998	
8	227.900	-69.998	
8	228.000	-69.998	
8	228.100	-69.998	
8	228.200	-69.998	
8	228.300	-69.998	
8	228.400	-69.998	
8	228.500	-69.998	
8	228.600	-69.998	
8	228.700	-69.998	
8	228.800	-69.998	
8	228.900	-69.998	
8	229.000	-69.998	
8	229.100	-69.998	
8	229.200	-69.998	
8	229.300	-69.998	
8	229.400	-69.998	
8	229.500	-69.998	
8	229.600	-69.998	
8	229.700	-69.998	
8	229.800	-69.998	
8	229.900	-69.998	
8	230.000	-69.998	
8	230.100	-69.998	
8	230.200	-69.998	
8	230.300	-69.998	
8	230.400	-69.998	
8	230.500	-69.998	
8	230.600	-69.998	
8	230.700	-69.998	
8	230.800	-69.998	
8	230.900	-69.998	
8	231.000	-69.998	
8	231.100	-69.998	
8	231.200	-69.998	
8	231.300	-69.998	
8	231.400	-69.998	
8	231.500	-69.998	
8	231.600	-69.998	
8	231.700	-69.998	
8	231.800	-69.998	
8	231.900	-69.998	
8	232.000	-69.998	
8	232.100	-69.998	
8	232.200	-69.998	
8	232.300	-69.998	
8	232.400	-69.998	
8	232.500	-69.998	
8	232.600	-69.998	
8	232.700	-69.998	
8	232.800	-69.998	
8	232.900	-69.998	
8	233.000	-69.998	
8	233.100	-69.998	
8	233.200	-69.998	
8	233.300	-69.998	
8	233.400	-69.998	
8	233.500	-69.998	
8	233.600	-69.998	
8	233.700	-69.998	
8	233.800	-69.998	
8	233.900	-69.998	
8	234.000	-69.998	
8	234.100	-69.998	
8	234.200	-69.998	
8	234.300	-69.998	
8	234.400	-69.998	
8	234.500	-69.998	
8	234.600	-69.998	
8	234.700	-69.998	
8	234.800	-69.998	
8	234.900	-69.998	
8	235.000	-69.998	
8	235.100	-69.998	
8	235.200	-69.998	
8	235.300	-69.998	
8	235.400	-69.998	
8	235.500	-69.998	
8	235.600	-69.998	
8	235.700	-69.998	
8	235.800	-69.998	
8	235.900	-69.998	
8	236.000	-69.998	
8	236.100	-69.998	
8	236.200	-69.998	
8	236.300	-69.998	
8	236.400	-69.998	
8	236.500	-69.998	
8	236.600	-69.998	
8	236.700	-69.998	
8	236.800	-69.998	
8	236.900	-69.998	
8	237.000	-69.998	
8	237.100	-69.998	
8	237.200	-69.998	
8	237.300	-69.998	
8	237.400	-69.998	
8	237.500	-69.998	
8	237.600	-69.998	
8	237.700	-69.998	
8	237.800	-69.998	
8	237.900	-69.998	
8	238.000	-69.998	
8	238.100	-69.998	
8	238.200	-69.998	
8	238.300	-69.998	
8	238.400	-69.998	
8	238.500	-69.998	
8	238.600	-69.998	
8	238.700	-69.998	
8	238.800	-69.998	
8	238.900	-69.998	
8	239.000	-69.998	
8	239.100	-69.998	
8	239.200	-69.998	
8	239.300	-69.998	
8	239.400	-69.998	
8	239.500	-69.998	
8	239.600	-69.998	
8	239.700	-69.998	
8	239.800	-69.998	
8	239.900	-69.998	
8	240.000	-69.998	
8	240.100	-69.998	
8	240.200	-69.998	
8	240.300	-69.998	
8	240.400	-69.998	
8	240.500	-69.998	
8	240.600	-69.998	
8	240.700	-69.998	
8	240.800	-69.998	
8	240.900	-69.998	
8	241.000	-69.998	
8	241.100	-69.998	
8	241.200	-69.998	
8	241.300	-69.998	
8	241.400	-69.998	
8	241.500	-69.998	
8	241.600	-69.998	
8	241.700	-69.998	
8	241.800	-69.998	
8	241.900	-69.998	
8	242.000	-69.998	
8	242.100	-69.998	
8	242.200	-69.998	
8	242.300	-69.998	
8	242.400	-69.998	
8	242.500	-69.998	
8	242.600	-69.998	
8	242.700	-69.998	
8	242.800	-69.998	
8	242.900	-69.998	
8	243.000	-69.998	
8	243.100	-69.998	
8	243.200	-69.998	
8	243.300	-69.998	
8	243.400	-69.998	
8	243.500	-69.998	
8	243.600	-69.998	
8	243.700	-69.998	
8	243.800	-69.998	
8	243.900	-69.998	
8	244.000	-69.998	
8	244.100	-69.998	
8	244.200	-69.998	
8	244.300	-69.998	
8	244.400	-69.998	
8	244.500	-69.998	
8	244.600	-69.998	
8	244.700	-69.998	
8	244.800	-69.998	
8	244.900	-69.998	
8	245.000	-69.998	
8	245.100	-69.998	
8	245.200	-69.998	
8	245.300	-69.998	
8	245.400	-69.998	
8	245.500	-69.998	
8	245.600	-69.998	
8	245.700	-69.998	
8	245.800	-69.998	
8	245.900	-69.998	
8	246.000	-69.998	
8	246.100	-69.998	
8	246.200	-69.998	
8	246.300	-69.998	
8	246.400	-69.998	
8	246.500	-69.998	
8	246.600	-69.998	
8	246.700	-69.998	
8	246.800	-69.998	
8	246.900	-69.998	
8	247.000	-69.998	
8	247.100	-69.998	
8	247.200	-69.998	
8	247.300	-69.998	
8	247.400	-69.998	
8	247.500	-69.998	
8	247.600	-69.998	
8	247.700	-69.998	
8	247.800	-69.998	
8	247.900	-69.998	
8	248.000	-69.998	
8	248.100	-69.998	
8	248.200	-69.998	
8	248.300	-69.998	
8	248.400	-69.998	
8	248.500	-69.998	
8	248.600	-69.998	
8	248.700	-69.998	
8	248.800	-69.998	
8	248.900	-69.998	
8	249.000	-69.998	
8	249.100	-69.998	
8	249.200	-69.998	
8	249.300	-69.998	
8	249.400	-69.998	
8	249.500	-69.998	
8	249.600	-69.998	
8	249.700	-69.998	
8	249.800	-69.998	
8	249.900	-69.998	
8	250.000	-69.998	
8	250.100	-69.998	
8	250.200	-69.998	
8	250.300	-69.998	
8	250.400	-69.998	
8	250.500	-69.998	
8	250.600	-69.998	
8	250.700	-69.998	
8	250.800	-69.998	
8	250.900	-69.998	
8	251.000	-69.998	
8	251.100	-69.998	
8	251.200	-69.998	
8	251.300	-69.998	
8	251.400	-69.998	
8	251.500	-69.998	
8	251.600	-69.998	
8	251.700	-69.998	
8	251.800	-69.998	
8	251.900	-69.998	
8	252.000	-69.998	
8	252.100	-69.998	
8	252.200	-69.998	
8	252.300	-69.998	
8	252.400	-69.998	
8	252.500	-69.998	
8	252.600	-69.998	
8	252.700	-69.998	
8	252.800	-69.998	
8	252.900	-69.998	
8	253.000	-69.998	
8	253.100	-69.998	
8	253.200	-69.998	
8	253.300	-69.998	
8	253.400	-69.998	
8	253.500	-69.998	
8	253.600	-69.998	
8	253.700	-69.998	
8	253.800	-69.998	
8	253.900	-69.998	
8	254.000	-69.998	
8	254.100	-69.998	
8	254.200	-69.998	
8	254.300	-69.998	
8	254.400	-69.998	
8	254.500	-69.998	
8	254.600	-69.998	
8	254.700	-69.998	
8	254.800	-69.998	
8	254.900	-69.998	
8	255.000	-69.998	
8	255.100	-69.998	
8	255.200	-69.998	
8	255.300	-69.998	
8	255.400	-69.998	
8	255.500	-69.998	
8	255.600	-69.998	
8	255.700	-69.998	
8	255.800	-69.998	
8	255.900	-69.998	
8	256.000	-69.998	
8	256.100	-69.998	
8	256.200	-69.998	
8	256.300	-69.998	
8	256.400	-69.998	
8	256.500	-69.998	
8	256.600	-69.998	
8	256.700	-69.998	
8	256.800	-69.998	
8	256.900	-69.998	
8	257.000	-69.998	
8	257.100	-69.998	
8	257.200	-69.998	
8	257.300	-69.998	
8	257.400	-69.998	
8	257.500	-69.998	
8	257.600	-69.998	
8	257.700	-69.998	
8	257.800	-69.998	
8	257.900	-69.998	
8	258.000	-69.998	
8	258.100	-69.998	
8	258.200	-69.998	
8	258.300	-69.998	
8	258.400	-69.998	
8	258.500	-69.998	
8	258.600	-69.998	
8	258.700	-69.998	
8	258.800	-69.998	
8	258.900	-69.998	
8	259.000	-69.998	
8	259.100	-69.998	
8	259.200	-69.998	
8	259.300	-69.998	
8	259.400	-69.998	
8	259.500	-69.998	
8	259.600	-69.998	
8	259.700	-69.998	
8	259.800	-69.998	
8	259.900	-69.998	
8	260.000	-69.998	
8	260.100	-69.998	
8	260.200	-69.998	
8	260.300	-69.998	
8	260.400	-69.998	
8	260.500	-69.998	
8	260.600	-69.998	
8	260.700	-69.998	
8	260.800	-69.998	
8	260.900	-69.998	
8	261.000	-69.998	
8	261.100	-69.998	
8	261.200	-69.998	
8	261.300	-69.998	
8	261.400	-69.998	
8	261.500	-69.998	
8	261.600	-69.998	
8	261.700	-69.998	
8	261.800	-69.998	
8	261.900	-69.998	
8	262.000	-69.998	
8	262.100	-69.998	
8	262.200	-69.998	
8	262.300	-69.998	
8	262.400	-69.998	
8	262.500	-69.998	
8	262.600	-69.998	
8	262.700	-69.998	
8	262.800	-69.998	
8	262.900	-69.998	
8	263.000	-69.998	
8	263.100	-69.998	
8	263.200	-69.998	
8	263.300	-69.998	
8	263.400	-69.998	
8	263.500	-69.998	
8	263.600	-69.998	
8	263.700	-69.998	
8	263.800	-69.998	
8	263.900	-69.998	
8	264.000	-69.998	
8	264.100	-69.998	
8	264.200	-69.998	
8	264.300	-69.998	
8	264.400	-69.998	
8	264.500	-69.998	
8	264.600	-69.998	
8	264.700	-69.998	
8	264.800	-69.998	
8	264.900	-69.998	
8	265.000	-69.998	
8	265.100	-69.998	
8	265.200	-69.998	
8	265.300	-69.998	
8	265.400	-69.998	
8	265.500	-69.998	
8	265.600	-69.998	
8	265.700	-69.998	
8	265.800	-69.998	
8	265.900	-69.998	
8	266.000	-69.998	
8	266.100	-69.998	
8	266.200	-69.998	
8	266.300	-69.998	
8	266.400	-69.998	
8	266.500	-69.998	
8	266.600	-69.998	
8	266.700	-69.998	
8	266.800	-69.998	
8	266.900	-69.998	
8	267.000	-69.998	
8	267.100	-69.998	
8	267.200	-69.998	
8	267.300	-69.998	
8	267.400	-69.998	
8	267.500	-69.998	
8	267.600	-69.998	
8	267.700	-69.998	
8	267.800	-69.998	
8	267.900	-69.998	
8	268.000	-69.998	
8	268.100	-69.998	
8	268.200	-69.998	
8	268.300	-69.998	
8	268.400	-69.998	
8	268.500	-69.998	
8	268.600	-69.998	
8	268.700	-69.998	
8	268.800	-69.998	
8	268.900	-69.998	
8	269.000	-69.998	
8	269.100	-69.998	
8	269.200	-69.998	
8	269.300	-69.998	
8	269.400	-69.998	
8	269.500	-69.998	
8	269.600	-69.998	
8	269.700	-69.998	
8	269.800	-69.998	
8	269.900	-69.998	
8	270.000	-69.998	
8	270.100	-69.998	
8	270.200	-69.998	
8	270.300	-69.998	
8	270.400	-69.998	
8	270.500	-69.998	
8	270.600	-69.998	
8	270.700	-69.998	
8	270.800	-69.998	
8	270.900	-69.998	
8	271.000	-69.998	
8	271.100	-69.998	
8	271.200	-69.998	
8	271.300	-69.998	
8	271.400	-69.998	
8	271.500	-69.998	
8	271.600	-69.998	
8	271.700	-69.998	
8	271.800	-69.998	
8	271.900	-69.998	
8	272.000	-69.998	
8	272.100	-69.998	
8	272.200	-69.998	
8	272.300	-69.998	
8	272.400	-69.998	
8	272.500	-69.998	
8	272.600	-69.998	
8	272.700	-69.998	
8	272.800	-69.998	
8	272.900	-69.998	
8	273.000	-69.998	
8	273.100	-69.998	
8	273.200	-69.998	
8	273.300	-69.998	
8	273.400	-69.998	
8	273.500	-69.998	
8	273.600	-69.998	
8	273.700	-69.998	
8	273.800	-69.998	
8	273.900	-69.998	
8	274.000	-69.998	
8	274.100	-69.998	
8	274.200	-69.998	
8	274.300	-69.998	
8	274.400	-69.998	
8	274.500	-69.998	
8	274.600	-69.998	
8	274.700	-69.998	
8	274.800	-69.998	
8	274.900	-69.998	
8	275.000	-69.998	
8	275.100	-69.998	
8	275.200	-69.998	
8	275.300	-69.998	
8	275.400	-69.998	
8	275.500	-69.998	
8	275.600	-69.998	
8	275.700	-69.998	
8	275.800	-69.998	
8	275.900	-69.998	
8	276.000	-69.998	
8	276.100	-69.998	
8	276.200	-69.998	
8	276.300	-69.998	
8	276.400	-69.998	
8	276.500	-69.998	
8	276.600	-69.998	
8	276.700	-69.998	
8	276.800	-69.998	
8	276.900	-69.998	
8	277.000	-69.998	
8	277.100	-69.998	
8	277.200	-69.998	
8	277.300	-69.998	
8	277.400	-69.998	
8	277.500	-69.998	
8	277.600	-69.998	
8	277.700	-69.998	
8	277.800	-69.998	
8	277.900	-69.998	
8	278.000	-69.998	
8	278.100	-69.998	
8	278.200	-69.998	
8	278.300	-69.998	
8	278.400	-69.998	
8	278.500	-69.998	
8	278.600	-69.998	
8	278.700	-69.998	
8	278.800	-69.998	
8	278.900	-69.998	
8	279.000	-69.998	
8	279.100	-69.998	
8	279.200	-69.998	
8	279.300	-69.998	
8	279.400	-69.998	
8	279.500	-69.998	
8	279.600	-69.998	
8	279.700	-69.998	
8	279.800	-69.998	
8	279.900	-69.998	
8	280.000	-69.998	
8	280.100	-69.998	
8	280.200	-69.998	
8	280.300	-69.998	
8	280.400	-69.998	
8	280.500	-69.998	
8	280.600	-69.998	
8	280.700	-69.998	
8	280.800	-69.998	
8	280.900	-69.998	
8	281.000	-69.998	
8	281.100	-69.998	
8	281.200	-69.998	
8	281.300	-69.998	
8	281.400	-69.998	
8	281.500	-69.998	
8	281.600	-69.998	
8	281.700	-69.998	
8	281.800	-69.998	
8	281.900	-69.998	
8	282.000	-69.998	
8	282.100	-69.998	
8	282.200	-69.998	
8	282.300	-69.998	
8	282.400	-69.998	
8	282.500	-69.998	
8	282.600	-69.998	
8	282.700	-69.998	
8	282.800	-69.998	
8	282.900	-69.998	
8	283.000	-69.998	
8	283.100	-69.998	
8	283.200	-69.998	
8	283.300	-69.998	
8	283.400	-69.998	
8	283.500	-69.998	
8	283.600	-69.998	
8	283.700	-69.998	
8	283.800	-69.998	
8	283.900	-69.998	
8	284.000	-69.998	
8	284.100	-69.998	
8	284.200	-69.998	
8	284.300	-69.998	
8	284.400	-69.998	
8	284.500	-69.998	
8	284.600	-69.998	
8	284.700	-69.998	
8	284.800	-69.998	
8	284.900	-69.998	
8	285.000	-69.998	
8	285.100	-69.998	
8	285.200	-69.998	
8	285.300	-69.998	
8	285.400	-69.998	
8	285.500	-69.998	
8	285.600	-69.998	
8	285.700	-69.998	
8	285.800	-69.998	
8	285.900	-69.998	
8	286.000	-69.998	
8	286.100	-69.998	
8	286.200	-69.998	
8	286.300	-69.998	
8	286.400	-69.998	
8	286.500	-69.998	
8	286.600	-69.998	
8	286.700	-69.998	
8	286.800	-69.998	
8	286.900	-69.998	
8	287.000	-69.998	
8	287.100	-69.998	
8	287.200	-69.998	
8	287.300	-69.998	
8	287.400	-69.998	
8	287.500	-69.998	
8	287.600	-69.998	
8	287.700	-69.998	
8	287.800	-69.998	
8	287.900	-69.998	
8	288.000	-69.998	
8	288.100	-69.998	
8	288.200	-69.998	
8	288.300	-69.998	
8	288.400	-69.998	
8	288.500	-69.998	
8	288.600	-69.998	
8	288.700	-69.998	
8	288.800	-69.998	
8	288.900	-69.998	
8	289.000	-69.998	
8	289.100	-69.998	
8	289.200	-69.998	
8	289.300	-69.998	
8	289.400	-69.998	
8	289.500	-69.998	
8	289.600	-69.998	
8	289.700	-69.998	
8	289.800	-69.998	
8	289.900	-69.998	
8	290.000	-69.998	
8	290.100	-69.998	
8	290.200	-69.998	
8	290.300	-69.998	
8	290.400	-69.998	
8	290.500	-69.998	
8	290.600	-69.998	
8	290.700	-69.998	
8	290.800	-69.998	
8	290.900	-69.998	
8	291.000	-69.998	
8	291.100	-69.998	
8	291.200	-69.998	
8	291.300	-69.998	
8	291.400	-69.998	
8	291.500	-69.998	
8	291.600	-69.998	
8	291.700	-69.998	
8	291.800	-69.998	
8	291.900	-69.998	
8	292.000	-69.998	
8	292.100	-69.998	
8	292.200	-69.998	
8	292.300	-69.998	
8	292.400	-69.998	
8	292.500	-69.998	
8	292.600	-69.998	
8	292.700	-69.998	
8	292.800	-69.998	
8	292.900	-69.998	
8	293.000	-69.998	
8	293.100	-69.998	
8	293.200	-69.998	
8	293.300	-69.998	
8	293.400	-69.998	
8	293.500	-69.998	
8	293.600	-69.998	
8	293.700	-69.998	
8	293.800	-69.998	
8	293.900	-69.998	
8	294.000	-69.998	
8	294.100	-69.998	
8	294.200	-69.998	
8	294.300	-69.998	
8	294.400	-69.998	
8	294.500	-69.998	
8	294.600	-69.998	
8	294.700	-69.998	
8	294.800	-69.998	
8	294.900	-69.998	
8	295.000	-69.998	
8	295.100	-69.998	
8	295.200	-69.998	
8	295.300	-69.998	
8	295.400	-69.998	
8	295.500	-69.998	
8	295.600	-69.998	
8	295.700	-69.998	
8	295.800	-69.998	
8	295.900	-69.998	
8	296.000	-69.998	
8	296.100	-69.998	
8	296.200	-69.998	
8	296.300	-69.998	
8	296.400	-69.998	
8	296.500	-69.998	
8	296.600	-69.998	
8	296.700	-69.998	
8	296.800	-69.998	
8	296.900	-69.998	
8	297.000	-69.998	
8	297.100	-69.998	
8	297.200	-69.998	
8	297.300	-69.998	
8	297.400	-69.998	
8	297.500	-69.998	
8	297.600	-69.998	
8	297.700	-69.998	
8	297.800	-69.998	
8	297.900	-69.998	
8	298.000	-69.998	
8	298.100	-69.998	
8	298.200	-69.998	
8	298.300	-69.998	
8	298.400	-69.998	
8	298.500	-69.998	
8	298.600	-69.998	
8	298.700	-69.998	
8	298.800	-69.998	
8	298.900	-69.998	
8	299.000	-69.998	
8	299.100	-69.998	
8	299.200	-69.998	
8	299.300	-69.998	
8	299.400	-69.998	
8	299.500	-69.998	
8	299.600	-69.998	
8	299.700	-69.998	
8	299.800	-69.998	
8	299.900	-69.998	
8	300.000	-69.998	
8	300.100	-69.998	
8	300.200	-69.998	
8	300.300	-69.998	
8	300.400	-69.998	
8	300.500	-69.998	
8	300.600	-69.998	
8	300.700	-69.998	
8	300.800	-69.998	
8	300.900	-69.998	
8	301.000	-69.998	
8	301.100	-69.998	
8	301.200	-69.998	
8	301.300	-69.998	
8	301.400	-69.998	
8	301.500	-69.998	
8	301.600	-69.998	
8	301.700	-69.998	
8	301.800	-69.998	
8	301.900	-69.998	
8	302.000	-69.998	
8	302.100	-69.998	
8	302.200	-69.998	
8	302.300	-69.998	
8	302.400	-69.998	
8	302.500	-69.998	
8	302.600	-69.998	
8	302.700	-69.998	
8	302.800	-69.998	
8	302.900	-69.998	
8	303.000	-69.998	
8	303.100	-69.998	
8	303.200	-69.998	
8	303.300	-69.998	
8	303.400	-69.998	
8	303.500	-69.998	
8	303.600	-69.998	
8	303.700	-69.998	
8	303.800	-69.998	
8	303.900	-69.998	
8	304.000	-69.998	
8	304.100	-69.998	
8	304.200	-69.998	
8	304.300	-69.998	
8	304.400	-69.998	
8	304.500	-69.998	
8	304.600	-69.998	
8	304.700	-69.998	
8	304.800	-69.998	
8	304.900	-69.998	
8	305.000	-69.998	
8	305.100	-69.998	
8	305.200	-69.998	
8	305.300	-69.998	
8	305.400	-69.998	
8	305.500	-69.998	
8	305.600	-69.998	
8	305.700	-69.998	
8	305.800	-69.998	
8	305.900	-69.998	
8	306.000	-69.998	
8	306.100	-69.998	
8	306.200	-69.998	
8	306.300	-69.998	
8	306.400	-69.998	
8	306.500	-69.998	
8	306.600	-69.998	
8	306.700	-69.998	
8	306.800	-69.998	
8	306.900	-69.998	
8	307.000	-69.998	
8	307.100	-69.998	
8	307.200	-69.998	
8	307.300	-69.998	
8	307.400	-69.998	
8	307.500	-69.998	
8	307.600	-69.998	
8	307.700	-69.998	
8	307.800	-69.998	
8	307.900	-69.998	
8	308.000	-69.998	
8	308.100	-69.998	
8	308.200	-69.998	
8	308.300	-69.998	
8	308.400	-69.998	
8	308.500	-69.998	
8	308.600	-69.998	
8	308.700	-69.998	
8	308.800	-69.998	
8	308.900	-69.998	
8	309.000	-69.998	
8	309.100	-69.998	
8	309.200	-69.998	
8	309.300	-69.998	
8	309.400	-69.998	
8	309.500	-69.998	
8	309.600	-69.998	
8	309.700	-69.998	
8	309.800	-69.998	
8	309.900	-69.998	
8	310.000	-69.998	
8	310.100	-69.998	
8	310.200	-69.998	
8	310.300	-69.998	
8	310.400	-69.998	
8	310.500	-69.998	
8	310.600	-69.998	
8	310.700	-69.998	
8	310.800	-69.998	
8	310.900	-69.998	
8	311.000	-69.998	
8	311.100	-69.998	
8	311.200	-69.998	
8	311.300	-69.998	
8	311.400	-69.998	
8	311.500	-69.998	
8	311.600	-69.998	
8	311.700	-69.998	
8	311.800	-69.998	
8	311.900	-69.998	
8	312.000	-69.998	
8	312.100	-69.998	
8	312.200	-69.998	
8	312.300	-69.998	
8	312.400	-69.998	
8	312.500	-69.998	
8	312.600	-69.998	
8	312.700	-69.998	
8	312.800	-69.998	
8	312.900	-69.998	
8	313.000	-69.998	
8	313.100	-69.998	
8	313.200	-69.998	
8	313.300	-69.998	
8	313.400	-69.998	
8	313.500	-69.998	
8	313.600	-69.998	
8	313.700	-69.998	
8	313.800	-69.998	
8	313.900	-69.998	
8	314.000	-69.998	
8	314.100	-69.998	
8	314.200	-69.998	
8	314.300	-69.998	
8	314.400	-69.998	
8	314.500	-69.998	
8	314.600	-69.998	
8	314.700	-69.998	
8	314.800	-69.998	
8	314.900	-69.998	
8	315.000	-69.998	
8	315.100	-69.998	
8	315.200	-69.998	
8	315.300	-69.998	
8	315.400	-69.998	
8	315.500	-69.998	
8	315.600	-69.998	
8	315.700	-69.998	
8	315.800	-69.998	
8	315.900	-69.998	
8	316.000	-69.998	
8	316.100	-69.998	
8	316.200	-69.998	
8	316.300	-69.998	
8	316.400	-69.998	
8	316.500	-69.998	
8	316.600	-69.998	
8	316.700	-69.998	
8	316.800	-69.998	
8	316.900	-69.998	
8	317.000	-69.998	
8	317.100	-69.998	
8	317.200	-69.998	
8	317.300	-69.998	
8	317.400	-69.998	
8	317.500	-69.998	
8	317.600	-69.998	
8	317.700	-69.998	
8	317.800	-69.998	
8	317.900	-69.998	
8	318.000	-69.998	
8	318.100	-69.998	
8	318.200	-69.998	
8	318.300	-69.998	
8	318.400	-69.998	
8	318.500	-69.998	
8	318.600	-69.998	
8	318.700	-69.998	
8	318.800	-69.998	
8	318.900	-69.998	
8	319.000	-69.998	
8	319.100	-69.998	
8	319.200	-69.998	
8	319.300	-69.998	
8	319.400	-69.998	
8	319.500	-69.998	
8	319.600	-69.998	
8	319.700	-69.998	
8	319.800	-69.998	
8	319.900	-69.998	
8	320.000	-69.998	
8	320.100	-69.998	
8	320.200	-69.998	
8	320.300	-69.998	
8	320.400	-69.998	
8	320.500	-69.998	
8	320.600	-69.998	
8	320.700	-69.998	
8	320.800	-69.998	
8	320.900	-69.998	
8	321.000	-69.998	
8	321.100	-69.998	
8	321.200	-69.998	
8	321.300	-69.998	
8	321.400	-69.998	
8	321.500	-69.998	
8	321.600	-69.998	
8	321.700	-69.998	
8	321.800	-69.998	
8	321.900	-69.998	
8	322.000	-69.998	
8	322.100	-69.998	
8	322.200	-69.998	
8	322.300	-69.998	
8	322.400	-69.998	
8	322.500	-69.998	
8	322.600	-69.998	
8	322.700	-69.998	
8	322.800	-69.998	
8	322.900	-69.998	
8	323.000	-69.998	
8	323.100	-69.998	
8	323.200	-69.998	
8	323.300	-69.998	
8	323.400	-69.998	
8	323.500	-69.998	
8	323.600	-69.998	
8	323.700	-69.998	
8	323.800	-69.998	
8	323.900	-69.998	
8	324.000	-69.998	
8	324.100	-69.998	
8	324.200	-69.998	
8	324.300	-69.998	
8	324.400	-69.998	
8	324.500	-69.998	
8	324.600	-69.998	
8	324.700	-69.998	
8	324.800	-69.998	
8	324.900	-69.998	
8	325.000	-69.998	
8	325.100	-69.998	
8	325.200	-69.998	
8	325.300	-69.998	
8	325.400	-69.998	
8	325.500	-69.998	
8	325.600	-69.998	
8	325.700	-69.998	
8	325.800	-69.998	
8	325.900	-69.998	
8	326.000	-69.998	
8	326.100	-69.998	
8	326.200	-69.998	
8	326.300	-69.998	
8	326.400	-69.998	
8	326.500	-69.998	
8	326.600	-69.998	
8	326.700	-69.998	
8	326.800	-69.998	
8	326.900	-69.998	
8	327.000	-69.998	
8	327.100	-69.998	
8	327.200	-69.998	
8	327.300	-69.998	
8	327.400	-69.998	
8	327.500	-69.998	
8	327.600	-69.998	
8	327.700	-69.998	
8	327.800	-69.998	
8	327.900	-69.998	
8	328.000	-69.998	
8	328.100	-69.998	
8	328.200	-69.998	
8	328.300	-69.998	
8	328.400	-69.998	
8	328.500	-69.998	
8	328.600	-69.998	
8	328.700	-69.998	
8	328.800	-69.998	
8	328.900	-69.998	
8	329.000	-69.998	
8	329.100	-69.998	
8	329.200	-69.998	
8	329.300	-69.998	
8	329.400	-69.998	
8	329.500	-69.998	
8	329.600	-69.998	
8	329.700	-69.998	
8	329.800	-69.998	
8	329.900	-69.998	
8	330.000	-69.998	
8	330.100	-69.998	
8	330.200	-69.998	
8	330.300	-69.998	
8	330.400	-69.998	
8	330.500	-69.998	
8	330.600	-69.998	
8	330.700	-69.998	
8	330.800	-69.998	
8	330.900	-69.998	
8	331.000	-69.998	
8	331.100	-69.998	
8	331.200	-69.998	
8	331.300	-69.998	
8	331.400	-69.998	
8	331.500	-69.998	
8	331.600	-69.998	
8	331.700	-69.998	
8	331.800	-69.998	
8	331.900	-69.998	
8	332.000	-69.998	
8	332.100	-69.998	
8	332.200	-69.998	
8	332.300	-69.998	
8	332.400	-69.998	
8	332.500	-69.998	
8	332.600	-69.998	
8	332.700	-69.998	
8	332.800	-69.998	
8	332.900	-69.998	
8	333.000	-69.998	
8	333.100	-69.998	
8	333.200	-69.998	
8	333.300	-69.998	
8	333.400	-69.998	
8	333.500	-69.998	
8	333.600	-69.998	
8	333.700	-69.998	
8	333.800	-69.998	
8	333.900	-69.998	
8	334.000	-69.998	
8	334.100	-69.998	
8	334.200	-69.998	
8	334.300	-69.998	
8	334.400	-69.998	
8	334.500	-69.998	
8	334.600	-69.998	
8	334.700	-69.998	
8	334.800	-69.998	
8	334.900	-69.998	
8	335.000	-69.998	
8	335.100	-69.998	
8	335.200	-69.998	
8	335.300	-69.998	
8	335.400	-69.998	
8	335.500	-69.998	
8	335.600	-69.998	
8	335.700	-69.998	
8	335.800	-69.998	
8	335.900	-69.998	
8	336.000	-69.998	
8	336.100	-69.998	
8	336.200	-69.998	
8	336.300	-69.998	
8	336.400	-69.998	
8	336.500	-69.998	
8	336.600	-69.998	
8	336.700	-69.998	
8	336.800	-69.998	
8	336.900	-69.998	
8	337.000	-69.998	
8	337.100	-69.998	
8	337.200	-69.998	
8	337.300	-69.998	
8	337.400	-69.998	
8	337.500	-69.998	
8	337.600	-69.998	
8	337.700	-69.998	
8	337.800	-69.998	
8	337.900	-69.998	
8	338.000	-69.998	
8	338.100	-69.998	
8	338.200	-69.998	
8	338.300	-69.998	
8	338.400	-69.998	
8	338.500	-69.998	
8	338.600	-69.998	
8	338.700	-69.998	
8	338.800	-69.998	
8	338.900	-69.998	
8	339.000	-69.998	
8	339.100	-69.998	
8	339.200	-69.998	
8	339.300	-69.998	
8	339.400	-69.998	
8	339.500	-69.998	
8	339.600	-69.998	
8	339.700	-69.998	
8	339.800	-69.998	
8	339.900	-69.998	
8	340.000	-69.998	
8	340.100	-69.998	
8	340.200	-69.998	
8	340.300	-69.998	
8	340.400	-69.998	
8	340.500	-69.998	
8	340.600	-69.998	
8	340.700	-69.998	
8	340.800	-69.998	
8	340.900	-69.998	
8	341.000	-69.998	
8	341.100	-69.998	
8	341.200	-69.998	
8	341.300	-69.998	
8	341.400	-69.998	
8	341.500	-69.998	
8	341.600	-69.998	
8	341.700	-69.998	
8	341.800	-69.998	
8	341.900	-69.998	
8	342.000	-69.998	
8	342.100	-69.998	
8	342.200	-69.998	
8	342.300	-69.998	
8	342.400	-69.998	
8	342.500	-69.998	
8	342.600	-69.998	
8	342.700	-69.998	
8	342.800	-69.998	
8	342.900	-69.998	
8	343.000	-69.998	
8	343.100	-69.998	
8	343.200	-69.998	
8	343.300	-69.998	
8	343.400	-69.998	
8	343.500	-69.998	
8	343.600	-69.998	
8	343.700	-69.998	
8	343.800	-69.998	
8	343.900	-69.998	
8	344.000	-69.998	
8	344.100	-69.998	
8	344.200	-69.998	
8	344.300	-69.998	
8	344.400	-69.998	
8	344.500	-69.998	
8	344.600	-69.998	
8	344.700	-69.998	
8	344.800	-69.998	
8	344.900	-69.998	
8	345.000	-69.998	
8	345.100	-69.998	
8	345.200	-69.998	
8	345.300	-69.998	
8	345.400	-69.998	
8	345.500	-69.998	
8	345.600	-69.998	
8	345.700	-69.998	
8	345.800	-69.998	
8	345.900	-69.998	
8	346.000	-69.998	
8	346.100	-69.998	
8	346.200	-69.998	
8	346.300	-69.998	
8	346.400	-69.998	
8	346.500	-69.998	
8	346.600	-69.998	
8	346.700	-69.998	
8	346.800	-69.998	
8	346.900	-69.998	
8	347.000	-69.998	
8	347.100	-69.998	
8	347.200	-69.998	
8	347.300	-69.998	
8	347.400	-69.998	
8	347.500	-69.998	
8	347.600	-69.998	
8	347.700	-69.998	
8	347.800	-69.998	
8	347.900	-69.998	
8	348.000	-69.998	
8	348.100	-69.998	
8	348.200	-69.998	
8	348.300	-69.998	
8	348.400	-69.998	
8	348.500	-69.998	
8	348.600	-69.998	
8	348.700	-69.998	
8	348.800	-69.998	
8	348.900	-69.998	
8	349.000	-69.998	
8	349.100	-69.998	
8	349.200	-69.998	
8	349.300	-69.998	
8	349.400	-69.998	
8	349.500	-69.998	
8	349.600	-69.998	
8	349.700	-69.998	
8	349.800	-69.998	
8	349.900	-69.998	
8	350.000	-69.998	
8	350.100	-69.998	
8	350.200	-69.998	
8	350.300	-69.998	
8	350.400	-69.998	
8	350.500	-69.998	
8	350.600	-69.998	
8	350.700	-69.998	
8	350.800	-69.998	
8	350.900	-69.998	
8	351.000	-69.998	
8	351.100	-69.998	
8	351.200	-69.998	
8	351.300	-69.998	
8	351.400	-69.998	
8	351.500	-69.998	
8	351.600	-69.998	
8	351.700	-69.998	
8	351.800	-69.998	
8	351.900	-69.998	
8	352.000	-69.998	
8	352.100	-69.998	
8	352.200	-69.998	
8	352.300	-69.998	
8	352.400	-69.998	
8	352.500	-69.998	
8	352.600	-69.998	
8	352.700	-69.998	
8	352.800	-69.998	
8	352.900	-69.998	
8	353.000	-69.998	
8	353.100	-69.998	
8	353.200	-69.998	
8	353.300	-69.998	
8	353.400	-69.998	
8	353.500	-69.998	
8	353.600	-69.998	
8	353.700	-69.998	
8	353.800	-69.998	
8	353.900	-69.998	
8	354.000	-69.998	
8	354.100	-69.998	
8	354.200	-69.998	
8	354.300	-69.998	
8	354.400	-69.998	
8	354.500	-69.998	
8	354.600	-69.998	
8	354.700	-69.998	
8	354.800	-69.998	
8	354.900	-69.998	
8	355.000	-69.998	
8	355.100	-69.998	
8	355.200	-69.998	
8	355.300	-69.998	
8	355.400	-69.998	
8	355.500	-69.998	
8	355.600	-69.998	
8	355.700	-69.998	
8	355.800	-69.998	
8	355.900	-69.998	
8	356.000	-69.998	
8	356.100	-69.998	
8	356.200	-69.998	
8	356.300	-69.998	
8	356.400	-69.998	
8	356.500	-69.998	
8	356.600	-69.998	
8	356.700	-69.998	
8	356.800	-69.998	
8	356.900	-69.998	
8	357.000	-69.998	
8	357.100	-69.998	
8	357.200	-69.998	
8	357.300	-69.998	
8	357.400	-69.998	
8	357.500	-69.998	
8	357.600	-69.998	
8	357.700	-69.998	
8	357.800	-69.998	
8	357.900	-69.998	
8	358.000	-69.998	
8	358.100	-69.998	
8	358.200	-69.998	
8	358.300	-69.998	
8	358.400	-69.998	
8	358.500	-69.998	
8	358.600	-69.998	
8	358.700	-69.998	
8	358.800	-69.998	
8	358.900	-69.998	
8	359.000	-69.998	
8	359.100	-69.998	
8	359.200	-69.998	
8	359.300	-69.998	
8	359.400	-69.998	
8	359.500	-69.998	
8	359.600	-69.998	
8	359.700	-69.998	
8	359.800	-69.998	
8	359.900	-69.998	
8	360.000	-69.998	
8	360.100	-69.998	
8	360.200	-69.998	
8	360.300	-69.998	
8	360.400	-69.998	
8	360.500	-69.998	
8	360.600	-69.998	
8	360.700	-69.998	
8	360.800	-69.998	
8	360.900	-69.998	
8	361.000	-69.998	
8	361.100	-69.998	
8	361.200	-69.998	
8	361.300	-69.998	
8	361.400	-69.998	
8	361.500	-69.998	
8	361.600	-69.998	
8	361.700	-69.998	
8	361.800	-69.998	
8	361.900	-69.998	
8	362.000	-69.998	
8	362.100	-69.998	
8	362.200	-69.998	
8	362.300	-69.998	
8	362.400	-69.998	
8	362.500	-69.998	
8	362.600	-69.998	
8	362.700	-69.998	
8	362.800	-69.998	
8	362.900	-69.998	
8	363.000	-69.998	
8	363.100	-69.998	
8	363.200	-69.998	
8	363.300	-69.998	
8	363.400	-69.998	
8	363.500	-69.998	
8	363.600	-69.998	
8	363.700	-69.998	
8	363.800	-69.998	
8	363.900	-69.998	
8	364.000	-69.998	
8	364.100	-69.998	
8	364.200	-69.998	
8	364.300	-69.998	
8	364.400	-69.998	
8	364.500	-69.998	
8	364.600	-69.998	
8	364.700	-69.998	
8	364.800	-69.998	
8	364.900	-69.998	
8	365.000	-69.998	
8	365.100	-69.998	
8	365.200	-69.998	
8	365.300	-69.998	
8	365.400	-69.998	
8	365.500	-69.998	
8	365.600	-69.998	
8	365.700	-69.998	
8	365.800	-69.998	
8	365.900	-69.998	
8	366.000	-69.998	
8	366.100	-69.998	
8	366.200	-69.998	
8	366.300	-69.998	
8	366.400	-69.998	
8	366.500	-69.998	
8	366.600	-69.998	
8	366.700	-69.998	
8	366.800	-69.998	
8	366.900	-69.998	
8	367.000	-69.998	
8	367.100	-69.998	
8	367.200	-69.998	
8	367.300	-69.998	
8	367.400	-69.998	
8	367.500	-69.998	
8	367.600	-69.998	
8	367.700	-69.998	
8	367.800	-69.998	
8	367.900	-69.998	
8	368.000	-69.998	
8	368.100	-69.998	
8	368.200	-69.998	
8	368.300	-69.998	
8	368.400	-69.998	
8	368.500	-69.998	
8	368.600	-69.998	
8	368.700	-69.998	
8	368.800	-69.998	
8	368.900	-69.998	
8	369.000	-69.998	
8	369.100	-69.998	
8	369.200	-69.998	
8	369.300	-69.998	
8	369.400	-69.998	
8	369.500	-69.998	
8	369.600	-69.998	
8	369.700	-69.998	
8	369.800	-69.998	
8	369.900	-69.998	
8	370.000	-69.998	
8	370.100	-69.998	
8	370.200	-69.998	
8	370.300	-69.998	
8	370.400	-69.998	
8	370.500	-69.998	
8	370.600	-69.998	
8	370.700	-69.998	
8	370.800	-69.998	
8	370.900	-69.998	
8	371.000	-69.998	
8	371.100	-69.998	
8	371.200	-69.998	
8	371.300	-69.998	
8	371.400	-69.998	
8	371.500	-69.998	
8	371.600	-69.998	
8	371.700	-69.998	
8	371.800	-69.998	
8	371.900	-69.998	
8	372.000	-69.998	
8	372.100	-69.998	
8	372.200	-69.998	
8	372.300	-69.998	
8	372.400	-69.998	
8	372.500	-69.998	
8	372.600	-69.998	
8	372.700	-69.998	
8	372.800	-69.998	
8	372.900	-69.998	
8	373.000	-69.998	
8	373.100	-69.998	
8	373.200	-69.998	
8	373.300	-69.998	
8	373.400	-69.998	
8	373.500	-69.998	
8	373.600	-69.998	
8	373.700	-69.998	
8	373.800	-69.998	
8	373.900	-69.998	
8	374.000	-69.998	
8	374.100	-69.998	
8	374.200	-69.998	
8	374.300	-69.998	
8	374.400	-69.998	
8	374.500	-69.998	
8	374.600	-69.998	
8	374.700	-69.998	
8	374.800	-69.998	
8	374.900	-69.998	
8	375.000	-69.998	
8	375.100	-69.998	
8	375.200	-69.998	
8	375.300	-69.998	
8	375.400	-69.998	
8	375.500	-69.998	
8	375.600	-69.998	
8	375.700	-69.998	
8	375.800	-69.998	
8	375.900	-69.998	
8	376.000	-69.998	
8	376.100	-69.998	
8	376.200	-69.998	
8	376.300	-69.998	
8	376.400	-69.998	
8	376.500	-69.998	
8	376.600	-69.998	
8	376.700	-69.998	
8	376.800	-69.998	
8	376.900	-69.998	
8	377.000	-69.998	
8	377.100	-69.998	
8	377.200	-69.998	
8	377.300	-69.998	
8	377.400	-69.998	
8	377.500	-69.998	
8	377.600	-69.998	
8	377.700	-69.998	
8	377.800	-69.998	
8	377.900	-69.998	
8	378.000	-69.998	
8	378.100	-69.998	
8	378.200	-69.998	
8	378.300	-69.998	
8	378.400	-69.998	
8	378.500	-69.998	
8	378.600	-69.998	
8	378.700	-69.998	
8	378.800	-69.998	
8	378.900	-69.998	
8	379.000	-69.998	
8	379.100	-69.998	
8	379.200	-69.998	
8	379.300	-69.998	
8	379.400	-69.998	
8	379.500	-69.998	
8	379.600	-69.998	
8	379.700	-69.998	
8	379.800	-69.998	
8	379.900	-69.998	
8	380.000	-69.998	
8	380.100	-69.998	
8	380.200	-69.998	
8	380.300	-69.998	
8	380.400	-69.998	
8	380.500	-69.998	
8	380.600	-69.998	
8	380.700	-69.998	
8	380.800	-69.998	
8	380.900	-69.998	
8	381.000	-69.998	
8	381.100	-69.998	
8	381.200	-69.998	
8	381.300	-69.998	
8	381.400	-69.998	
8	381.500	-69.998	
8	381.600	-69.998	
8	381.700	-69.998	
8	381.800	-69.998	
8	381.900	-69.998	
8	382.000	-69.998	
8	382.100	-69.998	
8	382.200	-69.998	
8	382.300	-69.998	
8	382.400	-69.998	
8	382.500	-69.998	
8	382.600	-69.998	
8	382.700	-69.998	
8	382.800	-69.998	
8	382.900	-69.998	
8	383.000	-69.998	
8	383.100	-69.998	
8	383.200	-69.998	
8	383.300	-69.998	
8	383.400	-69.998	
8	383.500	-69.998	
8	383.600	-69.998	
8	383.700	-69.998	
8	383.800	-69.998	
8	383.900	-69.998	
8	384.000	-69.998	
8	384.100	-69.998	
8	384.200	-69.998	
8	384.300	-69.998	
8	384.400	-69.998	
8	384.500	-69.998	
8	384.600	-69.998	
8	384.700	-69.998	
8	384.800	-69.998	
8	384.900	-69.998	
8	385.000	-69.998	
8	385.100	-69.998	
8	385.200	-69.998	
8	385.300	-69.998	
8	385.400	-69.998	
8	385.500	-69.998	
8	385.600	-69.998	
8	385.700	-69.998	
8	385.800	-69.998	
8	385.900	-69.998	
8	386.000	-69.998	
8	386.100	-69.998	
8	386.200	-69.998	
8	386.300	-69.998	
8	386.400	-69.998	
8	386.500	-69.998	
8	386.600	-69.998	
8	386.700	-69.998	
8	386.800	-69.998	
8	386.900	-69.998	
8	387.000	-69.998	
8	387.100	-69.998	
8	387.200	-69.998	
8	387.300	-69.998	
8	387.400	-69.998	
8	387.500	-69.998	
8	387.600	-69.998	
8	387.700	-69.998	
8	387.800	-69.998	
8	387.900	-69.998	
8	388.000	-69.998	
8	388.100	-69.998	
8	388.200	-69.998	
8	388.300	-69.998	
8	388.400	-69.998	
8	388.500	-69.998	
8	388.600	-69.998	
8	388.700	-69.998	
8	388.800	-69.998	
8	388.900	-69.998	
8	389.000	-69.998	
8	389.100	-69.998	
8	389.200	-69.998	
8	389.300	-69.998	
8	389.400	-69.998	
8	389.500	-69.998	
8	389.600	-69.998	
8	389.700	-69.998	
8	389.800	-69.998	
8	389.900	-69.998	
8	390.000	-69.998	
8	390.100	-69.998	
8	390.200	-69.998	
8	390.300	-69.998	
8	390.400	-69.998	
8	390.500	-69.998	
8	390.600	-69.998	
8	390.700	-69.998	
8	390.800	-69.998	
8	390.900	-69.998	
8	391.000	-69.998	
8	391.100	-69.998	
8	391.200	-69.998	
8	391.300	-69.998	
8	391.400	-69.998	
8	391.500	-69.998	
8	391.600	-69.998	
8	391.700	-69.998	
8	391.800	-69.998	
8	391.900	-69.998	
8	392.000	-69.998	
8	392.100	-69.998	
8	392.200	-69.998	
8	392.300	-69.998	
8	392.400	-69.998	
8	392.500	-69.998	
8	392.600	-69.998	
8	392.700	-69.998	
8	392.800	-69.998	
8	392.900	-69.998	
8	393.000	-69.998	
8	393.100	-69.998	
8	393.200	-69.998	
8	393.300	-69.998	
8	393.400	-69.998	
8	393.500	-69.998	
8	393.600	-69.998	
8	393.700	-69.998	
8	393.800	-69.998	
8	393.900	-69.998	
8	394.000	-69.998	
8	394.100	-69.998	
8	394.200	-69.998	
8	394.300	-69.998	
8	394.400	-69.998	
8	394.500	-69.998	
8	394.600	-69.998	
8	394.700	-69.998	
8	394.800	-69.998	
8	394.900	-69.998	
8	395.000	-69.998	
8	395.100	-69.998	
8	395.200	-69.998	
8	395.300	-69.998	
8	395.400	-69.998	
8	395.500	-69.998	
8	395.600	-69.998	
8	395.700	-69.998	
8	395.800	-69.998	
8	395.900	-69.998	
8	396.000	-69.998	
8	396.100	-69.998	
8	396.200	-69.998	
8	396.300	-69.998	
8	396.400	-69.998	
8	396.500	-69.998	
8	396.600	-69.998	
8	396.700	-69.998	
8	396.800	-69.998	
8	396.900	-69.998	
8	397.000	-69.998	
8	397.100	-69.998	
8	397.200	-69.998	
8	397.300	-69.998	
8	397.400	-69.998	
8	397.500	-69.998	
8	397.600	-69.998	
8	397.700	-69.998	
8	397.800	-69.998	
8	397.900	-69.998	
8	398.000	-69.998	
8	398.100	-69.998	
8	398.200	-69.998	
8	398.300	-69.998	
8	398.400	-69.998	
8	398.500	-69.998	
8	398.600	-69.998	
8	398.700	-69.998	
8	398.800	-69.998	
8	398.900	-69.998	
8	399.000	-69.998	
8	399.100	-69.998	
8	399.200	-69.998	
8	399.300	-69.998	
8	399.400	-69.998	
8	399.500	-69.998	
8	399.600	-69.998	
8	399.700	-69.998	
8	399.800	-69.998	
8	399.900	-69.998	
8	400.000	-69.998	
8	400.100	-69.998	
8	400.200	-69.998	
8	400.300	-69.998	
8	400.400	-69.998	
8	400.500	-69.998	
8	400.600	-69.998	
8	400.700	-69.998	
8	400.800	-69.998	
8	400.900	-69.998	
8	401.000	-69.998	
8	401.100	-69.998	
8	401.200	-69.998	
8	401.300	-69.998	
8	401.400	-69.998	
8	401.500	-69.998	
8	401.600	-69.998	
8	401.700	-69.998	
8	401.800	-69.998	
8	401.900	-69.998	
8	402.000	-69.998	
8	402.100	-69.998	
8	402.200	-69.998	
8	402.300	-69.998	
8	402.400	-69.998	
8	402.500	-69.998	
8	402.600	-69.998	
8	402.700	-69.998	
8	402.800	-69.998	
8	402.900	-69.998	
8	403.000	-69.998	
8	403.100	-69.998	
8	403.200	-69.998	
8	403.300	-69.998	
8	403.400	-69.998	
8	403.500	-69.998	
8	403.600	-69.998	
8	403.700	-69.998	
8	403.800	-69.998	
8	403.900	-69.998	
8	404.000	-69.998	
8	404.100	-69.998	
8	404.200	-69.998	
8	404.300	-69.998	
8	404.400	-69.998	
8	404.500	-69.998	
8	404.600	-69.998	
8	404.700	-69.998	
8	404.800	-69.998	
8	404.900	-69.998	
8	405.000	-69.998	
8	405.100	-69.998	
8	405.200	-69.998	
8	405.300	-69.998	
8	405.400	-69.998	
8	405.500	-69.998	
8	405.600	-69.998	
8	405.700	-69.998	
8	405.800	-69.998	
8	405.900	-69.998	
8	406.000	-69.998	
8	406.100	-69.998	
8	406.200	-69.998	
8	406.300	-69.998	
8	406.400	-69.998	
8	406.500	-69.998	
8	406.600	-69.998	
8	406.700	-69.998	
8	406.800	-69.998	
8	406.900	-69.998	
8	407.000	-69.998	
8	407.100	-69.998	
8	407.200	-69.998	
8	407.300	-69.998	
8	407.400	-69.998	
8	407.500	-69.998	
8	407.600	-69.998	
8	407.700	-69.998	
8	407.800	-69.998	
8	407.900	-69.998	
8	408.000	-69.998	
8	408.100	-69.998	
8	408.200	-69.998	
8	408.300	-69.998	
8	408.400	-69.998	
8	408.500	-69.998	
8	408.600	-69.998	
8	408.700	-69.998	
8	408.800	-69.998	
8	408.900	-69.998	
8	409.000	-69.998	
8	409.100	-69.998	
8	409.200	-69.998	
8	409.300	-69.998	
8	409.400	-69.998	
8	409.500	-69.998	
8	409.600	-69.998	
8	409.700	-69.998	
8	409.800	-69.998	
8	409.900	-69.998	
8	410.000	-69.998	
8	410.100	-69.998	
8	410.200	-69.998	
8	410.300	-69.998	
8	410.400	-69.998	
8	410.500	-69.998	
8	410.600	-69.998	
8	410.700	-69.998	
8	410.800	-69.998	
8	410.900	-69.998	
8	411.000	-69.998	
8	411.100	-69.998	
8	411.200	-69.998	
8	411.300	-69.998	
8	411.400	-69.998	
8	411.500	-69.998	
8	411.600	-69.998	
8	411.700	-69.998	
8	411.800	-69.998	
8	411.900	-69.998	
8	412.000	-69.998	
8	412.100	-69.998	
8	412.200	-69.998	
8	412.300	-69.998	
8	412.400	-69.998	
8	412.500	-69.998	
8	412.600	-69.998	
8	412.700	-69.998	
8	412.800	-69.998	
8	412.900	-69.998	
8	413.000	-69.998	
8	413.100	-69.998	
8	413.200	-69.998	
8	413.300	-69.998	
8	413.400	-69.998	
8	413.500	-69.998	
8	413.600	-69.998	
8	413.700	-69.998	
8	413.800	-69.998	
8	413.900	-69.998	
8	414.000	-69.998	
8	414.100	-69.998	
8	414.200	-69.998	
8	414.300	-69.998	
8	414.400	-69.998	
8	414.500	-69.998	
8	414.600	-69.998	
8	414.700	-69.998	
8	414.800	-69.998	
8	414.900	-69.998	
8	415.000	-69.998	
8	415.100	-69.998	
8	415.200	-69.998	
8	415.300	-69.998	
8	415.400	-69.998	
8	415.500	-69.998	
8	415.600	-69.998	
8	415.700	-69.998	
8	415.800	-69.998	
8	415.900	-69.998	
8	416.000	-69.998	
8	416.100	-69.998	
8	416.200	-69.998	
8	416.300	-69.998	
8	416.400	-69.998	
8	416.500	-69.998	
8	416.600	-69.998	
8	416.700	-69.998	
8	416.800	-69.998	
8	416.900	-69.998	
8	417.000	-69.998	
8	417.100	-69.998	
8	417.200	-69.998	
8	417.300	-69.998	
8	417.400	-69.998	
8	417.500	-69.998	
8	417.600	-69.998	
8	417.700	-69.998	
8	417.800	-69.998	
8	417.900	-69.998	
8	418.000	-69.998	
8	418.100	-69.998	
8	418.200	-69.998	
8	418.300	-69.998	
8	418.400	-69.998	
8	418.500	-69.998	
8	418.600	-69.998	
8	418.700	-69.998	
8	418.800	-69.998	
8	418.900	-69.998	
8	419.000	-69.998	
8	419.100	-69.998	
8	419.200	-69.998	
8	419.300	-69.998	
8	419.400	-69.998	
8	419.500	-69.998	
8	419.600	-69.998	
8	419.700	-69.998	
8	419.800	-69.998	
8	419.900	-69.998	
8	420.000	-69.998	
8	420.100	-69.998	
8	420.200	-69.998	
8	420.300	-69.998	
8	420.400	-69.998	
8	420.500	-69.998	
8	420.600	-69.998	
8	420.700	-69.998	
8	420.800	-69.998	
8	420.900	-69.998	
8	421.000	-69.998	
8	421.100	-69.998	
8	421.200	-69.998	
8	421.300	-69.998	
8	421.400	-69.998	
8	421.500	-69.998	
8	421.600	-69.998	
8	421.700	-69.998	
8	421.800	-69.998	
8	421.900	-69.998	
8	422.000	-69.998	
8	422.100	-69.998	
8	422.200	-69.998	
8	422.300	-69.998	
8	422.400	-69.998	
8	422.500	-69.998	
8	422.600	-69.998	
8	422.700	-69.998	
8	422.800	-69.998	
8	422.900	-69.998	
8	423.000	-69.998	
8	423.100	-69.998	
8	423.200	-69.998	
8	423.300	-69.998	
8	423.400	-69.998	
8	423.500	-69.998	
8	423.600	-69.998	
8	423.700	-69.998	
8	423.800	-69.998	
8	423.900	-69.998	
8	424.000	-69.998	
8	424.100	-69.998	
8	424.200	-69.998	
8	424.300	-69.998	
8	424.400	-69.998	
8	424.500	-69.998	
8	424.600	-69.998	
8	424.700	-69.998	
8	424.800	-69.998	
8	424.900	-69.998	
8	425.000	-69.998	
8	425.100	-69.998	
8	425.200	-69.998	
8	425.300	-69.998	
8	425.400	-69.998	
8	425.500	-69.998	
8	425.600	-69.998	
8	425.700	-69.998	
8	425.800	-69.998	
8	425.900	-69.998	
8	426.000	-69.998	
8	426.100	-69.998	
8	426.200	-69.998	
8	426.300	-69.998	
8	426.400	-69.998	
8	426.500	-69.998	
8	426.600	-69.998	
8	426.700	-69.998	
8	426.800	-69.998	
8	426.900	-69.998	
8	427.000	-69.998	
8	427.100	-69.998	
8	427.200	-69.998	
8	427.300	-69.998	
8	427.400	-69.998	
8	427.500	-69.998	
8	427.600	-69.998	
8	427.700	-69.998	
8	427.800	-69.998	
8	427.900	-69.998	
8	428.000	-69.998	
8	428.100	-69.998	
8	428.200	-69.998	
8	428.300	-69.998	
8	428.400	-69.998	
8	428.500	-69.998	
8	428.600	-69.998	
8	428.700	-69.998	
8	428.800	-69.998	
8	428.900	-69.998	
8	429.000	-69.998	
8	429.100	-69.998	
8	429.200	-69.998	
8	429.300	-69.998	
8	429.400	-69.998	
8	429.500	-69.998	
8	429.600	-69.998	
8	429.700	-69.998	
8	429.800	-69.998	
8	429.900	-69.998	
8	430.000	-69.998	
8	430.100	-69.998	
8	430.200	-69.998	
8	430.300	-69.998	
8	430.400	-69.998	
8	430.500	-69.998	
8	430.600	-69.998	
8	430.700	-69.998	
8	430.800	-69.998	
8	430.900	-69.998	
8	431.000	-69.998	
8	431.100	-69.998	
8	431.200	-69.998	
8	431.300	-69.998	
8	431.400	-69.998	
8	431.500	-69.998	
8	431.600	-69.998	
8	431.700	-69.998	
8	431.800	-69.998	
8	431.900	-69.998	
8	432.000	-69.998	
8	432.100	-69.998	
8	432.200	-69.998	
8	432.300	-69.998	
8	432.400	-69.998	
8	432.500	-69.998	
8	432.600	-69.998	
8	432.700	-69.998	
8	432.800	-69.998	
8	432.900	-69.998	
8	433.000	-69.998	
8	433.100	-69.998	
8	433.200	-69.998	
8	433.300	-69.998	
8	433.400	-69.998	
8	433.500	-69.998	
8	433.600	-69.998	
8	433.700	-69.998	
8	433.800	-69.998	
8	433.900	-69.998	
8	434.000	-69.998	
8	434.100	-69.998	
8	434.200	-69.998	
8	434.300	-69.998	
8	434.400	-69.998	
8	434.500	-69.998	
8	434.600	-69.998	
8	434.700	-69.998	
8	434.800	-69.998	
8	434.900	-69.998	
8	435.000	-69.998	
8	435.100	-69.998	
8	435.200	-69.998	
8	435.300	-69.998	
8	435.400	-69.998	
8	435.500	-69.998	
8	435.600	-69.998	
8	435.700	-69.998	
8	435.800	-69.998	
8	435.900	-69.998	
8	436.000	-69.998	
8	436.100	-69.998	
8	436.200	-69.998	
8	436.300	-69.998	
8	436.400	-69.998	
8	436.500	-69.998	
8	436.600	-69.998	
8	436.700	-69.998	
8	436.800	-69.998	
8	436.900	-69.998	
8	437.000	-69.998	
8	437.100	-69.998	
8	437.200	-69.998	
8	437.300	-69.998	
8	437.400	-69.998	
8	437.500	-69.998	
8	437.600	-69.998	
8	437.700	-69.998	
8	437.800	-69.998	
8	437.900	-69.998	
8	438.000	-69.998	
8	438.100	-69.998	
8	438.200	-69.998	
8	438.300	-69.998	
8	438.400	-69.998	
8	438.500	-69.998	
8	438.600	-69.998	
8	438.700	-69.998	
8	438.800	-69.998	
8	438.900	-69.998	
8	439.000	-69.998	
8	439.100	-69.998	
8	439.200	-69.998	
8	439.300	-69.998	
8	439.400	-69.998	
8	439.500	-69.998	
8	439.600	-69.998	
8	439.700	-69.998	
8	439.800	-69.998	
8	439.900	-69.998	
8	440.000	-69.998	
8	440.100	-69.998	
8	440.200	-69.998	
8	440.300	-69.998	
8	440.400	-69.998	
8	440.500	-69.998	
8	440.600	-69.998	
8	440.700	-69.998	
8	440.800	-69.998	
8	440.900	-69.998	
8	441.000	-69.998	
8	441.100	-69.998	
8	441.200	-69.998	
8	441.300	-69.998	
8	441.400	-69.998	
8	441.500	-69.998	
8	441.600	-69.998	
8	441.700	-69.998	
8	441.800	-69.998	
8	441.900	-69.998	
8	442.000	-69.998	
8	442.100	-69.998	
8	442.200	-69.998	
8	442.300	-69.998	
8	442.400	-69.998	
8	442.500	-69.998	
8	442.600	-69.998	
8	442.700	-69.998	
8	442.800	-69.998	
8	442.900	-69.998	
8	443.000	-69.998	
8	443.100	-69.998	
8	443.200	-69.998	
8	443.300	-69.998	
8	443.400	-69.998	
8	443.500	-69.998	
8	443.600	-69.998	
8	443.700	-69.998	
8	443.800	-69.998	
8	443.900	-69.998	
8	444.000	-69.998	
8	444.100	-69.998	
8	444.200	-69.998	
8	444.300	-69.998	
8	444.400	-69.998	
8	444.500	-69.998	
8	444.600	-69.998	
8	444.700	-69.998	
8	444.800	-69.998	
8	444.900	-69.998	
8	445.000	-69.998	
8	445.100	-69.998	
8	445.200	-69.998	
8	445.300	-69.998	
8	445.400	-69.998	
8	445.500	-69.998	
8	445.600	-69.998	
8	445.700	-69.998	
8	445.800	-69.998	
8	445.900	-69.998	
8	446.000	-69.998	
8	446.100	-69.998	
8	446.200	-69.998	
8	446.300	-69.998	
8	446.400	-69.998	
8	446.500	-69.998	
8	446.600	-69.998	
8	446.700	-69.998	
8	446.800	-69.998	
8	446.900	-69.998	
8	447.000	-69.998	
8	447.100	-69.998	
8	447.200	-69.998	
8	447.300	-69.998	
8	447.400	-69.998	
8	447.500	-69.998	
8	447.600	-69.998	
8	447.700	-69.998	
8	447.800	-69.998	
8	447.900	-69.998	
8	448.000	-69.998	
8	448.100	-69.998	
8	448.200	-69.998	
8	448.300	-69.998	
8	448.400	-69.998	
8	448.500	-69.998	
8	448.600	-69.998	
8	448.700	-69.998	
8	448.800	-69.998	
8	448.900	-69.998	
8	449.000	-69.998	
