36	0.100	-70.000	
36	0.200	-70.000	
36	0.300	-70.000	
36	0.400	-70.000	
36	0.500	-70.000	
36	0.600	-70.000	
36	0.700	-70.000	
36	0.800	-70.000	
36	0.900	-70.000	
36	1.000	-70.000	
36	1.100	-70.000	
36	1.200	-70.000	
36	1.300	-70.000	
36	1.400	-70.000	
36	1.500	-70.000	
36	1.600	-70.000	
36	1.700	-70.000	
36	1.800	-69.999	
36	1.900	-69.999	
36	2.000	-69.999	
36	2.100	-69.999	
36	2.200	-69.999	
36	2.300	-69.999	
36	2.400	-69.999	
36	2.500	-69.999	
36	2.600	-69.999	
36	2.700	-69.999	
36	2.800	-69.999	
36	2.900	-69.999	
36	3.000	-69.999	
36	3.100	-69.999	
36	3.200	-69.999	
36	3.300	-69.999	
36	3.400	-69.999	
36	3.500	-69.999	
36	3.600	-69.999	
36	3.700	-69.999	
36	3.800	-69.999	
36	3.900	-69.999	
36	4.000	-69.999	
36	4.100	-69.999	
36	4.200	-69.999	
36	4.300	-69.999	
36	4.400	-69.999	
36	4.500	-69.999	
36	4.600	-69.999	
36	4.700	-69.999	
36	4.800	-69.999	
36	4.900	-69.999	
36	5.000	-69.999	
36	5.100	-69.999	
36	5.200	-69.999	
36	5.300	-69.999	
36	5.400	-69.999	
36	5.500	-69.999	
36	5.600	-69.999	
36	5.700	-69.999	
36	5.800	-69.999	
36	5.900	-69.999	
36	6.000	-69.999	
36	6.100	-69.999	
36	6.200	-69.999	
36	6.300	-69.999	
36	6.400	-69.999	
36	6.500	-69.999	
36	6.600	-69.999	
36	6.700	-69.999	
36	6.800	-69.999	
36	6.900	-69.999	
36	7.000	-69.999	
36	7.100	-69.999	
36	7.200	-69.999	
36	7.300	-69.999	
36	7.400	-69.999	
36	7.500	-69.999	
36	7.600	-69.999	
36	7.700	-69.999	
36	7.800	-69.999	
36	7.900	-69.999	
36	8.000	-69.999	
36	8.100	-69.999	
36	8.200	-69.999	
36	8.300	-69.999	
36	8.400	-69.999	
36	8.500	-69.999	
36	8.600	-69.999	
36	8.700	-69.999	
36	8.800	-69.999	
36	8.900	-69.999	
36	9.000	-69.999	
36	9.100	-69.999	
36	9.200	-69.999	
36	9.300	-69.999	
36	9.400	-69.999	
36	9.500	-69.999	
36	9.600	-69.999	
36	9.700	-69.999	
36	9.800	-69.999	
36	9.900	-69.998	
36	10.000	-69.998	
36	10.100	-69.998	
36	10.200	-69.998	
36	10.300	-69.998	
36	10.400	-69.998	
36	10.500	-69.998	
36	10.600	-69.998	
36	10.700	-69.998	
36	10.800	-69.998	
36	10.900	-69.998	
36	11.000	-69.998	
36	11.100	-69.998	
36	11.200	-69.998	
36	11.300	-69.998	
36	11.400	-69.998	
36	11.500	-69.998	
36	11.600	-69.998	
36	11.700	-69.998	
36	11.800	-69.998	
36	11.900	-69.998	
36	12.000	-69.998	
36	12.100	-69.998	
36	12.200	-69.998	
36	12.300	-69.998	
36	12.400	-69.998	
36	12.500	-69.998	
36	12.600	-69.998	
36	12.700	-69.998	
36	12.800	-69.998	
36	12.900	-69.998	
36	13.000	-69.998	
36	13.100	-69.998	
36	13.200	-69.998	
36	13.300	-69.998	
36	13.400	-69.998	
36	13.500	-69.998	
36	13.600	-69.998	
36	13.700	-69.998	
36	13.800	-69.998	
36	13.900	-69.998	
36	14.000	-69.998	
36	14.100	-69.998	
36	14.200	-69.998	
36	14.300	-69.998	
36	14.400	-69.998	
36	14.500	-69.998	
36	14.600	-69.998	
36	14.700	-69.998	
36	14.800	-69.998	
36	14.900	-69.998	
36	15.000	-69.998	
36	15.100	-69.998	
36	15.200	-69.998	
36	15.300	-69.998	
36	15.400	-69.998	
36	15.500	-69.998	
36	15.600	-69.998	
36	15.700	-69.998	
36	15.800	-69.998	
36	15.900	-69.998	
36	16.000	-69.998	
36	16.100	-69.998	
36	16.200	-69.998	
36	16.300	-69.998	
36	16.400	-69.998	
36	16.500	-69.998	
36	16.600	-69.998	
36	16.700	-69.998	
36	16.800	-69.998	
36	16.900	-69.998	
36	17.000	-69.998	
36	17.100	-69.998	
36	17.200	-69.998	
36	17.300	-69.998	
36	17.400	-69.998	
36	17.500	-69.998	
36	17.600	-69.998	
36	17.700	-69.998	
36	17.800	-69.998	
36	17.900	-69.998	
36	18.000	-69.998	
36	18.100	-69.998	
36	18.200	-69.998	
36	18.300	-69.998	
36	18.400	-69.998	
36	18.500	-69.998	
36	18.600	-69.998	
36	18.700	-69.998	
36	18.800	-69.998	
36	18.900	-69.998	
36	19.000	-69.998	
36	19.100	-69.998	
36	19.200	-69.998	
36	19.300	-69.998	
36	19.400	-69.998	
36	19.500	-69.998	
36	19.600	-69.998	
36	19.700	-69.998	
36	19.800	-69.998	
36	19.900	-69.998	
36	20.000	-69.998	
36	20.100	-69.998	
36	20.200	-69.998	
36	20.300	-69.998	
36	20.400	-69.998	
36	20.500	-69.998	
36	20.600	-69.998	
36	20.700	-69.998	
36	20.800	-69.998	
36	20.900	-69.998	
36	21.000	-69.998	
36	21.100	-69.998	
36	21.200	-69.998	
36	21.300	-69.998	
36	21.400	-69.998	
36	21.500	-69.998	
36	21.600	-69.998	
36	21.700	-69.998	
36	21.800	-69.998	
36	21.900	-69.998	
36	22.000	-69.998	
36	22.100	-69.998	
36	22.200	-69.998	
36	22.300	-69.998	
36	22.400	-69.998	
36	22.500	-69.998	
36	22.600	-69.998	
36	22.700	-69.998	
36	22.800	-69.998	
36	22.900	-69.998	
36	23.000	-69.998	
36	23.100	-69.998	
36	23.200	-69.998	
36	23.300	-69.998	
36	23.400	-69.998	
36	23.500	-69.998	
36	23.600	-69.998	
36	23.700	-69.998	
36	23.800	-69.998	
36	23.900	-69.998	
36	24.000	-69.998	
36	24.100	-69.998	
36	24.200	-69.998	
36	24.300	-69.998	
36	24.400	-69.998	
36	24.500	-69.998	
36	24.600	-69.998	
36	24.700	-69.998	
36	24.800	-69.998	
36	24.900	-69.998	
36	25.000	-69.998	
36	25.100	-69.998	
36	25.200	-69.998	
36	25.300	-69.998	
36	25.400	-69.998	
36	25.500	-69.998	
36	25.600	-69.998	
36	25.700	-69.998	
36	25.800	-69.998	
36	25.900	-69.998	
36	26.000	-69.998	
36	26.100	-69.998	
36	26.200	-69.998	
36	26.300	-69.998	
36	26.400	-69.998	
36	26.500	-69.998	
36	26.600	-69.998	
36	26.700	-69.998	
36	26.800	-69.998	
36	26.900	-69.998	
36	27.000	-69.998	
36	27.100	-69.998	
36	27.200	-69.998	
36	27.300	-69.998	
36	27.400	-69.998	
36	27.500	-69.998	
36	27.600	-69.998	
36	27.700	-69.998	
36	27.800	-69.998	
36	27.900	-69.998	
36	28.000	-69.998	
36	28.100	-69.998	
36	28.200	-69.998	
36	28.300	-69.998	
36	28.400	-69.998	
36	28.500	-69.998	
36	28.600	-69.998	
36	28.700	-69.998	
36	28.800	-69.998	
36	28.900	-69.998	
36	29.000	-69.998	
36	29.100	-69.998	
36	29.200	-69.998	
36	29.300	-69.998	
36	29.400	-69.998	
36	29.500	-69.998	
36	29.600	-69.998	
36	29.700	-69.998	
36	29.800	-69.998	
36	29.900	-69.998	
36	30.000	-69.998	
36	30.100	-69.998	
36	30.200	-69.998	
36	30.300	-69.998	
36	30.400	-69.998	
36	30.500	-69.998	
36	30.600	-69.998	
36	30.700	-69.998	
36	30.800	-69.998	
36	30.900	-69.998	
36	31.000	-69.998	
36	31.100	-69.998	
36	31.200	-69.998	
36	31.300	-69.998	
36	31.400	-69.998	
36	31.500	-69.998	
36	31.600	-69.998	
36	31.700	-69.998	
36	31.800	-69.998	
36	31.900	-69.998	
36	32.000	-69.998	
36	32.100	-69.998	
36	32.200	-69.998	
36	32.300	-69.998	
36	32.400	-69.998	
36	32.500	-69.998	
36	32.600	-69.998	
36	32.700	-69.998	
36	32.800	-69.998	
36	32.900	-69.998	
36	33.000	-69.998	
36	33.100	-69.998	
36	33.200	-69.998	
36	33.300	-69.998	
36	33.400	-69.998	
36	33.500	-69.998	
36	33.600	-69.998	
36	33.700	-69.998	
36	33.800	-69.998	
36	33.900	-69.998	
36	34.000	-69.998	
36	34.100	-69.998	
36	34.200	-69.998	
36	34.300	-69.998	
36	34.400	-69.998	
36	34.500	-69.998	
36	34.600	-69.998	
36	34.700	-69.998	
36	34.800	-69.998	
36	34.900	-69.998	
36	35.000	-69.998	
36	35.100	-69.998	
36	35.200	-69.998	
36	35.300	-69.998	
36	35.400	-69.998	
36	35.500	-69.998	
36	35.600	-69.998	
36	35.700	-69.998	
36	35.800	-69.998	
36	35.900	-69.998	
36	36.000	-69.998	
36	36.100	-69.998	
36	36.200	-69.998	
36	36.300	-69.998	
36	36.400	-69.998	
36	36.500	-69.998	
36	36.600	-69.998	
36	36.700	-69.998	
36	36.800	-69.998	
36	36.900	-69.998	
36	37.000	-69.998	
36	37.100	-69.998	
36	37.200	-69.998	
36	37.300	-69.998	
36	37.400	-69.998	
36	37.500	-69.998	
36	37.600	-69.998	
36	37.700	-69.998	
36	37.800	-69.998	
36	37.900	-69.998	
36	38.000	-69.998	
36	38.100	-69.998	
36	38.200	-69.998	
36	38.300	-69.998	
36	38.400	-69.998	
36	38.500	-69.998	
36	38.600	-69.998	
36	38.700	-69.998	
36	38.800	-69.998	
36	38.900	-69.998	
36	39.000	-69.998	
36	39.100	-69.998	
36	39.200	-69.998	
36	39.300	-69.998	
36	39.400	-69.998	
36	39.500	-69.998	
36	39.600	-69.998	
36	39.700	-69.998	
36	39.800	-69.998	
36	39.900	-69.998	
36	40.000	-69.998	
36	40.100	-69.998	
36	40.200	-69.998	
36	40.300	-69.998	
36	40.400	-69.998	
36	40.500	-69.998	
36	40.600	-69.998	
36	40.700	-69.998	
36	40.800	-69.998	
36	40.900	-69.998	
36	41.000	-69.998	
36	41.100	-69.998	
36	41.200	-69.998	
36	41.300	-69.998	
36	41.400	-69.998	
36	41.500	-69.998	
36	41.600	-69.998	
36	41.700	-69.998	
36	41.800	-69.998	
36	41.900	-69.998	
36	42.000	-69.998	
36	42.100	-69.998	
36	42.200	-69.998	
36	42.300	-69.998	
36	42.400	-69.998	
36	42.500	-69.998	
36	42.600	-69.998	
36	42.700	-69.998	
36	42.800	-69.998	
36	42.900	-69.998	
36	43.000	-69.998	
36	43.100	-69.998	
36	43.200	-69.998	
36	43.300	-69.998	
36	43.400	-69.998	
36	43.500	-69.998	
36	43.600	-69.998	
36	43.700	-69.998	
36	43.800	-69.998	
36	43.900	-69.998	
36	44.000	-69.998	
36	44.100	-69.998	
36	44.200	-69.998	
36	44.300	-69.998	
36	44.400	-69.998	
36	44.500	-69.998	
36	44.600	-69.998	
36	44.700	-69.998	
36	44.800	-69.998	
36	44.900	-69.998	
36	45.000	-69.998	
36	45.100	-69.998	
36	45.200	-69.998	
36	45.300	-69.998	
36	45.400	-69.998	
36	45.500	-69.998	
36	45.600	-69.998	
36	45.700	-69.998	
36	45.800	-69.998	
36	45.900	-69.998	
36	46.000	-69.998	
36	46.100	-69.998	
36	46.200	-69.998	
36	46.300	-69.998	
36	46.400	-69.998	
36	46.500	-69.998	
36	46.600	-69.998	
36	46.700	-69.998	
36	46.800	-69.998	
36	46.900	-69.998	
36	47.000	-69.998	
36	47.100	-69.998	
36	47.200	-69.998	
36	47.300	-69.998	
36	47.400	-69.998	
36	47.500	-69.998	
36	47.600	-69.998	
36	47.700	-69.998	
36	47.800	-69.998	
36	47.900	-69.998	
36	48.000	-69.998	
36	48.100	-69.998	
36	48.200	-69.998	
36	48.300	-69.998	
36	48.400	-69.998	
36	48.500	-69.998	
36	48.600	-69.998	
36	48.700	-69.998	
36	48.800	-69.998	
36	48.900	-69.998	
36	49.000	-69.998	
36	49.100	-69.998	
36	49.200	-69.998	
36	49.300	-69.998	
36	49.400	-69.998	
36	49.500	-69.998	
36	49.600	-69.998	
36	49.700	-69.998	
36	49.800	-69.998	
36	49.900	-69.998	
36	50.000	-69.998	
36	50.100	-69.998	
36	50.200	-69.998	
36	50.300	-69.998	
36	50.400	-69.998	
36	50.500	-69.998	
36	50.600	-69.998	
36	50.700	-69.998	
36	50.800	-69.998	
36	50.900	-69.998	
36	51.000	-69.998	
36	51.100	-69.998	
36	51.200	-69.998	
36	51.300	-69.998	
36	51.400	-69.998	
36	51.500	-69.998	
36	51.600	-69.998	
36	51.700	-69.998	
36	51.800	-69.998	
36	51.900	-69.998	
36	52.000	-69.998	
36	52.100	-69.998	
36	52.200	-69.998	
36	52.300	-69.998	
36	52.400	-69.998	
36	52.500	-69.998	
36	52.600	-69.998	
36	52.700	-69.998	
36	52.800	-69.998	
36	52.900	-69.998	
36	53.000	-69.998	
36	53.100	-69.998	
36	53.200	-69.998	
36	53.300	-69.998	
36	53.400	-69.998	
36	53.500	-69.998	
36	53.600	-69.998	
36	53.700	-69.998	
36	53.800	-69.998	
36	53.900	-69.998	
36	54.000	-69.998	
36	54.100	-69.998	
36	54.200	-69.998	
36	54.300	-69.998	
36	54.400	-69.998	
36	54.500	-69.998	
36	54.600	-69.998	
36	54.700	-69.998	
36	54.800	-69.998	
36	54.900	-69.998	
36	55.000	-69.998	
36	55.100	-69.998	
36	55.200	-69.998	
36	55.300	-69.998	
36	55.400	-69.998	
36	55.500	-69.998	
36	55.600	-69.998	
36	55.700	-69.998	
36	55.800	-69.998	
36	55.900	-69.998	
36	56.000	-69.998	
36	56.100	-69.998	
36	56.200	-69.998	
36	56.300	-69.998	
36	56.400	-69.998	
36	56.500	-69.998	
36	56.600	-69.998	
36	56.700	-69.998	
36	56.800	-69.998	
36	56.900	-69.998	
36	57.000	-69.998	
36	57.100	-69.998	
36	57.200	-69.998	
36	57.300	-69.998	
36	57.400	-69.998	
36	57.500	-69.998	
36	57.600	-69.998	
36	57.700	-69.998	
36	57.800	-69.998	
36	57.900	-69.998	
36	58.000	-69.998	
36	58.100	-69.998	
36	58.200	-69.998	
36	58.300	-69.998	
36	58.400	-69.998	
36	58.500	-69.998	
36	58.600	-69.998	
36	58.700	-69.998	
36	58.800	-69.998	
36	58.900	-69.998	
36	59.000	-69.998	
36	59.100	-69.998	
36	59.200	-69.998	
36	59.300	-69.998	
36	59.400	-69.998	
36	59.500	-69.998	
36	59.600	-69.998	
36	59.700	-69.998	
36	59.800	-69.998	
36	59.900	-69.998	
36	60.000	-69.998	
36	60.100	-69.998	
36	60.200	-69.998	
36	60.300	-69.998	
36	60.400	-69.998	
36	60.500	-69.998	
36	60.600	-69.998	
36	60.700	-69.998	
36	60.800	-69.998	
36	60.900	-69.998	
36	61.000	-69.998	
36	61.100	-69.998	
36	61.200	-69.998	
36	61.300	-69.998	
36	61.400	-69.998	
36	61.500	-69.998	
36	61.600	-69.998	
36	61.700	-69.998	
36	61.800	-69.998	
36	61.900	-69.998	
36	62.000	-69.998	
36	62.100	-69.998	
36	62.200	-69.998	
36	62.300	-69.998	
36	62.400	-69.998	
36	62.500	-69.998	
36	62.600	-69.998	
36	62.700	-69.998	
36	62.800	-69.998	
36	62.900	-69.998	
36	63.000	-69.998	
36	63.100	-69.998	
36	63.200	-69.998	
36	63.300	-69.998	
36	63.400	-69.998	
36	63.500	-69.998	
36	63.600	-69.998	
36	63.700	-69.998	
36	63.800	-69.998	
36	63.900	-69.998	
36	64.000	-69.998	
36	64.100	-69.998	
36	64.200	-69.998	
36	64.300	-69.998	
36	64.400	-69.998	
36	64.500	-69.998	
36	64.600	-69.998	
36	64.700	-69.998	
36	64.800	-69.998	
36	64.900	-69.998	
36	65.000	-69.998	
36	65.100	-69.998	
36	65.200	-69.998	
36	65.300	-69.998	
36	65.400	-69.998	
36	65.500	-69.998	
36	65.600	-69.998	
36	65.700	-69.998	
36	65.800	-69.998	
36	65.900	-69.998	
36	66.000	-69.998	
36	66.100	-69.998	
36	66.200	-69.998	
36	66.300	-69.998	
36	66.400	-69.998	
36	66.500	-69.998	
36	66.600	-69.998	
36	66.700	-69.998	
36	66.800	-69.998	
36	66.900	-69.998	
36	67.000	-69.998	
36	67.100	-69.998	
36	67.200	-69.998	
36	67.300	-69.998	
36	67.400	-69.998	
36	67.500	-69.998	
36	67.600	-69.998	
36	67.700	-69.998	
36	67.800	-69.998	
36	67.900	-69.998	
36	68.000	-69.998	
36	68.100	-69.998	
36	68.200	-69.998	
36	68.300	-69.998	
36	68.400	-69.998	
36	68.500	-69.998	
36	68.600	-69.998	
36	68.700	-69.998	
36	68.800	-69.998	
36	68.900	-69.998	
36	69.000	-69.998	
36	69.100	-69.998	
36	69.200	-69.998	
36	69.300	-69.998	
36	69.400	-69.998	
36	69.500	-69.998	
36	69.600	-69.998	
36	69.700	-69.998	
36	69.800	-69.998	
36	69.900	-69.998	
36	70.000	-69.998	
36	70.100	-69.998	
36	70.200	-69.998	
36	70.300	-69.998	
36	70.400	-69.998	
36	70.500	-69.998	
36	70.600	-69.998	
36	70.700	-69.998	
36	70.800	-69.998	
36	70.900	-69.998	
36	71.000	-69.998	
36	71.100	-69.998	
36	71.200	-69.998	
36	71.300	-69.998	
36	71.400	-69.998	
36	71.500	-69.998	
36	71.600	-69.998	
36	71.700	-69.998	
36	71.800	-69.998	
36	71.900	-69.998	
36	72.000	-69.998	
36	72.100	-69.998	
36	72.200	-69.998	
36	72.300	-69.998	
36	72.400	-69.998	
36	72.500	-69.998	
36	72.600	-69.998	
36	72.700	-69.998	
36	72.800	-69.998	
36	72.900	-69.998	
36	73.000	-69.998	
36	73.100	-69.998	
36	73.200	-69.998	
36	73.300	-69.998	
36	73.400	-69.998	
36	73.500	-69.998	
36	73.600	-69.998	
36	73.700	-69.998	
36	73.800	-69.998	
36	73.900	-69.998	
36	74.000	-69.998	
36	74.100	-69.998	
36	74.200	-69.998	
36	74.300	-69.998	
36	74.400	-69.998	
36	74.500	-69.998	
36	74.600	-69.998	
36	74.700	-69.998	
36	74.800	-69.998	
36	74.900	-69.998	
36	75.000	-69.998	
36	75.100	-69.998	
36	75.200	-69.998	
36	75.300	-69.998	
36	75.400	-69.998	
36	75.500	-69.998	
36	75.600	-69.998	
36	75.700	-69.998	
36	75.800	-69.998	
36	75.900	-69.998	
36	76.000	-69.998	
36	76.100	-69.998	
36	76.200	-69.998	
36	76.300	-69.998	
36	76.400	-69.998	
36	76.500	-69.998	
36	76.600	-69.998	
36	76.700	-69.998	
36	76.800	-69.998	
36	76.900	-69.998	
36	77.000	-69.998	
36	77.100	-69.998	
36	77.200	-69.998	
36	77.300	-69.998	
36	77.400	-69.998	
36	77.500	-69.998	
36	77.600	-69.998	
36	77.700	-69.998	
36	77.800	-69.998	
36	77.900	-69.998	
36	78.000	-69.998	
36	78.100	-69.998	
36	78.200	-69.998	
36	78.300	-69.998	
36	78.400	-69.998	
36	78.500	-69.998	
36	78.600	-69.998	
36	78.700	-69.998	
36	78.800	-69.998	
36	78.900	-69.998	
36	79.000	-69.998	
36	79.100	-69.998	
36	79.200	-69.998	
36	79.300	-69.998	
36	79.400	-69.998	
36	79.500	-69.998	
36	79.600	-69.998	
36	79.700	-69.998	
36	79.800	-69.998	
36	79.900	-69.998	
36	80.000	-69.998	
36	80.100	-69.998	
36	80.200	-69.998	
36	80.300	-69.998	
36	80.400	-69.998	
36	80.500	-69.998	
36	80.600	-69.998	
36	80.700	-69.998	
36	80.800	-69.998	
36	80.900	-69.998	
36	81.000	-69.998	
36	81.100	-69.998	
36	81.200	-69.998	
36	81.300	-69.998	
36	81.400	-69.998	
36	81.500	-69.998	
36	81.600	-69.998	
36	81.700	-69.998	
36	81.800	-69.998	
36	81.900	-69.998	
36	82.000	-69.998	
36	82.100	-69.998	
36	82.200	-69.998	
36	82.300	-69.998	
36	82.400	-69.998	
36	82.500	-69.998	
36	82.600	-69.998	
36	82.700	-69.998	
36	82.800	-69.998	
36	82.900	-69.998	
36	83.000	-69.998	
36	83.100	-69.998	
36	83.200	-69.998	
36	83.300	-69.998	
36	83.400	-69.998	
36	83.500	-69.998	
36	83.600	-69.998	
36	83.700	-69.998	
36	83.800	-69.998	
36	83.900	-69.998	
36	84.000	-69.998	
36	84.100	-69.998	
36	84.200	-69.998	
36	84.300	-69.998	
36	84.400	-69.998	
36	84.500	-69.998	
36	84.600	-69.998	
36	84.700	-69.998	
36	84.800	-69.998	
36	84.900	-69.998	
36	85.000	-69.998	
36	85.100	-69.998	
36	85.200	-69.998	
36	85.300	-69.998	
36	85.400	-69.998	
36	85.500	-69.998	
36	85.600	-69.998	
36	85.700	-69.998	
36	85.800	-69.998	
36	85.900	-69.998	
36	86.000	-69.998	
36	86.100	-69.998	
36	86.200	-69.998	
36	86.300	-69.998	
36	86.400	-69.998	
36	86.500	-69.998	
36	86.600	-69.998	
36	86.700	-69.998	
36	86.800	-69.998	
36	86.900	-69.998	
36	87.000	-69.998	
36	87.100	-69.998	
36	87.200	-69.998	
36	87.300	-69.998	
36	87.400	-69.998	
36	87.500	-69.998	
36	87.600	-69.998	
36	87.700	-69.998	
36	87.800	-69.998	
36	87.900	-69.998	
36	88.000	-69.998	
36	88.100	-69.998	
36	88.200	-69.998	
36	88.300	-69.998	
36	88.400	-69.998	
36	88.500	-69.998	
36	88.600	-69.998	
36	88.700	-69.998	
36	88.800	-69.998	
36	88.900	-69.998	
36	89.000	-69.998	
36	89.100	-69.998	
36	89.200	-69.998	
36	89.300	-69.998	
36	89.400	-69.998	
36	89.500	-69.998	
36	89.600	-69.998	
36	89.700	-69.998	
36	89.800	-69.998	
36	89.900	-69.998	
36	90.000	-69.998	
36	90.100	-69.998	
36	90.200	-69.998	
36	90.300	-69.998	
36	90.400	-69.998	
36	90.500	-69.998	
36	90.600	-69.998	
36	90.700	-69.998	
36	90.800	-69.998	
36	90.900	-69.998	
36	91.000	-69.998	
36	91.100	-69.998	
36	91.200	-69.998	
36	91.300	-69.998	
36	91.400	-69.998	
36	91.500	-69.998	
36	91.600	-69.998	
36	91.700	-69.998	
36	91.800	-69.998	
36	91.900	-69.998	
36	92.000	-69.998	
36	92.100	-69.998	
36	92.200	-69.998	
36	92.300	-69.998	
36	92.400	-69.998	
36	92.500	-69.998	
36	92.600	-69.998	
36	92.700	-69.998	
36	92.800	-69.998	
36	92.900	-69.998	
36	93.000	-69.998	
36	93.100	-69.998	
36	93.200	-69.998	
36	93.300	-69.998	
36	93.400	-69.998	
36	93.500	-69.998	
36	93.600	-69.998	
36	93.700	-69.998	
36	93.800	-69.998	
36	93.900	-69.998	
36	94.000	-69.998	
36	94.100	-69.998	
36	94.200	-69.998	
36	94.300	-69.998	
36	94.400	-69.998	
36	94.500	-69.998	
36	94.600	-69.998	
36	94.700	-69.998	
36	94.800	-69.998	
36	94.900	-69.998	
36	95.000	-69.998	
36	95.100	-69.998	
36	95.200	-69.998	
36	95.300	-69.998	
36	95.400	-69.998	
36	95.500	-69.998	
36	95.600	-69.998	
36	95.700	-69.998	
36	95.800	-69.998	
36	95.900	-69.998	
36	96.000	-69.998	
36	96.100	-69.998	
36	96.200	-69.998	
36	96.300	-69.998	
36	96.400	-69.998	
36	96.500	-69.998	
36	96.600	-69.998	
36	96.700	-69.998	
36	96.800	-69.998	
36	96.900	-69.998	
36	97.000	-69.998	
36	97.100	-69.998	
36	97.200	-69.998	
36	97.300	-69.998	
36	97.400	-69.998	
36	97.500	-69.998	
36	97.600	-69.998	
36	97.700	-69.998	
36	97.800	-69.998	
36	97.900	-69.998	
36	98.000	-69.998	
36	98.100	-69.998	
36	98.200	-69.998	
36	98.300	-69.998	
36	98.400	-69.998	
36	98.500	-69.998	
36	98.600	-69.998	
36	98.700	-69.998	
36	98.800	-69.998	
36	98.900	-69.998	
36	99.000	-69.998	
36	99.100	-69.998	
36	99.200	-69.998	
36	99.300	-69.998	
36	99.400	-69.998	
36	99.500	-69.998	
36	99.600	-69.998	
36	99.700	-69.998	
36	99.800	-69.998	
36	99.900	-69.998	
36	100.000	-69.998	
36	100.100	-69.998	
36	100.200	-69.998	
36	100.300	-69.998	
36	100.400	-69.998	
36	100.500	-69.998	
36	100.600	-69.998	
36	100.700	-69.998	
36	100.800	-69.998	
36	100.900	-69.998	
36	101.000	-69.998	
36	101.100	-69.998	
36	101.200	-69.998	
36	101.300	-69.998	
36	101.400	-69.998	
36	101.500	-69.998	
36	101.600	-69.998	
36	101.700	-69.998	
36	101.800	-69.998	
36	101.900	-69.998	
36	102.000	-69.998	
36	102.100	-69.998	
36	102.200	-69.998	
36	102.300	-69.998	
36	102.400	-69.998	
36	102.500	-69.998	
36	102.600	-69.998	
36	102.700	-69.998	
36	102.800	-69.998	
36	102.900	-69.998	
36	103.000	-69.998	
36	103.100	-69.998	
36	103.200	-69.998	
36	103.300	-69.998	
36	103.400	-69.998	
36	103.500	-69.998	
36	103.600	-69.998	
36	103.700	-69.998	
36	103.800	-69.998	
36	103.900	-69.998	
36	104.000	-69.998	
36	104.100	-69.998	
36	104.200	-69.998	
36	104.300	-69.998	
36	104.400	-69.998	
36	104.500	-69.998	
36	104.600	-69.998	
36	104.700	-69.998	
36	104.800	-69.998	
36	104.900	-69.998	
36	105.000	-69.998	
36	105.100	-69.998	
36	105.200	-69.998	
36	105.300	-69.998	
36	105.400	-69.998	
36	105.500	-69.998	
36	105.600	-69.998	
36	105.700	-69.998	
36	105.800	-69.998	
36	105.900	-69.998	
36	106.000	-69.998	
36	106.100	-69.998	
36	106.200	-69.998	
36	106.300	-69.998	
36	106.400	-69.998	
36	106.500	-69.998	
36	106.600	-69.998	
36	106.700	-69.998	
36	106.800	-69.998	
36	106.900	-69.998	
36	107.000	-69.998	
36	107.100	-69.998	
36	107.200	-69.998	
36	107.300	-69.998	
36	107.400	-69.998	
36	107.500	-69.998	
36	107.600	-69.998	
36	107.700	-69.998	
36	107.800	-69.998	
36	107.900	-69.998	
36	108.000	-69.998	
36	108.100	-69.998	
36	108.200	-69.998	
36	108.300	-69.998	
36	108.400	-69.998	
36	108.500	-69.998	
36	108.600	-69.998	
36	108.700	-69.998	
36	108.800	-69.998	
36	108.900	-69.998	
36	109.000	-69.998	
36	109.100	-69.998	
36	109.200	-69.998	
36	109.300	-69.998	
36	109.400	-69.998	
36	109.500	-69.998	
36	109.600	-69.998	
36	109.700	-69.998	
36	109.800	-69.998	
36	109.900	-69.998	
36	110.000	-69.998	
36	110.100	-69.998	
36	110.200	-69.998	
36	110.300	-69.998	
36	110.400	-69.998	
36	110.500	-69.998	
36	110.600	-69.998	
36	110.700	-69.998	
36	110.800	-69.998	
36	110.900	-69.998	
36	111.000	-69.998	
36	111.100	-69.998	
36	111.200	-69.998	
36	111.300	-69.998	
36	111.400	-69.998	
36	111.500	-69.998	
36	111.600	-69.998	
36	111.700	-69.998	
36	111.800	-69.998	
36	111.900	-69.998	
36	112.000	-69.998	
36	112.100	-69.998	
36	112.200	-69.998	
36	112.300	-69.998	
36	112.400	-69.998	
36	112.500	-69.998	
36	112.600	-69.998	
36	112.700	-69.998	
36	112.800	-69.998	
36	112.900	-69.998	
36	113.000	-69.998	
36	113.100	-69.998	
36	113.200	-69.998	
36	113.300	-69.998	
36	113.400	-69.998	
36	113.500	-69.998	
36	113.600	-69.998	
36	113.700	-69.998	
36	113.800	-69.998	
36	113.900	-69.998	
36	114.000	-69.998	
36	114.100	-69.998	
36	114.200	-69.998	
36	114.300	-69.998	
36	114.400	-69.998	
36	114.500	-69.998	
36	114.600	-69.998	
36	114.700	-69.998	
36	114.800	-69.998	
36	114.900	-69.998	
36	115.000	-69.998	
36	115.100	-69.998	
36	115.200	-69.998	
36	115.300	-69.998	
36	115.400	-69.998	
36	115.500	-69.998	
36	115.600	-69.998	
36	115.700	-69.998	
36	115.800	-69.998	
36	115.900	-69.998	
36	116.000	-69.998	
36	116.100	-69.998	
36	116.200	-69.998	
36	116.300	-69.998	
36	116.400	-69.998	
36	116.500	-69.998	
36	116.600	-69.998	
36	116.700	-69.998	
36	116.800	-69.998	
36	116.900	-69.998	
36	117.000	-69.998	
36	117.100	-69.998	
36	117.200	-69.998	
36	117.300	-69.998	
36	117.400	-69.998	
36	117.500	-69.998	
36	117.600	-69.998	
36	117.700	-69.998	
36	117.800	-69.998	
36	117.900	-69.998	
36	118.000	-69.998	
36	118.100	-69.998	
36	118.200	-69.998	
36	118.300	-69.998	
36	118.400	-69.998	
36	118.500	-69.998	
36	118.600	-69.998	
36	118.700	-69.998	
36	118.800	-69.998	
36	118.900	-69.998	
36	119.000	-69.998	
36	119.100	-69.998	
36	119.200	-69.998	
36	119.300	-69.998	
36	119.400	-69.998	
36	119.500	-69.998	
36	119.600	-69.998	
36	119.700	-69.998	
36	119.800	-69.998	
36	119.900	-69.998	
36	120.000	-69.998	
36	120.100	-69.998	
36	120.200	-69.998	
36	120.300	-69.998	
36	120.400	-69.998	
36	120.500	-69.998	
36	120.600	-69.998	
36	120.700	-69.998	
36	120.800	-69.998	
36	120.900	-69.998	
36	121.000	-69.998	
36	121.100	-69.998	
36	121.200	-69.998	
36	121.300	-69.998	
36	121.400	-69.998	
36	121.500	-69.998	
36	121.600	-69.998	
36	121.700	-69.998	
36	121.800	-69.998	
36	121.900	-69.998	
36	122.000	-69.998	
36	122.100	-69.998	
36	122.200	-69.998	
36	122.300	-69.998	
36	122.400	-69.998	
36	122.500	-69.998	
36	122.600	-69.998	
36	122.700	-69.998	
36	122.800	-69.998	
36	122.900	-69.998	
36	123.000	-69.998	
36	123.100	-69.998	
36	123.200	-69.998	
36	123.300	-69.998	
36	123.400	-69.998	
36	123.500	-69.998	
36	123.600	-69.998	
36	123.700	-69.998	
36	123.800	-69.998	
36	123.900	-69.998	
36	124.000	-69.998	
36	124.100	-69.998	
36	124.200	-69.998	
36	124.300	-69.998	
36	124.400	-69.998	
36	124.500	-69.998	
36	124.600	-69.998	
36	124.700	-69.998	
36	124.800	-69.998	
36	124.900	-69.998	
36	125.000	-69.998	
36	125.100	-69.998	
36	125.200	-69.998	
36	125.300	-69.998	
36	125.400	-69.998	
36	125.500	-69.998	
36	125.600	-69.998	
36	125.700	-69.998	
36	125.800	-69.998	
36	125.900	-69.998	
36	126.000	-69.998	
36	126.100	-69.998	
36	126.200	-69.998	
36	126.300	-69.998	
36	126.400	-69.998	
36	126.500	-69.998	
36	126.600	-69.998	
36	126.700	-69.998	
36	126.800	-69.998	
36	126.900	-69.998	
36	127.000	-69.998	
36	127.100	-69.998	
36	127.200	-69.998	
36	127.300	-69.998	
36	127.400	-69.998	
36	127.500	-69.998	
36	127.600	-69.998	
36	127.700	-69.998	
36	127.800	-69.998	
36	127.900	-69.998	
36	128.000	-69.998	
36	128.100	-69.998	
36	128.200	-69.998	
36	128.300	-69.998	
36	128.400	-69.998	
36	128.500	-69.998	
36	128.600	-69.998	
36	128.700	-69.998	
36	128.800	-69.998	
36	128.900	-69.998	
36	129.000	-69.998	
36	129.100	-69.998	
36	129.200	-69.998	
36	129.300	-69.998	
36	129.400	-69.998	
36	129.500	-69.998	
36	129.600	-69.998	
36	129.700	-69.998	
36	129.800	-69.998	
36	129.900	-69.998	
36	130.000	-69.998	
36	130.100	-69.998	
36	130.200	-69.998	
36	130.300	-69.998	
36	130.400	-69.998	
36	130.500	-69.998	
36	130.600	-69.998	
36	130.700	-69.998	
36	130.800	-69.998	
36	130.900	-69.998	
36	131.000	-69.998	
36	131.100	-69.998	
36	131.200	-69.998	
36	131.300	-69.998	
36	131.400	-69.998	
36	131.500	-69.998	
36	131.600	-69.998	
36	131.700	-69.998	
36	131.800	-69.998	
36	131.900	-69.998	
36	132.000	-69.998	
36	132.100	-69.998	
36	132.200	-69.998	
36	132.300	-69.998	
36	132.400	-69.998	
36	132.500	-69.998	
36	132.600	-69.998	
36	132.700	-69.998	
36	132.800	-69.998	
36	132.900	-69.998	
36	133.000	-69.998	
36	133.100	-69.998	
36	133.200	-69.998	
36	133.300	-69.998	
36	133.400	-69.998	
36	133.500	-69.998	
36	133.600	-69.998	
36	133.700	-69.998	
36	133.800	-69.998	
36	133.900	-69.998	
36	134.000	-69.998	
36	134.100	-69.998	
36	134.200	-69.998	
36	134.300	-69.998	
36	134.400	-69.998	
36	134.500	-69.998	
36	134.600	-69.998	
36	134.700	-69.998	
36	134.800	-69.998	
36	134.900	-69.998	
36	135.000	-69.998	
36	135.100	-69.998	
36	135.200	-69.998	
36	135.300	-69.998	
36	135.400	-69.998	
36	135.500	-69.998	
36	135.600	-69.998	
36	135.700	-69.998	
36	135.800	-69.998	
36	135.900	-69.998	
36	136.000	-69.998	
36	136.100	-69.998	
36	136.200	-69.998	
36	136.300	-69.998	
36	136.400	-69.998	
36	136.500	-69.998	
36	136.600	-69.998	
36	136.700	-69.998	
36	136.800	-69.998	
36	136.900	-69.998	
36	137.000	-69.998	
36	137.100	-69.998	
36	137.200	-69.998	
36	137.300	-69.998	
36	137.400	-69.998	
36	137.500	-69.998	
36	137.600	-69.998	
36	137.700	-69.998	
36	137.800	-69.998	
36	137.900	-69.998	
36	138.000	-69.998	
36	138.100	-69.998	
36	138.200	-69.998	
36	138.300	-69.998	
36	138.400	-69.998	
36	138.500	-69.998	
36	138.600	-69.998	
36	138.700	-69.998	
36	138.800	-69.998	
36	138.900	-69.998	
36	139.000	-69.998	
36	139.100	-69.998	
36	139.200	-69.998	
36	139.300	-69.998	
36	139.400	-69.998	
36	139.500	-69.998	
36	139.600	-69.998	
36	139.700	-69.998	
36	139.800	-69.998	
36	139.900	-69.998	
36	140.000	-69.998	
36	140.100	-69.998	
36	140.200	-69.998	
36	140.300	-69.998	
36	140.400	-69.998	
36	140.500	-69.998	
36	140.600	-69.998	
36	140.700	-69.998	
36	140.800	-69.998	
36	140.900	-69.998	
36	141.000	-69.998	
36	141.100	-69.998	
36	141.200	-69.998	
36	141.300	-69.998	
36	141.400	-69.998	
36	141.500	-69.998	
36	141.600	-69.998	
36	141.700	-69.998	
36	141.800	-69.998	
36	141.900	-69.998	
36	142.000	-69.998	
36	142.100	-69.998	
36	142.200	-69.998	
36	142.300	-69.998	
36	142.400	-69.998	
36	142.500	-69.998	
36	142.600	-69.998	
36	142.700	-69.998	
36	142.800	-69.998	
36	142.900	-69.998	
36	143.000	-69.998	
36	143.100	-69.998	
36	143.200	-69.998	
36	143.300	-69.998	
36	143.400	-69.998	
36	143.500	-69.998	
36	143.600	-69.998	
36	143.700	-69.998	
36	143.800	-69.998	
36	143.900	-69.998	
36	144.000	-69.998	
36	144.100	-69.998	
36	144.200	-69.998	
36	144.300	-69.998	
36	144.400	-69.998	
36	144.500	-69.998	
36	144.600	-69.998	
36	144.700	-69.998	
36	144.800	-69.998	
36	144.900	-69.998	
36	145.000	-69.998	
36	145.100	-69.998	
36	145.200	-69.998	
36	145.300	-69.998	
36	145.400	-69.998	
36	145.500	-69.998	
36	145.600	-69.998	
36	145.700	-69.998	
36	145.800	-69.998	
36	145.900	-69.998	
36	146.000	-69.998	
36	146.100	-69.998	
36	146.200	-69.998	
36	146.300	-69.998	
36	146.400	-69.998	
36	146.500	-69.998	
36	146.600	-69.998	
36	146.700	-69.998	
36	146.800	-69.998	
36	146.900	-69.998	
36	147.000	-69.998	
36	147.100	-69.998	
36	147.200	-69.998	
36	147.300	-69.998	
36	147.400	-69.998	
36	147.500	-69.998	
36	147.600	-69.998	
36	147.700	-69.998	
36	147.800	-69.998	
36	147.900	-69.998	
36	148.000	-69.998	
36	148.100	-69.998	
36	148.200	-69.998	
36	148.300	-69.998	
36	148.400	-69.998	
36	148.500	-69.998	
36	148.600	-69.998	
36	148.700	-69.998	
36	148.800	-69.998	
36	148.900	-69.998	
36	149.000	-69.998	
36	149.100	-69.998	
36	149.200	-69.998	
36	149.300	-69.998	
36	149.400	-69.998	
36	149.500	-69.998	
36	149.600	-69.998	
36	149.700	-69.998	
36	149.800	-69.998	
36	149.900	-69.998	
36	150.000	-69.998	
36	150.100	-69.998	
36	150.200	-69.998	
36	150.300	-69.998	
36	150.400	-69.998	
36	150.500	-69.998	
36	150.600	-69.998	
36	150.700	-69.998	
36	150.800	-69.998	
36	150.900	-69.998	
36	151.000	-69.998	
36	151.100	-69.998	
36	151.200	-69.998	
36	151.300	-69.998	
36	151.400	-69.998	
36	151.500	-69.998	
36	151.600	-69.998	
36	151.700	-69.998	
36	151.800	-69.998	
36	151.900	-69.998	
36	152.000	-69.998	
36	152.100	-69.998	
36	152.200	-69.998	
36	152.300	-69.998	
36	152.400	-69.998	
36	152.500	-69.998	
36	152.600	-69.998	
36	152.700	-69.998	
36	152.800	-69.998	
36	152.900	-69.998	
36	153.000	-69.998	
36	153.100	-69.998	
36	153.200	-69.998	
36	153.300	-69.998	
36	153.400	-69.998	
36	153.500	-69.998	
36	153.600	-69.998	
36	153.700	-69.998	
36	153.800	-69.998	
36	153.900	-69.998	
36	154.000	-69.998	
36	154.100	-69.998	
36	154.200	-69.998	
36	154.300	-69.998	
36	154.400	-69.998	
36	154.500	-69.998	
36	154.600	-69.998	
36	154.700	-69.998	
36	154.800	-69.998	
36	154.900	-69.998	
36	155.000	-69.998	
36	155.100	-69.998	
36	155.200	-69.998	
36	155.300	-69.998	
36	155.400	-69.998	
36	155.500	-69.998	
36	155.600	-69.998	
36	155.700	-69.998	
36	155.800	-69.998	
36	155.900	-69.998	
36	156.000	-69.998	
36	156.100	-69.998	
36	156.200	-69.998	
36	156.300	-69.998	
36	156.400	-69.998	
36	156.500	-69.998	
36	156.600	-69.998	
36	156.700	-69.998	
36	156.800	-69.998	
36	156.900	-69.998	
36	157.000	-69.998	
36	157.100	-69.998	
36	157.200	-69.998	
36	157.300	-69.998	
36	157.400	-69.998	
36	157.500	-69.998	
36	157.600	-69.998	
36	157.700	-69.998	
36	157.800	-69.998	
36	157.900	-69.998	
36	158.000	-69.998	
36	158.100	-69.998	
36	158.200	-69.998	
36	158.300	-69.998	
36	158.400	-69.998	
36	158.500	-69.998	
36	158.600	-69.998	
36	158.700	-69.998	
36	158.800	-69.998	
36	158.900	-69.998	
36	159.000	-69.998	
36	159.100	-69.998	
36	159.200	-69.998	
36	159.300	-69.998	
36	159.400	-69.998	
36	159.500	-69.998	
36	159.600	-69.998	
36	159.700	-69.998	
36	159.800	-69.998	
36	159.900	-69.998	
36	160.000	-69.998	
36	160.100	-69.998	
36	160.200	-69.998	
36	160.300	-69.998	
36	160.400	-69.998	
36	160.500	-69.998	
36	160.600	-69.998	
36	160.700	-69.998	
36	160.800	-69.998	
36	160.900	-69.998	
36	161.000	-69.998	
36	161.100	-69.998	
36	161.200	-69.998	
36	161.300	-69.998	
36	161.400	-69.998	
36	161.500	-69.998	
36	161.600	-69.998	
36	161.700	-69.998	
36	161.800	-69.998	
36	161.900	-69.998	
36	162.000	-69.998	
36	162.100	-69.998	
36	162.200	-69.998	
36	162.300	-69.998	
36	162.400	-69.998	
36	162.500	-69.998	
36	162.600	-69.998	
36	162.700	-69.998	
36	162.800	-69.998	
36	162.900	-69.998	
36	163.000	-69.998	
36	163.100	-69.998	
36	163.200	-69.998	
36	163.300	-69.998	
36	163.400	-69.998	
36	163.500	-69.998	
36	163.600	-69.998	
36	163.700	-69.998	
36	163.800	-69.998	
36	163.900	-69.998	
36	164.000	-69.998	
36	164.100	-69.998	
36	164.200	-69.998	
36	164.300	-69.998	
36	164.400	-69.998	
36	164.500	-69.998	
36	164.600	-69.998	
36	164.700	-69.998	
36	164.800	-69.998	
36	164.900	-69.998	
36	165.000	-69.998	
36	165.100	-69.998	
36	165.200	-69.998	
36	165.300	-69.998	
36	165.400	-69.998	
36	165.500	-69.998	
36	165.600	-69.998	
36	165.700	-69.998	
36	165.800	-69.998	
36	165.900	-69.998	
36	166.000	-69.998	
36	166.100	-69.998	
36	166.200	-69.998	
36	166.300	-69.998	
36	166.400	-69.998	
36	166.500	-69.998	
36	166.600	-69.998	
36	166.700	-69.998	
36	166.800	-69.998	
36	166.900	-69.998	
36	167.000	-69.998	
36	167.100	-69.998	
36	167.200	-69.998	
36	167.300	-69.998	
36	167.400	-69.998	
36	167.500	-69.998	
36	167.600	-69.998	
36	167.700	-69.998	
36	167.800	-69.998	
36	167.900	-69.998	
36	168.000	-69.998	
36	168.100	-69.998	
36	168.200	-69.998	
36	168.300	-69.998	
36	168.400	-69.998	
36	168.500	-69.998	
36	168.600	-69.998	
36	168.700	-69.998	
36	168.800	-69.998	
36	168.900	-69.998	
36	169.000	-69.998	
36	169.100	-69.998	
36	169.200	-69.998	
36	169.300	-69.998	
36	169.400	-69.998	
36	169.500	-69.998	
36	169.600	-69.998	
36	169.700	-69.998	
36	169.800	-69.998	
36	169.900	-69.998	
36	170.000	-69.998	
36	170.100	-69.998	
36	170.200	-69.998	
36	170.300	-69.998	
36	170.400	-69.998	
36	170.500	-69.998	
36	170.600	-69.998	
36	170.700	-69.998	
36	170.800	-69.998	
36	170.900	-69.998	
36	171.000	-69.998	
36	171.100	-69.998	
36	171.200	-69.998	
36	171.300	-69.998	
36	171.400	-69.998	
36	171.500	-69.998	
36	171.600	-69.998	
36	171.700	-69.998	
36	171.800	-69.998	
36	171.900	-69.998	
36	172.000	-69.998	
36	172.100	-69.998	
36	172.200	-69.998	
36	172.300	-69.998	
36	172.400	-69.998	
36	172.500	-69.998	
36	172.600	-69.998	
36	172.700	-69.998	
36	172.800	-69.998	
36	172.900	-69.998	
36	173.000	-69.998	
36	173.100	-69.998	
36	173.200	-69.998	
36	173.300	-69.998	
36	173.400	-69.998	
36	173.500	-69.998	
36	173.600	-69.998	
36	173.700	-69.998	
36	173.800	-69.998	
36	173.900	-69.998	
36	174.000	-69.998	
36	174.100	-69.998	
36	174.200	-69.998	
36	174.300	-69.998	
36	174.400	-69.998	
36	174.500	-69.998	
36	174.600	-69.998	
36	174.700	-69.998	
36	174.800	-69.998	
36	174.900	-69.998	
36	175.000	-69.998	
36	175.100	-69.998	
36	175.200	-69.998	
36	175.300	-69.998	
36	175.400	-69.998	
36	175.500	-69.998	
36	175.600	-69.998	
36	175.700	-69.998	
36	175.800	-69.998	
36	175.900	-69.998	
36	176.000	-69.998	
36	176.100	-69.998	
36	176.200	-69.998	
36	176.300	-69.998	
36	176.400	-69.998	
36	176.500	-69.998	
36	176.600	-69.998	
36	176.700	-69.998	
36	176.800	-69.998	
36	176.900	-69.998	
36	177.000	-69.998	
36	177.100	-69.998	
36	177.200	-69.998	
36	177.300	-69.998	
36	177.400	-69.998	
36	177.500	-69.998	
36	177.600	-69.998	
36	177.700	-69.998	
36	177.800	-69.998	
36	177.900	-69.998	
36	178.000	-69.998	
36	178.100	-69.998	
36	178.200	-69.998	
36	178.300	-69.998	
36	178.400	-69.998	
36	178.500	-69.998	
36	178.600	-69.998	
36	178.700	-69.998	
36	178.800	-69.998	
36	178.900	-69.998	
36	179.000	-69.998	
36	179.100	-69.998	
36	179.200	-69.998	
36	179.300	-69.998	
36	179.400	-69.998	
36	179.500	-69.998	
36	179.600	-69.998	
36	179.700	-69.998	
36	179.800	-69.998	
36	179.900	-69.998	
36	180.000	-69.998	
36	180.100	-69.998	
36	180.200	-69.998	
36	180.300	-69.998	
36	180.400	-69.998	
36	180.500	-69.998	
36	180.600	-69.998	
36	180.700	-69.998	
36	180.800	-69.998	
36	180.900	-69.998	
36	181.000	-69.998	
36	181.100	-69.998	
36	181.200	-69.998	
36	181.300	-69.998	
36	181.400	-69.998	
36	181.500	-69.998	
36	181.600	-69.998	
36	181.700	-69.998	
36	181.800	-69.998	
36	181.900	-69.998	
36	182.000	-69.998	
36	182.100	-69.998	
36	182.200	-69.998	
36	182.300	-69.998	
36	182.400	-69.998	
36	182.500	-69.998	
36	182.600	-69.998	
36	182.700	-69.998	
36	182.800	-69.998	
36	182.900	-69.998	
36	183.000	-69.998	
36	183.100	-69.998	
36	183.200	-69.998	
36	183.300	-69.998	
36	183.400	-69.998	
36	183.500	-69.998	
36	183.600	-69.998	
36	183.700	-69.998	
36	183.800	-69.998	
36	183.900	-69.998	
36	184.000	-69.998	
36	184.100	-69.998	
36	184.200	-69.998	
36	184.300	-69.998	
36	184.400	-69.998	
36	184.500	-69.998	
36	184.600	-69.998	
36	184.700	-69.998	
36	184.800	-69.998	
36	184.900	-69.998	
36	185.000	-69.998	
36	185.100	-69.998	
36	185.200	-69.998	
36	185.300	-69.998	
36	185.400	-69.998	
36	185.500	-69.998	
36	185.600	-69.998	
36	185.700	-69.998	
36	185.800	-69.998	
36	185.900	-69.998	
36	186.000	-69.998	
36	186.100	-69.998	
36	186.200	-69.998	
36	186.300	-69.998	
36	186.400	-69.998	
36	186.500	-69.998	
36	186.600	-69.998	
36	186.700	-69.998	
36	186.800	-69.998	
36	186.900	-69.998	
36	187.000	-69.998	
36	187.100	-69.998	
36	187.200	-69.998	
36	187.300	-69.998	
36	187.400	-69.998	
36	187.500	-69.998	
36	187.600	-69.998	
36	187.700	-69.998	
36	187.800	-69.998	
36	187.900	-69.998	
36	188.000	-69.998	
36	188.100	-69.998	
36	188.200	-69.998	
36	188.300	-69.998	
36	188.400	-69.998	
36	188.500	-69.998	
36	188.600	-69.998	
36	188.700	-69.998	
36	188.800	-69.998	
36	188.900	-69.998	
36	189.000	-69.998	
36	189.100	-69.998	
36	189.200	-69.998	
36	189.300	-69.998	
36	189.400	-69.998	
36	189.500	-69.998	
36	189.600	-69.998	
36	189.700	-69.998	
36	189.800	-69.998	
36	189.900	-69.998	
36	190.000	-69.998	
36	190.100	-69.998	
36	190.200	-69.998	
36	190.300	-69.998	
36	190.400	-69.998	
36	190.500	-69.998	
36	190.600	-69.998	
36	190.700	-69.998	
36	190.800	-69.998	
36	190.900	-69.998	
36	191.000	-69.998	
36	191.100	-69.998	
36	191.200	-69.998	
36	191.300	-69.998	
36	191.400	-69.998	
36	191.500	-69.998	
36	191.600	-69.998	
36	191.700	-69.998	
36	191.800	-69.998	
36	191.900	-69.998	
36	192.000	-69.998	
36	192.100	-69.998	
36	192.200	-69.998	
36	192.300	-69.998	
36	192.400	-69.998	
36	192.500	-69.998	
36	192.600	-69.998	
36	192.700	-69.998	
36	192.800	-69.998	
36	192.900	-69.998	
36	193.000	-69.998	
36	193.100	-69.998	
36	193.200	-69.998	
36	193.300	-69.998	
36	193.400	-69.998	
36	193.500	-69.998	
36	193.600	-69.998	
36	193.700	-69.998	
36	193.800	-69.998	
36	193.900	-69.998	
36	194.000	-69.998	
36	194.100	-69.998	
36	194.200	-69.998	
36	194.300	-69.998	
36	194.400	-69.998	
36	194.500	-69.998	
36	194.600	-69.998	
36	194.700	-69.998	
36	194.800	-69.998	
36	194.900	-69.998	
36	195.000	-69.998	
36	195.100	-69.998	
36	195.200	-69.998	
36	195.300	-69.998	
36	195.400	-69.998	
36	195.500	-69.998	
36	195.600	-69.998	
36	195.700	-69.998	
36	195.800	-69.998	
36	195.900	-69.998	
36	196.000	-69.998	
36	196.100	-69.998	
36	196.200	-69.998	
36	196.300	-69.998	
36	196.400	-69.998	
36	196.500	-69.998	
36	196.600	-69.998	
36	196.700	-69.998	
36	196.800	-69.998	
36	196.900	-69.998	
36	197.000	-69.998	
36	197.100	-69.998	
36	197.200	-69.998	
36	197.300	-69.998	
36	197.400	-69.998	
36	197.500	-69.998	
36	197.600	-69.998	
36	197.700	-69.998	
36	197.800	-69.998	
36	197.900	-69.998	
36	198.000	-69.998	
36	198.100	-69.998	
36	198.200	-69.998	
36	198.300	-69.998	
36	198.400	-69.998	
36	198.500	-69.998	
36	198.600	-69.998	
36	198.700	-69.998	
36	198.800	-69.998	
36	198.900	-69.998	
36	199.000	-69.998	
36	199.100	-69.998	
36	199.200	-69.998	
36	199.300	-69.998	
36	199.400	-69.998	
36	199.500	-69.998	
36	199.600	-69.998	
36	199.700	-69.998	
36	199.800	-69.998	
36	199.900	-69.998	
36	200.000	-69.998	
36	200.100	-69.998	
36	200.200	-69.998	
36	200.300	-69.998	
36	200.400	-69.998	
36	200.500	-69.998	
36	200.600	-69.998	
36	200.700	-69.998	
36	200.800	-69.998	
36	200.900	-69.998	
36	201.000	-69.998	
36	201.100	-69.998	
36	201.200	-69.998	
36	201.300	-69.998	
36	201.400	-69.998	
36	201.500	-69.998	
36	201.600	-69.998	
36	201.700	-69.998	
36	201.800	-69.998	
36	201.900	-69.998	
36	202.000	-69.998	
36	202.100	-69.998	
36	202.200	-69.998	
36	202.300	-69.998	
36	202.400	-69.998	
36	202.500	-69.998	
36	202.600	-69.998	
36	202.700	-69.998	
36	202.800	-69.998	
36	202.900	-69.998	
36	203.000	-69.998	
36	203.100	-69.998	
36	203.200	-69.998	
36	203.300	-69.998	
36	203.400	-69.998	
36	203.500	-69.998	
36	203.600	-69.998	
36	203.700	-69.998	
36	203.800	-69.998	
36	203.900	-69.998	
36	204.000	-69.998	
36	204.100	-69.998	
36	204.200	-69.998	
36	204.300	-69.998	
36	204.400	-69.998	
36	204.500	-69.998	
36	204.600	-69.998	
36	204.700	-69.998	
36	204.800	-69.998	
36	204.900	-69.998	
36	205.000	-69.998	
36	205.100	-69.998	
36	205.200	-69.998	
36	205.300	-69.998	
36	205.400	-69.998	
36	205.500	-69.998	
36	205.600	-69.998	
36	205.700	-69.998	
36	205.800	-69.998	
36	205.900	-69.998	
36	206.000	-69.998	
36	206.100	-69.998	
36	206.200	-69.998	
36	206.300	-69.998	
36	206.400	-69.998	
36	206.500	-69.998	
36	206.600	-69.998	
36	206.700	-69.998	
36	206.800	-69.998	
36	206.900	-69.998	
36	207.000	-69.998	
36	207.100	-69.998	
36	207.200	-69.998	
36	207.300	-69.998	
36	207.400	-69.998	
36	207.500	-69.998	
36	207.600	-69.998	
36	207.700	-69.998	
36	207.800	-69.998	
36	207.900	-69.998	
36	208.000	-69.998	
36	208.100	-69.998	
36	208.200	-69.998	
36	208.300	-69.998	
36	208.400	-69.998	
36	208.500	-69.998	
36	208.600	-69.998	
36	208.700	-69.998	
36	208.800	-69.998	
36	208.900	-69.998	
36	209.000	-69.998	
36	209.100	-69.998	
36	209.200	-69.998	
36	209.300	-69.998	
36	209.400	-69.998	
36	209.500	-69.998	
36	209.600	-69.998	
36	209.700	-69.998	
36	209.800	-69.998	
36	209.900	-69.998	
36	210.000	-69.998	
36	210.100	-69.998	
36	210.200	-69.998	
36	210.300	-69.998	
36	210.400	-69.998	
36	210.500	-69.998	
36	210.600	-69.998	
36	210.700	-69.998	
36	210.800	-69.998	
36	210.900	-69.998	
36	211.000	-69.998	
36	211.100	-69.998	
36	211.200	-69.998	
36	211.300	-69.998	
36	211.400	-69.998	
36	211.500	-69.998	
36	211.600	-69.998	
36	211.700	-69.998	
36	211.800	-69.998	
36	211.900	-69.998	
36	212.000	-69.998	
36	212.100	-69.998	
36	212.200	-69.998	
36	212.300	-69.998	
36	212.400	-69.998	
36	212.500	-69.998	
36	212.600	-69.998	
36	212.700	-69.998	
36	212.800	-69.998	
36	212.900	-69.998	
36	213.000	-69.998	
36	213.100	-69.998	
36	213.200	-69.998	
36	213.300	-69.998	
36	213.400	-69.998	
36	213.500	-69.998	
36	213.600	-69.998	
36	213.700	-69.998	
36	213.800	-69.998	
36	213.900	-69.998	
36	214.000	-69.998	
36	214.100	-69.998	
36	214.200	-69.998	
36	214.300	-69.998	
36	214.400	-69.998	
36	214.500	-69.998	
36	214.600	-69.998	
36	214.700	-69.998	
36	214.800	-69.998	
36	214.900	-69.998	
36	215.000	-69.998	
36	215.100	-69.998	
36	215.200	-69.998	
36	215.300	-69.998	
36	215.400	-69.998	
36	215.500	-69.998	
36	215.600	-69.998	
36	215.700	-69.998	
36	215.800	-69.998	
36	215.900	-69.998	
36	216.000	-69.998	
36	216.100	-69.998	
36	216.200	-69.998	
36	216.300	-69.998	
36	216.400	-69.998	
36	216.500	-69.998	
36	216.600	-69.998	
36	216.700	-69.998	
36	216.800	-69.998	
36	216.900	-69.998	
36	217.000	-69.998	
36	217.100	-69.998	
36	217.200	-69.998	
36	217.300	-69.998	
36	217.400	-69.998	
36	217.500	-69.998	
36	217.600	-69.998	
36	217.700	-69.998	
36	217.800	-69.998	
36	217.900	-69.998	
36	218.000	-69.998	
36	218.100	-69.998	
36	218.200	-69.998	
36	218.300	-69.998	
36	218.400	-69.998	
36	218.500	-69.998	
36	218.600	-69.998	
36	218.700	-69.998	
36	218.800	-69.998	
36	218.900	-69.998	
36	219.000	-69.998	
36	219.100	-69.998	
36	219.200	-69.998	
36	219.300	-69.998	
36	219.400	-69.998	
36	219.500	-69.998	
36	219.600	-69.998	
36	219.700	-69.998	
36	219.800	-69.998	
36	219.900	-69.998	
36	220.000	-69.998	
36	220.100	-69.998	
36	220.200	-69.998	
36	220.300	-69.998	
36	220.400	-69.998	
36	220.500	-69.998	
36	220.600	-69.998	
36	220.700	-69.998	
36	220.800	-69.998	
36	220.900	-69.998	
36	221.000	-69.998	
36	221.100	-69.998	
36	221.200	-69.998	
36	221.300	-69.998	
36	221.400	-69.998	
36	221.500	-69.998	
36	221.600	-69.998	
36	221.700	-69.998	
36	221.800	-69.998	
36	221.900	-69.998	
36	222.000	-69.998	
36	222.100	-69.998	
36	222.200	-69.998	
36	222.300	-69.998	
36	222.400	-69.998	
36	222.500	-69.998	
36	222.600	-69.998	
36	222.700	-69.998	
36	222.800	-69.998	
36	222.900	-69.998	
36	223.000	-69.998	
36	223.100	-69.998	
36	223.200	-69.998	
36	223.300	-69.998	
36	223.400	-69.998	
36	223.500	-69.998	
36	223.600	-69.998	
36	223.700	-69.998	
36	223.800	-69.998	
36	223.900	-69.998	
36	224.000	-69.998	
36	224.100	-69.998	
36	224.200	-69.998	
36	224.300	-69.998	
36	224.400	-69.998	
36	224.500	-69.998	
36	224.600	-69.998	
36	224.700	-69.998	
36	224.800	-69.998	
36	224.900	-69.998	
36	225.000	-69.998	
36	225.100	-69.998	
36	225.200	-69.998	
36	225.300	-69.998	
36	225.400	-69.998	
36	225.500	-69.998	
36	225.600	-69.998	
36	225.700	-69.998	
36	225.800	-69.998	
36	225.900	-69.998	
36	226.000	-69.998	
36	226.100	-69.998	
36	226.200	-69.998	
36	226.300	-69.998	
36	226.400	-69.998	
36	226.500	-69.998	
36	226.600	-69.998	
36	226.700	-69.998	
36	226.800	-69.998	
36	226.900	-69.998	
36	227.000	-69.998	
36	227.100	-69.998	
36	227.200	-69.998	
36	227.300	-69.998	
36	227.400	-69.998	
36	227.500	-69.998	
36	227.600	-69.998	
36	227.700	-69.998	
36	227.800	-69.998	
36	227.900	-69.998	
36	228.000	-69.998	
36	228.100	-69.998	
36	228.200	-69.998	
36	228.300	-69.998	
36	228.400	-69.998	
36	228.500	-69.998	
36	228.600	-69.998	
36	228.700	-69.998	
36	228.800	-69.998	
36	228.900	-69.998	
36	229.000	-69.998	
36	229.100	-69.998	
36	229.200	-69.998	
36	229.300	-69.998	
36	229.400	-69.998	
36	229.500	-69.998	
36	229.600	-69.998	
36	229.700	-69.998	
36	229.800	-69.998	
36	229.900	-69.998	
36	230.000	-69.998	
36	230.100	-69.998	
36	230.200	-69.998	
36	230.300	-69.998	
36	230.400	-69.998	
36	230.500	-69.998	
36	230.600	-69.998	
36	230.700	-69.998	
36	230.800	-69.998	
36	230.900	-69.998	
36	231.000	-69.998	
36	231.100	-69.998	
36	231.200	-69.998	
36	231.300	-69.998	
36	231.400	-69.998	
36	231.500	-69.998	
36	231.600	-69.998	
36	231.700	-69.998	
36	231.800	-69.998	
36	231.900	-69.998	
36	232.000	-69.998	
36	232.100	-69.998	
36	232.200	-69.998	
36	232.300	-69.998	
36	232.400	-69.998	
36	232.500	-69.998	
36	232.600	-69.998	
36	232.700	-69.998	
36	232.800	-69.998	
36	232.900	-69.998	
36	233.000	-69.998	
36	233.100	-69.998	
36	233.200	-69.998	
36	233.300	-69.998	
36	233.400	-69.998	
36	233.500	-69.998	
36	233.600	-69.998	
36	233.700	-69.998	
36	233.800	-69.998	
36	233.900	-69.998	
36	234.000	-69.998	
36	234.100	-69.998	
36	234.200	-69.998	
36	234.300	-69.998	
36	234.400	-69.998	
36	234.500	-69.998	
36	234.600	-69.998	
36	234.700	-69.998	
36	234.800	-69.998	
36	234.900	-69.998	
36	235.000	-69.998	
36	235.100	-69.998	
36	235.200	-69.998	
36	235.300	-69.998	
36	235.400	-69.998	
36	235.500	-69.998	
36	235.600	-69.998	
36	235.700	-69.998	
36	235.800	-69.998	
36	235.900	-69.998	
36	236.000	-69.998	
36	236.100	-69.998	
36	236.200	-69.998	
36	236.300	-69.998	
36	236.400	-69.998	
36	236.500	-69.998	
36	236.600	-69.998	
36	236.700	-69.998	
36	236.800	-69.998	
36	236.900	-69.998	
36	237.000	-69.998	
36	237.100	-69.998	
36	237.200	-69.998	
36	237.300	-69.998	
36	237.400	-69.998	
36	237.500	-69.998	
36	237.600	-69.998	
36	237.700	-69.998	
36	237.800	-69.998	
36	237.900	-69.998	
36	238.000	-69.998	
36	238.100	-69.998	
36	238.200	-69.998	
36	238.300	-69.998	
36	238.400	-69.998	
36	238.500	-69.998	
36	238.600	-69.998	
36	238.700	-69.998	
36	238.800	-69.998	
36	238.900	-69.998	
36	239.000	-69.998	
36	239.100	-69.998	
36	239.200	-69.998	
36	239.300	-69.998	
36	239.400	-69.998	
36	239.500	-69.998	
36	239.600	-69.998	
36	239.700	-69.998	
36	239.800	-69.998	
36	239.900	-69.998	
36	240.000	-69.998	
36	240.100	-69.998	
36	240.200	-69.998	
36	240.300	-69.998	
36	240.400	-69.998	
36	240.500	-69.998	
36	240.600	-69.998	
36	240.700	-69.998	
36	240.800	-69.998	
36	240.900	-69.998	
36	241.000	-69.998	
36	241.100	-69.998	
36	241.200	-69.998	
36	241.300	-69.998	
36	241.400	-69.998	
36	241.500	-69.998	
36	241.600	-69.998	
36	241.700	-69.998	
36	241.800	-69.998	
36	241.900	-69.998	
36	242.000	-69.998	
36	242.100	-69.998	
36	242.200	-69.998	
36	242.300	-69.998	
36	242.400	-69.998	
36	242.500	-69.998	
36	242.600	-69.998	
36	242.700	-69.998	
36	242.800	-69.998	
36	242.900	-69.998	
36	243.000	-69.998	
36	243.100	-69.998	
36	243.200	-69.998	
36	243.300	-69.998	
36	243.400	-69.998	
36	243.500	-69.998	
36	243.600	-69.998	
36	243.700	-69.998	
36	243.800	-69.998	
36	243.900	-69.998	
36	244.000	-69.998	
36	244.100	-69.998	
36	244.200	-69.998	
36	244.300	-69.998	
36	244.400	-69.998	
36	244.500	-69.998	
36	244.600	-69.998	
36	244.700	-69.998	
36	244.800	-69.998	
36	244.900	-69.998	
36	245.000	-69.998	
36	245.100	-69.998	
36	245.200	-69.998	
36	245.300	-69.998	
36	245.400	-69.998	
36	245.500	-69.998	
36	245.600	-69.998	
36	245.700	-69.998	
36	245.800	-69.998	
36	245.900	-69.998	
36	246.000	-69.998	
36	246.100	-69.998	
36	246.200	-69.998	
36	246.300	-69.998	
36	246.400	-69.998	
36	246.500	-69.998	
36	246.600	-69.998	
36	246.700	-69.998	
36	246.800	-69.998	
36	246.900	-69.998	
36	247.000	-69.998	
36	247.100	-69.998	
36	247.200	-69.998	
36	247.300	-69.998	
36	247.400	-69.998	
36	247.500	-69.998	
36	247.600	-69.998	
36	247.700	-69.998	
36	247.800	-69.998	
36	247.900	-69.998	
36	248.000	-69.998	
36	248.100	-69.998	
36	248.200	-69.998	
36	248.300	-69.998	
36	248.400	-69.998	
36	248.500	-69.998	
36	248.600	-69.998	
36	248.700	-69.998	
36	248.800	-69.998	
36	248.900	-69.998	
36	249.000	-69.998	
36	249.100	-69.998	
36	249.200	-69.998	
36	249.300	-69.998	
36	249.400	-69.998	
36	249.500	-69.998	
36	249.600	-69.998	
36	249.700	-69.998	
36	249.800	-69.998	
36	249.900	-69.998	
36	250.000	-69.998	
36	250.100	-69.998	
36	250.200	-69.998	
36	250.300	-69.998	
36	250.400	-69.998	
36	250.500	-69.998	
36	250.600	-69.998	
36	250.700	-69.998	
36	250.800	-69.998	
36	250.900	-69.998	
36	251.000	-69.998	
36	251.100	-69.998	
36	251.200	-69.998	
36	251.300	-69.998	
36	251.400	-69.998	
36	251.500	-69.998	
36	251.600	-69.998	
36	251.700	-69.998	
36	251.800	-69.998	
36	251.900	-69.998	
36	252.000	-69.998	
36	252.100	-69.998	
36	252.200	-69.998	
36	252.300	-69.998	
36	252.400	-69.998	
36	252.500	-69.998	
36	252.600	-69.998	
36	252.700	-69.998	
36	252.800	-69.998	
36	252.900	-69.998	
36	253.000	-69.998	
36	253.100	-69.998	
36	253.200	-69.998	
36	253.300	-69.998	
36	253.400	-69.998	
36	253.500	-69.998	
36	253.600	-69.998	
36	253.700	-69.998	
36	253.800	-69.998	
36	253.900	-69.998	
36	254.000	-69.998	
36	254.100	-69.998	
36	254.200	-69.998	
36	254.300	-69.998	
36	254.400	-69.998	
36	254.500	-69.998	
36	254.600	-69.998	
36	254.700	-69.998	
36	254.800	-69.998	
36	254.900	-69.998	
36	255.000	-69.998	
36	255.100	-69.998	
36	255.200	-69.998	
36	255.300	-69.998	
36	255.400	-69.998	
36	255.500	-69.998	
36	255.600	-69.998	
36	255.700	-69.998	
36	255.800	-69.998	
36	255.900	-69.998	
36	256.000	-69.998	
36	256.100	-69.998	
36	256.200	-69.998	
36	256.300	-69.998	
36	256.400	-69.998	
36	256.500	-69.998	
36	256.600	-69.998	
36	256.700	-69.998	
36	256.800	-69.998	
36	256.900	-69.998	
36	257.000	-69.998	
36	257.100	-69.998	
36	257.200	-69.998	
36	257.300	-69.998	
36	257.400	-69.998	
36	257.500	-69.998	
36	257.600	-69.998	
36	257.700	-69.998	
36	257.800	-69.998	
36	257.900	-69.998	
36	258.000	-69.998	
36	258.100	-69.998	
36	258.200	-69.998	
36	258.300	-69.998	
36	258.400	-69.998	
36	258.500	-69.998	
36	258.600	-69.998	
36	258.700	-69.998	
36	258.800	-69.998	
36	258.900	-69.998	
36	259.000	-69.998	
36	259.100	-69.998	
36	259.200	-69.998	
36	259.300	-69.998	
36	259.400	-69.998	
36	259.500	-69.998	
36	259.600	-69.998	
36	259.700	-69.998	
36	259.800	-69.998	
36	259.900	-69.998	
36	260.000	-69.998	
36	260.100	-69.998	
36	260.200	-69.998	
36	260.300	-69.998	
36	260.400	-69.998	
36	260.500	-69.998	
36	260.600	-69.998	
36	260.700	-69.998	
36	260.800	-69.998	
36	260.900	-69.998	
36	261.000	-69.998	
36	261.100	-69.998	
36	261.200	-69.998	
36	261.300	-69.998	
36	261.400	-69.998	
36	261.500	-69.998	
36	261.600	-69.998	
36	261.700	-69.998	
36	261.800	-69.998	
36	261.900	-69.998	
36	262.000	-69.998	
36	262.100	-69.998	
36	262.200	-69.998	
36	262.300	-69.998	
36	262.400	-69.998	
36	262.500	-69.998	
36	262.600	-69.998	
36	262.700	-69.998	
36	262.800	-69.998	
36	262.900	-69.998	
36	263.000	-69.998	
36	263.100	-69.998	
36	263.200	-69.998	
36	263.300	-69.998	
36	263.400	-69.998	
36	263.500	-69.998	
36	263.600	-69.998	
36	263.700	-69.998	
36	263.800	-69.998	
36	263.900	-69.998	
36	264.000	-69.998	
36	264.100	-69.998	
36	264.200	-69.998	
36	264.300	-69.998	
36	264.400	-69.998	
36	264.500	-69.998	
36	264.600	-69.998	
36	264.700	-69.998	
36	264.800	-69.998	
36	264.900	-69.998	
36	265.000	-69.998	
36	265.100	-69.998	
36	265.200	-69.998	
36	265.300	-69.998	
36	265.400	-69.998	
36	265.500	-69.998	
36	265.600	-69.998	
36	265.700	-69.998	
36	265.800	-69.998	
36	265.900	-69.998	
36	266.000	-69.998	
36	266.100	-69.998	
36	266.200	-69.998	
36	266.300	-69.998	
36	266.400	-69.998	
36	266.500	-69.998	
36	266.600	-69.998	
36	266.700	-69.998	
36	266.800	-69.998	
36	266.900	-69.998	
36	267.000	-69.998	
36	267.100	-69.998	
36	267.200	-69.998	
36	267.300	-69.998	
36	267.400	-69.998	
36	267.500	-69.998	
36	267.600	-69.998	
36	267.700	-69.998	
36	267.800	-69.998	
36	267.900	-69.998	
36	268.000	-69.998	
36	268.100	-69.998	
36	268.200	-69.998	
36	268.300	-69.998	
36	268.400	-69.998	
36	268.500	-69.998	
36	268.600	-69.998	
36	268.700	-69.998	
36	268.800	-69.998	
36	268.900	-69.998	
36	269.000	-69.998	
36	269.100	-69.998	
36	269.200	-69.998	
36	269.300	-69.998	
36	269.400	-69.998	
36	269.500	-69.998	
36	269.600	-69.998	
36	269.700	-69.998	
36	269.800	-69.998	
36	269.900	-69.998	
36	270.000	-69.998	
36	270.100	-69.998	
36	270.200	-69.998	
36	270.300	-69.998	
36	270.400	-69.998	
36	270.500	-69.998	
36	270.600	-69.998	
36	270.700	-69.998	
36	270.800	-69.998	
36	270.900	-69.998	
36	271.000	-69.998	
36	271.100	-69.998	
36	271.200	-69.998	
36	271.300	-69.998	
36	271.400	-69.998	
36	271.500	-69.998	
36	271.600	-69.998	
36	271.700	-69.998	
36	271.800	-69.998	
36	271.900	-69.998	
36	272.000	-69.998	
36	272.100	-69.998	
36	272.200	-69.998	
36	272.300	-69.998	
36	272.400	-69.998	
36	272.500	-69.998	
36	272.600	-69.998	
36	272.700	-69.998	
36	272.800	-69.998	
36	272.900	-69.998	
36	273.000	-69.998	
36	273.100	-69.998	
36	273.200	-69.998	
36	273.300	-69.998	
36	273.400	-69.998	
36	273.500	-69.998	
36	273.600	-69.998	
36	273.700	-69.998	
36	273.800	-69.998	
36	273.900	-69.998	
36	274.000	-69.998	
36	274.100	-69.998	
36	274.200	-69.998	
36	274.300	-69.998	
36	274.400	-69.998	
36	274.500	-69.998	
36	274.600	-69.998	
36	274.700	-69.998	
36	274.800	-69.998	
36	274.900	-69.998	
36	275.000	-69.998	
36	275.100	-69.998	
36	275.200	-69.998	
36	275.300	-69.998	
36	275.400	-69.998	
36	275.500	-69.998	
36	275.600	-69.998	
36	275.700	-69.998	
36	275.800	-69.998	
36	275.900	-69.998	
36	276.000	-69.998	
36	276.100	-69.998	
36	276.200	-69.998	
36	276.300	-69.998	
36	276.400	-69.998	
36	276.500	-69.998	
36	276.600	-69.998	
36	276.700	-69.998	
36	276.800	-69.998	
36	276.900	-69.998	
36	277.000	-69.998	
36	277.100	-69.998	
36	277.200	-69.998	
36	277.300	-69.998	
36	277.400	-69.998	
36	277.500	-69.998	
36	277.600	-69.998	
36	277.700	-69.998	
36	277.800	-69.998	
36	277.900	-69.998	
36	278.000	-69.998	
36	278.100	-69.998	
36	278.200	-69.998	
36	278.300	-69.998	
36	278.400	-69.998	
36	278.500	-69.998	
36	278.600	-69.998	
36	278.700	-69.998	
36	278.800	-69.998	
36	278.900	-69.998	
36	279.000	-69.998	
36	279.100	-69.998	
36	279.200	-69.998	
36	279.300	-69.998	
36	279.400	-69.998	
36	279.500	-69.998	
36	279.600	-69.998	
36	279.700	-69.998	
36	279.800	-69.998	
36	279.900	-69.998	
36	280.000	-69.998	
36	280.100	-69.998	
36	280.200	-69.998	
36	280.300	-69.998	
36	280.400	-69.998	
36	280.500	-69.998	
36	280.600	-69.998	
36	280.700	-69.998	
36	280.800	-69.998	
36	280.900	-69.998	
36	281.000	-69.998	
36	281.100	-69.998	
36	281.200	-69.998	
36	281.300	-69.998	
36	281.400	-69.998	
36	281.500	-69.998	
36	281.600	-69.998	
36	281.700	-69.998	
36	281.800	-69.998	
36	281.900	-69.998	
36	282.000	-69.998	
36	282.100	-69.998	
36	282.200	-69.998	
36	282.300	-69.998	
36	282.400	-69.998	
36	282.500	-69.998	
36	282.600	-69.998	
36	282.700	-69.998	
36	282.800	-69.998	
36	282.900	-69.998	
36	283.000	-69.998	
36	283.100	-69.998	
36	283.200	-69.998	
36	283.300	-69.998	
36	283.400	-69.998	
36	283.500	-69.998	
36	283.600	-69.998	
36	283.700	-69.998	
36	283.800	-69.998	
36	283.900	-69.998	
36	284.000	-69.998	
36	284.100	-69.998	
36	284.200	-69.998	
36	284.300	-69.998	
36	284.400	-69.998	
36	284.500	-69.998	
36	284.600	-69.998	
36	284.700	-69.998	
36	284.800	-69.998	
36	284.900	-69.998	
36	285.000	-69.998	
36	285.100	-69.998	
36	285.200	-69.998	
36	285.300	-69.998	
36	285.400	-69.998	
36	285.500	-69.998	
36	285.600	-69.998	
36	285.700	-69.998	
36	285.800	-69.998	
36	285.900	-69.998	
36	286.000	-69.998	
36	286.100	-69.998	
36	286.200	-69.998	
36	286.300	-69.998	
36	286.400	-69.998	
36	286.500	-69.998	
36	286.600	-69.998	
36	286.700	-69.998	
36	286.800	-69.998	
36	286.900	-69.998	
36	287.000	-69.998	
36	287.100	-69.998	
36	287.200	-69.998	
36	287.300	-69.998	
36	287.400	-69.998	
36	287.500	-69.998	
36	287.600	-69.998	
36	287.700	-69.998	
36	287.800	-69.998	
36	287.900	-69.998	
36	288.000	-69.998	
36	288.100	-69.998	
36	288.200	-69.998	
36	288.300	-69.998	
36	288.400	-69.998	
36	288.500	-69.998	
36	288.600	-69.998	
36	288.700	-69.998	
36	288.800	-69.998	
36	288.900	-69.998	
36	289.000	-69.998	
36	289.100	-69.998	
36	289.200	-69.998	
36	289.300	-69.998	
36	289.400	-69.998	
36	289.500	-69.998	
36	289.600	-69.998	
36	289.700	-69.998	
36	289.800	-69.998	
36	289.900	-69.998	
36	290.000	-69.998	
36	290.100	-69.998	
36	290.200	-69.998	
36	290.300	-69.998	
36	290.400	-69.998	
36	290.500	-69.998	
36	290.600	-69.998	
36	290.700	-69.998	
36	290.800	-69.998	
36	290.900	-69.998	
36	291.000	-69.998	
36	291.100	-69.998	
36	291.200	-69.998	
36	291.300	-69.998	
36	291.400	-69.998	
36	291.500	-69.998	
36	291.600	-69.998	
36	291.700	-69.998	
36	291.800	-69.998	
36	291.900	-69.998	
36	292.000	-69.998	
36	292.100	-69.998	
36	292.200	-69.998	
36	292.300	-69.998	
36	292.400	-69.998	
36	292.500	-69.998	
36	292.600	-69.998	
36	292.700	-69.998	
36	292.800	-69.998	
36	292.900	-69.998	
36	293.000	-69.998	
36	293.100	-69.998	
36	293.200	-69.998	
36	293.300	-69.998	
36	293.400	-69.998	
36	293.500	-69.998	
36	293.600	-69.998	
36	293.700	-69.998	
36	293.800	-69.998	
36	293.900	-69.998	
36	294.000	-69.998	
36	294.100	-69.998	
36	294.200	-69.998	
36	294.300	-69.998	
36	294.400	-69.998	
36	294.500	-69.998	
36	294.600	-69.998	
36	294.700	-69.998	
36	294.800	-69.998	
36	294.900	-69.998	
36	295.000	-69.998	
36	295.100	-69.998	
36	295.200	-69.998	
36	295.300	-69.998	
36	295.400	-69.998	
36	295.500	-69.998	
36	295.600	-69.998	
36	295.700	-69.998	
36	295.800	-69.998	
36	295.900	-69.998	
36	296.000	-69.998	
36	296.100	-69.998	
36	296.200	-69.998	
36	296.300	-69.998	
36	296.400	-69.998	
36	296.500	-69.998	
36	296.600	-69.998	
36	296.700	-69.998	
36	296.800	-69.998	
36	296.900	-69.998	
36	297.000	-69.998	
36	297.100	-69.998	
36	297.200	-69.998	
36	297.300	-69.998	
36	297.400	-69.998	
36	297.500	-69.998	
36	297.600	-69.998	
36	297.700	-69.998	
36	297.800	-69.998	
36	297.900	-69.998	
36	298.000	-69.998	
36	298.100	-69.998	
36	298.200	-69.998	
36	298.300	-69.998	
36	298.400	-69.998	
36	298.500	-69.998	
36	298.600	-69.998	
36	298.700	-69.998	
36	298.800	-69.998	
36	298.900	-69.998	
36	299.000	-69.998	
36	299.100	-69.998	
36	299.200	-69.998	
36	299.300	-69.998	
36	299.400	-69.998	
36	299.500	-69.998	
36	299.600	-69.998	
36	299.700	-69.998	
36	299.800	-69.998	
36	299.900	-69.998	
36	300.000	-69.998	
36	300.100	-69.998	
36	300.200	-69.998	
36	300.300	-69.998	
36	300.400	-69.998	
36	300.500	-69.998	
36	300.600	-69.998	
36	300.700	-69.998	
36	300.800	-69.998	
36	300.900	-69.998	
36	301.000	-69.998	
36	301.100	-69.998	
36	301.200	-69.998	
36	301.300	-69.998	
36	301.400	-69.998	
36	301.500	-69.998	
36	301.600	-69.998	
36	301.700	-69.998	
36	301.800	-69.998	
36	301.900	-69.998	
36	302.000	-69.998	
36	302.100	-69.998	
36	302.200	-69.998	
36	302.300	-69.998	
36	302.400	-69.998	
36	302.500	-69.998	
36	302.600	-69.998	
36	302.700	-69.998	
36	302.800	-69.998	
36	302.900	-69.998	
36	303.000	-69.998	
36	303.100	-69.998	
36	303.200	-69.998	
36	303.300	-69.998	
36	303.400	-69.998	
36	303.500	-69.998	
36	303.600	-69.998	
36	303.700	-69.998	
36	303.800	-69.998	
36	303.900	-69.998	
36	304.000	-69.998	
36	304.100	-69.998	
36	304.200	-69.998	
36	304.300	-69.998	
36	304.400	-69.998	
36	304.500	-69.998	
36	304.600	-69.998	
36	304.700	-69.998	
36	304.800	-69.998	
36	304.900	-69.998	
36	305.000	-69.998	
36	305.100	-69.998	
36	305.200	-69.998	
36	305.300	-69.998	
36	305.400	-69.998	
36	305.500	-69.998	
36	305.600	-69.998	
36	305.700	-69.998	
36	305.800	-69.998	
36	305.900	-69.998	
36	306.000	-69.998	
36	306.100	-69.998	
36	306.200	-69.998	
36	306.300	-69.998	
36	306.400	-69.998	
36	306.500	-69.998	
36	306.600	-69.998	
36	306.700	-69.998	
36	306.800	-69.998	
36	306.900	-69.998	
36	307.000	-69.998	
36	307.100	-69.998	
36	307.200	-69.998	
36	307.300	-69.998	
36	307.400	-69.998	
36	307.500	-69.998	
36	307.600	-69.998	
36	307.700	-69.998	
36	307.800	-69.998	
36	307.900	-69.998	
36	308.000	-69.998	
36	308.100	-69.998	
36	308.200	-69.998	
36	308.300	-69.998	
36	308.400	-69.998	
36	308.500	-69.998	
36	308.600	-69.998	
36	308.700	-69.998	
36	308.800	-69.998	
36	308.900	-69.998	
36	309.000	-69.998	
36	309.100	-69.998	
36	309.200	-69.998	
36	309.300	-69.998	
36	309.400	-69.998	
36	309.500	-69.998	
36	309.600	-69.998	
36	309.700	-69.998	
36	309.800	-69.998	
36	309.900	-69.998	
36	310.000	-69.998	
36	310.100	-69.998	
36	310.200	-69.998	
36	310.300	-69.998	
36	310.400	-69.998	
36	310.500	-69.998	
36	310.600	-69.998	
36	310.700	-69.998	
36	310.800	-69.998	
36	310.900	-69.998	
36	311.000	-69.998	
36	311.100	-69.998	
36	311.200	-69.998	
36	311.300	-69.998	
36	311.400	-69.998	
36	311.500	-69.998	
36	311.600	-69.998	
36	311.700	-69.998	
36	311.800	-69.998	
36	311.900	-69.998	
36	312.000	-69.998	
36	312.100	-69.998	
36	312.200	-69.998	
36	312.300	-69.998	
36	312.400	-69.998	
36	312.500	-69.998	
36	312.600	-69.998	
36	312.700	-69.998	
36	312.800	-69.998	
36	312.900	-69.998	
36	313.000	-69.998	
36	313.100	-69.998	
36	313.200	-69.998	
36	313.300	-69.998	
36	313.400	-69.998	
36	313.500	-69.998	
36	313.600	-69.998	
36	313.700	-69.998	
36	313.800	-69.998	
36	313.900	-69.998	
36	314.000	-69.998	
36	314.100	-69.998	
36	314.200	-69.998	
36	314.300	-69.998	
36	314.400	-69.998	
36	314.500	-69.998	
36	314.600	-69.998	
36	314.700	-69.998	
36	314.800	-69.998	
36	314.900	-69.998	
36	315.000	-69.998	
36	315.100	-69.998	
36	315.200	-69.998	
36	315.300	-69.998	
36	315.400	-69.998	
36	315.500	-69.998	
36	315.600	-69.998	
36	315.700	-69.998	
36	315.800	-69.998	
36	315.900	-69.998	
36	316.000	-69.998	
36	316.100	-69.998	
36	316.200	-69.998	
36	316.300	-69.998	
36	316.400	-69.998	
36	316.500	-69.998	
36	316.600	-69.998	
36	316.700	-69.998	
36	316.800	-69.998	
36	316.900	-69.998	
36	317.000	-69.998	
36	317.100	-69.998	
36	317.200	-69.998	
36	317.300	-69.998	
36	317.400	-69.998	
36	317.500	-69.998	
36	317.600	-69.998	
36	317.700	-69.998	
36	317.800	-69.998	
36	317.900	-69.998	
36	318.000	-69.998	
36	318.100	-69.998	
36	318.200	-69.998	
36	318.300	-69.998	
36	318.400	-69.998	
36	318.500	-69.998	
36	318.600	-69.998	
36	318.700	-69.998	
36	318.800	-69.998	
36	318.900	-69.998	
36	319.000	-69.998	
36	319.100	-69.998	
36	319.200	-69.998	
36	319.300	-69.998	
36	319.400	-69.998	
36	319.500	-69.998	
36	319.600	-69.998	
36	319.700	-69.998	
36	319.800	-69.998	
36	319.900	-69.998	
36	320.000	-69.998	
36	320.100	-69.998	
36	320.200	-69.998	
36	320.300	-69.998	
36	320.400	-69.998	
36	320.500	-69.998	
36	320.600	-69.998	
36	320.700	-69.998	
36	320.800	-69.998	
36	320.900	-69.998	
36	321.000	-69.998	
36	321.100	-69.998	
36	321.200	-69.998	
36	321.300	-69.998	
36	321.400	-69.998	
36	321.500	-69.998	
36	321.600	-69.998	
36	321.700	-69.998	
36	321.800	-69.998	
36	321.900	-69.998	
36	322.000	-69.998	
36	322.100	-69.998	
36	322.200	-69.998	
36	322.300	-69.998	
36	322.400	-69.998	
36	322.500	-69.998	
36	322.600	-69.998	
36	322.700	-69.998	
36	322.800	-69.998	
36	322.900	-69.998	
36	323.000	-69.998	
36	323.100	-69.998	
36	323.200	-69.998	
36	323.300	-69.998	
36	323.400	-69.998	
36	323.500	-69.998	
36	323.600	-69.998	
36	323.700	-69.998	
36	323.800	-69.998	
36	323.900	-69.998	
36	324.000	-69.998	
36	324.100	-69.998	
36	324.200	-69.998	
36	324.300	-69.998	
36	324.400	-69.998	
36	324.500	-69.998	
36	324.600	-69.998	
36	324.700	-69.998	
36	324.800	-69.998	
36	324.900	-69.998	
36	325.000	-69.998	
36	325.100	-69.998	
36	325.200	-69.998	
36	325.300	-69.998	
36	325.400	-69.998	
36	325.500	-69.998	
36	325.600	-69.998	
36	325.700	-69.998	
36	325.800	-69.998	
36	325.900	-69.998	
36	326.000	-69.998	
36	326.100	-69.998	
36	326.200	-69.998	
36	326.300	-69.998	
36	326.400	-69.998	
36	326.500	-69.998	
36	326.600	-69.998	
36	326.700	-69.998	
36	326.800	-69.998	
36	326.900	-69.998	
36	327.000	-69.998	
36	327.100	-69.998	
36	327.200	-69.998	
36	327.300	-69.998	
36	327.400	-69.998	
36	327.500	-69.998	
36	327.600	-69.998	
36	327.700	-69.998	
36	327.800	-69.998	
36	327.900	-69.998	
36	328.000	-69.998	
36	328.100	-69.998	
36	328.200	-69.998	
36	328.300	-69.998	
36	328.400	-69.998	
36	328.500	-69.998	
36	328.600	-69.998	
36	328.700	-69.998	
36	328.800	-69.998	
36	328.900	-69.998	
36	329.000	-69.998	
36	329.100	-69.998	
36	329.200	-69.998	
36	329.300	-69.998	
36	329.400	-69.998	
36	329.500	-69.998	
36	329.600	-69.998	
36	329.700	-69.998	
36	329.800	-69.998	
36	329.900	-69.998	
36	330.000	-69.998	
36	330.100	-69.998	
36	330.200	-69.998	
36	330.300	-69.998	
36	330.400	-69.998	
36	330.500	-69.998	
36	330.600	-69.998	
36	330.700	-69.998	
36	330.800	-69.998	
36	330.900	-69.998	
36	331.000	-69.998	
36	331.100	-69.998	
36	331.200	-69.998	
36	331.300	-69.998	
36	331.400	-69.998	
36	331.500	-69.998	
36	331.600	-69.998	
36	331.700	-69.998	
36	331.800	-69.998	
36	331.900	-69.998	
36	332.000	-69.998	
36	332.100	-69.998	
36	332.200	-69.998	
36	332.300	-69.998	
36	332.400	-69.998	
36	332.500	-69.998	
36	332.600	-69.998	
36	332.700	-69.998	
36	332.800	-69.998	
36	332.900	-69.998	
36	333.000	-69.998	
36	333.100	-69.998	
36	333.200	-69.998	
36	333.300	-69.998	
36	333.400	-69.998	
36	333.500	-69.998	
36	333.600	-69.998	
36	333.700	-69.998	
36	333.800	-69.998	
36	333.900	-69.998	
36	334.000	-69.998	
36	334.100	-69.998	
36	334.200	-69.998	
36	334.300	-69.998	
36	334.400	-69.998	
36	334.500	-69.998	
36	334.600	-69.998	
36	334.700	-69.998	
36	334.800	-69.998	
36	334.900	-69.998	
36	335.000	-69.998	
36	335.100	-69.998	
36	335.200	-69.998	
36	335.300	-69.998	
36	335.400	-69.998	
36	335.500	-69.998	
36	335.600	-69.998	
36	335.700	-69.998	
36	335.800	-69.998	
36	335.900	-69.998	
36	336.000	-69.998	
36	336.100	-69.998	
36	336.200	-69.998	
36	336.300	-69.998	
36	336.400	-69.998	
36	336.500	-69.998	
36	336.600	-69.998	
36	336.700	-69.998	
36	336.800	-69.998	
36	336.900	-69.998	
36	337.000	-69.998	
36	337.100	-69.998	
36	337.200	-69.998	
36	337.300	-69.998	
36	337.400	-69.998	
36	337.500	-69.998	
36	337.600	-69.998	
36	337.700	-69.998	
36	337.800	-69.998	
36	337.900	-69.998	
36	338.000	-69.998	
36	338.100	-69.998	
36	338.200	-69.998	
36	338.300	-69.998	
36	338.400	-69.998	
36	338.500	-69.998	
36	338.600	-69.998	
36	338.700	-69.998	
36	338.800	-69.998	
36	338.900	-69.998	
36	339.000	-69.998	
36	339.100	-69.998	
36	339.200	-69.998	
36	339.300	-69.998	
36	339.400	-69.998	
36	339.500	-69.998	
36	339.600	-69.998	
36	339.700	-69.998	
36	339.800	-69.998	
36	339.900	-69.998	
36	340.000	-69.998	
36	340.100	-69.998	
36	340.200	-69.998	
36	340.300	-69.998	
36	340.400	-69.998	
36	340.500	-69.998	
36	340.600	-69.998	
36	340.700	-69.998	
36	340.800	-69.998	
36	340.900	-69.998	
36	341.000	-69.998	
36	341.100	-69.998	
36	341.200	-69.998	
36	341.300	-69.998	
36	341.400	-69.998	
36	341.500	-69.998	
36	341.600	-69.998	
36	341.700	-69.998	
36	341.800	-69.998	
36	341.900	-69.998	
36	342.000	-69.998	
36	342.100	-69.998	
36	342.200	-69.998	
36	342.300	-69.998	
36	342.400	-69.998	
36	342.500	-69.998	
36	342.600	-69.998	
36	342.700	-69.998	
36	342.800	-69.998	
36	342.900	-69.998	
36	343.000	-69.998	
36	343.100	-69.998	
36	343.200	-69.998	
36	343.300	-69.998	
36	343.400	-69.998	
36	343.500	-69.998	
36	343.600	-69.998	
36	343.700	-69.998	
36	343.800	-69.998	
36	343.900	-69.998	
36	344.000	-69.998	
36	344.100	-69.998	
36	344.200	-69.998	
36	344.300	-69.998	
36	344.400	-69.998	
36	344.500	-69.998	
36	344.600	-69.998	
36	344.700	-69.998	
36	344.800	-69.998	
36	344.900	-69.998	
36	345.000	-69.998	
36	345.100	-69.998	
36	345.200	-69.998	
36	345.300	-69.998	
36	345.400	-69.998	
36	345.500	-69.998	
36	345.600	-69.998	
36	345.700	-69.998	
36	345.800	-69.998	
36	345.900	-69.998	
36	346.000	-69.998	
36	346.100	-69.998	
36	346.200	-69.998	
36	346.300	-69.998	
36	346.400	-69.998	
36	346.500	-69.998	
36	346.600	-69.998	
36	346.700	-69.998	
36	346.800	-69.998	
36	346.900	-69.998	
36	347.000	-69.998	
36	347.100	-69.998	
36	347.200	-69.998	
36	347.300	-69.998	
36	347.400	-69.998	
36	347.500	-69.998	
36	347.600	-69.998	
36	347.700	-69.998	
36	347.800	-69.998	
36	347.900	-69.998	
36	348.000	-69.998	
36	348.100	-69.998	
36	348.200	-69.998	
36	348.300	-69.998	
36	348.400	-69.998	
36	348.500	-69.998	
36	348.600	-69.998	
36	348.700	-69.998	
36	348.800	-69.998	
36	348.900	-69.998	
36	349.000	-69.998	
36	349.100	-69.998	
36	349.200	-69.998	
36	349.300	-69.998	
36	349.400	-69.998	
36	349.500	-69.998	
36	349.600	-69.998	
36	349.700	-69.998	
36	349.800	-69.998	
36	349.900	-69.998	
36	350.000	-69.998	
36	350.100	-69.998	
36	350.200	-69.998	
36	350.300	-69.998	
36	350.400	-69.998	
36	350.500	-69.998	
36	350.600	-69.998	
36	350.700	-69.998	
36	350.800	-69.998	
36	350.900	-69.998	
36	351.000	-69.998	
36	351.100	-69.998	
36	351.200	-69.998	
36	351.300	-69.998	
36	351.400	-69.998	
36	351.500	-69.998	
36	351.600	-69.998	
36	351.700	-69.998	
36	351.800	-69.998	
36	351.900	-69.998	
36	352.000	-69.998	
36	352.100	-69.998	
36	352.200	-69.998	
36	352.300	-69.998	
36	352.400	-69.998	
36	352.500	-69.998	
36	352.600	-69.998	
36	352.700	-69.998	
36	352.800	-69.998	
36	352.900	-69.998	
36	353.000	-69.998	
36	353.100	-69.998	
36	353.200	-69.998	
36	353.300	-69.998	
36	353.400	-69.998	
36	353.500	-69.998	
36	353.600	-69.998	
36	353.700	-69.998	
36	353.800	-69.998	
36	353.900	-69.998	
36	354.000	-69.998	
36	354.100	-69.998	
36	354.200	-69.998	
36	354.300	-69.998	
36	354.400	-69.998	
36	354.500	-69.998	
36	354.600	-69.998	
36	354.700	-69.998	
36	354.800	-69.998	
36	354.900	-69.998	
36	355.000	-69.998	
36	355.100	-69.998	
36	355.200	-69.998	
36	355.300	-69.998	
36	355.400	-69.998	
36	355.500	-69.998	
36	355.600	-69.998	
36	355.700	-69.998	
36	355.800	-69.998	
36	355.900	-69.998	
36	356.000	-69.998	
36	356.100	-69.998	
36	356.200	-69.998	
36	356.300	-69.998	
36	356.400	-69.998	
36	356.500	-69.998	
36	356.600	-69.998	
36	356.700	-69.998	
36	356.800	-69.998	
36	356.900	-69.998	
36	357.000	-69.998	
36	357.100	-69.998	
36	357.200	-69.998	
36	357.300	-69.998	
36	357.400	-69.998	
36	357.500	-69.998	
36	357.600	-69.998	
36	357.700	-69.998	
36	357.800	-69.998	
36	357.900	-69.998	
36	358.000	-69.998	
36	358.100	-69.998	
36	358.200	-69.998	
36	358.300	-69.998	
36	358.400	-69.998	
36	358.500	-69.998	
36	358.600	-69.998	
36	358.700	-69.998	
36	358.800	-69.998	
36	358.900	-69.998	
36	359.000	-69.998	
36	359.100	-69.998	
36	359.200	-69.998	
36	359.300	-69.998	
36	359.400	-69.998	
36	359.500	-69.998	
36	359.600	-69.998	
36	359.700	-69.998	
36	359.800	-69.998	
36	359.900	-69.998	
36	360.000	-69.998	
36	360.100	-69.998	
36	360.200	-69.998	
36	360.300	-69.998	
36	360.400	-69.998	
36	360.500	-69.998	
36	360.600	-69.998	
36	360.700	-69.998	
36	360.800	-69.998	
36	360.900	-69.998	
36	361.000	-69.998	
36	361.100	-69.998	
36	361.200	-69.998	
36	361.300	-69.998	
36	361.400	-69.998	
36	361.500	-69.998	
36	361.600	-69.998	
36	361.700	-69.998	
36	361.800	-69.998	
36	361.900	-69.998	
36	362.000	-69.998	
36	362.100	-69.998	
36	362.200	-69.998	
36	362.300	-69.998	
36	362.400	-69.998	
36	362.500	-69.998	
36	362.600	-69.998	
36	362.700	-69.998	
36	362.800	-69.998	
36	362.900	-69.998	
36	363.000	-69.998	
36	363.100	-69.998	
36	363.200	-69.998	
36	363.300	-69.998	
36	363.400	-69.998	
36	363.500	-69.998	
36	363.600	-69.998	
36	363.700	-69.998	
36	363.800	-69.998	
36	363.900	-69.998	
36	364.000	-69.998	
36	364.100	-69.998	
36	364.200	-69.998	
36	364.300	-69.998	
36	364.400	-69.998	
36	364.500	-69.998	
36	364.600	-69.998	
36	364.700	-69.998	
36	364.800	-69.998	
36	364.900	-69.998	
36	365.000	-69.998	
36	365.100	-69.998	
36	365.200	-69.998	
36	365.300	-69.998	
36	365.400	-69.998	
36	365.500	-69.998	
36	365.600	-69.998	
36	365.700	-69.998	
36	365.800	-69.998	
36	365.900	-69.998	
36	366.000	-69.998	
36	366.100	-69.998	
36	366.200	-69.998	
36	366.300	-69.998	
36	366.400	-69.998	
36	366.500	-69.998	
36	366.600	-69.998	
36	366.700	-69.998	
36	366.800	-69.998	
36	366.900	-69.998	
36	367.000	-69.998	
36	367.100	-69.998	
36	367.200	-69.998	
36	367.300	-69.998	
36	367.400	-69.998	
36	367.500	-69.998	
36	367.600	-69.998	
36	367.700	-69.998	
36	367.800	-69.998	
36	367.900	-69.998	
36	368.000	-69.998	
36	368.100	-69.998	
36	368.200	-69.998	
36	368.300	-69.998	
36	368.400	-69.998	
36	368.500	-69.998	
36	368.600	-69.998	
36	368.700	-69.998	
36	368.800	-69.998	
36	368.900	-69.998	
36	369.000	-69.998	
36	369.100	-69.998	
36	369.200	-69.998	
36	369.300	-69.998	
36	369.400	-69.998	
36	369.500	-69.998	
36	369.600	-69.998	
36	369.700	-69.998	
36	369.800	-69.998	
36	369.900	-69.998	
36	370.000	-69.998	
36	370.100	-69.998	
36	370.200	-69.998	
36	370.300	-69.998	
36	370.400	-69.998	
36	370.500	-69.998	
36	370.600	-69.998	
36	370.700	-69.998	
36	370.800	-69.998	
36	370.900	-69.998	
36	371.000	-69.998	
36	371.100	-69.998	
36	371.200	-69.998	
36	371.300	-69.998	
36	371.400	-69.998	
36	371.500	-69.998	
36	371.600	-69.998	
36	371.700	-69.998	
36	371.800	-69.998	
36	371.900	-69.998	
36	372.000	-69.998	
36	372.100	-69.998	
36	372.200	-69.998	
36	372.300	-69.998	
36	372.400	-69.998	
36	372.500	-69.998	
36	372.600	-69.998	
36	372.700	-69.998	
36	372.800	-69.998	
36	372.900	-69.998	
36	373.000	-69.998	
36	373.100	-69.998	
36	373.200	-69.998	
36	373.300	-69.998	
36	373.400	-69.998	
36	373.500	-69.998	
36	373.600	-69.998	
36	373.700	-69.998	
36	373.800	-69.998	
36	373.900	-69.998	
36	374.000	-69.998	
36	374.100	-69.998	
36	374.200	-69.998	
36	374.300	-69.998	
36	374.400	-69.998	
36	374.500	-69.998	
36	374.600	-69.998	
36	374.700	-69.998	
36	374.800	-69.998	
36	374.900	-69.998	
36	375.000	-69.998	
36	375.100	-69.998	
36	375.200	-69.998	
36	375.300	-69.998	
36	375.400	-69.998	
36	375.500	-69.998	
36	375.600	-69.998	
36	375.700	-69.998	
36	375.800	-69.998	
36	375.900	-69.998	
36	376.000	-69.998	
36	376.100	-69.998	
36	376.200	-69.998	
36	376.300	-69.998	
36	376.400	-69.998	
36	376.500	-69.998	
36	376.600	-69.998	
36	376.700	-69.998	
36	376.800	-69.998	
36	376.900	-69.998	
36	377.000	-69.998	
36	377.100	-69.998	
36	377.200	-69.998	
36	377.300	-69.998	
36	377.400	-69.998	
36	377.500	-69.998	
36	377.600	-69.998	
36	377.700	-69.998	
36	377.800	-69.998	
36	377.900	-69.998	
36	378.000	-69.998	
36	378.100	-69.998	
36	378.200	-69.998	
36	378.300	-69.998	
36	378.400	-69.998	
36	378.500	-69.998	
36	378.600	-69.998	
36	378.700	-69.998	
36	378.800	-69.998	
36	378.900	-69.998	
36	379.000	-69.998	
36	379.100	-69.998	
36	379.200	-69.998	
36	379.300	-69.998	
36	379.400	-69.998	
36	379.500	-69.998	
36	379.600	-69.998	
36	379.700	-69.998	
36	379.800	-69.998	
36	379.900	-69.998	
36	380.000	-69.998	
36	380.100	-69.998	
36	380.200	-69.998	
36	380.300	-69.998	
36	380.400	-69.998	
36	380.500	-69.998	
36	380.600	-69.998	
36	380.700	-69.998	
36	380.800	-69.998	
36	380.900	-69.998	
36	381.000	-69.998	
36	381.100	-69.998	
36	381.200	-69.998	
36	381.300	-69.998	
36	381.400	-69.998	
36	381.500	-69.998	
36	381.600	-69.998	
36	381.700	-69.998	
36	381.800	-69.998	
36	381.900	-69.998	
36	382.000	-69.998	
36	382.100	-69.998	
36	382.200	-69.998	
36	382.300	-69.998	
36	382.400	-69.998	
36	382.500	-69.998	
36	382.600	-69.998	
36	382.700	-69.998	
36	382.800	-69.998	
36	382.900	-69.998	
36	383.000	-69.998	
36	383.100	-69.998	
36	383.200	-69.998	
36	383.300	-69.998	
36	383.400	-69.998	
36	383.500	-69.998	
36	383.600	-69.998	
36	383.700	-69.998	
36	383.800	-69.998	
36	383.900	-69.998	
36	384.000	-69.998	
36	384.100	-69.998	
36	384.200	-69.998	
36	384.300	-69.998	
36	384.400	-69.998	
36	384.500	-69.998	
36	384.600	-69.998	
36	384.700	-69.998	
36	384.800	-69.998	
36	384.900	-69.998	
36	385.000	-69.998	
36	385.100	-69.998	
36	385.200	-69.998	
36	385.300	-69.998	
36	385.400	-69.998	
36	385.500	-69.998	
36	385.600	-69.998	
36	385.700	-69.998	
36	385.800	-69.998	
36	385.900	-69.998	
36	386.000	-69.998	
36	386.100	-69.998	
36	386.200	-69.998	
36	386.300	-69.998	
36	386.400	-69.998	
36	386.500	-69.998	
36	386.600	-69.998	
36	386.700	-69.998	
36	386.800	-69.998	
36	386.900	-69.998	
36	387.000	-69.998	
36	387.100	-69.998	
36	387.200	-69.998	
36	387.300	-69.998	
36	387.400	-69.998	
36	387.500	-69.998	
36	387.600	-69.998	
36	387.700	-69.998	
36	387.800	-69.998	
36	387.900	-69.998	
36	388.000	-69.998	
36	388.100	-69.998	
36	388.200	-69.998	
36	388.300	-69.998	
36	388.400	-69.998	
36	388.500	-69.998	
36	388.600	-69.998	
36	388.700	-69.998	
36	388.800	-69.998	
36	388.900	-69.998	
36	389.000	-69.998	
36	389.100	-69.998	
36	389.200	-69.998	
36	389.300	-69.998	
36	389.400	-69.998	
36	389.500	-69.998	
36	389.600	-69.998	
36	389.700	-69.998	
36	389.800	-69.998	
36	389.900	-69.998	
36	390.000	-69.998	
36	390.100	-69.998	
36	390.200	-69.998	
36	390.300	-69.998	
36	390.400	-69.998	
36	390.500	-69.998	
36	390.600	-69.998	
36	390.700	-69.998	
36	390.800	-69.998	
36	390.900	-69.998	
36	391.000	-69.998	
36	391.100	-69.998	
36	391.200	-69.998	
36	391.300	-69.998	
36	391.400	-69.998	
36	391.500	-69.998	
36	391.600	-69.998	
36	391.700	-69.998	
36	391.800	-69.998	
36	391.900	-69.998	
36	392.000	-69.998	
36	392.100	-69.998	
36	392.200	-69.998	
36	392.300	-69.998	
36	392.400	-69.998	
36	392.500	-69.998	
36	392.600	-69.998	
36	392.700	-69.998	
36	392.800	-69.998	
36	392.900	-69.998	
36	393.000	-69.998	
36	393.100	-69.998	
36	393.200	-69.998	
36	393.300	-69.998	
36	393.400	-69.998	
36	393.500	-69.998	
36	393.600	-69.998	
36	393.700	-69.998	
36	393.800	-69.998	
36	393.900	-69.998	
36	394.000	-69.998	
36	394.100	-69.998	
36	394.200	-69.998	
36	394.300	-69.998	
36	394.400	-69.998	
36	394.500	-69.998	
36	394.600	-69.998	
36	394.700	-69.998	
36	394.800	-69.998	
36	394.900	-69.998	
36	395.000	-69.998	
36	395.100	-69.998	
36	395.200	-69.998	
36	395.300	-69.998	
36	395.400	-69.998	
36	395.500	-69.998	
36	395.600	-69.998	
36	395.700	-69.998	
36	395.800	-69.998	
36	395.900	-69.998	
36	396.000	-69.998	
36	396.100	-69.998	
36	396.200	-69.998	
36	396.300	-69.998	
36	396.400	-69.998	
36	396.500	-69.998	
36	396.600	-69.998	
36	396.700	-69.998	
36	396.800	-69.998	
36	396.900	-69.998	
36	397.000	-69.998	
36	397.100	-69.998	
36	397.200	-69.998	
36	397.300	-69.998	
36	397.400	-69.998	
36	397.500	-69.998	
36	397.600	-69.998	
36	397.700	-69.998	
36	397.800	-69.998	
36	397.900	-69.998	
36	398.000	-69.998	
36	398.100	-69.998	
36	398.200	-69.998	
36	398.300	-69.998	
36	398.400	-69.998	
36	398.500	-69.998	
36	398.600	-69.998	
36	398.700	-69.998	
36	398.800	-69.998	
36	398.900	-69.998	
36	399.000	-69.998	
36	399.100	-69.998	
36	399.200	-69.998	
36	399.300	-69.998	
36	399.400	-69.998	
36	399.500	-69.998	
36	399.600	-69.998	
36	399.700	-69.998	
36	399.800	-69.998	
36	399.900	-69.998	
36	400.000	-69.998	
36	400.100	-69.998	
36	400.200	-69.998	
36	400.300	-69.998	
36	400.400	-69.998	
36	400.500	-69.998	
36	400.600	-69.998	
36	400.700	-69.998	
36	400.800	-69.998	
36	400.900	-69.998	
36	401.000	-69.998	
36	401.100	-69.998	
36	401.200	-69.998	
36	401.300	-69.998	
36	401.400	-69.998	
36	401.500	-69.998	
36	401.600	-69.998	
36	401.700	-69.998	
36	401.800	-69.998	
36	401.900	-69.998	
36	402.000	-69.998	
36	402.100	-69.998	
36	402.200	-69.998	
36	402.300	-69.998	
36	402.400	-69.998	
36	402.500	-69.998	
36	402.600	-69.998	
36	402.700	-69.998	
36	402.800	-69.998	
36	402.900	-69.998	
36	403.000	-69.998	
36	403.100	-69.998	
36	403.200	-69.998	
36	403.300	-69.998	
36	403.400	-69.998	
36	403.500	-69.998	
36	403.600	-69.998	
36	403.700	-69.998	
36	403.800	-69.998	
36	403.900	-69.998	
36	404.000	-69.998	
36	404.100	-69.998	
36	404.200	-69.998	
36	404.300	-69.998	
36	404.400	-69.998	
36	404.500	-69.998	
36	404.600	-69.998	
36	404.700	-69.998	
36	404.800	-69.998	
36	404.900	-69.998	
36	405.000	-69.998	
36	405.100	-69.998	
36	405.200	-69.998	
36	405.300	-69.998	
36	405.400	-69.998	
36	405.500	-69.998	
36	405.600	-69.998	
36	405.700	-69.998	
36	405.800	-69.998	
36	405.900	-69.998	
36	406.000	-69.998	
36	406.100	-69.998	
36	406.200	-69.998	
36	406.300	-69.998	
36	406.400	-69.998	
36	406.500	-69.998	
36	406.600	-69.998	
36	406.700	-69.998	
36	406.800	-69.998	
36	406.900	-69.998	
36	407.000	-69.998	
36	407.100	-69.998	
36	407.200	-69.998	
36	407.300	-69.998	
36	407.400	-69.998	
36	407.500	-69.998	
36	407.600	-69.998	
36	407.700	-69.998	
36	407.800	-69.998	
36	407.900	-69.998	
36	408.000	-69.998	
36	408.100	-69.998	
36	408.200	-69.998	
36	408.300	-69.998	
36	408.400	-69.998	
36	408.500	-69.998	
36	408.600	-69.998	
36	408.700	-69.998	
36	408.800	-69.998	
36	408.900	-69.998	
36	409.000	-69.998	
36	409.100	-69.998	
36	409.200	-69.998	
36	409.300	-69.998	
36	409.400	-69.998	
36	409.500	-69.998	
36	409.600	-69.998	
36	409.700	-69.998	
36	409.800	-69.998	
36	409.900	-69.998	
36	410.000	-69.998	
36	410.100	-69.998	
36	410.200	-69.998	
36	410.300	-69.998	
36	410.400	-69.998	
36	410.500	-69.998	
36	410.600	-69.998	
36	410.700	-69.998	
36	410.800	-69.998	
36	410.900	-69.998	
36	411.000	-69.998	
36	411.100	-69.998	
36	411.200	-69.998	
36	411.300	-69.998	
36	411.400	-69.998	
36	411.500	-69.998	
36	411.600	-69.998	
36	411.700	-69.998	
36	411.800	-69.998	
36	411.900	-69.998	
36	412.000	-69.998	
36	412.100	-69.998	
36	412.200	-69.998	
36	412.300	-69.998	
36	412.400	-69.998	
36	412.500	-69.998	
36	412.600	-69.998	
36	412.700	-69.998	
36	412.800	-69.998	
36	412.900	-69.998	
36	413.000	-69.998	
36	413.100	-69.998	
36	413.200	-69.998	
36	413.300	-69.998	
36	413.400	-69.998	
36	413.500	-69.998	
36	413.600	-69.998	
36	413.700	-69.998	
36	413.800	-69.998	
36	413.900	-69.998	
36	414.000	-69.998	
36	414.100	-69.998	
36	414.200	-69.998	
36	414.300	-69.998	
36	414.400	-69.998	
36	414.500	-69.998	
36	414.600	-69.998	
36	414.700	-69.998	
36	414.800	-69.998	
36	414.900	-69.998	
36	415.000	-69.998	
36	415.100	-69.998	
36	415.200	-69.998	
36	415.300	-69.998	
36	415.400	-69.998	
36	415.500	-69.998	
36	415.600	-69.998	
36	415.700	-69.998	
36	415.800	-69.998	
36	415.900	-69.998	
36	416.000	-69.998	
36	416.100	-69.998	
36	416.200	-69.998	
36	416.300	-69.998	
36	416.400	-69.998	
36	416.500	-69.998	
36	416.600	-69.998	
36	416.700	-69.998	
36	416.800	-69.998	
36	416.900	-69.998	
36	417.000	-69.998	
36	417.100	-69.998	
36	417.200	-69.998	
36	417.300	-69.998	
36	417.400	-69.998	
36	417.500	-69.998	
36	417.600	-69.998	
36	417.700	-69.998	
36	417.800	-69.998	
36	417.900	-69.998	
36	418.000	-69.998	
36	418.100	-69.998	
36	418.200	-69.998	
36	418.300	-69.998	
36	418.400	-69.998	
36	418.500	-69.998	
36	418.600	-69.998	
36	418.700	-69.998	
36	418.800	-69.998	
36	418.900	-69.998	
36	419.000	-69.998	
36	419.100	-69.998	
36	419.200	-69.998	
36	419.300	-69.998	
36	419.400	-69.998	
36	419.500	-69.998	
36	419.600	-69.998	
36	419.700	-69.998	
36	419.800	-69.998	
36	419.900	-69.998	
36	420.000	-69.998	
36	420.100	-69.998	
36	420.200	-69.998	
36	420.300	-69.998	
36	420.400	-69.998	
36	420.500	-69.998	
36	420.600	-69.998	
36	420.700	-69.998	
36	420.800	-69.998	
36	420.900	-69.998	
36	421.000	-69.998	
36	421.100	-69.998	
36	421.200	-69.998	
36	421.300	-69.998	
36	421.400	-69.998	
36	421.500	-69.998	
36	421.600	-69.998	
36	421.700	-69.998	
36	421.800	-69.998	
36	421.900	-69.998	
36	422.000	-69.998	
36	422.100	-69.998	
36	422.200	-69.998	
36	422.300	-69.998	
36	422.400	-69.998	
36	422.500	-69.998	
36	422.600	-69.998	
36	422.700	-69.998	
36	422.800	-69.998	
36	422.900	-69.998	
36	423.000	-69.998	
36	423.100	-69.998	
36	423.200	-69.998	
36	423.300	-69.998	
36	423.400	-69.998	
36	423.500	-69.998	
36	423.600	-69.998	
36	423.700	-69.998	
36	423.800	-69.998	
36	423.900	-69.998	
36	424.000	-69.998	
36	424.100	-69.998	
36	424.200	-69.998	
36	424.300	-69.998	
36	424.400	-69.998	
36	424.500	-69.998	
36	424.600	-69.998	
36	424.700	-69.998	
36	424.800	-69.998	
36	424.900	-69.998	
36	425.000	-69.998	
36	425.100	-69.998	
36	425.200	-69.998	
36	425.300	-69.998	
36	425.400	-69.998	
36	425.500	-69.998	
36	425.600	-69.998	
36	425.700	-69.998	
36	425.800	-69.998	
36	425.900	-69.998	
36	426.000	-69.998	
36	426.100	-69.998	
36	426.200	-69.998	
36	426.300	-69.998	
36	426.400	-69.998	
36	426.500	-69.998	
36	426.600	-69.998	
36	426.700	-69.998	
36	426.800	-69.998	
36	426.900	-69.998	
36	427.000	-69.998	
36	427.100	-69.998	
36	427.200	-69.998	
36	427.300	-69.998	
36	427.400	-69.998	
36	427.500	-69.998	
36	427.600	-69.998	
36	427.700	-69.998	
36	427.800	-69.998	
36	427.900	-69.998	
36	428.000	-69.998	
36	428.100	-69.998	
36	428.200	-69.998	
36	428.300	-69.998	
36	428.400	-69.998	
36	428.500	-69.998	
36	428.600	-69.998	
36	428.700	-69.998	
36	428.800	-69.998	
36	428.900	-69.998	
36	429.000	-69.998	
36	429.100	-69.998	
36	429.200	-69.998	
36	429.300	-69.998	
36	429.400	-69.998	
36	429.500	-69.998	
36	429.600	-69.998	
36	429.700	-69.998	
36	429.800	-69.998	
36	429.900	-69.998	
36	430.000	-69.998	
36	430.100	-69.998	
36	430.200	-69.998	
36	430.300	-69.998	
36	430.400	-69.998	
36	430.500	-69.998	
36	430.600	-69.998	
36	430.700	-69.998	
36	430.800	-69.998	
36	430.900	-69.998	
36	431.000	-69.998	
36	431.100	-69.998	
36	431.200	-69.998	
36	431.300	-69.998	
36	431.400	-69.998	
36	431.500	-69.998	
36	431.600	-69.998	
36	431.700	-69.998	
36	431.800	-69.998	
36	431.900	-69.998	
36	432.000	-69.998	
36	432.100	-69.998	
36	432.200	-69.998	
36	432.300	-69.998	
36	432.400	-69.998	
36	432.500	-69.998	
36	432.600	-69.998	
36	432.700	-69.998	
36	432.800	-69.998	
36	432.900	-69.998	
36	433.000	-69.998	
36	433.100	-69.998	
36	433.200	-69.998	
36	433.300	-69.998	
36	433.400	-69.998	
36	433.500	-69.998	
36	433.600	-69.998	
36	433.700	-69.998	
36	433.800	-69.998	
36	433.900	-69.998	
36	434.000	-69.998	
36	434.100	-69.998	
36	434.200	-69.998	
36	434.300	-69.998	
36	434.400	-69.998	
36	434.500	-69.998	
36	434.600	-69.998	
36	434.700	-69.998	
36	434.800	-69.998	
36	434.900	-69.998	
36	435.000	-69.998	
36	435.100	-69.998	
36	435.200	-69.998	
36	435.300	-69.998	
36	435.400	-69.998	
36	435.500	-69.998	
36	435.600	-69.998	
36	435.700	-69.998	
36	435.800	-69.998	
36	435.900	-69.998	
36	436.000	-69.998	
36	436.100	-69.998	
36	436.200	-69.998	
36	436.300	-69.998	
36	436.400	-69.998	
36	436.500	-69.998	
36	436.600	-69.998	
36	436.700	-69.998	
36	436.800	-69.998	
36	436.900	-69.998	
36	437.000	-69.998	
36	437.100	-69.998	
36	437.200	-69.998	
36	437.300	-69.998	
36	437.400	-69.998	
36	437.500	-69.998	
36	437.600	-69.998	
36	437.700	-69.998	
36	437.800	-69.998	
36	437.900	-69.998	
36	438.000	-69.998	
36	438.100	-69.998	
36	438.200	-69.998	
36	438.300	-69.998	
36	438.400	-69.998	
36	438.500	-69.998	
36	438.600	-69.998	
36	438.700	-69.998	
36	438.800	-69.998	
36	438.900	-69.998	
36	439.000	-69.998	
36	439.100	-69.998	
36	439.200	-69.998	
36	439.300	-69.998	
36	439.400	-69.998	
36	439.500	-69.998	
36	439.600	-69.998	
36	439.700	-69.998	
36	439.800	-69.998	
36	439.900	-69.998	
36	440.000	-69.998	
36	440.100	-69.998	
36	440.200	-69.998	
36	440.300	-69.998	
36	440.400	-69.998	
36	440.500	-69.998	
36	440.600	-69.998	
36	440.700	-69.998	
36	440.800	-69.998	
36	440.900	-69.998	
36	441.000	-69.998	
36	441.100	-69.998	
36	441.200	-69.998	
36	441.300	-69.998	
36	441.400	-69.998	
36	441.500	-69.998	
36	441.600	-69.998	
36	441.700	-69.998	
36	441.800	-69.998	
36	441.900	-69.998	
36	442.000	-69.998	
36	442.100	-69.998	
36	442.200	-69.998	
36	442.300	-69.998	
36	442.400	-69.998	
36	442.500	-69.998	
36	442.600	-69.998	
36	442.700	-69.998	
36	442.800	-69.998	
36	442.900	-69.998	
36	443.000	-69.998	
36	443.100	-69.998	
36	443.200	-69.998	
36	443.300	-69.998	
36	443.400	-69.998	
36	443.500	-69.998	
36	443.600	-69.998	
36	443.700	-69.998	
36	443.800	-69.998	
36	443.900	-69.998	
36	444.000	-69.998	
36	444.100	-69.998	
36	444.200	-69.998	
36	444.300	-69.998	
36	444.400	-69.998	
36	444.500	-69.998	
36	444.600	-69.998	
36	444.700	-69.998	
36	444.800	-69.998	
36	444.900	-69.998	
36	445.000	-69.998	
36	445.100	-69.998	
36	445.200	-69.998	
36	445.300	-69.998	
36	445.400	-69.998	
36	445.500	-69.998	
36	445.600	-69.998	
36	445.700	-69.998	
36	445.800	-69.998	
36	445.900	-69.998	
36	446.000	-69.998	
36	446.100	-69.998	
36	446.200	-69.998	
36	446.300	-69.998	
36	446.400	-69.998	
36	446.500	-69.998	
36	446.600	-69.998	
36	446.700	-69.998	
36	446.800	-69.998	
36	446.900	-69.998	
36	447.000	-69.998	
36	447.100	-69.998	
36	447.200	-69.998	
36	447.300	-69.998	
36	447.400	-69.998	
36	447.500	-69.998	
36	447.600	-69.998	
36	447.700	-69.998	
36	447.800	-69.998	
36	447.900	-69.998	
36	448.000	-69.998	
36	448.100	-69.998	
36	448.200	-69.998	
36	448.300	-69.998	
36	448.400	-69.998	
36	448.500	-69.998	
36	448.600	-69.998	
36	448.700	-69.998	
36	448.800	-69.998	
36	448.900	-69.998	
36	449.000	-69.998	
