32	0.100	-70.000	
32	0.200	-70.000	
32	0.300	-70.000	
32	0.400	-70.000	
32	0.500	-70.000	
32	0.600	-70.000	
32	0.700	-70.000	
32	0.800	-70.000	
32	0.900	-70.000	
32	1.000	-70.000	
32	1.100	-70.000	
32	1.200	-70.000	
32	1.300	-70.000	
32	1.400	-70.000	
32	1.500	-70.000	
32	1.600	-70.000	
32	1.700	-70.000	
32	1.800	-69.999	
32	1.900	-69.999	
32	2.000	-69.999	
32	2.100	-69.999	
32	2.200	-69.999	
32	2.300	-69.999	
32	2.400	-69.999	
32	2.500	-69.999	
32	2.600	-69.999	
32	2.700	-69.999	
32	2.800	-69.999	
32	2.900	-69.999	
32	3.000	-69.999	
32	3.100	-69.999	
32	3.200	-69.999	
32	3.300	-69.999	
32	3.400	-69.999	
32	3.500	-69.999	
32	3.600	-69.999	
32	3.700	-69.999	
32	3.800	-69.999	
32	3.900	-69.999	
32	4.000	-69.999	
32	4.100	-69.999	
32	4.200	-69.999	
32	4.300	-69.999	
32	4.400	-69.999	
32	4.500	-69.999	
32	4.600	-69.999	
32	4.700	-69.999	
32	4.800	-69.999	
32	4.900	-69.999	
32	5.000	-69.999	
32	5.100	-69.999	
32	5.200	-69.999	
32	5.300	-69.999	
32	5.400	-69.999	
32	5.500	-69.999	
32	5.600	-69.999	
32	5.700	-69.999	
32	5.800	-69.999	
32	5.900	-69.999	
32	6.000	-69.999	
32	6.100	-69.999	
32	6.200	-69.999	
32	6.300	-69.999	
32	6.400	-69.999	
32	6.500	-69.999	
32	6.600	-69.999	
32	6.700	-69.999	
32	6.800	-69.999	
32	6.900	-69.999	
32	7.000	-69.999	
32	7.100	-69.999	
32	7.200	-69.999	
32	7.300	-69.999	
32	7.400	-69.999	
32	7.500	-69.999	
32	7.600	-69.999	
32	7.700	-69.999	
32	7.800	-69.999	
32	7.900	-69.999	
32	8.000	-69.999	
32	8.100	-69.999	
32	8.200	-69.999	
32	8.300	-69.999	
32	8.400	-69.999	
32	8.500	-69.999	
32	8.600	-69.999	
32	8.700	-69.999	
32	8.800	-69.999	
32	8.900	-69.999	
32	9.000	-69.999	
32	9.100	-69.999	
32	9.200	-69.999	
32	9.300	-69.999	
32	9.400	-69.999	
32	9.500	-69.999	
32	9.600	-69.999	
32	9.700	-69.999	
32	9.800	-69.999	
32	9.900	-69.998	
32	10.000	-69.998	
32	10.100	-69.998	
32	10.200	-69.998	
32	10.300	-69.998	
32	10.400	-69.998	
32	10.500	-69.998	
32	10.600	-69.998	
32	10.700	-69.998	
32	10.800	-69.998	
32	10.900	-69.998	
32	11.000	-69.998	
32	11.100	-69.998	
32	11.200	-69.998	
32	11.300	-69.998	
32	11.400	-69.998	
32	11.500	-69.998	
32	11.600	-69.998	
32	11.700	-69.998	
32	11.800	-69.998	
32	11.900	-69.998	
32	12.000	-69.998	
32	12.100	-69.998	
32	12.200	-69.998	
32	12.300	-69.998	
32	12.400	-69.998	
32	12.500	-69.998	
32	12.600	-69.998	
32	12.700	-69.998	
32	12.800	-69.998	
32	12.900	-69.998	
32	13.000	-69.998	
32	13.100	-69.998	
32	13.200	-69.998	
32	13.300	-69.998	
32	13.400	-69.998	
32	13.500	-69.998	
32	13.600	-69.998	
32	13.700	-69.998	
32	13.800	-69.998	
32	13.900	-69.998	
32	14.000	-69.998	
32	14.100	-69.998	
32	14.200	-69.998	
32	14.300	-69.998	
32	14.400	-69.998	
32	14.500	-69.998	
32	14.600	-69.998	
32	14.700	-69.998	
32	14.800	-69.998	
32	14.900	-69.998	
32	15.000	-69.998	
32	15.100	-69.998	
32	15.200	-69.998	
32	15.300	-69.998	
32	15.400	-69.998	
32	15.500	-69.998	
32	15.600	-69.998	
32	15.700	-69.998	
32	15.800	-69.998	
32	15.900	-69.998	
32	16.000	-69.998	
32	16.100	-69.998	
32	16.200	-69.998	
32	16.300	-69.998	
32	16.400	-69.998	
32	16.500	-69.998	
32	16.600	-69.998	
32	16.700	-69.998	
32	16.800	-69.998	
32	16.900	-69.998	
32	17.000	-69.998	
32	17.100	-69.998	
32	17.200	-69.998	
32	17.300	-69.998	
32	17.400	-69.998	
32	17.500	-69.998	
32	17.600	-69.998	
32	17.700	-69.998	
32	17.800	-69.998	
32	17.900	-69.998	
32	18.000	-69.998	
32	18.100	-69.998	
32	18.200	-69.998	
32	18.300	-69.998	
32	18.400	-69.998	
32	18.500	-69.998	
32	18.600	-69.998	
32	18.700	-69.998	
32	18.800	-69.998	
32	18.900	-69.998	
32	19.000	-69.998	
32	19.100	-69.998	
32	19.200	-69.998	
32	19.300	-69.998	
32	19.400	-69.998	
32	19.500	-69.998	
32	19.600	-69.998	
32	19.700	-69.998	
32	19.800	-69.998	
32	19.900	-69.998	
32	20.000	-69.998	
32	20.100	-69.998	
32	20.200	-69.998	
32	20.300	-69.998	
32	20.400	-69.998	
32	20.500	-69.998	
32	20.600	-69.998	
32	20.700	-69.998	
32	20.800	-69.998	
32	20.900	-69.998	
32	21.000	-69.998	
32	21.100	-69.998	
32	21.200	-69.998	
32	21.300	-69.998	
32	21.400	-69.998	
32	21.500	-69.998	
32	21.600	-69.998	
32	21.700	-69.998	
32	21.800	-69.998	
32	21.900	-69.998	
32	22.000	-69.998	
32	22.100	-69.998	
32	22.200	-69.998	
32	22.300	-69.998	
32	22.400	-69.998	
32	22.500	-69.998	
32	22.600	-69.998	
32	22.700	-69.998	
32	22.800	-69.998	
32	22.900	-69.998	
32	23.000	-69.998	
32	23.100	-69.998	
32	23.200	-69.998	
32	23.300	-69.998	
32	23.400	-69.998	
32	23.500	-69.998	
32	23.600	-69.998	
32	23.700	-69.998	
32	23.800	-69.998	
32	23.900	-69.998	
32	24.000	-69.998	
32	24.100	-69.998	
32	24.200	-69.998	
32	24.300	-69.998	
32	24.400	-69.998	
32	24.500	-69.998	
32	24.600	-69.998	
32	24.700	-69.998	
32	24.800	-69.998	
32	24.900	-69.998	
32	25.000	-69.998	
32	25.100	-69.998	
32	25.200	-69.998	
32	25.300	-69.998	
32	25.400	-69.998	
32	25.500	-69.998	
32	25.600	-69.998	
32	25.700	-69.998	
32	25.800	-69.998	
32	25.900	-69.998	
32	26.000	-69.998	
32	26.100	-69.998	
32	26.200	-69.998	
32	26.300	-69.998	
32	26.400	-69.998	
32	26.500	-69.998	
32	26.600	-69.998	
32	26.700	-69.998	
32	26.800	-69.998	
32	26.900	-69.998	
32	27.000	-69.998	
32	27.100	-69.998	
32	27.200	-69.998	
32	27.300	-69.998	
32	27.400	-69.998	
32	27.500	-69.998	
32	27.600	-69.998	
32	27.700	-69.998	
32	27.800	-69.998	
32	27.900	-69.998	
32	28.000	-69.998	
32	28.100	-69.998	
32	28.200	-69.998	
32	28.300	-69.998	
32	28.400	-69.998	
32	28.500	-69.998	
32	28.600	-69.998	
32	28.700	-69.998	
32	28.800	-69.998	
32	28.900	-69.998	
32	29.000	-69.998	
32	29.100	-69.998	
32	29.200	-69.998	
32	29.300	-69.998	
32	29.400	-69.998	
32	29.500	-69.998	
32	29.600	-69.998	
32	29.700	-69.998	
32	29.800	-69.998	
32	29.900	-69.998	
32	30.000	-69.998	
32	30.100	-69.998	
32	30.200	-69.998	
32	30.300	-69.998	
32	30.400	-69.998	
32	30.500	-69.998	
32	30.600	-69.998	
32	30.700	-69.998	
32	30.800	-69.998	
32	30.900	-69.998	
32	31.000	-69.998	
32	31.100	-69.998	
32	31.200	-69.998	
32	31.300	-69.998	
32	31.400	-69.998	
32	31.500	-69.998	
32	31.600	-69.998	
32	31.700	-69.998	
32	31.800	-69.998	
32	31.900	-69.998	
32	32.000	-69.998	
32	32.100	-69.998	
32	32.200	-69.998	
32	32.300	-69.998	
32	32.400	-69.998	
32	32.500	-69.998	
32	32.600	-69.998	
32	32.700	-69.998	
32	32.800	-69.998	
32	32.900	-69.998	
32	33.000	-69.998	
32	33.100	-69.998	
32	33.200	-69.998	
32	33.300	-69.998	
32	33.400	-69.998	
32	33.500	-69.998	
32	33.600	-69.998	
32	33.700	-69.998	
32	33.800	-69.998	
32	33.900	-69.998	
32	34.000	-69.998	
32	34.100	-69.998	
32	34.200	-69.998	
32	34.300	-69.998	
32	34.400	-69.998	
32	34.500	-69.998	
32	34.600	-69.998	
32	34.700	-69.998	
32	34.800	-69.998	
32	34.900	-69.998	
32	35.000	-69.998	
32	35.100	-69.998	
32	35.200	-69.998	
32	35.300	-69.998	
32	35.400	-69.998	
32	35.500	-69.998	
32	35.600	-69.998	
32	35.700	-69.998	
32	35.800	-69.998	
32	35.900	-69.998	
32	36.000	-69.998	
32	36.100	-69.998	
32	36.200	-69.998	
32	36.300	-69.998	
32	36.400	-69.998	
32	36.500	-69.998	
32	36.600	-69.998	
32	36.700	-69.998	
32	36.800	-69.998	
32	36.900	-69.998	
32	37.000	-69.998	
32	37.100	-69.998	
32	37.200	-69.998	
32	37.300	-69.998	
32	37.400	-69.998	
32	37.500	-69.998	
32	37.600	-69.998	
32	37.700	-69.998	
32	37.800	-69.998	
32	37.900	-69.998	
32	38.000	-69.998	
32	38.100	-69.998	
32	38.200	-69.998	
32	38.300	-69.998	
32	38.400	-69.998	
32	38.500	-69.998	
32	38.600	-69.998	
32	38.700	-69.998	
32	38.800	-69.998	
32	38.900	-69.998	
32	39.000	-69.998	
32	39.100	-69.998	
32	39.200	-69.998	
32	39.300	-69.998	
32	39.400	-69.998	
32	39.500	-69.998	
32	39.600	-69.998	
32	39.700	-69.998	
32	39.800	-69.998	
32	39.900	-69.998	
32	40.000	-69.998	
32	40.100	-69.998	
32	40.200	-69.998	
32	40.300	-69.998	
32	40.400	-69.998	
32	40.500	-69.998	
32	40.600	-69.998	
32	40.700	-69.998	
32	40.800	-69.998	
32	40.900	-69.998	
32	41.000	-69.998	
32	41.100	-69.998	
32	41.200	-69.998	
32	41.300	-69.998	
32	41.400	-69.998	
32	41.500	-69.998	
32	41.600	-69.998	
32	41.700	-69.998	
32	41.800	-69.998	
32	41.900	-69.998	
32	42.000	-69.998	
32	42.100	-69.998	
32	42.200	-69.998	
32	42.300	-69.998	
32	42.400	-69.998	
32	42.500	-69.998	
32	42.600	-69.998	
32	42.700	-69.998	
32	42.800	-69.998	
32	42.900	-69.998	
32	43.000	-69.998	
32	43.100	-69.998	
32	43.200	-69.998	
32	43.300	-69.998	
32	43.400	-69.998	
32	43.500	-69.998	
32	43.600	-69.998	
32	43.700	-69.998	
32	43.800	-69.998	
32	43.900	-69.998	
32	44.000	-69.998	
32	44.100	-69.998	
32	44.200	-69.998	
32	44.300	-69.998	
32	44.400	-69.998	
32	44.500	-69.998	
32	44.600	-69.998	
32	44.700	-69.998	
32	44.800	-69.998	
32	44.900	-69.998	
32	45.000	-69.998	
32	45.100	-69.998	
32	45.200	-69.998	
32	45.300	-69.998	
32	45.400	-69.998	
32	45.500	-69.998	
32	45.600	-69.998	
32	45.700	-69.998	
32	45.800	-69.998	
32	45.900	-69.998	
32	46.000	-69.998	
32	46.100	-69.998	
32	46.200	-69.998	
32	46.300	-69.998	
32	46.400	-69.998	
32	46.500	-69.998	
32	46.600	-69.998	
32	46.700	-69.998	
32	46.800	-69.998	
32	46.900	-69.998	
32	47.000	-69.998	
32	47.100	-69.998	
32	47.200	-69.998	
32	47.300	-69.998	
32	47.400	-69.998	
32	47.500	-69.998	
32	47.600	-69.998	
32	47.700	-69.998	
32	47.800	-69.998	
32	47.900	-69.998	
32	48.000	-69.998	
32	48.100	-69.998	
32	48.200	-69.998	
32	48.300	-69.998	
32	48.400	-69.998	
32	48.500	-69.998	
32	48.600	-69.998	
32	48.700	-69.998	
32	48.800	-69.998	
32	48.900	-69.998	
32	49.000	-69.998	
32	49.100	-69.998	
32	49.200	-69.998	
32	49.300	-69.998	
32	49.400	-69.998	
32	49.500	-69.998	
32	49.600	-69.998	
32	49.700	-69.998	
32	49.800	-69.998	
32	49.900	-69.998	
32	50.000	-69.998	
32	50.100	-69.998	
32	50.200	-69.998	
32	50.300	-69.998	
32	50.400	-69.998	
32	50.500	-69.998	
32	50.600	-69.998	
32	50.700	-69.998	
32	50.800	-69.998	
32	50.900	-69.998	
32	51.000	-69.998	
32	51.100	-69.998	
32	51.200	-69.998	
32	51.300	-69.998	
32	51.400	-69.998	
32	51.500	-69.998	
32	51.600	-69.998	
32	51.700	-69.998	
32	51.800	-69.998	
32	51.900	-69.998	
32	52.000	-69.998	
32	52.100	-69.998	
32	52.200	-69.998	
32	52.300	-69.998	
32	52.400	-69.998	
32	52.500	-69.998	
32	52.600	-69.998	
32	52.700	-69.998	
32	52.800	-69.998	
32	52.900	-69.998	
32	53.000	-69.998	
32	53.100	-69.998	
32	53.200	-69.998	
32	53.300	-69.998	
32	53.400	-69.998	
32	53.500	-69.998	
32	53.600	-69.998	
32	53.700	-69.998	
32	53.800	-69.998	
32	53.900	-69.998	
32	54.000	-69.998	
32	54.100	-69.998	
32	54.200	-69.998	
32	54.300	-69.998	
32	54.400	-69.998	
32	54.500	-69.998	
32	54.600	-69.998	
32	54.700	-69.998	
32	54.800	-69.998	
32	54.900	-69.998	
32	55.000	-69.998	
32	55.100	-69.998	
32	55.200	-69.998	
32	55.300	-69.998	
32	55.400	-69.998	
32	55.500	-69.998	
32	55.600	-69.998	
32	55.700	-69.998	
32	55.800	-69.998	
32	55.900	-69.998	
32	56.000	-69.998	
32	56.100	-69.998	
32	56.200	-69.998	
32	56.300	-69.998	
32	56.400	-69.998	
32	56.500	-69.998	
32	56.600	-69.998	
32	56.700	-69.998	
32	56.800	-69.998	
32	56.900	-69.998	
32	57.000	-69.998	
32	57.100	-69.998	
32	57.200	-69.998	
32	57.300	-69.998	
32	57.400	-69.998	
32	57.500	-69.998	
32	57.600	-69.998	
32	57.700	-69.998	
32	57.800	-69.998	
32	57.900	-69.998	
32	58.000	-69.998	
32	58.100	-69.998	
32	58.200	-69.998	
32	58.300	-69.998	
32	58.400	-69.998	
32	58.500	-69.998	
32	58.600	-69.998	
32	58.700	-69.998	
32	58.800	-69.998	
32	58.900	-69.998	
32	59.000	-69.998	
32	59.100	-69.998	
32	59.200	-69.998	
32	59.300	-69.998	
32	59.400	-69.998	
32	59.500	-69.998	
32	59.600	-69.998	
32	59.700	-69.998	
32	59.800	-69.998	
32	59.900	-69.998	
32	60.000	-69.998	
32	60.100	-69.998	
32	60.200	-69.998	
32	60.300	-69.998	
32	60.400	-69.998	
32	60.500	-69.998	
32	60.600	-69.998	
32	60.700	-69.998	
32	60.800	-69.998	
32	60.900	-69.998	
32	61.000	-69.998	
32	61.100	-69.998	
32	61.200	-69.998	
32	61.300	-69.998	
32	61.400	-69.998	
32	61.500	-69.998	
32	61.600	-69.998	
32	61.700	-69.998	
32	61.800	-69.998	
32	61.900	-69.998	
32	62.000	-69.998	
32	62.100	-69.998	
32	62.200	-69.998	
32	62.300	-69.998	
32	62.400	-69.998	
32	62.500	-69.998	
32	62.600	-69.998	
32	62.700	-69.998	
32	62.800	-69.998	
32	62.900	-69.998	
32	63.000	-69.998	
32	63.100	-69.998	
32	63.200	-69.998	
32	63.300	-69.998	
32	63.400	-69.998	
32	63.500	-69.998	
32	63.600	-69.998	
32	63.700	-69.998	
32	63.800	-69.998	
32	63.900	-69.998	
32	64.000	-69.998	
32	64.100	-69.998	
32	64.200	-69.998	
32	64.300	-69.998	
32	64.400	-69.998	
32	64.500	-69.998	
32	64.600	-69.998	
32	64.700	-69.998	
32	64.800	-69.998	
32	64.900	-69.998	
32	65.000	-69.998	
32	65.100	-69.998	
32	65.200	-69.998	
32	65.300	-69.998	
32	65.400	-69.998	
32	65.500	-69.998	
32	65.600	-69.998	
32	65.700	-69.998	
32	65.800	-69.998	
32	65.900	-69.998	
32	66.000	-69.998	
32	66.100	-69.998	
32	66.200	-69.998	
32	66.300	-69.998	
32	66.400	-69.998	
32	66.500	-69.998	
32	66.600	-69.998	
32	66.700	-69.998	
32	66.800	-69.998	
32	66.900	-69.998	
32	67.000	-69.998	
32	67.100	-69.998	
32	67.200	-69.998	
32	67.300	-69.998	
32	67.400	-69.998	
32	67.500	-69.998	
32	67.600	-69.998	
32	67.700	-69.998	
32	67.800	-69.998	
32	67.900	-69.998	
32	68.000	-69.998	
32	68.100	-69.998	
32	68.200	-69.998	
32	68.300	-69.998	
32	68.400	-69.998	
32	68.500	-69.998	
32	68.600	-69.998	
32	68.700	-69.998	
32	68.800	-69.998	
32	68.900	-69.998	
32	69.000	-69.998	
32	69.100	-69.998	
32	69.200	-69.998	
32	69.300	-69.998	
32	69.400	-69.998	
32	69.500	-69.998	
32	69.600	-69.998	
32	69.700	-69.998	
32	69.800	-69.998	
32	69.900	-69.998	
32	70.000	-69.998	
32	70.100	-69.998	
32	70.200	-69.998	
32	70.300	-69.998	
32	70.400	-69.998	
32	70.500	-69.998	
32	70.600	-69.998	
32	70.700	-69.998	
32	70.800	-69.998	
32	70.900	-69.998	
32	71.000	-69.998	
32	71.100	-69.998	
32	71.200	-69.998	
32	71.300	-69.998	
32	71.400	-69.998	
32	71.500	-69.998	
32	71.600	-69.998	
32	71.700	-69.998	
32	71.800	-69.998	
32	71.900	-69.998	
32	72.000	-69.998	
32	72.100	-69.998	
32	72.200	-69.998	
32	72.300	-69.998	
32	72.400	-69.998	
32	72.500	-69.998	
32	72.600	-69.998	
32	72.700	-69.998	
32	72.800	-69.998	
32	72.900	-69.998	
32	73.000	-69.998	
32	73.100	-69.998	
32	73.200	-69.998	
32	73.300	-69.998	
32	73.400	-69.998	
32	73.500	-69.998	
32	73.600	-69.998	
32	73.700	-69.998	
32	73.800	-69.998	
32	73.900	-69.998	
32	74.000	-69.998	
32	74.100	-69.998	
32	74.200	-69.998	
32	74.300	-69.998	
32	74.400	-69.998	
32	74.500	-69.998	
32	74.600	-69.998	
32	74.700	-69.998	
32	74.800	-69.998	
32	74.900	-69.998	
32	75.000	-69.998	
32	75.100	-69.998	
32	75.200	-69.998	
32	75.300	-69.998	
32	75.400	-69.998	
32	75.500	-69.998	
32	75.600	-69.998	
32	75.700	-69.998	
32	75.800	-69.998	
32	75.900	-69.998	
32	76.000	-69.998	
32	76.100	-69.998	
32	76.200	-69.998	
32	76.300	-69.998	
32	76.400	-69.998	
32	76.500	-69.998	
32	76.600	-69.998	
32	76.700	-69.998	
32	76.800	-69.998	
32	76.900	-69.998	
32	77.000	-69.998	
32	77.100	-69.998	
32	77.200	-69.998	
32	77.300	-69.998	
32	77.400	-69.998	
32	77.500	-69.998	
32	77.600	-69.998	
32	77.700	-69.998	
32	77.800	-69.998	
32	77.900	-69.998	
32	78.000	-69.998	
32	78.100	-69.998	
32	78.200	-69.998	
32	78.300	-69.998	
32	78.400	-69.998	
32	78.500	-69.998	
32	78.600	-69.998	
32	78.700	-69.998	
32	78.800	-69.998	
32	78.900	-69.998	
32	79.000	-69.998	
32	79.100	-69.998	
32	79.200	-69.998	
32	79.300	-69.998	
32	79.400	-69.998	
32	79.500	-69.998	
32	79.600	-69.998	
32	79.700	-69.998	
32	79.800	-69.998	
32	79.900	-69.998	
32	80.000	-69.998	
32	80.100	-69.998	
32	80.200	-69.998	
32	80.300	-69.998	
32	80.400	-69.998	
32	80.500	-69.998	
32	80.600	-69.998	
32	80.700	-69.998	
32	80.800	-69.998	
32	80.900	-69.998	
32	81.000	-69.998	
32	81.100	-69.998	
32	81.200	-69.998	
32	81.300	-69.998	
32	81.400	-69.998	
32	81.500	-69.998	
32	81.600	-69.998	
32	81.700	-69.998	
32	81.800	-69.998	
32	81.900	-69.998	
32	82.000	-69.998	
32	82.100	-69.998	
32	82.200	-69.998	
32	82.300	-69.998	
32	82.400	-69.998	
32	82.500	-69.998	
32	82.600	-69.998	
32	82.700	-69.998	
32	82.800	-69.998	
32	82.900	-69.998	
32	83.000	-69.998	
32	83.100	-69.998	
32	83.200	-69.998	
32	83.300	-69.998	
32	83.400	-69.998	
32	83.500	-69.998	
32	83.600	-69.998	
32	83.700	-69.998	
32	83.800	-69.998	
32	83.900	-69.998	
32	84.000	-69.998	
32	84.100	-69.998	
32	84.200	-69.998	
32	84.300	-69.998	
32	84.400	-69.998	
32	84.500	-69.998	
32	84.600	-69.998	
32	84.700	-69.998	
32	84.800	-69.998	
32	84.900	-69.998	
32	85.000	-69.998	
32	85.100	-69.998	
32	85.200	-69.998	
32	85.300	-69.998	
32	85.400	-69.998	
32	85.500	-69.998	
32	85.600	-69.998	
32	85.700	-69.998	
32	85.800	-69.998	
32	85.900	-69.998	
32	86.000	-69.998	
32	86.100	-69.998	
32	86.200	-69.998	
32	86.300	-69.998	
32	86.400	-69.998	
32	86.500	-69.998	
32	86.600	-69.998	
32	86.700	-69.998	
32	86.800	-69.998	
32	86.900	-69.998	
32	87.000	-69.998	
32	87.100	-69.998	
32	87.200	-69.998	
32	87.300	-69.998	
32	87.400	-69.998	
32	87.500	-69.998	
32	87.600	-69.998	
32	87.700	-69.998	
32	87.800	-69.998	
32	87.900	-69.998	
32	88.000	-69.998	
32	88.100	-69.998	
32	88.200	-69.998	
32	88.300	-69.998	
32	88.400	-69.998	
32	88.500	-69.998	
32	88.600	-69.998	
32	88.700	-69.998	
32	88.800	-69.998	
32	88.900	-69.998	
32	89.000	-69.998	
32	89.100	-69.998	
32	89.200	-69.998	
32	89.300	-69.998	
32	89.400	-69.998	
32	89.500	-69.998	
32	89.600	-69.998	
32	89.700	-69.998	
32	89.800	-69.998	
32	89.900	-69.998	
32	90.000	-69.998	
32	90.100	-69.998	
32	90.200	-69.998	
32	90.300	-69.998	
32	90.400	-69.998	
32	90.500	-69.998	
32	90.600	-69.998	
32	90.700	-69.998	
32	90.800	-69.998	
32	90.900	-69.998	
32	91.000	-69.998	
32	91.100	-69.998	
32	91.200	-69.998	
32	91.300	-69.998	
32	91.400	-69.998	
32	91.500	-69.998	
32	91.600	-69.998	
32	91.700	-69.998	
32	91.800	-69.998	
32	91.900	-69.998	
32	92.000	-69.998	
32	92.100	-69.998	
32	92.200	-69.998	
32	92.300	-69.998	
32	92.400	-69.998	
32	92.500	-69.998	
32	92.600	-69.998	
32	92.700	-69.998	
32	92.800	-69.998	
32	92.900	-69.998	
32	93.000	-69.998	
32	93.100	-69.998	
32	93.200	-69.998	
32	93.300	-69.998	
32	93.400	-69.998	
32	93.500	-69.998	
32	93.600	-69.998	
32	93.700	-69.998	
32	93.800	-69.998	
32	93.900	-69.998	
32	94.000	-69.998	
32	94.100	-69.998	
32	94.200	-69.998	
32	94.300	-69.998	
32	94.400	-69.998	
32	94.500	-69.998	
32	94.600	-69.998	
32	94.700	-69.998	
32	94.800	-69.998	
32	94.900	-69.998	
32	95.000	-69.998	
32	95.100	-69.998	
32	95.200	-69.998	
32	95.300	-69.998	
32	95.400	-69.998	
32	95.500	-69.998	
32	95.600	-69.998	
32	95.700	-69.998	
32	95.800	-69.998	
32	95.900	-69.998	
32	96.000	-69.998	
32	96.100	-69.998	
32	96.200	-69.998	
32	96.300	-69.998	
32	96.400	-69.998	
32	96.500	-69.998	
32	96.600	-69.998	
32	96.700	-69.998	
32	96.800	-69.998	
32	96.900	-69.998	
32	97.000	-69.998	
32	97.100	-69.998	
32	97.200	-69.998	
32	97.300	-69.998	
32	97.400	-69.998	
32	97.500	-69.998	
32	97.600	-69.998	
32	97.700	-69.998	
32	97.800	-69.998	
32	97.900	-69.998	
32	98.000	-69.998	
32	98.100	-69.998	
32	98.200	-69.998	
32	98.300	-69.998	
32	98.400	-69.998	
32	98.500	-69.998	
32	98.600	-69.998	
32	98.700	-69.998	
32	98.800	-69.998	
32	98.900	-69.998	
32	99.000	-69.998	
32	99.100	-69.998	
32	99.200	-69.998	
32	99.300	-69.998	
32	99.400	-69.998	
32	99.500	-69.998	
32	99.600	-69.998	
32	99.700	-69.998	
32	99.800	-69.998	
32	99.900	-69.998	
32	100.000	-69.998	
32	100.100	-69.998	
32	100.200	-69.998	
32	100.300	-69.998	
32	100.400	-69.998	
32	100.500	-69.998	
32	100.600	-69.998	
32	100.700	-69.998	
32	100.800	-69.998	
32	100.900	-69.998	
32	101.000	-69.998	
32	101.100	-69.998	
32	101.200	-69.998	
32	101.300	-69.998	
32	101.400	-69.998	
32	101.500	-69.998	
32	101.600	-69.998	
32	101.700	-69.998	
32	101.800	-69.998	
32	101.900	-69.998	
32	102.000	-69.998	
32	102.100	-69.998	
32	102.200	-69.998	
32	102.300	-69.998	
32	102.400	-69.998	
32	102.500	-69.998	
32	102.600	-69.998	
32	102.700	-69.998	
32	102.800	-69.998	
32	102.900	-69.998	
32	103.000	-69.998	
32	103.100	-69.998	
32	103.200	-69.998	
32	103.300	-69.998	
32	103.400	-69.998	
32	103.500	-69.998	
32	103.600	-69.998	
32	103.700	-69.998	
32	103.800	-69.998	
32	103.900	-69.998	
32	104.000	-69.998	
32	104.100	-69.998	
32	104.200	-69.998	
32	104.300	-69.998	
32	104.400	-69.998	
32	104.500	-69.998	
32	104.600	-69.998	
32	104.700	-69.998	
32	104.800	-69.998	
32	104.900	-69.998	
32	105.000	-69.998	
32	105.100	-69.998	
32	105.200	-69.998	
32	105.300	-69.998	
32	105.400	-69.998	
32	105.500	-69.998	
32	105.600	-69.998	
32	105.700	-69.998	
32	105.800	-69.998	
32	105.900	-69.998	
32	106.000	-69.998	
32	106.100	-69.998	
32	106.200	-69.998	
32	106.300	-69.998	
32	106.400	-69.998	
32	106.500	-69.998	
32	106.600	-69.998	
32	106.700	-69.998	
32	106.800	-69.998	
32	106.900	-69.998	
32	107.000	-69.998	
32	107.100	-69.998	
32	107.200	-69.998	
32	107.300	-69.998	
32	107.400	-69.998	
32	107.500	-69.998	
32	107.600	-69.998	
32	107.700	-69.998	
32	107.800	-69.998	
32	107.900	-69.998	
32	108.000	-69.998	
32	108.100	-69.998	
32	108.200	-69.998	
32	108.300	-69.998	
32	108.400	-69.998	
32	108.500	-69.998	
32	108.600	-69.998	
32	108.700	-69.998	
32	108.800	-69.998	
32	108.900	-69.998	
32	109.000	-69.998	
32	109.100	-69.998	
32	109.200	-69.998	
32	109.300	-69.998	
32	109.400	-69.998	
32	109.500	-69.998	
32	109.600	-69.998	
32	109.700	-69.998	
32	109.800	-69.998	
32	109.900	-69.998	
32	110.000	-69.998	
32	110.100	-69.998	
32	110.200	-69.998	
32	110.300	-69.998	
32	110.400	-69.998	
32	110.500	-69.998	
32	110.600	-69.998	
32	110.700	-69.998	
32	110.800	-69.998	
32	110.900	-69.998	
32	111.000	-69.998	
32	111.100	-69.998	
32	111.200	-69.998	
32	111.300	-69.998	
32	111.400	-69.998	
32	111.500	-69.998	
32	111.600	-69.998	
32	111.700	-69.998	
32	111.800	-69.998	
32	111.900	-69.998	
32	112.000	-69.998	
32	112.100	-69.998	
32	112.200	-69.998	
32	112.300	-69.998	
32	112.400	-69.998	
32	112.500	-69.998	
32	112.600	-69.998	
32	112.700	-69.998	
32	112.800	-69.998	
32	112.900	-69.998	
32	113.000	-69.998	
32	113.100	-69.998	
32	113.200	-69.998	
32	113.300	-69.998	
32	113.400	-69.998	
32	113.500	-69.998	
32	113.600	-69.998	
32	113.700	-69.998	
32	113.800	-69.998	
32	113.900	-69.998	
32	114.000	-69.998	
32	114.100	-69.998	
32	114.200	-69.998	
32	114.300	-69.998	
32	114.400	-69.998	
32	114.500	-69.998	
32	114.600	-69.998	
32	114.700	-69.998	
32	114.800	-69.998	
32	114.900	-69.998	
32	115.000	-69.998	
32	115.100	-69.998	
32	115.200	-69.998	
32	115.300	-69.998	
32	115.400	-69.998	
32	115.500	-69.998	
32	115.600	-69.998	
32	115.700	-69.998	
32	115.800	-69.998	
32	115.900	-69.998	
32	116.000	-69.998	
32	116.100	-69.998	
32	116.200	-69.998	
32	116.300	-69.998	
32	116.400	-69.998	
32	116.500	-69.998	
32	116.600	-69.998	
32	116.700	-69.998	
32	116.800	-69.998	
32	116.900	-69.998	
32	117.000	-69.998	
32	117.100	-69.998	
32	117.200	-69.998	
32	117.300	-69.998	
32	117.400	-69.998	
32	117.500	-69.998	
32	117.600	-69.998	
32	117.700	-69.998	
32	117.800	-69.998	
32	117.900	-69.998	
32	118.000	-69.998	
32	118.100	-69.998	
32	118.200	-69.998	
32	118.300	-69.998	
32	118.400	-69.998	
32	118.500	-69.998	
32	118.600	-69.998	
32	118.700	-69.998	
32	118.800	-69.998	
32	118.900	-69.998	
32	119.000	-69.998	
32	119.100	-69.998	
32	119.200	-69.998	
32	119.300	-69.998	
32	119.400	-69.998	
32	119.500	-69.998	
32	119.600	-69.998	
32	119.700	-69.998	
32	119.800	-69.998	
32	119.900	-69.998	
32	120.000	-69.998	
32	120.100	-69.998	
32	120.200	-69.998	
32	120.300	-69.998	
32	120.400	-69.998	
32	120.500	-69.998	
32	120.600	-69.998	
32	120.700	-69.998	
32	120.800	-69.998	
32	120.900	-69.998	
32	121.000	-69.998	
32	121.100	-69.998	
32	121.200	-69.998	
32	121.300	-69.998	
32	121.400	-69.998	
32	121.500	-69.998	
32	121.600	-69.998	
32	121.700	-69.998	
32	121.800	-69.998	
32	121.900	-69.998	
32	122.000	-69.998	
32	122.100	-69.998	
32	122.200	-69.998	
32	122.300	-69.998	
32	122.400	-69.998	
32	122.500	-69.998	
32	122.600	-69.998	
32	122.700	-69.998	
32	122.800	-69.998	
32	122.900	-69.998	
32	123.000	-69.998	
32	123.100	-69.998	
32	123.200	-69.998	
32	123.300	-69.998	
32	123.400	-69.998	
32	123.500	-69.998	
32	123.600	-69.998	
32	123.700	-69.998	
32	123.800	-69.998	
32	123.900	-69.998	
32	124.000	-69.998	
32	124.100	-69.998	
32	124.200	-69.998	
32	124.300	-69.998	
32	124.400	-69.998	
32	124.500	-69.998	
32	124.600	-69.998	
32	124.700	-69.998	
32	124.800	-69.998	
32	124.900	-69.998	
32	125.000	-69.998	
32	125.100	-69.998	
32	125.200	-69.998	
32	125.300	-69.998	
32	125.400	-69.998	
32	125.500	-69.998	
32	125.600	-69.998	
32	125.700	-69.998	
32	125.800	-69.998	
32	125.900	-69.998	
32	126.000	-69.998	
32	126.100	-69.998	
32	126.200	-69.998	
32	126.300	-69.998	
32	126.400	-69.998	
32	126.500	-69.998	
32	126.600	-69.998	
32	126.700	-69.998	
32	126.800	-69.998	
32	126.900	-69.998	
32	127.000	-69.998	
32	127.100	-69.998	
32	127.200	-69.998	
32	127.300	-69.998	
32	127.400	-69.998	
32	127.500	-69.998	
32	127.600	-69.998	
32	127.700	-69.998	
32	127.800	-69.998	
32	127.900	-69.998	
32	128.000	-69.998	
32	128.100	-69.998	
32	128.200	-69.998	
32	128.300	-69.998	
32	128.400	-69.998	
32	128.500	-69.998	
32	128.600	-69.998	
32	128.700	-69.998	
32	128.800	-69.998	
32	128.900	-69.998	
32	129.000	-69.998	
32	129.100	-69.998	
32	129.200	-69.998	
32	129.300	-69.998	
32	129.400	-69.998	
32	129.500	-69.998	
32	129.600	-69.998	
32	129.700	-69.998	
32	129.800	-69.998	
32	129.900	-69.998	
32	130.000	-69.998	
32	130.100	-69.998	
32	130.200	-69.998	
32	130.300	-69.998	
32	130.400	-69.998	
32	130.500	-69.998	
32	130.600	-69.998	
32	130.700	-69.998	
32	130.800	-69.998	
32	130.900	-69.998	
32	131.000	-69.998	
32	131.100	-69.998	
32	131.200	-69.998	
32	131.300	-69.998	
32	131.400	-69.998	
32	131.500	-69.998	
32	131.600	-69.998	
32	131.700	-69.998	
32	131.800	-69.998	
32	131.900	-69.998	
32	132.000	-69.998	
32	132.100	-69.998	
32	132.200	-69.998	
32	132.300	-69.998	
32	132.400	-69.998	
32	132.500	-69.998	
32	132.600	-69.998	
32	132.700	-69.998	
32	132.800	-69.998	
32	132.900	-69.998	
32	133.000	-69.998	
32	133.100	-69.998	
32	133.200	-69.998	
32	133.300	-69.998	
32	133.400	-69.998	
32	133.500	-69.998	
32	133.600	-69.998	
32	133.700	-69.998	
32	133.800	-69.998	
32	133.900	-69.998	
32	134.000	-69.998	
32	134.100	-69.998	
32	134.200	-69.998	
32	134.300	-69.998	
32	134.400	-69.998	
32	134.500	-69.998	
32	134.600	-69.998	
32	134.700	-69.998	
32	134.800	-69.998	
32	134.900	-69.998	
32	135.000	-69.998	
32	135.100	-69.998	
32	135.200	-69.998	
32	135.300	-69.998	
32	135.400	-69.998	
32	135.500	-69.998	
32	135.600	-69.998	
32	135.700	-69.998	
32	135.800	-69.998	
32	135.900	-69.998	
32	136.000	-69.998	
32	136.100	-69.998	
32	136.200	-69.998	
32	136.300	-69.998	
32	136.400	-69.998	
32	136.500	-69.998	
32	136.600	-69.998	
32	136.700	-69.998	
32	136.800	-69.998	
32	136.900	-69.998	
32	137.000	-69.998	
32	137.100	-69.998	
32	137.200	-69.998	
32	137.300	-69.998	
32	137.400	-69.998	
32	137.500	-69.998	
32	137.600	-69.998	
32	137.700	-69.998	
32	137.800	-69.998	
32	137.900	-69.998	
32	138.000	-69.998	
32	138.100	-69.998	
32	138.200	-69.998	
32	138.300	-69.998	
32	138.400	-69.998	
32	138.500	-69.998	
32	138.600	-69.998	
32	138.700	-69.998	
32	138.800	-69.998	
32	138.900	-69.998	
32	139.000	-69.998	
32	139.100	-69.998	
32	139.200	-69.998	
32	139.300	-69.998	
32	139.400	-69.998	
32	139.500	-69.998	
32	139.600	-69.998	
32	139.700	-69.998	
32	139.800	-69.998	
32	139.900	-69.998	
32	140.000	-69.998	
32	140.100	-69.998	
32	140.200	-69.998	
32	140.300	-69.998	
32	140.400	-69.998	
32	140.500	-69.998	
32	140.600	-69.998	
32	140.700	-69.998	
32	140.800	-69.998	
32	140.900	-69.998	
32	141.000	-69.998	
32	141.100	-69.998	
32	141.200	-69.998	
32	141.300	-69.998	
32	141.400	-69.998	
32	141.500	-69.998	
32	141.600	-69.998	
32	141.700	-69.998	
32	141.800	-69.998	
32	141.900	-69.998	
32	142.000	-69.998	
32	142.100	-69.998	
32	142.200	-69.998	
32	142.300	-69.998	
32	142.400	-69.998	
32	142.500	-69.998	
32	142.600	-69.998	
32	142.700	-69.998	
32	142.800	-69.998	
32	142.900	-69.998	
32	143.000	-69.998	
32	143.100	-69.998	
32	143.200	-69.998	
32	143.300	-69.998	
32	143.400	-69.998	
32	143.500	-69.998	
32	143.600	-69.998	
32	143.700	-69.998	
32	143.800	-69.998	
32	143.900	-69.998	
32	144.000	-69.998	
32	144.100	-69.998	
32	144.200	-69.998	
32	144.300	-69.998	
32	144.400	-69.998	
32	144.500	-69.998	
32	144.600	-69.998	
32	144.700	-69.998	
32	144.800	-69.998	
32	144.900	-69.998	
32	145.000	-69.998	
32	145.100	-69.998	
32	145.200	-69.998	
32	145.300	-69.998	
32	145.400	-69.998	
32	145.500	-69.998	
32	145.600	-69.998	
32	145.700	-69.998	
32	145.800	-69.998	
32	145.900	-69.998	
32	146.000	-69.998	
32	146.100	-69.998	
32	146.200	-69.998	
32	146.300	-69.998	
32	146.400	-69.998	
32	146.500	-69.998	
32	146.600	-69.998	
32	146.700	-69.998	
32	146.800	-69.998	
32	146.900	-69.998	
32	147.000	-69.998	
32	147.100	-69.998	
32	147.200	-69.998	
32	147.300	-69.998	
32	147.400	-69.998	
32	147.500	-69.998	
32	147.600	-69.998	
32	147.700	-69.998	
32	147.800	-69.998	
32	147.900	-69.998	
32	148.000	-69.998	
32	148.100	-69.998	
32	148.200	-69.998	
32	148.300	-69.998	
32	148.400	-69.998	
32	148.500	-69.998	
32	148.600	-69.998	
32	148.700	-69.998	
32	148.800	-69.998	
32	148.900	-69.998	
32	149.000	-69.998	
32	149.100	-69.998	
32	149.200	-69.998	
32	149.300	-69.998	
32	149.400	-69.998	
32	149.500	-69.998	
32	149.600	-69.998	
32	149.700	-69.998	
32	149.800	-69.998	
32	149.900	-69.998	
32	150.000	-69.998	
32	150.100	-69.998	
32	150.200	-69.998	
32	150.300	-69.998	
32	150.400	-69.998	
32	150.500	-69.998	
32	150.600	-69.998	
32	150.700	-69.998	
32	150.800	-69.998	
32	150.900	-69.998	
32	151.000	-69.998	
32	151.100	-69.998	
32	151.200	-69.998	
32	151.300	-69.998	
32	151.400	-69.998	
32	151.500	-69.998	
32	151.600	-69.998	
32	151.700	-69.998	
32	151.800	-69.998	
32	151.900	-69.998	
32	152.000	-69.998	
32	152.100	-69.998	
32	152.200	-69.998	
32	152.300	-69.998	
32	152.400	-69.998	
32	152.500	-69.998	
32	152.600	-69.998	
32	152.700	-69.998	
32	152.800	-69.998	
32	152.900	-69.998	
32	153.000	-69.998	
32	153.100	-69.998	
32	153.200	-69.998	
32	153.300	-69.998	
32	153.400	-69.998	
32	153.500	-69.998	
32	153.600	-69.998	
32	153.700	-69.998	
32	153.800	-69.998	
32	153.900	-69.998	
32	154.000	-69.998	
32	154.100	-69.998	
32	154.200	-69.998	
32	154.300	-69.998	
32	154.400	-69.998	
32	154.500	-69.998	
32	154.600	-69.998	
32	154.700	-69.998	
32	154.800	-69.998	
32	154.900	-69.998	
32	155.000	-69.998	
32	155.100	-69.998	
32	155.200	-69.998	
32	155.300	-69.998	
32	155.400	-69.998	
32	155.500	-69.998	
32	155.600	-69.998	
32	155.700	-69.998	
32	155.800	-69.998	
32	155.900	-69.998	
32	156.000	-69.998	
32	156.100	-69.998	
32	156.200	-69.998	
32	156.300	-69.998	
32	156.400	-69.998	
32	156.500	-69.998	
32	156.600	-69.998	
32	156.700	-69.998	
32	156.800	-69.998	
32	156.900	-69.998	
32	157.000	-69.998	
32	157.100	-69.998	
32	157.200	-69.998	
32	157.300	-69.998	
32	157.400	-69.998	
32	157.500	-69.998	
32	157.600	-69.998	
32	157.700	-69.998	
32	157.800	-69.998	
32	157.900	-69.998	
32	158.000	-69.998	
32	158.100	-69.998	
32	158.200	-69.998	
32	158.300	-69.998	
32	158.400	-69.998	
32	158.500	-69.998	
32	158.600	-69.998	
32	158.700	-69.998	
32	158.800	-69.998	
32	158.900	-69.998	
32	159.000	-69.998	
32	159.100	-69.998	
32	159.200	-69.998	
32	159.300	-69.998	
32	159.400	-69.998	
32	159.500	-69.998	
32	159.600	-69.998	
32	159.700	-69.998	
32	159.800	-69.998	
32	159.900	-69.998	
32	160.000	-69.998	
32	160.100	-69.998	
32	160.200	-69.998	
32	160.300	-69.998	
32	160.400	-69.998	
32	160.500	-69.998	
32	160.600	-69.998	
32	160.700	-69.998	
32	160.800	-69.998	
32	160.900	-69.998	
32	161.000	-69.998	
32	161.100	-69.998	
32	161.200	-69.998	
32	161.300	-69.998	
32	161.400	-69.998	
32	161.500	-69.998	
32	161.600	-69.998	
32	161.700	-69.998	
32	161.800	-69.998	
32	161.900	-69.998	
32	162.000	-69.998	
32	162.100	-69.998	
32	162.200	-69.998	
32	162.300	-69.998	
32	162.400	-69.998	
32	162.500	-69.998	
32	162.600	-69.998	
32	162.700	-69.998	
32	162.800	-69.998	
32	162.900	-69.998	
32	163.000	-69.998	
32	163.100	-69.998	
32	163.200	-69.998	
32	163.300	-69.998	
32	163.400	-69.998	
32	163.500	-69.998	
32	163.600	-69.998	
32	163.700	-69.998	
32	163.800	-69.998	
32	163.900	-69.998	
32	164.000	-69.998	
32	164.100	-69.998	
32	164.200	-69.998	
32	164.300	-69.998	
32	164.400	-69.998	
32	164.500	-69.998	
32	164.600	-69.998	
32	164.700	-69.998	
32	164.800	-69.998	
32	164.900	-69.998	
32	165.000	-69.998	
32	165.100	-69.998	
32	165.200	-69.998	
32	165.300	-69.998	
32	165.400	-69.998	
32	165.500	-69.998	
32	165.600	-69.998	
32	165.700	-69.998	
32	165.800	-69.998	
32	165.900	-69.998	
32	166.000	-69.998	
32	166.100	-69.998	
32	166.200	-69.998	
32	166.300	-69.998	
32	166.400	-69.998	
32	166.500	-69.998	
32	166.600	-69.998	
32	166.700	-69.998	
32	166.800	-69.998	
32	166.900	-69.998	
32	167.000	-69.998	
32	167.100	-69.998	
32	167.200	-69.998	
32	167.300	-69.998	
32	167.400	-69.998	
32	167.500	-69.998	
32	167.600	-69.998	
32	167.700	-69.998	
32	167.800	-69.998	
32	167.900	-69.998	
32	168.000	-69.998	
32	168.100	-69.998	
32	168.200	-69.998	
32	168.300	-69.998	
32	168.400	-69.998	
32	168.500	-69.998	
32	168.600	-69.998	
32	168.700	-69.998	
32	168.800	-69.998	
32	168.900	-69.998	
32	169.000	-69.998	
32	169.100	-69.998	
32	169.200	-69.998	
32	169.300	-69.998	
32	169.400	-69.998	
32	169.500	-69.998	
32	169.600	-69.998	
32	169.700	-69.998	
32	169.800	-69.998	
32	169.900	-69.998	
32	170.000	-69.998	
32	170.100	-69.998	
32	170.200	-69.998	
32	170.300	-69.998	
32	170.400	-69.998	
32	170.500	-69.998	
32	170.600	-69.998	
32	170.700	-69.998	
32	170.800	-69.998	
32	170.900	-69.998	
32	171.000	-69.998	
32	171.100	-69.998	
32	171.200	-69.998	
32	171.300	-69.998	
32	171.400	-69.998	
32	171.500	-69.998	
32	171.600	-69.998	
32	171.700	-69.998	
32	171.800	-69.998	
32	171.900	-69.998	
32	172.000	-69.998	
32	172.100	-69.998	
32	172.200	-69.998	
32	172.300	-69.998	
32	172.400	-69.998	
32	172.500	-69.998	
32	172.600	-69.998	
32	172.700	-69.998	
32	172.800	-69.998	
32	172.900	-69.998	
32	173.000	-69.998	
32	173.100	-69.998	
32	173.200	-69.998	
32	173.300	-69.998	
32	173.400	-69.998	
32	173.500	-69.998	
32	173.600	-69.998	
32	173.700	-69.998	
32	173.800	-69.998	
32	173.900	-69.998	
32	174.000	-69.998	
32	174.100	-69.998	
32	174.200	-69.998	
32	174.300	-69.998	
32	174.400	-69.998	
32	174.500	-69.998	
32	174.600	-69.998	
32	174.700	-69.998	
32	174.800	-69.998	
32	174.900	-69.998	
32	175.000	-69.998	
32	175.100	-69.998	
32	175.200	-69.998	
32	175.300	-69.998	
32	175.400	-69.998	
32	175.500	-69.998	
32	175.600	-69.998	
32	175.700	-69.998	
32	175.800	-69.998	
32	175.900	-69.998	
32	176.000	-69.998	
32	176.100	-69.998	
32	176.200	-69.998	
32	176.300	-69.998	
32	176.400	-69.998	
32	176.500	-69.998	
32	176.600	-69.998	
32	176.700	-69.998	
32	176.800	-69.998	
32	176.900	-69.998	
32	177.000	-69.998	
32	177.100	-69.998	
32	177.200	-69.998	
32	177.300	-69.998	
32	177.400	-69.998	
32	177.500	-69.998	
32	177.600	-69.998	
32	177.700	-69.998	
32	177.800	-69.998	
32	177.900	-69.998	
32	178.000	-69.998	
32	178.100	-69.998	
32	178.200	-69.998	
32	178.300	-69.998	
32	178.400	-69.998	
32	178.500	-69.998	
32	178.600	-69.998	
32	178.700	-69.998	
32	178.800	-69.998	
32	178.900	-69.998	
32	179.000	-69.998	
32	179.100	-69.998	
32	179.200	-69.998	
32	179.300	-69.998	
32	179.400	-69.998	
32	179.500	-69.998	
32	179.600	-69.998	
32	179.700	-69.998	
32	179.800	-69.998	
32	179.900	-69.998	
32	180.000	-69.998	
32	180.100	-69.998	
32	180.200	-69.998	
32	180.300	-69.998	
32	180.400	-69.998	
32	180.500	-69.998	
32	180.600	-69.998	
32	180.700	-69.998	
32	180.800	-69.998	
32	180.900	-69.998	
32	181.000	-69.998	
32	181.100	-69.998	
32	181.200	-69.998	
32	181.300	-69.998	
32	181.400	-69.998	
32	181.500	-69.998	
32	181.600	-69.998	
32	181.700	-69.998	
32	181.800	-69.998	
32	181.900	-69.998	
32	182.000	-69.998	
32	182.100	-69.998	
32	182.200	-69.998	
32	182.300	-69.998	
32	182.400	-69.998	
32	182.500	-69.998	
32	182.600	-69.998	
32	182.700	-69.998	
32	182.800	-69.998	
32	182.900	-69.998	
32	183.000	-69.998	
32	183.100	-69.998	
32	183.200	-69.998	
32	183.300	-69.998	
32	183.400	-69.998	
32	183.500	-69.998	
32	183.600	-69.998	
32	183.700	-69.998	
32	183.800	-69.998	
32	183.900	-69.998	
32	184.000	-69.998	
32	184.100	-69.998	
32	184.200	-69.998	
32	184.300	-69.998	
32	184.400	-69.998	
32	184.500	-69.998	
32	184.600	-69.998	
32	184.700	-69.998	
32	184.800	-69.998	
32	184.900	-69.998	
32	185.000	-69.998	
32	185.100	-69.998	
32	185.200	-69.998	
32	185.300	-69.998	
32	185.400	-69.998	
32	185.500	-69.998	
32	185.600	-69.998	
32	185.700	-69.998	
32	185.800	-69.998	
32	185.900	-69.998	
32	186.000	-69.998	
32	186.100	-69.998	
32	186.200	-69.998	
32	186.300	-69.998	
32	186.400	-69.998	
32	186.500	-69.998	
32	186.600	-69.998	
32	186.700	-69.998	
32	186.800	-69.998	
32	186.900	-69.998	
32	187.000	-69.998	
32	187.100	-69.998	
32	187.200	-69.998	
32	187.300	-69.998	
32	187.400	-69.998	
32	187.500	-69.998	
32	187.600	-69.998	
32	187.700	-69.998	
32	187.800	-69.998	
32	187.900	-69.998	
32	188.000	-69.998	
32	188.100	-69.998	
32	188.200	-69.998	
32	188.300	-69.998	
32	188.400	-69.998	
32	188.500	-69.998	
32	188.600	-69.998	
32	188.700	-69.998	
32	188.800	-69.998	
32	188.900	-69.998	
32	189.000	-69.998	
32	189.100	-69.998	
32	189.200	-69.998	
32	189.300	-69.998	
32	189.400	-69.998	
32	189.500	-69.998	
32	189.600	-69.998	
32	189.700	-69.998	
32	189.800	-69.998	
32	189.900	-69.998	
32	190.000	-69.998	
32	190.100	-69.998	
32	190.200	-69.998	
32	190.300	-69.998	
32	190.400	-69.998	
32	190.500	-69.998	
32	190.600	-69.998	
32	190.700	-69.998	
32	190.800	-69.998	
32	190.900	-69.998	
32	191.000	-69.998	
32	191.100	-69.998	
32	191.200	-69.998	
32	191.300	-69.998	
32	191.400	-69.998	
32	191.500	-69.998	
32	191.600	-69.998	
32	191.700	-69.998	
32	191.800	-69.998	
32	191.900	-69.998	
32	192.000	-69.998	
32	192.100	-69.998	
32	192.200	-69.998	
32	192.300	-69.998	
32	192.400	-69.998	
32	192.500	-69.998	
32	192.600	-69.998	
32	192.700	-69.998	
32	192.800	-69.998	
32	192.900	-69.998	
32	193.000	-69.998	
32	193.100	-69.998	
32	193.200	-69.998	
32	193.300	-69.998	
32	193.400	-69.998	
32	193.500	-69.998	
32	193.600	-69.998	
32	193.700	-69.998	
32	193.800	-69.998	
32	193.900	-69.998	
32	194.000	-69.998	
32	194.100	-69.998	
32	194.200	-69.998	
32	194.300	-69.998	
32	194.400	-69.998	
32	194.500	-69.998	
32	194.600	-69.998	
32	194.700	-69.998	
32	194.800	-69.998	
32	194.900	-69.998	
32	195.000	-69.998	
32	195.100	-69.998	
32	195.200	-69.998	
32	195.300	-69.998	
32	195.400	-69.998	
32	195.500	-69.998	
32	195.600	-69.998	
32	195.700	-69.998	
32	195.800	-69.998	
32	195.900	-69.998	
32	196.000	-69.998	
32	196.100	-69.998	
32	196.200	-69.998	
32	196.300	-69.998	
32	196.400	-69.998	
32	196.500	-69.998	
32	196.600	-69.998	
32	196.700	-69.998	
32	196.800	-69.998	
32	196.900	-69.998	
32	197.000	-69.998	
32	197.100	-69.998	
32	197.200	-69.998	
32	197.300	-69.998	
32	197.400	-69.998	
32	197.500	-69.998	
32	197.600	-69.998	
32	197.700	-69.998	
32	197.800	-69.998	
32	197.900	-69.998	
32	198.000	-69.998	
32	198.100	-69.998	
32	198.200	-69.998	
32	198.300	-69.998	
32	198.400	-69.998	
32	198.500	-69.998	
32	198.600	-69.998	
32	198.700	-69.998	
32	198.800	-69.998	
32	198.900	-69.998	
32	199.000	-69.998	
32	199.100	-69.998	
32	199.200	-69.998	
32	199.300	-69.998	
32	199.400	-69.998	
32	199.500	-69.998	
32	199.600	-69.998	
32	199.700	-69.998	
32	199.800	-69.998	
32	199.900	-69.998	
32	200.000	-69.998	
32	200.100	-69.998	
32	200.200	-69.998	
32	200.300	-69.998	
32	200.400	-69.998	
32	200.500	-69.998	
32	200.600	-69.998	
32	200.700	-69.998	
32	200.800	-69.998	
32	200.900	-69.998	
32	201.000	-69.998	
32	201.100	-69.998	
32	201.200	-69.998	
32	201.300	-69.998	
32	201.400	-69.998	
32	201.500	-69.998	
32	201.600	-69.998	
32	201.700	-69.998	
32	201.800	-69.998	
32	201.900	-69.998	
32	202.000	-69.998	
32	202.100	-69.998	
32	202.200	-69.998	
32	202.300	-69.998	
32	202.400	-69.998	
32	202.500	-69.998	
32	202.600	-69.998	
32	202.700	-69.998	
32	202.800	-69.998	
32	202.900	-69.998	
32	203.000	-69.998	
32	203.100	-69.998	
32	203.200	-69.998	
32	203.300	-69.998	
32	203.400	-69.998	
32	203.500	-69.998	
32	203.600	-69.998	
32	203.700	-69.998	
32	203.800	-69.998	
32	203.900	-69.998	
32	204.000	-69.998	
32	204.100	-69.998	
32	204.200	-69.998	
32	204.300	-69.998	
32	204.400	-69.998	
32	204.500	-69.998	
32	204.600	-69.998	
32	204.700	-69.998	
32	204.800	-69.998	
32	204.900	-69.998	
32	205.000	-69.998	
32	205.100	-69.998	
32	205.200	-69.998	
32	205.300	-69.998	
32	205.400	-69.998	
32	205.500	-69.998	
32	205.600	-69.998	
32	205.700	-69.998	
32	205.800	-69.998	
32	205.900	-69.998	
32	206.000	-69.998	
32	206.100	-69.998	
32	206.200	-69.998	
32	206.300	-69.998	
32	206.400	-69.998	
32	206.500	-69.998	
32	206.600	-69.998	
32	206.700	-69.998	
32	206.800	-69.998	
32	206.900	-69.998	
32	207.000	-69.998	
32	207.100	-69.998	
32	207.200	-69.998	
32	207.300	-69.998	
32	207.400	-69.998	
32	207.500	-69.998	
32	207.600	-69.998	
32	207.700	-69.998	
32	207.800	-69.998	
32	207.900	-69.998	
32	208.000	-69.998	
32	208.100	-69.998	
32	208.200	-69.998	
32	208.300	-69.998	
32	208.400	-69.998	
32	208.500	-69.998	
32	208.600	-69.998	
32	208.700	-69.998	
32	208.800	-69.998	
32	208.900	-69.998	
32	209.000	-69.998	
32	209.100	-69.998	
32	209.200	-69.998	
32	209.300	-69.998	
32	209.400	-69.998	
32	209.500	-69.998	
32	209.600	-69.998	
32	209.700	-69.998	
32	209.800	-69.998	
32	209.900	-69.998	
32	210.000	-69.998	
32	210.100	-69.998	
32	210.200	-69.998	
32	210.300	-69.998	
32	210.400	-69.998	
32	210.500	-69.998	
32	210.600	-69.998	
32	210.700	-69.998	
32	210.800	-69.998	
32	210.900	-69.998	
32	211.000	-69.998	
32	211.100	-69.998	
32	211.200	-69.998	
32	211.300	-69.998	
32	211.400	-69.998	
32	211.500	-69.998	
32	211.600	-69.998	
32	211.700	-69.998	
32	211.800	-69.998	
32	211.900	-69.998	
32	212.000	-69.998	
32	212.100	-69.998	
32	212.200	-69.998	
32	212.300	-69.998	
32	212.400	-69.998	
32	212.500	-69.998	
32	212.600	-69.998	
32	212.700	-69.998	
32	212.800	-69.998	
32	212.900	-69.998	
32	213.000	-69.998	
32	213.100	-69.998	
32	213.200	-69.998	
32	213.300	-69.998	
32	213.400	-69.998	
32	213.500	-69.998	
32	213.600	-69.998	
32	213.700	-69.998	
32	213.800	-69.998	
32	213.900	-69.998	
32	214.000	-69.998	
32	214.100	-69.998	
32	214.200	-69.998	
32	214.300	-69.998	
32	214.400	-69.998	
32	214.500	-69.998	
32	214.600	-69.998	
32	214.700	-69.998	
32	214.800	-69.998	
32	214.900	-69.998	
32	215.000	-69.998	
32	215.100	-69.998	
32	215.200	-69.998	
32	215.300	-69.998	
32	215.400	-69.998	
32	215.500	-69.998	
32	215.600	-69.998	
32	215.700	-69.998	
32	215.800	-69.998	
32	215.900	-69.998	
32	216.000	-69.998	
32	216.100	-69.998	
32	216.200	-69.998	
32	216.300	-69.998	
32	216.400	-69.998	
32	216.500	-69.998	
32	216.600	-69.998	
32	216.700	-69.998	
32	216.800	-69.998	
32	216.900	-69.998	
32	217.000	-69.998	
32	217.100	-69.998	
32	217.200	-69.998	
32	217.300	-69.998	
32	217.400	-69.998	
32	217.500	-69.998	
32	217.600	-69.998	
32	217.700	-69.998	
32	217.800	-69.998	
32	217.900	-69.998	
32	218.000	-69.998	
32	218.100	-69.998	
32	218.200	-69.998	
32	218.300	-69.998	
32	218.400	-69.998	
32	218.500	-69.998	
32	218.600	-69.998	
32	218.700	-69.998	
32	218.800	-69.998	
32	218.900	-69.998	
32	219.000	-69.998	
32	219.100	-69.998	
32	219.200	-69.998	
32	219.300	-69.998	
32	219.400	-69.998	
32	219.500	-69.998	
32	219.600	-69.998	
32	219.700	-69.998	
32	219.800	-69.998	
32	219.900	-69.998	
32	220.000	-69.998	
32	220.100	-69.998	
32	220.200	-69.998	
32	220.300	-69.998	
32	220.400	-69.998	
32	220.500	-69.998	
32	220.600	-69.998	
32	220.700	-69.998	
32	220.800	-69.998	
32	220.900	-69.998	
32	221.000	-69.998	
32	221.100	-69.998	
32	221.200	-69.998	
32	221.300	-69.998	
32	221.400	-69.998	
32	221.500	-69.998	
32	221.600	-69.998	
32	221.700	-69.998	
32	221.800	-69.998	
32	221.900	-69.998	
32	222.000	-69.998	
32	222.100	-69.998	
32	222.200	-69.998	
32	222.300	-69.998	
32	222.400	-69.998	
32	222.500	-69.998	
32	222.600	-69.998	
32	222.700	-69.998	
32	222.800	-69.998	
32	222.900	-69.998	
32	223.000	-69.998	
32	223.100	-69.998	
32	223.200	-69.998	
32	223.300	-69.998	
32	223.400	-69.998	
32	223.500	-69.998	
32	223.600	-69.998	
32	223.700	-69.998	
32	223.800	-69.998	
32	223.900	-69.998	
32	224.000	-69.998	
32	224.100	-69.998	
32	224.200	-69.998	
32	224.300	-69.998	
32	224.400	-69.998	
32	224.500	-69.998	
32	224.600	-69.998	
32	224.700	-69.998	
32	224.800	-69.998	
32	224.900	-69.998	
32	225.000	-69.998	
32	225.100	-69.998	
32	225.200	-69.998	
32	225.300	-69.998	
32	225.400	-69.998	
32	225.500	-69.998	
32	225.600	-69.998	
32	225.700	-69.998	
32	225.800	-69.998	
32	225.900	-69.998	
32	226.000	-69.998	
32	226.100	-69.998	
32	226.200	-69.998	
32	226.300	-69.998	
32	226.400	-69.998	
32	226.500	-69.998	
32	226.600	-69.998	
32	226.700	-69.998	
32	226.800	-69.998	
32	226.900	-69.998	
32	227.000	-69.998	
32	227.100	-69.998	
32	227.200	-69.998	
32	227.300	-69.998	
32	227.400	-69.998	
32	227.500	-69.998	
32	227.600	-69.998	
32	227.700	-69.998	
32	227.800	-69.998	
32	227.900	-69.998	
32	228.000	-69.998	
32	228.100	-69.998	
32	228.200	-69.998	
32	228.300	-69.998	
32	228.400	-69.998	
32	228.500	-69.998	
32	228.600	-69.998	
32	228.700	-69.998	
32	228.800	-69.998	
32	228.900	-69.998	
32	229.000	-69.998	
32	229.100	-69.998	
32	229.200	-69.998	
32	229.300	-69.998	
32	229.400	-69.998	
32	229.500	-69.998	
32	229.600	-69.998	
32	229.700	-69.998	
32	229.800	-69.998	
32	229.900	-69.998	
32	230.000	-69.998	
32	230.100	-69.998	
32	230.200	-69.998	
32	230.300	-69.998	
32	230.400	-69.998	
32	230.500	-69.998	
32	230.600	-69.998	
32	230.700	-69.998	
32	230.800	-69.998	
32	230.900	-69.998	
32	231.000	-69.998	
32	231.100	-69.998	
32	231.200	-69.998	
32	231.300	-69.998	
32	231.400	-69.998	
32	231.500	-69.998	
32	231.600	-69.998	
32	231.700	-69.998	
32	231.800	-69.998	
32	231.900	-69.998	
32	232.000	-69.998	
32	232.100	-69.998	
32	232.200	-69.998	
32	232.300	-69.998	
32	232.400	-69.998	
32	232.500	-69.998	
32	232.600	-69.998	
32	232.700	-69.998	
32	232.800	-69.998	
32	232.900	-69.998	
32	233.000	-69.998	
32	233.100	-69.998	
32	233.200	-69.998	
32	233.300	-69.998	
32	233.400	-69.998	
32	233.500	-69.998	
32	233.600	-69.998	
32	233.700	-69.998	
32	233.800	-69.998	
32	233.900	-69.998	
32	234.000	-69.998	
32	234.100	-69.998	
32	234.200	-69.998	
32	234.300	-69.998	
32	234.400	-69.998	
32	234.500	-69.998	
32	234.600	-69.998	
32	234.700	-69.998	
32	234.800	-69.998	
32	234.900	-69.998	
32	235.000	-69.998	
32	235.100	-69.998	
32	235.200	-69.998	
32	235.300	-69.998	
32	235.400	-69.998	
32	235.500	-69.998	
32	235.600	-69.998	
32	235.700	-69.998	
32	235.800	-69.998	
32	235.900	-69.998	
32	236.000	-69.998	
32	236.100	-69.998	
32	236.200	-69.998	
32	236.300	-69.998	
32	236.400	-69.998	
32	236.500	-69.998	
32	236.600	-69.998	
32	236.700	-69.998	
32	236.800	-69.998	
32	236.900	-69.998	
32	237.000	-69.998	
32	237.100	-69.998	
32	237.200	-69.998	
32	237.300	-69.998	
32	237.400	-69.998	
32	237.500	-69.998	
32	237.600	-69.998	
32	237.700	-69.998	
32	237.800	-69.998	
32	237.900	-69.998	
32	238.000	-69.998	
32	238.100	-69.998	
32	238.200	-69.998	
32	238.300	-69.998	
32	238.400	-69.998	
32	238.500	-69.998	
32	238.600	-69.998	
32	238.700	-69.998	
32	238.800	-69.998	
32	238.900	-69.998	
32	239.000	-69.998	
32	239.100	-69.998	
32	239.200	-69.998	
32	239.300	-69.998	
32	239.400	-69.998	
32	239.500	-69.998	
32	239.600	-69.998	
32	239.700	-69.998	
32	239.800	-69.998	
32	239.900	-69.998	
32	240.000	-69.998	
32	240.100	-69.998	
32	240.200	-69.998	
32	240.300	-69.998	
32	240.400	-69.998	
32	240.500	-69.998	
32	240.600	-69.998	
32	240.700	-69.998	
32	240.800	-69.998	
32	240.900	-69.998	
32	241.000	-69.998	
32	241.100	-69.998	
32	241.200	-69.998	
32	241.300	-69.998	
32	241.400	-69.998	
32	241.500	-69.998	
32	241.600	-69.998	
32	241.700	-69.998	
32	241.800	-69.998	
32	241.900	-69.998	
32	242.000	-69.998	
32	242.100	-69.998	
32	242.200	-69.998	
32	242.300	-69.998	
32	242.400	-69.998	
32	242.500	-69.998	
32	242.600	-69.998	
32	242.700	-69.998	
32	242.800	-69.998	
32	242.900	-69.998	
32	243.000	-69.998	
32	243.100	-69.998	
32	243.200	-69.998	
32	243.300	-69.998	
32	243.400	-69.998	
32	243.500	-69.998	
32	243.600	-69.998	
32	243.700	-69.998	
32	243.800	-69.998	
32	243.900	-69.998	
32	244.000	-69.998	
32	244.100	-69.998	
32	244.200	-69.998	
32	244.300	-69.998	
32	244.400	-69.998	
32	244.500	-69.998	
32	244.600	-69.998	
32	244.700	-69.998	
32	244.800	-69.998	
32	244.900	-69.998	
32	245.000	-69.998	
32	245.100	-69.998	
32	245.200	-69.998	
32	245.300	-69.998	
32	245.400	-69.998	
32	245.500	-69.998	
32	245.600	-69.998	
32	245.700	-69.998	
32	245.800	-69.998	
32	245.900	-69.998	
32	246.000	-69.998	
32	246.100	-69.998	
32	246.200	-69.998	
32	246.300	-69.998	
32	246.400	-69.998	
32	246.500	-69.998	
32	246.600	-69.998	
32	246.700	-69.998	
32	246.800	-69.998	
32	246.900	-69.998	
32	247.000	-69.998	
32	247.100	-69.998	
32	247.200	-69.998	
32	247.300	-69.998	
32	247.400	-69.998	
32	247.500	-69.998	
32	247.600	-69.998	
32	247.700	-69.998	
32	247.800	-69.998	
32	247.900	-69.998	
32	248.000	-69.998	
32	248.100	-69.998	
32	248.200	-69.998	
32	248.300	-69.998	
32	248.400	-69.998	
32	248.500	-69.998	
32	248.600	-69.998	
32	248.700	-69.998	
32	248.800	-69.998	
32	248.900	-69.998	
32	249.000	-69.998	
32	249.100	-69.998	
32	249.200	-69.998	
32	249.300	-69.998	
32	249.400	-69.998	
32	249.500	-69.998	
32	249.600	-69.998	
32	249.700	-69.998	
32	249.800	-69.998	
32	249.900	-69.998	
32	250.000	-69.998	
32	250.100	-69.998	
32	250.200	-69.998	
32	250.300	-69.998	
32	250.400	-69.998	
32	250.500	-69.998	
32	250.600	-69.998	
32	250.700	-69.998	
32	250.800	-69.998	
32	250.900	-69.998	
32	251.000	-69.998	
32	251.100	-69.998	
32	251.200	-69.998	
32	251.300	-69.998	
32	251.400	-69.998	
32	251.500	-69.998	
32	251.600	-69.998	
32	251.700	-69.998	
32	251.800	-69.998	
32	251.900	-69.998	
32	252.000	-69.998	
32	252.100	-69.998	
32	252.200	-69.998	
32	252.300	-69.998	
32	252.400	-69.998	
32	252.500	-69.998	
32	252.600	-69.998	
32	252.700	-69.998	
32	252.800	-69.998	
32	252.900	-69.998	
32	253.000	-69.998	
32	253.100	-69.998	
32	253.200	-69.998	
32	253.300	-69.998	
32	253.400	-69.998	
32	253.500	-69.998	
32	253.600	-69.998	
32	253.700	-69.998	
32	253.800	-69.998	
32	253.900	-69.998	
32	254.000	-69.998	
32	254.100	-69.998	
32	254.200	-69.998	
32	254.300	-69.998	
32	254.400	-69.998	
32	254.500	-69.998	
32	254.600	-69.998	
32	254.700	-69.998	
32	254.800	-69.998	
32	254.900	-69.998	
32	255.000	-69.998	
32	255.100	-69.998	
32	255.200	-69.998	
32	255.300	-69.998	
32	255.400	-69.998	
32	255.500	-69.998	
32	255.600	-69.998	
32	255.700	-69.998	
32	255.800	-69.998	
32	255.900	-69.998	
32	256.000	-69.998	
32	256.100	-69.998	
32	256.200	-69.998	
32	256.300	-69.998	
32	256.400	-69.998	
32	256.500	-69.998	
32	256.600	-69.998	
32	256.700	-69.998	
32	256.800	-69.998	
32	256.900	-69.998	
32	257.000	-69.998	
32	257.100	-69.998	
32	257.200	-69.998	
32	257.300	-69.998	
32	257.400	-69.998	
32	257.500	-69.998	
32	257.600	-69.998	
32	257.700	-69.998	
32	257.800	-69.998	
32	257.900	-69.998	
32	258.000	-69.998	
32	258.100	-69.998	
32	258.200	-69.998	
32	258.300	-69.998	
32	258.400	-69.998	
32	258.500	-69.998	
32	258.600	-69.998	
32	258.700	-69.998	
32	258.800	-69.998	
32	258.900	-69.998	
32	259.000	-69.998	
32	259.100	-69.998	
32	259.200	-69.998	
32	259.300	-69.998	
32	259.400	-69.998	
32	259.500	-69.998	
32	259.600	-69.998	
32	259.700	-69.998	
32	259.800	-69.998	
32	259.900	-69.998	
32	260.000	-69.998	
32	260.100	-69.998	
32	260.200	-69.998	
32	260.300	-69.998	
32	260.400	-69.998	
32	260.500	-69.998	
32	260.600	-69.998	
32	260.700	-69.998	
32	260.800	-69.998	
32	260.900	-69.998	
32	261.000	-69.998	
32	261.100	-69.998	
32	261.200	-69.998	
32	261.300	-69.998	
32	261.400	-69.998	
32	261.500	-69.998	
32	261.600	-69.998	
32	261.700	-69.998	
32	261.800	-69.998	
32	261.900	-69.998	
32	262.000	-69.998	
32	262.100	-69.998	
32	262.200	-69.998	
32	262.300	-69.998	
32	262.400	-69.998	
32	262.500	-69.998	
32	262.600	-69.998	
32	262.700	-69.998	
32	262.800	-69.998	
32	262.900	-69.998	
32	263.000	-69.998	
32	263.100	-69.998	
32	263.200	-69.998	
32	263.300	-69.998	
32	263.400	-69.998	
32	263.500	-69.998	
32	263.600	-69.998	
32	263.700	-69.998	
32	263.800	-69.998	
32	263.900	-69.998	
32	264.000	-69.998	
32	264.100	-69.998	
32	264.200	-69.998	
32	264.300	-69.998	
32	264.400	-69.998	
32	264.500	-69.998	
32	264.600	-69.998	
32	264.700	-69.998	
32	264.800	-69.998	
32	264.900	-69.998	
32	265.000	-69.998	
32	265.100	-69.998	
32	265.200	-69.998	
32	265.300	-69.998	
32	265.400	-69.998	
32	265.500	-69.998	
32	265.600	-69.998	
32	265.700	-69.998	
32	265.800	-69.998	
32	265.900	-69.998	
32	266.000	-69.998	
32	266.100	-69.998	
32	266.200	-69.998	
32	266.300	-69.998	
32	266.400	-69.998	
32	266.500	-69.998	
32	266.600	-69.998	
32	266.700	-69.998	
32	266.800	-69.998	
32	266.900	-69.998	
32	267.000	-69.998	
32	267.100	-69.998	
32	267.200	-69.998	
32	267.300	-69.998	
32	267.400	-69.998	
32	267.500	-69.998	
32	267.600	-69.998	
32	267.700	-69.998	
32	267.800	-69.998	
32	267.900	-69.998	
32	268.000	-69.998	
32	268.100	-69.998	
32	268.200	-69.998	
32	268.300	-69.998	
32	268.400	-69.998	
32	268.500	-69.998	
32	268.600	-69.998	
32	268.700	-69.998	
32	268.800	-69.998	
32	268.900	-69.998	
32	269.000	-69.998	
32	269.100	-69.998	
32	269.200	-69.998	
32	269.300	-69.998	
32	269.400	-69.998	
32	269.500	-69.998	
32	269.600	-69.998	
32	269.700	-69.998	
32	269.800	-69.998	
32	269.900	-69.998	
32	270.000	-69.998	
32	270.100	-69.998	
32	270.200	-69.998	
32	270.300	-69.998	
32	270.400	-69.998	
32	270.500	-69.998	
32	270.600	-69.998	
32	270.700	-69.998	
32	270.800	-69.998	
32	270.900	-69.998	
32	271.000	-69.998	
32	271.100	-69.998	
32	271.200	-69.998	
32	271.300	-69.998	
32	271.400	-69.998	
32	271.500	-69.998	
32	271.600	-69.998	
32	271.700	-69.998	
32	271.800	-69.998	
32	271.900	-69.998	
32	272.000	-69.998	
32	272.100	-69.998	
32	272.200	-69.998	
32	272.300	-69.998	
32	272.400	-69.998	
32	272.500	-69.998	
32	272.600	-69.998	
32	272.700	-69.998	
32	272.800	-69.998	
32	272.900	-69.998	
32	273.000	-69.998	
32	273.100	-69.998	
32	273.200	-69.998	
32	273.300	-69.998	
32	273.400	-69.998	
32	273.500	-69.998	
32	273.600	-69.998	
32	273.700	-69.998	
32	273.800	-69.998	
32	273.900	-69.998	
32	274.000	-69.998	
32	274.100	-69.998	
32	274.200	-69.998	
32	274.300	-69.998	
32	274.400	-69.998	
32	274.500	-69.998	
32	274.600	-69.998	
32	274.700	-69.998	
32	274.800	-69.998	
32	274.900	-69.998	
32	275.000	-69.998	
32	275.100	-69.998	
32	275.200	-69.998	
32	275.300	-69.998	
32	275.400	-69.998	
32	275.500	-69.998	
32	275.600	-69.998	
32	275.700	-69.998	
32	275.800	-69.998	
32	275.900	-69.998	
32	276.000	-69.998	
32	276.100	-69.998	
32	276.200	-69.998	
32	276.300	-69.998	
32	276.400	-69.998	
32	276.500	-69.998	
32	276.600	-69.998	
32	276.700	-69.998	
32	276.800	-69.998	
32	276.900	-69.998	
32	277.000	-69.998	
32	277.100	-69.998	
32	277.200	-69.998	
32	277.300	-69.998	
32	277.400	-69.998	
32	277.500	-69.998	
32	277.600	-69.998	
32	277.700	-69.998	
32	277.800	-69.998	
32	277.900	-69.998	
32	278.000	-69.998	
32	278.100	-69.998	
32	278.200	-69.998	
32	278.300	-69.998	
32	278.400	-69.998	
32	278.500	-69.998	
32	278.600	-69.998	
32	278.700	-69.998	
32	278.800	-69.998	
32	278.900	-69.998	
32	279.000	-69.998	
32	279.100	-69.998	
32	279.200	-69.998	
32	279.300	-69.998	
32	279.400	-69.998	
32	279.500	-69.998	
32	279.600	-69.998	
32	279.700	-69.998	
32	279.800	-69.998	
32	279.900	-69.998	
32	280.000	-69.998	
32	280.100	-69.998	
32	280.200	-69.998	
32	280.300	-69.998	
32	280.400	-69.998	
32	280.500	-69.998	
32	280.600	-69.998	
32	280.700	-69.998	
32	280.800	-69.998	
32	280.900	-69.998	
32	281.000	-69.998	
32	281.100	-69.998	
32	281.200	-69.998	
32	281.300	-69.998	
32	281.400	-69.998	
32	281.500	-69.998	
32	281.600	-69.998	
32	281.700	-69.998	
32	281.800	-69.998	
32	281.900	-69.998	
32	282.000	-69.998	
32	282.100	-69.998	
32	282.200	-69.998	
32	282.300	-69.998	
32	282.400	-69.998	
32	282.500	-69.998	
32	282.600	-69.998	
32	282.700	-69.998	
32	282.800	-69.998	
32	282.900	-69.998	
32	283.000	-69.998	
32	283.100	-69.998	
32	283.200	-69.998	
32	283.300	-69.998	
32	283.400	-69.998	
32	283.500	-69.998	
32	283.600	-69.998	
32	283.700	-69.998	
32	283.800	-69.998	
32	283.900	-69.998	
32	284.000	-69.998	
32	284.100	-69.998	
32	284.200	-69.998	
32	284.300	-69.998	
32	284.400	-69.998	
32	284.500	-69.998	
32	284.600	-69.998	
32	284.700	-69.998	
32	284.800	-69.998	
32	284.900	-69.998	
32	285.000	-69.998	
32	285.100	-69.998	
32	285.200	-69.998	
32	285.300	-69.998	
32	285.400	-69.998	
32	285.500	-69.998	
32	285.600	-69.998	
32	285.700	-69.998	
32	285.800	-69.998	
32	285.900	-69.998	
32	286.000	-69.998	
32	286.100	-69.998	
32	286.200	-69.998	
32	286.300	-69.998	
32	286.400	-69.998	
32	286.500	-69.998	
32	286.600	-69.998	
32	286.700	-69.998	
32	286.800	-69.998	
32	286.900	-69.998	
32	287.000	-69.998	
32	287.100	-69.998	
32	287.200	-69.998	
32	287.300	-69.998	
32	287.400	-69.998	
32	287.500	-69.998	
32	287.600	-69.998	
32	287.700	-69.998	
32	287.800	-69.998	
32	287.900	-69.998	
32	288.000	-69.998	
32	288.100	-69.998	
32	288.200	-69.998	
32	288.300	-69.998	
32	288.400	-69.998	
32	288.500	-69.998	
32	288.600	-69.998	
32	288.700	-69.998	
32	288.800	-69.998	
32	288.900	-69.998	
32	289.000	-69.998	
32	289.100	-69.998	
32	289.200	-69.998	
32	289.300	-69.998	
32	289.400	-69.998	
32	289.500	-69.998	
32	289.600	-69.998	
32	289.700	-69.998	
32	289.800	-69.998	
32	289.900	-69.998	
32	290.000	-69.998	
32	290.100	-69.998	
32	290.200	-69.998	
32	290.300	-69.998	
32	290.400	-69.998	
32	290.500	-69.998	
32	290.600	-69.998	
32	290.700	-69.998	
32	290.800	-69.998	
32	290.900	-69.998	
32	291.000	-69.998	
32	291.100	-69.998	
32	291.200	-69.998	
32	291.300	-69.998	
32	291.400	-69.998	
32	291.500	-69.998	
32	291.600	-69.998	
32	291.700	-69.998	
32	291.800	-69.998	
32	291.900	-69.998	
32	292.000	-69.998	
32	292.100	-69.998	
32	292.200	-69.998	
32	292.300	-69.998	
32	292.400	-69.998	
32	292.500	-69.998	
32	292.600	-69.998	
32	292.700	-69.998	
32	292.800	-69.998	
32	292.900	-69.998	
32	293.000	-69.998	
32	293.100	-69.998	
32	293.200	-69.998	
32	293.300	-69.998	
32	293.400	-69.998	
32	293.500	-69.998	
32	293.600	-69.998	
32	293.700	-69.998	
32	293.800	-69.998	
32	293.900	-69.998	
32	294.000	-69.998	
32	294.100	-69.998	
32	294.200	-69.998	
32	294.300	-69.998	
32	294.400	-69.998	
32	294.500	-69.998	
32	294.600	-69.998	
32	294.700	-69.998	
32	294.800	-69.998	
32	294.900	-69.998	
32	295.000	-69.998	
32	295.100	-69.998	
32	295.200	-69.998	
32	295.300	-69.998	
32	295.400	-69.998	
32	295.500	-69.998	
32	295.600	-69.998	
32	295.700	-69.998	
32	295.800	-69.998	
32	295.900	-69.998	
32	296.000	-69.998	
32	296.100	-69.998	
32	296.200	-69.998	
32	296.300	-69.998	
32	296.400	-69.998	
32	296.500	-69.998	
32	296.600	-69.998	
32	296.700	-69.998	
32	296.800	-69.998	
32	296.900	-69.998	
32	297.000	-69.998	
32	297.100	-69.998	
32	297.200	-69.998	
32	297.300	-69.998	
32	297.400	-69.998	
32	297.500	-69.998	
32	297.600	-69.998	
32	297.700	-69.998	
32	297.800	-69.998	
32	297.900	-69.998	
32	298.000	-69.998	
32	298.100	-69.998	
32	298.200	-69.998	
32	298.300	-69.998	
32	298.400	-69.998	
32	298.500	-69.998	
32	298.600	-69.998	
32	298.700	-69.998	
32	298.800	-69.998	
32	298.900	-69.998	
32	299.000	-69.998	
32	299.100	-69.998	
32	299.200	-69.998	
32	299.300	-69.998	
32	299.400	-69.998	
32	299.500	-69.998	
32	299.600	-69.998	
32	299.700	-69.998	
32	299.800	-69.998	
32	299.900	-69.998	
32	300.000	-69.998	
32	300.100	-69.998	
32	300.200	-69.998	
32	300.300	-69.998	
32	300.400	-69.998	
32	300.500	-69.998	
32	300.600	-69.998	
32	300.700	-69.998	
32	300.800	-69.998	
32	300.900	-69.998	
32	301.000	-69.998	
32	301.100	-69.998	
32	301.200	-69.998	
32	301.300	-69.998	
32	301.400	-69.998	
32	301.500	-69.998	
32	301.600	-69.998	
32	301.700	-69.998	
32	301.800	-69.998	
32	301.900	-69.998	
32	302.000	-69.998	
32	302.100	-69.998	
32	302.200	-69.998	
32	302.300	-69.998	
32	302.400	-69.998	
32	302.500	-69.998	
32	302.600	-69.998	
32	302.700	-69.998	
32	302.800	-69.998	
32	302.900	-69.998	
32	303.000	-69.998	
32	303.100	-69.998	
32	303.200	-69.998	
32	303.300	-69.998	
32	303.400	-69.998	
32	303.500	-69.998	
32	303.600	-69.998	
32	303.700	-69.998	
32	303.800	-69.998	
32	303.900	-69.998	
32	304.000	-69.998	
32	304.100	-69.998	
32	304.200	-69.998	
32	304.300	-69.998	
32	304.400	-69.998	
32	304.500	-69.998	
32	304.600	-69.998	
32	304.700	-69.998	
32	304.800	-69.998	
32	304.900	-69.998	
32	305.000	-69.998	
32	305.100	-69.998	
32	305.200	-69.998	
32	305.300	-69.998	
32	305.400	-69.998	
32	305.500	-69.998	
32	305.600	-69.998	
32	305.700	-69.998	
32	305.800	-69.998	
32	305.900	-69.998	
32	306.000	-69.998	
32	306.100	-69.998	
32	306.200	-69.998	
32	306.300	-69.998	
32	306.400	-69.998	
32	306.500	-69.998	
32	306.600	-69.998	
32	306.700	-69.998	
32	306.800	-69.998	
32	306.900	-69.998	
32	307.000	-69.998	
32	307.100	-69.998	
32	307.200	-69.998	
32	307.300	-69.998	
32	307.400	-69.998	
32	307.500	-69.998	
32	307.600	-69.998	
32	307.700	-69.998	
32	307.800	-69.998	
32	307.900	-69.998	
32	308.000	-69.998	
32	308.100	-69.998	
32	308.200	-69.998	
32	308.300	-69.998	
32	308.400	-69.998	
32	308.500	-69.998	
32	308.600	-69.998	
32	308.700	-69.998	
32	308.800	-69.998	
32	308.900	-69.998	
32	309.000	-69.998	
32	309.100	-69.998	
32	309.200	-69.998	
32	309.300	-69.998	
32	309.400	-69.998	
32	309.500	-69.998	
32	309.600	-69.998	
32	309.700	-69.998	
32	309.800	-69.998	
32	309.900	-69.998	
32	310.000	-69.998	
32	310.100	-69.998	
32	310.200	-69.998	
32	310.300	-69.998	
32	310.400	-69.998	
32	310.500	-69.998	
32	310.600	-69.998	
32	310.700	-69.998	
32	310.800	-69.998	
32	310.900	-69.998	
32	311.000	-69.998	
32	311.100	-69.998	
32	311.200	-69.998	
32	311.300	-69.998	
32	311.400	-69.998	
32	311.500	-69.998	
32	311.600	-69.998	
32	311.700	-69.998	
32	311.800	-69.998	
32	311.900	-69.998	
32	312.000	-69.998	
32	312.100	-69.998	
32	312.200	-69.998	
32	312.300	-69.998	
32	312.400	-69.998	
32	312.500	-69.998	
32	312.600	-69.998	
32	312.700	-69.998	
32	312.800	-69.998	
32	312.900	-69.998	
32	313.000	-69.998	
32	313.100	-69.998	
32	313.200	-69.998	
32	313.300	-69.998	
32	313.400	-69.998	
32	313.500	-69.998	
32	313.600	-69.998	
32	313.700	-69.998	
32	313.800	-69.998	
32	313.900	-69.998	
32	314.000	-69.998	
32	314.100	-69.998	
32	314.200	-69.998	
32	314.300	-69.998	
32	314.400	-69.998	
32	314.500	-69.998	
32	314.600	-69.998	
32	314.700	-69.998	
32	314.800	-69.998	
32	314.900	-69.998	
32	315.000	-69.998	
32	315.100	-69.998	
32	315.200	-69.998	
32	315.300	-69.998	
32	315.400	-69.998	
32	315.500	-69.998	
32	315.600	-69.998	
32	315.700	-69.998	
32	315.800	-69.998	
32	315.900	-69.998	
32	316.000	-69.998	
32	316.100	-69.998	
32	316.200	-69.998	
32	316.300	-69.998	
32	316.400	-69.998	
32	316.500	-69.998	
32	316.600	-69.998	
32	316.700	-69.998	
32	316.800	-69.998	
32	316.900	-69.998	
32	317.000	-69.998	
32	317.100	-69.998	
32	317.200	-69.998	
32	317.300	-69.998	
32	317.400	-69.998	
32	317.500	-69.998	
32	317.600	-69.998	
32	317.700	-69.998	
32	317.800	-69.998	
32	317.900	-69.998	
32	318.000	-69.998	
32	318.100	-69.998	
32	318.200	-69.998	
32	318.300	-69.998	
32	318.400	-69.998	
32	318.500	-69.998	
32	318.600	-69.998	
32	318.700	-69.998	
32	318.800	-69.998	
32	318.900	-69.998	
32	319.000	-69.998	
32	319.100	-69.998	
32	319.200	-69.998	
32	319.300	-69.998	
32	319.400	-69.998	
32	319.500	-69.998	
32	319.600	-69.998	
32	319.700	-69.998	
32	319.800	-69.998	
32	319.900	-69.998	
32	320.000	-69.998	
32	320.100	-69.998	
32	320.200	-69.998	
32	320.300	-69.998	
32	320.400	-69.998	
32	320.500	-69.998	
32	320.600	-69.998	
32	320.700	-69.998	
32	320.800	-69.998	
32	320.900	-69.998	
32	321.000	-69.998	
32	321.100	-69.998	
32	321.200	-69.998	
32	321.300	-69.998	
32	321.400	-69.998	
32	321.500	-69.998	
32	321.600	-69.998	
32	321.700	-69.998	
32	321.800	-69.998	
32	321.900	-69.998	
32	322.000	-69.998	
32	322.100	-69.998	
32	322.200	-69.998	
32	322.300	-69.998	
32	322.400	-69.998	
32	322.500	-69.998	
32	322.600	-69.998	
32	322.700	-69.998	
32	322.800	-69.998	
32	322.900	-69.998	
32	323.000	-69.998	
32	323.100	-69.998	
32	323.200	-69.998	
32	323.300	-69.998	
32	323.400	-69.998	
32	323.500	-69.998	
32	323.600	-69.998	
32	323.700	-69.998	
32	323.800	-69.998	
32	323.900	-69.998	
32	324.000	-69.998	
32	324.100	-69.998	
32	324.200	-69.998	
32	324.300	-69.998	
32	324.400	-69.998	
32	324.500	-69.998	
32	324.600	-69.998	
32	324.700	-69.998	
32	324.800	-69.998	
32	324.900	-69.998	
32	325.000	-69.998	
32	325.100	-69.998	
32	325.200	-69.998	
32	325.300	-69.998	
32	325.400	-69.998	
32	325.500	-69.998	
32	325.600	-69.998	
32	325.700	-69.998	
32	325.800	-69.998	
32	325.900	-69.998	
32	326.000	-69.998	
32	326.100	-69.998	
32	326.200	-69.998	
32	326.300	-69.998	
32	326.400	-69.998	
32	326.500	-69.998	
32	326.600	-69.998	
32	326.700	-69.998	
32	326.800	-69.998	
32	326.900	-69.998	
32	327.000	-69.998	
32	327.100	-69.998	
32	327.200	-69.998	
32	327.300	-69.998	
32	327.400	-69.998	
32	327.500	-69.998	
32	327.600	-69.998	
32	327.700	-69.998	
32	327.800	-69.998	
32	327.900	-69.998	
32	328.000	-69.998	
32	328.100	-69.998	
32	328.200	-69.998	
32	328.300	-69.998	
32	328.400	-69.998	
32	328.500	-69.998	
32	328.600	-69.998	
32	328.700	-69.998	
32	328.800	-69.998	
32	328.900	-69.998	
32	329.000	-69.998	
32	329.100	-69.998	
32	329.200	-69.998	
32	329.300	-69.998	
32	329.400	-69.998	
32	329.500	-69.998	
32	329.600	-69.998	
32	329.700	-69.998	
32	329.800	-69.998	
32	329.900	-69.998	
32	330.000	-69.998	
32	330.100	-69.998	
32	330.200	-69.998	
32	330.300	-69.998	
32	330.400	-69.998	
32	330.500	-69.998	
32	330.600	-69.998	
32	330.700	-69.998	
32	330.800	-69.998	
32	330.900	-69.998	
32	331.000	-69.998	
32	331.100	-69.998	
32	331.200	-69.998	
32	331.300	-69.998	
32	331.400	-69.998	
32	331.500	-69.998	
32	331.600	-69.998	
32	331.700	-69.998	
32	331.800	-69.998	
32	331.900	-69.998	
32	332.000	-69.998	
32	332.100	-69.998	
32	332.200	-69.998	
32	332.300	-69.998	
32	332.400	-69.998	
32	332.500	-69.998	
32	332.600	-69.998	
32	332.700	-69.998	
32	332.800	-69.998	
32	332.900	-69.998	
32	333.000	-69.998	
32	333.100	-69.998	
32	333.200	-69.998	
32	333.300	-69.998	
32	333.400	-69.998	
32	333.500	-69.998	
32	333.600	-69.998	
32	333.700	-69.998	
32	333.800	-69.998	
32	333.900	-69.998	
32	334.000	-69.998	
32	334.100	-69.998	
32	334.200	-69.998	
32	334.300	-69.998	
32	334.400	-69.998	
32	334.500	-69.998	
32	334.600	-69.998	
32	334.700	-69.998	
32	334.800	-69.998	
32	334.900	-69.998	
32	335.000	-69.998	
32	335.100	-69.998	
32	335.200	-69.998	
32	335.300	-69.998	
32	335.400	-69.998	
32	335.500	-69.998	
32	335.600	-69.998	
32	335.700	-69.998	
32	335.800	-69.998	
32	335.900	-69.998	
32	336.000	-69.998	
32	336.100	-69.998	
32	336.200	-69.998	
32	336.300	-69.998	
32	336.400	-69.998	
32	336.500	-69.998	
32	336.600	-69.998	
32	336.700	-69.998	
32	336.800	-69.998	
32	336.900	-69.998	
32	337.000	-69.998	
32	337.100	-69.998	
32	337.200	-69.998	
32	337.300	-69.998	
32	337.400	-69.998	
32	337.500	-69.998	
32	337.600	-69.998	
32	337.700	-69.998	
32	337.800	-69.998	
32	337.900	-69.998	
32	338.000	-69.998	
32	338.100	-69.998	
32	338.200	-69.998	
32	338.300	-69.998	
32	338.400	-69.998	
32	338.500	-69.998	
32	338.600	-69.998	
32	338.700	-69.998	
32	338.800	-69.998	
32	338.900	-69.998	
32	339.000	-69.998	
32	339.100	-69.998	
32	339.200	-69.998	
32	339.300	-69.998	
32	339.400	-69.998	
32	339.500	-69.998	
32	339.600	-69.998	
32	339.700	-69.998	
32	339.800	-69.998	
32	339.900	-69.998	
32	340.000	-69.998	
32	340.100	-69.998	
32	340.200	-69.998	
32	340.300	-69.998	
32	340.400	-69.998	
32	340.500	-69.998	
32	340.600	-69.998	
32	340.700	-69.998	
32	340.800	-69.998	
32	340.900	-69.998	
32	341.000	-69.998	
32	341.100	-69.998	
32	341.200	-69.998	
32	341.300	-69.998	
32	341.400	-69.998	
32	341.500	-69.998	
32	341.600	-69.998	
32	341.700	-69.998	
32	341.800	-69.998	
32	341.900	-69.998	
32	342.000	-69.998	
32	342.100	-69.998	
32	342.200	-69.998	
32	342.300	-69.998	
32	342.400	-69.998	
32	342.500	-69.998	
32	342.600	-69.998	
32	342.700	-69.998	
32	342.800	-69.998	
32	342.900	-69.998	
32	343.000	-69.998	
32	343.100	-69.998	
32	343.200	-69.998	
32	343.300	-69.998	
32	343.400	-69.998	
32	343.500	-69.998	
32	343.600	-69.998	
32	343.700	-69.998	
32	343.800	-69.998	
32	343.900	-69.998	
32	344.000	-69.998	
32	344.100	-69.998	
32	344.200	-69.998	
32	344.300	-69.998	
32	344.400	-69.998	
32	344.500	-69.998	
32	344.600	-69.998	
32	344.700	-69.998	
32	344.800	-69.998	
32	344.900	-69.998	
32	345.000	-69.998	
32	345.100	-69.998	
32	345.200	-69.998	
32	345.300	-69.998	
32	345.400	-69.998	
32	345.500	-69.998	
32	345.600	-69.998	
32	345.700	-69.998	
32	345.800	-69.998	
32	345.900	-69.998	
32	346.000	-69.998	
32	346.100	-69.998	
32	346.200	-69.998	
32	346.300	-69.998	
32	346.400	-69.998	
32	346.500	-69.998	
32	346.600	-69.998	
32	346.700	-69.998	
32	346.800	-69.998	
32	346.900	-69.998	
32	347.000	-69.998	
32	347.100	-69.998	
32	347.200	-69.998	
32	347.300	-69.998	
32	347.400	-69.998	
32	347.500	-69.998	
32	347.600	-69.998	
32	347.700	-69.998	
32	347.800	-69.998	
32	347.900	-69.998	
32	348.000	-69.998	
32	348.100	-69.998	
32	348.200	-69.998	
32	348.300	-69.998	
32	348.400	-69.998	
32	348.500	-69.998	
32	348.600	-69.998	
32	348.700	-69.998	
32	348.800	-69.998	
32	348.900	-69.998	
32	349.000	-69.998	
32	349.100	-69.998	
32	349.200	-69.998	
32	349.300	-69.998	
32	349.400	-69.998	
32	349.500	-69.998	
32	349.600	-69.998	
32	349.700	-69.998	
32	349.800	-69.998	
32	349.900	-69.998	
32	350.000	-69.998	
32	350.100	-69.998	
32	350.200	-69.998	
32	350.300	-69.998	
32	350.400	-69.998	
32	350.500	-69.998	
32	350.600	-69.998	
32	350.700	-69.998	
32	350.800	-69.998	
32	350.900	-69.998	
32	351.000	-69.998	
32	351.100	-69.998	
32	351.200	-69.998	
32	351.300	-69.998	
32	351.400	-69.998	
32	351.500	-69.998	
32	351.600	-69.998	
32	351.700	-69.998	
32	351.800	-69.998	
32	351.900	-69.998	
32	352.000	-69.998	
32	352.100	-69.998	
32	352.200	-69.998	
32	352.300	-69.998	
32	352.400	-69.998	
32	352.500	-69.998	
32	352.600	-69.998	
32	352.700	-69.998	
32	352.800	-69.998	
32	352.900	-69.998	
32	353.000	-69.998	
32	353.100	-69.998	
32	353.200	-69.998	
32	353.300	-69.998	
32	353.400	-69.998	
32	353.500	-69.998	
32	353.600	-69.998	
32	353.700	-69.998	
32	353.800	-69.998	
32	353.900	-69.998	
32	354.000	-69.998	
32	354.100	-69.998	
32	354.200	-69.998	
32	354.300	-69.998	
32	354.400	-69.998	
32	354.500	-69.998	
32	354.600	-69.998	
32	354.700	-69.998	
32	354.800	-69.998	
32	354.900	-69.998	
32	355.000	-69.998	
32	355.100	-69.998	
32	355.200	-69.998	
32	355.300	-69.998	
32	355.400	-69.998	
32	355.500	-69.998	
32	355.600	-69.998	
32	355.700	-69.998	
32	355.800	-69.998	
32	355.900	-69.998	
32	356.000	-69.998	
32	356.100	-69.998	
32	356.200	-69.998	
32	356.300	-69.998	
32	356.400	-69.998	
32	356.500	-69.998	
32	356.600	-69.998	
32	356.700	-69.998	
32	356.800	-69.998	
32	356.900	-69.998	
32	357.000	-69.998	
32	357.100	-69.998	
32	357.200	-69.998	
32	357.300	-69.998	
32	357.400	-69.998	
32	357.500	-69.998	
32	357.600	-69.998	
32	357.700	-69.998	
32	357.800	-69.998	
32	357.900	-69.998	
32	358.000	-69.998	
32	358.100	-69.998	
32	358.200	-69.998	
32	358.300	-69.998	
32	358.400	-69.998	
32	358.500	-69.998	
32	358.600	-69.998	
32	358.700	-69.998	
32	358.800	-69.998	
32	358.900	-69.998	
32	359.000	-69.998	
32	359.100	-69.998	
32	359.200	-69.998	
32	359.300	-69.998	
32	359.400	-69.998	
32	359.500	-69.998	
32	359.600	-69.998	
32	359.700	-69.998	
32	359.800	-69.998	
32	359.900	-69.998	
32	360.000	-69.998	
32	360.100	-69.998	
32	360.200	-69.998	
32	360.300	-69.998	
32	360.400	-69.998	
32	360.500	-69.998	
32	360.600	-69.998	
32	360.700	-69.998	
32	360.800	-69.998	
32	360.900	-69.998	
32	361.000	-69.998	
32	361.100	-69.998	
32	361.200	-69.998	
32	361.300	-69.998	
32	361.400	-69.998	
32	361.500	-69.998	
32	361.600	-69.998	
32	361.700	-69.998	
32	361.800	-69.998	
32	361.900	-69.998	
32	362.000	-69.998	
32	362.100	-69.998	
32	362.200	-69.998	
32	362.300	-69.998	
32	362.400	-69.998	
32	362.500	-69.998	
32	362.600	-69.998	
32	362.700	-69.998	
32	362.800	-69.998	
32	362.900	-69.998	
32	363.000	-69.998	
32	363.100	-69.998	
32	363.200	-69.998	
32	363.300	-69.998	
32	363.400	-69.998	
32	363.500	-69.998	
32	363.600	-69.998	
32	363.700	-69.998	
32	363.800	-69.998	
32	363.900	-69.998	
32	364.000	-69.998	
32	364.100	-69.998	
32	364.200	-69.998	
32	364.300	-69.998	
32	364.400	-69.998	
32	364.500	-69.998	
32	364.600	-69.998	
32	364.700	-69.998	
32	364.800	-69.998	
32	364.900	-69.998	
32	365.000	-69.998	
32	365.100	-69.998	
32	365.200	-69.998	
32	365.300	-69.998	
32	365.400	-69.998	
32	365.500	-69.998	
32	365.600	-69.998	
32	365.700	-69.998	
32	365.800	-69.998	
32	365.900	-69.998	
32	366.000	-69.998	
32	366.100	-69.998	
32	366.200	-69.998	
32	366.300	-69.998	
32	366.400	-69.998	
32	366.500	-69.998	
32	366.600	-69.998	
32	366.700	-69.998	
32	366.800	-69.998	
32	366.900	-69.998	
32	367.000	-69.998	
32	367.100	-69.998	
32	367.200	-69.998	
32	367.300	-69.998	
32	367.400	-69.998	
32	367.500	-69.998	
32	367.600	-69.998	
32	367.700	-69.998	
32	367.800	-69.998	
32	367.900	-69.998	
32	368.000	-69.998	
32	368.100	-69.998	
32	368.200	-69.998	
32	368.300	-69.998	
32	368.400	-69.998	
32	368.500	-69.998	
32	368.600	-69.998	
32	368.700	-69.998	
32	368.800	-69.998	
32	368.900	-69.998	
32	369.000	-69.998	
32	369.100	-69.998	
32	369.200	-69.998	
32	369.300	-69.998	
32	369.400	-69.998	
32	369.500	-69.998	
32	369.600	-69.998	
32	369.700	-69.998	
32	369.800	-69.998	
32	369.900	-69.998	
32	370.000	-69.998	
32	370.100	-69.998	
32	370.200	-69.998	
32	370.300	-69.998	
32	370.400	-69.998	
32	370.500	-69.998	
32	370.600	-69.998	
32	370.700	-69.998	
32	370.800	-69.998	
32	370.900	-69.998	
32	371.000	-69.998	
32	371.100	-69.998	
32	371.200	-69.998	
32	371.300	-69.998	
32	371.400	-69.998	
32	371.500	-69.998	
32	371.600	-69.998	
32	371.700	-69.998	
32	371.800	-69.998	
32	371.900	-69.998	
32	372.000	-69.998	
32	372.100	-69.998	
32	372.200	-69.998	
32	372.300	-69.998	
32	372.400	-69.998	
32	372.500	-69.998	
32	372.600	-69.998	
32	372.700	-69.998	
32	372.800	-69.998	
32	372.900	-69.998	
32	373.000	-69.998	
32	373.100	-69.998	
32	373.200	-69.998	
32	373.300	-69.998	
32	373.400	-69.998	
32	373.500	-69.998	
32	373.600	-69.998	
32	373.700	-69.998	
32	373.800	-69.998	
32	373.900	-69.998	
32	374.000	-69.998	
32	374.100	-69.998	
32	374.200	-69.998	
32	374.300	-69.998	
32	374.400	-69.998	
32	374.500	-69.998	
32	374.600	-69.998	
32	374.700	-69.998	
32	374.800	-69.998	
32	374.900	-69.998	
32	375.000	-69.998	
32	375.100	-69.998	
32	375.200	-69.998	
32	375.300	-69.998	
32	375.400	-69.998	
32	375.500	-69.998	
32	375.600	-69.998	
32	375.700	-69.998	
32	375.800	-69.998	
32	375.900	-69.998	
32	376.000	-69.998	
32	376.100	-69.998	
32	376.200	-69.998	
32	376.300	-69.998	
32	376.400	-69.998	
32	376.500	-69.998	
32	376.600	-69.998	
32	376.700	-69.998	
32	376.800	-69.998	
32	376.900	-69.998	
32	377.000	-69.998	
32	377.100	-69.998	
32	377.200	-69.998	
32	377.300	-69.998	
32	377.400	-69.998	
32	377.500	-69.998	
32	377.600	-69.998	
32	377.700	-69.998	
32	377.800	-69.998	
32	377.900	-69.998	
32	378.000	-69.998	
32	378.100	-69.998	
32	378.200	-69.998	
32	378.300	-69.998	
32	378.400	-69.998	
32	378.500	-69.998	
32	378.600	-69.998	
32	378.700	-69.998	
32	378.800	-69.998	
32	378.900	-69.998	
32	379.000	-69.998	
32	379.100	-69.998	
32	379.200	-69.998	
32	379.300	-69.998	
32	379.400	-69.998	
32	379.500	-69.998	
32	379.600	-69.998	
32	379.700	-69.998	
32	379.800	-69.998	
32	379.900	-69.998	
32	380.000	-69.998	
32	380.100	-69.998	
32	380.200	-69.998	
32	380.300	-69.998	
32	380.400	-69.998	
32	380.500	-69.998	
32	380.600	-69.998	
32	380.700	-69.998	
32	380.800	-69.998	
32	380.900	-69.998	
32	381.000	-69.998	
32	381.100	-69.998	
32	381.200	-69.998	
32	381.300	-69.998	
32	381.400	-69.998	
32	381.500	-69.998	
32	381.600	-69.998	
32	381.700	-69.998	
32	381.800	-69.998	
32	381.900	-69.998	
32	382.000	-69.998	
32	382.100	-69.998	
32	382.200	-69.998	
32	382.300	-69.998	
32	382.400	-69.998	
32	382.500	-69.998	
32	382.600	-69.998	
32	382.700	-69.998	
32	382.800	-69.998	
32	382.900	-69.998	
32	383.000	-69.998	
32	383.100	-69.998	
32	383.200	-69.998	
32	383.300	-69.998	
32	383.400	-69.998	
32	383.500	-69.998	
32	383.600	-69.998	
32	383.700	-69.998	
32	383.800	-69.998	
32	383.900	-69.998	
32	384.000	-69.998	
32	384.100	-69.998	
32	384.200	-69.998	
32	384.300	-69.998	
32	384.400	-69.998	
32	384.500	-69.998	
32	384.600	-69.998	
32	384.700	-69.998	
32	384.800	-69.998	
32	384.900	-69.998	
32	385.000	-69.998	
32	385.100	-69.998	
32	385.200	-69.998	
32	385.300	-69.998	
32	385.400	-69.998	
32	385.500	-69.998	
32	385.600	-69.998	
32	385.700	-69.998	
32	385.800	-69.998	
32	385.900	-69.998	
32	386.000	-69.998	
32	386.100	-69.998	
32	386.200	-69.998	
32	386.300	-69.998	
32	386.400	-69.998	
32	386.500	-69.998	
32	386.600	-69.998	
32	386.700	-69.998	
32	386.800	-69.998	
32	386.900	-69.998	
32	387.000	-69.998	
32	387.100	-69.998	
32	387.200	-69.998	
32	387.300	-69.998	
32	387.400	-69.998	
32	387.500	-69.998	
32	387.600	-69.998	
32	387.700	-69.998	
32	387.800	-69.998	
32	387.900	-69.998	
32	388.000	-69.998	
32	388.100	-69.998	
32	388.200	-69.998	
32	388.300	-69.998	
32	388.400	-69.998	
32	388.500	-69.998	
32	388.600	-69.998	
32	388.700	-69.998	
32	388.800	-69.998	
32	388.900	-69.998	
32	389.000	-69.998	
32	389.100	-69.998	
32	389.200	-69.998	
32	389.300	-69.998	
32	389.400	-69.998	
32	389.500	-69.998	
32	389.600	-69.998	
32	389.700	-69.998	
32	389.800	-69.998	
32	389.900	-69.998	
32	390.000	-69.998	
32	390.100	-69.998	
32	390.200	-69.998	
32	390.300	-69.998	
32	390.400	-69.998	
32	390.500	-69.998	
32	390.600	-69.998	
32	390.700	-69.998	
32	390.800	-69.998	
32	390.900	-69.998	
32	391.000	-69.998	
32	391.100	-69.998	
32	391.200	-69.998	
32	391.300	-69.998	
32	391.400	-69.998	
32	391.500	-69.998	
32	391.600	-69.998	
32	391.700	-69.998	
32	391.800	-69.998	
32	391.900	-69.998	
32	392.000	-69.998	
32	392.100	-69.998	
32	392.200	-69.998	
32	392.300	-69.998	
32	392.400	-69.998	
32	392.500	-69.998	
32	392.600	-69.998	
32	392.700	-69.998	
32	392.800	-69.998	
32	392.900	-69.998	
32	393.000	-69.998	
32	393.100	-69.998	
32	393.200	-69.998	
32	393.300	-69.998	
32	393.400	-69.998	
32	393.500	-69.998	
32	393.600	-69.998	
32	393.700	-69.998	
32	393.800	-69.998	
32	393.900	-69.998	
32	394.000	-69.998	
32	394.100	-69.998	
32	394.200	-69.998	
32	394.300	-69.998	
32	394.400	-69.998	
32	394.500	-69.998	
32	394.600	-69.998	
32	394.700	-69.998	
32	394.800	-69.998	
32	394.900	-69.998	
32	395.000	-69.998	
32	395.100	-69.998	
32	395.200	-69.998	
32	395.300	-69.998	
32	395.400	-69.998	
32	395.500	-69.998	
32	395.600	-69.998	
32	395.700	-69.998	
32	395.800	-69.998	
32	395.900	-69.998	
32	396.000	-69.998	
32	396.100	-69.998	
32	396.200	-69.998	
32	396.300	-69.998	
32	396.400	-69.998	
32	396.500	-69.998	
32	396.600	-69.998	
32	396.700	-69.998	
32	396.800	-69.998	
32	396.900	-69.998	
32	397.000	-69.998	
32	397.100	-69.998	
32	397.200	-69.998	
32	397.300	-69.998	
32	397.400	-69.998	
32	397.500	-69.998	
32	397.600	-69.998	
32	397.700	-69.998	
32	397.800	-69.998	
32	397.900	-69.998	
32	398.000	-69.998	
32	398.100	-69.998	
32	398.200	-69.998	
32	398.300	-69.998	
32	398.400	-69.998	
32	398.500	-69.998	
32	398.600	-69.998	
32	398.700	-69.998	
32	398.800	-69.998	
32	398.900	-69.998	
32	399.000	-69.998	
32	399.100	-69.998	
32	399.200	-69.998	
32	399.300	-69.998	
32	399.400	-69.998	
32	399.500	-69.998	
32	399.600	-69.998	
32	399.700	-69.998	
32	399.800	-69.998	
32	399.900	-69.998	
32	400.000	-69.998	
32	400.100	-69.998	
32	400.200	-69.998	
32	400.300	-69.998	
32	400.400	-69.998	
32	400.500	-69.998	
32	400.600	-69.998	
32	400.700	-69.998	
32	400.800	-69.998	
32	400.900	-69.998	
32	401.000	-69.998	
32	401.100	-69.998	
32	401.200	-69.998	
32	401.300	-69.998	
32	401.400	-69.998	
32	401.500	-69.998	
32	401.600	-69.998	
32	401.700	-69.998	
32	401.800	-69.998	
32	401.900	-69.998	
32	402.000	-69.998	
32	402.100	-69.998	
32	402.200	-69.998	
32	402.300	-69.998	
32	402.400	-69.998	
32	402.500	-69.998	
32	402.600	-69.998	
32	402.700	-69.998	
32	402.800	-69.998	
32	402.900	-69.998	
32	403.000	-69.998	
32	403.100	-69.998	
32	403.200	-69.998	
32	403.300	-69.998	
32	403.400	-69.998	
32	403.500	-69.998	
32	403.600	-69.998	
32	403.700	-69.998	
32	403.800	-69.998	
32	403.900	-69.998	
32	404.000	-69.998	
32	404.100	-69.998	
32	404.200	-69.998	
32	404.300	-69.998	
32	404.400	-69.998	
32	404.500	-69.998	
32	404.600	-69.998	
32	404.700	-69.998	
32	404.800	-69.998	
32	404.900	-69.998	
32	405.000	-69.998	
32	405.100	-69.998	
32	405.200	-69.998	
32	405.300	-69.998	
32	405.400	-69.998	
32	405.500	-69.998	
32	405.600	-69.998	
32	405.700	-69.998	
32	405.800	-69.998	
32	405.900	-69.998	
32	406.000	-69.998	
32	406.100	-69.998	
32	406.200	-69.998	
32	406.300	-69.998	
32	406.400	-69.998	
32	406.500	-69.998	
32	406.600	-69.998	
32	406.700	-69.998	
32	406.800	-69.998	
32	406.900	-69.998	
32	407.000	-69.998	
32	407.100	-69.998	
32	407.200	-69.998	
32	407.300	-69.998	
32	407.400	-69.998	
32	407.500	-69.998	
32	407.600	-69.998	
32	407.700	-69.998	
32	407.800	-69.998	
32	407.900	-69.998	
32	408.000	-69.998	
32	408.100	-69.998	
32	408.200	-69.998	
32	408.300	-69.998	
32	408.400	-69.998	
32	408.500	-69.998	
32	408.600	-69.998	
32	408.700	-69.998	
32	408.800	-69.998	
32	408.900	-69.998	
32	409.000	-69.998	
32	409.100	-69.998	
32	409.200	-69.998	
32	409.300	-69.998	
32	409.400	-69.998	
32	409.500	-69.998	
32	409.600	-69.998	
32	409.700	-69.998	
32	409.800	-69.998	
32	409.900	-69.998	
32	410.000	-69.998	
32	410.100	-69.998	
32	410.200	-69.998	
32	410.300	-69.998	
32	410.400	-69.998	
32	410.500	-69.998	
32	410.600	-69.998	
32	410.700	-69.998	
32	410.800	-69.998	
32	410.900	-69.998	
32	411.000	-69.998	
32	411.100	-69.998	
32	411.200	-69.998	
32	411.300	-69.998	
32	411.400	-69.998	
32	411.500	-69.998	
32	411.600	-69.998	
32	411.700	-69.998	
32	411.800	-69.998	
32	411.900	-69.998	
32	412.000	-69.998	
32	412.100	-69.998	
32	412.200	-69.998	
32	412.300	-69.998	
32	412.400	-69.998	
32	412.500	-69.998	
32	412.600	-69.998	
32	412.700	-69.998	
32	412.800	-69.998	
32	412.900	-69.998	
32	413.000	-69.998	
32	413.100	-69.998	
32	413.200	-69.998	
32	413.300	-69.998	
32	413.400	-69.998	
32	413.500	-69.998	
32	413.600	-69.998	
32	413.700	-69.998	
32	413.800	-69.998	
32	413.900	-69.998	
32	414.000	-69.998	
32	414.100	-69.998	
32	414.200	-69.998	
32	414.300	-69.998	
32	414.400	-69.998	
32	414.500	-69.998	
32	414.600	-69.998	
32	414.700	-69.998	
32	414.800	-69.998	
32	414.900	-69.998	
32	415.000	-69.998	
32	415.100	-69.998	
32	415.200	-69.998	
32	415.300	-69.998	
32	415.400	-69.998	
32	415.500	-69.998	
32	415.600	-69.998	
32	415.700	-69.998	
32	415.800	-69.998	
32	415.900	-69.998	
32	416.000	-69.998	
32	416.100	-69.998	
32	416.200	-69.998	
32	416.300	-69.998	
32	416.400	-69.998	
32	416.500	-69.998	
32	416.600	-69.998	
32	416.700	-69.998	
32	416.800	-69.998	
32	416.900	-69.998	
32	417.000	-69.998	
32	417.100	-69.998	
32	417.200	-69.998	
32	417.300	-69.998	
32	417.400	-69.998	
32	417.500	-69.998	
32	417.600	-69.998	
32	417.700	-69.998	
32	417.800	-69.998	
32	417.900	-69.998	
32	418.000	-69.998	
32	418.100	-69.998	
32	418.200	-69.998	
32	418.300	-69.998	
32	418.400	-69.998	
32	418.500	-69.998	
32	418.600	-69.998	
32	418.700	-69.998	
32	418.800	-69.998	
32	418.900	-69.998	
32	419.000	-69.998	
32	419.100	-69.998	
32	419.200	-69.998	
32	419.300	-69.998	
32	419.400	-69.998	
32	419.500	-69.998	
32	419.600	-69.998	
32	419.700	-69.998	
32	419.800	-69.998	
32	419.900	-69.998	
32	420.000	-69.998	
32	420.100	-69.998	
32	420.200	-69.998	
32	420.300	-69.998	
32	420.400	-69.998	
32	420.500	-69.998	
32	420.600	-69.998	
32	420.700	-69.998	
32	420.800	-69.998	
32	420.900	-69.998	
32	421.000	-69.998	
32	421.100	-69.998	
32	421.200	-69.998	
32	421.300	-69.998	
32	421.400	-69.998	
32	421.500	-69.998	
32	421.600	-69.998	
32	421.700	-69.998	
32	421.800	-69.998	
32	421.900	-69.998	
32	422.000	-69.998	
32	422.100	-69.998	
32	422.200	-69.998	
32	422.300	-69.998	
32	422.400	-69.998	
32	422.500	-69.998	
32	422.600	-69.998	
32	422.700	-69.998	
32	422.800	-69.998	
32	422.900	-69.998	
32	423.000	-69.998	
32	423.100	-69.998	
32	423.200	-69.998	
32	423.300	-69.998	
32	423.400	-69.998	
32	423.500	-69.998	
32	423.600	-69.998	
32	423.700	-69.998	
32	423.800	-69.998	
32	423.900	-69.998	
32	424.000	-69.998	
32	424.100	-69.998	
32	424.200	-69.998	
32	424.300	-69.998	
32	424.400	-69.998	
32	424.500	-69.998	
32	424.600	-69.998	
32	424.700	-69.998	
32	424.800	-69.998	
32	424.900	-69.998	
32	425.000	-69.998	
32	425.100	-69.998	
32	425.200	-69.998	
32	425.300	-69.998	
32	425.400	-69.998	
32	425.500	-69.998	
32	425.600	-69.998	
32	425.700	-69.998	
32	425.800	-69.998	
32	425.900	-69.998	
32	426.000	-69.998	
32	426.100	-69.998	
32	426.200	-69.998	
32	426.300	-69.998	
32	426.400	-69.998	
32	426.500	-69.998	
32	426.600	-69.998	
32	426.700	-69.998	
32	426.800	-69.998	
32	426.900	-69.998	
32	427.000	-69.998	
32	427.100	-69.998	
32	427.200	-69.998	
32	427.300	-69.998	
32	427.400	-69.998	
32	427.500	-69.998	
32	427.600	-69.998	
32	427.700	-69.998	
32	427.800	-69.998	
32	427.900	-69.998	
32	428.000	-69.998	
32	428.100	-69.998	
32	428.200	-69.998	
32	428.300	-69.998	
32	428.400	-69.998	
32	428.500	-69.998	
32	428.600	-69.998	
32	428.700	-69.998	
32	428.800	-69.998	
32	428.900	-69.998	
32	429.000	-69.998	
32	429.100	-69.998	
32	429.200	-69.998	
32	429.300	-69.998	
32	429.400	-69.998	
32	429.500	-69.998	
32	429.600	-69.998	
32	429.700	-69.998	
32	429.800	-69.998	
32	429.900	-69.998	
32	430.000	-69.998	
32	430.100	-69.998	
32	430.200	-69.998	
32	430.300	-69.998	
32	430.400	-69.998	
32	430.500	-69.998	
32	430.600	-69.998	
32	430.700	-69.998	
32	430.800	-69.998	
32	430.900	-69.998	
32	431.000	-69.998	
32	431.100	-69.998	
32	431.200	-69.998	
32	431.300	-69.998	
32	431.400	-69.998	
32	431.500	-69.998	
32	431.600	-69.998	
32	431.700	-69.998	
32	431.800	-69.998	
32	431.900	-69.998	
32	432.000	-69.998	
32	432.100	-69.998	
32	432.200	-69.998	
32	432.300	-69.998	
32	432.400	-69.998	
32	432.500	-69.998	
32	432.600	-69.998	
32	432.700	-69.998	
32	432.800	-69.998	
32	432.900	-69.998	
32	433.000	-69.998	
32	433.100	-69.998	
32	433.200	-69.998	
32	433.300	-69.998	
32	433.400	-69.998	
32	433.500	-69.998	
32	433.600	-69.998	
32	433.700	-69.998	
32	433.800	-69.998	
32	433.900	-69.998	
32	434.000	-69.998	
32	434.100	-69.998	
32	434.200	-69.998	
32	434.300	-69.998	
32	434.400	-69.998	
32	434.500	-69.998	
32	434.600	-69.998	
32	434.700	-69.998	
32	434.800	-69.998	
32	434.900	-69.998	
32	435.000	-69.998	
32	435.100	-69.998	
32	435.200	-69.998	
32	435.300	-69.998	
32	435.400	-69.998	
32	435.500	-69.998	
32	435.600	-69.998	
32	435.700	-69.998	
32	435.800	-69.998	
32	435.900	-69.998	
32	436.000	-69.998	
32	436.100	-69.998	
32	436.200	-69.998	
32	436.300	-69.998	
32	436.400	-69.998	
32	436.500	-69.998	
32	436.600	-69.998	
32	436.700	-69.998	
32	436.800	-69.998	
32	436.900	-69.998	
32	437.000	-69.998	
32	437.100	-69.998	
32	437.200	-69.998	
32	437.300	-69.998	
32	437.400	-69.998	
32	437.500	-69.998	
32	437.600	-69.998	
32	437.700	-69.998	
32	437.800	-69.998	
32	437.900	-69.998	
32	438.000	-69.998	
32	438.100	-69.998	
32	438.200	-69.998	
32	438.300	-69.998	
32	438.400	-69.998	
32	438.500	-69.998	
32	438.600	-69.998	
32	438.700	-69.998	
32	438.800	-69.998	
32	438.900	-69.998	
32	439.000	-69.998	
32	439.100	-69.998	
32	439.200	-69.998	
32	439.300	-69.998	
32	439.400	-69.998	
32	439.500	-69.998	
32	439.600	-69.998	
32	439.700	-69.998	
32	439.800	-69.998	
32	439.900	-69.998	
32	440.000	-69.998	
32	440.100	-69.998	
32	440.200	-69.998	
32	440.300	-69.998	
32	440.400	-69.998	
32	440.500	-69.998	
32	440.600	-69.998	
32	440.700	-69.998	
32	440.800	-69.998	
32	440.900	-69.998	
32	441.000	-69.998	
32	441.100	-69.998	
32	441.200	-69.998	
32	441.300	-69.998	
32	441.400	-69.998	
32	441.500	-69.998	
32	441.600	-69.998	
32	441.700	-69.998	
32	441.800	-69.998	
32	441.900	-69.998	
32	442.000	-69.998	
32	442.100	-69.998	
32	442.200	-69.998	
32	442.300	-69.998	
32	442.400	-69.998	
32	442.500	-69.998	
32	442.600	-69.998	
32	442.700	-69.998	
32	442.800	-69.998	
32	442.900	-69.998	
32	443.000	-69.998	
32	443.100	-69.998	
32	443.200	-69.998	
32	443.300	-69.998	
32	443.400	-69.998	
32	443.500	-69.998	
32	443.600	-69.998	
32	443.700	-69.998	
32	443.800	-69.998	
32	443.900	-69.998	
32	444.000	-69.998	
32	444.100	-69.998	
32	444.200	-69.998	
32	444.300	-69.998	
32	444.400	-69.998	
32	444.500	-69.998	
32	444.600	-69.998	
32	444.700	-69.998	
32	444.800	-69.998	
32	444.900	-69.998	
32	445.000	-69.998	
32	445.100	-69.998	
32	445.200	-69.998	
32	445.300	-69.998	
32	445.400	-69.998	
32	445.500	-69.998	
32	445.600	-69.998	
32	445.700	-69.998	
32	445.800	-69.998	
32	445.900	-69.998	
32	446.000	-69.998	
32	446.100	-69.998	
32	446.200	-69.998	
32	446.300	-69.998	
32	446.400	-69.998	
32	446.500	-69.998	
32	446.600	-69.998	
32	446.700	-69.998	
32	446.800	-69.998	
32	446.900	-69.998	
32	447.000	-69.998	
32	447.100	-69.998	
32	447.200	-69.998	
32	447.300	-69.998	
32	447.400	-69.998	
32	447.500	-69.998	
32	447.600	-69.998	
32	447.700	-69.998	
32	447.800	-69.998	
32	447.900	-69.998	
32	448.000	-69.998	
32	448.100	-69.998	
32	448.200	-69.998	
32	448.300	-69.998	
32	448.400	-69.998	
32	448.500	-69.998	
32	448.600	-69.998	
32	448.700	-69.998	
32	448.800	-69.998	
32	448.900	-69.998	
32	449.000	-69.998	
