67	0.100	-70.000	
74	0.100	-70.000	
67	0.200	-70.000	
74	0.200	-70.000	
67	0.300	-70.000	
74	0.300	-70.000	
67	0.400	-70.000	
74	0.400	-70.000	
67	0.500	-70.000	
74	0.500	-70.000	
67	0.600	-70.000	
74	0.600	-70.000	
67	0.700	-70.000	
74	0.700	-70.000	
67	0.800	-70.000	
74	0.800	-70.000	
67	0.900	-70.000	
74	0.900	-70.000	
67	1.000	-70.000	
74	1.000	-70.000	
67	1.100	-70.000	
74	1.100	-70.000	
67	1.200	-70.000	
74	1.200	-70.000	
67	1.300	-70.000	
74	1.300	-70.000	
67	1.400	-69.999	
74	1.400	-69.999	
67	1.500	-69.999	
74	1.500	-69.999	
67	1.600	-69.999	
74	1.600	-69.999	
67	1.700	-69.999	
74	1.700	-69.999	
67	1.800	-69.999	
74	1.800	-69.999	
67	1.900	-69.999	
74	1.900	-69.999	
67	2.000	-69.999	
74	2.000	-69.999	
67	2.100	-69.999	
74	2.100	-69.999	
67	2.200	-69.999	
74	2.200	-69.999	
67	2.300	-69.999	
74	2.300	-69.999	
67	2.400	-69.999	
74	2.400	-69.999	
67	2.500	-69.999	
74	2.500	-69.999	
67	2.600	-69.999	
74	2.600	-69.999	
67	2.700	-69.999	
74	2.700	-69.999	
67	2.800	-69.999	
74	2.800	-69.999	
67	2.900	-69.999	
74	2.900	-69.999	
67	3.000	-69.999	
74	3.000	-69.999	
67	3.100	-69.999	
74	3.100	-69.999	
67	3.200	-69.999	
74	3.200	-69.999	
67	3.300	-69.999	
74	3.300	-69.999	
67	3.400	-69.999	
74	3.400	-69.999	
67	3.500	-69.999	
74	3.500	-69.999	
67	3.600	-69.999	
74	3.600	-69.999	
67	3.700	-69.999	
74	3.700	-69.999	
67	3.800	-69.999	
74	3.800	-69.999	
67	3.900	-69.999	
74	3.900	-69.999	
67	4.000	-69.999	
74	4.000	-69.999	
67	4.100	-69.998	
74	4.100	-69.998	
67	4.200	-69.998	
74	4.200	-69.998	
67	4.300	-69.998	
74	4.300	-69.998	
67	4.400	-69.998	
74	4.400	-69.998	
67	4.500	-69.998	
74	4.500	-69.998	
67	4.600	-69.998	
74	4.600	-69.998	
67	4.700	-69.998	
74	4.700	-69.998	
67	4.800	-69.998	
74	4.800	-69.998	
67	4.900	-69.998	
74	4.900	-69.998	
67	5.000	-69.998	
74	5.000	-69.998	
67	5.100	-69.998	
74	5.100	-69.998	
67	5.200	-69.998	
74	5.200	-69.998	
67	5.300	-69.998	
74	5.300	-69.998	
67	5.400	-69.998	
74	5.400	-69.998	
67	5.500	-69.998	
74	5.500	-69.998	
67	5.600	-69.998	
74	5.600	-69.998	
67	5.700	-69.998	
74	5.700	-69.998	
67	5.800	-69.998	
74	5.800	-69.998	
67	5.900	-69.998	
74	5.900	-69.998	
67	6.000	-69.998	
74	6.000	-69.998	
67	6.100	-69.998	
74	6.100	-69.998	
67	6.200	-69.998	
74	6.200	-69.998	
67	6.300	-69.998	
74	6.300	-69.998	
67	6.400	-69.998	
74	6.400	-69.998	
67	6.500	-69.998	
74	6.500	-69.998	
67	6.600	-69.998	
74	6.600	-69.998	
67	6.700	-69.998	
74	6.700	-69.998	
67	6.800	-69.998	
74	6.800	-69.998	
67	6.900	-69.998	
74	6.900	-69.998	
67	7.000	-69.998	
74	7.000	-69.998	
67	7.100	-69.998	
74	7.100	-69.998	
67	7.200	-69.998	
74	7.200	-69.998	
67	7.300	-69.997	
74	7.300	-69.997	
67	7.400	-69.997	
74	7.400	-69.997	
67	7.500	-69.997	
74	7.500	-69.997	
67	7.600	-69.997	
74	7.600	-69.997	
67	7.700	-69.997	
74	7.700	-69.997	
67	7.800	-69.997	
74	7.800	-69.997	
67	7.900	-69.997	
74	7.900	-69.997	
67	8.000	-69.997	
74	8.000	-69.997	
67	8.100	-69.997	
74	8.100	-69.997	
67	8.200	-69.997	
74	8.200	-69.997	
67	8.300	-69.997	
74	8.300	-69.997	
67	8.400	-69.997	
74	8.400	-69.997	
67	8.500	-69.997	
74	8.500	-69.997	
67	8.600	-69.997	
74	8.600	-69.997	
67	8.700	-69.997	
74	8.700	-69.997	
67	8.800	-69.997	
74	8.800	-69.997	
67	8.900	-69.997	
74	8.900	-69.997	
67	9.000	-69.997	
74	9.000	-69.997	
67	9.100	-69.997	
74	9.100	-69.997	
67	9.200	-69.997	
74	9.200	-69.997	
67	9.300	-69.997	
74	9.300	-69.997	
67	9.400	-69.997	
74	9.400	-69.997	
67	9.500	-69.997	
74	9.500	-69.997	
67	9.600	-69.997	
74	9.600	-69.997	
67	9.700	-69.997	
74	9.700	-69.997	
67	9.800	-69.997	
74	9.800	-69.997	
67	9.900	-69.997	
74	9.900	-69.997	
67	10.000	-69.997	
74	10.000	-69.997	
67	10.100	-69.997	
74	10.100	-69.997	
67	10.200	-69.997	
74	10.200	-69.997	
67	10.300	-69.997	
74	10.300	-69.997	
67	10.400	-69.997	
74	10.400	-69.997	
67	10.500	-69.997	
74	10.500	-69.997	
67	10.600	-69.997	
74	10.600	-69.997	
67	10.700	-69.997	
74	10.700	-69.997	
67	10.800	-69.997	
74	10.800	-69.997	
67	10.900	-69.997	
74	10.900	-69.997	
67	11.000	-69.996	
74	11.000	-69.996	
67	11.100	-69.996	
74	11.100	-69.996	
67	11.200	-69.996	
74	11.200	-69.996	
67	11.300	-69.996	
74	11.300	-69.996	
67	11.400	-69.996	
74	11.400	-69.996	
67	11.500	-69.996	
74	11.500	-69.996	
67	11.600	-69.996	
74	11.600	-69.996	
67	11.700	-69.996	
74	11.700	-69.996	
67	11.800	-69.996	
74	11.800	-69.996	
67	11.900	-69.996	
74	11.900	-69.996	
67	12.000	-69.996	
74	12.000	-69.996	
67	12.100	-69.996	
74	12.100	-69.996	
67	12.200	-69.996	
74	12.200	-69.996	
67	12.300	-69.996	
74	12.300	-69.996	
67	12.400	-69.996	
74	12.400	-69.996	
67	12.500	-69.996	
74	12.500	-69.996	
67	12.600	-69.996	
74	12.600	-69.996	
67	12.700	-69.996	
74	12.700	-69.996	
67	12.800	-69.996	
74	12.800	-69.996	
67	12.900	-69.996	
74	12.900	-69.996	
67	13.000	-69.996	
74	13.000	-69.996	
67	13.100	-69.996	
74	13.100	-69.996	
67	13.200	-69.996	
74	13.200	-69.996	
67	13.300	-69.996	
74	13.300	-69.996	
67	13.400	-69.996	
74	13.400	-69.996	
67	13.500	-69.996	
74	13.500	-69.996	
67	13.600	-69.996	
74	13.600	-69.996	
67	13.700	-69.996	
74	13.700	-69.996	
67	13.800	-69.996	
74	13.800	-69.996	
67	13.900	-69.996	
74	13.900	-69.996	
67	14.000	-69.996	
74	14.000	-69.996	
67	14.100	-69.996	
74	14.100	-69.996	
67	14.200	-69.996	
74	14.200	-69.996	
67	14.300	-69.996	
74	14.300	-69.996	
67	14.400	-69.996	
74	14.400	-69.996	
67	14.500	-69.996	
74	14.500	-69.996	
67	14.600	-69.996	
74	14.600	-69.996	
67	14.700	-69.996	
74	14.700	-69.996	
67	14.800	-69.996	
74	14.800	-69.996	
67	14.900	-69.996	
74	14.900	-69.996	
67	15.000	-69.996	
74	15.000	-69.996	
67	15.100	-69.996	
74	15.100	-69.996	
67	15.200	-69.996	
74	15.200	-69.996	
67	15.300	-69.996	
74	15.300	-69.996	
67	15.400	-69.996	
74	15.400	-69.996	
67	15.500	-69.996	
74	15.500	-69.996	
67	15.600	-69.996	
74	15.600	-69.996	
67	15.700	-69.995	
74	15.700	-69.995	
67	15.800	-69.995	
74	15.800	-69.995	
67	15.900	-69.995	
74	15.900	-69.995	
67	16.000	-69.995	
74	16.000	-69.995	
67	16.100	-69.995	
74	16.100	-69.995	
67	16.200	-69.995	
74	16.200	-69.995	
67	16.300	-69.995	
74	16.300	-69.995	
67	16.400	-69.995	
74	16.400	-69.995	
67	16.500	-69.995	
74	16.500	-69.995	
67	16.600	-69.995	
74	16.600	-69.995	
67	16.700	-69.995	
74	16.700	-69.995	
67	16.800	-69.995	
74	16.800	-69.995	
67	16.900	-69.995	
74	16.900	-69.995	
67	17.000	-69.995	
74	17.000	-69.995	
67	17.100	-69.995	
74	17.100	-69.995	
67	17.200	-69.995	
74	17.200	-69.995	
67	17.300	-69.995	
74	17.300	-69.995	
67	17.400	-69.995	
74	17.400	-69.995	
67	17.500	-69.995	
74	17.500	-69.995	
67	17.600	-69.995	
74	17.600	-69.995	
67	17.700	-69.995	
74	17.700	-69.995	
67	17.800	-69.995	
74	17.800	-69.995	
67	17.900	-69.995	
74	17.900	-69.995	
67	18.000	-69.995	
74	18.000	-69.995	
67	18.100	-69.995	
74	18.100	-69.995	
67	18.200	-69.995	
74	18.200	-69.995	
67	18.300	-69.995	
74	18.300	-69.995	
67	18.400	-69.995	
74	18.400	-69.995	
67	18.500	-69.995	
74	18.500	-69.995	
67	18.600	-69.995	
74	18.600	-69.995	
67	18.700	-69.995	
74	18.700	-69.995	
67	18.800	-69.995	
74	18.800	-69.995	
67	18.900	-69.995	
74	18.900	-69.995	
67	19.000	-69.995	
74	19.000	-69.995	
67	19.100	-69.995	
74	19.100	-69.995	
67	19.200	-69.995	
74	19.200	-69.995	
67	19.300	-69.995	
74	19.300	-69.995	
67	19.400	-69.995	
74	19.400	-69.995	
67	19.500	-69.995	
74	19.500	-69.995	
67	19.600	-69.995	
74	19.600	-69.995	
67	19.700	-69.995	
74	19.700	-69.995	
67	19.800	-69.995	
74	19.800	-69.995	
67	19.900	-69.995	
74	19.900	-69.995	
67	20.000	-69.995	
74	20.000	-69.995	
67	20.100	-69.995	
74	20.100	-69.995	
67	20.200	-69.995	
74	20.200	-69.995	
67	20.300	-69.995	
74	20.300	-69.995	
67	20.400	-69.995	
74	20.400	-69.995	
67	20.500	-69.995	
74	20.500	-69.995	
67	20.600	-69.995	
74	20.600	-69.995	
67	20.700	-69.995	
74	20.700	-69.995	
67	20.800	-69.995	
74	20.800	-69.995	
67	20.900	-69.995	
74	20.900	-69.995	
67	21.000	-69.995	
74	21.000	-69.995	
67	21.100	-69.995	
74	21.100	-69.995	
67	21.200	-69.995	
74	21.200	-69.995	
67	21.300	-69.995	
74	21.300	-69.995	
67	21.400	-69.995	
74	21.400	-69.995	
67	21.500	-69.995	
74	21.500	-69.995	
67	21.600	-69.995	
74	21.600	-69.995	
67	21.700	-69.994	
74	21.700	-69.994	
67	21.800	-69.994	
74	21.800	-69.994	
67	21.900	-69.994	
74	21.900	-69.994	
67	22.000	-69.994	
74	22.000	-69.994	
67	22.100	-69.994	
74	22.100	-69.994	
67	22.200	-69.994	
74	22.200	-69.994	
67	22.300	-69.994	
74	22.300	-69.994	
67	22.400	-69.994	
74	22.400	-69.994	
67	22.500	-69.994	
74	22.500	-69.994	
67	22.600	-69.994	
74	22.600	-69.994	
67	22.700	-69.994	
74	22.700	-69.994	
67	22.800	-69.994	
74	22.800	-69.994	
67	22.900	-69.994	
74	22.900	-69.994	
67	23.000	-69.994	
74	23.000	-69.994	
67	23.100	-69.994	
74	23.100	-69.994	
67	23.200	-69.994	
74	23.200	-69.994	
67	23.300	-69.994	
74	23.300	-69.994	
67	23.400	-69.994	
74	23.400	-69.994	
67	23.500	-69.994	
74	23.500	-69.994	
67	23.600	-69.994	
74	23.600	-69.994	
67	23.700	-69.994	
74	23.700	-69.994	
67	23.800	-69.994	
74	23.800	-69.994	
67	23.900	-69.994	
74	23.900	-69.994	
67	24.000	-69.994	
74	24.000	-69.994	
67	24.100	-69.994	
74	24.100	-69.994	
67	24.200	-69.994	
74	24.200	-69.994	
67	24.300	-69.994	
74	24.300	-69.994	
67	24.400	-69.994	
74	24.400	-69.994	
67	24.500	-69.994	
74	24.500	-69.994	
67	24.600	-69.994	
74	24.600	-69.994	
67	24.700	-69.994	
74	24.700	-69.994	
67	24.800	-69.994	
74	24.800	-69.994	
67	24.900	-69.994	
74	24.900	-69.994	
67	25.000	-69.994	
74	25.000	-69.994	
67	25.100	-69.994	
74	25.100	-69.994	
67	25.200	-69.994	
74	25.200	-69.994	
67	25.300	-69.994	
74	25.300	-69.994	
67	25.400	-69.994	
74	25.400	-69.994	
67	25.500	-69.994	
74	25.500	-69.994	
67	25.600	-69.994	
74	25.600	-69.994	
67	25.700	-69.994	
74	25.700	-69.994	
67	25.800	-69.994	
74	25.800	-69.994	
67	25.900	-69.994	
74	25.900	-69.994	
67	26.000	-69.994	
74	26.000	-69.994	
67	26.100	-69.994	
74	26.100	-69.994	
67	26.200	-69.994	
74	26.200	-69.994	
67	26.300	-69.994	
74	26.300	-69.994	
67	26.400	-69.994	
74	26.400	-69.994	
67	26.500	-69.994	
74	26.500	-69.994	
67	26.600	-69.994	
74	26.600	-69.994	
67	26.700	-69.994	
74	26.700	-69.994	
67	26.800	-69.994	
74	26.800	-69.994	
67	26.900	-69.994	
74	26.900	-69.994	
67	27.000	-69.994	
74	27.000	-69.994	
67	27.100	-69.994	
74	27.100	-69.994	
67	27.200	-69.994	
74	27.200	-69.994	
67	27.300	-69.994	
74	27.300	-69.994	
67	27.400	-69.994	
74	27.400	-69.994	
67	27.500	-69.994	
74	27.500	-69.994	
67	27.600	-69.994	
74	27.600	-69.994	
67	27.700	-69.994	
74	27.700	-69.994	
67	27.800	-69.994	
74	27.800	-69.994	
67	27.900	-69.994	
74	27.900	-69.994	
67	28.000	-69.994	
74	28.000	-69.994	
67	28.100	-69.994	
74	28.100	-69.994	
67	28.200	-69.994	
74	28.200	-69.994	
67	28.300	-69.994	
74	28.300	-69.994	
67	28.400	-69.994	
74	28.400	-69.994	
67	28.500	-69.994	
74	28.500	-69.994	
67	28.600	-69.994	
74	28.600	-69.994	
67	28.700	-69.994	
74	28.700	-69.994	
67	28.800	-69.994	
74	28.800	-69.994	
67	28.900	-69.994	
74	28.900	-69.994	
67	29.000	-69.994	
74	29.000	-69.994	
67	29.100	-65.406	
74	29.100	-65.406	
67	29.200	-61.896	
74	29.200	-61.896	
67	29.300	-59.180	
74	29.300	-59.180	
67	29.400	-57.050	
74	29.400	-57.050	
67	29.500	-55.332	
74	29.500	-55.332	
67	29.600	-53.863	
74	29.600	-53.863	
67	29.700	-52.474	
74	29.700	-52.474	
67	29.800	-50.942	
74	29.800	-50.942	
67	29.900	-48.874	
74	29.900	-48.874	
67	30.000	-45.133	
74	30.000	-45.133	
67	30.100	-33.094	
74	30.100	-33.094	
67	30.200	33.847	
74	30.200	33.847	
67	30.300	47.959	
74	30.300	47.959	
67	30.400	40.981	
74	30.400	40.981	
67	30.500	26.900	
74	30.500	26.900	
67	30.600	8.575	
74	30.600	8.575	
67	30.700	-9.854	
74	30.700	-9.854	
67	30.800	-26.118	
74	30.800	-26.118	
67	30.900	-41.562	
74	30.900	-41.562	
67	31.000	-60.372	
74	31.000	-60.372	
67	31.100	-73.995	
74	31.100	-73.995	
67	31.200	-80.090	
74	31.200	-80.090	
67	31.300	-82.790	
74	31.300	-82.790	
67	31.400	-84.097	
74	31.400	-84.097	
67	31.500	-84.767	
74	31.500	-84.767	
67	31.600	-85.115	
74	31.600	-85.115	
67	31.700	-85.287	
74	31.700	-85.287	
67	31.800	-85.359	
74	31.800	-85.359	
67	31.900	-85.372	
74	31.900	-85.372	
67	32.000	-85.348	
74	32.000	-85.348	
67	32.100	-85.302	
74	32.100	-85.302	
67	32.200	-85.244	
74	32.200	-85.244	
67	32.300	-85.177	
74	32.300	-85.177	
67	32.400	-85.106	
74	32.400	-85.106	
67	32.500	-85.032	
74	32.500	-85.032	
67	32.600	-84.957	
74	32.600	-84.957	
67	32.700	-84.882	
74	32.700	-84.882	
67	32.800	-84.806	
74	32.800	-84.806	
67	32.900	-84.731	
74	32.900	-84.731	
67	33.000	-84.656	
74	33.000	-84.656	
67	33.100	-84.582	
74	33.100	-84.582	
67	33.200	-84.508	
74	33.200	-84.508	
67	33.300	-84.434	
74	33.300	-84.434	
67	33.400	-84.361	
74	33.400	-84.361	
67	33.500	-84.289	
74	33.500	-84.289	
67	33.600	-84.217	
74	33.600	-84.217	
67	33.700	-84.146	
74	33.700	-84.146	
67	33.800	-84.075	
74	33.800	-84.075	
67	33.900	-84.004	
74	33.900	-84.004	
67	34.000	-83.934	
74	34.000	-83.934	
67	34.100	-83.864	
74	34.100	-83.864	
67	34.200	-83.795	
74	34.200	-83.795	
67	34.300	-83.726	
74	34.300	-83.726	
67	34.400	-83.657	
74	34.400	-83.657	
67	34.500	-83.589	
74	34.500	-83.589	
67	34.600	-83.521	
74	34.600	-83.521	
67	34.700	-83.454	
74	34.700	-83.454	
67	34.800	-83.387	
74	34.800	-83.387	
67	34.900	-83.320	
74	34.900	-83.320	
67	35.000	-83.253	
74	35.000	-83.253	
67	35.100	-83.187	
74	35.100	-83.187	
67	35.200	-83.121	
74	35.200	-83.121	
67	35.300	-83.056	
74	35.300	-83.056	
67	35.400	-82.991	
74	35.400	-82.991	
67	35.500	-82.926	
74	35.500	-82.926	
67	35.600	-82.862	
74	35.600	-82.862	
67	35.700	-82.797	
74	35.700	-82.797	
67	35.800	-82.734	
74	35.800	-82.734	
67	35.900	-82.670	
74	35.900	-82.670	
67	36.000	-82.607	
74	36.000	-82.607	
67	36.100	-82.544	
74	36.100	-82.544	
67	36.200	-82.481	
74	36.200	-82.481	
67	36.300	-82.419	
74	36.300	-82.419	
67	36.400	-82.357	
74	36.400	-82.357	
67	36.500	-82.296	
74	36.500	-82.296	
67	36.600	-82.234	
74	36.600	-82.234	
67	36.700	-82.173	
74	36.700	-82.173	
67	36.800	-82.112	
74	36.800	-82.112	
67	36.900	-82.052	
74	36.900	-82.052	
67	37.000	-81.992	
74	37.000	-81.992	
67	37.100	-81.932	
74	37.100	-81.932	
67	37.200	-81.873	
74	37.200	-81.873	
67	37.300	-81.813	
74	37.300	-81.813	
67	37.400	-81.754	
74	37.400	-81.754	
67	37.500	-81.696	
74	37.500	-81.696	
67	37.600	-81.638	
74	37.600	-81.638	
67	37.700	-81.579	
74	37.700	-81.579	
67	37.800	-81.522	
74	37.800	-81.522	
67	37.900	-81.464	
74	37.900	-81.464	
67	38.000	-81.407	
74	38.000	-81.407	
67	38.100	-81.350	
74	38.100	-81.350	
67	38.200	-81.294	
74	38.200	-81.294	
67	38.300	-81.237	
74	38.300	-81.237	
67	38.400	-81.181	
74	38.400	-81.181	
67	38.500	-81.125	
74	38.500	-81.125	
67	38.600	-81.070	
74	38.600	-81.070	
67	38.700	-81.015	
74	38.700	-81.015	
67	38.800	-80.960	
74	38.800	-80.960	
67	38.900	-80.905	
74	38.900	-80.905	
67	39.000	-80.851	
74	39.000	-80.851	
67	39.100	-80.797	
74	39.100	-80.797	
67	39.200	-80.743	
74	39.200	-80.743	
67	39.300	-80.689	
74	39.300	-80.689	
67	39.400	-80.636	
74	39.400	-80.636	
67	39.500	-80.583	
74	39.500	-80.583	
67	39.600	-80.530	
74	39.600	-80.530	
67	39.700	-80.478	
74	39.700	-80.478	
67	39.800	-80.425	
74	39.800	-80.425	
67	39.900	-80.373	
74	39.900	-80.373	
67	40.000	-80.322	
74	40.000	-80.322	
67	40.100	-80.270	
74	40.100	-80.270	
67	40.200	-80.219	
74	40.200	-80.219	
67	40.300	-80.168	
74	40.300	-80.168	
67	40.400	-80.117	
74	40.400	-80.117	
67	40.500	-80.067	
74	40.500	-80.067	
67	40.600	-80.017	
74	40.600	-80.017	
67	40.700	-79.967	
74	40.700	-79.967	
67	40.800	-79.917	
74	40.800	-79.917	
67	40.900	-79.867	
74	40.900	-79.867	
67	41.000	-79.818	
74	41.000	-79.818	
67	41.100	-79.769	
74	41.100	-79.769	
67	41.200	-79.720	
74	41.200	-79.720	
67	41.300	-79.672	
74	41.300	-79.672	
67	41.400	-79.624	
74	41.400	-79.624	
67	41.500	-79.576	
74	41.500	-79.576	
67	41.600	-79.528	
74	41.600	-79.528	
67	41.700	-79.480	
74	41.700	-79.480	
67	41.800	-79.433	
74	41.800	-79.433	
67	41.900	-79.386	
74	41.900	-79.386	
67	42.000	-79.339	
74	42.000	-79.339	
67	42.100	-79.293	
74	42.100	-79.293	
67	42.200	-79.246	
74	42.200	-79.246	
67	42.300	-79.200	
74	42.300	-79.200	
67	42.400	-79.154	
74	42.400	-79.154	
67	42.500	-79.109	
74	42.500	-79.109	
67	42.600	-79.063	
74	42.600	-79.063	
67	42.700	-79.018	
74	42.700	-79.018	
67	42.800	-78.973	
74	42.800	-78.973	
67	42.900	-78.928	
74	42.900	-78.928	
67	43.000	-78.884	
74	43.000	-78.884	
67	43.100	-78.840	
74	43.100	-78.840	
67	43.200	-78.795	
74	43.200	-78.795	
67	43.300	-78.752	
74	43.300	-78.752	
67	43.400	-78.708	
74	43.400	-78.708	
67	43.500	-78.664	
74	43.500	-78.664	
67	43.600	-78.621	
74	43.600	-78.621	
67	43.700	-78.578	
74	43.700	-78.578	
67	43.800	-78.536	
74	43.800	-78.536	
67	43.900	-78.493	
74	43.900	-78.493	
67	44.000	-78.451	
74	44.000	-78.451	
67	44.100	-78.408	
74	44.100	-78.408	
67	44.200	-78.366	
74	44.200	-78.366	
67	44.300	-78.325	
74	44.300	-78.325	
67	44.400	-78.283	
74	44.400	-78.283	
67	44.500	-78.242	
74	44.500	-78.242	
67	44.600	-78.201	
74	44.600	-78.201	
67	44.700	-78.160	
74	44.700	-78.160	
67	44.800	-78.119	
74	44.800	-78.119	
67	44.900	-78.079	
74	44.900	-78.079	
67	45.000	-78.038	
74	45.000	-78.038	
67	45.100	-77.998	
74	45.100	-77.998	
67	45.200	-77.958	
74	45.200	-77.958	
67	45.300	-77.919	
74	45.300	-77.919	
67	45.400	-77.879	
74	45.400	-77.879	
67	45.500	-77.840	
74	45.500	-77.840	
67	45.600	-77.801	
74	45.600	-77.801	
67	45.700	-77.762	
74	45.700	-77.762	
67	45.800	-77.723	
74	45.800	-77.723	
67	45.900	-77.685	
74	45.900	-77.685	
67	46.000	-77.646	
74	46.000	-77.646	
67	46.100	-77.608	
74	46.100	-77.608	
67	46.200	-77.570	
74	46.200	-77.570	
67	46.300	-77.533	
74	46.300	-77.533	
67	46.400	-77.495	
74	46.400	-77.495	
67	46.500	-77.458	
74	46.500	-77.458	
67	46.600	-77.420	
74	46.600	-77.420	
67	46.700	-77.383	
74	46.700	-77.383	
67	46.800	-77.347	
74	46.800	-77.347	
67	46.900	-77.310	
74	46.900	-77.310	
67	47.000	-77.273	
74	47.000	-77.273	
67	47.100	-77.237	
74	47.100	-77.237	
67	47.200	-77.201	
74	47.200	-77.201	
67	47.300	-77.165	
74	47.300	-77.165	
67	47.400	-77.129	
74	47.400	-77.129	
67	47.500	-77.094	
74	47.500	-77.094	
67	47.600	-77.059	
74	47.600	-77.059	
67	47.700	-77.023	
74	47.700	-77.023	
67	47.800	-76.988	
74	47.800	-76.988	
67	47.900	-76.953	
74	47.900	-76.953	
67	48.000	-76.919	
74	48.000	-76.919	
67	48.100	-76.884	
74	48.100	-76.884	
67	48.200	-76.850	
74	48.200	-76.850	
67	48.300	-76.816	
74	48.300	-76.816	
67	48.400	-76.782	
74	48.400	-76.782	
67	48.500	-76.748	
74	48.500	-76.748	
67	48.600	-76.714	
74	48.600	-76.714	
67	48.700	-76.681	
74	48.700	-76.681	
67	48.800	-76.647	
74	48.800	-76.647	
67	48.900	-76.614	
74	48.900	-76.614	
67	49.000	-76.581	
74	49.000	-76.581	
67	49.100	-76.548	
74	49.100	-76.548	
67	49.200	-76.516	
74	49.200	-76.516	
67	49.300	-76.483	
74	49.300	-76.483	
67	49.400	-76.451	
74	49.400	-76.451	
67	49.500	-76.419	
74	49.500	-76.419	
67	49.600	-76.387	
74	49.600	-76.387	
67	49.700	-76.355	
74	49.700	-76.355	
67	49.800	-76.323	
74	49.800	-76.323	
67	49.900	-76.292	
74	49.900	-76.292	
67	50.000	-76.260	
74	50.000	-76.260	
67	50.100	-76.229	
74	50.100	-76.229	
67	50.200	-76.198	
74	50.200	-76.198	
67	50.300	-76.167	
74	50.300	-76.167	
67	50.400	-76.136	
74	50.400	-76.136	
67	50.500	-76.106	
74	50.500	-76.106	
67	50.600	-76.075	
74	50.600	-76.075	
67	50.700	-76.045	
74	50.700	-76.045	
67	50.800	-76.015	
74	50.800	-76.015	
67	50.900	-75.985	
74	50.900	-75.985	
67	51.000	-75.955	
74	51.000	-75.955	
67	51.100	-75.925	
74	51.100	-75.925	
67	51.200	-75.896	
74	51.200	-75.896	
67	51.300	-75.866	
74	51.300	-75.866	
67	51.400	-75.837	
74	51.400	-75.837	
67	51.500	-75.808	
74	51.500	-75.808	
67	51.600	-75.779	
74	51.600	-75.779	
67	51.700	-75.750	
74	51.700	-75.750	
67	51.800	-75.721	
74	51.800	-75.721	
67	51.900	-75.693	
74	51.900	-75.693	
67	52.000	-75.665	
74	52.000	-75.665	
67	52.100	-75.636	
74	52.100	-75.636	
67	52.200	-75.608	
74	52.200	-75.608	
67	52.300	-75.580	
74	52.300	-75.580	
67	52.400	-75.552	
74	52.400	-75.552	
67	52.500	-75.525	
74	52.500	-75.525	
67	52.600	-75.497	
74	52.600	-75.497	
67	52.700	-75.470	
74	52.700	-75.470	
67	52.800	-75.442	
74	52.800	-75.442	
67	52.900	-75.415	
74	52.900	-75.415	
67	53.000	-75.388	
74	53.000	-75.388	
67	53.100	-75.361	
74	53.100	-75.361	
67	53.200	-75.335	
74	53.200	-75.335	
67	53.300	-75.308	
74	53.300	-75.308	
67	53.400	-75.282	
74	53.400	-75.282	
67	53.500	-75.255	
74	53.500	-75.255	
67	53.600	-75.229	
74	53.600	-75.229	
67	53.700	-75.203	
74	53.700	-75.203	
67	53.800	-75.177	
74	53.800	-75.177	
67	53.900	-75.151	
74	53.900	-75.151	
67	54.000	-75.125	
74	54.000	-75.125	
67	54.100	-75.100	
74	54.100	-75.100	
67	54.200	-75.074	
74	54.200	-75.074	
67	54.300	-75.049	
74	54.300	-75.049	
67	54.400	-75.024	
74	54.400	-75.024	
67	54.500	-74.999	
74	54.500	-74.999	
67	54.600	-74.974	
74	54.600	-74.974	
67	54.700	-74.949	
74	54.700	-74.949	
67	54.800	-74.924	
74	54.800	-74.924	
67	54.900	-74.900	
74	54.900	-74.900	
67	55.000	-74.875	
74	55.000	-74.875	
67	55.100	-74.851	
74	55.100	-74.851	
67	55.200	-74.827	
74	55.200	-74.827	
67	55.300	-74.803	
74	55.300	-74.803	
67	55.400	-74.779	
74	55.400	-74.779	
67	55.500	-74.755	
74	55.500	-74.755	
67	55.600	-74.731	
74	55.600	-74.731	
67	55.700	-74.708	
74	55.700	-74.708	
67	55.800	-74.684	
74	55.800	-74.684	
67	55.900	-74.661	
74	55.900	-74.661	
67	56.000	-74.638	
74	56.000	-74.638	
67	56.100	-74.615	
74	56.100	-74.615	
67	56.200	-74.592	
74	56.200	-74.592	
67	56.300	-74.569	
74	56.300	-74.569	
67	56.400	-74.546	
74	56.400	-74.546	
67	56.500	-74.523	
74	56.500	-74.523	
67	56.600	-74.501	
74	56.600	-74.501	
67	56.700	-74.478	
74	56.700	-74.478	
67	56.800	-74.456	
74	56.800	-74.456	
67	56.900	-74.434	
74	56.900	-74.434	
67	57.000	-74.411	
74	57.000	-74.411	
67	57.100	-74.389	
74	57.100	-74.389	
67	57.200	-74.368	
74	57.200	-74.368	
67	57.300	-74.346	
74	57.300	-74.346	
67	57.400	-74.324	
74	57.400	-74.324	
67	57.500	-74.303	
74	57.500	-74.303	
67	57.600	-74.281	
74	57.600	-74.281	
67	57.700	-74.260	
74	57.700	-74.260	
67	57.800	-74.238	
74	57.800	-74.238	
67	57.900	-74.217	
74	57.900	-74.217	
67	58.000	-74.196	
74	58.000	-74.196	
67	58.100	-74.175	
74	58.100	-74.175	
67	58.200	-74.155	
74	58.200	-74.155	
67	58.300	-74.134	
74	58.300	-74.134	
67	58.400	-74.113	
74	58.400	-74.113	
67	58.500	-74.093	
74	58.500	-74.093	
67	58.600	-74.072	
74	58.600	-74.072	
67	58.700	-74.052	
74	58.700	-74.052	
67	58.800	-74.032	
74	58.800	-74.032	
67	58.900	-74.012	
74	58.900	-74.012	
67	59.000	-73.992	
74	59.000	-73.992	
67	59.100	-73.972	
74	59.100	-73.972	
67	59.200	-73.952	
74	59.200	-73.952	
67	59.300	-73.932	
74	59.300	-73.932	
67	59.400	-73.913	
74	59.400	-73.913	
67	59.500	-73.893	
74	59.500	-73.893	
67	59.600	-73.874	
74	59.600	-73.874	
67	59.700	-73.854	
74	59.700	-73.854	
67	59.800	-73.835	
74	59.800	-73.835	
67	59.900	-73.816	
74	59.900	-73.816	
67	60.000	-73.797	
74	60.000	-73.797	
67	60.100	-73.778	
74	60.100	-73.778	
67	60.200	-73.759	
74	60.200	-73.759	
67	60.300	-73.740	
74	60.300	-73.740	
67	60.400	-73.722	
74	60.400	-73.722	
67	60.500	-73.703	
74	60.500	-73.703	
67	60.600	-73.685	
74	60.600	-73.685	
67	60.700	-73.666	
74	60.700	-73.666	
67	60.800	-73.648	
74	60.800	-73.648	
67	60.900	-73.630	
74	60.900	-73.630	
67	61.000	-73.612	
74	61.000	-73.612	
67	61.100	-73.594	
74	61.100	-73.594	
67	61.200	-73.576	
74	61.200	-73.576	
67	61.300	-73.558	
74	61.300	-73.558	
67	61.400	-73.540	
74	61.400	-73.540	
67	61.500	-73.523	
74	61.500	-73.523	
67	61.600	-73.505	
74	61.600	-73.505	
67	61.700	-73.487	
74	61.700	-73.487	
67	61.800	-73.470	
74	61.800	-73.470	
67	61.900	-73.453	
74	61.900	-73.453	
67	62.000	-73.436	
74	62.000	-73.436	
67	62.100	-73.418	
74	62.100	-73.418	
67	62.200	-73.401	
74	62.200	-73.401	
67	62.300	-73.384	
74	62.300	-73.384	
67	62.400	-73.367	
74	62.400	-73.367	
67	62.500	-73.351	
74	62.500	-73.351	
67	62.600	-73.334	
74	62.600	-73.334	
67	62.700	-73.317	
74	62.700	-73.317	
67	62.800	-73.301	
74	62.800	-73.301	
67	62.900	-73.284	
74	62.900	-73.284	
67	63.000	-73.268	
74	63.000	-73.268	
67	63.100	-73.252	
74	63.100	-73.252	
67	63.200	-73.235	
74	63.200	-73.235	
67	63.300	-73.219	
74	63.300	-73.219	
67	63.400	-73.203	
74	63.400	-73.203	
67	63.500	-73.187	
74	63.500	-73.187	
67	63.600	-73.171	
74	63.600	-73.171	
67	63.700	-73.156	
74	63.700	-73.156	
67	63.800	-73.140	
74	63.800	-73.140	
67	63.900	-73.124	
74	63.900	-73.124	
67	64.000	-73.109	
74	64.000	-73.109	
67	64.100	-73.093	
74	64.100	-73.093	
67	64.200	-73.078	
74	64.200	-73.078	
67	64.300	-73.062	
74	64.300	-73.062	
67	64.400	-73.047	
74	64.400	-73.047	
67	64.500	-73.032	
74	64.500	-73.032	
67	64.600	-73.017	
74	64.600	-73.017	
67	64.700	-73.002	
74	64.700	-73.002	
67	64.800	-72.987	
74	64.800	-72.987	
67	64.900	-72.972	
74	64.900	-72.972	
67	65.000	-72.957	
74	65.000	-72.957	
67	65.100	-72.942	
74	65.100	-72.942	
67	65.200	-72.927	
74	65.200	-72.927	
67	65.300	-72.913	
74	65.300	-72.913	
67	65.400	-72.898	
74	65.400	-72.898	
67	65.500	-72.884	
74	65.500	-72.884	
67	65.600	-72.869	
74	65.600	-72.869	
67	65.700	-72.855	
74	65.700	-72.855	
67	65.800	-72.841	
74	65.800	-72.841	
67	65.900	-72.827	
74	65.900	-72.827	
67	66.000	-72.813	
74	66.000	-72.813	
67	66.100	-72.799	
74	66.100	-72.799	
67	66.200	-72.785	
74	66.200	-72.785	
67	66.300	-72.771	
74	66.300	-72.771	
67	66.400	-72.757	
74	66.400	-72.757	
67	66.500	-72.743	
74	66.500	-72.743	
67	66.600	-72.729	
74	66.600	-72.729	
67	66.700	-72.716	
74	66.700	-72.716	
67	66.800	-72.702	
74	66.800	-72.702	
67	66.900	-72.689	
74	66.900	-72.689	
67	67.000	-72.675	
74	67.000	-72.675	
67	67.100	-72.662	
74	67.100	-72.662	
67	67.200	-72.649	
74	67.200	-72.649	
67	67.300	-72.635	
74	67.300	-72.635	
67	67.400	-72.622	
74	67.400	-72.622	
67	67.500	-72.609	
74	67.500	-72.609	
67	67.600	-72.596	
74	67.600	-72.596	
67	67.700	-72.583	
74	67.700	-72.583	
67	67.800	-72.570	
74	67.800	-72.570	
67	67.900	-72.558	
74	67.900	-72.558	
67	68.000	-72.545	
74	68.000	-72.545	
67	68.100	-72.532	
74	68.100	-72.532	
67	68.200	-72.519	
74	68.200	-72.519	
67	68.300	-72.507	
74	68.300	-72.507	
67	68.400	-72.494	
74	68.400	-72.494	
67	68.500	-72.482	
74	68.500	-72.482	
67	68.600	-72.470	
74	68.600	-72.470	
67	68.700	-72.457	
74	68.700	-72.457	
67	68.800	-72.445	
74	68.800	-72.445	
67	68.900	-72.433	
74	68.900	-72.433	
67	69.000	-72.421	
74	69.000	-72.421	
67	69.100	-72.409	
74	69.100	-72.409	
67	69.200	-72.397	
74	69.200	-72.397	
67	69.300	-72.385	
74	69.300	-72.385	
67	69.400	-72.373	
74	69.400	-72.373	
67	69.500	-72.361	
74	69.500	-72.361	
67	69.600	-72.349	
74	69.600	-72.349	
67	69.700	-72.337	
74	69.700	-72.337	
67	69.800	-72.326	
74	69.800	-72.326	
67	69.900	-72.314	
74	69.900	-72.314	
67	70.000	-72.302	
74	70.000	-72.302	
67	70.100	-72.291	
74	70.100	-72.291	
67	70.200	-72.280	
74	70.200	-72.280	
67	70.300	-72.268	
74	70.300	-72.268	
67	70.400	-72.257	
74	70.400	-72.257	
67	70.500	-72.246	
74	70.500	-72.246	
67	70.600	-72.234	
74	70.600	-72.234	
67	70.700	-72.223	
74	70.700	-72.223	
67	70.800	-72.212	
74	70.800	-72.212	
67	70.900	-72.201	
74	70.900	-72.201	
67	71.000	-72.190	
74	71.000	-72.190	
67	71.100	-72.179	
74	71.100	-72.179	
67	71.200	-72.168	
74	71.200	-72.168	
67	71.300	-72.157	
74	71.300	-72.157	
67	71.400	-72.147	
74	71.400	-72.147	
67	71.500	-72.136	
74	71.500	-72.136	
67	71.600	-72.125	
74	71.600	-72.125	
67	71.700	-72.115	
74	71.700	-72.115	
67	71.800	-72.104	
74	71.800	-72.104	
67	71.900	-72.094	
74	71.900	-72.094	
67	72.000	-72.083	
74	72.000	-72.083	
67	72.100	-72.073	
74	72.100	-72.073	
67	72.200	-72.062	
74	72.200	-72.062	
67	72.300	-72.052	
74	72.300	-72.052	
67	72.400	-72.042	
74	72.400	-72.042	
67	72.500	-72.032	
74	72.500	-72.032	
67	72.600	-72.022	
74	72.600	-72.022	
67	72.700	-72.011	
74	72.700	-72.011	
67	72.800	-72.001	
74	72.800	-72.001	
67	72.900	-71.991	
74	72.900	-71.991	
67	73.000	-71.981	
74	73.000	-71.981	
67	73.100	-71.972	
74	73.100	-71.972	
67	73.200	-71.962	
74	73.200	-71.962	
67	73.300	-71.952	
74	73.300	-71.952	
67	73.400	-71.942	
74	73.400	-71.942	
67	73.500	-71.932	
74	73.500	-71.932	
67	73.600	-71.923	
74	73.600	-71.923	
67	73.700	-71.913	
74	73.700	-71.913	
67	73.800	-71.904	
74	73.800	-71.904	
67	73.900	-71.894	
74	73.900	-71.894	
67	74.000	-71.885	
74	74.000	-71.885	
67	74.100	-71.875	
74	74.100	-71.875	
67	74.200	-71.866	
74	74.200	-71.866	
67	74.300	-71.857	
74	74.300	-71.857	
67	74.400	-71.847	
74	74.400	-71.847	
67	74.500	-71.838	
74	74.500	-71.838	
67	74.600	-71.829	
74	74.600	-71.829	
67	74.700	-71.820	
74	74.700	-71.820	
67	74.800	-71.811	
74	74.800	-71.811	
67	74.900	-71.802	
74	74.900	-71.802	
67	75.000	-71.793	
74	75.000	-71.793	
67	75.100	-71.784	
74	75.100	-71.784	
67	75.200	-71.775	
74	75.200	-71.775	
67	75.300	-71.766	
74	75.300	-71.766	
67	75.400	-71.757	
74	75.400	-71.757	
67	75.500	-71.748	
74	75.500	-71.748	
67	75.600	-71.740	
74	75.600	-71.740	
67	75.700	-71.731	
74	75.700	-71.731	
67	75.800	-71.722	
74	75.800	-71.722	
67	75.900	-71.714	
74	75.900	-71.714	
67	76.000	-71.705	
74	76.000	-71.705	
67	76.100	-71.697	
74	76.100	-71.697	
67	76.200	-71.688	
74	76.200	-71.688	
67	76.300	-71.680	
74	76.300	-71.680	
67	76.400	-71.671	
74	76.400	-71.671	
67	76.500	-71.663	
74	76.500	-71.663	
67	76.600	-71.655	
74	76.600	-71.655	
67	76.700	-71.646	
74	76.700	-71.646	
67	76.800	-71.638	
74	76.800	-71.638	
67	76.900	-71.630	
74	76.900	-71.630	
67	77.000	-71.622	
74	77.000	-71.622	
67	77.100	-71.614	
74	77.100	-71.614	
67	77.200	-71.606	
74	77.200	-71.606	
67	77.300	-71.598	
74	77.300	-71.598	
67	77.400	-71.590	
74	77.400	-71.590	
67	77.500	-71.582	
74	77.500	-71.582	
67	77.600	-71.574	
74	77.600	-71.574	
67	77.700	-71.566	
74	77.700	-71.566	
67	77.800	-71.558	
74	77.800	-71.558	
67	77.900	-71.550	
74	77.900	-71.550	
67	78.000	-71.543	
74	78.000	-71.543	
67	78.100	-71.535	
74	78.100	-71.535	
67	78.200	-71.527	
74	78.200	-71.527	
67	78.300	-71.520	
74	78.300	-71.520	
67	78.400	-71.512	
74	78.400	-71.512	
67	78.500	-71.504	
74	78.500	-71.504	
67	78.600	-71.497	
74	78.600	-71.497	
67	78.700	-71.489	
74	78.700	-71.489	
67	78.800	-71.482	
74	78.800	-71.482	
67	78.900	-71.475	
74	78.900	-71.475	
67	79.000	-71.467	
74	79.000	-71.467	
67	79.100	-71.460	
74	79.100	-71.460	
67	79.200	-71.453	
74	79.200	-71.453	
67	79.300	-71.445	
74	79.300	-71.445	
67	79.400	-71.438	
74	79.400	-71.438	
67	79.500	-71.431	
74	79.500	-71.431	
67	79.600	-71.424	
74	79.600	-71.424	
67	79.700	-71.417	
74	79.700	-71.417	
67	79.800	-71.410	
74	79.800	-71.410	
67	79.900	-71.403	
74	79.900	-71.403	
67	80.000	-71.395	
74	80.000	-71.395	
67	80.100	-71.389	
74	80.100	-71.389	
67	80.200	-71.382	
74	80.200	-71.382	
67	80.300	-71.375	
74	80.300	-71.375	
67	80.400	-71.368	
74	80.400	-71.368	
67	80.500	-71.361	
74	80.500	-71.361	
67	80.600	-71.354	
74	80.600	-71.354	
67	80.700	-71.347	
74	80.700	-71.347	
67	80.800	-71.341	
74	80.800	-71.341	
67	80.900	-71.334	
74	80.900	-71.334	
67	81.000	-71.327	
74	81.000	-71.327	
67	81.100	-71.321	
74	81.100	-71.321	
67	81.200	-71.314	
74	81.200	-71.314	
67	81.300	-71.307	
74	81.300	-71.307	
67	81.400	-71.301	
74	81.400	-71.301	
67	81.500	-71.294	
74	81.500	-71.294	
67	81.600	-71.288	
74	81.600	-71.288	
67	81.700	-71.281	
74	81.700	-71.281	
67	81.800	-71.275	
74	81.800	-71.275	
67	81.900	-71.269	
74	81.900	-71.269	
67	82.000	-71.262	
74	82.000	-71.262	
67	82.100	-71.256	
74	82.100	-71.256	
67	82.200	-71.250	
74	82.200	-71.250	
67	82.300	-71.244	
74	82.300	-71.244	
67	82.400	-71.237	
74	82.400	-71.237	
67	82.500	-71.231	
74	82.500	-71.231	
67	82.600	-71.225	
74	82.600	-71.225	
67	82.700	-71.219	
74	82.700	-71.219	
67	82.800	-71.213	
74	82.800	-71.213	
67	82.900	-71.207	
74	82.900	-71.207	
67	83.000	-71.201	
74	83.000	-71.201	
67	83.100	-71.195	
74	83.100	-71.195	
67	83.200	-71.189	
74	83.200	-71.189	
67	83.300	-71.183	
74	83.300	-71.183	
67	83.400	-71.177	
74	83.400	-71.177	
67	83.500	-71.171	
74	83.500	-71.171	
67	83.600	-71.165	
74	83.600	-71.165	
67	83.700	-71.159	
74	83.700	-71.159	
67	83.800	-71.153	
74	83.800	-71.153	
67	83.900	-71.148	
74	83.900	-71.148	
67	84.000	-71.142	
74	84.000	-71.142	
67	84.100	-71.136	
74	84.100	-71.136	
67	84.200	-71.130	
74	84.200	-71.130	
67	84.300	-71.125	
74	84.300	-71.125	
67	84.400	-71.119	
74	84.400	-71.119	
67	84.500	-71.114	
74	84.500	-71.114	
67	84.600	-71.108	
74	84.600	-71.108	
67	84.700	-71.102	
74	84.700	-71.102	
67	84.800	-71.097	
74	84.800	-71.097	
67	84.900	-71.091	
74	84.900	-71.091	
67	85.000	-71.086	
74	85.000	-71.086	
67	85.100	-71.081	
74	85.100	-71.081	
67	85.200	-71.075	
74	85.200	-71.075	
67	85.300	-71.070	
74	85.300	-71.070	
67	85.400	-71.064	
74	85.400	-71.064	
67	85.500	-71.059	
74	85.500	-71.059	
67	85.600	-71.054	
74	85.600	-71.054	
67	85.700	-71.048	
74	85.700	-71.048	
67	85.800	-71.043	
74	85.800	-71.043	
67	85.900	-71.038	
74	85.900	-71.038	
67	86.000	-71.033	
74	86.000	-71.033	
67	86.100	-71.028	
74	86.100	-71.028	
67	86.200	-71.023	
74	86.200	-71.023	
67	86.300	-71.017	
74	86.300	-71.017	
67	86.400	-71.012	
74	86.400	-71.012	
67	86.500	-71.007	
74	86.500	-71.007	
67	86.600	-71.002	
74	86.600	-71.002	
67	86.700	-70.997	
74	86.700	-70.997	
67	86.800	-70.992	
74	86.800	-70.992	
67	86.900	-70.987	
74	86.900	-70.987	
67	87.000	-70.982	
74	87.000	-70.982	
67	87.100	-70.977	
74	87.100	-70.977	
67	87.200	-70.972	
74	87.200	-70.972	
67	87.300	-70.968	
74	87.300	-70.968	
67	87.400	-70.963	
74	87.400	-70.963	
67	87.500	-70.958	
74	87.500	-70.958	
67	87.600	-70.953	
74	87.600	-70.953	
67	87.700	-70.948	
74	87.700	-70.948	
67	87.800	-70.944	
74	87.800	-70.944	
67	87.900	-70.939	
74	87.900	-70.939	
67	88.000	-70.934	
74	88.000	-70.934	
67	88.100	-70.929	
74	88.100	-70.929	
67	88.200	-70.925	
74	88.200	-70.925	
67	88.300	-70.920	
74	88.300	-70.920	
67	88.400	-70.916	
74	88.400	-70.916	
67	88.500	-70.911	
74	88.500	-70.911	
67	88.600	-70.906	
74	88.600	-70.906	
67	88.700	-70.902	
74	88.700	-70.902	
67	88.800	-70.897	
74	88.800	-70.897	
67	88.900	-70.893	
74	88.900	-70.893	
67	89.000	-70.888	
74	89.000	-70.888	
67	89.100	-70.884	
74	89.100	-70.884	
67	89.200	-70.879	
74	89.200	-70.879	
67	89.300	-70.875	
74	89.300	-70.875	
67	89.400	-70.871	
74	89.400	-70.871	
67	89.500	-70.866	
74	89.500	-70.866	
67	89.600	-70.862	
74	89.600	-70.862	
67	89.700	-70.858	
74	89.700	-70.858	
67	89.800	-70.853	
74	89.800	-70.853	
67	89.900	-70.849	
74	89.900	-70.849	
67	90.000	-70.845	
74	90.000	-70.845	
67	90.100	-70.841	
74	90.100	-70.841	
67	90.200	-70.836	
74	90.200	-70.836	
67	90.300	-70.832	
74	90.300	-70.832	
67	90.400	-70.828	
74	90.400	-70.828	
67	90.500	-70.824	
74	90.500	-70.824	
67	90.600	-70.820	
74	90.600	-70.820	
67	90.700	-70.816	
74	90.700	-70.816	
67	90.800	-70.811	
74	90.800	-70.811	
67	90.900	-70.807	
74	90.900	-70.807	
67	91.000	-70.803	
74	91.000	-70.803	
67	91.100	-70.799	
74	91.100	-70.799	
67	91.200	-70.795	
74	91.200	-70.795	
67	91.300	-70.791	
74	91.300	-70.791	
67	91.400	-70.787	
74	91.400	-70.787	
67	91.500	-70.783	
74	91.500	-70.783	
67	91.600	-70.779	
74	91.600	-70.779	
67	91.700	-70.776	
74	91.700	-70.776	
67	91.800	-70.772	
74	91.800	-70.772	
67	91.900	-70.768	
74	91.900	-70.768	
67	92.000	-70.764	
74	92.000	-70.764	
67	92.100	-70.760	
74	92.100	-70.760	
67	92.200	-70.756	
74	92.200	-70.756	
67	92.300	-70.752	
74	92.300	-70.752	
67	92.400	-70.749	
74	92.400	-70.749	
67	92.500	-70.745	
74	92.500	-70.745	
67	92.600	-70.741	
74	92.600	-70.741	
67	92.700	-70.737	
74	92.700	-70.737	
67	92.800	-70.734	
74	92.800	-70.734	
67	92.900	-70.730	
74	92.900	-70.730	
67	93.000	-70.726	
74	93.000	-70.726	
67	93.100	-70.723	
74	93.100	-70.723	
67	93.200	-70.719	
74	93.200	-70.719	
67	93.300	-70.716	
74	93.300	-70.716	
67	93.400	-70.712	
74	93.400	-70.712	
67	93.500	-70.708	
74	93.500	-70.708	
67	93.600	-70.705	
74	93.600	-70.705	
67	93.700	-70.701	
74	93.700	-70.701	
67	93.800	-70.698	
74	93.800	-70.698	
67	93.900	-70.694	
74	93.900	-70.694	
67	94.000	-70.691	
74	94.000	-70.691	
67	94.100	-70.687	
74	94.100	-70.687	
67	94.200	-70.684	
74	94.200	-70.684	
67	94.300	-70.680	
74	94.300	-70.680	
67	94.400	-70.677	
74	94.400	-70.677	
67	94.500	-70.674	
74	94.500	-70.674	
67	94.600	-70.670	
74	94.600	-70.670	
67	94.700	-70.667	
74	94.700	-70.667	
67	94.800	-70.663	
74	94.800	-70.663	
67	94.900	-70.660	
74	94.900	-70.660	
67	95.000	-70.657	
74	95.000	-70.657	
67	95.100	-70.653	
74	95.100	-70.653	
67	95.200	-70.650	
74	95.200	-70.650	
67	95.300	-70.647	
74	95.300	-70.647	
67	95.400	-70.644	
74	95.400	-70.644	
67	95.500	-70.640	
74	95.500	-70.640	
67	95.600	-70.637	
74	95.600	-70.637	
67	95.700	-70.634	
74	95.700	-70.634	
67	95.800	-70.631	
74	95.800	-70.631	
67	95.900	-70.628	
74	95.900	-70.628	
67	96.000	-70.624	
74	96.000	-70.624	
67	96.100	-70.621	
74	96.100	-70.621	
67	96.200	-70.618	
74	96.200	-70.618	
67	96.300	-70.615	
74	96.300	-70.615	
67	96.400	-70.612	
74	96.400	-70.612	
67	96.500	-70.609	
74	96.500	-70.609	
67	96.600	-70.606	
74	96.600	-70.606	
67	96.700	-70.603	
74	96.700	-70.603	
67	96.800	-70.600	
74	96.800	-70.600	
67	96.900	-70.597	
74	96.900	-70.597	
67	97.000	-70.594	
74	97.000	-70.594	
67	97.100	-70.591	
74	97.100	-70.591	
67	97.200	-70.588	
74	97.200	-70.588	
67	97.300	-70.585	
74	97.300	-70.585	
67	97.400	-70.582	
74	97.400	-70.582	
67	97.500	-70.579	
74	97.500	-70.579	
67	97.600	-70.576	
74	97.600	-70.576	
67	97.700	-70.573	
74	97.700	-70.573	
67	97.800	-70.570	
74	97.800	-70.570	
67	97.900	-70.567	
74	97.900	-70.567	
67	98.000	-70.565	
74	98.000	-70.565	
67	98.100	-70.562	
74	98.100	-70.562	
67	98.200	-70.559	
74	98.200	-70.559	
67	98.300	-70.556	
74	98.300	-70.556	
67	98.400	-70.553	
74	98.400	-70.553	
67	98.500	-70.550	
74	98.500	-70.550	
67	98.600	-70.548	
74	98.600	-70.548	
67	98.700	-70.545	
74	98.700	-70.545	
67	98.800	-70.542	
74	98.800	-70.542	
67	98.900	-70.539	
74	98.900	-70.539	
67	99.000	-70.537	
74	99.000	-70.537	
67	99.100	-70.534	
74	99.100	-70.534	
67	99.200	-70.531	
74	99.200	-70.531	
67	99.300	-70.529	
74	99.300	-70.529	
67	99.400	-70.526	
74	99.400	-70.526	
67	99.500	-70.523	
74	99.500	-70.523	
67	99.600	-70.521	
74	99.600	-70.521	
67	99.700	-70.518	
74	99.700	-70.518	
67	99.800	-70.515	
74	99.800	-70.515	
67	99.900	-70.513	
74	99.900	-70.513	
67	100.000	-70.510	
74	100.000	-70.510	
67	100.100	-70.508	
74	100.100	-70.508	
67	100.200	-70.505	
74	100.200	-70.505	
67	100.300	-70.503	
74	100.300	-70.503	
67	100.400	-70.500	
74	100.400	-70.500	
67	100.500	-70.498	
74	100.500	-70.498	
67	100.600	-70.495	
74	100.600	-70.495	
67	100.700	-70.492	
74	100.700	-70.492	
67	100.800	-70.490	
74	100.800	-70.490	
67	100.900	-70.488	
74	100.900	-70.488	
67	101.000	-70.485	
74	101.000	-70.485	
67	101.100	-70.483	
74	101.100	-70.483	
67	101.200	-70.480	
74	101.200	-70.480	
67	101.300	-70.478	
74	101.300	-70.478	
67	101.400	-70.475	
74	101.400	-70.475	
67	101.500	-70.473	
74	101.500	-70.473	
67	101.600	-70.471	
74	101.600	-70.471	
67	101.700	-70.468	
74	101.700	-70.468	
67	101.800	-70.466	
74	101.800	-70.466	
67	101.900	-70.463	
74	101.900	-70.463	
67	102.000	-70.461	
74	102.000	-70.461	
67	102.100	-70.459	
74	102.100	-70.459	
67	102.200	-70.456	
74	102.200	-70.456	
67	102.300	-70.454	
74	102.300	-70.454	
67	102.400	-70.452	
74	102.400	-70.452	
67	102.500	-70.450	
74	102.500	-70.450	
67	102.600	-70.447	
74	102.600	-70.447	
67	102.700	-70.445	
74	102.700	-70.445	
67	102.800	-70.443	
74	102.800	-70.443	
67	102.900	-70.441	
74	102.900	-70.441	
67	103.000	-70.438	
74	103.000	-70.438	
67	103.100	-70.436	
74	103.100	-70.436	
67	103.200	-70.434	
74	103.200	-70.434	
67	103.300	-70.432	
74	103.300	-70.432	
67	103.400	-70.430	
74	103.400	-70.430	
67	103.500	-70.427	
74	103.500	-70.427	
67	103.600	-70.425	
74	103.600	-70.425	
67	103.700	-70.423	
74	103.700	-70.423	
67	103.800	-70.421	
74	103.800	-70.421	
67	103.900	-70.419	
74	103.900	-70.419	
67	104.000	-70.417	
74	104.000	-70.417	
67	104.100	-70.415	
74	104.100	-70.415	
67	104.200	-70.412	
74	104.200	-70.412	
67	104.300	-70.410	
74	104.300	-70.410	
67	104.400	-70.408	
74	104.400	-70.408	
67	104.500	-70.406	
74	104.500	-70.406	
67	104.600	-70.404	
74	104.600	-70.404	
67	104.700	-70.402	
74	104.700	-70.402	
67	104.800	-70.400	
74	104.800	-70.400	
67	104.900	-70.398	
74	104.900	-70.398	
67	105.000	-70.396	
74	105.000	-70.396	
67	105.100	-70.394	
74	105.100	-70.394	
67	105.200	-70.392	
74	105.200	-70.392	
67	105.300	-70.390	
74	105.300	-70.390	
67	105.400	-70.388	
74	105.400	-70.388	
67	105.500	-70.386	
74	105.500	-70.386	
67	105.600	-70.384	
74	105.600	-70.384	
67	105.700	-70.382	
74	105.700	-70.382	
67	105.800	-70.380	
74	105.800	-70.380	
67	105.900	-70.378	
74	105.900	-70.378	
67	106.000	-70.376	
74	106.000	-70.376	
67	106.100	-70.374	
74	106.100	-70.374	
67	106.200	-70.373	
74	106.200	-70.373	
67	106.300	-70.371	
74	106.300	-70.371	
67	106.400	-70.369	
74	106.400	-70.369	
67	106.500	-70.367	
74	106.500	-70.367	
67	106.600	-70.365	
74	106.600	-70.365	
67	106.700	-70.363	
74	106.700	-70.363	
67	106.800	-70.361	
74	106.800	-70.361	
67	106.900	-70.360	
74	106.900	-70.360	
67	107.000	-70.358	
74	107.000	-70.358	
67	107.100	-70.356	
74	107.100	-70.356	
67	107.200	-70.354	
74	107.200	-70.354	
67	107.300	-70.352	
74	107.300	-70.352	
67	107.400	-70.350	
74	107.400	-70.350	
67	107.500	-70.349	
74	107.500	-70.349	
67	107.600	-70.347	
74	107.600	-70.347	
67	107.700	-70.345	
74	107.700	-70.345	
67	107.800	-70.343	
74	107.800	-70.343	
67	107.900	-70.342	
74	107.900	-70.342	
67	108.000	-70.340	
74	108.000	-70.340	
67	108.100	-70.338	
74	108.100	-70.338	
67	108.200	-70.336	
74	108.200	-70.336	
67	108.300	-70.335	
74	108.300	-70.335	
67	108.400	-70.333	
74	108.400	-70.333	
67	108.500	-70.331	
74	108.500	-70.331	
67	108.600	-70.330	
74	108.600	-70.330	
67	108.700	-70.328	
74	108.700	-70.328	
67	108.800	-70.326	
74	108.800	-70.326	
67	108.900	-70.325	
74	108.900	-70.325	
67	109.000	-70.323	
74	109.000	-70.323	
67	109.100	-70.321	
74	109.100	-70.321	
67	109.200	-70.320	
74	109.200	-70.320	
67	109.300	-70.318	
74	109.300	-70.318	
67	109.400	-70.317	
74	109.400	-70.317	
67	109.500	-70.315	
74	109.500	-70.315	
67	109.600	-70.313	
74	109.600	-70.313	
67	109.700	-70.312	
74	109.700	-70.312	
67	109.800	-70.310	
74	109.800	-70.310	
67	109.900	-70.309	
74	109.900	-70.309	
67	110.000	-70.307	
74	110.000	-70.307	
67	110.100	-70.305	
74	110.100	-70.305	
67	110.200	-70.304	
74	110.200	-70.304	
67	110.300	-70.302	
74	110.300	-70.302	
67	110.400	-70.301	
74	110.400	-70.301	
67	110.500	-70.299	
74	110.500	-70.299	
67	110.600	-70.298	
74	110.600	-70.298	
67	110.700	-70.296	
74	110.700	-70.296	
67	110.800	-70.295	
74	110.800	-70.295	
67	110.900	-70.293	
74	110.900	-70.293	
67	111.000	-70.292	
74	111.000	-70.292	
67	111.100	-70.290	
74	111.100	-70.290	
67	111.200	-70.289	
74	111.200	-70.289	
67	111.300	-70.287	
74	111.300	-70.287	
67	111.400	-70.286	
74	111.400	-70.286	
67	111.500	-70.284	
74	111.500	-70.284	
67	111.600	-70.283	
74	111.600	-70.283	
67	111.700	-70.281	
74	111.700	-70.281	
67	111.800	-70.280	
74	111.800	-70.280	
67	111.900	-70.279	
74	111.900	-70.279	
67	112.000	-70.277	
74	112.000	-70.277	
67	112.100	-70.276	
74	112.100	-70.276	
67	112.200	-70.274	
74	112.200	-70.274	
67	112.300	-70.273	
74	112.300	-70.273	
67	112.400	-70.271	
74	112.400	-70.271	
67	112.500	-70.270	
74	112.500	-70.270	
67	112.600	-70.269	
74	112.600	-70.269	
67	112.700	-70.267	
74	112.700	-70.267	
67	112.800	-70.266	
74	112.800	-70.266	
67	112.900	-70.265	
74	112.900	-70.265	
67	113.000	-70.263	
74	113.000	-70.263	
67	113.100	-70.262	
74	113.100	-70.262	
67	113.200	-70.261	
74	113.200	-70.261	
67	113.300	-70.259	
74	113.300	-70.259	
67	113.400	-70.258	
74	113.400	-70.258	
67	113.500	-70.257	
74	113.500	-70.257	
67	113.600	-70.255	
74	113.600	-70.255	
67	113.700	-70.254	
74	113.700	-70.254	
67	113.800	-70.253	
74	113.800	-70.253	
67	113.900	-70.251	
74	113.900	-70.251	
67	114.000	-70.250	
74	114.000	-70.250	
67	114.100	-70.249	
74	114.100	-70.249	
67	114.200	-70.247	
74	114.200	-70.247	
67	114.300	-70.246	
74	114.300	-70.246	
67	114.400	-70.245	
74	114.400	-70.245	
67	114.500	-70.244	
74	114.500	-70.244	
67	114.600	-70.242	
74	114.600	-70.242	
67	114.700	-70.241	
74	114.700	-70.241	
67	114.800	-70.240	
74	114.800	-70.240	
67	114.900	-70.239	
74	114.900	-70.239	
67	115.000	-70.238	
74	115.000	-70.238	
67	115.100	-70.236	
74	115.100	-70.236	
67	115.200	-70.235	
74	115.200	-70.235	
67	115.300	-70.234	
74	115.300	-70.234	
67	115.400	-70.233	
74	115.400	-70.233	
67	115.500	-70.231	
74	115.500	-70.231	
67	115.600	-70.230	
74	115.600	-70.230	
67	115.700	-70.229	
74	115.700	-70.229	
67	115.800	-70.228	
74	115.800	-70.228	
67	115.900	-70.227	
74	115.900	-70.227	
67	116.000	-70.226	
74	116.000	-70.226	
67	116.100	-70.224	
74	116.100	-70.224	
67	116.200	-70.223	
74	116.200	-70.223	
67	116.300	-70.222	
74	116.300	-70.222	
67	116.400	-70.221	
74	116.400	-70.221	
67	116.500	-70.220	
74	116.500	-70.220	
67	116.600	-70.219	
74	116.600	-70.219	
67	116.700	-70.218	
74	116.700	-70.218	
67	116.800	-70.216	
74	116.800	-70.216	
67	116.900	-70.215	
74	116.900	-70.215	
67	117.000	-70.214	
74	117.000	-70.214	
67	117.100	-70.213	
74	117.100	-70.213	
67	117.200	-70.212	
74	117.200	-70.212	
67	117.300	-70.211	
74	117.300	-70.211	
67	117.400	-70.210	
74	117.400	-70.210	
67	117.500	-70.209	
74	117.500	-70.209	
67	117.600	-70.208	
74	117.600	-70.208	
67	117.700	-70.207	
74	117.700	-70.207	
67	117.800	-70.206	
74	117.800	-70.206	
67	117.900	-70.204	
74	117.900	-70.204	
67	118.000	-70.203	
74	118.000	-70.203	
67	118.100	-70.202	
74	118.100	-70.202	
67	118.200	-70.201	
74	118.200	-70.201	
67	118.300	-70.200	
74	118.300	-70.200	
67	118.400	-70.199	
74	118.400	-70.199	
67	118.500	-70.198	
74	118.500	-70.198	
67	118.600	-70.197	
74	118.600	-70.197	
67	118.700	-70.196	
74	118.700	-70.196	
67	118.800	-70.195	
74	118.800	-70.195	
67	118.900	-70.194	
74	118.900	-70.194	
67	119.000	-70.193	
74	119.000	-70.193	
67	119.100	-70.192	
74	119.100	-70.192	
67	119.200	-70.191	
74	119.200	-70.191	
67	119.300	-70.190	
74	119.300	-70.190	
67	119.400	-70.189	
74	119.400	-70.189	
67	119.500	-70.188	
74	119.500	-70.188	
67	119.600	-70.187	
74	119.600	-70.187	
67	119.700	-70.186	
74	119.700	-70.186	
67	119.800	-70.185	
74	119.800	-70.185	
67	119.900	-70.184	
74	119.900	-70.184	
67	120.000	-70.183	
74	120.000	-70.183	
67	120.100	-70.182	
74	120.100	-70.182	
67	120.200	-70.181	
74	120.200	-70.181	
67	120.300	-70.181	
74	120.300	-70.181	
67	120.400	-70.180	
74	120.400	-70.180	
67	120.500	-70.179	
74	120.500	-70.179	
67	120.600	-70.178	
74	120.600	-70.178	
67	120.700	-70.177	
74	120.700	-70.177	
67	120.800	-70.176	
74	120.800	-70.176	
67	120.900	-70.175	
74	120.900	-70.175	
67	121.000	-70.174	
74	121.000	-70.174	
67	121.100	-70.173	
74	121.100	-70.173	
67	121.200	-70.172	
74	121.200	-70.172	
67	121.300	-70.171	
74	121.300	-70.171	
67	121.400	-70.170	
74	121.400	-70.170	
67	121.500	-70.170	
74	121.500	-70.170	
67	121.600	-70.169	
74	121.600	-70.169	
67	121.700	-70.168	
74	121.700	-70.168	
67	121.800	-70.167	
74	121.800	-70.167	
67	121.900	-70.166	
74	121.900	-70.166	
67	122.000	-70.165	
74	122.000	-70.165	
67	122.100	-70.164	
74	122.100	-70.164	
67	122.200	-70.163	
74	122.200	-70.163	
67	122.300	-70.163	
74	122.300	-70.163	
67	122.400	-70.162	
74	122.400	-70.162	
67	122.500	-70.161	
74	122.500	-70.161	
67	122.600	-70.160	
74	122.600	-70.160	
67	122.700	-70.159	
74	122.700	-70.159	
67	122.800	-70.158	
74	122.800	-70.158	
67	122.900	-70.158	
74	122.900	-70.158	
67	123.000	-70.157	
74	123.000	-70.157	
67	123.100	-70.156	
74	123.100	-70.156	
67	123.200	-70.155	
74	123.200	-70.155	
67	123.300	-70.154	
74	123.300	-70.154	
67	123.400	-70.154	
74	123.400	-70.154	
67	123.500	-70.153	
74	123.500	-70.153	
67	123.600	-70.152	
74	123.600	-70.152	
67	123.700	-70.151	
74	123.700	-70.151	
67	123.800	-70.150	
74	123.800	-70.150	
67	123.900	-70.150	
74	123.900	-70.150	
67	124.000	-70.149	
74	124.000	-70.149	
67	124.100	-70.148	
74	124.100	-70.148	
67	124.200	-70.147	
74	124.200	-70.147	
67	124.300	-70.146	
74	124.300	-70.146	
67	124.400	-70.146	
74	124.400	-70.146	
67	124.500	-70.145	
74	124.500	-70.145	
67	124.600	-70.144	
74	124.600	-70.144	
67	124.700	-70.143	
74	124.700	-70.143	
67	124.800	-70.143	
74	124.800	-70.143	
67	124.900	-70.142	
74	124.900	-70.142	
67	125.000	-70.141	
74	125.000	-70.141	
67	125.100	-70.140	
74	125.100	-70.140	
67	125.200	-70.140	
74	125.200	-70.140	
67	125.300	-70.139	
74	125.300	-70.139	
67	125.400	-70.138	
74	125.400	-70.138	
67	125.500	-70.137	
74	125.500	-70.137	
67	125.600	-70.137	
74	125.600	-70.137	
67	125.700	-70.136	
74	125.700	-70.136	
67	125.800	-70.135	
74	125.800	-70.135	
67	125.900	-70.135	
74	125.900	-70.135	
67	126.000	-70.134	
74	126.000	-70.134	
67	126.100	-70.133	
74	126.100	-70.133	
67	126.200	-70.132	
74	126.200	-70.132	
67	126.300	-70.132	
74	126.300	-70.132	
67	126.400	-70.131	
74	126.400	-70.131	
67	126.500	-70.130	
74	126.500	-70.130	
67	126.600	-70.130	
74	126.600	-70.130	
67	126.700	-70.129	
74	126.700	-70.129	
67	126.800	-70.128	
74	126.800	-70.128	
67	126.900	-70.128	
74	126.900	-70.128	
67	127.000	-70.127	
74	127.000	-70.127	
67	127.100	-70.126	
74	127.100	-70.126	
67	127.200	-70.126	
74	127.200	-70.126	
67	127.300	-70.125	
74	127.300	-70.125	
67	127.400	-70.124	
74	127.400	-70.124	
67	127.500	-70.124	
74	127.500	-70.124	
67	127.600	-70.123	
74	127.600	-70.123	
67	127.700	-70.122	
74	127.700	-70.122	
67	127.800	-70.122	
74	127.800	-70.122	
67	127.900	-70.121	
74	127.900	-70.121	
67	128.000	-70.120	
74	128.000	-70.120	
67	128.100	-70.120	
74	128.100	-70.120	
67	128.200	-70.119	
74	128.200	-70.119	
67	128.300	-70.119	
74	128.300	-70.119	
67	128.400	-70.118	
74	128.400	-70.118	
67	128.500	-70.117	
74	128.500	-70.117	
67	128.600	-70.117	
74	128.600	-70.117	
67	128.700	-70.116	
74	128.700	-70.116	
67	128.800	-70.115	
74	128.800	-70.115	
67	128.900	-70.115	
74	128.900	-70.115	
67	129.000	-70.114	
74	129.000	-70.114	
67	129.100	-70.114	
74	129.100	-70.114	
67	129.200	-65.517	
74	129.200	-65.517	
67	129.300	-62.001	
74	129.300	-62.001	
67	129.400	-59.281	
74	129.400	-59.281	
67	129.500	-57.147	
74	129.500	-57.147	
67	129.600	-55.429	
74	129.600	-55.429	
67	129.700	-53.966	
74	129.700	-53.966	
67	129.800	-52.592	
74	129.800	-52.592	
67	129.900	-51.096	
74	129.900	-51.096	
67	130.000	-49.114	
74	130.000	-49.114	
67	130.100	-45.645	
74	130.100	-45.645	
67	130.200	-35.347	
74	130.200	-35.347	
67	130.300	26.730	
74	130.300	26.730	
67	130.400	48.233	
74	130.400	48.233	
67	130.500	41.974	
74	130.500	41.974	
67	130.600	28.502	
74	130.600	28.502	
67	130.700	10.396	
74	130.700	10.396	
67	130.800	-8.161	
74	130.800	-8.161	
67	130.900	-24.667	
74	130.900	-24.667	
67	131.000	-39.934	
74	131.000	-39.934	
67	131.100	-58.602	
74	131.100	-58.602	
67	131.200	-73.090	
74	131.200	-73.090	
67	131.300	-79.705	
74	131.300	-79.705	
67	131.400	-82.614	
74	131.400	-82.614	
67	131.500	-84.011	
74	131.500	-84.011	
67	131.600	-84.724	
74	131.600	-84.724	
67	131.700	-85.095	
74	131.700	-85.095	
67	131.800	-85.281	
74	131.800	-85.281	
67	131.900	-85.361	
74	131.900	-85.361	
67	132.000	-85.378	
74	132.000	-85.378	
67	132.100	-85.357	
74	132.100	-85.357	
67	132.200	-85.313	
74	132.200	-85.313	
67	132.300	-85.256	
74	132.300	-85.256	
67	132.400	-85.190	
74	132.400	-85.190	
67	132.500	-85.119	
74	132.500	-85.119	
67	132.600	-85.045	
74	132.600	-85.045	
67	132.700	-84.971	
74	132.700	-84.971	
67	132.800	-84.895	
74	132.800	-84.895	
67	132.900	-84.820	
74	132.900	-84.820	
67	133.000	-84.744	
74	133.000	-84.744	
67	133.100	-84.669	
74	133.100	-84.669	
67	133.200	-84.595	
74	133.200	-84.595	
67	133.300	-84.521	
74	133.300	-84.521	
67	133.400	-84.448	
74	133.400	-84.448	
67	133.500	-84.375	
74	133.500	-84.375	
67	133.600	-84.302	
74	133.600	-84.302	
67	133.700	-84.230	
74	133.700	-84.230	
67	133.800	-84.159	
74	133.800	-84.159	
67	133.900	-84.088	
74	133.900	-84.088	
67	134.000	-84.017	
74	134.000	-84.017	
67	134.100	-83.947	
74	134.100	-83.947	
67	134.200	-83.877	
74	134.200	-83.877	
67	134.300	-83.808	
74	134.300	-83.808	
67	134.400	-83.739	
74	134.400	-83.739	
67	134.500	-83.670	
74	134.500	-83.670	
67	134.600	-83.602	
74	134.600	-83.602	
67	134.700	-83.534	
74	134.700	-83.534	
67	134.800	-83.466	
74	134.800	-83.466	
67	134.900	-83.399	
74	134.900	-83.399	
67	135.000	-83.332	
74	135.000	-83.332	
67	135.100	-83.266	
74	135.100	-83.266	
67	135.200	-83.199	
74	135.200	-83.199	
67	135.300	-83.133	
74	135.300	-83.133	
67	135.400	-83.068	
74	135.400	-83.068	
67	135.500	-83.003	
74	135.500	-83.003	
67	135.600	-82.938	
74	135.600	-82.938	
67	135.700	-82.873	
74	135.700	-82.873	
67	135.800	-82.809	
74	135.800	-82.809	
67	135.900	-82.745	
74	135.900	-82.745	
67	136.000	-82.682	
74	136.000	-82.682	
67	136.100	-82.618	
74	136.100	-82.618	
67	136.200	-82.555	
74	136.200	-82.555	
67	136.300	-82.493	
74	136.300	-82.493	
67	136.400	-82.431	
74	136.400	-82.431	
67	136.500	-82.369	
74	136.500	-82.369	
67	136.600	-82.307	
74	136.600	-82.307	
67	136.700	-82.245	
74	136.700	-82.245	
67	136.800	-82.184	
74	136.800	-82.184	
67	136.900	-82.124	
74	136.900	-82.124	
67	137.000	-82.063	
74	137.000	-82.063	
67	137.100	-82.003	
74	137.100	-82.003	
67	137.200	-81.943	
74	137.200	-81.943	
67	137.300	-81.884	
74	137.300	-81.884	
67	137.400	-81.824	
74	137.400	-81.824	
67	137.500	-81.765	
74	137.500	-81.765	
67	137.600	-81.707	
74	137.600	-81.707	
67	137.700	-81.648	
74	137.700	-81.648	
67	137.800	-81.590	
74	137.800	-81.590	
67	137.900	-81.532	
74	137.900	-81.532	
67	138.000	-81.475	
74	138.000	-81.475	
67	138.100	-81.418	
74	138.100	-81.418	
67	138.200	-81.361	
74	138.200	-81.361	
67	138.300	-81.304	
74	138.300	-81.304	
67	138.400	-81.248	
74	138.400	-81.248	
67	138.500	-81.191	
74	138.500	-81.191	
67	138.600	-81.136	
74	138.600	-81.136	
67	138.700	-81.080	
74	138.700	-81.080	
67	138.800	-81.025	
74	138.800	-81.025	
67	138.900	-80.970	
74	138.900	-80.970	
67	139.000	-80.915	
74	139.000	-80.915	
67	139.100	-80.861	
74	139.100	-80.861	
67	139.200	-80.807	
74	139.200	-80.807	
67	139.300	-80.753	
74	139.300	-80.753	
67	139.400	-80.699	
74	139.400	-80.699	
67	139.500	-80.646	
74	139.500	-80.646	
67	139.600	-80.593	
74	139.600	-80.593	
67	139.700	-80.540	
74	139.700	-80.540	
67	139.800	-80.487	
74	139.800	-80.487	
67	139.900	-80.435	
74	139.900	-80.435	
67	140.000	-80.383	
74	140.000	-80.383	
67	140.100	-80.331	
74	140.100	-80.331	
67	140.200	-80.280	
74	140.200	-80.280	
67	140.300	-80.228	
74	140.300	-80.228	
67	140.400	-80.177	
74	140.400	-80.177	
67	140.500	-80.126	
74	140.500	-80.126	
67	140.600	-80.076	
74	140.600	-80.076	
67	140.700	-80.026	
74	140.700	-80.026	
67	140.800	-79.976	
74	140.800	-79.976	
67	140.900	-79.926	
74	140.900	-79.926	
67	141.000	-79.876	
74	141.000	-79.876	
67	141.100	-79.827	
74	141.100	-79.827	
67	141.200	-79.778	
74	141.200	-79.778	
67	141.300	-79.729	
74	141.300	-79.729	
67	141.400	-79.681	
74	141.400	-79.681	
67	141.500	-79.633	
74	141.500	-79.633	
67	141.600	-79.585	
74	141.600	-79.585	
67	141.700	-79.537	
74	141.700	-79.537	
67	141.800	-79.489	
74	141.800	-79.489	
67	141.900	-79.442	
74	141.900	-79.442	
67	142.000	-79.395	
74	142.000	-79.395	
67	142.100	-79.348	
74	142.100	-79.348	
67	142.200	-79.301	
74	142.200	-79.301	
67	142.300	-79.255	
74	142.300	-79.255	
67	142.400	-79.209	
74	142.400	-79.209	
67	142.500	-79.163	
74	142.500	-79.163	
67	142.600	-79.117	
74	142.600	-79.117	
67	142.700	-79.072	
74	142.700	-79.072	
67	142.800	-79.026	
74	142.800	-79.026	
67	142.900	-78.981	
74	142.900	-78.981	
67	143.000	-78.937	
74	143.000	-78.937	
67	143.100	-78.892	
74	143.100	-78.892	
67	143.200	-78.848	
74	143.200	-78.848	
67	143.300	-78.804	
74	143.300	-78.804	
67	143.400	-78.760	
74	143.400	-78.760	
67	143.500	-78.716	
74	143.500	-78.716	
67	143.600	-78.672	
74	143.600	-78.672	
67	143.700	-78.629	
74	143.700	-78.629	
67	143.800	-78.586	
74	143.800	-78.586	
67	143.900	-78.543	
74	143.900	-78.543	
67	144.000	-78.501	
74	144.000	-78.501	
67	144.100	-78.458	
74	144.100	-78.458	
67	144.200	-78.416	
74	144.200	-78.416	
67	144.300	-78.374	
74	144.300	-78.374	
67	144.400	-78.332	
74	144.400	-78.332	
67	144.500	-78.291	
74	144.500	-78.291	
67	144.600	-78.250	
74	144.600	-78.250	
67	144.700	-78.208	
74	144.700	-78.208	
67	144.800	-78.167	
74	144.800	-78.167	
67	144.900	-78.127	
74	144.900	-78.127	
67	145.000	-78.086	
74	145.000	-78.086	
67	145.100	-78.046	
74	145.100	-78.046	
67	145.200	-78.006	
74	145.200	-78.006	
67	145.300	-77.966	
74	145.300	-77.966	
67	145.400	-77.926	
74	145.400	-77.926	
67	145.500	-77.887	
74	145.500	-77.887	
67	145.600	-77.847	
74	145.600	-77.847	
67	145.700	-77.808	
74	145.700	-77.808	
67	145.800	-77.769	
74	145.800	-77.769	
67	145.900	-77.730	
74	145.900	-77.730	
67	146.000	-77.692	
74	146.000	-77.692	
67	146.100	-77.653	
74	146.100	-77.653	
67	146.200	-77.615	
74	146.200	-77.615	
67	146.300	-77.577	
74	146.300	-77.577	
67	146.400	-77.539	
74	146.400	-77.539	
67	146.500	-77.502	
74	146.500	-77.502	
67	146.600	-77.464	
74	146.600	-77.464	
67	146.700	-77.427	
74	146.700	-77.427	
67	146.800	-77.390	
74	146.800	-77.390	
67	146.900	-77.353	
74	146.900	-77.353	
67	147.000	-77.317	
74	147.000	-77.317	
67	147.100	-77.280	
74	147.100	-77.280	
67	147.200	-77.244	
74	147.200	-77.244	
67	147.300	-77.208	
74	147.300	-77.208	
67	147.400	-77.172	
74	147.400	-77.172	
67	147.500	-77.136	
74	147.500	-77.136	
67	147.600	-77.100	
74	147.600	-77.100	
67	147.700	-77.065	
74	147.700	-77.065	
67	147.800	-77.030	
74	147.800	-77.030	
67	147.900	-76.995	
74	147.900	-76.995	
67	148.000	-76.960	
74	148.000	-76.960	
67	148.100	-76.925	
74	148.100	-76.925	
67	148.200	-76.891	
74	148.200	-76.891	
67	148.300	-76.856	
74	148.300	-76.856	
67	148.400	-76.822	
74	148.400	-76.822	
67	148.500	-76.788	
74	148.500	-76.788	
67	148.600	-76.754	
74	148.600	-76.754	
67	148.700	-76.720	
74	148.700	-76.720	
67	148.800	-76.687	
74	148.800	-76.687	
67	148.900	-76.654	
74	148.900	-76.654	
67	149.000	-76.620	
74	149.000	-76.620	
67	149.100	-76.587	
74	149.100	-76.587	
67	149.200	-76.555	
74	149.200	-76.555	
67	149.300	-76.522	
74	149.300	-76.522	
67	149.400	-76.489	
74	149.400	-76.489	
67	149.500	-76.457	
74	149.500	-76.457	
67	149.600	-76.425	
74	149.600	-76.425	
67	149.700	-76.393	
74	149.700	-76.393	
67	149.800	-76.361	
74	149.800	-76.361	
67	149.900	-76.329	
74	149.900	-76.329	
67	150.000	-76.297	
74	150.000	-76.297	
67	150.100	-76.266	
74	150.100	-76.266	
67	150.200	-76.235	
74	150.200	-76.235	
67	150.300	-76.204	
74	150.300	-76.204	
67	150.400	-76.173	
74	150.400	-76.173	
67	150.500	-76.142	
74	150.500	-76.142	
67	150.600	-76.111	
74	150.600	-76.111	
67	150.700	-76.081	
74	150.700	-76.081	
67	150.800	-76.051	
74	150.800	-76.051	
67	150.900	-76.020	
74	150.900	-76.020	
67	151.000	-75.990	
74	151.000	-75.990	
67	151.100	-75.960	
74	151.100	-75.960	
67	151.200	-75.931	
74	151.200	-75.931	
67	151.300	-75.901	
74	151.300	-75.901	
67	151.400	-75.872	
74	151.400	-75.872	
67	151.500	-75.842	
74	151.500	-75.842	
67	151.600	-75.813	
74	151.600	-75.813	
67	151.700	-75.784	
74	151.700	-75.784	
67	151.800	-75.755	
74	151.800	-75.755	
67	151.900	-75.727	
74	151.900	-75.727	
67	152.000	-75.698	
74	152.000	-75.698	
67	152.100	-75.670	
74	152.100	-75.670	
67	152.200	-75.641	
74	152.200	-75.641	
67	152.300	-75.613	
74	152.300	-75.613	
67	152.400	-75.585	
74	152.400	-75.585	
67	152.500	-75.557	
74	152.500	-75.557	
67	152.600	-75.530	
74	152.600	-75.530	
67	152.700	-75.502	
74	152.700	-75.502	
67	152.800	-75.475	
74	152.800	-75.475	
67	152.900	-75.447	
74	152.900	-75.447	
67	153.000	-75.420	
74	153.000	-75.420	
67	153.100	-75.393	
74	153.100	-75.393	
67	153.200	-75.366	
74	153.200	-75.366	
67	153.300	-75.340	
74	153.300	-75.340	
67	153.400	-75.313	
74	153.400	-75.313	
67	153.500	-75.286	
74	153.500	-75.286	
67	153.600	-75.260	
74	153.600	-75.260	
67	153.700	-75.234	
74	153.700	-75.234	
67	153.800	-75.208	
74	153.800	-75.208	
67	153.900	-75.182	
74	153.900	-75.182	
67	154.000	-75.156	
74	154.000	-75.156	
67	154.100	-75.130	
74	154.100	-75.130	
67	154.200	-75.105	
74	154.200	-75.105	
67	154.300	-75.079	
74	154.300	-75.079	
67	154.400	-75.054	
74	154.400	-75.054	
67	154.500	-75.029	
74	154.500	-75.029	
67	154.600	-75.004	
74	154.600	-75.004	
67	154.700	-74.979	
74	154.700	-74.979	
67	154.800	-74.954	
74	154.800	-74.954	
67	154.900	-74.929	
74	154.900	-74.929	
67	155.000	-74.904	
74	155.000	-74.904	
67	155.100	-74.880	
74	155.100	-74.880	
67	155.200	-74.856	
74	155.200	-74.856	
67	155.300	-74.831	
74	155.300	-74.831	
67	155.400	-74.807	
74	155.400	-74.807	
67	155.500	-74.783	
74	155.500	-74.783	
67	155.600	-74.759	
74	155.600	-74.759	
67	155.700	-74.736	
74	155.700	-74.736	
67	155.800	-74.712	
74	155.800	-74.712	
67	155.900	-74.689	
74	155.900	-74.689	
67	156.000	-74.665	
74	156.000	-74.665	
67	156.100	-74.642	
74	156.100	-74.642	
67	156.200	-74.619	
74	156.200	-74.619	
67	156.300	-74.596	
74	156.300	-74.596	
67	156.400	-74.573	
74	156.400	-74.573	
67	156.500	-74.550	
74	156.500	-74.550	
67	156.600	-74.527	
74	156.600	-74.527	
67	156.700	-74.505	
74	156.700	-74.505	
67	156.800	-74.482	
74	156.800	-74.482	
67	156.900	-74.460	
74	156.900	-74.460	
67	157.000	-74.438	
74	157.000	-74.438	
67	157.100	-74.416	
74	157.100	-74.416	
67	157.200	-74.394	
74	157.200	-74.394	
67	157.300	-74.372	
74	157.300	-74.372	
67	157.400	-74.350	
74	157.400	-74.350	
67	157.500	-74.328	
74	157.500	-74.328	
67	157.600	-74.307	
74	157.600	-74.307	
67	157.700	-74.285	
74	157.700	-74.285	
67	157.800	-74.264	
74	157.800	-74.264	
67	157.900	-74.242	
74	157.900	-74.242	
67	158.000	-74.221	
74	158.000	-74.221	
67	158.100	-74.200	
74	158.100	-74.200	
67	158.200	-74.179	
74	158.200	-74.179	
67	158.300	-74.158	
74	158.300	-74.158	
67	158.400	-74.138	
74	158.400	-74.138	
67	158.500	-74.117	
74	158.500	-74.117	
67	158.600	-74.096	
74	158.600	-74.096	
67	158.700	-74.076	
74	158.700	-74.076	
67	158.800	-74.056	
74	158.800	-74.056	
67	158.900	-74.035	
74	158.900	-74.035	
67	159.000	-74.015	
74	159.000	-74.015	
67	159.100	-73.995	
74	159.100	-73.995	
67	159.200	-73.975	
74	159.200	-73.975	
67	159.300	-73.956	
74	159.300	-73.956	
67	159.400	-73.936	
74	159.400	-73.936	
67	159.500	-73.916	
74	159.500	-73.916	
67	159.600	-73.897	
74	159.600	-73.897	
67	159.700	-73.877	
74	159.700	-73.877	
67	159.800	-73.858	
74	159.800	-73.858	
67	159.900	-73.839	
74	159.900	-73.839	
67	160.000	-73.819	
74	160.000	-73.819	
67	160.100	-73.800	
74	160.100	-73.800	
67	160.200	-73.781	
74	160.200	-73.781	
67	160.300	-73.763	
74	160.300	-73.763	
67	160.400	-73.744	
74	160.400	-73.744	
67	160.500	-73.725	
74	160.500	-73.725	
67	160.600	-73.707	
74	160.600	-73.707	
67	160.700	-73.688	
74	160.700	-73.688	
67	160.800	-73.670	
74	160.800	-73.670	
67	160.900	-73.651	
74	160.900	-73.651	
67	161.000	-73.633	
74	161.000	-73.633	
67	161.100	-73.615	
74	161.100	-73.615	
67	161.200	-73.597	
74	161.200	-73.597	
67	161.300	-73.579	
74	161.300	-73.579	
67	161.400	-73.561	
74	161.400	-73.561	
67	161.500	-73.543	
74	161.500	-73.543	
67	161.600	-73.526	
74	161.600	-73.526	
67	161.700	-73.508	
74	161.700	-73.508	
67	161.800	-73.491	
74	161.800	-73.491	
67	161.900	-73.473	
74	161.900	-73.473	
67	162.000	-73.456	
74	162.000	-73.456	
67	162.100	-73.439	
74	162.100	-73.439	
67	162.200	-73.422	
74	162.200	-73.422	
67	162.300	-73.404	
74	162.300	-73.404	
67	162.400	-73.387	
74	162.400	-73.387	
67	162.500	-73.371	
74	162.500	-73.371	
67	162.600	-73.354	
74	162.600	-73.354	
67	162.700	-73.337	
74	162.700	-73.337	
67	162.800	-73.320	
74	162.800	-73.320	
67	162.900	-73.304	
74	162.900	-73.304	
67	163.000	-73.287	
74	163.000	-73.287	
67	163.100	-73.271	
74	163.100	-73.271	
67	163.200	-73.255	
74	163.200	-73.255	
67	163.300	-73.238	
74	163.300	-73.238	
67	163.400	-73.222	
74	163.400	-73.222	
67	163.500	-73.206	
74	163.500	-73.206	
67	163.600	-73.190	
74	163.600	-73.190	
67	163.700	-73.174	
74	163.700	-73.174	
67	163.800	-73.158	
74	163.800	-73.158	
67	163.900	-73.143	
74	163.900	-73.143	
67	164.000	-73.127	
74	164.000	-73.127	
67	164.100	-73.111	
74	164.100	-73.111	
67	164.200	-73.096	
74	164.200	-73.096	
67	164.300	-73.080	
74	164.300	-73.080	
67	164.400	-73.065	
74	164.400	-73.065	
67	164.500	-73.050	
74	164.500	-73.050	
67	164.600	-73.035	
74	164.600	-73.035	
67	164.700	-73.019	
74	164.700	-73.019	
67	164.800	-73.004	
74	164.800	-73.004	
67	164.900	-72.989	
74	164.900	-72.989	
67	165.000	-72.974	
74	165.000	-72.974	
67	165.100	-72.960	
74	165.100	-72.960	
67	165.200	-72.945	
74	165.200	-72.945	
67	165.300	-72.930	
74	165.300	-72.930	
67	165.400	-72.915	
74	165.400	-72.915	
67	165.500	-72.901	
74	165.500	-72.901	
67	165.600	-72.886	
74	165.600	-72.886	
67	165.700	-72.872	
74	165.700	-72.872	
67	165.800	-72.858	
74	165.800	-72.858	
67	165.900	-72.843	
74	165.900	-72.843	
67	166.000	-72.829	
74	166.000	-72.829	
67	166.100	-72.815	
74	166.100	-72.815	
67	166.200	-72.801	
74	166.200	-72.801	
67	166.300	-72.787	
74	166.300	-72.787	
67	166.400	-72.773	
74	166.400	-72.773	
67	166.500	-72.759	
74	166.500	-72.759	
67	166.600	-72.746	
74	166.600	-72.746	
67	166.700	-72.732	
74	166.700	-72.732	
67	166.800	-72.718	
74	166.800	-72.718	
67	166.900	-72.705	
74	166.900	-72.705	
67	167.000	-72.691	
74	167.000	-72.691	
67	167.100	-72.678	
74	167.100	-72.678	
67	167.200	-72.664	
74	167.200	-72.664	
67	167.300	-72.651	
74	167.300	-72.651	
67	167.400	-72.638	
74	167.400	-72.638	
67	167.500	-72.625	
74	167.500	-72.625	
67	167.600	-72.612	
74	167.600	-72.612	
67	167.700	-72.599	
74	167.700	-72.599	
67	167.800	-72.586	
74	167.800	-72.586	
67	167.900	-72.573	
74	167.900	-72.573	
67	168.000	-72.560	
74	168.000	-72.560	
67	168.100	-72.547	
74	168.100	-72.547	
67	168.200	-72.534	
74	168.200	-72.534	
67	168.300	-72.522	
74	168.300	-72.522	
67	168.400	-72.509	
74	168.400	-72.509	
67	168.500	-72.497	
74	168.500	-72.497	
67	168.600	-72.484	
74	168.600	-72.484	
67	168.700	-72.472	
74	168.700	-72.472	
67	168.800	-72.459	
74	168.800	-72.459	
67	168.900	-72.447	
74	168.900	-72.447	
67	169.000	-72.435	
74	169.000	-72.435	
67	169.100	-72.423	
74	169.100	-72.423	
67	169.200	-72.411	
74	169.200	-72.411	
67	169.300	-72.399	
74	169.300	-72.399	
67	169.400	-72.387	
74	169.400	-72.387	
67	169.500	-72.375	
74	169.500	-72.375	
67	169.600	-72.363	
74	169.600	-72.363	
67	169.700	-72.351	
74	169.700	-72.351	
67	169.800	-72.339	
74	169.800	-72.339	
67	169.900	-72.328	
74	169.900	-72.328	
67	170.000	-72.316	
74	170.000	-72.316	
67	170.100	-72.305	
74	170.100	-72.305	
67	170.200	-72.293	
74	170.200	-72.293	
67	170.300	-72.282	
74	170.300	-72.282	
67	170.400	-72.270	
74	170.400	-72.270	
67	170.500	-72.259	
74	170.500	-72.259	
67	170.600	-72.248	
74	170.600	-72.248	
67	170.700	-72.236	
74	170.700	-72.236	
67	170.800	-72.225	
74	170.800	-72.225	
67	170.900	-72.214	
74	170.900	-72.214	
67	171.000	-72.203	
74	171.000	-72.203	
67	171.100	-72.192	
74	171.100	-72.192	
67	171.200	-72.181	
74	171.200	-72.181	
67	171.300	-72.170	
74	171.300	-72.170	
67	171.400	-72.159	
74	171.400	-72.159	
67	171.500	-72.149	
74	171.500	-72.149	
67	171.600	-72.138	
74	171.600	-72.138	
67	171.700	-72.127	
74	171.700	-72.127	
67	171.800	-72.117	
74	171.800	-72.117	
67	171.900	-72.106	
74	171.900	-72.106	
67	172.000	-72.096	
74	172.000	-72.096	
67	172.100	-72.085	
74	172.100	-72.085	
67	172.200	-72.075	
74	172.200	-72.075	
67	172.300	-72.064	
74	172.300	-72.064	
67	172.400	-72.054	
74	172.400	-72.054	
67	172.500	-72.044	
74	172.500	-72.044	
67	172.600	-72.034	
74	172.600	-72.034	
67	172.700	-72.023	
74	172.700	-72.023	
67	172.800	-72.013	
74	172.800	-72.013	
67	172.900	-72.003	
74	172.900	-72.003	
67	173.000	-71.993	
74	173.000	-71.993	
67	173.100	-71.983	
74	173.100	-71.983	
67	173.200	-71.973	
74	173.200	-71.973	
67	173.300	-71.964	
74	173.300	-71.964	
67	173.400	-71.954	
74	173.400	-71.954	
67	173.500	-71.944	
74	173.500	-71.944	
67	173.600	-71.934	
74	173.600	-71.934	
67	173.700	-71.925	
74	173.700	-71.925	
67	173.800	-71.915	
74	173.800	-71.915	
67	173.900	-71.905	
74	173.900	-71.905	
67	174.000	-71.896	
74	174.000	-71.896	
67	174.100	-71.886	
74	174.100	-71.886	
67	174.200	-71.877	
74	174.200	-71.877	
67	174.300	-71.868	
74	174.300	-71.868	
67	174.400	-71.858	
74	174.400	-71.858	
67	174.500	-71.849	
74	174.500	-71.849	
67	174.600	-71.840	
74	174.600	-71.840	
67	174.700	-71.831	
74	174.700	-71.831	
67	174.800	-71.821	
74	174.800	-71.821	
67	174.900	-71.812	
74	174.900	-71.812	
67	175.000	-71.803	
74	175.000	-71.803	
67	175.100	-71.794	
74	175.100	-71.794	
67	175.200	-71.785	
74	175.200	-71.785	
67	175.300	-71.776	
74	175.300	-71.776	
67	175.400	-71.768	
74	175.400	-71.768	
67	175.500	-71.759	
74	175.500	-71.759	
67	175.600	-71.750	
74	175.600	-71.750	
67	175.700	-71.741	
74	175.700	-71.741	
67	175.800	-71.733	
74	175.800	-71.733	
67	175.900	-71.724	
74	175.900	-71.724	
67	176.000	-71.715	
74	176.000	-71.715	
67	176.100	-71.707	
74	176.100	-71.707	
67	176.200	-71.698	
74	176.200	-71.698	
67	176.300	-71.690	
74	176.300	-71.690	
67	176.400	-71.681	
74	176.400	-71.681	
67	176.500	-71.673	
74	176.500	-71.673	
67	176.600	-71.664	
74	176.600	-71.664	
67	176.700	-71.656	
74	176.700	-71.656	
67	176.800	-71.648	
74	176.800	-71.648	
67	176.900	-71.640	
74	176.900	-71.640	
67	177.000	-71.631	
74	177.000	-71.631	
67	177.100	-71.623	
74	177.100	-71.623	
67	177.200	-71.615	
74	177.200	-71.615	
67	177.300	-71.607	
74	177.300	-71.607	
67	177.400	-71.599	
74	177.400	-71.599	
67	177.500	-71.591	
74	177.500	-71.591	
67	177.600	-71.583	
74	177.600	-71.583	
67	177.700	-71.575	
74	177.700	-71.575	
67	177.800	-71.567	
74	177.800	-71.567	
67	177.900	-71.560	
74	177.900	-71.560	
67	178.000	-71.552	
74	178.000	-71.552	
67	178.100	-71.544	
74	178.100	-71.544	
67	178.200	-71.536	
74	178.200	-71.536	
67	178.300	-71.529	
74	178.300	-71.529	
67	178.400	-71.521	
74	178.400	-71.521	
67	178.500	-71.513	
74	178.500	-71.513	
67	178.600	-71.506	
74	178.600	-71.506	
67	178.700	-71.498	
74	178.700	-71.498	
67	178.800	-71.491	
74	178.800	-71.491	
67	178.900	-71.483	
74	178.900	-71.483	
67	179.000	-71.476	
74	179.000	-71.476	
67	179.100	-71.469	
74	179.100	-71.469	
67	179.200	-71.461	
74	179.200	-71.461	
67	179.300	-71.454	
74	179.300	-71.454	
67	179.400	-71.447	
74	179.400	-71.447	
67	179.500	-71.439	
74	179.500	-71.439	
67	179.600	-71.432	
74	179.600	-71.432	
67	179.700	-71.425	
74	179.700	-71.425	
67	179.800	-71.418	
74	179.800	-71.418	
67	179.900	-71.411	
74	179.900	-71.411	
67	180.000	-71.404	
74	180.000	-71.404	
67	180.100	-71.397	
74	180.100	-71.397	
67	180.200	-71.390	
74	180.200	-71.390	
67	180.300	-71.383	
74	180.300	-71.383	
67	180.400	-71.376	
74	180.400	-71.376	
67	180.500	-71.369	
74	180.500	-71.369	
67	180.600	-71.362	
74	180.600	-71.362	
67	180.700	-71.355	
74	180.700	-71.355	
67	180.800	-71.349	
74	180.800	-71.349	
67	180.900	-71.342	
74	180.900	-71.342	
67	181.000	-71.335	
74	181.000	-71.335	
67	181.100	-71.328	
74	181.100	-71.328	
67	181.200	-71.322	
74	181.200	-71.322	
67	181.300	-71.315	
74	181.300	-71.315	
67	181.400	-71.309	
74	181.400	-71.309	
67	181.500	-71.302	
74	181.500	-71.302	
67	181.600	-71.296	
74	181.600	-71.296	
67	181.700	-71.289	
74	181.700	-71.289	
67	181.800	-71.283	
74	181.800	-71.283	
67	181.900	-71.276	
74	181.900	-71.276	
67	182.000	-71.270	
74	182.000	-71.270	
67	182.100	-71.264	
74	182.100	-71.264	
67	182.200	-71.257	
74	182.200	-71.257	
67	182.300	-71.251	
74	182.300	-71.251	
67	182.400	-71.245	
74	182.400	-71.245	
67	182.500	-71.238	
74	182.500	-71.238	
67	182.600	-71.232	
74	182.600	-71.232	
67	182.700	-71.226	
74	182.700	-71.226	
67	182.800	-71.220	
74	182.800	-71.220	
67	182.900	-71.214	
74	182.900	-71.214	
67	183.000	-71.208	
74	183.000	-71.208	
67	183.100	-71.202	
74	183.100	-71.202	
67	183.200	-71.196	
74	183.200	-71.196	
67	183.300	-71.190	
74	183.300	-71.190	
67	183.400	-71.184	
74	183.400	-71.184	
67	183.500	-71.178	
74	183.500	-71.178	
67	183.600	-71.172	
74	183.600	-71.172	
67	183.700	-71.166	
74	183.700	-71.166	
67	183.800	-71.160	
74	183.800	-71.160	
67	183.900	-71.154	
74	183.900	-71.154	
67	184.000	-71.149	
74	184.000	-71.149	
67	184.100	-71.143	
74	184.100	-71.143	
67	184.200	-71.137	
74	184.200	-71.137	
67	184.300	-71.132	
74	184.300	-71.132	
67	184.400	-71.126	
74	184.400	-71.126	
67	184.500	-71.120	
74	184.500	-71.120	
67	184.600	-71.115	
74	184.600	-71.115	
67	184.700	-71.109	
74	184.700	-71.109	
67	184.800	-71.103	
74	184.800	-71.103	
67	184.900	-71.098	
74	184.900	-71.098	
67	185.000	-71.092	
74	185.000	-71.092	
67	185.100	-71.087	
74	185.100	-71.087	
67	185.200	-71.082	
74	185.200	-71.082	
67	185.300	-71.076	
74	185.300	-71.076	
67	185.400	-71.071	
74	185.400	-71.071	
67	185.500	-71.065	
74	185.500	-71.065	
67	185.600	-71.060	
74	185.600	-71.060	
67	185.700	-71.055	
74	185.700	-71.055	
67	185.800	-71.049	
74	185.800	-71.049	
67	185.900	-71.044	
74	185.900	-71.044	
67	186.000	-71.039	
74	186.000	-71.039	
67	186.100	-71.034	
74	186.100	-71.034	
67	186.200	-71.029	
74	186.200	-71.029	
67	186.300	-71.023	
74	186.300	-71.023	
67	186.400	-71.018	
74	186.400	-71.018	
67	186.500	-71.013	
74	186.500	-71.013	
67	186.600	-71.008	
74	186.600	-71.008	
67	186.700	-71.003	
74	186.700	-71.003	
67	186.800	-70.998	
74	186.800	-70.998	
67	186.900	-70.993	
74	186.900	-70.993	
67	187.000	-70.988	
74	187.000	-70.988	
67	187.100	-70.983	
74	187.100	-70.983	
67	187.200	-70.978	
74	187.200	-70.978	
67	187.300	-70.973	
74	187.300	-70.973	
67	187.400	-70.968	
74	187.400	-70.968	
67	187.500	-70.964	
74	187.500	-70.964	
67	187.600	-70.959	
74	187.600	-70.959	
67	187.700	-70.954	
74	187.700	-70.954	
67	187.800	-70.949	
74	187.800	-70.949	
67	187.900	-70.944	
74	187.900	-70.944	
67	188.000	-70.940	
74	188.000	-70.940	
67	188.100	-70.935	
74	188.100	-70.935	
67	188.200	-70.930	
74	188.200	-70.930	
67	188.300	-70.926	
74	188.300	-70.926	
67	188.400	-70.921	
74	188.400	-70.921	
67	188.500	-70.916	
74	188.500	-70.916	
67	188.600	-70.912	
74	188.600	-70.912	
67	188.700	-70.907	
74	188.700	-70.907	
67	188.800	-70.903	
74	188.800	-70.903	
67	188.900	-70.898	
74	188.900	-70.898	
67	189.000	-70.894	
74	189.000	-70.894	
67	189.100	-70.889	
74	189.100	-70.889	
67	189.200	-70.885	
74	189.200	-70.885	
67	189.300	-70.880	
74	189.300	-70.880	
67	189.400	-70.876	
74	189.400	-70.876	
67	189.500	-70.871	
74	189.500	-70.871	
67	189.600	-70.867	
74	189.600	-70.867	
67	189.700	-70.863	
74	189.700	-70.863	
67	189.800	-70.858	
74	189.800	-70.858	
67	189.900	-70.854	
74	189.900	-70.854	
67	190.000	-70.850	
74	190.000	-70.850	
67	190.100	-70.846	
74	190.100	-70.846	
67	190.200	-70.841	
74	190.200	-70.841	
67	190.300	-70.837	
74	190.300	-70.837	
67	190.400	-70.833	
74	190.400	-70.833	
67	190.500	-70.829	
74	190.500	-70.829	
67	190.600	-70.825	
74	190.600	-70.825	
67	190.700	-70.820	
74	190.700	-70.820	
67	190.800	-70.816	
74	190.800	-70.816	
67	190.900	-70.812	
74	190.900	-70.812	
67	191.000	-70.808	
74	191.000	-70.808	
67	191.100	-70.804	
74	191.100	-70.804	
67	191.200	-70.800	
74	191.200	-70.800	
67	191.300	-70.796	
74	191.300	-70.796	
67	191.400	-70.792	
74	191.400	-70.792	
67	191.500	-70.788	
74	191.500	-70.788	
67	191.600	-70.784	
74	191.600	-70.784	
67	191.700	-70.780	
74	191.700	-70.780	
67	191.800	-70.776	
74	191.800	-70.776	
67	191.900	-70.772	
74	191.900	-70.772	
67	192.000	-70.768	
74	192.000	-70.768	
67	192.100	-70.765	
74	192.100	-70.765	
67	192.200	-70.761	
74	192.200	-70.761	
67	192.300	-70.757	
74	192.300	-70.757	
67	192.400	-70.753	
74	192.400	-70.753	
67	192.500	-70.749	
74	192.500	-70.749	
67	192.600	-70.746	
74	192.600	-70.746	
67	192.700	-70.742	
74	192.700	-70.742	
67	192.800	-70.738	
74	192.800	-70.738	
67	192.900	-70.734	
74	192.900	-70.734	
67	193.000	-70.731	
74	193.000	-70.731	
67	193.100	-70.727	
74	193.100	-70.727	
67	193.200	-70.723	
74	193.200	-70.723	
67	193.300	-70.720	
74	193.300	-70.720	
67	193.400	-70.716	
74	193.400	-70.716	
67	193.500	-70.713	
74	193.500	-70.713	
67	193.600	-70.709	
74	193.600	-70.709	
67	193.700	-70.705	
74	193.700	-70.705	
67	193.800	-70.702	
74	193.800	-70.702	
67	193.900	-70.698	
74	193.900	-70.698	
67	194.000	-70.695	
74	194.000	-70.695	
67	194.100	-70.691	
74	194.100	-70.691	
67	194.200	-70.688	
74	194.200	-70.688	
67	194.300	-70.684	
74	194.300	-70.684	
67	194.400	-70.681	
74	194.400	-70.681	
67	194.500	-70.678	
74	194.500	-70.678	
67	194.600	-70.674	
74	194.600	-70.674	
67	194.700	-70.671	
74	194.700	-70.671	
67	194.800	-70.667	
74	194.800	-70.667	
67	194.900	-70.664	
74	194.900	-70.664	
67	195.000	-70.661	
74	195.000	-70.661	
67	195.100	-70.657	
74	195.100	-70.657	
67	195.200	-70.654	
74	195.200	-70.654	
67	195.300	-70.651	
74	195.300	-70.651	
67	195.400	-70.648	
74	195.400	-70.648	
67	195.500	-70.644	
74	195.500	-70.644	
67	195.600	-70.641	
74	195.600	-70.641	
67	195.700	-70.638	
74	195.700	-70.638	
67	195.800	-70.635	
74	195.800	-70.635	
67	195.900	-70.631	
74	195.900	-70.631	
67	196.000	-70.628	
74	196.000	-70.628	
67	196.100	-70.625	
74	196.100	-70.625	
67	196.200	-70.622	
74	196.200	-70.622	
67	196.300	-70.619	
74	196.300	-70.619	
67	196.400	-70.616	
74	196.400	-70.616	
67	196.500	-70.613	
74	196.500	-70.613	
67	196.600	-70.610	
74	196.600	-70.610	
67	196.700	-70.606	
74	196.700	-70.606	
67	196.800	-70.603	
74	196.800	-70.603	
67	196.900	-70.600	
74	196.900	-70.600	
67	197.000	-70.597	
74	197.000	-70.597	
67	197.100	-70.594	
74	197.100	-70.594	
67	197.200	-70.591	
74	197.200	-70.591	
67	197.300	-70.588	
74	197.300	-70.588	
67	197.400	-70.585	
74	197.400	-70.585	
67	197.500	-70.582	
74	197.500	-70.582	
67	197.600	-70.580	
74	197.600	-70.580	
67	197.700	-70.577	
74	197.700	-70.577	
67	197.800	-70.574	
74	197.800	-70.574	
67	197.900	-70.571	
74	197.900	-70.571	
67	198.000	-70.568	
74	198.000	-70.568	
67	198.100	-70.565	
74	198.100	-70.565	
67	198.200	-70.562	
74	198.200	-70.562	
67	198.300	-70.559	
74	198.300	-70.559	
67	198.400	-70.557	
74	198.400	-70.557	
67	198.500	-70.554	
74	198.500	-70.554	
67	198.600	-70.551	
74	198.600	-70.551	
67	198.700	-70.548	
74	198.700	-70.548	
67	198.800	-70.545	
74	198.800	-70.545	
67	198.900	-70.543	
74	198.900	-70.543	
67	199.000	-70.540	
74	199.000	-70.540	
67	199.100	-70.537	
74	199.100	-70.537	
67	199.200	-70.535	
74	199.200	-70.535	
67	199.300	-70.532	
74	199.300	-70.532	
67	199.400	-70.529	
74	199.400	-70.529	
67	199.500	-70.526	
74	199.500	-70.526	
67	199.600	-70.524	
74	199.600	-70.524	
67	199.700	-70.521	
74	199.700	-70.521	
67	199.800	-70.519	
74	199.800	-70.519	
67	199.900	-70.516	
74	199.900	-70.516	
67	200.000	-70.513	
74	200.000	-70.513	
67	200.100	-70.511	
74	200.100	-70.511	
67	200.200	-70.508	
74	200.200	-70.508	
67	200.300	-70.506	
74	200.300	-70.506	
67	200.400	-70.503	
74	200.400	-70.503	
67	200.500	-70.500	
74	200.500	-70.500	
67	200.600	-70.498	
74	200.600	-70.498	
67	200.700	-70.495	
74	200.700	-70.495	
67	200.800	-70.493	
74	200.800	-70.493	
67	200.900	-70.490	
74	200.900	-70.490	
67	201.000	-70.488	
74	201.000	-70.488	
67	201.100	-70.486	
74	201.100	-70.486	
67	201.200	-70.483	
74	201.200	-70.483	
67	201.300	-70.481	
74	201.300	-70.481	
67	201.400	-70.478	
74	201.400	-70.478	
67	201.500	-70.476	
74	201.500	-70.476	
67	201.600	-70.473	
74	201.600	-70.473	
67	201.700	-70.471	
74	201.700	-70.471	
67	201.800	-70.469	
74	201.800	-70.469	
67	201.900	-70.466	
74	201.900	-70.466	
67	202.000	-70.464	
74	202.000	-70.464	
67	202.100	-70.462	
74	202.100	-70.462	
67	202.200	-70.459	
74	202.200	-70.459	
67	202.300	-70.457	
74	202.300	-70.457	
67	202.400	-70.455	
74	202.400	-70.455	
67	202.500	-70.452	
74	202.500	-70.452	
67	202.600	-70.450	
74	202.600	-70.450	
67	202.700	-70.448	
74	202.700	-70.448	
67	202.800	-70.445	
74	202.800	-70.445	
67	202.900	-70.443	
74	202.900	-70.443	
67	203.000	-70.441	
74	203.000	-70.441	
67	203.100	-70.439	
74	203.100	-70.439	
67	203.200	-70.437	
74	203.200	-70.437	
67	203.300	-70.434	
74	203.300	-70.434	
67	203.400	-70.432	
74	203.400	-70.432	
67	203.500	-70.430	
74	203.500	-70.430	
67	203.600	-70.428	
74	203.600	-70.428	
67	203.700	-70.426	
74	203.700	-70.426	
67	203.800	-70.423	
74	203.800	-70.423	
67	203.900	-70.421	
74	203.900	-70.421	
67	204.000	-70.419	
74	204.000	-70.419	
67	204.100	-70.417	
74	204.100	-70.417	
67	204.200	-70.415	
74	204.200	-70.415	
67	204.300	-70.413	
74	204.300	-70.413	
67	204.400	-70.411	
74	204.400	-70.411	
67	204.500	-70.409	
74	204.500	-70.409	
67	204.600	-70.407	
74	204.600	-70.407	
67	204.700	-70.405	
74	204.700	-70.405	
67	204.800	-70.402	
74	204.800	-70.402	
67	204.900	-70.400	
74	204.900	-70.400	
67	205.000	-70.398	
74	205.000	-70.398	
67	205.100	-70.396	
74	205.100	-70.396	
67	205.200	-70.394	
74	205.200	-70.394	
67	205.300	-70.392	
74	205.300	-70.392	
67	205.400	-70.390	
74	205.400	-70.390	
67	205.500	-70.388	
74	205.500	-70.388	
67	205.600	-70.386	
74	205.600	-70.386	
67	205.700	-70.384	
74	205.700	-70.384	
67	205.800	-70.383	
74	205.800	-70.383	
67	205.900	-70.381	
74	205.900	-70.381	
67	206.000	-70.379	
74	206.000	-70.379	
67	206.100	-70.377	
74	206.100	-70.377	
67	206.200	-70.375	
74	206.200	-70.375	
67	206.300	-70.373	
74	206.300	-70.373	
67	206.400	-70.371	
74	206.400	-70.371	
67	206.500	-70.369	
74	206.500	-70.369	
67	206.600	-70.367	
74	206.600	-70.367	
67	206.700	-70.365	
74	206.700	-70.365	
67	206.800	-70.364	
74	206.800	-70.364	
67	206.900	-70.362	
74	206.900	-70.362	
67	207.000	-70.360	
74	207.000	-70.360	
67	207.100	-70.358	
74	207.100	-70.358	
67	207.200	-70.356	
74	207.200	-70.356	
67	207.300	-70.354	
74	207.300	-70.354	
67	207.400	-70.353	
74	207.400	-70.353	
67	207.500	-70.351	
74	207.500	-70.351	
67	207.600	-70.349	
74	207.600	-70.349	
67	207.700	-70.347	
74	207.700	-70.347	
67	207.800	-70.346	
74	207.800	-70.346	
67	207.900	-70.344	
74	207.900	-70.344	
67	208.000	-70.342	
74	208.000	-70.342	
67	208.100	-70.340	
74	208.100	-70.340	
67	208.200	-70.339	
74	208.200	-70.339	
67	208.300	-70.337	
74	208.300	-70.337	
67	208.400	-70.335	
74	208.400	-70.335	
67	208.500	-70.333	
74	208.500	-70.333	
67	208.600	-70.332	
74	208.600	-70.332	
67	208.700	-70.330	
74	208.700	-70.330	
67	208.800	-70.328	
74	208.800	-70.328	
67	208.900	-70.327	
74	208.900	-70.327	
67	209.000	-70.325	
74	209.000	-70.325	
67	209.100	-70.323	
74	209.100	-70.323	
67	209.200	-70.322	
74	209.200	-70.322	
67	209.300	-70.320	
74	209.300	-70.320	
67	209.400	-70.318	
74	209.400	-70.318	
67	209.500	-70.317	
74	209.500	-70.317	
67	209.600	-70.315	
74	209.600	-70.315	
67	209.700	-70.314	
74	209.700	-70.314	
67	209.800	-70.312	
74	209.800	-70.312	
67	209.900	-70.310	
74	209.900	-70.310	
67	210.000	-70.309	
74	210.000	-70.309	
67	210.100	-70.307	
74	210.100	-70.307	
67	210.200	-70.306	
74	210.200	-70.306	
67	210.300	-70.304	
74	210.300	-70.304	
67	210.400	-70.303	
74	210.400	-70.303	
67	210.500	-70.301	
74	210.500	-70.301	
67	210.600	-70.299	
74	210.600	-70.299	
67	210.700	-70.298	
74	210.700	-70.298	
67	210.800	-70.296	
74	210.800	-70.296	
67	210.900	-70.295	
74	210.900	-70.295	
67	211.000	-70.293	
74	211.000	-70.293	
67	211.100	-70.292	
74	211.100	-70.292	
67	211.200	-70.290	
74	211.200	-70.290	
67	211.300	-70.289	
74	211.300	-70.289	
67	211.400	-70.287	
74	211.400	-70.287	
67	211.500	-70.286	
74	211.500	-70.286	
67	211.600	-70.285	
74	211.600	-70.285	
67	211.700	-70.283	
74	211.700	-70.283	
67	211.800	-70.282	
74	211.800	-70.282	
67	211.900	-70.280	
74	211.900	-70.280	
67	212.000	-70.279	
74	212.000	-70.279	
67	212.100	-70.277	
74	212.100	-70.277	
67	212.200	-70.276	
74	212.200	-70.276	
67	212.300	-70.275	
74	212.300	-70.275	
67	212.400	-70.273	
74	212.400	-70.273	
67	212.500	-70.272	
74	212.500	-70.272	
67	212.600	-70.270	
74	212.600	-70.270	
67	212.700	-70.269	
74	212.700	-70.269	
67	212.800	-70.268	
74	212.800	-70.268	
67	212.900	-70.266	
74	212.900	-70.266	
67	213.000	-70.265	
74	213.000	-70.265	
67	213.100	-70.263	
74	213.100	-70.263	
67	213.200	-70.262	
74	213.200	-70.262	
67	213.300	-70.261	
74	213.300	-70.261	
67	213.400	-70.259	
74	213.400	-70.259	
67	213.500	-70.258	
74	213.500	-70.258	
67	213.600	-70.257	
74	213.600	-70.257	
67	213.700	-70.255	
74	213.700	-70.255	
67	213.800	-70.254	
74	213.800	-70.254	
67	213.900	-70.253	
74	213.900	-70.253	
67	214.000	-70.252	
74	214.000	-70.252	
67	214.100	-70.250	
74	214.100	-70.250	
67	214.200	-70.249	
74	214.200	-70.249	
67	214.300	-70.248	
74	214.300	-70.248	
67	214.400	-70.246	
74	214.400	-70.246	
67	214.500	-70.245	
74	214.500	-70.245	
67	214.600	-70.244	
74	214.600	-70.244	
67	214.700	-70.243	
74	214.700	-70.243	
67	214.800	-70.241	
74	214.800	-70.241	
67	214.900	-70.240	
74	214.900	-70.240	
67	215.000	-70.239	
74	215.000	-70.239	
67	215.100	-70.238	
74	215.100	-70.238	
67	215.200	-70.237	
74	215.200	-70.237	
67	215.300	-70.235	
74	215.300	-70.235	
67	215.400	-70.234	
74	215.400	-70.234	
67	215.500	-70.233	
74	215.500	-70.233	
67	215.600	-70.232	
74	215.600	-70.232	
67	215.700	-70.230	
74	215.700	-70.230	
67	215.800	-70.229	
74	215.800	-70.229	
67	215.900	-70.228	
74	215.900	-70.228	
67	216.000	-70.227	
74	216.000	-70.227	
67	216.100	-70.226	
74	216.100	-70.226	
67	216.200	-70.225	
74	216.200	-70.225	
67	216.300	-70.223	
74	216.300	-70.223	
67	216.400	-70.222	
74	216.400	-70.222	
67	216.500	-70.221	
74	216.500	-70.221	
67	216.600	-70.220	
74	216.600	-70.220	
67	216.700	-70.219	
74	216.700	-70.219	
67	216.800	-70.218	
74	216.800	-70.218	
67	216.900	-70.217	
74	216.900	-70.217	
67	217.000	-70.216	
74	217.000	-70.216	
67	217.100	-70.214	
74	217.100	-70.214	
67	217.200	-70.213	
74	217.200	-70.213	
67	217.300	-70.212	
74	217.300	-70.212	
67	217.400	-70.211	
74	217.400	-70.211	
67	217.500	-70.210	
74	217.500	-70.210	
67	217.600	-70.209	
74	217.600	-70.209	
67	217.700	-70.208	
74	217.700	-70.208	
67	217.800	-70.207	
74	217.800	-70.207	
67	217.900	-70.206	
74	217.900	-70.206	
67	218.000	-70.205	
74	218.000	-70.205	
67	218.100	-70.204	
74	218.100	-70.204	
67	218.200	-70.203	
74	218.200	-70.203	
67	218.300	-70.202	
74	218.300	-70.202	
67	218.400	-70.200	
74	218.400	-70.200	
67	218.500	-70.199	
74	218.500	-70.199	
67	218.600	-70.198	
74	218.600	-70.198	
67	218.700	-70.197	
74	218.700	-70.197	
67	218.800	-70.196	
74	218.800	-70.196	
67	218.900	-70.195	
74	218.900	-70.195	
67	219.000	-70.194	
74	219.000	-70.194	
67	219.100	-70.193	
74	219.100	-70.193	
67	219.200	-70.192	
74	219.200	-70.192	
67	219.300	-70.191	
74	219.300	-70.191	
67	219.400	-70.190	
74	219.400	-70.190	
67	219.500	-70.189	
74	219.500	-70.189	
67	219.600	-70.188	
74	219.600	-70.188	
67	219.700	-70.187	
74	219.700	-70.187	
67	219.800	-70.186	
74	219.800	-70.186	
67	219.900	-70.185	
74	219.900	-70.185	
67	220.000	-70.184	
74	220.000	-70.184	
67	220.100	-70.184	
74	220.100	-70.184	
67	220.200	-70.183	
74	220.200	-70.183	
67	220.300	-70.182	
74	220.300	-70.182	
67	220.400	-70.181	
74	220.400	-70.181	
67	220.500	-70.180	
74	220.500	-70.180	
67	220.600	-70.179	
74	220.600	-70.179	
67	220.700	-70.178	
74	220.700	-70.178	
67	220.800	-70.177	
74	220.800	-70.177	
67	220.900	-70.176	
74	220.900	-70.176	
67	221.000	-70.175	
74	221.000	-70.175	
67	221.100	-70.174	
74	221.100	-70.174	
67	221.200	-70.173	
74	221.200	-70.173	
67	221.300	-70.172	
74	221.300	-70.172	
67	221.400	-70.172	
74	221.400	-70.172	
67	221.500	-70.171	
74	221.500	-70.171	
67	221.600	-70.170	
74	221.600	-70.170	
67	221.700	-70.169	
74	221.700	-70.169	
67	221.800	-70.168	
74	221.800	-70.168	
67	221.900	-70.167	
74	221.900	-70.167	
67	222.000	-70.166	
74	222.000	-70.166	
67	222.100	-70.165	
74	222.100	-70.165	
67	222.200	-70.165	
74	222.200	-70.165	
67	222.300	-70.164	
74	222.300	-70.164	
67	222.400	-70.163	
74	222.400	-70.163	
67	222.500	-70.162	
74	222.500	-70.162	
67	222.600	-70.161	
74	222.600	-70.161	
67	222.700	-70.160	
74	222.700	-70.160	
67	222.800	-70.159	
74	222.800	-70.159	
67	222.900	-70.159	
74	222.900	-70.159	
67	223.000	-70.158	
74	223.000	-70.158	
67	223.100	-70.157	
74	223.100	-70.157	
67	223.200	-70.156	
74	223.200	-70.156	
67	223.300	-70.155	
74	223.300	-70.155	
67	223.400	-70.154	
74	223.400	-70.154	
67	223.500	-70.154	
74	223.500	-70.154	
67	223.600	-70.153	
74	223.600	-70.153	
67	223.700	-70.152	
74	223.700	-70.152	
67	223.800	-70.151	
74	223.800	-70.151	
67	223.900	-70.150	
74	223.900	-70.150	
67	224.000	-70.150	
74	224.000	-70.150	
67	224.100	-70.149	
74	224.100	-70.149	
67	224.200	-70.148	
74	224.200	-70.148	
67	224.300	-70.147	
74	224.300	-70.147	
67	224.400	-70.147	
74	224.400	-70.147	
67	224.500	-70.146	
74	224.500	-70.146	
67	224.600	-70.145	
74	224.600	-70.145	
67	224.700	-70.144	
74	224.700	-70.144	
67	224.800	-70.144	
74	224.800	-70.144	
67	224.900	-70.143	
74	224.900	-70.143	
67	225.000	-70.142	
74	225.000	-70.142	
67	225.100	-70.141	
74	225.100	-70.141	
67	225.200	-70.141	
74	225.200	-70.141	
67	225.300	-70.140	
74	225.300	-70.140	
67	225.400	-70.139	
74	225.400	-70.139	
67	225.500	-70.138	
74	225.500	-70.138	
67	225.600	-70.138	
74	225.600	-70.138	
67	225.700	-70.137	
74	225.700	-70.137	
67	225.800	-70.136	
74	225.800	-70.136	
67	225.900	-70.135	
74	225.900	-70.135	
67	226.000	-70.135	
74	226.000	-70.135	
67	226.100	-70.134	
74	226.100	-70.134	
67	226.200	-70.133	
74	226.200	-70.133	
67	226.300	-70.133	
74	226.300	-70.133	
67	226.400	-70.132	
74	226.400	-70.132	
67	226.500	-70.131	
74	226.500	-70.131	
67	226.600	-70.131	
74	226.600	-70.131	
67	226.700	-70.130	
74	226.700	-70.130	
67	226.800	-70.129	
74	226.800	-70.129	
67	226.900	-70.128	
74	226.900	-70.128	
67	227.000	-70.128	
74	227.000	-70.128	
67	227.100	-70.127	
74	227.100	-70.127	
67	227.200	-70.126	
74	227.200	-70.126	
67	227.300	-70.126	
74	227.300	-70.126	
67	227.400	-70.125	
74	227.400	-70.125	
67	227.500	-70.124	
74	227.500	-70.124	
67	227.600	-70.124	
74	227.600	-70.124	
67	227.700	-70.123	
74	227.700	-70.123	
67	227.800	-70.122	
74	227.800	-70.122	
67	227.900	-70.122	
74	227.900	-70.122	
67	228.000	-70.121	
74	228.000	-70.121	
67	228.100	-70.121	
74	228.100	-70.121	
67	228.200	-70.120	
74	228.200	-70.120	
67	228.300	-70.119	
74	228.300	-70.119	
67	228.400	-70.119	
74	228.400	-70.119	
67	228.500	-70.118	
74	228.500	-70.118	
67	228.600	-70.117	
74	228.600	-70.117	
67	228.700	-70.117	
74	228.700	-70.117	
67	228.800	-70.116	
74	228.800	-70.116	
67	228.900	-70.116	
74	228.900	-70.116	
67	229.000	-70.115	
74	229.000	-70.115	
67	229.100	-70.114	
74	229.100	-70.114	
67	229.200	-70.114	
74	229.200	-70.114	
67	229.300	-70.113	
74	229.300	-70.113	
67	229.400	-70.112	
74	229.400	-70.112	
67	229.500	-70.112	
74	229.500	-70.112	
67	229.600	-70.111	
74	229.600	-70.111	
67	229.700	-70.111	
74	229.700	-70.111	
67	229.800	-70.110	
74	229.800	-70.110	
67	229.900	-70.110	
74	229.900	-70.110	
67	230.000	-70.109	
74	230.000	-70.109	
67	230.100	-70.108	
74	230.100	-70.108	
67	230.200	-70.108	
74	230.200	-70.108	
67	230.300	-70.107	
74	230.300	-70.107	
67	230.400	-70.107	
74	230.400	-70.107	
67	230.500	-70.106	
74	230.500	-70.106	
67	230.600	-70.105	
74	230.600	-70.105	
67	230.700	-70.105	
74	230.700	-70.105	
67	230.800	-70.104	
74	230.800	-70.104	
67	230.900	-70.104	
74	230.900	-70.104	
67	231.000	-70.103	
74	231.000	-70.103	
67	231.100	-70.103	
74	231.100	-70.103	
67	231.200	-70.102	
74	231.200	-70.102	
67	231.300	-70.102	
74	231.300	-70.102	
67	231.400	-70.101	
74	231.400	-70.101	
67	231.500	-70.100	
74	231.500	-70.100	
67	231.600	-70.100	
74	231.600	-70.100	
67	231.700	-70.099	
74	231.700	-70.099	
67	231.800	-70.099	
74	231.800	-70.099	
67	231.900	-70.098	
74	231.900	-70.098	
67	232.000	-70.098	
74	232.000	-70.098	
67	232.100	-70.097	
74	232.100	-70.097	
67	232.200	-70.097	
74	232.200	-70.097	
67	232.300	-70.096	
74	232.300	-70.096	
67	232.400	-70.096	
74	232.400	-70.096	
67	232.500	-70.095	
74	232.500	-70.095	
67	232.600	-70.095	
74	232.600	-70.095	
67	232.700	-70.094	
74	232.700	-70.094	
67	232.800	-70.094	
74	232.800	-70.094	
67	232.900	-70.093	
74	232.900	-70.093	
67	233.000	-70.093	
74	233.000	-70.093	
67	233.100	-70.092	
74	233.100	-70.092	
67	233.200	-70.092	
74	233.200	-70.092	
67	233.300	-70.091	
74	233.300	-70.091	
67	233.400	-70.091	
74	233.400	-70.091	
67	233.500	-70.090	
74	233.500	-70.090	
67	233.600	-70.090	
74	233.600	-70.090	
67	233.700	-70.089	
74	233.700	-70.089	
67	233.800	-70.089	
74	233.800	-70.089	
67	233.900	-70.088	
74	233.900	-70.088	
67	234.000	-70.088	
74	234.000	-70.088	
67	234.100	-70.087	
74	234.100	-70.087	
67	234.200	-70.087	
74	234.200	-70.087	
67	234.300	-70.086	
74	234.300	-70.086	
67	234.400	-70.086	
74	234.400	-70.086	
67	234.500	-70.085	
74	234.500	-70.085	
67	234.600	-70.085	
74	234.600	-70.085	
67	234.700	-70.084	
74	234.700	-70.084	
67	234.800	-70.084	
74	234.800	-70.084	
67	234.900	-70.084	
74	234.900	-70.084	
67	235.000	-70.083	
74	235.000	-70.083	
67	235.100	-70.083	
74	235.100	-70.083	
67	235.200	-70.082	
74	235.200	-70.082	
67	235.300	-70.082	
74	235.300	-70.082	
67	235.400	-70.081	
74	235.400	-70.081	
67	235.500	-70.081	
74	235.500	-70.081	
67	235.600	-70.080	
74	235.600	-70.080	
67	235.700	-70.080	
74	235.700	-70.080	
67	235.800	-70.080	
74	235.800	-70.080	
67	235.900	-70.079	
74	235.900	-70.079	
67	236.000	-70.079	
74	236.000	-70.079	
67	236.100	-70.078	
74	236.100	-70.078	
67	236.200	-70.078	
74	236.200	-70.078	
67	236.300	-70.077	
74	236.300	-70.077	
67	236.400	-70.077	
74	236.400	-70.077	
67	236.500	-70.077	
74	236.500	-70.077	
67	236.600	-70.076	
74	236.600	-70.076	
67	236.700	-70.076	
74	236.700	-70.076	
67	236.800	-70.075	
74	236.800	-70.075	
67	236.900	-70.075	
74	236.900	-70.075	
67	237.000	-70.074	
74	237.000	-70.074	
67	237.100	-70.074	
74	237.100	-70.074	
67	237.200	-70.074	
74	237.200	-70.074	
67	237.300	-70.073	
74	237.300	-70.073	
67	237.400	-70.073	
74	237.400	-70.073	
67	237.500	-70.072	
74	237.500	-70.072	
67	237.600	-70.072	
74	237.600	-70.072	
67	237.700	-70.072	
74	237.700	-70.072	
67	237.800	-70.071	
74	237.800	-70.071	
67	237.900	-70.071	
74	237.900	-70.071	
67	238.000	-70.070	
74	238.000	-70.070	
67	238.100	-70.070	
74	238.100	-70.070	
67	238.200	-70.070	
74	238.200	-70.070	
67	238.300	-70.069	
74	238.300	-70.069	
67	238.400	-70.069	
74	238.400	-70.069	
67	238.500	-70.068	
74	238.500	-70.068	
67	238.600	-70.068	
74	238.600	-70.068	
67	238.700	-70.068	
74	238.700	-70.068	
67	238.800	-70.067	
74	238.800	-70.067	
67	238.900	-70.067	
74	238.900	-70.067	
67	239.000	-70.067	
74	239.000	-70.067	
67	239.100	-70.066	
74	239.100	-70.066	
67	239.200	-70.066	
74	239.200	-70.066	
67	239.300	-70.065	
74	239.300	-70.065	
67	239.400	-70.065	
74	239.400	-70.065	
67	239.500	-70.065	
74	239.500	-70.065	
67	239.600	-70.064	
74	239.600	-70.064	
67	239.700	-70.064	
74	239.700	-70.064	
67	239.800	-70.064	
74	239.800	-70.064	
67	239.900	-70.063	
74	239.900	-70.063	
67	240.000	-70.063	
74	240.000	-70.063	
67	240.100	-70.063	
74	240.100	-70.063	
67	240.200	-70.062	
74	240.200	-70.062	
67	240.300	-70.062	
74	240.300	-70.062	
67	240.400	-70.062	
74	240.400	-70.062	
67	240.500	-70.061	
74	240.500	-70.061	
67	240.600	-70.061	
74	240.600	-70.061	
67	240.700	-70.061	
74	240.700	-70.061	
67	240.800	-70.060	
74	240.800	-70.060	
67	240.900	-70.060	
74	240.900	-70.060	
67	241.000	-70.059	
74	241.000	-70.059	
67	241.100	-70.059	
74	241.100	-70.059	
67	241.200	-70.059	
74	241.200	-70.059	
67	241.300	-70.058	
74	241.300	-70.058	
67	241.400	-70.058	
74	241.400	-70.058	
67	241.500	-70.058	
74	241.500	-70.058	
67	241.600	-70.058	
74	241.600	-70.058	
67	241.700	-70.057	
74	241.700	-70.057	
67	241.800	-70.057	
74	241.800	-70.057	
67	241.900	-70.057	
74	241.900	-70.057	
67	242.000	-70.056	
74	242.000	-70.056	
67	242.100	-70.056	
74	242.100	-70.056	
67	242.200	-70.056	
74	242.200	-70.056	
67	242.300	-70.055	
74	242.300	-70.055	
67	242.400	-70.055	
74	242.400	-70.055	
67	242.500	-70.055	
74	242.500	-70.055	
67	242.600	-70.054	
74	242.600	-70.054	
67	242.700	-70.054	
74	242.700	-70.054	
67	242.800	-70.054	
74	242.800	-70.054	
67	242.900	-70.053	
74	242.900	-70.053	
67	243.000	-70.053	
74	243.000	-70.053	
67	243.100	-70.053	
74	243.100	-70.053	
67	243.200	-70.052	
74	243.200	-70.052	
67	243.300	-70.052	
74	243.300	-70.052	
67	243.400	-70.052	
74	243.400	-70.052	
67	243.500	-70.052	
74	243.500	-70.052	
67	243.600	-70.051	
74	243.600	-70.051	
67	243.700	-70.051	
74	243.700	-70.051	
67	243.800	-70.051	
74	243.800	-70.051	
67	243.900	-70.050	
74	243.900	-70.050	
67	244.000	-70.050	
74	244.000	-70.050	
67	244.100	-70.050	
74	244.100	-70.050	
67	244.200	-70.050	
74	244.200	-70.050	
67	244.300	-70.049	
74	244.300	-70.049	
67	244.400	-70.049	
74	244.400	-70.049	
67	244.500	-70.049	
74	244.500	-70.049	
67	244.600	-70.048	
74	244.600	-70.048	
67	244.700	-70.048	
74	244.700	-70.048	
67	244.800	-70.048	
74	244.800	-70.048	
67	244.900	-70.048	
74	244.900	-70.048	
67	245.000	-70.047	
74	245.000	-70.047	
67	245.100	-70.047	
74	245.100	-70.047	
67	245.200	-70.047	
74	245.200	-70.047	
67	245.300	-70.046	
74	245.300	-70.046	
67	245.400	-70.046	
74	245.400	-70.046	
67	245.500	-70.046	
74	245.500	-70.046	
67	245.600	-70.046	
74	245.600	-70.046	
67	245.700	-70.045	
74	245.700	-70.045	
67	245.800	-70.045	
74	245.800	-70.045	
67	245.900	-70.045	
74	245.900	-70.045	
67	246.000	-70.045	
74	246.000	-70.045	
67	246.100	-70.044	
74	246.100	-70.044	
67	246.200	-70.044	
74	246.200	-70.044	
67	246.300	-70.044	
74	246.300	-70.044	
67	246.400	-70.044	
74	246.400	-70.044	
67	246.500	-70.043	
74	246.500	-70.043	
67	246.600	-70.043	
74	246.600	-70.043	
67	246.700	-70.043	
74	246.700	-70.043	
67	246.800	-70.042	
74	246.800	-70.042	
67	246.900	-70.042	
74	246.900	-70.042	
67	247.000	-70.042	
74	247.000	-70.042	
67	247.100	-70.042	
74	247.100	-70.042	
67	247.200	-70.041	
74	247.200	-70.041	
67	247.300	-70.041	
74	247.300	-70.041	
67	247.400	-70.041	
74	247.400	-70.041	
67	247.500	-70.041	
74	247.500	-70.041	
67	247.600	-70.041	
74	247.600	-70.041	
67	247.700	-70.040	
74	247.700	-70.040	
67	247.800	-70.040	
74	247.800	-70.040	
67	247.900	-70.040	
74	247.900	-70.040	
67	248.000	-70.040	
74	248.000	-70.040	
67	248.100	-70.039	
74	248.100	-70.039	
67	248.200	-70.039	
74	248.200	-70.039	
67	248.300	-70.039	
74	248.300	-70.039	
67	248.400	-70.039	
74	248.400	-70.039	
67	248.500	-70.038	
74	248.500	-70.038	
67	248.600	-70.038	
74	248.600	-70.038	
67	248.700	-70.038	
74	248.700	-70.038	
67	248.800	-70.038	
74	248.800	-70.038	
67	248.900	-70.037	
74	248.900	-70.037	
67	249.000	-70.037	
74	249.000	-70.037	
67	249.100	-70.037	
74	249.100	-70.037	
67	249.200	-70.037	
74	249.200	-70.037	
67	249.300	-70.037	
74	249.300	-70.037	
67	249.400	-70.036	
74	249.400	-70.036	
67	249.500	-70.036	
74	249.500	-70.036	
67	249.600	-70.036	
74	249.600	-70.036	
67	249.700	-70.036	
74	249.700	-70.036	
67	249.800	-70.035	
74	249.800	-70.035	
67	249.900	-70.035	
74	249.900	-70.035	
