87	0.100	-70.000	
94	0.100	-70.000	
87	0.200	-70.000	
94	0.200	-70.000	
87	0.300	-70.000	
94	0.300	-70.000	
87	0.400	-70.000	
94	0.400	-70.000	
87	0.500	-70.000	
94	0.500	-70.000	
87	0.600	-70.000	
94	0.600	-70.000	
87	0.700	-70.000	
94	0.700	-70.000	
87	0.800	-70.000	
94	0.800	-70.000	
87	0.900	-70.000	
94	0.900	-70.000	
87	1.000	-70.000	
94	1.000	-70.000	
87	1.100	-70.000	
94	1.100	-70.000	
87	1.200	-70.000	
94	1.200	-70.000	
87	1.300	-70.000	
94	1.300	-70.000	
87	1.400	-69.999	
94	1.400	-69.999	
87	1.500	-69.999	
94	1.500	-69.999	
87	1.600	-69.999	
94	1.600	-69.999	
87	1.700	-69.999	
94	1.700	-69.999	
87	1.800	-69.999	
94	1.800	-69.999	
87	1.900	-69.999	
94	1.900	-69.999	
87	2.000	-69.999	
94	2.000	-69.999	
87	2.100	-69.999	
94	2.100	-69.999	
87	2.200	-69.999	
94	2.200	-69.999	
87	2.300	-69.999	
94	2.300	-69.999	
87	2.400	-69.999	
94	2.400	-69.999	
87	2.500	-69.999	
94	2.500	-69.999	
87	2.600	-69.999	
94	2.600	-69.999	
87	2.700	-69.999	
94	2.700	-69.999	
87	2.800	-69.999	
94	2.800	-69.999	
87	2.900	-69.999	
94	2.900	-69.999	
87	3.000	-69.999	
94	3.000	-69.999	
87	3.100	-69.999	
94	3.100	-69.999	
87	3.200	-69.999	
94	3.200	-69.999	
87	3.300	-69.999	
94	3.300	-69.999	
87	3.400	-69.999	
94	3.400	-69.999	
87	3.500	-69.999	
94	3.500	-69.999	
87	3.600	-69.999	
94	3.600	-69.999	
87	3.700	-69.999	
94	3.700	-69.999	
87	3.800	-69.999	
94	3.800	-69.999	
87	3.900	-69.999	
94	3.900	-69.999	
87	4.000	-69.999	
94	4.000	-69.999	
87	4.100	-69.998	
94	4.100	-69.998	
87	4.200	-69.998	
94	4.200	-69.998	
87	4.300	-69.998	
94	4.300	-69.998	
87	4.400	-69.998	
94	4.400	-69.998	
87	4.500	-69.998	
94	4.500	-69.998	
87	4.600	-69.998	
94	4.600	-69.998	
87	4.700	-69.998	
94	4.700	-69.998	
87	4.800	-69.998	
94	4.800	-69.998	
87	4.900	-69.998	
94	4.900	-69.998	
87	5.000	-69.998	
94	5.000	-69.998	
87	5.100	-69.998	
94	5.100	-69.998	
87	5.200	-69.998	
94	5.200	-69.998	
87	5.300	-69.998	
94	5.300	-69.998	
87	5.400	-69.998	
94	5.400	-69.998	
87	5.500	-69.998	
94	5.500	-69.998	
87	5.600	-69.998	
94	5.600	-69.998	
87	5.700	-69.998	
94	5.700	-69.998	
87	5.800	-69.998	
94	5.800	-69.998	
87	5.900	-69.998	
94	5.900	-69.998	
87	6.000	-69.998	
94	6.000	-69.998	
87	6.100	-69.998	
94	6.100	-69.998	
87	6.200	-69.998	
94	6.200	-69.998	
87	6.300	-69.998	
94	6.300	-69.998	
87	6.400	-69.998	
94	6.400	-69.998	
87	6.500	-69.998	
94	6.500	-69.998	
87	6.600	-69.998	
94	6.600	-69.998	
87	6.700	-69.998	
94	6.700	-69.998	
87	6.800	-69.998	
94	6.800	-69.998	
87	6.900	-69.998	
94	6.900	-69.998	
87	7.000	-69.998	
94	7.000	-69.998	
87	7.100	-69.998	
94	7.100	-69.998	
87	7.200	-69.998	
94	7.200	-69.998	
87	7.300	-69.997	
94	7.300	-69.997	
87	7.400	-69.997	
94	7.400	-69.997	
87	7.500	-69.997	
94	7.500	-69.997	
87	7.600	-69.997	
94	7.600	-69.997	
87	7.700	-69.997	
94	7.700	-69.997	
87	7.800	-69.997	
94	7.800	-69.997	
87	7.900	-69.997	
94	7.900	-69.997	
87	8.000	-69.997	
94	8.000	-69.997	
87	8.100	-69.997	
94	8.100	-69.997	
87	8.200	-69.997	
94	8.200	-69.997	
87	8.300	-69.997	
94	8.300	-69.997	
87	8.400	-69.997	
94	8.400	-69.997	
87	8.500	-69.997	
94	8.500	-69.997	
87	8.600	-69.997	
94	8.600	-69.997	
87	8.700	-69.997	
94	8.700	-69.997	
87	8.800	-69.997	
94	8.800	-69.997	
87	8.900	-69.997	
94	8.900	-69.997	
87	9.000	-69.997	
94	9.000	-69.997	
87	9.100	-69.997	
94	9.100	-69.997	
87	9.200	-69.997	
94	9.200	-69.997	
87	9.300	-69.997	
94	9.300	-69.997	
87	9.400	-69.997	
94	9.400	-69.997	
87	9.500	-69.997	
94	9.500	-69.997	
87	9.600	-69.997	
94	9.600	-69.997	
87	9.700	-69.997	
94	9.700	-69.997	
87	9.800	-69.997	
94	9.800	-69.997	
87	9.900	-69.997	
94	9.900	-69.997	
87	10.000	-69.997	
94	10.000	-69.997	
87	10.100	-69.997	
94	10.100	-69.997	
87	10.200	-69.997	
94	10.200	-69.997	
87	10.300	-69.997	
94	10.300	-69.997	
87	10.400	-69.997	
94	10.400	-69.997	
87	10.500	-69.997	
94	10.500	-69.997	
87	10.600	-69.997	
94	10.600	-69.997	
87	10.700	-69.997	
94	10.700	-69.997	
87	10.800	-69.997	
94	10.800	-69.997	
87	10.900	-69.997	
94	10.900	-69.997	
87	11.000	-69.996	
94	11.000	-69.996	
87	11.100	-69.996	
94	11.100	-69.996	
87	11.200	-69.996	
94	11.200	-69.996	
87	11.300	-69.996	
94	11.300	-69.996	
87	11.400	-69.996	
94	11.400	-69.996	
87	11.500	-69.996	
94	11.500	-69.996	
87	11.600	-69.996	
94	11.600	-69.996	
87	11.700	-69.996	
94	11.700	-69.996	
87	11.800	-69.996	
94	11.800	-69.996	
87	11.900	-69.996	
94	11.900	-69.996	
87	12.000	-69.996	
94	12.000	-69.996	
87	12.100	-69.996	
94	12.100	-69.996	
87	12.200	-69.996	
94	12.200	-69.996	
87	12.300	-69.996	
94	12.300	-69.996	
87	12.400	-69.996	
94	12.400	-69.996	
87	12.500	-69.996	
94	12.500	-69.996	
87	12.600	-69.996	
94	12.600	-69.996	
87	12.700	-69.996	
94	12.700	-69.996	
87	12.800	-69.996	
94	12.800	-69.996	
87	12.900	-69.996	
94	12.900	-69.996	
87	13.000	-69.996	
94	13.000	-69.996	
87	13.100	-69.996	
94	13.100	-69.996	
87	13.200	-69.996	
94	13.200	-69.996	
87	13.300	-69.996	
94	13.300	-69.996	
87	13.400	-69.996	
94	13.400	-69.996	
87	13.500	-69.996	
94	13.500	-69.996	
87	13.600	-69.996	
94	13.600	-69.996	
87	13.700	-69.996	
94	13.700	-69.996	
87	13.800	-69.996	
94	13.800	-69.996	
87	13.900	-69.996	
94	13.900	-69.996	
87	14.000	-69.996	
94	14.000	-69.996	
87	14.100	-69.996	
94	14.100	-69.996	
87	14.200	-69.996	
94	14.200	-69.996	
87	14.300	-69.996	
94	14.300	-69.996	
87	14.400	-69.996	
94	14.400	-69.996	
87	14.500	-69.996	
94	14.500	-69.996	
87	14.600	-69.996	
94	14.600	-69.996	
87	14.700	-69.996	
94	14.700	-69.996	
87	14.800	-69.996	
94	14.800	-69.996	
87	14.900	-69.996	
94	14.900	-69.996	
87	15.000	-69.996	
94	15.000	-69.996	
87	15.100	-69.996	
94	15.100	-69.996	
87	15.200	-69.996	
94	15.200	-69.996	
87	15.300	-69.996	
94	15.300	-69.996	
87	15.400	-69.996	
94	15.400	-69.996	
87	15.500	-69.996	
94	15.500	-69.996	
87	15.600	-69.996	
94	15.600	-69.996	
87	15.700	-69.995	
94	15.700	-69.995	
87	15.800	-69.995	
94	15.800	-69.995	
87	15.900	-69.995	
94	15.900	-69.995	
87	16.000	-69.995	
94	16.000	-69.995	
87	16.100	-69.995	
94	16.100	-69.995	
87	16.200	-69.995	
94	16.200	-69.995	
87	16.300	-69.995	
94	16.300	-69.995	
87	16.400	-69.995	
94	16.400	-69.995	
87	16.500	-69.995	
94	16.500	-69.995	
87	16.600	-69.995	
94	16.600	-69.995	
87	16.700	-69.995	
94	16.700	-69.995	
87	16.800	-69.995	
94	16.800	-69.995	
87	16.900	-69.995	
94	16.900	-69.995	
87	17.000	-69.995	
94	17.000	-69.995	
87	17.100	-69.995	
94	17.100	-69.995	
87	17.200	-69.995	
94	17.200	-69.995	
87	17.300	-69.995	
94	17.300	-69.995	
87	17.400	-69.995	
94	17.400	-69.995	
87	17.500	-69.995	
94	17.500	-69.995	
87	17.600	-69.995	
94	17.600	-69.995	
87	17.700	-69.995	
94	17.700	-69.995	
87	17.800	-69.995	
94	17.800	-69.995	
87	17.900	-69.995	
94	17.900	-69.995	
87	18.000	-69.995	
94	18.000	-69.995	
87	18.100	-69.995	
94	18.100	-69.995	
87	18.200	-69.995	
94	18.200	-69.995	
87	18.300	-69.995	
94	18.300	-69.995	
87	18.400	-69.995	
94	18.400	-69.995	
87	18.500	-69.995	
94	18.500	-69.995	
87	18.600	-69.995	
94	18.600	-69.995	
87	18.700	-69.995	
94	18.700	-69.995	
87	18.800	-69.995	
94	18.800	-69.995	
87	18.900	-69.995	
94	18.900	-69.995	
87	19.000	-69.995	
94	19.000	-69.995	
87	19.100	-69.995	
94	19.100	-69.995	
87	19.200	-69.995	
94	19.200	-69.995	
87	19.300	-69.995	
94	19.300	-69.995	
87	19.400	-69.995	
94	19.400	-69.995	
87	19.500	-69.995	
94	19.500	-69.995	
87	19.600	-69.995	
94	19.600	-69.995	
87	19.700	-69.995	
94	19.700	-69.995	
87	19.800	-69.995	
94	19.800	-69.995	
87	19.900	-69.995	
94	19.900	-69.995	
87	20.000	-69.995	
94	20.000	-69.995	
87	20.100	-69.995	
94	20.100	-69.995	
87	20.200	-69.995	
94	20.200	-69.995	
87	20.300	-69.995	
94	20.300	-69.995	
87	20.400	-69.995	
94	20.400	-69.995	
87	20.500	-69.995	
94	20.500	-69.995	
87	20.600	-69.995	
94	20.600	-69.995	
87	20.700	-69.995	
94	20.700	-69.995	
87	20.800	-69.995	
94	20.800	-69.995	
87	20.900	-69.995	
94	20.900	-69.995	
87	21.000	-69.995	
94	21.000	-69.995	
87	21.100	-69.995	
94	21.100	-69.995	
87	21.200	-69.995	
94	21.200	-69.995	
87	21.300	-69.995	
94	21.300	-69.995	
87	21.400	-69.995	
94	21.400	-69.995	
87	21.500	-69.995	
94	21.500	-69.995	
87	21.600	-69.995	
94	21.600	-69.995	
87	21.700	-69.994	
94	21.700	-69.994	
87	21.800	-69.994	
94	21.800	-69.994	
87	21.900	-69.994	
94	21.900	-69.994	
87	22.000	-69.994	
94	22.000	-69.994	
87	22.100	-69.994	
94	22.100	-69.994	
87	22.200	-69.994	
94	22.200	-69.994	
87	22.300	-69.994	
94	22.300	-69.994	
87	22.400	-69.994	
94	22.400	-69.994	
87	22.500	-69.994	
94	22.500	-69.994	
87	22.600	-69.994	
94	22.600	-69.994	
87	22.700	-69.994	
94	22.700	-69.994	
87	22.800	-69.994	
94	22.800	-69.994	
87	22.900	-69.994	
94	22.900	-69.994	
87	23.000	-69.994	
94	23.000	-69.994	
87	23.100	-69.994	
94	23.100	-69.994	
87	23.200	-69.994	
94	23.200	-69.994	
87	23.300	-69.994	
94	23.300	-69.994	
87	23.400	-69.994	
94	23.400	-69.994	
87	23.500	-69.994	
94	23.500	-69.994	
87	23.600	-69.994	
94	23.600	-69.994	
87	23.700	-69.994	
94	23.700	-69.994	
87	23.800	-69.994	
94	23.800	-69.994	
87	23.900	-69.994	
94	23.900	-69.994	
87	24.000	-69.994	
94	24.000	-69.994	
87	24.100	-69.994	
94	24.100	-69.994	
87	24.200	-69.994	
94	24.200	-69.994	
87	24.300	-69.994	
94	24.300	-69.994	
87	24.400	-69.994	
94	24.400	-69.994	
87	24.500	-69.994	
94	24.500	-69.994	
87	24.600	-69.994	
94	24.600	-69.994	
87	24.700	-69.994	
94	24.700	-69.994	
87	24.800	-69.994	
94	24.800	-69.994	
87	24.900	-69.994	
94	24.900	-69.994	
87	25.000	-69.994	
94	25.000	-69.994	
87	25.100	-69.994	
94	25.100	-69.994	
87	25.200	-69.994	
94	25.200	-69.994	
87	25.300	-69.994	
94	25.300	-69.994	
87	25.400	-69.994	
94	25.400	-69.994	
87	25.500	-69.994	
94	25.500	-69.994	
87	25.600	-69.994	
94	25.600	-69.994	
87	25.700	-69.994	
94	25.700	-69.994	
87	25.800	-69.994	
94	25.800	-69.994	
87	25.900	-69.994	
94	25.900	-69.994	
87	26.000	-69.994	
94	26.000	-69.994	
87	26.100	-69.994	
94	26.100	-69.994	
87	26.200	-69.994	
94	26.200	-69.994	
87	26.300	-66.299	
94	26.300	-66.299	
87	26.400	-63.437	
94	26.400	-63.437	
87	26.500	-61.202	
94	26.500	-61.202	
87	26.600	-59.443	
94	26.600	-59.443	
87	26.700	-58.043	
94	26.700	-58.043	
87	26.800	-56.910	
94	26.800	-56.910	
87	26.900	-55.965	
94	26.900	-55.965	
87	27.000	-55.142	
94	27.000	-55.142	
87	27.100	-54.383	
94	27.100	-54.383	
87	27.200	-53.631	
94	27.200	-53.631	
87	27.300	-52.821	
94	27.300	-52.821	
87	27.400	-51.863	
94	27.400	-51.863	
87	27.500	-50.598	
94	27.500	-50.598	
87	27.600	-48.663	
94	27.600	-48.663	
87	27.700	-44.878	
94	27.700	-44.878	
87	27.800	-31.919	
94	27.800	-31.919	
87	27.900	36.515	
94	27.900	36.515	
87	28.000	47.631	
94	28.000	47.631	
87	28.100	40.029	
94	28.100	40.029	
87	28.200	25.476	
94	28.200	25.476	
87	28.300	7.062	
94	28.300	7.062	
87	28.400	-11.194	
94	28.400	-11.194	
87	28.500	-27.243	
94	28.500	-27.243	
87	28.600	-42.898	
94	28.600	-42.898	
87	28.700	-61.838	
94	28.700	-61.838	
87	28.800	-74.816	
94	28.800	-74.816	
87	28.900	-80.533	
94	28.900	-80.533	
87	29.000	-83.083	
94	29.000	-83.083	
87	29.100	-84.329	
94	29.100	-84.329	
87	29.200	-84.974	
94	29.200	-84.974	
87	29.300	-85.314	
94	29.300	-85.314	
87	29.400	-85.486	
94	29.400	-85.486	
87	29.500	-85.561	
94	29.500	-85.561	
87	29.600	-85.578	
94	29.600	-85.578	
87	29.700	-85.560	
94	29.700	-85.560	
87	29.800	-85.519	
94	29.800	-85.519	
87	29.900	-85.465	
94	29.900	-85.465	
87	30.000	-85.402	
94	30.000	-85.402	
87	30.100	-85.334	
94	30.100	-85.334	
87	30.200	-85.263	
94	30.200	-85.263	
87	30.300	-85.190	
94	30.300	-85.190	
87	30.400	-85.116	
94	30.400	-85.116	
87	30.500	-85.042	
94	30.500	-85.042	
87	30.600	-84.967	
94	30.600	-84.967	
87	30.700	-84.893	
94	30.700	-84.893	
87	30.800	-84.818	
94	30.800	-84.818	
87	30.900	-84.744	
94	30.900	-84.744	
87	31.000	-84.671	
94	31.000	-84.671	
87	31.100	-84.597	
94	31.100	-84.597	
87	31.200	-84.524	
94	31.200	-84.524	
87	31.300	-84.452	
94	31.300	-84.452	
87	31.400	-84.380	
94	31.400	-84.380	
87	31.500	-84.308	
94	31.500	-84.308	
87	31.600	-84.236	
94	31.600	-84.236	
87	31.700	-84.165	
94	31.700	-84.165	
87	31.800	-84.094	
94	31.800	-84.094	
87	31.900	-84.024	
94	31.900	-84.024	
87	32.000	-83.954	
94	32.000	-83.954	
87	32.100	-83.884	
94	32.100	-83.884	
87	32.200	-83.815	
94	32.200	-83.815	
87	32.300	-83.746	
94	32.300	-83.746	
87	32.400	-83.678	
94	32.400	-83.678	
87	32.500	-83.609	
94	32.500	-83.609	
87	32.600	-83.542	
94	32.600	-83.542	
87	32.700	-83.474	
94	32.700	-83.474	
87	32.800	-83.407	
94	32.800	-83.407	
87	32.900	-83.340	
94	32.900	-83.340	
87	33.000	-83.273	
94	33.000	-83.273	
87	33.100	-83.207	
94	33.100	-83.207	
87	33.200	-83.141	
94	33.200	-83.141	
87	33.300	-83.076	
94	33.300	-83.076	
87	33.400	-83.011	
94	33.400	-83.011	
87	33.500	-82.946	
94	33.500	-82.946	
87	33.600	-82.881	
94	33.600	-82.881	
87	33.700	-82.817	
94	33.700	-82.817	
87	33.800	-82.753	
94	33.800	-82.753	
87	33.900	-82.689	
94	33.900	-82.689	
87	34.000	-82.626	
94	34.000	-82.626	
87	34.100	-82.563	
94	34.100	-82.563	
87	34.200	-82.500	
94	34.200	-82.500	
87	34.300	-82.438	
94	34.300	-82.438	
87	34.400	-82.376	
94	34.400	-82.376	
87	34.500	-82.314	
94	34.500	-82.314	
87	34.600	-82.253	
94	34.600	-82.253	
87	34.700	-82.192	
94	34.700	-82.192	
87	34.800	-82.131	
94	34.800	-82.131	
87	34.900	-82.070	
94	34.900	-82.070	
87	35.000	-82.010	
94	35.000	-82.010	
87	35.100	-81.950	
94	35.100	-81.950	
87	35.200	-81.891	
94	35.200	-81.891	
87	35.300	-81.831	
94	35.300	-81.831	
87	35.400	-81.772	
94	35.400	-81.772	
87	35.500	-81.714	
94	35.500	-81.714	
87	35.600	-81.655	
94	35.600	-81.655	
87	35.700	-81.597	
94	35.700	-81.597	
87	35.800	-81.539	
94	35.800	-81.539	
87	35.900	-81.482	
94	35.900	-81.482	
87	36.000	-81.424	
94	36.000	-81.424	
87	36.100	-81.367	
94	36.100	-81.367	
87	36.200	-81.311	
94	36.200	-81.311	
87	36.300	-81.254	
94	36.300	-81.254	
87	36.400	-81.198	
94	36.400	-81.198	
87	36.500	-81.142	
94	36.500	-81.142	
87	36.600	-81.087	
94	36.600	-81.087	
87	36.700	-81.032	
94	36.700	-81.032	
87	36.800	-80.977	
94	36.800	-80.977	
87	36.900	-80.922	
94	36.900	-80.922	
87	37.000	-80.867	
94	37.000	-80.867	
87	37.100	-80.813	
94	37.100	-80.813	
87	37.200	-80.759	
94	37.200	-80.759	
87	37.300	-80.706	
94	37.300	-80.706	
87	37.400	-80.652	
94	37.400	-80.652	
87	37.500	-80.599	
94	37.500	-80.599	
87	37.600	-80.546	
94	37.600	-80.546	
87	37.700	-80.494	
94	37.700	-80.494	
87	37.800	-80.441	
94	37.800	-80.441	
87	37.900	-80.389	
94	37.900	-80.389	
87	38.000	-80.337	
94	38.000	-80.337	
87	38.100	-80.286	
94	38.100	-80.286	
87	38.200	-80.234	
94	38.200	-80.234	
87	38.300	-80.183	
94	38.300	-80.183	
87	38.400	-80.133	
94	38.400	-80.133	
87	38.500	-80.082	
94	38.500	-80.082	
87	38.600	-80.032	
94	38.600	-80.032	
87	38.700	-79.982	
94	38.700	-79.982	
87	38.800	-79.932	
94	38.800	-79.932	
87	38.900	-79.882	
94	38.900	-79.882	
87	39.000	-79.833	
94	39.000	-79.833	
87	39.100	-79.784	
94	39.100	-79.784	
87	39.200	-79.735	
94	39.200	-79.735	
87	39.300	-79.687	
94	39.300	-79.687	
87	39.400	-79.638	
94	39.400	-79.638	
87	39.500	-79.590	
94	39.500	-79.590	
87	39.600	-79.543	
94	39.600	-79.543	
87	39.700	-79.495	
94	39.700	-79.495	
87	39.800	-79.448	
94	39.800	-79.448	
87	39.900	-79.400	
94	39.900	-79.400	
87	40.000	-79.354	
94	40.000	-79.354	
87	40.100	-79.307	
94	40.100	-79.307	
87	40.200	-79.260	
94	40.200	-79.260	
87	40.300	-79.214	
94	40.300	-79.214	
87	40.400	-79.168	
94	40.400	-79.168	
87	40.500	-79.123	
94	40.500	-79.123	
87	40.600	-79.077	
94	40.600	-79.077	
87	40.700	-79.032	
94	40.700	-79.032	
87	40.800	-78.987	
94	40.800	-78.987	
87	40.900	-78.942	
94	40.900	-78.942	
87	41.000	-78.897	
94	41.000	-78.897	
87	41.100	-78.853	
94	41.100	-78.853	
87	41.200	-78.809	
94	41.200	-78.809	
87	41.300	-78.765	
94	41.300	-78.765	
87	41.400	-78.721	
94	41.400	-78.721	
87	41.500	-78.678	
94	41.500	-78.678	
87	41.600	-78.634	
94	41.600	-78.634	
87	41.700	-78.591	
94	41.700	-78.591	
87	41.800	-78.549	
94	41.800	-78.549	
87	41.900	-78.506	
94	41.900	-78.506	
87	42.000	-78.463	
94	42.000	-78.463	
87	42.100	-78.421	
94	42.100	-78.421	
87	42.200	-78.379	
94	42.200	-78.379	
87	42.300	-78.337	
94	42.300	-78.337	
87	42.400	-78.296	
94	42.400	-78.296	
87	42.500	-78.254	
94	42.500	-78.254	
87	42.600	-78.213	
94	42.600	-78.213	
87	42.700	-78.172	
94	42.700	-78.172	
87	42.800	-78.132	
94	42.800	-78.132	
87	42.900	-78.091	
94	42.900	-78.091	
87	43.000	-78.051	
94	43.000	-78.051	
87	43.100	-78.011	
94	43.100	-78.011	
87	43.200	-77.971	
94	43.200	-77.971	
87	43.300	-77.931	
94	43.300	-77.931	
87	43.400	-77.891	
94	43.400	-77.891	
87	43.500	-77.852	
94	43.500	-77.852	
87	43.600	-77.813	
94	43.600	-77.813	
87	43.700	-77.774	
94	43.700	-77.774	
87	43.800	-77.735	
94	43.800	-77.735	
87	43.900	-77.696	
94	43.900	-77.696	
87	44.000	-77.658	
94	44.000	-77.658	
87	44.100	-77.620	
94	44.100	-77.620	
87	44.200	-77.582	
94	44.200	-77.582	
87	44.300	-77.544	
94	44.300	-77.544	
87	44.400	-77.506	
94	44.400	-77.506	
87	44.500	-77.469	
94	44.500	-77.469	
87	44.600	-77.432	
94	44.600	-77.432	
87	44.700	-77.395	
94	44.700	-77.395	
87	44.800	-77.358	
94	44.800	-77.358	
87	44.900	-77.321	
94	44.900	-77.321	
87	45.000	-77.285	
94	45.000	-77.285	
87	45.100	-77.248	
94	45.100	-77.248	
87	45.200	-77.212	
94	45.200	-77.212	
87	45.300	-77.176	
94	45.300	-77.176	
87	45.400	-77.140	
94	45.400	-77.140	
87	45.500	-77.105	
94	45.500	-77.105	
87	45.600	-77.069	
94	45.600	-77.069	
87	45.700	-77.034	
94	45.700	-77.034	
87	45.800	-76.999	
94	45.800	-76.999	
87	45.900	-76.964	
94	45.900	-76.964	
87	46.000	-76.929	
94	46.000	-76.929	
87	46.100	-76.895	
94	46.100	-76.895	
87	46.200	-76.860	
94	46.200	-76.860	
87	46.300	-76.826	
94	46.300	-76.826	
87	46.400	-76.792	
94	46.400	-76.792	
87	46.500	-76.758	
94	46.500	-76.758	
87	46.600	-76.724	
94	46.600	-76.724	
87	46.700	-76.691	
94	46.700	-76.691	
87	46.800	-76.658	
94	46.800	-76.658	
87	46.900	-76.624	
94	46.900	-76.624	
87	47.000	-76.591	
94	47.000	-76.591	
87	47.100	-76.558	
94	47.100	-76.558	
87	47.200	-76.526	
94	47.200	-76.526	
87	47.300	-76.493	
94	47.300	-76.493	
87	47.400	-76.461	
94	47.400	-76.461	
87	47.500	-76.429	
94	47.500	-76.429	
87	47.600	-76.397	
94	47.600	-76.397	
87	47.700	-76.365	
94	47.700	-76.365	
87	47.800	-76.333	
94	47.800	-76.333	
87	47.900	-76.301	
94	47.900	-76.301	
87	48.000	-76.270	
94	48.000	-76.270	
87	48.100	-76.239	
94	48.100	-76.239	
87	48.200	-76.207	
94	48.200	-76.207	
87	48.300	-76.177	
94	48.300	-76.177	
87	48.400	-76.146	
94	48.400	-76.146	
87	48.500	-76.115	
94	48.500	-76.115	
87	48.600	-76.085	
94	48.600	-76.085	
87	48.700	-76.054	
94	48.700	-76.054	
87	48.800	-76.024	
94	48.800	-76.024	
87	48.900	-75.994	
94	48.900	-75.994	
87	49.000	-75.964	
94	49.000	-75.964	
87	49.100	-75.934	
94	49.100	-75.934	
87	49.200	-75.905	
94	49.200	-75.905	
87	49.300	-75.875	
94	49.300	-75.875	
87	49.400	-75.846	
94	49.400	-75.846	
87	49.500	-75.817	
94	49.500	-75.817	
87	49.600	-75.788	
94	49.600	-75.788	
87	49.700	-75.759	
94	49.700	-75.759	
87	49.800	-75.730	
94	49.800	-75.730	
87	49.900	-75.702	
94	49.900	-75.702	
87	50.000	-75.673	
94	50.000	-75.673	
87	50.100	-75.645	
94	50.100	-75.645	
87	50.200	-75.617	
94	50.200	-75.617	
87	50.300	-75.589	
94	50.300	-75.589	
87	50.400	-75.561	
94	50.400	-75.561	
87	50.500	-75.533	
94	50.500	-75.533	
87	50.600	-75.506	
94	50.600	-75.506	
87	50.700	-75.478	
94	50.700	-75.478	
87	50.800	-75.451	
94	50.800	-75.451	
87	50.900	-75.424	
94	50.900	-75.424	
87	51.000	-75.396	
94	51.000	-75.396	
87	51.100	-75.370	
94	51.100	-75.370	
87	51.200	-71.364	
94	51.200	-71.364	
87	51.300	-68.258	
94	51.300	-68.258	
87	51.400	-65.829	
94	51.400	-65.829	
87	51.500	-63.919	
94	51.500	-63.919	
87	51.600	-62.408	
94	51.600	-62.408	
87	51.700	-61.209	
94	51.700	-61.209	
87	51.800	-60.253	
94	51.800	-60.253	
87	51.900	-59.486	
94	51.900	-59.486	
87	52.000	-58.867	
94	52.000	-58.867	
87	52.100	-58.363	
94	52.100	-58.363	
87	52.200	-57.948	
94	52.200	-57.948	
87	52.300	-57.601	
94	52.300	-57.601	
87	52.400	-57.307	
94	52.400	-57.307	
87	52.500	-57.054	
94	52.500	-57.054	
87	52.600	-56.831	
94	52.600	-56.831	
87	52.700	-56.629	
94	52.700	-56.629	
87	52.800	-56.444	
94	52.800	-56.444	
87	52.900	-56.269	
94	52.900	-56.269	
87	53.000	-56.100	
94	53.000	-56.100	
87	53.100	-55.933	
94	53.100	-55.933	
87	53.200	-55.763	
94	53.200	-55.763	
87	53.300	-55.589	
94	53.300	-55.589	
87	53.400	-55.405	
94	53.400	-55.405	
87	53.500	-55.208	
94	53.500	-55.208	
87	53.600	-54.995	
94	53.600	-54.995	
87	53.700	-54.758	
94	53.700	-54.758	
87	53.800	-54.492	
94	53.800	-54.492	
87	53.900	-54.188	
94	53.900	-54.188	
87	54.000	-53.833	
94	54.000	-53.833	
87	54.100	-53.408	
94	54.100	-53.408	
87	54.200	-52.885	
94	54.200	-52.885	
87	54.300	-52.215	
94	54.300	-52.215	
87	54.400	-51.310	
94	54.400	-51.310	
87	54.500	-49.977	
94	54.500	-49.977	
87	54.600	-47.721	
94	54.600	-47.721	
87	54.700	-42.636	
94	54.700	-42.636	
87	54.800	-18.528	
94	54.800	-18.528	
87	54.900	46.453	
94	54.900	46.453	
87	55.000	45.369	
94	55.000	45.369	
87	55.100	34.860	
94	55.100	34.860	
87	55.200	18.392	
94	55.200	18.392	
87	55.300	-0.216	
94	55.300	-0.216	
87	55.400	-17.634	
94	55.400	-17.634	
87	55.500	-32.869	
94	55.500	-32.869	
87	55.600	-50.044	
94	55.600	-50.044	
87	55.700	-68.084	
94	55.700	-68.084	
87	55.800	-77.769	
94	55.800	-77.769	
87	55.900	-81.908	
94	55.900	-81.908	
87	56.000	-83.817	
94	56.000	-83.817	
87	56.100	-84.774	
94	56.100	-84.774	
87	56.200	-85.277	
94	56.200	-85.277	
87	56.300	-85.541	
94	56.300	-85.541	
87	56.400	-85.671	
94	56.400	-85.671	
87	56.500	-85.722	
94	56.500	-85.722	
87	56.600	-85.725	
94	56.600	-85.725	
87	56.700	-85.699	
94	56.700	-85.699	
87	56.800	-85.654	
94	56.800	-85.654	
87	56.900	-85.597	
94	56.900	-85.597	
87	57.000	-85.534	
94	57.000	-85.534	
87	57.100	-85.465	
94	57.100	-85.465	
87	57.200	-85.394	
94	57.200	-85.394	
87	57.300	-85.321	
94	57.300	-85.321	
87	57.400	-85.247	
94	57.400	-85.247	
87	57.500	-85.172	
94	57.500	-85.172	
87	57.600	-85.098	
94	57.600	-85.098	
87	57.700	-85.023	
94	57.700	-85.023	
87	57.800	-84.949	
94	57.800	-84.949	
87	57.900	-84.874	
94	57.900	-84.874	
87	58.000	-84.800	
94	58.000	-84.800	
87	58.100	-84.727	
94	58.100	-84.727	
87	58.200	-84.653	
94	58.200	-84.653	
87	58.300	-84.580	
94	58.300	-84.580	
87	58.400	-84.507	
94	58.400	-84.507	
87	58.500	-84.435	
94	58.500	-84.435	
87	58.600	-84.363	
94	58.600	-84.363	
87	58.700	-84.292	
94	58.700	-84.292	
87	58.800	-84.220	
94	58.800	-84.220	
87	58.900	-84.149	
94	58.900	-84.149	
87	59.000	-84.079	
94	59.000	-84.079	
87	59.100	-84.009	
94	59.100	-84.009	
87	59.200	-83.939	
94	59.200	-83.939	
87	59.300	-83.869	
94	59.300	-83.869	
87	59.400	-83.800	
94	59.400	-83.800	
87	59.500	-83.731	
94	59.500	-83.731	
87	59.600	-83.663	
94	59.600	-83.663	
87	59.700	-83.595	
94	59.700	-83.595	
87	59.800	-83.527	
94	59.800	-83.527	
87	59.900	-83.459	
94	59.900	-83.459	
87	60.000	-83.392	
94	60.000	-83.392	
87	60.100	-83.325	
94	60.100	-83.325	
87	60.200	-83.259	
94	60.200	-83.259	
87	60.300	-83.193	
94	60.300	-83.193	
87	60.400	-83.127	
94	60.400	-83.127	
87	60.500	-83.061	
94	60.500	-83.061	
87	60.600	-82.996	
94	60.600	-82.996	
87	60.700	-82.932	
94	60.700	-82.932	
87	60.800	-82.867	
94	60.800	-82.867	
87	60.900	-82.803	
94	60.900	-82.803	
87	61.000	-82.739	
94	61.000	-82.739	
87	61.100	-82.675	
94	61.100	-82.675	
87	61.200	-82.612	
94	61.200	-82.612	
87	61.300	-82.549	
94	61.300	-82.549	
87	61.400	-82.487	
94	61.400	-82.487	
87	61.500	-82.424	
94	61.500	-82.424	
87	61.600	-82.362	
94	61.600	-82.362	
87	61.700	-82.301	
94	61.700	-82.301	
87	61.800	-82.239	
94	61.800	-82.239	
87	61.900	-82.178	
94	61.900	-82.178	
87	62.000	-82.118	
94	62.000	-82.118	
87	62.100	-82.057	
94	62.100	-82.057	
87	62.200	-81.997	
94	62.200	-81.997	
87	62.300	-81.937	
94	62.300	-81.937	
87	62.400	-81.878	
94	62.400	-81.878	
87	62.500	-81.819	
94	62.500	-81.819	
87	62.600	-81.760	
94	62.600	-81.760	
87	62.700	-81.701	
94	62.700	-81.701	
87	62.800	-81.643	
94	62.800	-81.643	
87	62.900	-81.584	
94	62.900	-81.584	
87	63.000	-81.527	
94	63.000	-81.527	
87	63.100	-81.469	
94	63.100	-81.469	
87	63.200	-81.412	
94	63.200	-81.412	
87	63.300	-81.355	
94	63.300	-81.355	
87	63.400	-81.298	
94	63.400	-81.298	
87	63.500	-81.242	
94	63.500	-81.242	
87	63.600	-81.186	
94	63.600	-81.186	
87	63.700	-81.130	
94	63.700	-81.130	
87	63.800	-81.075	
94	63.800	-81.075	
87	63.900	-81.020	
94	63.900	-81.020	
87	64.000	-80.965	
94	64.000	-80.965	
87	64.100	-80.910	
94	64.100	-80.910	
87	64.200	-80.855	
94	64.200	-80.855	
87	64.300	-80.801	
94	64.300	-80.801	
87	64.400	-80.747	
94	64.400	-80.747	
87	64.500	-80.694	
94	64.500	-80.694	
87	64.600	-80.640	
94	64.600	-80.640	
87	64.700	-80.587	
94	64.700	-80.587	
87	64.800	-80.535	
94	64.800	-80.535	
87	64.900	-80.482	
94	64.900	-80.482	
87	65.000	-80.430	
94	65.000	-80.430	
87	65.100	-80.378	
94	65.100	-80.378	
87	65.200	-80.326	
94	65.200	-80.326	
87	65.300	-80.275	
94	65.300	-80.275	
87	65.400	-80.223	
94	65.400	-80.223	
87	65.500	-80.172	
94	65.500	-80.172	
87	65.600	-80.122	
94	65.600	-80.122	
87	65.700	-80.071	
94	65.700	-80.071	
87	65.800	-80.021	
94	65.800	-80.021	
87	65.900	-79.971	
94	65.900	-79.971	
87	66.000	-79.921	
94	66.000	-79.921	
87	66.100	-79.872	
94	66.100	-79.872	
87	66.200	-79.822	
94	66.200	-79.822	
87	66.300	-79.773	
94	66.300	-79.773	
87	66.400	-79.725	
94	66.400	-79.725	
87	66.500	-79.676	
94	66.500	-79.676	
87	66.600	-79.628	
94	66.600	-79.628	
87	66.700	-79.580	
94	66.700	-79.580	
87	66.800	-79.532	
94	66.800	-79.532	
87	66.900	-79.485	
94	66.900	-79.485	
87	67.000	-79.437	
94	67.000	-79.437	
87	67.100	-79.390	
94	67.100	-79.390	
87	67.200	-79.343	
94	67.200	-79.343	
87	67.300	-79.297	
94	67.300	-79.297	
87	67.400	-79.250	
94	67.400	-79.250	
87	67.500	-79.204	
94	67.500	-79.204	
87	67.600	-79.158	
94	67.600	-79.158	
87	67.700	-79.113	
94	67.700	-79.113	
87	67.800	-79.067	
94	67.800	-79.067	
87	67.900	-79.022	
94	67.900	-79.022	
87	68.000	-78.977	
94	68.000	-78.977	
87	68.100	-78.932	
94	68.100	-78.932	
87	68.200	-78.888	
94	68.200	-78.888	
87	68.300	-78.843	
94	68.300	-78.843	
87	68.400	-78.799	
94	68.400	-78.799	
87	68.500	-78.755	
94	68.500	-78.755	
87	68.600	-78.712	
94	68.600	-78.712	
87	68.700	-78.668	
94	68.700	-78.668	
87	68.800	-78.625	
94	68.800	-78.625	
87	68.900	-78.582	
94	68.900	-78.582	
87	69.000	-78.539	
94	69.000	-78.539	
87	69.100	-78.497	
94	69.100	-78.497	
87	69.200	-78.454	
94	69.200	-78.454	
87	69.300	-78.412	
94	69.300	-78.412	
87	69.400	-78.370	
94	69.400	-78.370	
87	69.500	-78.328	
94	69.500	-78.328	
87	69.600	-78.287	
94	69.600	-78.287	
87	69.700	-78.245	
94	69.700	-78.245	
87	69.800	-78.204	
94	69.800	-78.204	
87	69.900	-78.163	
94	69.900	-78.163	
87	70.000	-78.123	
94	70.000	-78.123	
87	70.100	-78.082	
94	70.100	-78.082	
87	70.200	-78.042	
94	70.200	-78.042	
87	70.300	-78.002	
94	70.300	-78.002	
87	70.400	-77.962	
94	70.400	-77.962	
87	70.500	-77.922	
94	70.500	-77.922	
87	70.600	-77.883	
94	70.600	-77.883	
87	70.700	-77.843	
94	70.700	-77.843	
87	70.800	-77.804	
94	70.800	-77.804	
87	70.900	-77.765	
94	70.900	-77.765	
87	71.000	-77.727	
94	71.000	-77.727	
87	71.100	-77.688	
94	71.100	-77.688	
87	71.200	-77.650	
94	71.200	-77.650	
87	71.300	-77.612	
94	71.300	-77.612	
87	71.400	-77.574	
94	71.400	-77.574	
87	71.500	-77.536	
94	71.500	-77.536	
87	71.600	-77.498	
94	71.600	-77.498	
87	71.700	-77.461	
94	71.700	-77.461	
87	71.800	-77.424	
94	71.800	-77.424	
87	71.900	-77.387	
94	71.900	-77.387	
87	72.000	-77.350	
94	72.000	-77.350	
87	72.100	-77.313	
94	72.100	-77.313	
87	72.200	-77.277	
94	72.200	-77.277	
87	72.300	-77.240	
94	72.300	-77.240	
87	72.400	-77.204	
94	72.400	-77.204	
87	72.500	-77.168	
94	72.500	-77.168	
87	72.600	-77.133	
94	72.600	-77.133	
87	72.700	-77.097	
94	72.700	-77.097	
87	72.800	-77.062	
94	72.800	-77.062	
87	72.900	-77.026	
94	72.900	-77.026	
87	73.000	-76.991	
94	73.000	-76.991	
87	73.100	-76.956	
94	73.100	-76.956	
87	73.200	-76.922	
94	73.200	-76.922	
87	73.300	-76.887	
94	73.300	-76.887	
87	73.400	-76.853	
94	73.400	-76.853	
87	73.500	-76.819	
94	73.500	-76.819	
87	73.600	-76.785	
94	73.600	-76.785	
87	73.700	-76.751	
94	73.700	-76.751	
87	73.800	-76.717	
94	73.800	-76.717	
87	73.900	-76.684	
94	73.900	-76.684	
87	74.000	-76.650	
94	74.000	-76.650	
87	74.100	-76.617	
94	74.100	-76.617	
87	74.200	-76.584	
94	74.200	-76.584	
87	74.300	-76.551	
94	74.300	-76.551	
87	74.400	-76.519	
94	74.400	-76.519	
87	74.500	-76.486	
94	74.500	-76.486	
87	74.600	-76.454	
94	74.600	-76.454	
87	74.700	-76.422	
94	74.700	-76.422	
87	74.800	-76.390	
94	74.800	-76.390	
87	74.900	-76.358	
94	74.900	-76.358	
87	75.000	-76.326	
94	75.000	-76.326	
87	75.100	-76.294	
94	75.100	-76.294	
87	75.200	-76.263	
94	75.200	-76.263	
87	75.300	-76.232	
94	75.300	-76.232	
87	75.400	-76.201	
94	75.400	-76.201	
87	75.500	-76.170	
94	75.500	-76.170	
87	75.600	-76.139	
94	75.600	-76.139	
87	75.700	-76.108	
94	75.700	-76.108	
87	75.800	-76.078	
94	75.800	-76.078	
87	75.900	-76.048	
94	75.900	-76.048	
87	76.000	-76.017	
94	76.000	-76.017	
87	76.100	-71.975	
94	76.100	-71.975	
87	76.200	-68.839	
94	76.200	-68.839	
87	76.300	-66.387	
94	76.300	-66.387	
87	76.400	-64.457	
94	76.400	-64.457	
87	76.500	-62.932	
94	76.500	-62.932	
87	76.600	-61.720	
94	76.600	-61.720	
87	76.700	-60.755	
94	76.700	-60.755	
87	76.800	-59.983	
94	76.800	-59.983	
87	76.900	-59.362	
94	76.900	-59.362	
87	77.000	-58.859	
94	77.000	-58.859	
87	77.100	-58.449	
94	77.100	-58.449	
87	77.200	-58.111	
94	77.200	-58.111	
87	77.300	-57.830	
94	77.300	-57.830	
87	77.400	-57.592	
94	77.400	-57.592	
87	77.500	-57.389	
94	77.500	-57.389	
87	77.600	-57.213	
94	77.600	-57.213	
87	77.700	-57.056	
94	77.700	-57.056	
87	77.800	-56.915	
94	77.800	-56.915	
87	77.900	-56.785	
94	77.900	-56.785	
87	78.000	-56.663	
94	78.000	-56.663	
87	78.100	-56.546	
94	78.100	-56.546	
87	78.200	-56.432	
94	78.200	-56.432	
87	78.300	-56.318	
94	78.300	-56.318	
87	78.400	-56.203	
94	78.400	-56.203	
87	78.500	-56.086	
94	78.500	-56.086	
87	78.600	-55.963	
94	78.600	-55.963	
87	78.700	-55.835	
94	78.700	-55.835	
87	78.800	-55.698	
94	78.800	-55.698	
87	78.900	-55.551	
94	78.900	-55.551	
87	79.000	-55.391	
94	79.000	-55.391	
87	79.100	-55.216	
94	79.100	-55.216	
87	79.200	-55.022	
94	79.200	-55.022	
87	79.300	-54.806	
94	79.300	-54.806	
87	79.400	-54.560	
94	79.400	-54.560	
87	79.500	-54.279	
94	79.500	-54.279	
87	79.600	-53.951	
94	79.600	-53.951	
87	79.700	-53.560	
94	79.700	-53.560	
87	79.800	-53.083	
94	79.800	-53.083	
87	79.900	-52.480	
94	79.900	-52.480	
87	80.000	-51.682	
94	80.000	-51.682	
87	80.100	-50.550	
94	80.100	-50.550	
87	80.200	-48.750	
94	80.200	-48.750	
87	80.300	-45.215	
94	80.300	-45.215	
87	80.400	-33.679	
94	80.400	-33.679	
87	80.500	32.092	
94	80.500	32.092	
87	80.600	47.350	
94	80.600	47.350	
87	80.700	39.554	
94	80.700	39.554	
87	80.800	24.948	
94	80.800	24.948	
87	80.900	6.671	
94	80.900	6.671	
87	81.000	-11.410	
94	81.000	-11.410	
87	81.100	-27.350	
94	81.100	-27.350	
87	81.200	-43.045	
94	81.200	-43.045	
87	81.300	-62.144	
94	81.300	-62.144	
87	81.400	-75.107	
94	81.400	-75.107	
87	81.500	-80.766	
94	81.500	-80.766	
87	81.600	-83.280	
94	81.600	-83.280	
87	81.700	-84.506	
94	81.700	-84.506	
87	81.800	-85.142	
94	81.800	-85.142	
87	81.900	-85.477	
94	81.900	-85.477	
87	82.000	-85.648	
94	82.000	-85.648	
87	82.100	-85.724	
94	82.100	-85.724	
87	82.200	-85.742	
94	82.200	-85.742	
87	82.300	-85.725	
94	82.300	-85.725	
87	82.400	-85.686	
94	82.400	-85.686	
87	82.500	-85.633	
94	82.500	-85.633	
87	82.600	-85.571	
94	82.600	-85.571	
87	82.700	-85.504	
94	82.700	-85.504	
87	82.800	-85.434	
94	82.800	-85.434	
87	82.900	-85.361	
94	82.900	-85.361	
87	83.000	-85.287	
94	83.000	-85.287	
87	83.100	-85.213	
94	83.100	-85.213	
87	83.200	-85.138	
94	83.200	-85.138	
87	83.300	-85.064	
94	83.300	-85.064	
87	83.400	-84.989	
94	83.400	-84.989	
87	83.500	-84.914	
94	83.500	-84.914	
87	83.600	-84.840	
94	83.600	-84.840	
87	83.700	-84.766	
94	83.700	-84.766	
87	83.800	-84.693	
94	83.800	-84.693	
87	83.900	-84.620	
94	83.900	-84.620	
87	84.000	-84.547	
94	84.000	-84.547	
87	84.100	-84.474	
94	84.100	-84.474	
87	84.200	-84.402	
94	84.200	-84.402	
87	84.300	-84.330	
94	84.300	-84.330	
87	84.400	-84.259	
94	84.400	-84.259	
87	84.500	-84.188	
94	84.500	-84.188	
87	84.600	-84.117	
94	84.600	-84.117	
87	84.700	-84.047	
94	84.700	-84.047	
87	84.800	-83.976	
94	84.800	-83.976	
87	84.900	-83.907	
94	84.900	-83.907	
87	85.000	-83.837	
94	85.000	-83.837	
87	85.100	-83.768	
94	85.100	-83.768	
87	85.200	-83.700	
94	85.200	-83.700	
87	85.300	-83.631	
94	85.300	-83.631	
87	85.400	-83.563	
94	85.400	-83.563	
87	85.500	-83.496	
94	85.500	-83.496	
87	85.600	-83.428	
94	85.600	-83.428	
87	85.700	-83.361	
94	85.700	-83.361	
87	85.800	-83.295	
94	85.800	-83.295	
87	85.900	-83.229	
94	85.900	-83.229	
87	86.000	-83.163	
94	86.000	-83.163	
87	86.100	-83.097	
94	86.100	-83.097	
87	86.200	-83.032	
94	86.200	-83.032	
87	86.300	-82.967	
94	86.300	-82.967	
87	86.400	-82.902	
94	86.400	-82.902	
87	86.500	-82.838	
94	86.500	-82.838	
87	86.600	-82.774	
94	86.600	-82.774	
87	86.700	-82.710	
94	86.700	-82.710	
87	86.800	-82.646	
94	86.800	-82.646	
87	86.900	-82.583	
94	86.900	-82.583	
87	87.000	-82.521	
94	87.000	-82.521	
87	87.100	-82.458	
94	87.100	-82.458	
87	87.200	-82.396	
94	87.200	-82.396	
87	87.300	-82.334	
94	87.300	-82.334	
87	87.400	-82.273	
94	87.400	-82.273	
87	87.500	-82.211	
94	87.500	-82.211	
87	87.600	-82.151	
94	87.600	-82.151	
87	87.700	-82.090	
94	87.700	-82.090	
87	87.800	-82.030	
94	87.800	-82.030	
87	87.900	-81.970	
94	87.900	-81.970	
87	88.000	-81.910	
94	88.000	-81.910	
87	88.100	-81.851	
94	88.100	-81.851	
87	88.200	-81.791	
94	88.200	-81.791	
87	88.300	-81.733	
94	88.300	-81.733	
87	88.400	-81.674	
94	88.400	-81.674	
87	88.500	-81.616	
94	88.500	-81.616	
87	88.600	-81.558	
94	88.600	-81.558	
87	88.700	-81.500	
94	88.700	-81.500	
87	88.800	-81.443	
94	88.800	-81.443	
87	88.900	-81.386	
94	88.900	-81.386	
87	89.000	-81.329	
94	89.000	-81.329	
87	89.100	-81.273	
94	89.100	-81.273	
87	89.200	-81.216	
94	89.200	-81.216	
87	89.300	-81.160	
94	89.300	-81.160	
87	89.400	-81.105	
94	89.400	-81.105	
87	89.500	-81.049	
94	89.500	-81.049	
87	89.600	-80.994	
94	89.600	-80.994	
87	89.700	-80.939	
94	89.700	-80.939	
87	89.800	-80.885	
94	89.800	-80.885	
87	89.900	-80.831	
94	89.900	-80.831	
87	90.000	-80.777	
94	90.000	-80.777	
87	90.100	-80.723	
94	90.100	-80.723	
87	90.200	-80.669	
94	90.200	-80.669	
87	90.300	-80.616	
94	90.300	-80.616	
87	90.400	-80.563	
94	90.400	-80.563	
87	90.500	-80.511	
94	90.500	-80.511	
87	90.600	-80.458	
94	90.600	-80.458	
87	90.700	-80.406	
94	90.700	-80.406	
87	90.800	-80.354	
94	90.800	-80.354	
87	90.900	-80.302	
94	90.900	-80.302	
87	91.000	-80.251	
94	91.000	-80.251	
87	91.100	-80.200	
94	91.100	-80.200	
87	91.200	-80.149	
94	91.200	-80.149	
87	91.300	-80.098	
94	91.300	-80.098	
87	91.400	-80.048	
94	91.400	-80.048	
87	91.500	-79.998	
94	91.500	-79.998	
87	91.600	-79.948	
94	91.600	-79.948	
87	91.700	-79.898	
94	91.700	-79.898	
87	91.800	-79.849	
94	91.800	-79.849	
87	91.900	-79.800	
94	91.900	-79.800	
87	92.000	-79.751	
94	92.000	-79.751	
87	92.100	-79.702	
94	92.100	-79.702	
87	92.200	-79.654	
94	92.200	-79.654	
87	92.300	-79.606	
94	92.300	-79.606	
87	92.400	-79.558	
94	92.400	-79.558	
87	92.500	-79.510	
94	92.500	-79.510	
87	92.600	-79.463	
94	92.600	-79.463	
87	92.700	-79.416	
94	92.700	-79.416	
87	92.800	-79.369	
94	92.800	-79.369	
87	92.900	-79.322	
94	92.900	-79.322	
87	93.000	-79.275	
94	93.000	-79.275	
87	93.100	-79.229	
94	93.100	-79.229	
87	93.200	-79.183	
94	93.200	-79.183	
87	93.300	-79.137	
94	93.300	-79.137	
87	93.400	-79.092	
94	93.400	-79.092	
87	93.500	-79.046	
94	93.500	-79.046	
87	93.600	-79.001	
94	93.600	-79.001	
87	93.700	-78.956	
94	93.700	-78.956	
87	93.800	-78.912	
94	93.800	-78.912	
87	93.900	-78.867	
94	93.900	-78.867	
87	94.000	-78.823	
94	94.000	-78.823	
87	94.100	-78.779	
94	94.100	-78.779	
87	94.200	-78.735	
94	94.200	-78.735	
87	94.300	-78.692	
94	94.300	-78.692	
87	94.400	-78.648	
94	94.400	-78.648	
87	94.500	-78.605	
94	94.500	-78.605	
87	94.600	-78.562	
94	94.600	-78.562	
87	94.700	-78.520	
94	94.700	-78.520	
87	94.800	-78.477	
94	94.800	-78.477	
87	94.900	-78.435	
94	94.900	-78.435	
87	95.000	-78.393	
94	95.000	-78.393	
87	95.100	-78.351	
94	95.100	-78.351	
87	95.200	-78.309	
94	95.200	-78.309	
87	95.300	-78.268	
94	95.300	-78.268	
87	95.400	-78.227	
94	95.400	-78.227	
87	95.500	-78.186	
94	95.500	-78.186	
87	95.600	-78.145	
94	95.600	-78.145	
87	95.700	-78.104	
94	95.700	-78.104	
87	95.800	-78.064	
94	95.800	-78.064	
87	95.900	-78.024	
94	95.900	-78.024	
87	96.000	-77.983	
94	96.000	-77.983	
87	96.100	-77.944	
94	96.100	-77.944	
87	96.200	-77.904	
94	96.200	-77.904	
87	96.300	-77.865	
94	96.300	-77.865	
87	96.400	-77.825	
94	96.400	-77.825	
87	96.500	-77.786	
94	96.500	-77.786	
87	96.600	-77.748	
94	96.600	-77.748	
87	96.700	-77.709	
94	96.700	-77.709	
87	96.800	-77.670	
94	96.800	-77.670	
87	96.900	-77.632	
94	96.900	-77.632	
87	97.000	-77.594	
94	97.000	-77.594	
87	97.100	-77.556	
94	97.100	-77.556	
87	97.200	-77.519	
94	97.200	-77.519	
87	97.300	-77.481	
94	97.300	-77.481	
87	97.400	-77.444	
94	97.400	-77.444	
87	97.500	-77.407	
94	97.500	-77.407	
87	97.600	-77.370	
94	97.600	-77.370	
87	97.700	-77.333	
94	97.700	-77.333	
87	97.800	-77.296	
94	97.800	-77.296	
87	97.900	-77.260	
94	97.900	-77.260	
87	98.000	-77.224	
94	98.000	-77.224	
87	98.100	-77.188	
94	98.100	-77.188	
87	98.200	-77.152	
94	98.200	-77.152	
87	98.300	-77.116	
94	98.300	-77.116	
87	98.400	-77.081	
94	98.400	-77.081	
87	98.500	-77.045	
94	98.500	-77.045	
87	98.600	-77.010	
94	98.600	-77.010	
87	98.700	-76.975	
94	98.700	-76.975	
87	98.800	-76.941	
94	98.800	-76.941	
87	98.900	-76.906	
94	98.900	-76.906	
87	99.000	-76.871	
94	99.000	-76.871	
87	99.100	-76.837	
94	99.100	-76.837	
87	99.200	-76.803	
94	99.200	-76.803	
87	99.300	-76.769	
94	99.300	-76.769	
87	99.400	-76.735	
94	99.400	-76.735	
87	99.500	-76.702	
94	99.500	-76.702	
87	99.600	-76.668	
94	99.600	-76.668	
87	99.700	-76.635	
94	99.700	-76.635	
87	99.800	-76.602	
94	99.800	-76.602	
87	99.900	-76.569	
94	99.900	-76.569	
87	100.000	-76.536	
94	100.000	-76.536	
87	100.100	-76.504	
94	100.100	-76.504	
87	100.200	-76.471	
94	100.200	-76.471	
87	100.300	-76.439	
94	100.300	-76.439	
87	100.400	-76.407	
94	100.400	-76.407	
87	100.500	-76.375	
94	100.500	-76.375	
87	100.600	-76.343	
94	100.600	-76.343	
87	100.700	-76.311	
94	100.700	-76.311	
87	100.800	-76.280	
94	100.800	-76.280	
87	100.900	-76.249	
94	100.900	-76.249	
87	101.000	-76.218	
94	101.000	-76.218	
87	101.100	-72.164	
94	101.100	-72.164	
87	101.200	-69.019	
94	101.200	-69.019	
87	101.300	-66.559	
94	101.300	-66.559	
87	101.400	-64.624	
94	101.400	-64.624	
87	101.500	-63.093	
94	101.500	-63.093	
87	101.600	-61.878	
94	101.600	-61.878	
87	101.700	-60.910	
94	101.700	-60.910	
87	101.800	-60.136	
94	101.800	-60.136	
87	101.900	-59.514	
94	101.900	-59.514	
87	102.000	-59.011	
94	102.000	-59.011	
87	102.100	-58.602	
94	102.100	-58.602	
87	102.200	-58.266	
94	102.200	-58.266	
87	102.300	-57.988	
94	102.300	-57.988	
87	102.400	-57.754	
94	102.400	-57.754	
87	102.500	-57.556	
94	102.500	-57.556	
87	102.600	-57.385	
94	102.600	-57.385	
87	102.700	-57.236	
94	102.700	-57.236	
87	102.800	-57.103	
94	102.800	-57.103	
87	102.900	-56.982	
94	102.900	-56.982	
87	103.000	-56.870	
94	103.000	-56.870	
87	103.100	-56.765	
94	103.100	-56.765	
87	103.200	-56.663	
94	103.200	-56.663	
87	103.300	-56.565	
94	103.300	-56.565	
87	103.400	-56.466	
94	103.400	-56.466	
87	103.500	-56.367	
94	103.500	-56.367	
87	103.600	-56.266	
94	103.600	-56.266	
87	103.700	-56.161	
94	103.700	-56.161	
87	103.800	-56.051	
94	103.800	-56.051	
87	103.900	-55.936	
94	103.900	-55.936	
87	104.000	-55.813	
94	104.000	-55.813	
87	104.100	-55.680	
94	104.100	-55.680	
87	104.200	-55.537	
94	104.200	-55.537	
87	104.300	-55.381	
94	104.300	-55.381	
87	104.400	-55.208	
94	104.400	-55.208	
87	104.500	-55.017	
94	104.500	-55.017	
87	104.600	-54.803	
94	104.600	-54.803	
87	104.700	-54.560	
94	104.700	-54.560	
87	104.800	-54.281	
94	104.800	-54.281	
87	104.900	-53.955	
94	104.900	-53.955	
87	105.000	-53.568	
94	105.000	-53.568	
87	105.100	-53.094	
94	105.100	-53.094	
87	105.200	-52.497	
94	105.200	-52.497	
87	105.300	-51.707	
94	105.300	-51.707	
87	105.400	-50.589	
94	105.400	-50.589	
87	105.500	-48.819	
94	105.500	-48.819	
87	105.600	-45.372	
94	105.600	-45.372	
87	105.700	-34.400	
94	105.700	-34.400	
87	105.800	29.846	
94	105.800	29.846	
87	105.900	47.440	
94	105.900	47.440	
87	106.000	39.844	
94	106.000	39.844	
87	106.100	25.391	
94	106.100	25.391	
87	106.200	7.164	
94	106.200	7.164	
87	106.300	-10.952	
94	106.300	-10.952	
87	106.400	-26.951	
94	106.400	-26.951	
87	106.500	-42.568	
94	106.500	-42.568	
87	106.600	-61.670	
94	106.600	-61.670	
87	106.700	-74.885	
94	106.700	-74.885	
87	106.800	-80.674	
94	106.800	-80.674	
87	106.900	-83.239	
94	106.900	-83.239	
87	107.000	-84.487	
94	107.000	-84.487	
87	107.100	-85.134	
94	107.100	-85.134	
87	107.200	-85.475	
94	107.200	-85.475	
87	107.300	-85.649	
94	107.300	-85.649	
87	107.400	-85.726	
94	107.400	-85.726	
87	107.500	-85.746	
94	107.500	-85.746	
87	107.600	-85.729	
94	107.600	-85.729	
87	107.700	-85.691	
94	107.700	-85.691	
87	107.800	-85.638	
94	107.800	-85.638	
87	107.900	-85.576	
94	107.900	-85.576	
87	108.000	-85.509	
94	108.000	-85.509	
87	108.100	-85.439	
94	108.100	-85.439	
87	108.200	-85.366	
94	108.200	-85.366	
87	108.300	-85.293	
94	108.300	-85.293	
87	108.400	-85.218	
94	108.400	-85.218	
87	108.500	-85.144	
94	108.500	-85.144	
87	108.600	-85.069	
94	108.600	-85.069	
87	108.700	-84.994	
94	108.700	-84.994	
87	108.800	-84.920	
94	108.800	-84.920	
87	108.900	-84.846	
94	108.900	-84.846	
87	109.000	-84.772	
94	109.000	-84.772	
87	109.100	-84.698	
94	109.100	-84.698	
87	109.200	-84.625	
94	109.200	-84.625	
87	109.300	-84.552	
94	109.300	-84.552	
87	109.400	-84.479	
94	109.400	-84.479	
87	109.500	-84.407	
94	109.500	-84.407	
87	109.600	-84.335	
94	109.600	-84.335	
87	109.700	-84.264	
94	109.700	-84.264	
87	109.800	-84.193	
94	109.800	-84.193	
87	109.900	-84.122	
94	109.900	-84.122	
87	110.000	-84.052	
94	110.000	-84.052	
87	110.100	-83.981	
94	110.100	-83.981	
87	110.200	-83.912	
94	110.200	-83.912	
87	110.300	-83.842	
94	110.300	-83.842	
87	110.400	-83.773	
94	110.400	-83.773	
87	110.500	-83.705	
94	110.500	-83.705	
87	110.600	-83.636	
94	110.600	-83.636	
87	110.700	-83.568	
94	110.700	-83.568	
87	110.800	-83.501	
94	110.800	-83.501	
87	110.900	-83.433	
94	110.900	-83.433	
87	111.000	-83.366	
94	111.000	-83.366	
87	111.100	-83.300	
94	111.100	-83.300	
87	111.200	-83.233	
94	111.200	-83.233	
87	111.300	-83.167	
94	111.300	-83.167	
87	111.400	-83.102	
94	111.400	-83.102	
87	111.500	-83.036	
94	111.500	-83.036	
87	111.600	-82.971	
94	111.600	-82.971	
87	111.700	-82.907	
94	111.700	-82.907	
87	111.800	-82.842	
94	111.800	-82.842	
87	111.900	-82.778	
94	111.900	-82.778	
87	112.000	-82.714	
94	112.000	-82.714	
87	112.100	-82.651	
94	112.100	-82.651	
87	112.200	-82.588	
94	112.200	-82.588	
87	112.300	-82.525	
94	112.300	-82.525	
87	112.400	-82.463	
94	112.400	-82.463	
87	112.500	-82.400	
94	112.500	-82.400	
87	112.600	-82.339	
94	112.600	-82.339	
87	112.700	-82.277	
94	112.700	-82.277	
87	112.800	-82.216	
94	112.800	-82.216	
87	112.900	-82.155	
94	112.900	-82.155	
87	113.000	-82.094	
94	113.000	-82.094	
87	113.100	-82.034	
94	113.100	-82.034	
87	113.200	-81.974	
94	113.200	-81.974	
87	113.300	-81.914	
94	113.300	-81.914	
87	113.400	-81.855	
94	113.400	-81.855	
87	113.500	-81.796	
94	113.500	-81.796	
87	113.600	-81.737	
94	113.600	-81.737	
87	113.700	-81.678	
94	113.700	-81.678	
87	113.800	-81.620	
94	113.800	-81.620	
87	113.900	-81.562	
94	113.900	-81.562	
87	114.000	-81.504	
94	114.000	-81.504	
87	114.100	-81.447	
94	114.100	-81.447	
87	114.200	-81.390	
94	114.200	-81.390	
87	114.300	-81.333	
94	114.300	-81.333	
87	114.400	-81.277	
94	114.400	-81.277	
87	114.500	-81.220	
94	114.500	-81.220	
87	114.600	-81.164	
94	114.600	-81.164	
87	114.700	-81.109	
94	114.700	-81.109	
87	114.800	-81.053	
94	114.800	-81.053	
87	114.900	-80.998	
94	114.900	-80.998	
87	115.000	-80.943	
94	115.000	-80.943	
87	115.100	-80.889	
94	115.100	-80.889	
87	115.200	-80.834	
94	115.200	-80.834	
87	115.300	-80.780	
94	115.300	-80.780	
87	115.400	-80.727	
94	115.400	-80.727	
87	115.500	-80.673	
94	115.500	-80.673	
87	115.600	-80.620	
94	115.600	-80.620	
87	115.700	-80.567	
94	115.700	-80.567	
87	115.800	-80.514	
94	115.800	-80.514	
87	115.900	-80.462	
94	115.900	-80.462	
87	116.000	-80.410	
94	116.000	-80.410	
87	116.100	-80.358	
94	116.100	-80.358	
87	116.200	-80.306	
94	116.200	-80.306	
87	116.300	-80.255	
94	116.300	-80.255	
87	116.400	-80.204	
94	116.400	-80.204	
87	116.500	-80.153	
94	116.500	-80.153	
87	116.600	-80.102	
94	116.600	-80.102	
87	116.700	-80.052	
94	116.700	-80.052	
87	116.800	-80.001	
94	116.800	-80.001	
87	116.900	-79.952	
94	116.900	-79.952	
87	117.000	-79.902	
94	117.000	-79.902	
87	117.100	-79.853	
94	117.100	-79.853	
87	117.200	-79.803	
94	117.200	-79.803	
87	117.300	-79.755	
94	117.300	-79.755	
87	117.400	-79.706	
94	117.400	-79.706	
87	117.500	-79.657	
94	117.500	-79.657	
87	117.600	-79.609	
94	117.600	-79.609	
87	117.700	-79.561	
94	117.700	-79.561	
87	117.800	-79.514	
94	117.800	-79.514	
87	117.900	-79.466	
94	117.900	-79.466	
87	118.000	-79.419	
94	118.000	-79.419	
87	118.100	-79.372	
94	118.100	-79.372	
87	118.200	-79.325	
94	118.200	-79.325	
87	118.300	-79.279	
94	118.300	-79.279	
87	118.400	-79.233	
94	118.400	-79.233	
87	118.500	-79.186	
94	118.500	-79.186	
87	118.600	-79.141	
94	118.600	-79.141	
87	118.700	-79.095	
94	118.700	-79.095	
87	118.800	-79.050	
94	118.800	-79.050	
87	118.900	-79.005	
94	118.900	-79.005	
87	119.000	-78.960	
94	119.000	-78.960	
87	119.100	-78.915	
94	119.100	-78.915	
87	119.200	-78.871	
94	119.200	-78.871	
87	119.300	-78.826	
94	119.300	-78.826	
87	119.400	-78.782	
94	119.400	-78.782	
87	119.500	-78.738	
94	119.500	-78.738	
87	119.600	-78.695	
94	119.600	-78.695	
87	119.700	-78.651	
94	119.700	-78.651	
87	119.800	-78.608	
94	119.800	-78.608	
87	119.900	-78.565	
94	119.900	-78.565	
87	120.000	-78.523	
94	120.000	-78.523	
87	120.100	-78.480	
94	120.100	-78.480	
87	120.200	-78.438	
94	120.200	-78.438	
87	120.300	-78.396	
94	120.300	-78.396	
87	120.400	-78.354	
94	120.400	-78.354	
87	120.500	-78.312	
94	120.500	-78.312	
87	120.600	-78.271	
94	120.600	-78.271	
87	120.700	-78.230	
94	120.700	-78.230	
87	120.800	-78.189	
94	120.800	-78.189	
87	120.900	-78.148	
94	120.900	-78.148	
87	121.000	-78.107	
94	121.000	-78.107	
87	121.100	-78.067	
94	121.100	-78.067	
87	121.200	-78.026	
94	121.200	-78.026	
87	121.300	-77.986	
94	121.300	-77.986	
87	121.400	-77.946	
94	121.400	-77.946	
87	121.500	-77.907	
94	121.500	-77.907	
87	121.600	-77.867	
94	121.600	-77.867	
87	121.700	-77.828	
94	121.700	-77.828	
87	121.800	-77.789	
94	121.800	-77.789	
87	121.900	-77.750	
94	121.900	-77.750	
87	122.000	-77.712	
94	122.000	-77.712	
87	122.100	-77.673	
94	122.100	-77.673	
87	122.200	-77.635	
94	122.200	-77.635	
87	122.300	-77.597	
94	122.300	-77.597	
87	122.400	-77.559	
94	122.400	-77.559	
87	122.500	-77.521	
94	122.500	-77.521	
87	122.600	-77.484	
94	122.600	-77.484	
87	122.700	-77.446	
94	122.700	-77.446	
87	122.800	-77.409	
94	122.800	-77.409	
87	122.900	-77.372	
94	122.900	-77.372	
87	123.000	-77.336	
94	123.000	-77.336	
87	123.100	-77.299	
94	123.100	-77.299	
87	123.200	-77.263	
94	123.200	-77.263	
87	123.300	-77.226	
94	123.300	-77.226	
87	123.400	-77.190	
94	123.400	-77.190	
87	123.500	-77.154	
94	123.500	-77.154	
87	123.600	-77.119	
94	123.600	-77.119	
87	123.700	-77.083	
94	123.700	-77.083	
87	123.800	-77.048	
94	123.800	-77.048	
87	123.900	-77.013	
94	123.900	-77.013	
87	124.000	-76.978	
94	124.000	-76.978	
87	124.100	-76.943	
94	124.100	-76.943	
87	124.200	-76.908	
94	124.200	-76.908	
87	124.300	-76.874	
94	124.300	-76.874	
87	124.400	-76.840	
94	124.400	-76.840	
87	124.500	-76.805	
94	124.500	-76.805	
87	124.600	-76.772	
94	124.600	-76.772	
87	124.700	-76.738	
94	124.700	-76.738	
87	124.800	-76.704	
94	124.800	-76.704	
87	124.900	-76.671	
94	124.900	-76.671	
87	125.000	-76.637	
94	125.000	-76.637	
87	125.100	-76.604	
94	125.100	-76.604	
87	125.200	-76.571	
94	125.200	-76.571	
87	125.300	-76.539	
94	125.300	-76.539	
87	125.400	-76.506	
94	125.400	-76.506	
87	125.500	-76.474	
94	125.500	-76.474	
87	125.600	-76.441	
94	125.600	-76.441	
87	125.700	-76.409	
94	125.700	-76.409	
87	125.800	-76.377	
94	125.800	-76.377	
87	125.900	-76.345	
94	125.900	-76.345	
87	126.000	-76.314	
94	126.000	-76.314	
87	126.100	-72.254	
94	126.100	-72.254	
87	126.200	-69.105	
94	126.200	-69.105	
87	126.300	-66.642	
94	126.300	-66.642	
87	126.400	-64.704	
94	126.400	-64.704	
87	126.500	-63.171	
94	126.500	-63.171	
87	126.600	-61.954	
94	126.600	-61.954	
87	126.700	-60.985	
94	126.700	-60.985	
87	126.800	-60.210	
94	126.800	-60.210	
87	126.900	-59.587	
94	126.900	-59.587	
87	127.000	-59.084	
94	127.000	-59.084	
87	127.100	-58.675	
94	127.100	-58.675	
87	127.200	-58.340	
94	127.200	-58.340	
87	127.300	-58.063	
94	127.300	-58.063	
87	127.400	-57.832	
94	127.400	-57.832	
87	127.500	-57.636	
94	127.500	-57.636	
87	127.600	-57.467	
94	127.600	-57.467	
87	127.700	-57.321	
94	127.700	-57.321	
87	127.800	-57.191	
94	127.800	-57.191	
87	127.900	-57.074	
94	127.900	-57.074	
87	128.000	-56.967	
94	128.000	-56.967	
87	128.100	-56.867	
94	128.100	-56.867	
87	128.200	-56.771	
94	128.200	-56.771	
87	128.300	-56.678	
94	128.300	-56.678	
87	128.400	-56.587	
94	128.400	-56.587	
87	128.500	-56.496	
94	128.500	-56.496	
87	128.600	-56.403	
94	128.600	-56.403	
87	128.700	-56.308	
94	128.700	-56.308	
87	128.800	-56.209	
94	128.800	-56.209	
87	128.900	-56.106	
94	128.900	-56.106	
87	129.000	-55.997	
94	129.000	-55.997	
87	129.100	-55.881	
94	129.100	-55.881	
87	129.200	-55.756	
94	129.200	-55.756	
87	129.300	-55.621	
94	129.300	-55.621	
87	129.400	-55.475	
94	129.400	-55.475	
87	129.500	-55.314	
94	129.500	-55.314	
87	129.600	-55.136	
94	129.600	-55.136	
87	129.700	-54.938	
94	129.700	-54.938	
87	129.800	-54.715	
94	129.800	-54.715	
87	129.900	-54.460	
94	129.900	-54.460	
87	130.000	-54.166	
94	130.000	-54.166	
87	130.100	-53.820	
94	130.100	-53.820	
87	130.200	-53.404	
94	130.200	-53.404	
87	130.300	-52.892	
94	130.300	-52.892	
87	130.400	-52.235	
94	130.400	-52.235	
87	130.500	-51.347	
94	130.500	-51.347	
87	130.600	-50.047	
94	130.600	-50.047	
87	130.700	-47.863	
94	130.700	-47.863	
87	130.800	-43.039	
94	130.800	-43.039	
87	130.900	-21.380	
94	130.900	-21.380	
87	131.000	45.606	
94	131.000	45.606	
87	131.100	45.531	
94	131.100	45.531	
87	131.200	35.238	
94	131.200	35.238	
87	131.300	18.928	
94	131.300	18.928	
87	131.400	0.361	
94	131.400	0.361	
87	131.500	-17.097	
94	131.500	-17.097	
87	131.600	-32.365	
94	131.600	-32.365	
87	131.700	-49.401	
94	131.700	-49.401	
87	131.800	-67.641	
94	131.800	-67.641	
87	131.900	-77.599	
94	131.900	-77.599	
87	132.000	-81.849	
94	132.000	-81.849	
87	132.100	-83.800	
94	132.100	-83.800	
87	132.200	-84.775	
94	132.200	-84.775	
87	132.300	-85.287	
94	132.300	-85.287	
87	132.400	-85.555	
94	132.400	-85.555	
87	132.500	-85.688	
94	132.500	-85.688	
87	132.600	-85.741	
94	132.600	-85.741	
87	132.700	-85.745	
94	132.700	-85.745	
87	132.800	-85.719	
94	132.800	-85.719	
87	132.900	-85.674	
94	132.900	-85.674	
87	133.000	-85.618	
94	133.000	-85.618	
87	133.100	-85.554	
94	133.100	-85.554	
87	133.200	-85.486	
94	133.200	-85.486	
87	133.300	-85.414	
94	133.300	-85.414	
87	133.400	-85.341	
94	133.400	-85.341	
87	133.500	-85.267	
94	133.500	-85.267	
87	133.600	-85.193	
94	133.600	-85.193	
87	133.700	-85.118	
94	133.700	-85.118	
87	133.800	-85.043	
94	133.800	-85.043	
87	133.900	-84.969	
94	133.900	-84.969	
87	134.000	-84.894	
94	134.000	-84.894	
87	134.100	-84.820	
94	134.100	-84.820	
87	134.200	-84.746	
94	134.200	-84.746	
87	134.300	-84.673	
94	134.300	-84.673	
87	134.400	-84.600	
94	134.400	-84.600	
87	134.500	-84.527	
94	134.500	-84.527	
87	134.600	-84.455	
94	134.600	-84.455	
87	134.700	-84.383	
94	134.700	-84.383	
87	134.800	-84.311	
94	134.800	-84.311	
87	134.900	-84.239	
94	134.900	-84.239	
87	135.000	-84.168	
94	135.000	-84.168	
87	135.100	-84.098	
94	135.100	-84.098	
87	135.200	-84.028	
94	135.200	-84.028	
87	135.300	-83.958	
94	135.300	-83.958	
87	135.400	-83.888	
94	135.400	-83.888	
87	135.500	-83.819	
94	135.500	-83.819	
87	135.600	-83.750	
94	135.600	-83.750	
87	135.700	-83.681	
94	135.700	-83.681	
87	135.800	-83.613	
94	135.800	-83.613	
87	135.900	-83.545	
94	135.900	-83.545	
87	136.000	-83.477	
94	136.000	-83.477	
87	136.100	-83.410	
94	136.100	-83.410	
87	136.200	-83.343	
94	136.200	-83.343	
87	136.300	-83.277	
94	136.300	-83.277	
87	136.400	-83.211	
94	136.400	-83.211	
87	136.500	-83.145	
94	136.500	-83.145	
87	136.600	-83.079	
94	136.600	-83.079	
87	136.700	-83.014	
94	136.700	-83.014	
87	136.800	-82.949	
94	136.800	-82.949	
87	136.900	-82.884	
94	136.900	-82.884	
87	137.000	-82.820	
94	137.000	-82.820	
87	137.100	-82.756	
94	137.100	-82.756	
87	137.200	-82.693	
94	137.200	-82.693	
87	137.300	-82.629	
94	137.300	-82.629	
87	137.400	-82.566	
94	137.400	-82.566	
87	137.500	-82.504	
94	137.500	-82.504	
87	137.600	-82.441	
94	137.600	-82.441	
87	137.700	-82.379	
94	137.700	-82.379	
87	137.800	-82.317	
94	137.800	-82.317	
87	137.900	-82.256	
94	137.900	-82.256	
87	138.000	-82.195	
94	138.000	-82.195	
87	138.100	-82.134	
94	138.100	-82.134	
87	138.200	-82.074	
94	138.200	-82.074	
87	138.300	-82.013	
94	138.300	-82.013	
87	138.400	-81.953	
94	138.400	-81.953	
87	138.500	-81.894	
94	138.500	-81.894	
87	138.600	-81.835	
94	138.600	-81.835	
87	138.700	-81.775	
94	138.700	-81.775	
87	138.800	-81.717	
94	138.800	-81.717	
87	138.900	-81.658	
94	138.900	-81.658	
87	139.000	-81.600	
94	139.000	-81.600	
87	139.100	-81.542	
94	139.100	-81.542	
87	139.200	-81.485	
94	139.200	-81.485	
87	139.300	-81.427	
94	139.300	-81.427	
87	139.400	-81.370	
94	139.400	-81.370	
87	139.500	-81.314	
94	139.500	-81.314	
87	139.600	-81.257	
94	139.600	-81.257	
87	139.700	-81.201	
94	139.700	-81.201	
87	139.800	-81.145	
94	139.800	-81.145	
87	139.900	-81.090	
94	139.900	-81.090	
87	140.000	-81.034	
94	140.000	-81.034	
87	140.100	-80.979	
94	140.100	-80.979	
87	140.200	-80.925	
94	140.200	-80.925	
87	140.300	-80.870	
94	140.300	-80.870	
87	140.400	-80.816	
94	140.400	-80.816	
87	140.500	-80.762	
94	140.500	-80.762	
87	140.600	-80.708	
94	140.600	-80.708	
87	140.700	-80.655	
94	140.700	-80.655	
87	140.800	-80.602	
94	140.800	-80.602	
87	140.900	-80.549	
94	140.900	-80.549	
87	141.000	-80.496	
94	141.000	-80.496	
87	141.100	-80.444	
94	141.100	-80.444	
87	141.200	-80.392	
94	141.200	-80.392	
87	141.300	-80.340	
94	141.300	-80.340	
87	141.400	-80.288	
94	141.400	-80.288	
87	141.500	-80.237	
94	141.500	-80.237	
87	141.600	-80.186	
94	141.600	-80.186	
87	141.700	-80.135	
94	141.700	-80.135	
87	141.800	-80.085	
94	141.800	-80.085	
87	141.900	-80.034	
94	141.900	-80.034	
87	142.000	-79.984	
94	142.000	-79.984	
87	142.100	-79.935	
94	142.100	-79.935	
87	142.200	-79.885	
94	142.200	-79.885	
87	142.300	-79.836	
94	142.300	-79.836	
87	142.400	-79.787	
94	142.400	-79.787	
87	142.500	-79.738	
94	142.500	-79.738	
87	142.600	-79.689	
94	142.600	-79.689	
87	142.700	-79.641	
94	142.700	-79.641	
87	142.800	-79.593	
94	142.800	-79.593	
87	142.900	-79.545	
94	142.900	-79.545	
87	143.000	-79.497	
94	143.000	-79.497	
87	143.100	-79.450	
94	143.100	-79.450	
87	143.200	-79.403	
94	143.200	-79.403	
87	143.300	-79.356	
94	143.300	-79.356	
87	143.400	-79.309	
94	143.400	-79.309	
87	143.500	-79.263	
94	143.500	-79.263	
87	143.600	-79.217	
94	143.600	-79.217	
87	143.700	-79.171	
94	143.700	-79.171	
87	143.800	-79.125	
94	143.800	-79.125	
87	143.900	-79.080	
94	143.900	-79.080	
87	144.000	-79.034	
94	144.000	-79.034	
87	144.100	-78.989	
94	144.100	-78.989	
87	144.200	-78.944	
94	144.200	-78.944	
87	144.300	-78.900	
94	144.300	-78.900	
87	144.400	-78.855	
94	144.400	-78.855	
87	144.500	-78.811	
94	144.500	-78.811	
87	144.600	-78.767	
94	144.600	-78.767	
87	144.700	-78.723	
94	144.700	-78.723	
87	144.800	-78.680	
94	144.800	-78.680	
87	144.900	-78.637	
94	144.900	-78.637	
87	145.000	-78.594	
94	145.000	-78.594	
87	145.100	-78.551	
94	145.100	-78.551	
87	145.200	-78.508	
94	145.200	-78.508	
87	145.300	-78.466	
94	145.300	-78.466	
87	145.400	-78.423	
94	145.400	-78.423	
87	145.500	-78.381	
94	145.500	-78.381	
87	145.600	-78.340	
94	145.600	-78.340	
87	145.700	-78.298	
94	145.700	-78.298	
87	145.800	-78.257	
94	145.800	-78.257	
87	145.900	-78.215	
94	145.900	-78.215	
87	146.000	-78.175	
94	146.000	-78.175	
87	146.100	-78.134	
94	146.100	-78.134	
87	146.200	-78.093	
94	146.200	-78.093	
87	146.300	-78.053	
94	146.300	-78.053	
87	146.400	-78.013	
94	146.400	-78.013	
87	146.500	-77.973	
94	146.500	-77.973	
87	146.600	-77.933	
94	146.600	-77.933	
87	146.700	-77.893	
94	146.700	-77.893	
87	146.800	-77.854	
94	146.800	-77.854	
87	146.900	-77.815	
94	146.900	-77.815	
87	147.000	-77.776	
94	147.000	-77.776	
87	147.100	-77.737	
94	147.100	-77.737	
87	147.200	-77.698	
94	147.200	-77.698	
87	147.300	-77.660	
94	147.300	-77.660	
87	147.400	-77.622	
94	147.400	-77.622	
87	147.500	-77.584	
94	147.500	-77.584	
87	147.600	-77.546	
94	147.600	-77.546	
87	147.700	-77.508	
94	147.700	-77.508	
87	147.800	-77.471	
94	147.800	-77.471	
87	147.900	-77.434	
94	147.900	-77.434	
87	148.000	-77.397	
94	148.000	-77.397	
87	148.100	-77.360	
94	148.100	-77.360	
87	148.200	-77.323	
94	148.200	-77.323	
87	148.300	-77.286	
94	148.300	-77.286	
87	148.400	-77.250	
94	148.400	-77.250	
87	148.500	-77.214	
94	148.500	-77.214	
87	148.600	-77.178	
94	148.600	-77.178	
87	148.700	-77.142	
94	148.700	-77.142	
87	148.800	-77.107	
94	148.800	-77.107	
87	148.900	-77.071	
94	148.900	-77.071	
87	149.000	-77.036	
94	149.000	-77.036	
87	149.100	-77.001	
94	149.100	-77.001	
87	149.200	-76.966	
94	149.200	-76.966	
87	149.300	-76.931	
94	149.300	-76.931	
87	149.400	-76.897	
94	149.400	-76.897	
87	149.500	-76.862	
94	149.500	-76.862	
87	149.600	-76.828	
94	149.600	-76.828	
87	149.700	-76.794	
94	149.700	-76.794	
87	149.800	-76.760	
94	149.800	-76.760	
87	149.900	-76.726	
94	149.900	-76.726	
87	150.000	-76.693	
94	150.000	-76.693	
87	150.100	-76.659	
94	150.100	-76.659	
87	150.200	-76.626	
94	150.200	-76.626	
87	150.300	-76.593	
94	150.300	-76.593	
87	150.400	-76.560	
94	150.400	-76.560	
87	150.500	-76.527	
94	150.500	-76.527	
87	150.600	-76.495	
94	150.600	-76.495	
87	150.700	-76.463	
94	150.700	-76.463	
87	150.800	-76.430	
94	150.800	-76.430	
87	150.900	-76.398	
94	150.900	-76.398	
87	151.000	-76.366	
94	151.000	-76.366	
87	151.100	-72.304	
94	151.100	-72.304	
87	151.200	-69.152	
94	151.200	-69.152	
87	151.300	-66.687	
94	151.300	-66.687	
87	151.400	-64.747	
94	151.400	-64.747	
87	151.500	-63.213	
94	151.500	-63.213	
87	151.600	-61.996	
94	151.600	-61.996	
87	151.700	-61.026	
94	151.700	-61.026	
87	151.800	-60.250	
94	151.800	-60.250	
87	151.900	-59.627	
94	151.900	-59.627	
87	152.000	-59.124	
94	152.000	-59.124	
87	152.100	-58.715	
94	152.100	-58.715	
87	152.200	-58.381	
94	152.200	-58.381	
87	152.300	-58.104	
94	152.300	-58.104	
87	152.400	-57.874	
94	152.400	-57.874	
87	152.500	-57.679	
94	152.500	-57.679	
87	152.600	-57.512	
94	152.600	-57.512	
87	152.700	-57.367	
94	152.700	-57.367	
87	152.800	-57.239	
94	152.800	-57.239	
87	152.900	-57.124	
94	152.900	-57.124	
87	153.000	-57.019	
94	153.000	-57.019	
87	153.100	-56.922	
94	153.100	-56.922	
87	153.200	-56.829	
94	153.200	-56.829	
87	153.300	-56.739	
94	153.300	-56.739	
87	153.400	-56.652	
94	153.400	-56.652	
87	153.500	-56.564	
94	153.500	-56.564	
87	153.600	-56.476	
94	153.600	-56.476	
87	153.700	-56.386	
94	153.700	-56.386	
87	153.800	-56.293	
94	153.800	-56.293	
87	153.900	-56.196	
94	153.900	-56.196	
87	154.000	-56.094	
94	154.000	-56.094	
87	154.100	-55.985	
94	154.100	-55.985	
87	154.200	-55.870	
94	154.200	-55.870	
87	154.300	-55.745	
94	154.300	-55.745	
87	154.400	-55.611	
94	154.400	-55.611	
87	154.500	-55.464	
94	154.500	-55.464	
87	154.600	-55.303	
94	154.600	-55.303	
87	154.700	-55.124	
94	154.700	-55.124	
87	154.800	-54.925	
94	154.800	-54.925	
87	154.900	-54.701	
94	154.900	-54.701	
87	155.000	-54.445	
94	155.000	-54.445	
87	155.100	-54.148	
94	155.100	-54.148	
87	155.200	-53.800	
94	155.200	-53.800	
87	155.300	-53.381	
94	155.300	-53.381	
87	155.400	-52.862	
94	155.400	-52.862	
87	155.500	-52.196	
94	155.500	-52.196	
87	155.600	-51.294	
94	155.600	-51.294	
87	155.700	-49.965	
94	155.700	-49.965	
87	155.800	-47.713	
94	155.800	-47.713	
87	155.900	-42.635	
94	155.900	-42.635	
87	156.000	-18.613	
94	156.000	-18.613	
87	156.100	46.357	
94	156.100	46.357	
87	156.200	45.186	
94	156.200	45.186	
87	156.300	34.535	
94	156.300	34.535	
87	156.400	18.011	
94	156.400	18.011	
87	156.500	-0.562	
94	156.500	-0.562	
87	156.600	-17.914	
94	156.600	-17.914	
87	156.700	-33.116	
94	156.700	-33.116	
87	156.800	-50.383	
94	156.800	-50.383	
87	156.900	-68.358	
94	156.900	-68.358	
87	157.000	-77.910	
94	157.000	-77.910	
87	157.100	-81.986	
94	157.100	-81.986	
87	157.200	-83.867	
94	157.200	-83.867	
87	157.300	-84.811	
94	157.300	-84.811	
87	157.400	-85.306	
94	157.400	-85.306	
87	157.500	-85.566	
94	157.500	-85.566	
87	157.600	-85.693	
94	157.600	-85.693	
87	157.700	-85.743	
94	157.700	-85.743	
87	157.800	-85.745	
94	157.800	-85.745	
87	157.900	-85.718	
94	157.900	-85.718	
87	158.000	-85.673	
94	158.000	-85.673	
87	158.100	-85.616	
94	158.100	-85.616	
87	158.200	-85.552	
94	158.200	-85.552	
87	158.300	-85.483	
94	158.300	-85.483	
87	158.400	-85.412	
94	158.400	-85.412	
87	158.500	-85.338	
94	158.500	-85.338	
87	158.600	-85.264	
94	158.600	-85.264	
87	158.700	-85.190	
94	158.700	-85.190	
87	158.800	-85.115	
94	158.800	-85.115	
87	158.900	-85.040	
94	158.900	-85.040	
87	159.000	-84.966	
94	159.000	-84.966	
87	159.100	-84.891	
94	159.100	-84.891	
87	159.200	-84.817	
94	159.200	-84.817	
87	159.300	-84.744	
94	159.300	-84.744	
87	159.400	-84.670	
94	159.400	-84.670	
87	159.500	-84.597	
94	159.500	-84.597	
87	159.600	-84.524	
94	159.600	-84.524	
87	159.700	-84.452	
94	159.700	-84.452	
87	159.800	-84.380	
94	159.800	-84.380	
87	159.900	-84.308	
94	159.900	-84.308	
87	160.000	-84.237	
94	160.000	-84.237	
87	160.100	-84.166	
94	160.100	-84.166	
87	160.200	-84.095	
94	160.200	-84.095	
87	160.300	-84.025	
94	160.300	-84.025	
87	160.400	-83.955	
94	160.400	-83.955	
87	160.500	-83.885	
94	160.500	-83.885	
87	160.600	-83.816	
94	160.600	-83.816	
87	160.700	-83.747	
94	160.700	-83.747	
87	160.800	-83.679	
94	160.800	-83.679	
87	160.900	-83.610	
94	160.900	-83.610	
87	161.000	-83.542	
94	161.000	-83.542	
87	161.100	-83.475	
94	161.100	-83.475	
87	161.200	-83.408	
94	161.200	-83.408	
87	161.300	-83.341	
94	161.300	-83.341	
87	161.400	-83.274	
94	161.400	-83.274	
87	161.500	-83.208	
94	161.500	-83.208	
87	161.600	-83.142	
94	161.600	-83.142	
87	161.700	-83.077	
94	161.700	-83.077	
87	161.800	-83.011	
94	161.800	-83.011	
87	161.900	-82.947	
94	161.900	-82.947	
87	162.000	-82.882	
94	162.000	-82.882	
87	162.100	-82.818	
94	162.100	-82.818	
87	162.200	-82.754	
94	162.200	-82.754	
87	162.300	-82.690	
94	162.300	-82.690	
87	162.400	-82.627	
94	162.400	-82.627	
87	162.500	-82.564	
94	162.500	-82.564	
87	162.600	-82.501	
94	162.600	-82.501	
87	162.700	-82.439	
94	162.700	-82.439	
87	162.800	-82.377	
94	162.800	-82.377	
87	162.900	-82.315	
94	162.900	-82.315	
87	163.000	-82.254	
94	163.000	-82.254	
87	163.100	-82.193	
94	163.100	-82.193	
87	163.200	-82.132	
94	163.200	-82.132	
87	163.300	-82.071	
94	163.300	-82.071	
87	163.400	-82.011	
94	163.400	-82.011	
87	163.500	-81.951	
94	163.500	-81.951	
87	163.600	-81.892	
94	163.600	-81.892	
87	163.700	-81.832	
94	163.700	-81.832	
87	163.800	-81.773	
94	163.800	-81.773	
87	163.900	-81.715	
94	163.900	-81.715	
87	164.000	-81.656	
94	164.000	-81.656	
87	164.100	-81.598	
94	164.100	-81.598	
87	164.200	-81.540	
94	164.200	-81.540	
87	164.300	-81.483	
94	164.300	-81.483	
87	164.400	-81.425	
94	164.400	-81.425	
87	164.500	-81.368	
94	164.500	-81.368	
87	164.600	-81.312	
94	164.600	-81.312	
87	164.700	-81.255	
94	164.700	-81.255	
87	164.800	-81.199	
94	164.800	-81.199	
87	164.900	-81.143	
94	164.900	-81.143	
87	165.000	-81.088	
94	165.000	-81.088	
87	165.100	-81.032	
94	165.100	-81.032	
87	165.200	-80.977	
94	165.200	-80.977	
87	165.300	-80.923	
94	165.300	-80.923	
87	165.400	-80.868	
94	165.400	-80.868	
87	165.500	-80.814	
94	165.500	-80.814	
87	165.600	-80.760	
94	165.600	-80.760	
87	165.700	-80.706	
94	165.700	-80.706	
87	165.800	-80.653	
94	165.800	-80.653	
87	165.900	-80.600	
94	165.900	-80.600	
87	166.000	-80.547	
94	166.000	-80.547	
87	166.100	-80.494	
94	166.100	-80.494	
87	166.200	-80.442	
94	166.200	-80.442	
87	166.300	-80.390	
94	166.300	-80.390	
87	166.400	-80.338	
94	166.400	-80.338	
87	166.500	-80.286	
94	166.500	-80.286	
87	166.600	-80.235	
94	166.600	-80.235	
87	166.700	-80.184	
94	166.700	-80.184	
87	166.800	-80.133	
94	166.800	-80.133	
87	166.900	-80.083	
94	166.900	-80.083	
87	167.000	-80.032	
94	167.000	-80.032	
87	167.100	-79.982	
94	167.100	-79.982	
87	167.200	-79.933	
94	167.200	-79.933	
87	167.300	-79.883	
94	167.300	-79.883	
87	167.400	-79.834	
94	167.400	-79.834	
87	167.500	-79.785	
94	167.500	-79.785	
87	167.600	-79.736	
94	167.600	-79.736	
87	167.700	-79.687	
94	167.700	-79.687	
87	167.800	-79.639	
94	167.800	-79.639	
87	167.900	-79.591	
94	167.900	-79.591	
87	168.000	-79.543	
94	168.000	-79.543	
87	168.100	-79.496	
94	168.100	-79.496	
87	168.200	-79.448	
94	168.200	-79.448	
87	168.300	-79.401	
94	168.300	-79.401	
87	168.400	-79.354	
94	168.400	-79.354	
87	168.500	-79.308	
94	168.500	-79.308	
87	168.600	-79.261	
94	168.600	-79.261	
87	168.700	-79.215	
94	168.700	-79.215	
87	168.800	-79.169	
94	168.800	-79.169	
87	168.900	-79.123	
94	168.900	-79.123	
87	169.000	-79.078	
94	169.000	-79.078	
87	169.100	-79.032	
94	169.100	-79.032	
87	169.200	-78.987	
94	169.200	-78.987	
87	169.300	-78.943	
94	169.300	-78.943	
87	169.400	-78.898	
94	169.400	-78.898	
87	169.500	-78.854	
94	169.500	-78.854	
87	169.600	-78.809	
94	169.600	-78.809	
87	169.700	-78.766	
94	169.700	-78.766	
87	169.800	-78.722	
94	169.800	-78.722	
87	169.900	-78.678	
94	169.900	-78.678	
87	170.000	-78.635	
94	170.000	-78.635	
87	170.100	-78.592	
94	170.100	-78.592	
87	170.200	-78.549	
94	170.200	-78.549	
87	170.300	-78.506	
94	170.300	-78.506	
87	170.400	-78.464	
94	170.400	-78.464	
87	170.500	-78.422	
94	170.500	-78.422	
87	170.600	-78.380	
94	170.600	-78.380	
87	170.700	-78.338	
94	170.700	-78.338	
87	170.800	-78.296	
94	170.800	-78.296	
87	170.900	-78.255	
94	170.900	-78.255	
87	171.000	-78.214	
94	171.000	-78.214	
87	171.100	-78.173	
94	171.100	-78.173	
87	171.200	-78.132	
94	171.200	-78.132	
87	171.300	-78.092	
94	171.300	-78.092	
87	171.400	-78.051	
94	171.400	-78.051	
87	171.500	-78.011	
94	171.500	-78.011	
87	171.600	-77.971	
94	171.600	-77.971	
87	171.700	-77.931	
94	171.700	-77.931	
87	171.800	-77.892	
94	171.800	-77.892	
87	171.900	-77.852	
94	171.900	-77.852	
87	172.000	-77.813	
94	172.000	-77.813	
87	172.100	-77.774	
94	172.100	-77.774	
87	172.200	-77.736	
94	172.200	-77.736	
87	172.300	-77.697	
94	172.300	-77.697	
87	172.400	-77.659	
94	172.400	-77.659	
87	172.500	-77.620	
94	172.500	-77.620	
87	172.600	-77.582	
94	172.600	-77.582	
87	172.700	-77.545	
94	172.700	-77.545	
87	172.800	-77.507	
94	172.800	-77.507	
87	172.900	-77.469	
94	172.900	-77.469	
87	173.000	-77.432	
94	173.000	-77.432	
87	173.100	-77.395	
94	173.100	-77.395	
87	173.200	-77.358	
94	173.200	-77.358	
87	173.300	-77.322	
94	173.300	-77.322	
87	173.400	-77.285	
94	173.400	-77.285	
87	173.500	-77.249	
94	173.500	-77.249	
87	173.600	-77.213	
94	173.600	-77.213	
87	173.700	-77.177	
94	173.700	-77.177	
87	173.800	-77.141	
94	173.800	-77.141	
87	173.900	-77.105	
94	173.900	-77.105	
87	174.000	-77.070	
94	174.000	-77.070	
87	174.100	-77.034	
94	174.100	-77.034	
87	174.200	-76.999	
94	174.200	-76.999	
87	174.300	-76.964	
94	174.300	-76.964	
87	174.400	-76.930	
94	174.400	-76.930	
87	174.500	-76.895	
94	174.500	-76.895	
87	174.600	-76.861	
94	174.600	-76.861	
87	174.700	-76.827	
94	174.700	-76.827	
87	174.800	-76.793	
94	174.800	-76.793	
87	174.900	-76.759	
94	174.900	-76.759	
87	175.000	-76.725	
94	175.000	-76.725	
87	175.100	-76.691	
94	175.100	-76.691	
87	175.200	-76.658	
94	175.200	-76.658	
87	175.300	-76.625	
94	175.300	-76.625	
87	175.400	-76.592	
94	175.400	-76.592	
87	175.500	-76.559	
94	175.500	-76.559	
87	175.600	-76.526	
94	175.600	-76.526	
87	175.700	-76.494	
94	175.700	-76.494	
87	175.800	-76.461	
94	175.800	-76.461	
87	175.900	-76.429	
94	175.900	-76.429	
87	176.000	-76.397	
94	176.000	-76.397	
87	176.100	-72.333	
94	176.100	-72.333	
87	176.200	-69.179	
94	176.200	-69.179	
87	176.300	-66.713	
94	176.300	-66.713	
87	176.400	-64.773	
94	176.400	-64.773	
87	176.500	-63.238	
94	176.500	-63.238	
87	176.600	-62.020	
94	176.600	-62.020	
87	176.700	-61.049	
94	176.700	-61.049	
87	176.800	-60.273	
94	176.800	-60.273	
87	176.900	-59.650	
94	176.900	-59.650	
87	177.000	-59.147	
94	177.000	-59.147	
87	177.100	-58.739	
94	177.100	-58.739	
87	177.200	-58.404	
94	177.200	-58.404	
87	177.300	-58.128	
94	177.300	-58.128	
87	177.400	-57.898	
94	177.400	-57.898	
87	177.500	-57.704	
94	177.500	-57.704	
87	177.600	-57.538	
94	177.600	-57.538	
87	177.700	-57.394	
94	177.700	-57.394	
87	177.800	-57.267	
94	177.800	-57.267	
87	177.900	-57.153	
94	177.900	-57.153	
87	178.000	-57.050	
94	178.000	-57.050	
87	178.100	-56.953	
94	178.100	-56.953	
87	178.200	-56.862	
94	178.200	-56.862	
87	178.300	-56.775	
94	178.300	-56.775	
87	178.400	-56.689	
94	178.400	-56.689	
87	178.500	-56.604	
94	178.500	-56.604	
87	178.600	-56.518	
94	178.600	-56.518	
87	178.700	-56.431	
94	178.700	-56.431	
87	178.800	-56.341	
94	178.800	-56.341	
87	178.900	-56.247	
94	178.900	-56.247	
87	179.000	-56.149	
94	179.000	-56.149	
87	179.100	-56.045	
94	179.100	-56.045	
87	179.200	-55.934	
94	179.200	-55.934	
87	179.300	-55.815	
94	179.300	-55.815	
87	179.400	-55.687	
94	179.400	-55.687	
87	179.500	-55.548	
94	179.500	-55.548	
87	179.600	-55.396	
94	179.600	-55.396	
87	179.700	-55.228	
94	179.700	-55.228	
87	179.800	-55.041	
94	179.800	-55.041	
87	179.900	-54.832	
94	179.900	-54.832	
87	180.000	-54.595	
94	180.000	-54.595	
87	180.100	-54.323	
94	180.100	-54.323	
87	180.200	-54.007	
94	180.200	-54.007	
87	180.300	-53.631	
94	180.300	-53.631	
87	180.400	-53.174	
94	180.400	-53.174	
87	180.500	-52.601	
94	180.500	-52.601	
87	180.600	-51.849	
94	180.600	-51.849	
87	180.700	-50.799	
94	180.700	-50.799	
87	180.800	-49.173	
94	180.800	-49.173	
87	180.900	-46.146	
94	180.900	-46.146	
87	181.000	-37.579	
94	181.000	-37.579	
87	181.100	16.015	
94	181.100	16.015	
87	181.200	47.877	
94	181.200	47.877	
87	181.300	41.533	
94	181.300	41.533	
87	181.400	28.029	
94	181.400	28.029	
87	181.500	10.124	
94	181.500	10.124	
87	181.600	-8.198	
94	181.600	-8.198	
87	181.700	-24.574	
94	181.700	-24.574	
87	181.800	-39.834	
94	181.800	-39.834	
87	181.900	-58.733	
94	181.900	-58.733	
87	182.000	-73.419	
94	182.000	-73.419	
87	182.100	-80.056	
94	182.100	-80.056	
87	182.200	-82.954	
94	182.200	-82.954	
87	182.300	-84.345	
94	182.300	-84.345	
87	182.400	-85.060	
94	182.400	-85.060	
87	182.500	-85.438	
94	182.500	-85.438	
87	182.600	-85.633	
94	182.600	-85.633	
87	182.700	-85.722	
94	182.700	-85.722	
87	182.800	-85.749	
94	182.800	-85.749	
87	182.900	-85.737	
94	182.900	-85.737	
87	183.000	-85.701	
94	183.000	-85.701	
87	183.100	-85.650	
94	183.100	-85.650	
87	183.200	-85.590	
94	183.200	-85.590	
87	183.300	-85.523	
94	183.300	-85.523	
87	183.400	-85.453	
94	183.400	-85.453	
87	183.500	-85.381	
94	183.500	-85.381	
87	183.600	-85.307	
94	183.600	-85.307	
87	183.700	-85.233	
94	183.700	-85.233	
87	183.800	-85.158	
94	183.800	-85.158	
87	183.900	-85.084	
94	183.900	-85.084	
87	184.000	-85.009	
94	184.000	-85.009	
87	184.100	-84.935	
94	184.100	-84.935	
87	184.200	-84.860	
94	184.200	-84.860	
87	184.300	-84.786	
94	184.300	-84.786	
87	184.400	-84.713	
94	184.400	-84.713	
87	184.500	-84.639	
94	184.500	-84.639	
87	184.600	-84.566	
94	184.600	-84.566	
87	184.700	-84.494	
94	184.700	-84.494	
87	184.800	-84.421	
94	184.800	-84.421	
87	184.900	-84.350	
94	184.900	-84.350	
87	185.000	-84.278	
94	185.000	-84.278	
87	185.100	-84.207	
94	185.100	-84.207	
87	185.200	-84.136	
94	185.200	-84.136	
87	185.300	-84.065	
94	185.300	-84.065	
87	185.400	-83.995	
94	185.400	-83.995	
87	185.500	-83.925	
94	185.500	-83.925	
87	185.600	-83.856	
94	185.600	-83.856	
87	185.700	-83.787	
94	185.700	-83.787	
87	185.800	-83.718	
94	185.800	-83.718	
87	185.900	-83.650	
94	185.900	-83.650	
87	186.000	-83.582	
94	186.000	-83.582	
87	186.100	-83.514	
94	186.100	-83.514	
87	186.200	-83.447	
94	186.200	-83.447	
87	186.300	-83.379	
94	186.300	-83.379	
87	186.400	-83.313	
94	186.400	-83.313	
87	186.500	-83.246	
94	186.500	-83.246	
87	186.600	-83.180	
94	186.600	-83.180	
87	186.700	-83.115	
94	186.700	-83.115	
87	186.800	-83.049	
94	186.800	-83.049	
87	186.900	-82.984	
94	186.900	-82.984	
87	187.000	-82.919	
94	187.000	-82.919	
87	187.100	-82.855	
94	187.100	-82.855	
87	187.200	-82.791	
94	187.200	-82.791	
87	187.300	-82.727	
94	187.300	-82.727	
87	187.400	-82.663	
94	187.400	-82.663	
87	187.500	-82.600	
94	187.500	-82.600	
87	187.600	-82.537	
94	187.600	-82.537	
87	187.700	-82.475	
94	187.700	-82.475	
87	187.800	-82.413	
94	187.800	-82.413	
87	187.900	-82.351	
94	187.900	-82.351	
87	188.000	-82.289	
94	188.000	-82.289	
87	188.100	-82.228	
94	188.100	-82.228	
87	188.200	-82.167	
94	188.200	-82.167	
87	188.300	-82.106	
94	188.300	-82.106	
87	188.400	-82.046	
94	188.400	-82.046	
87	188.500	-81.986	
94	188.500	-81.986	
87	188.600	-81.926	
94	188.600	-81.926	
87	188.700	-81.867	
94	188.700	-81.867	
87	188.800	-81.807	
94	188.800	-81.807	
87	188.900	-81.748	
94	188.900	-81.748	
87	189.000	-81.690	
94	189.000	-81.690	
87	189.100	-81.632	
94	189.100	-81.632	
87	189.200	-81.574	
94	189.200	-81.574	
87	189.300	-81.516	
94	189.300	-81.516	
87	189.400	-81.458	
94	189.400	-81.458	
87	189.500	-81.401	
94	189.500	-81.401	
87	189.600	-81.344	
94	189.600	-81.344	
87	189.700	-81.288	
94	189.700	-81.288	
87	189.800	-81.231	
94	189.800	-81.231	
87	189.900	-81.175	
94	189.900	-81.175	
87	190.000	-81.120	
94	190.000	-81.120	
87	190.100	-81.064	
94	190.100	-81.064	
87	190.200	-81.009	
94	190.200	-81.009	
87	190.300	-80.954	
94	190.300	-80.954	
87	190.400	-80.900	
94	190.400	-80.900	
87	190.500	-80.845	
94	190.500	-80.845	
87	190.600	-80.791	
94	190.600	-80.791	
87	190.700	-80.737	
94	190.700	-80.737	
87	190.800	-80.684	
94	190.800	-80.684	
87	190.900	-80.630	
94	190.900	-80.630	
87	191.000	-80.577	
94	191.000	-80.577	
87	191.100	-80.525	
94	191.100	-80.525	
87	191.200	-80.472	
94	191.200	-80.472	
87	191.300	-80.420	
94	191.300	-80.420	
87	191.400	-80.368	
94	191.400	-80.368	
87	191.500	-80.316	
94	191.500	-80.316	
87	191.600	-80.265	
94	191.600	-80.265	
87	191.700	-80.214	
94	191.700	-80.214	
87	191.800	-80.163	
94	191.800	-80.163	
87	191.900	-80.112	
94	191.900	-80.112	
87	192.000	-80.062	
94	192.000	-80.062	
87	192.100	-80.011	
94	192.100	-80.011	
87	192.200	-79.961	
94	192.200	-79.961	
87	192.300	-79.912	
94	192.300	-79.912	
87	192.400	-79.862	
94	192.400	-79.862	
87	192.500	-79.813	
94	192.500	-79.813	
87	192.600	-79.764	
94	192.600	-79.764	
87	192.700	-79.715	
94	192.700	-79.715	
87	192.800	-79.667	
94	192.800	-79.667	
87	192.900	-79.619	
94	192.900	-79.619	
87	193.000	-79.571	
94	193.000	-79.571	
87	193.100	-79.523	
94	193.100	-79.523	
87	193.200	-79.476	
94	193.200	-79.476	
87	193.300	-79.428	
94	193.300	-79.428	
87	193.400	-79.381	
94	193.400	-79.381	
87	193.500	-79.335	
94	193.500	-79.335	
87	193.600	-79.288	
94	193.600	-79.288	
87	193.700	-79.242	
94	193.700	-79.242	
87	193.800	-79.196	
94	193.800	-79.196	
87	193.900	-79.150	
94	193.900	-79.150	
87	194.000	-79.104	
94	194.000	-79.104	
87	194.100	-79.059	
94	194.100	-79.059	
87	194.200	-79.013	
94	194.200	-79.013	
87	194.300	-78.969	
94	194.300	-78.969	
87	194.400	-78.924	
94	194.400	-78.924	
87	194.500	-78.879	
94	194.500	-78.879	
87	194.600	-78.835	
94	194.600	-78.835	
87	194.700	-78.791	
94	194.700	-78.791	
87	194.800	-78.747	
94	194.800	-78.747	
87	194.900	-78.703	
94	194.900	-78.703	
87	195.000	-78.660	
94	195.000	-78.660	
87	195.100	-78.617	
94	195.100	-78.617	
87	195.200	-78.574	
94	195.200	-78.574	
87	195.300	-78.531	
94	195.300	-78.531	
87	195.400	-78.489	
94	195.400	-78.489	
87	195.500	-78.446	
94	195.500	-78.446	
87	195.600	-78.404	
94	195.600	-78.404	
87	195.700	-78.362	
94	195.700	-78.362	
87	195.800	-78.320	
94	195.800	-78.320	
87	195.900	-78.279	
94	195.900	-78.279	
87	196.000	-78.238	
94	196.000	-78.238	
87	196.100	-78.197	
94	196.100	-78.197	
87	196.200	-78.156	
94	196.200	-78.156	
87	196.300	-78.115	
94	196.300	-78.115	
87	196.400	-78.075	
94	196.400	-78.075	
87	196.500	-78.034	
94	196.500	-78.034	
87	196.600	-77.994	
94	196.600	-77.994	
87	196.700	-77.954	
94	196.700	-77.954	
87	196.800	-77.915	
94	196.800	-77.915	
87	196.900	-77.875	
94	196.900	-77.875	
87	197.000	-77.836	
94	197.000	-77.836	
87	197.100	-77.797	
94	197.100	-77.797	
87	197.200	-77.758	
94	197.200	-77.758	
87	197.300	-77.719	
94	197.300	-77.719	
87	197.400	-77.681	
94	197.400	-77.681	
87	197.500	-77.642	
94	197.500	-77.642	
87	197.600	-77.604	
94	197.600	-77.604	
87	197.700	-77.566	
94	197.700	-77.566	
87	197.800	-77.529	
94	197.800	-77.529	
87	197.900	-77.491	
94	197.900	-77.491	
87	198.000	-77.454	
94	198.000	-77.454	
87	198.100	-77.417	
94	198.100	-77.417	
87	198.200	-77.380	
94	198.200	-77.380	
87	198.300	-77.343	
94	198.300	-77.343	
87	198.400	-77.306	
94	198.400	-77.306	
87	198.500	-77.270	
94	198.500	-77.270	
87	198.600	-77.233	
94	198.600	-77.233	
87	198.700	-77.197	
94	198.700	-77.197	
87	198.800	-77.162	
94	198.800	-77.162	
87	198.900	-77.126	
94	198.900	-77.126	
87	199.000	-77.090	
94	199.000	-77.090	
87	199.100	-77.055	
94	199.100	-77.055	
87	199.200	-77.020	
94	199.200	-77.020	
87	199.300	-76.985	
94	199.300	-76.985	
87	199.400	-76.950	
94	199.400	-76.950	
87	199.500	-76.915	
94	199.500	-76.915	
87	199.600	-76.881	
94	199.600	-76.881	
87	199.700	-76.846	
94	199.700	-76.846	
87	199.800	-76.812	
94	199.800	-76.812	
87	199.900	-76.778	
94	199.900	-76.778	
87	200.000	-76.744	
94	200.000	-76.744	
87	200.100	-76.711	
94	200.100	-76.711	
87	200.200	-76.677	
94	200.200	-76.677	
87	200.300	-76.644	
94	200.300	-76.644	
87	200.400	-76.611	
94	200.400	-76.611	
87	200.500	-76.578	
94	200.500	-76.578	
87	200.600	-76.545	
94	200.600	-76.545	
87	200.700	-76.512	
94	200.700	-76.512	
87	200.800	-76.480	
94	200.800	-76.480	
87	200.900	-76.448	
94	200.900	-76.448	
87	201.000	-76.416	
94	201.000	-76.416	
87	201.100	-76.384	
94	201.100	-76.384	
87	201.200	-76.352	
94	201.200	-76.352	
87	201.300	-76.320	
94	201.300	-76.320	
87	201.400	-76.288	
94	201.400	-76.288	
87	201.500	-76.257	
94	201.500	-76.257	
87	201.600	-76.226	
94	201.600	-76.226	
87	201.700	-76.195	
94	201.700	-76.195	
87	201.800	-76.164	
94	201.800	-76.164	
87	201.900	-76.133	
94	201.900	-76.133	
87	202.000	-76.103	
94	202.000	-76.103	
87	202.100	-76.072	
94	202.100	-76.072	
87	202.200	-76.042	
94	202.200	-76.042	
87	202.300	-76.012	
94	202.300	-76.012	
87	202.400	-75.982	
94	202.400	-75.982	
87	202.500	-75.952	
94	202.500	-75.952	
87	202.600	-75.922	
94	202.600	-75.922	
87	202.700	-75.893	
94	202.700	-75.893	
87	202.800	-75.863	
94	202.800	-75.863	
87	202.900	-75.834	
94	202.900	-75.834	
87	203.000	-75.805	
94	203.000	-75.805	
87	203.100	-75.776	
94	203.100	-75.776	
87	203.200	-75.747	
94	203.200	-75.747	
87	203.300	-75.719	
94	203.300	-75.719	
87	203.400	-75.690	
94	203.400	-75.690	
87	203.500	-75.662	
94	203.500	-75.662	
87	203.600	-75.633	
94	203.600	-75.633	
87	203.700	-75.605	
94	203.700	-75.605	
87	203.800	-75.577	
94	203.800	-75.577	
87	203.900	-75.550	
94	203.900	-75.550	
87	204.000	-75.522	
94	204.000	-75.522	
87	204.100	-75.494	
94	204.100	-75.494	
87	204.200	-75.467	
94	204.200	-75.467	
87	204.300	-75.440	
94	204.300	-75.440	
87	204.400	-75.413	
94	204.400	-75.413	
87	204.500	-75.386	
94	204.500	-75.386	
87	204.600	-75.359	
94	204.600	-75.359	
87	204.700	-75.332	
94	204.700	-75.332	
87	204.800	-75.305	
94	204.800	-75.305	
87	204.900	-75.279	
94	204.900	-75.279	
87	205.000	-75.253	
94	205.000	-75.253	
87	205.100	-75.226	
94	205.100	-75.226	
87	205.200	-75.200	
94	205.200	-75.200	
87	205.300	-75.174	
94	205.300	-75.174	
87	205.400	-75.149	
94	205.400	-75.149	
87	205.500	-75.123	
94	205.500	-75.123	
87	205.600	-75.097	
94	205.600	-75.097	
87	205.700	-75.072	
94	205.700	-75.072	
87	205.800	-75.047	
94	205.800	-75.047	
87	205.900	-75.021	
94	205.900	-75.021	
87	206.000	-74.996	
94	206.000	-74.996	
87	206.100	-74.971	
94	206.100	-74.971	
87	206.200	-74.947	
94	206.200	-74.947	
87	206.300	-74.922	
94	206.300	-74.922	
87	206.400	-74.897	
94	206.400	-74.897	
87	206.500	-74.873	
94	206.500	-74.873	
87	206.600	-74.849	
94	206.600	-74.849	
87	206.700	-74.825	
94	206.700	-74.825	
87	206.800	-74.800	
94	206.800	-74.800	
87	206.900	-74.776	
94	206.900	-74.776	
87	207.000	-74.753	
94	207.000	-74.753	
87	207.100	-74.729	
94	207.100	-74.729	
87	207.200	-74.705	
94	207.200	-74.705	
87	207.300	-74.682	
94	207.300	-74.682	
87	207.400	-74.659	
94	207.400	-74.659	
87	207.500	-74.635	
94	207.500	-74.635	
87	207.600	-74.612	
94	207.600	-74.612	
87	207.700	-74.589	
94	207.700	-74.589	
87	207.800	-74.566	
94	207.800	-74.566	
87	207.900	-74.544	
94	207.900	-74.544	
87	208.000	-74.521	
94	208.000	-74.521	
87	208.100	-74.498	
94	208.100	-74.498	
87	208.200	-74.476	
94	208.200	-74.476	
87	208.300	-74.454	
94	208.300	-74.454	
87	208.400	-74.431	
94	208.400	-74.431	
87	208.500	-74.409	
94	208.500	-74.409	
87	208.600	-74.387	
94	208.600	-74.387	
87	208.700	-74.365	
94	208.700	-74.365	
87	208.800	-74.344	
94	208.800	-74.344	
87	208.900	-74.322	
94	208.900	-74.322	
87	209.000	-74.300	
94	209.000	-74.300	
87	209.100	-74.279	
94	209.100	-74.279	
87	209.200	-74.258	
94	209.200	-74.258	
87	209.300	-74.236	
94	209.300	-74.236	
87	209.400	-74.215	
94	209.400	-74.215	
87	209.500	-74.194	
94	209.500	-74.194	
87	209.600	-74.173	
94	209.600	-74.173	
87	209.700	-74.152	
94	209.700	-74.152	
87	209.800	-74.132	
94	209.800	-74.132	
87	209.900	-74.111	
94	209.900	-74.111	
87	210.000	-74.091	
94	210.000	-74.091	
87	210.100	-74.070	
94	210.100	-74.070	
87	210.200	-74.050	
94	210.200	-74.050	
87	210.300	-74.030	
94	210.300	-74.030	
87	210.400	-74.010	
94	210.400	-74.010	
87	210.500	-73.990	
94	210.500	-73.990	
87	210.600	-73.970	
94	210.600	-73.970	
87	210.700	-73.950	
94	210.700	-73.950	
87	210.800	-73.930	
94	210.800	-73.930	
87	210.900	-73.911	
94	210.900	-73.911	
87	211.000	-73.891	
94	211.000	-73.891	
87	211.100	-73.872	
94	211.100	-73.872	
87	211.200	-73.852	
94	211.200	-73.852	
87	211.300	-73.833	
94	211.300	-73.833	
87	211.400	-73.814	
94	211.400	-73.814	
87	211.500	-73.795	
94	211.500	-73.795	
87	211.600	-73.776	
94	211.600	-73.776	
87	211.700	-73.757	
94	211.700	-73.757	
87	211.800	-73.738	
94	211.800	-73.738	
87	211.900	-73.720	
94	211.900	-73.720	
87	212.000	-73.701	
94	212.000	-73.701	
87	212.100	-73.683	
94	212.100	-73.683	
87	212.200	-73.664	
94	212.200	-73.664	
87	212.300	-73.646	
94	212.300	-73.646	
87	212.400	-73.628	
94	212.400	-73.628	
87	212.500	-73.610	
94	212.500	-73.610	
87	212.600	-73.592	
94	212.600	-73.592	
87	212.700	-73.574	
94	212.700	-73.574	
87	212.800	-73.556	
94	212.800	-73.556	
87	212.900	-73.538	
94	212.900	-73.538	
87	213.000	-73.521	
94	213.000	-73.521	
87	213.100	-73.503	
94	213.100	-73.503	
87	213.200	-73.486	
94	213.200	-73.486	
87	213.300	-73.468	
94	213.300	-73.468	
87	213.400	-73.451	
94	213.400	-73.451	
87	213.500	-73.434	
94	213.500	-73.434	
87	213.600	-73.417	
94	213.600	-73.417	
87	213.700	-73.400	
94	213.700	-73.400	
87	213.800	-73.383	
94	213.800	-73.383	
87	213.900	-73.366	
94	213.900	-73.366	
87	214.000	-73.349	
94	214.000	-73.349	
87	214.100	-73.332	
94	214.100	-73.332	
87	214.200	-73.316	
94	214.200	-73.316	
87	214.300	-73.299	
94	214.300	-73.299	
87	214.400	-73.283	
94	214.400	-73.283	
87	214.500	-73.266	
94	214.500	-73.266	
87	214.600	-73.250	
94	214.600	-73.250	
87	214.700	-73.234	
94	214.700	-73.234	
87	214.800	-73.218	
94	214.800	-73.218	
87	214.900	-73.202	
94	214.900	-73.202	
87	215.000	-73.186	
94	215.000	-73.186	
87	215.100	-73.170	
94	215.100	-73.170	
87	215.200	-73.154	
94	215.200	-73.154	
87	215.300	-73.138	
94	215.300	-73.138	
87	215.400	-73.122	
94	215.400	-73.122	
87	215.500	-73.107	
94	215.500	-73.107	
87	215.600	-73.091	
94	215.600	-73.091	
87	215.700	-73.076	
94	215.700	-73.076	
87	215.800	-73.061	
94	215.800	-73.061	
87	215.900	-73.045	
94	215.900	-73.045	
87	216.000	-73.030	
94	216.000	-73.030	
87	216.100	-73.015	
94	216.100	-73.015	
87	216.200	-73.000	
94	216.200	-73.000	
87	216.300	-72.985	
94	216.300	-72.985	
87	216.400	-72.970	
94	216.400	-72.970	
87	216.500	-72.955	
94	216.500	-72.955	
87	216.600	-72.941	
94	216.600	-72.941	
87	216.700	-72.926	
94	216.700	-72.926	
87	216.800	-72.911	
94	216.800	-72.911	
87	216.900	-72.897	
94	216.900	-72.897	
87	217.000	-72.882	
94	217.000	-72.882	
87	217.100	-72.868	
94	217.100	-72.868	
87	217.200	-72.854	
94	217.200	-72.854	
87	217.300	-72.839	
94	217.300	-72.839	
87	217.400	-72.825	
94	217.400	-72.825	
87	217.500	-72.811	
94	217.500	-72.811	
87	217.600	-72.797	
94	217.600	-72.797	
87	217.700	-72.783	
94	217.700	-72.783	
87	217.800	-72.769	
94	217.800	-72.769	
87	217.900	-72.755	
94	217.900	-72.755	
87	218.000	-72.742	
94	218.000	-72.742	
87	218.100	-72.728	
94	218.100	-72.728	
87	218.200	-72.714	
94	218.200	-72.714	
87	218.300	-72.701	
94	218.300	-72.701	
87	218.400	-72.687	
94	218.400	-72.687	
87	218.500	-72.674	
94	218.500	-72.674	
87	218.600	-72.661	
94	218.600	-72.661	
87	218.700	-72.647	
94	218.700	-72.647	
87	218.800	-72.634	
94	218.800	-72.634	
87	218.900	-72.621	
94	218.900	-72.621	
87	219.000	-72.608	
94	219.000	-72.608	
87	219.100	-72.595	
94	219.100	-72.595	
87	219.200	-72.582	
94	219.200	-72.582	
87	219.300	-72.569	
94	219.300	-72.569	
87	219.400	-72.556	
94	219.400	-72.556	
87	219.500	-72.543	
94	219.500	-72.543	
87	219.600	-72.531	
94	219.600	-72.531	
87	219.700	-72.518	
94	219.700	-72.518	
87	219.800	-72.506	
94	219.800	-72.506	
87	219.900	-72.493	
94	219.900	-72.493	
87	220.000	-72.481	
94	220.000	-72.481	
87	220.100	-72.468	
94	220.100	-72.468	
87	220.200	-72.456	
94	220.200	-72.456	
87	220.300	-72.444	
94	220.300	-72.444	
87	220.400	-72.432	
94	220.400	-72.432	
87	220.500	-72.419	
94	220.500	-72.419	
87	220.600	-72.407	
94	220.600	-72.407	
87	220.700	-72.395	
94	220.700	-72.395	
87	220.800	-72.383	
94	220.800	-72.383	
87	220.900	-72.371	
94	220.900	-72.371	
87	221.000	-72.360	
94	221.000	-72.360	
87	221.100	-72.348	
94	221.100	-72.348	
87	221.200	-72.336	
94	221.200	-72.336	
87	221.300	-72.324	
94	221.300	-72.324	
87	221.400	-72.313	
94	221.400	-72.313	
87	221.500	-72.301	
94	221.500	-72.301	
87	221.600	-72.290	
94	221.600	-72.290	
87	221.700	-72.278	
94	221.700	-72.278	
87	221.800	-72.267	
94	221.800	-72.267	
87	221.900	-72.256	
94	221.900	-72.256	
87	222.000	-72.244	
94	222.000	-72.244	
87	222.100	-72.233	
94	222.100	-72.233	
87	222.200	-72.222	
94	222.200	-72.222	
87	222.300	-72.211	
94	222.300	-72.211	
87	222.400	-72.200	
94	222.400	-72.200	
87	222.500	-72.189	
94	222.500	-72.189	
87	222.600	-72.178	
94	222.600	-72.178	
87	222.700	-72.167	
94	222.700	-72.167	
87	222.800	-72.156	
94	222.800	-72.156	
87	222.900	-72.146	
94	222.900	-72.146	
87	223.000	-72.135	
94	223.000	-72.135	
87	223.100	-72.124	
94	223.100	-72.124	
87	223.200	-72.114	
94	223.200	-72.114	
87	223.300	-72.103	
94	223.300	-72.103	
87	223.400	-72.093	
94	223.400	-72.093	
87	223.500	-72.082	
94	223.500	-72.082	
87	223.600	-72.072	
94	223.600	-72.072	
87	223.700	-72.061	
94	223.700	-72.061	
87	223.800	-72.051	
94	223.800	-72.051	
87	223.900	-72.041	
94	223.900	-72.041	
87	224.000	-72.031	
94	224.000	-72.031	
87	224.100	-72.021	
94	224.100	-72.021	
87	224.200	-72.010	
94	224.200	-72.010	
87	224.300	-72.000	
94	224.300	-72.000	
87	224.400	-71.990	
94	224.400	-71.990	
87	224.500	-71.980	
94	224.500	-71.980	
87	224.600	-71.971	
94	224.600	-71.971	
87	224.700	-71.961	
94	224.700	-71.961	
87	224.800	-71.951	
94	224.800	-71.951	
87	224.900	-71.941	
94	224.900	-71.941	
87	225.000	-71.931	
94	225.000	-71.931	
87	225.100	-71.922	
94	225.100	-71.922	
87	225.200	-71.912	
94	225.200	-71.912	
87	225.300	-71.903	
94	225.300	-71.903	
87	225.400	-71.893	
94	225.400	-71.893	
87	225.500	-71.884	
94	225.500	-71.884	
87	225.600	-71.874	
94	225.600	-71.874	
87	225.700	-71.865	
94	225.700	-71.865	
87	225.800	-71.856	
94	225.800	-71.856	
87	225.900	-71.846	
94	225.900	-71.846	
87	226.000	-71.837	
94	226.000	-71.837	
87	226.100	-71.828	
94	226.100	-71.828	
87	226.200	-71.819	
94	226.200	-71.819	
87	226.300	-71.810	
94	226.300	-71.810	
87	226.400	-71.801	
94	226.400	-71.801	
87	226.500	-71.792	
94	226.500	-71.792	
87	226.600	-71.783	
94	226.600	-71.783	
87	226.700	-71.774	
94	226.700	-71.774	
87	226.800	-71.765	
94	226.800	-71.765	
87	226.900	-71.756	
94	226.900	-71.756	
87	227.000	-71.747	
94	227.000	-71.747	
87	227.100	-71.739	
94	227.100	-71.739	
87	227.200	-71.730	
94	227.200	-71.730	
87	227.300	-71.721	
94	227.300	-71.721	
87	227.400	-71.713	
94	227.400	-71.713	
87	227.500	-71.704	
94	227.500	-71.704	
87	227.600	-71.696	
94	227.600	-71.696	
87	227.700	-71.687	
94	227.700	-71.687	
87	227.800	-71.679	
94	227.800	-71.679	
87	227.900	-71.670	
94	227.900	-71.670	
87	228.000	-71.662	
94	228.000	-71.662	
87	228.100	-71.654	
94	228.100	-71.654	
87	228.200	-71.646	
94	228.200	-71.646	
87	228.300	-71.637	
94	228.300	-71.637	
87	228.400	-71.629	
94	228.400	-71.629	
87	228.500	-71.621	
94	228.500	-71.621	
87	228.600	-71.613	
94	228.600	-71.613	
87	228.700	-71.605	
94	228.700	-71.605	
87	228.800	-71.597	
94	228.800	-71.597	
87	228.900	-71.589	
94	228.900	-71.589	
87	229.000	-71.581	
94	229.000	-71.581	
87	229.100	-71.573	
94	229.100	-71.573	
87	229.200	-71.565	
94	229.200	-71.565	
87	229.300	-71.557	
94	229.300	-71.557	
87	229.400	-71.550	
94	229.400	-71.550	
87	229.500	-71.542	
94	229.500	-71.542	
87	229.600	-71.534	
94	229.600	-71.534	
87	229.700	-71.526	
94	229.700	-71.526	
87	229.800	-71.519	
94	229.800	-71.519	
87	229.900	-71.511	
94	229.900	-71.511	
87	230.000	-71.504	
94	230.000	-71.504	
87	230.100	-71.496	
94	230.100	-71.496	
87	230.200	-71.489	
94	230.200	-71.489	
87	230.300	-71.481	
94	230.300	-71.481	
87	230.400	-71.474	
94	230.400	-71.474	
87	230.500	-71.466	
94	230.500	-71.466	
87	230.600	-71.459	
94	230.600	-71.459	
87	230.700	-71.452	
94	230.700	-71.452	
87	230.800	-71.445	
94	230.800	-71.445	
87	230.900	-71.437	
94	230.900	-71.437	
87	231.000	-71.430	
94	231.000	-71.430	
87	231.100	-71.423	
94	231.100	-71.423	
87	231.200	-71.416	
94	231.200	-71.416	
87	231.300	-71.409	
94	231.300	-71.409	
87	231.400	-71.402	
94	231.400	-71.402	
87	231.500	-71.395	
94	231.500	-71.395	
87	231.600	-71.388	
94	231.600	-71.388	
87	231.700	-71.381	
94	231.700	-71.381	
87	231.800	-71.374	
94	231.800	-71.374	
87	231.900	-71.367	
94	231.900	-71.367	
87	232.000	-71.360	
94	232.000	-71.360	
87	232.100	-71.353	
94	232.100	-71.353	
87	232.200	-71.347	
94	232.200	-71.347	
87	232.300	-71.340	
94	232.300	-71.340	
87	232.400	-71.333	
94	232.400	-71.333	
87	232.500	-71.327	
94	232.500	-71.327	
87	232.600	-71.320	
94	232.600	-71.320	
87	232.700	-71.313	
94	232.700	-71.313	
87	232.800	-71.307	
94	232.800	-71.307	
87	232.900	-71.300	
94	232.900	-71.300	
87	233.000	-71.294	
94	233.000	-71.294	
87	233.100	-71.287	
94	233.100	-71.287	
87	233.200	-71.281	
94	233.200	-71.281	
87	233.300	-71.274	
94	233.300	-71.274	
87	233.400	-71.268	
94	233.400	-71.268	
87	233.500	-71.262	
94	233.500	-71.262	
87	233.600	-71.255	
94	233.600	-71.255	
87	233.700	-71.249	
94	233.700	-71.249	
87	233.800	-71.243	
94	233.800	-71.243	
87	233.900	-71.237	
94	233.900	-71.237	
87	234.000	-71.230	
94	234.000	-71.230	
87	234.100	-71.224	
94	234.100	-71.224	
87	234.200	-71.218	
94	234.200	-71.218	
87	234.300	-71.212	
94	234.300	-71.212	
87	234.400	-71.206	
94	234.400	-71.206	
87	234.500	-71.200	
94	234.500	-71.200	
87	234.600	-71.194	
94	234.600	-71.194	
87	234.700	-71.188	
94	234.700	-71.188	
87	234.800	-71.182	
94	234.800	-71.182	
87	234.900	-71.176	
94	234.900	-71.176	
87	235.000	-71.170	
94	235.000	-71.170	
87	235.100	-71.164	
94	235.100	-71.164	
87	235.200	-71.159	
94	235.200	-71.159	
87	235.300	-71.153	
94	235.300	-71.153	
87	235.400	-71.147	
94	235.400	-71.147	
87	235.500	-71.141	
94	235.500	-71.141	
87	235.600	-71.136	
94	235.600	-71.136	
87	235.700	-71.130	
94	235.700	-71.130	
87	235.800	-71.124	
94	235.800	-71.124	
87	235.900	-71.119	
94	235.900	-71.119	
87	236.000	-71.113	
94	236.000	-71.113	
87	236.100	-71.107	
94	236.100	-71.107	
87	236.200	-71.102	
94	236.200	-71.102	
87	236.300	-71.096	
94	236.300	-71.096	
87	236.400	-71.091	
94	236.400	-71.091	
87	236.500	-71.085	
94	236.500	-71.085	
87	236.600	-71.080	
94	236.600	-71.080	
87	236.700	-71.075	
94	236.700	-71.075	
87	236.800	-71.069	
94	236.800	-71.069	
87	236.900	-71.064	
94	236.900	-71.064	
87	237.000	-71.059	
94	237.000	-71.059	
87	237.100	-71.053	
94	237.100	-71.053	
87	237.200	-71.048	
94	237.200	-71.048	
87	237.300	-71.043	
94	237.300	-71.043	
87	237.400	-71.037	
94	237.400	-71.037	
87	237.500	-71.032	
94	237.500	-71.032	
87	237.600	-71.027	
94	237.600	-71.027	
87	237.700	-71.022	
94	237.700	-71.022	
87	237.800	-71.017	
94	237.800	-71.017	
87	237.900	-71.012	
94	237.900	-71.012	
87	238.000	-71.007	
94	238.000	-71.007	
87	238.100	-71.002	
94	238.100	-71.002	
87	238.200	-70.997	
94	238.200	-70.997	
87	238.300	-70.992	
94	238.300	-70.992	
87	238.400	-70.987	
94	238.400	-70.987	
87	238.500	-70.982	
94	238.500	-70.982	
87	238.600	-70.977	
94	238.600	-70.977	
87	238.700	-70.972	
94	238.700	-70.972	
87	238.800	-70.967	
94	238.800	-70.967	
87	238.900	-70.962	
94	238.900	-70.962	
87	239.000	-70.957	
94	239.000	-70.957	
87	239.100	-70.953	
94	239.100	-70.953	
87	239.200	-70.948	
94	239.200	-70.948	
87	239.300	-70.943	
94	239.300	-70.943	
87	239.400	-70.938	
94	239.400	-70.938	
87	239.500	-70.934	
94	239.500	-70.934	
87	239.600	-70.929	
94	239.600	-70.929	
87	239.700	-70.924	
94	239.700	-70.924	
87	239.800	-70.920	
94	239.800	-70.920	
87	239.900	-70.915	
94	239.900	-70.915	
87	240.000	-70.910	
94	240.000	-70.910	
87	240.100	-70.906	
94	240.100	-70.906	
87	240.200	-70.901	
94	240.200	-70.901	
87	240.300	-70.897	
94	240.300	-70.897	
87	240.400	-70.892	
94	240.400	-70.892	
87	240.500	-70.888	
94	240.500	-70.888	
87	240.600	-70.883	
94	240.600	-70.883	
87	240.700	-70.879	
94	240.700	-70.879	
87	240.800	-70.875	
94	240.800	-70.875	
87	240.900	-70.870	
94	240.900	-70.870	
87	241.000	-70.866	
94	241.000	-70.866	
87	241.100	-70.862	
94	241.100	-70.862	
87	241.200	-70.857	
94	241.200	-70.857	
87	241.300	-70.853	
94	241.300	-70.853	
87	241.400	-70.849	
94	241.400	-70.849	
87	241.500	-70.844	
94	241.500	-70.844	
87	241.600	-70.840	
94	241.600	-70.840	
87	241.700	-70.836	
94	241.700	-70.836	
87	241.800	-70.832	
94	241.800	-70.832	
87	241.900	-70.828	
94	241.900	-70.828	
87	242.000	-70.823	
94	242.000	-70.823	
87	242.100	-70.819	
94	242.100	-70.819	
87	242.200	-70.815	
94	242.200	-70.815	
87	242.300	-70.811	
94	242.300	-70.811	
87	242.400	-70.807	
94	242.400	-70.807	
87	242.500	-70.803	
94	242.500	-70.803	
87	242.600	-70.799	
94	242.600	-70.799	
87	242.700	-70.795	
94	242.700	-70.795	
87	242.800	-70.791	
94	242.800	-70.791	
87	242.900	-70.787	
94	242.900	-70.787	
87	243.000	-70.783	
94	243.000	-70.783	
87	243.100	-70.779	
94	243.100	-70.779	
87	243.200	-70.775	
94	243.200	-70.775	
87	243.300	-70.771	
94	243.300	-70.771	
87	243.400	-70.767	
94	243.400	-70.767	
87	243.500	-70.764	
94	243.500	-70.764	
87	243.600	-70.760	
94	243.600	-70.760	
87	243.700	-70.756	
94	243.700	-70.756	
87	243.800	-70.752	
94	243.800	-70.752	
87	243.900	-70.748	
94	243.900	-70.748	
87	244.000	-70.745	
94	244.000	-70.745	
87	244.100	-70.741	
94	244.100	-70.741	
87	244.200	-70.737	
94	244.200	-70.737	
87	244.300	-70.733	
94	244.300	-70.733	
87	244.400	-70.730	
94	244.400	-70.730	
87	244.500	-70.726	
94	244.500	-70.726	
87	244.600	-70.722	
94	244.600	-70.722	
87	244.700	-70.719	
94	244.700	-70.719	
87	244.800	-70.715	
94	244.800	-70.715	
87	244.900	-70.712	
94	244.900	-70.712	
87	245.000	-70.708	
94	245.000	-70.708	
87	245.100	-70.704	
94	245.100	-70.704	
87	245.200	-70.701	
94	245.200	-70.701	
87	245.300	-70.697	
94	245.300	-70.697	
87	245.400	-70.694	
94	245.400	-70.694	
87	245.500	-70.690	
94	245.500	-70.690	
87	245.600	-70.687	
94	245.600	-70.687	
87	245.700	-70.683	
94	245.700	-70.683	
87	245.800	-70.680	
94	245.800	-70.680	
87	245.900	-70.677	
94	245.900	-70.677	
87	246.000	-70.673	
94	246.000	-70.673	
87	246.100	-70.670	
94	246.100	-70.670	
87	246.200	-70.666	
94	246.200	-70.666	
87	246.300	-70.663	
94	246.300	-70.663	
87	246.400	-70.660	
94	246.400	-70.660	
87	246.500	-70.656	
94	246.500	-70.656	
87	246.600	-70.653	
94	246.600	-70.653	
87	246.700	-70.650	
94	246.700	-70.650	
87	246.800	-70.647	
94	246.800	-70.647	
87	246.900	-70.643	
94	246.900	-70.643	
87	247.000	-70.640	
94	247.000	-70.640	
87	247.100	-70.637	
94	247.100	-70.637	
87	247.200	-70.634	
94	247.200	-70.634	
87	247.300	-70.630	
94	247.300	-70.630	
87	247.400	-70.627	
94	247.400	-70.627	
87	247.500	-70.624	
94	247.500	-70.624	
87	247.600	-70.621	
94	247.600	-70.621	
87	247.700	-70.618	
94	247.700	-70.618	
87	247.800	-70.615	
94	247.800	-70.615	
87	247.900	-70.612	
94	247.900	-70.612	
87	248.000	-70.609	
94	248.000	-70.609	
87	248.100	-70.606	
94	248.100	-70.606	
87	248.200	-70.603	
94	248.200	-70.603	
87	248.300	-70.599	
94	248.300	-70.599	
87	248.400	-70.596	
94	248.400	-70.596	
87	248.500	-70.593	
94	248.500	-70.593	
87	248.600	-70.590	
94	248.600	-70.590	
87	248.700	-70.587	
94	248.700	-70.587	
87	248.800	-70.585	
94	248.800	-70.585	
87	248.900	-70.582	
94	248.900	-70.582	
87	249.000	-70.579	
94	249.000	-70.579	
87	249.100	-70.576	
94	249.100	-70.576	
87	249.200	-70.573	
94	249.200	-70.573	
87	249.300	-70.570	
94	249.300	-70.570	
87	249.400	-70.567	
94	249.400	-70.567	
87	249.500	-70.564	
94	249.500	-70.564	
87	249.600	-70.561	
94	249.600	-70.561	
87	249.700	-70.559	
94	249.700	-70.559	
87	249.800	-70.556	
94	249.800	-70.556	
87	249.900	-70.553	
94	249.900	-70.553	
