361	0.100	0.000	
361	0.200	0.000	
361	0.300	0.000	
361	0.400	0.000	
361	0.500	0.000	
361	0.600	0.000	
361	0.700	0.000	
361	0.800	0.000	
361	0.900	0.000	
361	1.000	0.000	
361	1.100	0.000	
361	1.200	0.000	
361	1.300	0.000	
361	1.400	0.000	
361	1.500	0.000	
361	1.600	0.000	
361	1.700	0.000	
361	1.800	0.000	
361	1.900	0.000	
361	2.000	0.000	
361	2.100	0.000	
361	2.200	0.000	
361	2.300	0.000	
361	2.400	0.000	
361	2.500	0.000	
361	2.600	0.000	
361	2.700	0.000	
361	2.800	0.000	
361	2.900	0.000	
361	3.000	0.000	
361	3.100	0.000	
361	3.200	0.000	
361	3.300	0.000	
361	3.400	0.000	
361	3.500	0.000	
361	3.600	0.000	
361	3.700	0.000	
361	3.800	0.000	
361	3.900	0.000	
361	4.000	0.000	
361	4.100	0.000	
361	4.200	0.000	
361	4.300	0.000	
361	4.400	0.000	
361	4.500	0.000	
361	4.600	0.000	
361	4.700	0.000	
361	4.800	0.000	
361	4.900	0.000	
361	5.000	0.000	
361	5.100	0.000	
361	5.200	0.000	
361	5.300	0.000	
361	5.400	0.000	
361	5.500	0.000	
361	5.600	0.000	
361	5.700	0.000	
361	5.800	0.000	
361	5.900	0.000	
361	6.000	0.000	
361	6.100	0.000	
361	6.200	0.000	
361	6.300	0.000	
361	6.400	0.000	
361	6.500	0.000	
361	6.600	0.000	
361	6.700	0.000	
361	6.800	0.000	
361	6.900	0.000	
361	7.000	0.000	
361	7.100	0.000	
361	7.200	0.000	
361	7.300	0.000	
361	7.400	0.000	
361	7.500	0.000	
361	7.600	0.000	
361	7.700	0.000	
361	7.800	0.000	
361	7.900	0.000	
361	8.000	0.000	
361	8.100	0.000	
361	8.200	0.000	
361	8.300	0.000	
361	8.400	0.000	
361	8.500	0.000	
361	8.600	0.000	
361	8.700	0.000	
361	8.800	0.000	
361	8.900	0.000	
361	9.000	0.000	
361	9.100	0.000	
361	9.200	0.000	
361	9.300	0.000	
361	9.400	0.000	
361	9.500	0.000	
361	9.600	0.000	
361	9.700	0.000	
361	9.800	0.000	
361	9.900	0.000	
361	10.000	0.000	
361	10.100	0.000	
361	10.200	0.000	
361	10.300	0.000	
361	10.400	0.000	
361	10.500	0.000	
361	10.600	0.000	
361	10.700	0.000	
361	10.800	0.000	
361	10.900	0.000	
361	11.000	0.000	
361	11.100	0.000	
361	11.200	0.000	
361	11.300	0.000	
361	11.400	0.000	
361	11.500	0.000	
361	11.600	0.000	
361	11.700	0.000	
361	11.800	0.000	
361	11.900	0.000	
361	12.000	0.000	
361	12.100	0.000	
361	12.200	0.000	
361	12.300	0.000	
361	12.400	0.000	
361	12.500	0.000	
361	12.600	0.000	
361	12.700	0.000	
361	12.800	0.000	
361	12.900	0.000	
361	13.000	0.000	
361	13.100	0.000	
361	13.200	0.000	
361	13.300	0.000	
361	13.400	0.000	
361	13.500	0.000	
361	13.600	0.000	
361	13.700	0.000	
361	13.800	0.000	
361	13.900	0.000	
361	14.000	0.000	
361	14.100	0.000	
361	14.200	0.000	
361	14.300	0.000	
361	14.400	0.000	
361	14.500	0.000	
361	14.600	0.000	
361	14.700	0.000	
361	14.800	0.000	
361	14.900	0.000	
361	15.000	0.000	
361	15.100	0.000	
361	15.200	0.000	
361	15.300	0.000	
361	15.400	0.000	
361	15.500	0.000	
361	15.600	0.000	
361	15.700	0.000	
361	15.800	0.000	
361	15.900	0.000	
361	16.000	0.000	
361	16.100	0.000	
361	16.200	0.000	
361	16.300	0.000	
361	16.400	0.000	
361	16.500	0.000	
361	16.600	0.000	
361	16.700	0.000	
361	16.800	0.000	
361	16.900	0.000	
361	17.000	0.000	
361	17.100	0.000	
361	17.200	0.000	
361	17.300	0.000	
361	17.400	0.000	
361	17.500	0.000	
361	17.600	0.000	
361	17.700	0.000	
361	17.800	0.000	
361	17.900	0.000	
361	18.000	0.000	
361	18.100	0.000	
361	18.200	0.000	
361	18.300	0.000	
361	18.400	0.000	
361	18.500	0.000	
361	18.600	0.000	
361	18.700	0.000	
361	18.800	0.000	
361	18.900	0.000	
361	19.000	0.000	
361	19.100	0.000	
361	19.200	0.000	
361	19.300	0.000	
361	19.400	0.000	
361	19.500	0.000	
361	19.600	0.000	
361	19.700	0.000	
361	19.800	0.000	
361	19.900	0.000	
361	20.000	0.000	
361	20.100	0.000	
361	20.200	0.000	
361	20.300	0.000	
361	20.400	0.000	
361	20.500	0.000	
361	20.600	0.000	
361	20.700	0.000	
361	20.800	0.000	
361	20.900	0.000	
361	21.000	0.000	
361	21.100	0.000	
361	21.200	0.000	
361	21.300	0.000	
361	21.400	0.000	
361	21.500	0.000	
361	21.600	0.000	
361	21.700	0.000	
361	21.800	0.000	
361	21.900	0.000	
361	22.000	0.000	
361	22.100	0.000	
361	22.200	0.000	
361	22.300	0.000	
361	22.400	0.000	
361	22.500	0.000	
361	22.600	0.000	
361	22.700	0.000	
361	22.800	0.000	
361	22.900	0.000	
361	23.000	0.000	
361	23.100	0.000	
361	23.200	0.000	
361	23.300	0.000	
361	23.400	0.000	
361	23.500	0.000	
361	23.600	0.000	
361	23.700	0.000	
361	23.800	0.000	
361	23.900	0.000	
361	24.000	0.000	
361	24.100	0.000	
361	24.200	0.000	
361	24.300	0.000	
361	24.400	0.000	
361	24.500	0.000	
361	24.600	0.000	
361	24.700	0.000	
361	24.800	0.000	
361	24.900	0.000	
361	25.000	0.000	
361	25.100	0.000	
361	25.200	0.000	
361	25.300	0.000	
361	25.400	0.000	
361	25.500	0.000	
361	25.600	0.000	
361	25.700	0.000	
361	25.800	0.000	
361	25.900	0.000	
361	26.000	0.000	
361	26.100	0.000	
361	26.200	0.000	
361	26.300	0.000	
361	26.400	0.000	
361	26.500	0.000	
361	26.600	0.000	
361	26.700	0.000	
361	26.800	0.000	
361	26.900	0.000	
361	27.000	0.000	
361	27.100	0.000	
361	27.200	0.000	
361	27.300	0.000	
361	27.400	0.000	
361	27.500	0.000	
361	27.600	0.000	
361	27.700	0.000	
361	27.800	0.000	
361	27.900	0.000	
361	28.000	0.000	
361	28.100	0.000	
361	28.200	0.000	
361	28.300	0.000	
361	28.400	0.000	
361	28.500	0.000	
361	28.600	0.000	
361	28.700	0.000	
361	28.800	0.000	
361	28.900	0.000	
361	29.000	0.000	
361	29.100	0.000	
361	29.200	0.000	
361	29.300	0.000	
361	29.400	0.000	
361	29.500	0.000	
361	29.600	0.000	
361	29.700	0.000	
361	29.800	0.000	
361	29.900	0.000	
361	30.000	0.000	
361	30.100	0.000	
361	30.200	0.000	
361	30.300	0.000	
361	30.400	0.000	
361	30.500	0.000	
361	30.600	0.000	
361	30.700	0.000	
361	30.800	0.000	
361	30.900	0.000	
361	31.000	0.000	
361	31.100	0.000	
361	31.200	0.000	
361	31.300	0.000	
361	31.400	0.000	
361	31.500	0.000	
361	31.600	0.000	
361	31.700	0.000	
361	31.800	0.000	
361	31.900	0.000	
361	32.000	0.000	
361	32.100	0.000	
361	32.200	0.000	
361	32.300	0.000	
361	32.400	0.000	
361	32.500	0.000	
361	32.600	0.000	
361	32.700	0.000	
361	32.800	0.000	
361	32.900	0.000	
361	33.000	0.000	
361	33.100	0.000	
361	33.200	0.000	
361	33.300	0.000	
361	33.400	0.000	
361	33.500	0.000	
361	33.600	0.000	
361	33.700	0.000	
361	33.800	0.000	
361	33.900	0.000	
361	34.000	0.000	
361	34.100	0.000	
361	34.200	0.000	
361	34.300	0.000	
361	34.400	0.000	
361	34.500	0.000	
361	34.600	0.000	
361	34.700	0.000	
361	34.800	0.000	
361	34.900	0.000	
361	35.000	0.000	
361	35.100	0.000	
361	35.200	0.000	
361	35.300	0.000	
361	35.400	0.000	
361	35.500	0.000	
361	35.600	0.000	
361	35.700	0.000	
361	35.800	0.000	
361	35.900	0.000	
361	36.000	0.000	
361	36.100	0.000	
361	36.200	0.000	
361	36.300	0.000	
361	36.400	0.000	
361	36.500	0.000	
361	36.600	0.000	
361	36.700	0.000	
361	36.800	0.000	
361	36.900	0.000	
361	37.000	0.000	
361	37.100	0.000	
361	37.200	0.000	
361	37.300	0.000	
361	37.400	0.000	
361	37.500	0.000	
361	37.600	0.000	
361	37.700	0.000	
361	37.800	0.000	
361	37.900	0.000	
361	38.000	0.000	
361	38.100	0.000	
361	38.200	0.000	
361	38.300	0.000	
361	38.400	0.000	
361	38.500	0.000	
361	38.600	0.000	
361	38.700	0.000	
361	38.800	0.000	
361	38.900	0.000	
361	39.000	0.000	
361	39.100	0.000	
361	39.200	0.000	
361	39.300	0.000	
361	39.400	0.000	
361	39.500	0.000	
361	39.600	0.000	
361	39.700	0.000	
361	39.800	0.000	
361	39.900	0.000	
361	40.000	0.000	
361	40.100	0.000	
361	40.200	0.000	
361	40.300	0.000	
361	40.400	0.000	
361	40.500	0.000	
361	40.600	0.000	
361	40.700	0.000	
361	40.800	0.000	
361	40.900	0.000	
361	41.000	0.000	
361	41.100	0.000	
361	41.200	0.000	
361	41.300	0.000	
361	41.400	0.000	
361	41.500	0.000	
361	41.600	0.000	
361	41.700	0.000	
361	41.800	0.000	
361	41.900	0.000	
361	42.000	0.000	
361	42.100	0.000	
361	42.200	0.000	
361	42.300	0.000	
361	42.400	0.000	
361	42.500	0.000	
361	42.600	0.000	
361	42.700	0.000	
361	42.800	0.000	
361	42.900	0.000	
361	43.000	0.000	
361	43.100	0.000	
361	43.200	0.000	
361	43.300	0.000	
361	43.400	0.000	
361	43.500	0.000	
361	43.600	0.000	
361	43.700	0.000	
361	43.800	0.000	
361	43.900	0.000	
361	44.000	0.000	
361	44.100	0.000	
361	44.200	0.000	
361	44.300	0.000	
361	44.400	0.000	
361	44.500	0.000	
361	44.600	0.000	
361	44.700	0.000	
361	44.800	0.000	
361	44.900	0.000	
361	45.000	0.000	
361	45.100	0.000	
361	45.200	0.000	
361	45.300	0.000	
361	45.400	0.000	
361	45.500	0.000	
361	45.600	0.000	
361	45.700	0.000	
361	45.800	0.000	
361	45.900	0.000	
361	46.000	0.000	
361	46.100	0.000	
361	46.200	0.000	
361	46.300	0.000	
361	46.400	0.000	
361	46.500	0.000	
361	46.600	0.000	
361	46.700	0.000	
361	46.800	0.000	
361	46.900	0.000	
361	47.000	0.000	
361	47.100	0.000	
361	47.200	0.000	
361	47.300	0.000	
361	47.400	0.000	
361	47.500	0.000	
361	47.600	0.000	
361	47.700	0.000	
361	47.800	0.000	
361	47.900	0.000	
361	48.000	0.000	
361	48.100	0.000	
361	48.200	0.000	
361	48.300	0.000	
361	48.400	0.000	
361	48.500	0.000	
361	48.600	0.000	
361	48.700	0.000	
361	48.800	0.000	
361	48.900	0.000	
361	49.000	0.000	
361	49.100	0.000	
361	49.200	0.000	
361	49.300	0.000	
361	49.400	0.000	
361	49.500	0.000	
361	49.600	0.000	
361	49.700	0.000	
361	49.800	0.000	
361	49.900	0.000	
361	50.000	0.000	
361	50.100	0.000	
361	50.200	0.000	
361	50.300	0.000	
361	50.400	0.000	
361	50.500	0.000	
361	50.600	0.000	
361	50.700	0.000	
361	50.800	0.000	
361	50.900	0.000	
361	51.000	0.000	
361	51.100	0.000	
361	51.200	0.000	
361	51.300	0.000	
361	51.400	0.000	
361	51.500	0.000	
361	51.600	0.000	
361	51.700	0.000	
361	51.800	0.000	
361	51.900	0.000	
361	52.000	0.000	
361	52.100	0.000	
361	52.200	0.000	
361	52.300	0.000	
361	52.400	0.000	
361	52.500	0.000	
361	52.600	0.000	
361	52.700	0.000	
361	52.800	0.000	
361	52.900	0.000	
361	53.000	0.000	
361	53.100	0.000	
361	53.200	0.000	
361	53.300	0.000	
361	53.400	0.000	
361	53.500	0.000	
361	53.600	0.000	
361	53.700	0.000	
361	53.800	0.000	
361	53.900	0.000	
361	54.000	0.000	
361	54.100	0.000	
361	54.200	0.000	
361	54.300	0.000	
361	54.400	0.000	
361	54.500	0.000	
361	54.600	0.000	
361	54.700	0.000	
361	54.800	0.000	
361	54.900	0.000	
361	55.000	0.000	
361	55.100	0.000	
361	55.200	0.000	
361	55.300	0.000	
361	55.400	0.000	
361	55.500	0.000	
361	55.600	0.000	
361	55.700	0.000	
361	55.800	0.000	
361	55.900	0.000	
361	56.000	0.000	
361	56.100	0.000	
361	56.200	0.000	
361	56.300	0.000	
361	56.400	0.000	
361	56.500	0.000	
361	56.600	0.000	
361	56.700	0.000	
361	56.800	0.000	
361	56.900	0.000	
361	57.000	0.000	
361	57.100	0.000	
361	57.200	0.000	
361	57.300	0.000	
361	57.400	0.000	
361	57.500	0.000	
361	57.600	0.000	
361	57.700	0.000	
361	57.800	0.000	
361	57.900	0.000	
361	58.000	0.000	
361	58.100	0.000	
361	58.200	0.000	
361	58.300	0.000	
361	58.400	0.000	
361	58.500	0.000	
361	58.600	0.000	
361	58.700	0.000	
361	58.800	0.000	
361	58.900	0.000	
361	59.000	0.000	
361	59.100	0.000	
361	59.200	0.000	
361	59.300	0.000	
361	59.400	0.000	
361	59.500	0.000	
361	59.600	0.000	
361	59.700	0.000	
361	59.800	0.000	
361	59.900	0.000	
361	60.000	0.000	
361	60.100	0.000	
361	60.200	0.000	
361	60.300	0.000	
361	60.400	0.000	
361	60.500	0.000	
361	60.600	0.000	
361	60.700	0.000	
361	60.800	0.000	
361	60.900	0.000	
361	61.000	0.000	
361	61.100	0.000	
361	61.200	0.000	
361	61.300	0.000	
361	61.400	0.000	
361	61.500	0.000	
361	61.600	0.000	
361	61.700	0.000	
361	61.800	0.000	
361	61.900	0.000	
361	62.000	0.000	
361	62.100	0.000	
361	62.200	0.000	
361	62.300	0.000	
361	62.400	0.000	
361	62.500	0.000	
361	62.600	0.000	
361	62.700	0.000	
361	62.800	0.000	
361	62.900	0.000	
361	63.000	0.000	
361	63.100	0.000	
361	63.200	0.000	
361	63.300	0.000	
361	63.400	0.000	
361	63.500	0.000	
361	63.600	0.000	
361	63.700	0.000	
361	63.800	0.000	
361	63.900	0.000	
361	64.000	0.000	
361	64.100	0.000	
361	64.200	0.000	
361	64.300	0.000	
361	64.400	0.000	
361	64.500	0.000	
361	64.600	0.000	
361	64.700	0.000	
361	64.800	0.000	
361	64.900	0.000	
361	65.000	0.000	
361	65.100	0.000	
361	65.200	0.000	
361	65.300	0.000	
361	65.400	0.000	
361	65.500	0.000	
361	65.600	0.000	
361	65.700	0.000	
361	65.800	0.000	
361	65.900	0.000	
361	66.000	0.000	
361	66.100	0.000	
361	66.200	0.000	
361	66.300	0.000	
361	66.400	0.000	
361	66.500	0.000	
361	66.600	0.000	
361	66.700	0.000	
361	66.800	0.000	
361	66.900	0.000	
361	67.000	0.000	
361	67.100	0.000	
361	67.200	0.000	
361	67.300	0.000	
361	67.400	0.000	
361	67.500	0.000	
361	67.600	0.000	
361	67.700	0.000	
361	67.800	0.000	
361	67.900	0.000	
361	68.000	0.000	
361	68.100	0.000	
361	68.200	0.000	
361	68.300	0.000	
361	68.400	0.000	
361	68.500	0.000	
361	68.600	0.000	
361	68.700	0.000	
361	68.800	0.000	
361	68.900	0.000	
361	69.000	0.000	
361	69.100	0.000	
361	69.200	0.000	
361	69.300	0.000	
361	69.400	0.000	
361	69.500	0.000	
361	69.600	0.000	
361	69.700	0.000	
361	69.800	0.000	
361	69.900	0.000	
361	70.000	0.000	
361	70.100	0.000	
361	70.200	0.000	
361	70.300	0.000	
361	70.400	0.000	
361	70.500	0.000	
361	70.600	0.000	
361	70.700	0.000	
361	70.800	0.000	
361	70.900	0.000	
361	71.000	0.000	
361	71.100	0.000	
361	71.200	0.000	
361	71.300	0.000	
361	71.400	0.000	
361	71.500	0.000	
361	71.600	0.000	
361	71.700	0.000	
361	71.800	0.000	
361	71.900	0.000	
361	72.000	0.000	
361	72.100	0.000	
361	72.200	0.000	
361	72.300	0.000	
361	72.400	0.000	
361	72.500	0.000	
361	72.600	0.000	
361	72.700	0.000	
361	72.800	0.000	
361	72.900	0.000	
361	73.000	0.000	
361	73.100	0.000	
361	73.200	0.000	
361	73.300	0.000	
361	73.400	0.000	
361	73.500	0.000	
361	73.600	0.000	
361	73.700	0.000	
361	73.800	0.000	
361	73.900	0.000	
361	74.000	0.000	
361	74.100	0.000	
361	74.200	0.000	
361	74.300	0.000	
361	74.400	0.000	
361	74.500	0.000	
361	74.600	0.000	
361	74.700	0.000	
361	74.800	0.000	
361	74.900	0.000	
361	75.000	0.000	
361	75.100	0.000	
361	75.200	0.000	
361	75.300	0.000	
361	75.400	0.000	
361	75.500	0.000	
361	75.600	0.000	
361	75.700	0.000	
361	75.800	0.000	
361	75.900	0.000	
361	76.000	0.000	
361	76.100	0.000	
361	76.200	0.000	
361	76.300	0.000	
361	76.400	0.000	
361	76.500	0.000	
361	76.600	0.000	
361	76.700	0.000	
361	76.800	0.000	
361	76.900	0.000	
361	77.000	0.000	
361	77.100	0.000	
361	77.200	0.000	
361	77.300	0.000	
361	77.400	0.000	
361	77.500	0.000	
361	77.600	0.000	
361	77.700	0.000	
361	77.800	0.000	
361	77.900	0.000	
361	78.000	0.000	
361	78.100	0.000	
361	78.200	0.000	
361	78.300	0.000	
361	78.400	0.000	
361	78.500	0.000	
361	78.600	0.000	
361	78.700	0.000	
361	78.800	0.000	
361	78.900	0.000	
361	79.000	0.000	
361	79.100	0.000	
361	79.200	0.000	
361	79.300	0.000	
361	79.400	0.000	
361	79.500	0.000	
361	79.600	0.000	
361	79.700	0.000	
361	79.800	0.000	
361	79.900	0.000	
361	80.000	0.000	
361	80.100	0.000	
361	80.200	0.000	
361	80.300	0.000	
361	80.400	0.000	
361	80.500	0.000	
361	80.600	0.000	
361	80.700	0.000	
361	80.800	0.000	
361	80.900	0.000	
361	81.000	0.000	
361	81.100	0.000	
361	81.200	0.000	
361	81.300	0.000	
361	81.400	0.000	
361	81.500	0.000	
361	81.600	0.000	
361	81.700	0.000	
361	81.800	0.000	
361	81.900	0.000	
361	82.000	0.000	
361	82.100	0.000	
361	82.200	0.000	
361	82.300	0.000	
361	82.400	0.000	
361	82.500	0.000	
361	82.600	0.000	
361	82.700	0.000	
361	82.800	0.000	
361	82.900	0.000	
361	83.000	0.000	
361	83.100	0.000	
361	83.200	0.000	
361	83.300	0.000	
361	83.400	0.000	
361	83.500	0.000	
361	83.600	0.000	
361	83.700	0.000	
361	83.800	0.000	
361	83.900	0.000	
361	84.000	0.000	
361	84.100	0.000	
361	84.200	0.000	
361	84.300	0.000	
361	84.400	0.000	
361	84.500	0.000	
361	84.600	0.000	
361	84.700	0.000	
361	84.800	0.000	
361	84.900	0.000	
361	85.000	0.000	
361	85.100	0.000	
361	85.200	0.000	
361	85.300	0.000	
361	85.400	0.000	
361	85.500	0.000	
361	85.600	0.000	
361	85.700	0.000	
361	85.800	0.000	
361	85.900	0.000	
361	86.000	0.000	
361	86.100	0.000	
361	86.200	0.000	
361	86.300	0.000	
361	86.400	0.000	
361	86.500	0.000	
361	86.600	0.000	
361	86.700	0.000	
361	86.800	0.000	
361	86.900	0.000	
361	87.000	0.000	
361	87.100	0.000	
361	87.200	0.000	
361	87.300	0.000	
361	87.400	0.000	
361	87.500	0.000	
361	87.600	0.000	
361	87.700	0.000	
361	87.800	0.000	
361	87.900	0.000	
361	88.000	0.000	
361	88.100	0.000	
361	88.200	0.000	
361	88.300	0.000	
361	88.400	0.000	
361	88.500	0.000	
361	88.600	0.000	
361	88.700	0.000	
361	88.800	0.000	
361	88.900	0.000	
361	89.000	0.000	
361	89.100	0.000	
361	89.200	0.000	
361	89.300	0.000	
361	89.400	0.000	
361	89.500	0.000	
361	89.600	0.000	
361	89.700	0.000	
361	89.800	0.000	
361	89.900	0.000	
361	90.000	0.000	
361	90.100	0.000	
361	90.200	0.000	
361	90.300	0.000	
361	90.400	0.000	
361	90.500	0.000	
361	90.600	0.000	
361	90.700	0.000	
361	90.800	0.000	
361	90.900	0.000	
361	91.000	0.000	
361	91.100	0.000	
361	91.200	0.000	
361	91.300	0.000	
361	91.400	0.000	
361	91.500	0.000	
361	91.600	0.000	
361	91.700	0.000	
361	91.800	0.000	
361	91.900	0.000	
361	92.000	0.000	
361	92.100	0.000	
361	92.200	0.000	
361	92.300	0.000	
361	92.400	0.000	
361	92.500	0.000	
361	92.600	0.000	
361	92.700	0.000	
361	92.800	0.000	
361	92.900	0.000	
361	93.000	0.000	
361	93.100	0.000	
361	93.200	0.000	
361	93.300	0.000	
361	93.400	0.000	
361	93.500	0.000	
361	93.600	0.000	
361	93.700	0.000	
361	93.800	0.000	
361	93.900	0.000	
361	94.000	0.000	
361	94.100	0.000	
361	94.200	0.000	
361	94.300	0.000	
361	94.400	0.000	
361	94.500	0.000	
361	94.600	0.000	
361	94.700	0.000	
361	94.800	0.000	
361	94.900	0.000	
361	95.000	0.000	
361	95.100	0.000	
361	95.200	0.000	
361	95.300	0.000	
361	95.400	0.000	
361	95.500	0.000	
361	95.600	0.000	
361	95.700	0.000	
361	95.800	0.000	
361	95.900	0.000	
361	96.000	0.000	
361	96.100	0.000	
361	96.200	0.000	
361	96.300	0.000	
361	96.400	0.000	
361	96.500	0.000	
361	96.600	0.000	
361	96.700	0.000	
361	96.800	0.000	
361	96.900	0.000	
361	97.000	0.000	
361	97.100	0.000	
361	97.200	0.000	
361	97.300	0.000	
361	97.400	0.000	
361	97.500	0.000	
361	97.600	0.000	
361	97.700	0.000	
361	97.800	0.000	
361	97.900	0.000	
361	98.000	0.000	
361	98.100	0.000	
361	98.200	0.000	
361	98.300	0.000	
361	98.400	0.000	
361	98.500	0.000	
361	98.600	0.000	
361	98.700	0.000	
361	98.800	0.000	
361	98.900	0.000	
361	99.000	0.000	
361	99.100	0.000	
361	99.200	0.000	
361	99.300	0.000	
361	99.400	0.000	
361	99.500	0.000	
361	99.600	0.000	
361	99.700	0.000	
361	99.800	0.000	
361	99.900	0.000	
361	100.000	0.000	
361	100.100	0.000	
361	100.200	0.000	
361	100.300	0.000	
361	100.400	0.000	
361	100.500	0.000	
361	100.600	0.000	
361	100.700	0.000	
361	100.800	0.000	
361	100.900	0.000	
361	101.000	0.000	
361	101.100	0.000	
361	101.200	0.000	
361	101.300	0.000	
361	101.400	0.000	
361	101.500	0.000	
361	101.600	0.000	
361	101.700	0.000	
361	101.800	0.000	
361	101.900	0.000	
361	102.000	0.000	
361	102.100	0.000	
361	102.200	0.000	
361	102.300	0.000	
361	102.400	0.000	
361	102.500	0.000	
361	102.600	0.000	
361	102.700	0.000	
361	102.800	0.000	
361	102.900	0.000	
361	103.000	0.000	
361	103.100	0.000	
361	103.200	0.000	
361	103.300	0.000	
361	103.400	0.000	
361	103.500	0.000	
361	103.600	0.000	
361	103.700	0.000	
361	103.800	0.000	
361	103.900	0.000	
361	104.000	0.000	
361	104.100	0.000	
361	104.200	0.000	
361	104.300	0.000	
361	104.400	0.000	
361	104.500	0.000	
361	104.600	0.000	
361	104.700	0.000	
361	104.800	0.000	
361	104.900	0.000	
361	105.000	0.000	
361	105.100	0.000	
361	105.200	0.000	
361	105.300	0.000	
361	105.400	0.000	
361	105.500	0.000	
361	105.600	0.000	
361	105.700	0.000	
361	105.800	0.000	
361	105.900	0.000	
361	106.000	0.000	
361	106.100	0.000	
361	106.200	0.000	
361	106.300	0.000	
361	106.400	0.000	
361	106.500	0.000	
361	106.600	0.000	
361	106.700	0.000	
361	106.800	0.000	
361	106.900	0.000	
361	107.000	0.000	
361	107.100	0.000	
361	107.200	0.000	
361	107.300	0.000	
361	107.400	0.000	
361	107.500	0.000	
361	107.600	0.000	
361	107.700	0.000	
361	107.800	0.000	
361	107.900	0.000	
361	108.000	0.000	
361	108.100	0.000	
361	108.200	0.000	
361	108.300	0.000	
361	108.400	0.000	
361	108.500	0.000	
361	108.600	0.000	
361	108.700	0.000	
361	108.800	0.000	
361	108.900	0.000	
361	109.000	0.000	
361	109.100	0.000	
361	109.200	0.000	
361	109.300	0.000	
361	109.400	0.000	
361	109.500	0.000	
361	109.600	0.000	
361	109.700	0.000	
361	109.800	0.000	
361	109.900	0.000	
361	110.000	0.000	
361	110.100	0.000	
361	110.200	0.000	
361	110.300	0.000	
361	110.400	0.000	
361	110.500	0.000	
361	110.600	0.000	
361	110.700	0.000	
361	110.800	0.000	
361	110.900	0.000	
361	111.000	0.000	
361	111.100	0.000	
361	111.200	0.000	
361	111.300	0.000	
361	111.400	0.000	
361	111.500	0.000	
361	111.600	0.000	
361	111.700	0.000	
361	111.800	0.000	
361	111.900	0.000	
361	112.000	0.000	
361	112.100	0.000	
361	112.200	0.000	
361	112.300	0.000	
361	112.400	0.000	
361	112.500	0.000	
361	112.600	0.000	
361	112.700	0.000	
361	112.800	0.000	
361	112.900	0.000	
361	113.000	0.000	
361	113.100	0.000	
361	113.200	0.000	
361	113.300	0.000	
361	113.400	0.000	
361	113.500	0.000	
361	113.600	0.000	
361	113.700	0.000	
361	113.800	0.000	
361	113.900	0.000	
361	114.000	0.000	
361	114.100	0.000	
361	114.200	0.000	
361	114.300	0.000	
361	114.400	0.000	
361	114.500	0.000	
361	114.600	0.000	
361	114.700	0.000	
361	114.800	0.000	
361	114.900	0.000	
361	115.000	0.000	
361	115.100	0.000	
361	115.200	0.000	
361	115.300	0.000	
361	115.400	0.000	
361	115.500	0.000	
361	115.600	0.000	
361	115.700	0.000	
361	115.800	0.000	
361	115.900	0.000	
361	116.000	0.000	
361	116.100	0.000	
361	116.200	0.000	
361	116.300	0.000	
361	116.400	0.000	
361	116.500	0.000	
361	116.600	0.000	
361	116.700	0.000	
361	116.800	0.000	
361	116.900	0.000	
361	117.000	0.000	
361	117.100	0.000	
361	117.200	0.000	
361	117.300	0.000	
361	117.400	0.000	
361	117.500	0.000	
361	117.600	0.000	
361	117.700	0.000	
361	117.800	0.000	
361	117.900	0.000	
361	118.000	0.000	
361	118.100	0.000	
361	118.200	0.000	
361	118.300	0.000	
361	118.400	0.000	
361	118.500	0.000	
361	118.600	0.000	
361	118.700	0.000	
361	118.800	0.000	
361	118.900	0.000	
361	119.000	0.000	
361	119.100	0.000	
361	119.200	0.000	
361	119.300	0.000	
361	119.400	0.000	
361	119.500	0.000	
361	119.600	0.000	
361	119.700	0.000	
361	119.800	0.000	
361	119.900	0.000	
361	120.000	0.000	
361	120.100	0.000	
361	120.200	0.000	
361	120.300	0.000	
361	120.400	0.000	
361	120.500	0.000	
361	120.600	0.000	
361	120.700	0.000	
361	120.800	0.000	
361	120.900	0.000	
361	121.000	0.000	
361	121.100	0.000	
361	121.200	0.000	
361	121.300	0.000	
361	121.400	0.000	
361	121.500	0.000	
361	121.600	0.000	
361	121.700	0.000	
361	121.800	0.000	
361	121.900	0.000	
361	122.000	0.000	
361	122.100	0.000	
361	122.200	0.000	
361	122.300	0.000	
361	122.400	0.000	
361	122.500	0.000	
361	122.600	0.000	
361	122.700	0.000	
361	122.800	0.000	
361	122.900	0.000	
361	123.000	0.000	
361	123.100	0.000	
361	123.200	0.000	
361	123.300	0.000	
361	123.400	0.000	
361	123.500	0.000	
361	123.600	0.000	
361	123.700	0.000	
361	123.800	0.000	
361	123.900	0.000	
361	124.000	0.000	
361	124.100	0.000	
361	124.200	0.000	
361	124.300	0.000	
361	124.400	0.000	
361	124.500	0.000	
361	124.600	0.000	
361	124.700	0.000	
361	124.800	0.000	
361	124.900	0.000	
361	125.000	0.000	
361	125.100	0.000	
361	125.200	0.000	
361	125.300	0.000	
361	125.400	0.000	
361	125.500	0.000	
361	125.600	0.000	
361	125.700	0.000	
361	125.800	0.000	
361	125.900	0.000	
361	126.000	0.000	
361	126.100	0.000	
361	126.200	0.000	
361	126.300	0.000	
361	126.400	0.000	
361	126.500	0.000	
361	126.600	0.000	
361	126.700	0.000	
361	126.800	0.000	
361	126.900	0.000	
361	127.000	0.000	
361	127.100	0.000	
361	127.200	0.000	
361	127.300	0.000	
361	127.400	0.000	
361	127.500	0.000	
361	127.600	0.000	
361	127.700	0.000	
361	127.800	0.000	
361	127.900	0.000	
361	128.000	0.000	
361	128.100	0.000	
361	128.200	0.000	
361	128.300	0.000	
361	128.400	0.000	
361	128.500	0.000	
361	128.600	0.000	
361	128.700	0.000	
361	128.800	0.000	
361	128.900	0.000	
361	129.000	0.000	
361	129.100	0.000	
361	129.200	0.000	
361	129.300	0.000	
361	129.400	0.000	
361	129.500	0.000	
361	129.600	0.000	
361	129.700	0.000	
361	129.800	0.000	
361	129.900	0.000	
361	130.000	0.000	
361	130.100	0.000	
361	130.200	0.000	
361	130.300	0.000	
361	130.400	0.000	
361	130.500	0.000	
361	130.600	0.000	
361	130.700	0.000	
361	130.800	0.000	
361	130.900	0.000	
361	131.000	0.000	
361	131.100	0.000	
361	131.200	0.000	
361	131.300	0.000	
361	131.400	0.000	
361	131.500	0.000	
361	131.600	0.000	
361	131.700	0.000	
361	131.800	0.000	
361	131.900	0.000	
361	132.000	0.000	
361	132.100	0.000	
361	132.200	0.000	
361	132.300	0.000	
361	132.400	0.000	
361	132.500	0.000	
361	132.600	0.000	
361	132.700	0.000	
361	132.800	0.000	
361	132.900	0.000	
361	133.000	0.000	
361	133.100	0.000	
361	133.200	0.000	
361	133.300	0.000	
361	133.400	0.000	
361	133.500	0.000	
361	133.600	0.000	
361	133.700	0.000	
361	133.800	0.000	
361	133.900	0.000	
361	134.000	0.000	
361	134.100	0.000	
361	134.200	0.000	
361	134.300	0.000	
361	134.400	0.000	
361	134.500	0.000	
361	134.600	0.000	
361	134.700	0.000	
361	134.800	0.000	
361	134.900	0.000	
361	135.000	0.000	
361	135.100	0.000	
361	135.200	0.000	
361	135.300	0.000	
361	135.400	0.000	
361	135.500	0.000	
361	135.600	0.000	
361	135.700	0.000	
361	135.800	0.000	
361	135.900	0.000	
361	136.000	0.000	
361	136.100	0.000	
361	136.200	0.000	
361	136.300	0.000	
361	136.400	0.000	
361	136.500	0.000	
361	136.600	0.000	
361	136.700	0.000	
361	136.800	0.000	
361	136.900	0.000	
361	137.000	0.000	
361	137.100	0.000	
361	137.200	0.000	
361	137.300	0.000	
361	137.400	0.000	
361	137.500	0.000	
361	137.600	0.000	
361	137.700	0.000	
361	137.800	0.000	
361	137.900	0.000	
361	138.000	0.000	
361	138.100	0.000	
361	138.200	0.000	
361	138.300	0.000	
361	138.400	0.000	
361	138.500	0.000	
361	138.600	0.000	
361	138.700	0.000	
361	138.800	0.000	
361	138.900	0.000	
361	139.000	0.000	
361	139.100	0.000	
361	139.200	0.000	
361	139.300	0.000	
361	139.400	0.000	
361	139.500	0.000	
361	139.600	0.000	
361	139.700	0.000	
361	139.800	0.000	
361	139.900	0.000	
361	140.000	0.000	
361	140.100	0.000	
361	140.200	0.000	
361	140.300	0.000	
361	140.400	0.000	
361	140.500	0.000	
361	140.600	0.000	
361	140.700	0.000	
361	140.800	0.000	
361	140.900	0.000	
361	141.000	0.000	
361	141.100	0.000	
361	141.200	0.000	
361	141.300	0.000	
361	141.400	0.000	
361	141.500	0.000	
361	141.600	0.000	
361	141.700	0.000	
361	141.800	0.000	
361	141.900	0.000	
361	142.000	0.000	
361	142.100	0.000	
361	142.200	0.000	
361	142.300	0.000	
361	142.400	0.000	
361	142.500	0.000	
361	142.600	0.000	
361	142.700	0.000	
361	142.800	0.000	
361	142.900	0.000	
361	143.000	0.000	
361	143.100	0.000	
361	143.200	0.000	
361	143.300	0.000	
361	143.400	0.000	
361	143.500	0.000	
361	143.600	0.000	
361	143.700	0.000	
361	143.800	0.000	
361	143.900	0.000	
361	144.000	0.000	
361	144.100	0.000	
361	144.200	0.000	
361	144.300	0.000	
361	144.400	0.000	
361	144.500	0.000	
361	144.600	0.000	
361	144.700	0.000	
361	144.800	0.000	
361	144.900	0.000	
361	145.000	0.000	
361	145.100	0.000	
361	145.200	0.000	
361	145.300	0.000	
361	145.400	0.000	
361	145.500	0.000	
361	145.600	0.000	
361	145.700	0.000	
361	145.800	0.000	
361	145.900	0.000	
361	146.000	0.000	
361	146.100	0.000	
361	146.200	0.000	
361	146.300	0.000	
361	146.400	0.000	
361	146.500	0.000	
361	146.600	0.000	
361	146.700	0.000	
361	146.800	0.000	
361	146.900	0.000	
361	147.000	0.000	
361	147.100	0.000	
361	147.200	0.000	
361	147.300	0.000	
361	147.400	0.000	
361	147.500	0.000	
361	147.600	0.000	
361	147.700	0.000	
361	147.800	0.000	
361	147.900	0.000	
361	148.000	0.000	
361	148.100	0.000	
361	148.200	0.000	
361	148.300	0.000	
361	148.400	0.000	
361	148.500	0.000	
361	148.600	0.000	
361	148.700	0.000	
361	148.800	0.000	
361	148.900	0.000	
361	149.000	0.000	
