81	0.100	0.000	
81	0.200	0.000	
81	0.300	0.000	
81	0.400	0.000	
81	0.500	0.000	
81	0.600	0.000	
81	0.700	0.000	
81	0.800	0.000	
81	0.900	0.000	
81	1.000	0.000	
81	1.100	0.000	
81	1.200	0.000	
81	1.300	0.000	
81	1.400	0.000	
81	1.500	0.000	
81	1.600	0.000	
81	1.700	0.000	
81	1.800	0.000	
81	1.900	0.000	
81	2.000	0.000	
81	2.100	0.000	
81	2.200	0.000	
81	2.300	0.000	
81	2.400	0.000	
81	2.500	0.000	
81	2.600	0.000	
81	2.700	0.000	
81	2.800	0.000	
81	2.900	0.000	
81	3.000	0.000	
81	3.100	0.000	
81	3.200	0.000	
81	3.300	0.000	
81	3.400	0.000	
81	3.500	0.000	
81	3.600	0.000	
81	3.700	0.000	
81	3.800	0.000	
81	3.900	0.000	
81	4.000	0.000	
81	4.100	0.000	
81	4.200	0.000	
81	4.300	0.000	
81	4.400	0.000	
81	4.500	0.000	
81	4.600	0.000	
81	4.700	0.000	
81	4.800	0.000	
81	4.900	0.000	
81	5.000	0.000	
81	5.100	0.000	
81	5.200	0.000	
81	5.300	0.000	
81	5.400	0.000	
81	5.500	0.000	
81	5.600	0.000	
81	5.700	0.000	
81	5.800	0.000	
81	5.900	0.000	
81	6.000	0.000	
81	6.100	0.000	
81	6.200	0.000	
81	6.300	0.000	
81	6.400	0.000	
81	6.500	0.000	
81	6.600	0.000	
81	6.700	0.000	
81	6.800	0.000	
81	6.900	0.000	
81	7.000	0.000	
81	7.100	0.000	
81	7.200	0.000	
81	7.300	0.000	
81	7.400	0.000	
81	7.500	0.000	
81	7.600	0.000	
81	7.700	0.000	
81	7.800	0.000	
81	7.900	0.000	
81	8.000	0.000	
81	8.100	0.000	
81	8.200	0.000	
81	8.300	0.000	
81	8.400	0.000	
81	8.500	0.000	
81	8.600	0.000	
81	8.700	0.000	
81	8.800	0.000	
81	8.900	0.000	
81	9.000	0.000	
81	9.100	0.000	
81	9.200	0.000	
81	9.300	0.000	
81	9.400	0.000	
81	9.500	0.000	
81	9.600	0.000	
81	9.700	0.000	
81	9.800	0.000	
81	9.900	0.000	
81	10.000	0.000	
81	10.100	0.000	
81	10.200	0.000	
81	10.300	0.000	
81	10.400	0.000	
81	10.500	0.000	
81	10.600	0.000	
81	10.700	0.000	
81	10.800	0.000	
81	10.900	0.000	
81	11.000	0.000	
81	11.100	0.000	
81	11.200	0.000	
81	11.300	0.000	
81	11.400	0.000	
81	11.500	0.000	
81	11.600	0.000	
81	11.700	0.000	
81	11.800	0.000	
81	11.900	0.000	
81	12.000	0.000	
81	12.100	0.000	
81	12.200	0.000	
81	12.300	0.000	
81	12.400	0.000	
81	12.500	0.000	
81	12.600	0.000	
81	12.700	0.000	
81	12.800	0.000	
81	12.900	0.000	
81	13.000	0.000	
81	13.100	0.000	
81	13.200	0.000	
81	13.300	0.000	
81	13.400	0.000	
81	13.500	0.000	
81	13.600	0.000	
81	13.700	0.000	
81	13.800	0.000	
81	13.900	0.000	
81	14.000	0.000	
81	14.100	0.000	
81	14.200	0.000	
81	14.300	0.000	
81	14.400	0.000	
81	14.500	0.000	
81	14.600	0.000	
81	14.700	0.000	
81	14.800	0.000	
81	14.900	0.000	
81	15.000	0.000	
81	15.100	0.000	
81	15.200	0.000	
81	15.300	0.000	
81	15.400	0.000	
81	15.500	0.000	
81	15.600	0.000	
81	15.700	0.000	
81	15.800	0.000	
81	15.900	0.000	
81	16.000	0.000	
81	16.100	0.000	
81	16.200	0.000	
81	16.300	0.000	
81	16.400	0.000	
81	16.500	0.000	
81	16.600	0.000	
81	16.700	0.000	
81	16.800	0.000	
81	16.900	0.000	
81	17.000	0.000	
81	17.100	0.000	
81	17.200	0.000	
81	17.300	0.000	
81	17.400	0.000	
81	17.500	0.000	
81	17.600	0.000	
81	17.700	0.000	
81	17.800	0.000	
81	17.900	0.000	
81	18.000	0.000	
81	18.100	0.000	
81	18.200	0.000	
81	18.300	0.000	
81	18.400	0.000	
81	18.500	0.000	
81	18.600	0.000	
81	18.700	0.000	
81	18.800	0.000	
81	18.900	0.000	
81	19.000	0.000	
81	19.100	0.000	
81	19.200	0.000	
81	19.300	0.000	
81	19.400	0.000	
81	19.500	0.000	
81	19.600	0.000	
81	19.700	0.000	
81	19.800	0.000	
81	19.900	0.000	
81	20.000	0.000	
81	20.100	0.000	
81	20.200	0.000	
81	20.300	0.000	
81	20.400	0.000	
81	20.500	0.000	
81	20.600	0.000	
81	20.700	0.000	
81	20.800	0.000	
81	20.900	0.000	
81	21.000	0.000	
81	21.100	0.000	
81	21.200	0.000	
81	21.300	0.000	
81	21.400	0.000	
81	21.500	0.000	
81	21.600	0.000	
81	21.700	0.000	
81	21.800	0.000	
81	21.900	0.000	
81	22.000	0.000	
81	22.100	0.000	
81	22.200	0.000	
81	22.300	0.000	
81	22.400	0.000	
81	22.500	0.000	
81	22.600	0.000	
81	22.700	0.000	
81	22.800	0.000	
81	22.900	0.000	
81	23.000	0.000	
81	23.100	0.000	
81	23.200	0.000	
81	23.300	0.000	
81	23.400	0.000	
81	23.500	0.000	
81	23.600	0.000	
81	23.700	0.000	
81	23.800	0.000	
81	23.900	0.000	
81	24.000	0.000	
81	24.100	0.000	
81	24.200	0.000	
81	24.300	0.000	
81	24.400	0.000	
81	24.500	0.000	
81	24.600	0.000	
81	24.700	0.000	
81	24.800	0.000	
81	24.900	0.000	
81	25.000	0.000	
81	25.100	0.000	
81	25.200	0.000	
81	25.300	0.000	
81	25.400	0.000	
81	25.500	0.000	
81	25.600	0.000	
81	25.700	0.000	
81	25.800	0.000	
81	25.900	0.000	
81	26.000	0.000	
81	26.100	0.000	
81	26.200	0.000	
81	26.300	0.000	
81	26.400	0.000	
81	26.500	0.000	
81	26.600	0.000	
81	26.700	0.000	
81	26.800	0.000	
81	26.900	0.000	
81	27.000	0.000	
81	27.100	0.000	
81	27.200	0.000	
81	27.300	0.000	
81	27.400	0.000	
81	27.500	0.000	
81	27.600	0.000	
81	27.700	0.000	
81	27.800	0.000	
81	27.900	0.000	
81	28.000	0.000	
81	28.100	0.000	
81	28.200	0.000	
81	28.300	0.000	
81	28.400	0.000	
81	28.500	0.000	
81	28.600	0.000	
81	28.700	0.000	
81	28.800	0.000	
81	28.900	0.000	
81	29.000	0.000	
81	29.100	0.000	
81	29.200	0.000	
81	29.300	0.000	
81	29.400	0.000	
81	29.500	0.000	
81	29.600	0.000	
81	29.700	0.000	
81	29.800	0.000	
81	29.900	0.000	
81	30.000	0.000	
81	30.100	0.000	
81	30.200	0.000	
81	30.300	0.000	
81	30.400	0.000	
81	30.500	0.000	
81	30.600	0.000	
81	30.700	0.000	
81	30.800	0.000	
81	30.900	0.000	
81	31.000	0.000	
81	31.100	0.000	
81	31.200	0.000	
81	31.300	0.000	
81	31.400	0.000	
81	31.500	0.000	
81	31.600	0.000	
81	31.700	0.000	
81	31.800	0.000	
81	31.900	0.000	
81	32.000	0.000	
81	32.100	0.000	
81	32.200	0.000	
81	32.300	0.000	
81	32.400	0.000	
81	32.500	0.000	
81	32.600	0.000	
81	32.700	0.000	
81	32.800	0.000	
81	32.900	0.000	
81	33.000	0.000	
81	33.100	0.000	
81	33.200	0.000	
81	33.300	0.000	
81	33.400	0.000	
81	33.500	0.000	
81	33.600	0.000	
81	33.700	0.000	
81	33.800	0.000	
81	33.900	0.000	
81	34.000	0.000	
81	34.100	0.000	
81	34.200	0.000	
81	34.300	0.000	
81	34.400	0.000	
81	34.500	0.000	
81	34.600	0.000	
81	34.700	0.000	
81	34.800	0.000	
81	34.900	0.000	
81	35.000	0.000	
81	35.100	0.000	
81	35.200	0.000	
81	35.300	0.000	
81	35.400	0.000	
81	35.500	0.000	
81	35.600	0.000	
81	35.700	0.000	
81	35.800	0.000	
81	35.900	0.000	
81	36.000	0.000	
81	36.100	0.000	
81	36.200	0.000	
81	36.300	0.000	
81	36.400	0.000	
81	36.500	0.000	
81	36.600	0.000	
81	36.700	0.000	
81	36.800	0.000	
81	36.900	0.000	
81	37.000	0.000	
81	37.100	0.000	
81	37.200	0.000	
81	37.300	0.000	
81	37.400	0.000	
81	37.500	0.000	
81	37.600	0.000	
81	37.700	0.000	
81	37.800	0.000	
81	37.900	0.000	
81	38.000	0.000	
81	38.100	0.000	
81	38.200	0.000	
81	38.300	0.000	
81	38.400	0.000	
81	38.500	0.000	
81	38.600	0.000	
81	38.700	0.000	
81	38.800	0.000	
81	38.900	0.000	
81	39.000	0.000	
81	39.100	0.000	
81	39.200	0.000	
81	39.300	0.000	
81	39.400	0.000	
81	39.500	0.000	
81	39.600	0.000	
81	39.700	0.000	
81	39.800	0.000	
81	39.900	0.000	
81	40.000	0.000	
81	40.100	0.000	
81	40.200	0.000	
81	40.300	0.000	
81	40.400	0.000	
81	40.500	0.000	
81	40.600	0.000	
81	40.700	0.000	
81	40.800	0.000	
81	40.900	0.000	
81	41.000	0.000	
81	41.100	0.000	
81	41.200	0.000	
81	41.300	0.000	
81	41.400	0.000	
81	41.500	0.000	
81	41.600	0.000	
81	41.700	0.000	
81	41.800	0.000	
81	41.900	0.000	
81	42.000	0.000	
81	42.100	0.000	
81	42.200	0.000	
81	42.300	0.000	
81	42.400	0.000	
81	42.500	0.000	
81	42.600	0.000	
81	42.700	0.000	
81	42.800	0.000	
81	42.900	0.000	
81	43.000	0.000	
81	43.100	0.000	
81	43.200	0.000	
81	43.300	0.000	
81	43.400	0.000	
81	43.500	0.000	
81	43.600	0.000	
81	43.700	0.000	
81	43.800	0.000	
81	43.900	0.000	
81	44.000	0.000	
81	44.100	0.000	
81	44.200	0.000	
81	44.300	0.000	
81	44.400	0.000	
81	44.500	0.000	
81	44.600	0.000	
81	44.700	0.000	
81	44.800	0.000	
81	44.900	0.000	
81	45.000	0.000	
81	45.100	0.000	
81	45.200	0.000	
81	45.300	0.000	
81	45.400	0.000	
81	45.500	0.000	
81	45.600	0.000	
81	45.700	0.000	
81	45.800	0.000	
81	45.900	0.000	
81	46.000	0.000	
81	46.100	0.000	
81	46.200	0.000	
81	46.300	0.000	
81	46.400	0.000	
81	46.500	0.000	
81	46.600	0.000	
81	46.700	0.000	
81	46.800	0.000	
81	46.900	0.000	
81	47.000	0.000	
81	47.100	0.000	
81	47.200	0.000	
81	47.300	0.000	
81	47.400	0.000	
81	47.500	0.000	
81	47.600	0.000	
81	47.700	0.000	
81	47.800	0.000	
81	47.900	0.000	
81	48.000	0.000	
81	48.100	0.000	
81	48.200	0.000	
81	48.300	0.000	
81	48.400	0.000	
81	48.500	0.000	
81	48.600	0.000	
81	48.700	0.000	
81	48.800	0.000	
81	48.900	0.000	
81	49.000	0.000	
81	49.100	0.000	
81	49.200	0.000	
81	49.300	0.000	
81	49.400	0.000	
81	49.500	0.000	
81	49.600	0.000	
81	49.700	0.000	
81	49.800	0.000	
81	49.900	0.000	
81	50.000	0.000	
81	50.100	0.000	
81	50.200	0.000	
81	50.300	0.000	
81	50.400	0.000	
81	50.500	0.000	
81	50.600	0.000	
81	50.700	0.000	
81	50.800	0.000	
81	50.900	0.000	
81	51.000	0.000	
81	51.100	0.000	
81	51.200	0.000	
81	51.300	0.000	
81	51.400	0.000	
81	51.500	0.000	
81	51.600	0.000	
81	51.700	0.000	
81	51.800	0.000	
81	51.900	0.000	
81	52.000	0.000	
81	52.100	0.000	
81	52.200	0.000	
81	52.300	0.000	
81	52.400	0.000	
81	52.500	0.000	
81	52.600	0.000	
81	52.700	0.000	
81	52.800	0.000	
81	52.900	0.000	
81	53.000	0.000	
81	53.100	0.000	
81	53.200	0.000	
81	53.300	0.000	
81	53.400	0.000	
81	53.500	0.000	
81	53.600	0.000	
81	53.700	0.000	
81	53.800	0.000	
81	53.900	0.000	
81	54.000	0.000	
81	54.100	0.000	
81	54.200	0.000	
81	54.300	0.000	
81	54.400	0.000	
81	54.500	0.000	
81	54.600	0.000	
81	54.700	0.000	
81	54.800	0.000	
81	54.900	0.000	
81	55.000	0.000	
81	55.100	0.000	
81	55.200	0.000	
81	55.300	0.000	
81	55.400	0.000	
81	55.500	0.000	
81	55.600	0.000	
81	55.700	0.000	
81	55.800	0.000	
81	55.900	0.000	
81	56.000	0.000	
81	56.100	0.000	
81	56.200	0.000	
81	56.300	0.000	
81	56.400	0.000	
81	56.500	0.000	
81	56.600	0.000	
81	56.700	0.000	
81	56.800	0.000	
81	56.900	0.000	
81	57.000	0.000	
81	57.100	0.000	
81	57.200	0.000	
81	57.300	0.000	
81	57.400	0.000	
81	57.500	0.000	
81	57.600	0.000	
81	57.700	0.000	
81	57.800	0.000	
81	57.900	0.000	
81	58.000	0.000	
81	58.100	0.000	
81	58.200	0.000	
81	58.300	0.000	
81	58.400	0.000	
81	58.500	0.000	
81	58.600	0.000	
81	58.700	0.000	
81	58.800	0.000	
81	58.900	0.000	
81	59.000	0.000	
81	59.100	0.000	
81	59.200	0.000	
81	59.300	0.000	
81	59.400	0.000	
81	59.500	0.000	
81	59.600	0.000	
81	59.700	0.000	
81	59.800	0.000	
81	59.900	0.000	
81	60.000	0.000	
81	60.100	0.000	
81	60.200	0.000	
81	60.300	0.000	
81	60.400	0.000	
81	60.500	0.000	
81	60.600	0.000	
81	60.700	0.000	
81	60.800	0.000	
81	60.900	0.000	
81	61.000	0.000	
81	61.100	0.000	
81	61.200	0.000	
81	61.300	0.000	
81	61.400	0.000	
81	61.500	0.000	
81	61.600	0.000	
81	61.700	0.000	
81	61.800	0.000	
81	61.900	0.000	
81	62.000	0.000	
81	62.100	0.000	
81	62.200	0.000	
81	62.300	0.000	
81	62.400	0.000	
81	62.500	0.000	
81	62.600	0.000	
81	62.700	0.000	
81	62.800	0.000	
81	62.900	0.000	
81	63.000	0.000	
81	63.100	0.000	
81	63.200	0.000	
81	63.300	0.000	
81	63.400	0.000	
81	63.500	0.000	
81	63.600	0.000	
81	63.700	0.000	
81	63.800	0.000	
81	63.900	0.000	
81	64.000	0.000	
81	64.100	0.000	
81	64.200	0.000	
81	64.300	0.000	
81	64.400	0.000	
81	64.500	0.000	
81	64.600	0.000	
81	64.700	0.000	
81	64.800	0.000	
81	64.900	0.000	
81	65.000	0.000	
81	65.100	0.000	
81	65.200	0.000	
81	65.300	0.000	
81	65.400	0.000	
81	65.500	0.000	
81	65.600	0.000	
81	65.700	0.000	
81	65.800	0.000	
81	65.900	0.000	
81	66.000	0.000	
81	66.100	0.000	
81	66.200	0.000	
81	66.300	0.000	
81	66.400	0.000	
81	66.500	0.000	
81	66.600	0.000	
81	66.700	0.000	
81	66.800	0.000	
81	66.900	0.000	
81	67.000	0.000	
81	67.100	0.000	
81	67.200	0.000	
81	67.300	0.000	
81	67.400	0.000	
81	67.500	0.000	
81	67.600	0.000	
81	67.700	0.000	
81	67.800	0.000	
81	67.900	0.000	
81	68.000	0.000	
81	68.100	0.000	
81	68.200	0.000	
81	68.300	0.000	
81	68.400	0.000	
81	68.500	0.000	
81	68.600	0.000	
81	68.700	0.000	
81	68.800	0.000	
81	68.900	0.000	
81	69.000	0.000	
81	69.100	0.000	
81	69.200	0.000	
81	69.300	0.000	
81	69.400	0.000	
81	69.500	0.000	
81	69.600	0.000	
81	69.700	0.000	
81	69.800	0.000	
81	69.900	0.000	
81	70.000	0.000	
81	70.100	0.000	
81	70.200	0.000	
81	70.300	0.000	
81	70.400	0.000	
81	70.500	0.000	
81	70.600	0.000	
81	70.700	0.000	
81	70.800	0.000	
81	70.900	0.000	
81	71.000	0.000	
81	71.100	0.000	
81	71.200	0.000	
81	71.300	0.000	
81	71.400	0.000	
81	71.500	0.000	
81	71.600	0.000	
81	71.700	0.000	
81	71.800	0.000	
81	71.900	0.000	
81	72.000	0.000	
81	72.100	0.000	
81	72.200	0.000	
81	72.300	0.000	
81	72.400	0.000	
81	72.500	0.000	
81	72.600	0.000	
81	72.700	0.000	
81	72.800	0.000	
81	72.900	0.000	
81	73.000	0.000	
81	73.100	0.000	
81	73.200	0.000	
81	73.300	0.000	
81	73.400	0.000	
81	73.500	0.000	
81	73.600	0.000	
81	73.700	0.000	
81	73.800	0.000	
81	73.900	0.000	
81	74.000	0.000	
81	74.100	0.000	
81	74.200	0.000	
81	74.300	0.000	
81	74.400	0.000	
81	74.500	0.000	
81	74.600	0.000	
81	74.700	0.000	
81	74.800	0.000	
81	74.900	0.000	
81	75.000	0.000	
81	75.100	0.000	
81	75.200	0.000	
81	75.300	0.000	
81	75.400	0.000	
81	75.500	0.000	
81	75.600	0.000	
81	75.700	0.000	
81	75.800	0.000	
81	75.900	0.000	
81	76.000	0.000	
81	76.100	0.000	
81	76.200	0.000	
81	76.300	0.000	
81	76.400	0.000	
81	76.500	0.000	
81	76.600	0.000	
81	76.700	0.000	
81	76.800	0.000	
81	76.900	0.000	
81	77.000	0.000	
81	77.100	0.000	
81	77.200	0.000	
81	77.300	0.000	
81	77.400	0.000	
81	77.500	0.000	
81	77.600	0.000	
81	77.700	0.000	
81	77.800	0.000	
81	77.900	0.000	
81	78.000	0.000	
81	78.100	0.000	
81	78.200	0.000	
81	78.300	0.000	
81	78.400	0.000	
81	78.500	0.000	
81	78.600	0.000	
81	78.700	0.000	
81	78.800	0.000	
81	78.900	0.000	
81	79.000	0.000	
81	79.100	0.000	
81	79.200	0.000	
81	79.300	0.000	
81	79.400	0.000	
81	79.500	0.000	
81	79.600	0.000	
81	79.700	0.000	
81	79.800	0.000	
81	79.900	0.000	
81	80.000	0.000	
81	80.100	0.000	
81	80.200	0.000	
81	80.300	0.000	
81	80.400	0.000	
81	80.500	0.000	
81	80.600	0.000	
81	80.700	0.000	
81	80.800	0.000	
81	80.900	0.000	
81	81.000	0.000	
81	81.100	0.000	
81	81.200	0.000	
81	81.300	0.000	
81	81.400	0.000	
81	81.500	0.000	
81	81.600	0.000	
81	81.700	0.000	
81	81.800	0.000	
81	81.900	0.000	
81	82.000	0.000	
81	82.100	0.000	
81	82.200	0.000	
81	82.300	0.000	
81	82.400	0.000	
81	82.500	0.000	
81	82.600	0.000	
81	82.700	0.000	
81	82.800	0.000	
81	82.900	0.000	
81	83.000	0.000	
81	83.100	0.000	
81	83.200	0.000	
81	83.300	0.000	
81	83.400	0.000	
81	83.500	0.000	
81	83.600	0.000	
81	83.700	0.000	
81	83.800	0.000	
81	83.900	0.000	
81	84.000	0.000	
81	84.100	0.000	
81	84.200	0.000	
81	84.300	0.000	
81	84.400	0.000	
81	84.500	0.000	
81	84.600	0.000	
81	84.700	0.000	
81	84.800	0.000	
81	84.900	0.000	
81	85.000	0.000	
81	85.100	0.000	
81	85.200	0.000	
81	85.300	0.000	
81	85.400	0.000	
81	85.500	0.000	
81	85.600	0.000	
81	85.700	0.000	
81	85.800	0.000	
81	85.900	0.000	
81	86.000	0.000	
81	86.100	0.000	
81	86.200	0.000	
81	86.300	0.000	
81	86.400	0.000	
81	86.500	0.000	
81	86.600	0.000	
81	86.700	0.000	
81	86.800	0.000	
81	86.900	0.000	
81	87.000	0.000	
81	87.100	0.000	
81	87.200	0.000	
81	87.300	0.000	
81	87.400	0.000	
81	87.500	0.000	
81	87.600	0.000	
81	87.700	0.000	
81	87.800	0.000	
81	87.900	0.000	
81	88.000	0.000	
81	88.100	0.000	
81	88.200	0.000	
81	88.300	0.000	
81	88.400	0.000	
81	88.500	0.000	
81	88.600	0.000	
81	88.700	0.000	
81	88.800	0.000	
81	88.900	0.000	
81	89.000	0.000	
81	89.100	0.000	
81	89.200	0.000	
81	89.300	0.000	
81	89.400	0.000	
81	89.500	0.000	
81	89.600	0.000	
81	89.700	0.000	
81	89.800	0.000	
81	89.900	0.000	
81	90.000	0.000	
81	90.100	0.000	
81	90.200	0.000	
81	90.300	0.000	
81	90.400	0.000	
81	90.500	0.000	
81	90.600	0.000	
81	90.700	0.000	
81	90.800	0.000	
81	90.900	0.000	
81	91.000	0.000	
81	91.100	0.000	
81	91.200	0.000	
81	91.300	0.000	
81	91.400	0.000	
81	91.500	0.000	
81	91.600	0.000	
81	91.700	0.000	
81	91.800	0.000	
81	91.900	0.000	
81	92.000	0.000	
81	92.100	0.000	
81	92.200	0.000	
81	92.300	0.000	
81	92.400	0.000	
81	92.500	0.000	
81	92.600	0.000	
81	92.700	0.000	
81	92.800	0.000	
81	92.900	0.000	
81	93.000	0.000	
81	93.100	0.000	
81	93.200	0.000	
81	93.300	0.000	
81	93.400	0.000	
81	93.500	0.000	
81	93.600	0.000	
81	93.700	0.000	
81	93.800	0.000	
81	93.900	0.000	
81	94.000	0.000	
81	94.100	0.000	
81	94.200	0.000	
81	94.300	0.000	
81	94.400	0.000	
81	94.500	0.000	
81	94.600	0.000	
81	94.700	0.000	
81	94.800	0.000	
81	94.900	0.000	
81	95.000	0.000	
81	95.100	0.000	
81	95.200	0.000	
81	95.300	0.000	
81	95.400	0.000	
81	95.500	0.000	
81	95.600	0.000	
81	95.700	0.000	
81	95.800	0.000	
81	95.900	0.000	
81	96.000	0.000	
81	96.100	0.000	
81	96.200	0.000	
81	96.300	0.000	
81	96.400	0.000	
81	96.500	0.000	
81	96.600	0.000	
81	96.700	0.000	
81	96.800	0.000	
81	96.900	0.000	
81	97.000	0.000	
81	97.100	0.000	
81	97.200	0.000	
81	97.300	0.000	
81	97.400	0.000	
81	97.500	0.000	
81	97.600	0.000	
81	97.700	0.000	
81	97.800	0.000	
81	97.900	0.000	
81	98.000	0.000	
81	98.100	0.000	
81	98.200	0.000	
81	98.300	0.000	
81	98.400	0.000	
81	98.500	0.000	
81	98.600	0.000	
81	98.700	0.000	
81	98.800	0.000	
81	98.900	0.000	
81	99.000	0.000	
81	99.100	0.000	
81	99.200	0.000	
81	99.300	0.000	
81	99.400	0.000	
81	99.500	0.000	
81	99.600	0.000	
81	99.700	0.000	
81	99.800	0.000	
81	99.900	0.000	
81	100.000	0.000	
81	100.100	0.000	
81	100.200	0.000	
81	100.300	0.000	
81	100.400	0.000	
81	100.500	0.000	
81	100.600	0.000	
81	100.700	0.000	
81	100.800	0.000	
81	100.900	0.000	
81	101.000	0.000	
81	101.100	0.000	
81	101.200	0.000	
81	101.300	0.000	
81	101.400	0.000	
81	101.500	0.000	
81	101.600	0.000	
81	101.700	0.000	
81	101.800	0.000	
81	101.900	0.000	
81	102.000	0.000	
81	102.100	0.000	
81	102.200	0.000	
81	102.300	0.000	
81	102.400	0.000	
81	102.500	0.000	
81	102.600	0.000	
81	102.700	0.000	
81	102.800	0.000	
81	102.900	0.000	
81	103.000	0.000	
81	103.100	0.000	
81	103.200	0.000	
81	103.300	0.000	
81	103.400	0.000	
81	103.500	0.000	
81	103.600	0.000	
81	103.700	0.000	
81	103.800	0.000	
81	103.900	0.000	
81	104.000	0.000	
81	104.100	0.000	
81	104.200	0.000	
81	104.300	0.000	
81	104.400	0.000	
81	104.500	0.000	
81	104.600	0.000	
81	104.700	0.000	
81	104.800	0.000	
81	104.900	0.000	
81	105.000	0.000	
81	105.100	0.000	
81	105.200	0.000	
81	105.300	0.000	
81	105.400	0.000	
81	105.500	0.000	
81	105.600	0.000	
81	105.700	0.000	
81	105.800	0.000	
81	105.900	0.000	
81	106.000	0.000	
81	106.100	0.000	
81	106.200	0.000	
81	106.300	0.000	
81	106.400	0.000	
81	106.500	0.000	
81	106.600	0.000	
81	106.700	0.000	
81	106.800	0.000	
81	106.900	0.000	
81	107.000	0.000	
81	107.100	0.000	
81	107.200	0.000	
81	107.300	0.000	
81	107.400	0.000	
81	107.500	0.000	
81	107.600	0.000	
81	107.700	0.000	
81	107.800	0.000	
81	107.900	0.000	
81	108.000	0.000	
81	108.100	0.000	
81	108.200	0.000	
81	108.300	0.000	
81	108.400	0.000	
81	108.500	0.000	
81	108.600	0.000	
81	108.700	0.000	
81	108.800	0.000	
81	108.900	0.000	
81	109.000	0.000	
81	109.100	0.000	
81	109.200	0.000	
81	109.300	0.000	
81	109.400	0.000	
81	109.500	0.000	
81	109.600	0.000	
81	109.700	0.000	
81	109.800	0.000	
81	109.900	0.000	
81	110.000	0.000	
81	110.100	0.000	
81	110.200	0.000	
81	110.300	0.000	
81	110.400	0.000	
81	110.500	0.000	
81	110.600	0.000	
81	110.700	0.000	
81	110.800	0.000	
81	110.900	0.000	
81	111.000	0.000	
81	111.100	0.000	
81	111.200	0.000	
81	111.300	0.000	
81	111.400	0.000	
81	111.500	0.000	
81	111.600	0.000	
81	111.700	0.000	
81	111.800	0.000	
81	111.900	0.000	
81	112.000	0.000	
81	112.100	0.000	
81	112.200	0.000	
81	112.300	0.000	
81	112.400	0.000	
81	112.500	0.000	
81	112.600	0.000	
81	112.700	0.000	
81	112.800	0.000	
81	112.900	0.000	
81	113.000	0.000	
81	113.100	0.000	
81	113.200	0.000	
81	113.300	0.000	
81	113.400	0.000	
81	113.500	0.000	
81	113.600	0.000	
81	113.700	0.000	
81	113.800	0.000	
81	113.900	0.000	
81	114.000	0.000	
81	114.100	0.000	
81	114.200	0.000	
81	114.300	0.000	
81	114.400	0.000	
81	114.500	0.000	
81	114.600	0.000	
81	114.700	0.000	
81	114.800	0.000	
81	114.900	0.000	
81	115.000	0.000	
81	115.100	0.000	
81	115.200	0.000	
81	115.300	0.000	
81	115.400	0.000	
81	115.500	0.000	
81	115.600	0.000	
81	115.700	0.000	
81	115.800	0.000	
81	115.900	0.000	
81	116.000	0.000	
81	116.100	0.000	
81	116.200	0.000	
81	116.300	0.000	
81	116.400	0.000	
81	116.500	0.000	
81	116.600	0.000	
81	116.700	0.000	
81	116.800	0.000	
81	116.900	0.000	
81	117.000	0.000	
81	117.100	0.000	
81	117.200	0.000	
81	117.300	0.000	
81	117.400	0.000	
81	117.500	0.000	
81	117.600	0.000	
81	117.700	0.000	
81	117.800	0.000	
81	117.900	0.000	
81	118.000	0.000	
81	118.100	0.000	
81	118.200	0.000	
81	118.300	0.000	
81	118.400	0.000	
81	118.500	0.000	
81	118.600	0.000	
81	118.700	0.000	
81	118.800	0.000	
81	118.900	0.000	
81	119.000	0.000	
81	119.100	0.000	
81	119.200	0.000	
81	119.300	0.000	
81	119.400	0.000	
81	119.500	0.000	
81	119.600	0.000	
81	119.700	0.000	
81	119.800	0.000	
81	119.900	0.000	
81	120.000	0.000	
81	120.100	0.000	
81	120.200	0.000	
81	120.300	0.000	
81	120.400	0.000	
81	120.500	0.000	
81	120.600	0.000	
81	120.700	0.000	
81	120.800	0.000	
81	120.900	0.000	
81	121.000	0.000	
81	121.100	0.000	
81	121.200	0.000	
81	121.300	0.000	
81	121.400	0.000	
81	121.500	0.000	
81	121.600	0.000	
81	121.700	0.000	
81	121.800	0.000	
81	121.900	0.000	
81	122.000	0.000	
81	122.100	0.000	
81	122.200	0.000	
81	122.300	0.000	
81	122.400	0.000	
81	122.500	0.000	
81	122.600	0.000	
81	122.700	0.000	
81	122.800	0.000	
81	122.900	0.000	
81	123.000	0.000	
81	123.100	0.000	
81	123.200	0.000	
81	123.300	0.000	
81	123.400	0.000	
81	123.500	0.000	
81	123.600	0.000	
81	123.700	0.000	
81	123.800	0.000	
81	123.900	0.000	
81	124.000	0.000	
81	124.100	0.000	
81	124.200	0.000	
81	124.300	0.000	
81	124.400	0.000	
81	124.500	0.000	
81	124.600	0.000	
81	124.700	0.000	
81	124.800	0.000	
81	124.900	0.000	
81	125.000	0.000	
81	125.100	0.000	
81	125.200	0.000	
81	125.300	0.000	
81	125.400	0.000	
81	125.500	0.000	
81	125.600	0.000	
81	125.700	0.000	
81	125.800	0.000	
81	125.900	0.000	
81	126.000	0.000	
81	126.100	0.000	
81	126.200	0.000	
81	126.300	0.000	
81	126.400	0.000	
81	126.500	0.000	
81	126.600	0.000	
81	126.700	0.000	
81	126.800	0.000	
81	126.900	0.000	
81	127.000	0.000	
81	127.100	0.000	
81	127.200	0.000	
81	127.300	0.000	
81	127.400	0.000	
81	127.500	0.000	
81	127.600	0.000	
81	127.700	0.000	
81	127.800	0.000	
81	127.900	0.000	
81	128.000	0.000	
81	128.100	0.000	
81	128.200	0.000	
81	128.300	0.000	
81	128.400	0.000	
81	128.500	0.000	
81	128.600	0.000	
81	128.700	0.000	
81	128.800	0.000	
81	128.900	0.000	
81	129.000	0.000	
81	129.100	0.000	
81	129.200	0.000	
81	129.300	0.000	
81	129.400	0.000	
81	129.500	0.000	
81	129.600	0.000	
81	129.700	0.000	
81	129.800	0.000	
81	129.900	0.000	
81	130.000	0.000	
81	130.100	0.000	
81	130.200	0.000	
81	130.300	0.000	
81	130.400	0.000	
81	130.500	0.000	
81	130.600	0.000	
81	130.700	0.000	
81	130.800	0.000	
81	130.900	0.000	
81	131.000	0.000	
81	131.100	0.000	
81	131.200	0.000	
81	131.300	0.000	
81	131.400	0.000	
81	131.500	0.000	
81	131.600	0.000	
81	131.700	0.000	
81	131.800	0.000	
81	131.900	0.000	
81	132.000	0.000	
81	132.100	0.000	
81	132.200	0.000	
81	132.300	0.000	
81	132.400	0.000	
81	132.500	0.000	
81	132.600	0.000	
81	132.700	0.000	
81	132.800	0.000	
81	132.900	0.000	
81	133.000	0.000	
81	133.100	0.000	
81	133.200	0.000	
81	133.300	0.000	
81	133.400	0.000	
81	133.500	0.000	
81	133.600	0.000	
81	133.700	0.000	
81	133.800	0.000	
81	133.900	0.000	
81	134.000	0.000	
81	134.100	0.000	
81	134.200	0.000	
81	134.300	0.000	
81	134.400	0.000	
81	134.500	0.000	
81	134.600	0.000	
81	134.700	0.000	
81	134.800	0.000	
81	134.900	0.000	
81	135.000	0.000	
81	135.100	0.000	
81	135.200	0.000	
81	135.300	0.000	
81	135.400	0.000	
81	135.500	0.000	
81	135.600	0.000	
81	135.700	0.000	
81	135.800	0.000	
81	135.900	0.000	
81	136.000	0.000	
81	136.100	0.000	
81	136.200	0.000	
81	136.300	0.000	
81	136.400	0.000	
81	136.500	0.000	
81	136.600	0.000	
81	136.700	0.000	
81	136.800	0.000	
81	136.900	0.000	
81	137.000	0.000	
81	137.100	0.000	
81	137.200	0.000	
81	137.300	0.000	
81	137.400	0.000	
81	137.500	0.000	
81	137.600	0.000	
81	137.700	0.000	
81	137.800	0.000	
81	137.900	0.000	
81	138.000	0.000	
81	138.100	0.000	
81	138.200	0.000	
81	138.300	0.000	
81	138.400	0.000	
81	138.500	0.000	
81	138.600	0.000	
81	138.700	0.000	
81	138.800	0.000	
81	138.900	0.000	
81	139.000	0.000	
81	139.100	0.000	
81	139.200	0.000	
81	139.300	0.000	
81	139.400	0.000	
81	139.500	0.000	
81	139.600	0.000	
81	139.700	0.000	
81	139.800	0.000	
81	139.900	0.000	
81	140.000	0.000	
81	140.100	0.000	
81	140.200	0.000	
81	140.300	0.000	
81	140.400	0.000	
81	140.500	0.000	
81	140.600	0.000	
81	140.700	0.000	
81	140.800	0.000	
81	140.900	0.000	
81	141.000	0.000	
81	141.100	0.000	
81	141.200	0.000	
81	141.300	0.000	
81	141.400	0.000	
81	141.500	0.000	
81	141.600	0.000	
81	141.700	0.000	
81	141.800	0.000	
81	141.900	0.000	
81	142.000	0.000	
81	142.100	0.000	
81	142.200	0.000	
81	142.300	0.000	
81	142.400	0.000	
81	142.500	0.000	
81	142.600	0.000	
81	142.700	0.000	
81	142.800	0.000	
81	142.900	0.000	
81	143.000	0.000	
81	143.100	0.000	
81	143.200	0.000	
81	143.300	0.000	
81	143.400	0.000	
81	143.500	0.000	
81	143.600	0.000	
81	143.700	0.000	
81	143.800	0.000	
81	143.900	0.000	
81	144.000	0.000	
81	144.100	0.000	
81	144.200	0.000	
81	144.300	0.000	
81	144.400	0.000	
81	144.500	0.000	
81	144.600	0.000	
81	144.700	0.000	
81	144.800	0.000	
81	144.900	0.000	
81	145.000	0.000	
81	145.100	0.000	
81	145.200	0.000	
81	145.300	0.000	
81	145.400	0.000	
81	145.500	0.000	
81	145.600	0.000	
81	145.700	0.000	
81	145.800	0.000	
81	145.900	0.000	
81	146.000	0.000	
81	146.100	0.000	
81	146.200	0.000	
81	146.300	0.000	
81	146.400	0.000	
81	146.500	0.000	
81	146.600	0.000	
81	146.700	0.000	
81	146.800	0.000	
81	146.900	0.000	
81	147.000	0.000	
81	147.100	0.000	
81	147.200	0.000	
81	147.300	0.000	
81	147.400	0.000	
81	147.500	0.000	
81	147.600	0.000	
81	147.700	0.000	
81	147.800	0.000	
81	147.900	0.000	
81	148.000	0.000	
81	148.100	0.000	
81	148.200	0.000	
81	148.300	0.000	
81	148.400	0.000	
81	148.500	0.000	
81	148.600	0.000	
81	148.700	0.000	
81	148.800	0.000	
81	148.900	0.000	
81	149.000	0.000	
