301	0.100	0.000	
301	0.200	0.000	
301	0.300	0.000	
301	0.400	0.000	
301	0.500	0.000	
301	0.600	0.000	
301	0.700	0.000	
301	0.800	0.000	
301	0.900	0.000	
301	1.000	0.000	
301	1.100	0.000	
301	1.200	0.000	
301	1.300	0.000	
301	1.400	0.000	
301	1.500	0.000	
301	1.600	0.000	
301	1.700	0.000	
301	1.800	0.000	
301	1.900	0.000	
301	2.000	0.000	
301	2.100	0.000	
301	2.200	0.000	
301	2.300	0.000	
301	2.400	0.000	
301	2.500	0.000	
301	2.600	0.000	
301	2.700	0.000	
301	2.800	0.000	
301	2.900	0.000	
301	3.000	0.000	
301	3.100	0.000	
301	3.200	0.000	
301	3.300	0.000	
301	3.400	0.000	
301	3.500	0.000	
301	3.600	0.000	
301	3.700	0.000	
301	3.800	0.000	
301	3.900	0.000	
301	4.000	0.000	
301	4.100	0.000	
301	4.200	0.000	
301	4.300	0.000	
301	4.400	0.000	
301	4.500	0.000	
301	4.600	0.000	
301	4.700	0.000	
301	4.800	0.000	
301	4.900	0.000	
301	5.000	0.000	
301	5.100	0.000	
301	5.200	0.000	
301	5.300	0.000	
301	5.400	0.000	
301	5.500	0.000	
301	5.600	0.000	
301	5.700	0.000	
301	5.800	0.000	
301	5.900	0.000	
301	6.000	0.000	
301	6.100	0.000	
301	6.200	0.000	
301	6.300	0.000	
301	6.400	0.000	
301	6.500	0.000	
301	6.600	0.000	
301	6.700	0.000	
301	6.800	0.000	
301	6.900	0.000	
301	7.000	0.000	
301	7.100	0.000	
301	7.200	0.000	
301	7.300	0.000	
301	7.400	0.000	
301	7.500	0.000	
301	7.600	0.000	
301	7.700	0.000	
301	7.800	0.000	
301	7.900	0.000	
301	8.000	0.000	
301	8.100	0.000	
301	8.200	0.000	
301	8.300	0.000	
301	8.400	0.000	
301	8.500	0.000	
301	8.600	0.000	
301	8.700	0.000	
301	8.800	0.000	
301	8.900	0.000	
301	9.000	0.000	
301	9.100	0.000	
301	9.200	0.000	
301	9.300	0.000	
301	9.400	0.000	
301	9.500	0.000	
301	9.600	0.000	
301	9.700	0.000	
301	9.800	0.000	
301	9.900	0.000	
301	10.000	0.000	
301	10.100	0.000	
301	10.200	0.000	
301	10.300	0.000	
301	10.400	0.000	
301	10.500	0.000	
301	10.600	0.000	
301	10.700	0.000	
301	10.800	0.000	
301	10.900	0.000	
301	11.000	0.000	
301	11.100	0.000	
301	11.200	0.000	
301	11.300	0.000	
301	11.400	0.000	
301	11.500	0.000	
301	11.600	0.000	
301	11.700	0.000	
301	11.800	0.000	
301	11.900	0.000	
301	12.000	0.000	
301	12.100	0.000	
301	12.200	0.000	
301	12.300	0.000	
301	12.400	0.000	
301	12.500	0.000	
301	12.600	0.000	
301	12.700	0.000	
301	12.800	0.000	
301	12.900	0.000	
301	13.000	0.000	
301	13.100	0.000	
301	13.200	0.000	
301	13.300	0.000	
301	13.400	0.000	
301	13.500	0.000	
301	13.600	0.000	
301	13.700	0.000	
301	13.800	0.000	
301	13.900	0.000	
301	14.000	0.000	
301	14.100	0.000	
301	14.200	0.000	
301	14.300	0.000	
301	14.400	0.000	
301	14.500	0.000	
301	14.600	0.000	
301	14.700	0.000	
301	14.800	0.000	
301	14.900	0.000	
301	15.000	0.000	
301	15.100	0.000	
301	15.200	0.000	
301	15.300	0.000	
301	15.400	0.000	
301	15.500	0.000	
301	15.600	0.000	
301	15.700	0.000	
301	15.800	0.000	
301	15.900	0.000	
301	16.000	0.000	
301	16.100	0.000	
301	16.200	0.000	
301	16.300	0.000	
301	16.400	0.000	
301	16.500	0.000	
301	16.600	0.000	
301	16.700	0.000	
301	16.800	0.000	
301	16.900	0.000	
301	17.000	0.000	
301	17.100	0.000	
301	17.200	0.000	
301	17.300	0.000	
301	17.400	0.000	
301	17.500	0.000	
301	17.600	0.000	
301	17.700	0.000	
301	17.800	0.000	
301	17.900	0.000	
301	18.000	0.000	
301	18.100	0.000	
301	18.200	0.000	
301	18.300	0.000	
301	18.400	0.000	
301	18.500	0.000	
301	18.600	0.000	
301	18.700	0.000	
301	18.800	0.000	
301	18.900	0.000	
301	19.000	0.000	
301	19.100	0.000	
301	19.200	0.000	
301	19.300	0.000	
301	19.400	0.000	
301	19.500	0.000	
301	19.600	0.000	
301	19.700	0.000	
301	19.800	0.000	
301	19.900	0.000	
301	20.000	0.000	
301	20.100	0.000	
301	20.200	0.000	
301	20.300	0.000	
301	20.400	0.000	
301	20.500	0.000	
301	20.600	0.000	
301	20.700	0.000	
301	20.800	0.000	
301	20.900	0.000	
301	21.000	0.000	
301	21.100	0.000	
301	21.200	0.000	
301	21.300	0.000	
301	21.400	0.000	
301	21.500	0.000	
301	21.600	0.000	
301	21.700	0.000	
301	21.800	0.000	
301	21.900	0.000	
301	22.000	0.000	
301	22.100	0.000	
301	22.200	0.000	
301	22.300	0.000	
301	22.400	0.000	
301	22.500	0.000	
301	22.600	0.000	
301	22.700	0.000	
301	22.800	0.000	
301	22.900	0.000	
301	23.000	0.000	
301	23.100	0.000	
301	23.200	0.000	
301	23.300	0.000	
301	23.400	0.000	
301	23.500	0.000	
301	23.600	0.000	
301	23.700	0.000	
301	23.800	0.000	
301	23.900	0.000	
301	24.000	0.000	
301	24.100	0.000	
301	24.200	0.000	
301	24.300	0.000	
301	24.400	0.000	
301	24.500	0.000	
301	24.600	0.000	
301	24.700	0.000	
301	24.800	0.000	
301	24.900	0.000	
301	25.000	0.000	
301	25.100	0.000	
301	25.200	0.000	
301	25.300	0.000	
301	25.400	0.000	
301	25.500	0.000	
301	25.600	0.000	
301	25.700	0.000	
301	25.800	0.000	
301	25.900	0.000	
301	26.000	0.000	
301	26.100	0.000	
301	26.200	0.000	
301	26.300	0.000	
301	26.400	0.000	
301	26.500	0.000	
301	26.600	0.000	
301	26.700	0.000	
301	26.800	0.000	
301	26.900	0.000	
301	27.000	0.000	
301	27.100	0.000	
301	27.200	0.000	
301	27.300	0.000	
301	27.400	0.000	
301	27.500	0.000	
301	27.600	0.000	
301	27.700	0.000	
301	27.800	0.000	
301	27.900	0.000	
301	28.000	0.000	
301	28.100	0.000	
301	28.200	0.000	
301	28.300	0.000	
301	28.400	0.000	
301	28.500	0.000	
301	28.600	0.000	
301	28.700	0.000	
301	28.800	0.000	
301	28.900	0.000	
301	29.000	0.000	
301	29.100	0.000	
301	29.200	0.000	
301	29.300	0.000	
301	29.400	0.000	
301	29.500	0.000	
301	29.600	0.000	
301	29.700	0.000	
301	29.800	0.000	
301	29.900	0.000	
301	30.000	0.000	
301	30.100	0.000	
301	30.200	0.000	
301	30.300	0.000	
301	30.400	0.000	
301	30.500	0.000	
301	30.600	0.000	
301	30.700	0.000	
301	30.800	0.000	
301	30.900	0.000	
301	31.000	0.000	
301	31.100	0.000	
301	31.200	0.000	
301	31.300	0.000	
301	31.400	0.000	
301	31.500	0.000	
301	31.600	0.000	
301	31.700	0.000	
301	31.800	0.000	
301	31.900	0.000	
301	32.000	0.000	
301	32.100	0.000	
301	32.200	0.000	
301	32.300	0.000	
301	32.400	0.000	
301	32.500	0.000	
301	32.600	0.000	
301	32.700	0.000	
301	32.800	0.000	
301	32.900	0.000	
301	33.000	0.000	
301	33.100	0.000	
301	33.200	0.000	
301	33.300	0.000	
301	33.400	0.000	
301	33.500	0.000	
301	33.600	0.000	
301	33.700	0.000	
301	33.800	0.000	
301	33.900	0.000	
301	34.000	0.000	
301	34.100	0.000	
301	34.200	0.000	
301	34.300	0.000	
301	34.400	0.000	
301	34.500	0.000	
301	34.600	0.000	
301	34.700	0.000	
301	34.800	0.000	
301	34.900	0.000	
301	35.000	0.000	
301	35.100	0.000	
301	35.200	0.000	
301	35.300	0.000	
301	35.400	0.000	
301	35.500	0.000	
301	35.600	0.000	
301	35.700	0.000	
301	35.800	0.000	
301	35.900	0.000	
301	36.000	0.000	
301	36.100	0.000	
301	36.200	0.000	
301	36.300	0.000	
301	36.400	0.000	
301	36.500	0.000	
301	36.600	0.000	
301	36.700	0.000	
301	36.800	0.000	
301	36.900	0.000	
301	37.000	0.000	
301	37.100	0.000	
301	37.200	0.000	
301	37.300	0.000	
301	37.400	0.000	
301	37.500	0.000	
301	37.600	0.000	
301	37.700	0.000	
301	37.800	0.000	
301	37.900	0.000	
301	38.000	0.000	
301	38.100	0.000	
301	38.200	0.000	
301	38.300	0.000	
301	38.400	0.000	
301	38.500	0.000	
301	38.600	0.000	
301	38.700	0.000	
301	38.800	0.000	
301	38.900	0.000	
301	39.000	0.000	
301	39.100	0.000	
301	39.200	0.000	
301	39.300	0.000	
301	39.400	0.000	
301	39.500	0.000	
301	39.600	0.000	
301	39.700	0.000	
301	39.800	0.000	
301	39.900	0.000	
301	40.000	0.000	
301	40.100	0.000	
301	40.200	0.000	
301	40.300	0.000	
301	40.400	0.000	
301	40.500	0.000	
301	40.600	0.000	
301	40.700	0.000	
301	40.800	0.000	
301	40.900	0.000	
301	41.000	0.000	
301	41.100	0.000	
301	41.200	0.000	
301	41.300	0.000	
301	41.400	0.000	
301	41.500	0.000	
301	41.600	0.000	
301	41.700	0.000	
301	41.800	0.000	
301	41.900	0.000	
301	42.000	0.000	
301	42.100	0.000	
301	42.200	0.000	
301	42.300	0.000	
301	42.400	0.000	
301	42.500	0.000	
301	42.600	0.000	
301	42.700	0.000	
301	42.800	0.000	
301	42.900	0.000	
301	43.000	0.000	
301	43.100	0.000	
301	43.200	0.000	
301	43.300	0.000	
301	43.400	0.000	
301	43.500	0.000	
301	43.600	0.000	
301	43.700	0.000	
301	43.800	0.000	
301	43.900	0.000	
301	44.000	0.000	
301	44.100	0.000	
301	44.200	0.000	
301	44.300	0.000	
301	44.400	0.000	
301	44.500	0.000	
301	44.600	0.000	
301	44.700	0.000	
301	44.800	0.000	
301	44.900	0.000	
301	45.000	0.000	
301	45.100	0.000	
301	45.200	0.000	
301	45.300	0.000	
301	45.400	0.000	
301	45.500	0.000	
301	45.600	0.000	
301	45.700	0.000	
301	45.800	0.000	
301	45.900	0.000	
301	46.000	0.000	
301	46.100	0.000	
301	46.200	0.000	
301	46.300	0.000	
301	46.400	0.000	
301	46.500	0.000	
301	46.600	0.000	
301	46.700	0.000	
301	46.800	0.000	
301	46.900	0.000	
301	47.000	0.000	
301	47.100	0.000	
301	47.200	0.000	
301	47.300	0.000	
301	47.400	0.000	
301	47.500	0.000	
301	47.600	0.000	
301	47.700	0.000	
301	47.800	0.000	
301	47.900	0.000	
301	48.000	0.000	
301	48.100	0.000	
301	48.200	0.000	
301	48.300	0.000	
301	48.400	0.000	
301	48.500	0.000	
301	48.600	0.000	
301	48.700	0.000	
301	48.800	0.000	
301	48.900	0.000	
301	49.000	0.000	
301	49.100	0.000	
301	49.200	0.000	
301	49.300	0.000	
301	49.400	0.000	
301	49.500	0.000	
301	49.600	0.000	
301	49.700	0.000	
301	49.800	0.000	
301	49.900	0.000	
301	50.000	0.000	
301	50.100	0.000	
301	50.200	0.000	
301	50.300	0.000	
301	50.400	0.000	
301	50.500	0.000	
301	50.600	0.000	
301	50.700	0.000	
301	50.800	0.000	
301	50.900	0.000	
301	51.000	0.000	
301	51.100	0.000	
301	51.200	0.000	
301	51.300	0.000	
301	51.400	0.000	
301	51.500	0.000	
301	51.600	0.000	
301	51.700	0.000	
301	51.800	0.000	
301	51.900	0.000	
301	52.000	0.000	
301	52.100	0.000	
301	52.200	0.000	
301	52.300	0.000	
301	52.400	0.000	
301	52.500	0.000	
301	52.600	0.000	
301	52.700	0.000	
301	52.800	0.000	
301	52.900	0.000	
301	53.000	0.000	
301	53.100	0.000	
301	53.200	0.000	
301	53.300	0.000	
301	53.400	0.000	
301	53.500	0.000	
301	53.600	0.000	
301	53.700	0.000	
301	53.800	0.000	
301	53.900	0.000	
301	54.000	0.000	
301	54.100	0.000	
301	54.200	0.000	
301	54.300	0.000	
301	54.400	0.000	
301	54.500	0.000	
301	54.600	0.000	
301	54.700	0.000	
301	54.800	0.000	
301	54.900	0.000	
301	55.000	0.000	
301	55.100	0.000	
301	55.200	0.000	
301	55.300	0.000	
301	55.400	0.000	
301	55.500	0.000	
301	55.600	0.000	
301	55.700	0.000	
301	55.800	0.000	
301	55.900	0.000	
301	56.000	0.000	
301	56.100	0.000	
301	56.200	0.000	
301	56.300	0.000	
301	56.400	0.000	
301	56.500	0.000	
301	56.600	0.000	
301	56.700	0.000	
301	56.800	0.000	
301	56.900	0.000	
301	57.000	0.000	
301	57.100	0.000	
301	57.200	0.000	
301	57.300	0.000	
301	57.400	0.000	
301	57.500	0.000	
301	57.600	0.000	
301	57.700	0.000	
301	57.800	0.000	
301	57.900	0.000	
301	58.000	0.000	
301	58.100	0.000	
301	58.200	0.000	
301	58.300	0.000	
301	58.400	0.000	
301	58.500	0.000	
301	58.600	0.000	
301	58.700	0.000	
301	58.800	0.000	
301	58.900	0.000	
301	59.000	0.000	
301	59.100	0.000	
301	59.200	0.000	
301	59.300	0.000	
301	59.400	0.000	
301	59.500	0.000	
301	59.600	0.000	
301	59.700	0.000	
301	59.800	0.000	
301	59.900	0.000	
301	60.000	0.000	
301	60.100	0.000	
301	60.200	0.000	
301	60.300	0.000	
301	60.400	0.000	
301	60.500	0.000	
301	60.600	0.000	
301	60.700	0.000	
301	60.800	0.000	
301	60.900	0.000	
301	61.000	0.000	
301	61.100	0.000	
301	61.200	0.000	
301	61.300	0.000	
301	61.400	0.000	
301	61.500	0.000	
301	61.600	0.000	
301	61.700	0.000	
301	61.800	0.000	
301	61.900	0.000	
301	62.000	0.000	
301	62.100	0.000	
301	62.200	0.000	
301	62.300	0.000	
301	62.400	0.000	
301	62.500	0.000	
301	62.600	0.000	
301	62.700	0.000	
301	62.800	0.000	
301	62.900	0.000	
301	63.000	0.000	
301	63.100	0.000	
301	63.200	0.000	
301	63.300	0.000	
301	63.400	0.000	
301	63.500	0.000	
301	63.600	0.000	
301	63.700	0.000	
301	63.800	0.000	
301	63.900	0.000	
301	64.000	0.000	
301	64.100	0.000	
301	64.200	0.000	
301	64.300	0.000	
301	64.400	0.000	
301	64.500	0.000	
301	64.600	0.000	
301	64.700	0.000	
301	64.800	0.000	
301	64.900	0.000	
301	65.000	0.000	
301	65.100	0.000	
301	65.200	0.000	
301	65.300	0.000	
301	65.400	0.000	
301	65.500	0.000	
301	65.600	0.000	
301	65.700	0.000	
301	65.800	0.000	
301	65.900	0.000	
301	66.000	0.000	
301	66.100	0.000	
301	66.200	0.000	
301	66.300	0.000	
301	66.400	0.000	
301	66.500	0.000	
301	66.600	0.000	
301	66.700	0.000	
301	66.800	0.000	
301	66.900	0.000	
301	67.000	0.000	
301	67.100	0.000	
301	67.200	0.000	
301	67.300	0.000	
301	67.400	0.000	
301	67.500	0.000	
301	67.600	0.000	
301	67.700	0.000	
301	67.800	0.000	
301	67.900	0.000	
301	68.000	0.000	
301	68.100	0.000	
301	68.200	0.000	
301	68.300	0.000	
301	68.400	0.000	
301	68.500	0.000	
301	68.600	0.000	
301	68.700	0.000	
301	68.800	0.000	
301	68.900	0.000	
301	69.000	0.000	
301	69.100	0.000	
301	69.200	0.000	
301	69.300	0.000	
301	69.400	0.000	
301	69.500	0.000	
301	69.600	0.000	
301	69.700	0.000	
301	69.800	0.000	
301	69.900	0.000	
301	70.000	0.000	
301	70.100	0.000	
301	70.200	0.000	
301	70.300	0.000	
301	70.400	0.000	
301	70.500	0.000	
301	70.600	0.000	
301	70.700	0.000	
301	70.800	0.000	
301	70.900	0.000	
301	71.000	0.000	
301	71.100	0.000	
301	71.200	0.000	
301	71.300	0.000	
301	71.400	0.000	
301	71.500	0.000	
301	71.600	0.000	
301	71.700	0.000	
301	71.800	0.000	
301	71.900	0.000	
301	72.000	0.000	
301	72.100	0.000	
301	72.200	0.000	
301	72.300	0.000	
301	72.400	0.000	
301	72.500	0.000	
301	72.600	0.000	
301	72.700	0.000	
301	72.800	0.000	
301	72.900	0.000	
301	73.000	0.000	
301	73.100	0.000	
301	73.200	0.000	
301	73.300	0.000	
301	73.400	0.000	
301	73.500	0.000	
301	73.600	0.000	
301	73.700	0.000	
301	73.800	0.000	
301	73.900	0.000	
301	74.000	0.000	
301	74.100	0.000	
301	74.200	0.000	
301	74.300	0.000	
301	74.400	0.000	
301	74.500	0.000	
301	74.600	0.000	
301	74.700	0.000	
301	74.800	0.000	
301	74.900	0.000	
301	75.000	0.000	
301	75.100	0.000	
301	75.200	0.000	
301	75.300	0.000	
301	75.400	0.000	
301	75.500	0.000	
301	75.600	0.000	
301	75.700	0.000	
301	75.800	0.000	
301	75.900	0.000	
301	76.000	0.000	
301	76.100	0.000	
301	76.200	0.000	
301	76.300	0.000	
301	76.400	0.000	
301	76.500	0.000	
301	76.600	0.000	
301	76.700	0.000	
301	76.800	0.000	
301	76.900	0.000	
301	77.000	0.000	
301	77.100	0.000	
301	77.200	0.000	
301	77.300	0.000	
301	77.400	0.000	
301	77.500	0.000	
301	77.600	0.000	
301	77.700	0.000	
301	77.800	0.000	
301	77.900	0.000	
301	78.000	0.000	
301	78.100	0.000	
301	78.200	0.000	
301	78.300	0.000	
301	78.400	0.000	
301	78.500	0.000	
301	78.600	0.000	
301	78.700	0.000	
301	78.800	0.000	
301	78.900	0.000	
301	79.000	0.000	
301	79.100	0.000	
301	79.200	0.000	
301	79.300	0.000	
301	79.400	0.000	
301	79.500	0.000	
301	79.600	0.000	
301	79.700	0.000	
301	79.800	0.000	
301	79.900	0.000	
301	80.000	0.000	
301	80.100	0.000	
301	80.200	0.000	
301	80.300	0.000	
301	80.400	0.000	
301	80.500	0.000	
301	80.600	0.000	
301	80.700	0.000	
301	80.800	0.000	
301	80.900	0.000	
301	81.000	0.000	
301	81.100	0.000	
301	81.200	0.000	
301	81.300	0.000	
301	81.400	0.000	
301	81.500	0.000	
301	81.600	0.000	
301	81.700	0.000	
301	81.800	0.000	
301	81.900	0.000	
301	82.000	0.000	
301	82.100	0.000	
301	82.200	0.000	
301	82.300	0.000	
301	82.400	0.000	
301	82.500	0.000	
301	82.600	0.000	
301	82.700	0.000	
301	82.800	0.000	
301	82.900	0.000	
301	83.000	0.000	
301	83.100	0.000	
301	83.200	0.000	
301	83.300	0.000	
301	83.400	0.000	
301	83.500	0.000	
301	83.600	0.000	
301	83.700	0.000	
301	83.800	0.000	
301	83.900	0.000	
301	84.000	0.000	
301	84.100	0.000	
301	84.200	0.000	
301	84.300	0.000	
301	84.400	0.000	
301	84.500	0.000	
301	84.600	0.000	
301	84.700	0.000	
301	84.800	0.000	
301	84.900	0.000	
301	85.000	0.000	
301	85.100	0.000	
301	85.200	0.000	
301	85.300	0.000	
301	85.400	0.000	
301	85.500	0.000	
301	85.600	0.000	
301	85.700	0.000	
301	85.800	0.000	
301	85.900	0.000	
301	86.000	0.000	
301	86.100	0.000	
301	86.200	0.000	
301	86.300	0.000	
301	86.400	0.000	
301	86.500	0.000	
301	86.600	0.000	
301	86.700	0.000	
301	86.800	0.000	
301	86.900	0.000	
301	87.000	0.000	
301	87.100	0.000	
301	87.200	0.000	
301	87.300	0.000	
301	87.400	0.000	
301	87.500	0.000	
301	87.600	0.000	
301	87.700	0.000	
301	87.800	0.000	
301	87.900	0.000	
301	88.000	0.000	
301	88.100	0.000	
301	88.200	0.000	
301	88.300	0.000	
301	88.400	0.000	
301	88.500	0.000	
301	88.600	0.000	
301	88.700	0.000	
301	88.800	0.000	
301	88.900	0.000	
301	89.000	0.000	
301	89.100	0.000	
301	89.200	0.000	
301	89.300	0.000	
301	89.400	0.000	
301	89.500	0.000	
301	89.600	0.000	
301	89.700	0.000	
301	89.800	0.000	
301	89.900	0.000	
301	90.000	0.000	
301	90.100	0.000	
301	90.200	0.000	
301	90.300	0.000	
301	90.400	0.000	
301	90.500	0.000	
301	90.600	0.000	
301	90.700	0.000	
301	90.800	0.000	
301	90.900	0.000	
301	91.000	0.000	
301	91.100	0.000	
301	91.200	0.000	
301	91.300	0.000	
301	91.400	0.000	
301	91.500	0.000	
301	91.600	0.000	
301	91.700	0.000	
301	91.800	0.000	
301	91.900	0.000	
301	92.000	0.000	
301	92.100	0.000	
301	92.200	0.000	
301	92.300	0.000	
301	92.400	0.000	
301	92.500	0.000	
301	92.600	0.000	
301	92.700	0.000	
301	92.800	0.000	
301	92.900	0.000	
301	93.000	0.000	
301	93.100	0.000	
301	93.200	0.000	
301	93.300	0.000	
301	93.400	0.000	
301	93.500	0.000	
301	93.600	0.000	
301	93.700	0.000	
301	93.800	0.000	
301	93.900	0.000	
301	94.000	0.000	
301	94.100	0.000	
301	94.200	0.000	
301	94.300	0.000	
301	94.400	0.000	
301	94.500	0.000	
301	94.600	0.000	
301	94.700	0.000	
301	94.800	0.000	
301	94.900	0.000	
301	95.000	0.000	
301	95.100	0.000	
301	95.200	0.000	
301	95.300	0.000	
301	95.400	0.000	
301	95.500	0.000	
301	95.600	0.000	
301	95.700	0.000	
301	95.800	0.000	
301	95.900	0.000	
301	96.000	0.000	
301	96.100	0.000	
301	96.200	0.000	
301	96.300	0.000	
301	96.400	0.000	
301	96.500	0.000	
301	96.600	0.000	
301	96.700	0.000	
301	96.800	0.000	
301	96.900	0.000	
301	97.000	0.000	
301	97.100	0.000	
301	97.200	0.000	
301	97.300	0.000	
301	97.400	0.000	
301	97.500	0.000	
301	97.600	0.000	
301	97.700	0.000	
301	97.800	0.000	
301	97.900	0.000	
301	98.000	0.000	
301	98.100	0.000	
301	98.200	0.000	
301	98.300	0.000	
301	98.400	0.000	
301	98.500	0.000	
301	98.600	0.000	
301	98.700	0.000	
301	98.800	0.000	
301	98.900	0.000	
301	99.000	0.000	
301	99.100	0.000	
301	99.200	0.000	
301	99.300	0.000	
301	99.400	0.000	
301	99.500	0.000	
301	99.600	0.000	
301	99.700	0.000	
301	99.800	0.000	
301	99.900	0.000	
301	100.000	0.000	
301	100.100	0.000	
301	100.200	0.000	
301	100.300	0.000	
301	100.400	0.000	
301	100.500	0.000	
301	100.600	0.000	
301	100.700	0.000	
301	100.800	0.000	
301	100.900	0.000	
301	101.000	0.000	
301	101.100	0.000	
301	101.200	0.000	
301	101.300	0.000	
301	101.400	0.000	
301	101.500	0.000	
301	101.600	0.000	
301	101.700	0.000	
301	101.800	0.000	
301	101.900	0.000	
301	102.000	0.000	
301	102.100	0.000	
301	102.200	0.000	
301	102.300	0.000	
301	102.400	0.000	
301	102.500	0.000	
301	102.600	0.000	
301	102.700	0.000	
301	102.800	0.000	
301	102.900	0.000	
301	103.000	0.000	
301	103.100	0.000	
301	103.200	0.000	
301	103.300	0.000	
301	103.400	0.000	
301	103.500	0.000	
301	103.600	0.000	
301	103.700	0.000	
301	103.800	0.000	
301	103.900	0.000	
301	104.000	0.000	
301	104.100	0.000	
301	104.200	0.000	
301	104.300	0.000	
301	104.400	0.000	
301	104.500	0.000	
301	104.600	0.000	
301	104.700	0.000	
301	104.800	0.000	
301	104.900	0.000	
301	105.000	0.000	
301	105.100	0.000	
301	105.200	0.000	
301	105.300	0.000	
301	105.400	0.000	
301	105.500	0.000	
301	105.600	0.000	
301	105.700	0.000	
301	105.800	0.000	
301	105.900	0.000	
301	106.000	0.000	
301	106.100	0.000	
301	106.200	0.000	
301	106.300	0.000	
301	106.400	0.000	
301	106.500	0.000	
301	106.600	0.000	
301	106.700	0.000	
301	106.800	0.000	
301	106.900	0.000	
301	107.000	0.000	
301	107.100	0.000	
301	107.200	0.000	
301	107.300	0.000	
301	107.400	0.000	
301	107.500	0.000	
301	107.600	0.000	
301	107.700	0.000	
301	107.800	0.000	
301	107.900	0.000	
301	108.000	0.000	
301	108.100	0.000	
301	108.200	0.000	
301	108.300	0.000	
301	108.400	0.000	
301	108.500	0.000	
301	108.600	0.000	
301	108.700	0.000	
301	108.800	0.000	
301	108.900	0.000	
301	109.000	0.000	
301	109.100	0.000	
301	109.200	0.000	
301	109.300	0.000	
301	109.400	0.000	
301	109.500	0.000	
301	109.600	0.000	
301	109.700	0.000	
301	109.800	0.000	
301	109.900	0.000	
301	110.000	0.000	
301	110.100	0.000	
301	110.200	0.000	
301	110.300	0.000	
301	110.400	0.000	
301	110.500	0.000	
301	110.600	0.000	
301	110.700	0.000	
301	110.800	0.000	
301	110.900	0.000	
301	111.000	0.000	
301	111.100	0.000	
301	111.200	0.000	
301	111.300	0.000	
301	111.400	0.000	
301	111.500	0.000	
301	111.600	0.000	
301	111.700	0.000	
301	111.800	0.000	
301	111.900	0.000	
301	112.000	0.000	
301	112.100	0.000	
301	112.200	0.000	
301	112.300	0.000	
301	112.400	0.000	
301	112.500	0.000	
301	112.600	0.000	
301	112.700	0.000	
301	112.800	0.000	
301	112.900	0.000	
301	113.000	0.000	
301	113.100	0.000	
301	113.200	0.000	
301	113.300	0.000	
301	113.400	0.000	
301	113.500	0.000	
301	113.600	0.000	
301	113.700	0.000	
301	113.800	0.000	
301	113.900	0.000	
301	114.000	0.000	
301	114.100	0.000	
301	114.200	0.000	
301	114.300	0.000	
301	114.400	0.000	
301	114.500	0.000	
301	114.600	0.000	
301	114.700	0.000	
301	114.800	0.000	
301	114.900	0.000	
301	115.000	0.000	
301	115.100	0.000	
301	115.200	0.000	
301	115.300	0.000	
301	115.400	0.000	
301	115.500	0.000	
301	115.600	0.000	
301	115.700	0.000	
301	115.800	0.000	
301	115.900	0.000	
301	116.000	0.000	
301	116.100	0.000	
301	116.200	0.000	
301	116.300	0.000	
301	116.400	0.000	
301	116.500	0.000	
301	116.600	0.000	
301	116.700	0.000	
301	116.800	0.000	
301	116.900	0.000	
301	117.000	0.000	
301	117.100	0.000	
301	117.200	0.000	
301	117.300	0.000	
301	117.400	0.000	
301	117.500	0.000	
301	117.600	0.000	
301	117.700	0.000	
301	117.800	0.000	
301	117.900	0.000	
301	118.000	0.000	
301	118.100	0.000	
301	118.200	0.000	
301	118.300	0.000	
301	118.400	0.000	
301	118.500	0.000	
301	118.600	0.000	
301	118.700	0.000	
301	118.800	0.000	
301	118.900	0.000	
301	119.000	0.000	
301	119.100	0.000	
301	119.200	0.000	
301	119.300	0.000	
301	119.400	0.000	
301	119.500	0.000	
301	119.600	0.000	
301	119.700	0.000	
301	119.800	0.000	
301	119.900	0.000	
301	120.000	0.000	
301	120.100	0.000	
301	120.200	0.000	
301	120.300	0.000	
301	120.400	0.000	
301	120.500	0.000	
301	120.600	0.000	
301	120.700	0.000	
301	120.800	0.000	
301	120.900	0.000	
301	121.000	0.000	
301	121.100	0.000	
301	121.200	0.000	
301	121.300	0.000	
301	121.400	0.000	
301	121.500	0.000	
301	121.600	0.000	
301	121.700	0.000	
301	121.800	0.000	
301	121.900	0.000	
301	122.000	0.000	
301	122.100	0.000	
301	122.200	0.000	
301	122.300	0.000	
301	122.400	0.000	
301	122.500	0.000	
301	122.600	0.000	
301	122.700	0.000	
301	122.800	0.000	
301	122.900	0.000	
301	123.000	0.000	
301	123.100	0.000	
301	123.200	0.000	
301	123.300	0.000	
301	123.400	0.000	
301	123.500	0.000	
301	123.600	0.000	
301	123.700	0.000	
301	123.800	0.000	
301	123.900	0.000	
301	124.000	0.000	
301	124.100	0.000	
301	124.200	0.000	
301	124.300	0.000	
301	124.400	0.000	
301	124.500	0.000	
301	124.600	0.000	
301	124.700	0.000	
301	124.800	0.000	
301	124.900	0.000	
301	125.000	0.000	
301	125.100	0.000	
301	125.200	0.000	
301	125.300	0.000	
301	125.400	0.000	
301	125.500	0.000	
301	125.600	0.000	
301	125.700	0.000	
301	125.800	0.000	
301	125.900	0.000	
301	126.000	0.000	
301	126.100	0.000	
301	126.200	0.000	
301	126.300	0.000	
301	126.400	0.000	
301	126.500	0.000	
301	126.600	0.000	
301	126.700	0.000	
301	126.800	0.000	
301	126.900	0.000	
301	127.000	0.000	
301	127.100	0.000	
301	127.200	0.000	
301	127.300	0.000	
301	127.400	0.000	
301	127.500	0.000	
301	127.600	0.000	
301	127.700	0.000	
301	127.800	0.000	
301	127.900	0.000	
301	128.000	0.000	
301	128.100	0.000	
301	128.200	0.000	
301	128.300	0.000	
301	128.400	0.000	
301	128.500	0.000	
301	128.600	0.000	
301	128.700	0.000	
301	128.800	0.000	
301	128.900	0.000	
301	129.000	0.000	
301	129.100	0.000	
301	129.200	0.000	
301	129.300	0.000	
301	129.400	0.000	
301	129.500	0.000	
301	129.600	0.000	
301	129.700	0.000	
301	129.800	0.000	
301	129.900	0.000	
301	130.000	0.000	
301	130.100	0.000	
301	130.200	0.000	
301	130.300	0.000	
301	130.400	0.000	
301	130.500	0.000	
301	130.600	0.000	
301	130.700	0.000	
301	130.800	0.000	
301	130.900	0.000	
301	131.000	0.000	
301	131.100	0.000	
301	131.200	0.000	
301	131.300	0.000	
301	131.400	0.000	
301	131.500	0.000	
301	131.600	0.000	
301	131.700	0.000	
301	131.800	0.000	
301	131.900	0.000	
301	132.000	0.000	
301	132.100	0.000	
301	132.200	0.000	
301	132.300	0.000	
301	132.400	0.000	
301	132.500	0.000	
301	132.600	0.000	
301	132.700	0.000	
301	132.800	0.000	
301	132.900	0.000	
301	133.000	0.000	
301	133.100	0.000	
301	133.200	0.000	
301	133.300	0.000	
301	133.400	0.000	
301	133.500	0.000	
301	133.600	0.000	
301	133.700	0.000	
301	133.800	0.000	
301	133.900	0.000	
301	134.000	0.000	
301	134.100	0.000	
301	134.200	0.000	
301	134.300	0.000	
301	134.400	0.000	
301	134.500	0.000	
301	134.600	0.000	
301	134.700	0.000	
301	134.800	0.000	
301	134.900	0.000	
301	135.000	0.000	
301	135.100	0.000	
301	135.200	0.000	
301	135.300	0.000	
301	135.400	0.000	
301	135.500	0.000	
301	135.600	0.000	
301	135.700	0.000	
301	135.800	0.000	
301	135.900	0.000	
301	136.000	0.000	
301	136.100	0.000	
301	136.200	0.000	
301	136.300	0.000	
301	136.400	0.000	
301	136.500	0.000	
301	136.600	0.000	
301	136.700	0.000	
301	136.800	0.000	
301	136.900	0.000	
301	137.000	0.000	
301	137.100	0.000	
301	137.200	0.000	
301	137.300	0.000	
301	137.400	0.000	
301	137.500	0.000	
301	137.600	0.000	
301	137.700	0.000	
301	137.800	0.000	
301	137.900	0.000	
301	138.000	0.000	
301	138.100	0.000	
301	138.200	0.000	
301	138.300	0.000	
301	138.400	0.000	
301	138.500	0.000	
301	138.600	0.000	
301	138.700	0.000	
301	138.800	0.000	
301	138.900	0.000	
301	139.000	0.000	
301	139.100	0.000	
301	139.200	0.000	
301	139.300	0.000	
301	139.400	0.000	
301	139.500	0.000	
301	139.600	0.000	
301	139.700	0.000	
301	139.800	0.000	
301	139.900	0.000	
301	140.000	0.000	
301	140.100	0.000	
301	140.200	0.000	
301	140.300	0.000	
301	140.400	0.000	
301	140.500	0.000	
301	140.600	0.000	
301	140.700	0.000	
301	140.800	0.000	
301	140.900	0.000	
301	141.000	0.000	
301	141.100	0.000	
301	141.200	0.000	
301	141.300	0.000	
301	141.400	0.000	
301	141.500	0.000	
301	141.600	0.000	
301	141.700	0.000	
301	141.800	0.000	
301	141.900	0.000	
301	142.000	0.000	
301	142.100	0.000	
301	142.200	0.000	
301	142.300	0.000	
301	142.400	0.000	
301	142.500	0.000	
301	142.600	0.000	
301	142.700	0.000	
301	142.800	0.000	
301	142.900	0.000	
301	143.000	0.000	
301	143.100	0.000	
301	143.200	0.000	
301	143.300	0.000	
301	143.400	0.000	
301	143.500	0.000	
301	143.600	0.000	
301	143.700	0.000	
301	143.800	0.000	
301	143.900	0.000	
301	144.000	0.000	
301	144.100	0.000	
301	144.200	0.000	
301	144.300	0.000	
301	144.400	0.000	
301	144.500	0.000	
301	144.600	0.000	
301	144.700	0.000	
301	144.800	0.000	
301	144.900	0.000	
301	145.000	0.000	
301	145.100	0.000	
301	145.200	0.000	
301	145.300	0.000	
301	145.400	0.000	
301	145.500	0.000	
301	145.600	0.000	
301	145.700	0.000	
301	145.800	0.000	
301	145.900	0.000	
301	146.000	0.000	
301	146.100	0.000	
301	146.200	0.000	
301	146.300	0.000	
301	146.400	0.000	
301	146.500	0.000	
301	146.600	0.000	
301	146.700	0.000	
301	146.800	0.000	
301	146.900	0.000	
301	147.000	0.000	
301	147.100	0.000	
301	147.200	0.000	
301	147.300	0.000	
301	147.400	0.000	
301	147.500	0.000	
301	147.600	0.000	
301	147.700	0.000	
301	147.800	0.000	
301	147.900	0.000	
301	148.000	0.000	
301	148.100	0.000	
301	148.200	0.000	
301	148.300	0.000	
301	148.400	0.000	
301	148.500	0.000	
301	148.600	0.000	
301	148.700	0.000	
301	148.800	0.000	
301	148.900	0.000	
301	149.000	0.000	
