-65
-64.9963
-64.9918
-64.9868
-64.9814
-64.9758
-64.9699
-64.9639
-64.9577
-64.9515
-64.945
-64.9385
-64.9319
-64.9252
-64.9184
-64.9116
-64.9046
-64.8976
-64.8905
-64.8834
-64.8762
-64.869
-64.8616
-64.8543
-64.8469
-64.8395
-64.832
-64.8244
-64.8169
-64.8093
-64.8016
-64.794
-64.7863
-64.7785
-64.7708
-64.763
-64.7552
-64.7473
-64.7395
-64.7316
-64.7237
-64.7157
-64.7078
-64.6998
-64.6919
-64.6839
-64.6759
-64.6679
-64.6598
-64.6518
-64.6437
-64.6356
-64.6276
-64.6195
-64.6114
-64.6033
-64.5952
-64.587
-64.5789
-64.5708
-64.5626
-64.5545
-64.5463
-64.5382
-64.53
-64.5219
-64.5137
-64.5055
-64.4974
-64.4892
-64.481
-64.4728
-64.4646
-64.4564
-64.4483
-64.4401
-64.4319
-64.4237
-64.4155
-64.4073
-64.3991
-64.3909
-64.3827
-64.3745
-64.3663
-64.3581
-64.3499
-64.3417
-64.3336
-64.3254
-64.3172
-64.309
-64.3008
-64.2926
-64.2844
-64.2762
-64.268
-64.2599
-64.2517
-64.2435
-64.2353
-64.2271
-64.219
-64.2108
-64.2026
-64.1944
-64.1863
-64.1781
-64.1699
-64.1618
-64.1536
-64.1454
-64.1373
-64.1291
-64.1209
-64.1128
-64.1046
-64.0965
-64.0883
-64.0802
-64.072
-64.0639
-64.0558
-64.0476
-64.0395
-64.0313
-64.0232
-64.0151
-64.0069
-63.9988
-63.9907
-63.9825
-63.9744
-63.9663
-63.9582
-63.95
-63.9419
-63.9338
-63.9256
-63.9175
-63.9094
-63.9012
-63.8931
-63.8849
-63.8768
-63.8686
-63.8605
-63.8523
-63.8442
-63.836
-63.8279
-63.8197
-63.8115
-63.8034
-63.7952
-63.787
-63.7788
-63.7706
-63.7625
-63.7543
-63.7461
-63.7379
-63.7297
-63.7215
-63.7133
-63.7051
-63.6969
-63.6887
-63.6805
-63.6723
-63.6641
-63.6559
-63.6476
-63.6394
-63.6312
-63.623
-63.6147
-63.6065
-63.5983
-63.59
-63.5818
-63.5736
-63.5653
-63.5571
-63.5488
-63.5406
-63.5323
-63.5241
-63.5158
-63.5075
-63.4993
-63.491
-63.4827
-63.4745
-63.4662
-63.4579
-63.4496
-63.4413
-63.4331
-63.4248
-63.4165
-63.4082
-63.3999
-63.3916
-63.3833
-63.375
-63.3667
-63.3584
-63.35
-63.3417
-63.3334
-63.3251
-63.3168
-63.3084
-63.3001
-63.2918
-63.2834
-63.2751
-63.2667
-63.2584
-63.25
-63.2417
-63.2333
-63.225
-63.2166
-63.2082
-63.1999
-63.1915
-63.1831
-63.1747
-63.1663
-63.158
-63.1496
-63.1412
-63.1328
-63.1244
-63.116
-63.1076
-63.0992
-63.0907
-63.0823
-63.0739
-63.0655
-63.057
-63.0486
-63.0402
-63.0317
-63.0233
-62.9596
-62.7806
-62.4483
-61.9389
-61.2245
-60.2559
-58.9547
-57.2145
-54.914
-51.949
-48.266
-43.8847
-35.2904
-26.6956
-19.0779
-12.4906
-6.58631
-0.979042
4.87049
10.8347
16.7558
22.4076
27.5254
31.8911
35.4005
38.0741
40.0198
41.3814
42.299
42.8894
43.2409
43.4262
43.4833
43.4365
43.3039
43.0996
42.834
42.515
42.1483
41.7382
41.2882
40.8008
40.2782
39.7224
39.135
38.5176
37.8715
37.1981
36.4988
35.7747
35.027
34.257
33.4658
32.6546
31.8245
30.9765
30.1117
29.2313
28.3362
27.4274
26.506
25.5728
24.6289
23.6751
22.7124
21.7415
20.7634
19.7788
18.7884
17.7931
16.7935
15.7904
14.7843
13.776
12.7659
11.7548
10.7431
9.73128
8.71993
7.70948
6.70038
5.69302
4.68783
3.68515
2.68534
1.68874
0.695643
-0.293648
-1.27886
-2.25974
-3.23604
-4.20754
-5.17402
-6.13528
-7.09113
-8.0414
-8.98592
-9.92454
-10.8571
-11.7836
-12.7038
-13.6176
-14.5251
-15.426
-16.3203
-17.208
-18.089
-18.9634
-19.8311
-20.6922
-21.5468
-22.3951
-23.2371
-24.073
-24.9224
-25.8048
-26.729
-27.694
-28.6926
-29.7158
-30.7547
-31.8022
-32.8558
-34.0045
-35.2613
-36.6036
-38.0028
-39.439
-40.8998
-42.5333
-44.2807
-46.076
-47.8755
-49.6699
-51.4537
-53.2195
-54.9596
-56.6666
-58.3331
-59.9514
-61.5132
-63.009
-64.4292
-65.7643
-67.0062
-68.1488
-69.1886
-70.1251
-70.9606
-71.6999
-72.3499
-72.9184
-73.4139
-73.8451
-74.2202
-74.5466
-74.8313
-75.0803
-75.2987
-75.4912
-75.6614
-75.8126
-75.9476
-76.0685
-76.1775
-76.276
-76.3655
-76.4471
-76.5218
-76.5904
-76.6536
-76.7122
-76.7664
-76.817
-76.8641
-76.9082
-76.9496
-76.9884
-77.025
-77.0595
-77.0922
-77.1231
-77.1524
-77.1802
-77.2067
-77.2319
-77.256
-77.2789
-77.3008
-77.3218
-77.3419
-77.3611
-77.3795
-77.3971
-77.4141
-77.4303
-77.4459
-77.4609
-77.4754
-77.4892
-77.5025
-77.5153
-77.5277
-77.5395
-77.5509
-77.5619
-77.5724
-77.5826
-77.5923
-77.6017
-77.6108
-77.6195
-77.6279
-77.6359
-77.6437
-77.6512
-77.6583
-77.6653
-77.6719
-77.6784
-77.6845
-77.6905
-77.6962
-77.7018
-77.7071
-77.7122
-77.7171
-77.7219
-77.7265
-77.7309
-77.7351
-77.7392
-77.7432
-77.747
-77.7507
-77.7542
-77.7576
-77.7609
-77.764
-77.7671
-77.77
-77.7728
-77.7756
-77.7782
-77.7807
-77.7831
-77.7855
-77.7877
-77.7899
-77.7919
-77.7939
-77.7959
-77.7977
-77.7995
-77.8012
-77.8028
-77.8043
-77.8058
-77.8072
-77.8086
-77.8099
-77.8111
-77.8123
-77.8134
-77.8144
-77.8154
-77.8164
-77.8172
-77.8181
-77.8189
-77.8196
-77.8203
-77.8209
-77.8215
-77.822
-77.8225
-77.8229
-77.8233
-77.8236
-77.8239
-77.8242
-77.8244
-77.8245
-77.8246
-77.8247
-77.8247
-77.8247
-77.8247
-77.8246
-77.8245
-77.8243
-77.8241
-77.8238
-77.8236
-77.8232
-77.8229
-77.8225
-77.822
-77.8215
-77.821
-77.8205
-77.8199
-77.8193
-77.8186
-77.8179
-77.8172
-77.8164
-77.8156
-77.8148
-77.8139
-77.813
-77.8121
-77.8111
-77.8101
-77.8091
-77.808
-77.8069
-77.8058
-77.8046
-77.8034
-77.8022
-77.8009
-77.7996
-77.7983
-77.797
-77.7956
-77.7942
-77.7927
-77.7912
-77.7897
-77.7882
-77.7866
-77.7851
-77.7834
-77.7818
-77.7801
-77.7784
-77.7767
-77.7749
-77.7731
-77.7713
-77.7695
-77.7676
-77.7657
-77.7638
-77.7618
-77.7598
-77.7578
-77.7558
-77.7537
-77.7516
-77.7495
-77.7474
-77.7452
-77.743
-77.7408
-77.7386
-77.7363
-77.734
-77.7317
-77.7294
-77.727
-77.7246
-77.7222
-77.7198
-77.7174
-77.7149
-77.7124
-77.7099
-77.7073
-77.7047
-77.7022
-77.6995
-77.6969
-77.6942
-77.6916
-77.6889
-77.6862
-77.6834
-77.6806
-77.6779
-77.6751
-77.6722
-77.6694
-77.6665
-77.6636
-77.6607
-77.6578
-77.6549
-77.6519
-77.6489
-77.6459
-77.6429
-77.6398
-77.6368
-77.6337
-77.6306
-77.6275
-77.6244
-77.6212
-77.618
-77.6148
-77.6116
-77.6084
-77.6052
-77.6019
-77.5986
-77.5954
-77.592
-77.5887
-77.5854
-77.582
-77.5787
-77.5753
-77.5719
-77.5684
-77.565
-77.5616
-77.5581
-77.5546
-77.5511
-77.5476
-77.5441
-77.5405
-77.537
-77.5334
-77.5298
-77.5262
-77.5226
-77.519
-77.5153
-77.5117
-77.508
-77.5043
-77.5006
-77.4969
-77.4934
-77.4904
-77.488
-77.4862
-77.4849
-77.4841
-77.4837
-77.4835
-77.4834
-77.4863
-77.4928
-77.5025
-77.5143
-77.5276
-77.5417
-77.5663
-77.5992
-77.6372
-77.6775
-77.7187
-77.7597
-77.7996
-77.8378
-77.8738
-77.9075
-77.9387
-77.9674
-77.9937
-78.0176
-78.0394
-78.0592
-78.0772
-78.0934
-78.1081
-78.1214
-78.1334
-78.1442
-78.1539
-78.1627
-78.1706
-78.1777
-78.1841
-78.1899
-78.195
-78.1996
-78.2037
-78.2073
-78.2105
-78.2134
-78.2159
-78.2181
-78.22
-78.2216
-78.223
-78.2241
-78.225
-78.2258
-78.2263
-78.2267
-78.227
-78.227
-78.227
-78.2268
-78.2266
-78.2262
-78.2257
-78.2251
-78.2244
-78.2237
-78.2228
-78.2219
-78.2209
-78.2199
-78.2188
-78.2176
-78.2164
-78.2151
-78.2138
-78.2124
-78.211
-78.2096
-78.2081
-78.2066
-78.205
-78.2034
-78.2018
-78.2001
-78.1984
-78.1967
-78.195
-78.1932
-78.1914
-78.1896
-78.1878
-78.1859
-78.184
-78.1821
-78.1802
-78.1783
-78.1763
-78.1744
-78.1724
-78.1704
-78.1684
-78.1663
-78.1643
-78.1622
-78.1602
-78.1581
-78.156
-78.1539
-78.1517
-78.1496
-78.1475
-78.1453
-78.1432
-78.141
-78.1388
-78.1366
-78.1344
-78.1322
-78.13
-78.1278
-78.1255
-78.1233
-78.121
-78.1188
-78.1165
-78.1142
-78.112
-78.1097
-78.1074
-78.1051
-78.1028
-78.1005
-78.0982
-78.0958
-78.0935
-78.0912
-78.0888
-78.0865
-78.0841
-78.0818
-78.0794
-78.077
-78.0747
-78.0723
-78.0699
-78.0675
-78.0651
-78.0627
-78.0603
-78.0579
-78.0555
-78.0531
-78.0506
-78.0482
-78.0458
-78.0434
-78.0409
-78.0385
-78.036
-78.0336
-78.0311
-78.0286
-78.0262
-78.0237
-78.0212
-78.0188
-78.0163
-78.0138
-78.0113
-78.0088
-78.0063
-78.0038
-78.0013
-77.9988
-77.9963
-77.9938
-77.9913
-77.9888
-77.9862
-77.9837
-77.9812
-77.9786
-77.9761
-77.9736
-77.971
-77.9685
-77.9659
-77.9634
-77.9608
-77.9582
-77.9557
-77.9531
-77.9505
-77.948
-77.9454
-77.9428
-77.9402
-77.9376
-77.9351
-77.9325
-77.9299
-77.9273
-77.9247
-77.9221
-77.9195
-77.9169
-77.9142
-77.9116
-77.909
-77.9064
-77.9038
-77.9011
-77.8985
-77.8959
-77.8932
-77.8906
-77.888
-77.8853
-77.8827
-77.88
-77.8774
-77.8747
-77.8721
-77.8694
-77.8667
-77.8641
-77.8614
-77.8587
-77.8561
-77.8534
-77.8507
-77.848
-77.8453
-77.8426
-77.84
-77.8373
-77.8346
-77.8319
-77.8292
-77.8265
-77.8238
-77.821
-77.8183
-77.8156
-77.8129
-77.8102
-77.8075
-77.8047
-77.802
-77.7993
-77.7966
-77.7938
-77.7911
-77.7883
-77.7856
-77.7829
-77.7801
-77.7774
-77.7746
-77.7718
-77.7691
-77.7663
-77.7636
-77.7608
-77.758
-77.7553
-77.7525
-77.7497
-77.7469
-77.7442
-77.7414
-77.7386
-77.7358
-77.733
-77.7302
-77.7274
-77.7246
-77.7218
-77.719
-77.7162
-77.7134
-77.7106
-77.7078
-77.705
-77.7021
-77.6993
-77.6965
-77.6937
-77.6908
-77.688
-77.6852
-77.6823
-77.6795
-77.6766
-77.6738
-77.671
-77.6681
-77.6653
-77.6624
-77.6595
-77.6567
-77.6538
-77.6509
-77.6481
-77.6452
-77.6423
-77.6395
-77.6366
-77.6337
-77.6308
-77.6279
-77.625
-77.6222
-77.6193
-77.6164
-77.6135
-77.6106
-77.6077
-77.6047
-77.6018
-77.5989
-77.596
-77.5931
-77.5902
-77.5872
-77.5843
-77.5814
-77.5785
-77.5755
-77.5726
-77.5697
-77.5667
-77.5638
-77.5608
-77.5579
-77.5549
-77.552
-77.549
-77.546
-77.5431
-77.5401
-77.5371
-77.5342
-77.5312
-77.5282
-77.5252
-77.5223
-77.5193
-77.5163
-77.5133
-77.5103
-77.5073
-77.5043
-77.5013
-77.4983
-77.4953
-77.4923
-77.4893
-77.4862
-77.4832
-77.4802
-77.4772
-77.4742
-77.4711
-77.4681
-77.4651
-77.462
-77.459
-77.4559
-77.4529
-77.4498
-77.4468
-77.4437
-77.4407
-77.4376
-77.4345
-77.4315
-77.4284
-77.4253
-77.4222
-77.4192
-77.4161
-77.413
-77.4099
-77.4068
-77.4037
-77.4006
-77.3975
-77.3944
-77.3913
-77.3882
-77.3851
-77.382
-77.3789
-77.3757
-77.3726
-77.3695
-77.3663
-77.3632
-77.3601
-77.3569
-77.3538
-77.3506
-77.3475
-77.3443
-77.3412
-77.338
-77.3349
-77.3317
-77.3285
-77.3254
-77.3222
-77.319
-77.3158
-77.3126
-77.3095
-77.3063
-77.3031
-77.2999
-77.2967
-77.2935
-77.2903
-77.2871
-77.2838
-77.2806
-77.2774
-77.2742
-77.271
-77.2677
-77.2645
-77.2613
-77.258
-77.2548
-77.2515
-77.2483
-77.245
-77.2418
-77.2385
-77.2352
-77.232
-77.2287
-77.2254
-77.2222
-77.2189
-77.2156
-77.2123
-77.209
-77.2057
-77.2024
-77.1991
-77.1958
-77.1925
-77.1892
-77.1859
-77.1826
-77.1793
-77.1759
-77.1726
-77.1693
-77.1659
-77.1626
-77.1593
-77.1559
-77.1526
-77.1492
-77.1458
-77.1425
-77.1391
-77.1358
-77.1324
-77.129
-77.1256
-77.1222
-77.1189
-77.1155
-77.1121
-77.1087
-77.1053
-77.1019
-77.0985
-77.0951
-77.0916
-77.0882
-77.0848
-77.0814
-77.0779
-77.0745
-77.0711
-77.0676
-77.0642
-77.0607
-77.0573
-77.0538
-77.0504
-77.0469
-77.0434
-77.04
-77.0365
-77.033
-77.0295
-77.026
-77.0226
-77.0191
-77.0156
-77.0121
-77.0085
-77.005
-77.0015
-76.998
-76.9945
-76.991
-76.9874
-76.9839
-76.9804
-76.9768
-76.9733
-76.9697
-76.9662
-76.9626
-76.959
-76.9555
-76.9519
-76.9483
-76.9448
-76.9412
-76.9379
-76.9353
-76.9335
-76.9326
-76.9325
-76.9331
-76.9341
-76.9356
-76.9372
-76.9428
-76.9531
-76.9675
-76.9849
-77.0042
-77.0247
-77.0584
-77.1027
-77.1534
-77.2071
-77.262
-77.3166
-77.3699
-77.421
-77.4694
-77.5147
-77.5569
-77.5959
-77.6318
-77.6648
-77.6949
-77.7225
-77.7476
-77.7706
-77.7915
-77.783
-77.7285
-77.633
-77.5131
-77.3868
-77.2683
-77.1664
-77.0856
-77.0264
-76.9878
-76.9673
-76.9619
-70.8642
-65.7635
-62.3017
-60.2004
-59.0443
-58.5286
-56.7672
-54.9473
-53.5171
-52.5614
-52.0722
-52.0311
-52.412
-53.1496
-54.1324
-55.2489
-56.4206
-57.6005
-58.7617
-59.2492
-59.1711
-58.8127
-58.3592
-57.8952
-57.4522
-57.0393
-56.6589
-56.3115
-55.9982
-55.7207
-55.4818
-55.2849
-55.1354
-55.0411
-55.0139
-55.0729
-55.2488
-55.5884
-56.1424
-56.9121
-57.8321
-58.8252
-59.835
-60.8284
-61.7887
-62.7088
-63.5863
-64.4211
-65.214
-65.9659
-66.6775
-67.3497
-67.9834
-68.5794
-69.1387
-69.6625
-70.1521
-70.6091
-71.0351
-71.4317
-71.8007
-72.1438
-72.4628
-72.7594
-73.0351
-73.2915
-73.5301
-73.7522
-73.9591
-74.1519
-74.3318
-74.4997
-74.6566
-74.8032
-74.9405
-75.069
-75.1895
-75.3024
-75.4085
-75.5081
-75.6018
-75.6899
-75.7729
-75.851
-75.9247
-75.9942
-76.0599
-76.1219
-76.1805
-76.2359
-76.2883
-76.338
-76.3851
-76.4297
-76.4719
-76.5121
-76.5502
-76.5864
-76.6208
-76.6534
-76.6845
-76.7141
-76.7423
-76.7691
-76.7947
-76.819
-76.8422
-76.8644
-76.8855
-76.9057
-76.925
-76.9434
-76.961
-76.9778
-76.9938
-77.0092
-77.0239
-77.038
-77.0515
-77.0644
-77.0768
-77.0886
-77.1
-77.1109
-77.1213
-77.1314
-77.141
-77.1502
-77.1591
-77.1676
-77.1758
-77.1837
-77.1913
-77.1986
-77.2056
-77.2123
-77.2188
-77.225
-77.231
-77.2368
-77.2424
-77.2477
-77.2529
-77.2579
-77.2627
-77.2674
-77.2718
-77.2761
-77.2803
-77.2843
-77.2882
-77.292
-77.2956
-77.2991
-77.3024
-77.3057
-77.3088
-77.3119
-77.3148
-77.3177
-77.3204
-77.3231
-77.3256
-77.3281
-77.3305
-77.3328
-77.3351
-77.3372
-77.3393
-77.3413
-77.3433
-77.3452
-77.347
-77.3488
-77.3505
-77.3521
-77.3537
-77.3553
-77.3567
-77.3582
-77.3595
-77.3609
-77.3621
-77.3634
-77.3646
-77.3657
-77.3668
-77.3679
-77.3689
-77.3699
-77.3708
-77.3717
-77.3725
-77.3734
-77.3741
-77.3749
-77.3756
-77.3763
-77.3769
-77.3775
-77.3781
-77.3786
-77.3792
-77.3796
-77.3801
-77.3805
-77.3809
-77.3813
-77.3816
-77.3819
-77.3822
-77.3824
-77.3827
-77.3829
-77.383
-77.3832
-77.3833
-77.3834
-77.3834
-77.3835
-77.3835
-77.3835
-77.3834
-77.3834
-77.3833
-77.3832
-77.3831
-77.3829
-77.3827
-77.3826
-77.3823
-77.3821
-77.3818
-77.3815
-77.3812
-77.3809
-77.3806
-77.3802
-77.3798
-77.3794
-77.379
-77.3785
-77.378
-77.3775
-77.377
-77.3765
-77.3759
-77.3754
-77.3748
-77.3742
-77.3735
-77.3729
-77.3722
-77.3715
-77.3708
-77.3701
-77.3694
-77.3686
-77.3678
-77.367
-77.3662
-77.3654
-77.3645
-77.3637
-77.3628
-77.3619
-77.361
-77.36
-77.3591
-77.3581
-77.3571
-77.3561
-77.3551
-77.354
-77.353
-77.3519
-77.3508
-77.3497
-77.3486
-77.3475
-77.3463
-77.3452
-77.344
-77.3428
-77.3416
-77.3403
-77.3391
-77.3378
-77.3366
-77.3353
-77.334
-77.3327
-77.3313
-77.33
-77.3286
-77.3272
-77.3258
-77.3244
-77.323
-77.3216
-77.3201
-77.3187
-77.3172
-77.3157
-77.3142
-77.3127
-77.3111
-77.3096
-77.308
-77.3065
-77.3049
-77.3033
-77.3016
-77.3
-77.2984
-77.2967
-77.2951
-77.2934
-77.2917
-77.29
-77.2883
-77.2865
-77.2848
-77.283
-77.2813
-77.2795
-77.2777
-77.2759
-77.2741
-77.2722
-77.2704
-77.2685
-77.2667
-77.2648
-77.2629
-77.261
-77.2591
-77.2571
-77.2552
-77.2533
-77.2513
-77.2493
-77.2473
-77.2453
-77.2433
-77.2413
-77.2393
-77.2372
-77.2352
-77.2331
-77.231
-77.229
-77.2269
-77.2248
-77.2226
-77.2205
-77.2184
-77.2162
-77.2141
-77.2119
-77.2097
-77.2075
-77.2053
-77.2031
-77.2009
-77.1986
-77.1964
-77.1941
-77.1919
-77.1896
-77.1873
-77.185
-77.1827
-77.1804
-77.1781
-77.1757
-77.1734
-77.171
-77.1687
-77.1663
-77.1639
-77.1615
-77.1591
-77.1567
-77.1543
-77.1518
-77.1494
-77.1469
-77.1445
-77.142
-77.1395
-77.137
-77.1345
-77.132
-77.1295
-77.127
-77.1244
-77.1219
-77.1194
-77.1168
-77.1142
-77.1116
-77.109
-77.1065
-77.1038
-77.1012
-77.0986
-77.096
-77.0933
-77.0909
-77.0891
-77.0879
-77.0874
-77.0876
-77.0882
-77.0893
-77.0906
-77.092
-77.097
-77.1061
-77.1189
-77.1343
-77.1513
-77.1693
-77.1997
-77.2399
-77.2861
-77.3351
-77.3851
-77.4347
-77.4831
-77.5294
-77.5732
-77.6141
-77.6521
-77.6871
-77.7193
-77.7488
-77.7757
-77.8003
-77.8227
-77.8431
-77.8617
-77.8786
-77.8939
-77.9079
-77.9207
-77.9323
-77.9429
-77.9525
-77.9613
-77.9694
-77.9767
-77.9833
-77.9894
-77.9949
-78
-78.0046
-78.0088
-78.0126
-78.016
-78.0192
-78.022
-78.0246
-78.0269
-78.029
-78.0309
-78.0325
-78.034
-78.0353
-78.0365
-78.0375
-78.0383
-78.0391
-78.0397
-78.0402
-78.0406
-78.0408
-78.041
-78.0411
-78.0412
-78.0411
-78.041
-78.0408
-78.0405
-78.0402
-78.0398
-78.0393
-78.0388
-78.0383
-78.0377
-78.0371
-78.0364
-78.0357
-78.0349
-78.0341
-78.0333
-78.0324
-78.0315
-78.0306
-78.0296
-78.0286
-78.0276
-78.0265
-78.0255
-78.0244
-78.0232
-78.0221
-78.0209
-78.0198
-78.0186
-78.0173
-78.0161
-78.0148
-78.0136
-78.0123
-78.011
-78.0096
-78.0083
-78.007
-78.0056
-78.0042
-78.0028
-78.0014
-78
-77.9985
-77.9971
-77.9956
-77.9942
-77.9927
-77.9912
-77.9897
-77.9882
-77.9867
-77.9851
-77.9836
-77.9821
-77.9805
-77.9789
-77.9773
-77.9758
-77.9742
-77.9726
-77.9709
-77.9693
-77.9677
-77.9661
-77.9644
-77.9628
-77.9611
-77.9594
-77.9577
-77.9561
-77.9544
-77.9527
-77.951
-77.9493
-77.9475
-77.9458
-77.9441
-77.9423
-77.9406
-77.9389
-77.9371
-77.9353
-77.9336
-77.9318
-77.93
-77.9282
-77.9264
-77.9246
-77.9228
-77.921
-77.9192
-77.9173
-77.9155
-77.9137
-77.9118
-77.91
-77.9081
-77.9063
-77.9044
-77.9025
-77.9007
-77.8988
-77.8969
-77.895
-77.8931
-77.8912
-77.8893
-77.8874
-77.8855
-77.8835
-77.8816
-77.8797
-77.8777
-77.8758
-77.8738
-77.8719
-77.8699
-77.8679
-77.866
-77.864
-77.862
-77.86
-77.858
-77.856
-77.854
-77.852
-77.85
-77.848
-77.846
-77.844
-77.8419
-77.8399
-77.8379
-77.8358
-77.8338
-77.8317
-77.8297
-77.8276
-77.8255
-77.8235
-77.8214
-77.8193
-77.8172
-77.8151
-77.813
-77.8109
-77.8088
-77.8067
-77.8046
-77.8025
-77.8004
-77.7982
-77.7961
-77.794
-77.7918
-77.7897
-77.7875
-77.7854
-77.7832
-77.781
-77.7789
-77.7767
-77.7745
-77.7724
-77.7702
-77.768
-77.7658
-77.7636
-77.7614
-77.7592
-77.757
-77.7548
-77.7525
-77.7503
-77.7481
-77.7458
-77.7436
-77.7414
-77.7391
-77.7369
-77.7346
-77.7324
-77.7301
-77.7278
-77.7256
-77.7233
-77.721
-77.7187
-77.7164
-77.7141
-77.7119
-77.7096
-77.7072
-77.7049
-77.7026
-77.7003
-77.698
-77.6957
-77.6933
-77.691
-77.6887
-77.6863
-77.684
-77.6816
-77.6793
-77.6769
-77.6746
-77.6722
-77.6698
-77.6675
-77.6651
-77.6627
-77.6603
-77.6579
-77.6555
-77.6531
-77.6507
-77.6483
-77.6459
-77.6435
-77.6411
-77.6387
-77.6362
-77.6338
-77.6314
-77.6289
-77.6265
-77.624
-77.6216
-77.6191
-77.6167
-77.6142
-77.6117
-77.6093
-77.6068
-77.6043
-77.6018
-77.5994
-77.5969
-77.5944
-77.5919
-77.5894
-77.5869
-77.5844
-77.5818
-77.5793
-77.5768
-77.5743
-77.5718
-77.5692
-77.5667
-77.5641
-77.5616
-77.559
-77.5565
-77.5539
-77.5514
-77.5488
-77.5462
-77.5437
-77.5411
-77.5385
-77.5359
-77.5333
-77.5307
-77.5282
-77.5256
-77.5229
-77.5203
-77.5177
-77.5151
-77.5125
-77.5099
-77.5072
-77.5046
-77.502
-77.4993
-77.4967
-77.494
-77.4914
-77.4887
-77.4861
-77.4834
-77.4808
-77.4781
-77.4754
-77.4727
-77.4701
-77.4674
-77.4647
-77.462
-77.4593
-77.4566
-77.4539
-77.4512
-77.4485
-77.4457
-77.443
-77.4403
-77.4376
-77.4348
-77.4321
-77.4293
-77.4266
-77.4239
-77.4211
-77.4183
-77.4156
-77.4128
-77.4101
-77.4073
-77.4045
-77.4017
-77.3989
-77.3962
-77.3934
-77.3906
-77.3878
-77.385
-77.3822
-77.3793
-77.3765
-77.3737
-77.3709
-77.3681
-77.3652
-77.3624
-77.3595
-77.3567
-77.3539
-77.351
-77.3481
-77.3453
-77.3424
-77.3396
-77.3367
-77.3338
-77.3309
-77.328
-77.3252
-77.3223
-77.3194
-77.3165
-77.3136
-77.3107
-77.3077
-77.3048
-77.3019
-77.299
-77.2961
-77.2931
-77.2902
-77.2873
-77.2843
-77.2814
-77.2784
-77.2755
-77.2725
-77.2695
-77.2666
-77.2636
-77.2606
-77.2576
-77.2546
-77.2517
-77.2487
-77.2457
-77.2427
-77.2397
-77.2366
-77.2336
-77.2306
-77.2276
-77.2246
-77.2215
-77.2185
-77.2155
-77.2124
-77.2094
-77.2063
-77.2033
-77.2002
-77.1972
-77.1941
-77.191
-77.1879
-77.1849
-77.1818
-77.1787
-77.1756
-77.1725
-77.1694
-77.1663
-77.1632
-77.1601
-77.157
-77.1538
-77.1507
-77.1476
-77.1444
-77.1413
-77.1382
-77.135
-77.1319
-77.1287
-77.1256
-77.1224
-77.1192
-77.116
-77.1129
-77.1097
-77.1065
-77.1033
-77.1001
-77.0969
-77.0937
-77.0905
-77.0873
-77.0841
-77.0809
-77.0776
-77.0744
-77.0712
-77.0679
-77.0647
-77.0615
-77.0582
-77.055
-77.0517
-77.0484
-77.0452
-77.0419
-77.0386
-77.0353
-77.0321
-77.0288
-77.0255
-77.0222
-77.0189
-77.0156
-77.0123
-77.0089
-77.0056
-77.0023
-76.999
-76.9959
-76.9935
-76.9919
-76.9911
-76.991
-76.9915
-76.9924
-76.9937
-76.9952
-77.0005
-77.0104
-77.0243
-77.041
-77.0595
-77.0792
-77.1118
-77.155
-77.2045
-77.2569
-77.3103
-77.3635
-77.4153
-77.4649
-77.5119
-77.5558
-77.5966
-77.6342
-77.6689
-77.7006
-77.7296
-77.7561
-77.7803
-77.8023
-77.8223
-77.8406
-77.8572
-77.8724
-77.8862
-77.8988
-77.9102
-77.9207
-77.9302
-77.9389
-77.9469
-77.9541
-77.9607
-77.9667
-77.9722
-77.9772
-77.9818
-77.9859
-77.9897
-77.9931
-77.9962
-77.999
-78.0016
-78.0039
-78.0059
-78.0077
-78.0094
-77.9826
-77.9103
-77.7969
-77.6589
-77.5148
-77.379
-77.2609
-77.165
-77.0922
-77.0414
-77.01
-76.9952
-70.8826
-65.7591
-62.2709
-60.1428
-58.9602
-58.4181
-56.6269
-54.7649
-53.2747
-52.2404
-51.6547
-51.503
-51.7733
-52.4244
-53.3578
-54.4527
-55.6167
-56.7944
-57.9552
-58.4404
-58.3532
-57.972
-57.4779
-56.9521
-56.4237
-55.9009
-55.3863
-54.882
-54.3905
-53.9147
-53.4569
-53.0189
-52.6017
-52.2054
-51.8302
-51.476
-51.1431
-50.8328
-50.5471
-50.2903
-50.0694
-49.8967
-49.7923
-49.7893
-49.9374
-50.2833
-50.8139
-51.4607
-52.1559
-52.8569
-53.5437
-54.2108
-54.8606
-55.4982
-56.1298
-56.7608
-57.3956
-58.0374
-58.688
-59.3481
-60.0172
-60.694
-61.3762
-62.0611
-62.7454
-63.4256
-64.098
-64.7589
-65.4048
-66.0327
-66.6397
-67.2236
-67.7827
-68.3155
-68.8215
-69.3004
-69.7522
-70.1775
-70.577
-70.9516
-71.3025
-71.6308
-71.9379
-72.2251
-72.4935
-72.7445
-72.9792
-73.1987
-73.4042
-73.5967
-73.777
-73.9461
-74.1048
-74.2538
-74.3938
-74.5255
-74.6494
-74.7661
-74.876
-74.9798
-75.0777
-75.1701
-75.2575
-75.3402
-75.4184
-75.4925
-75.5627
-75.6293
-75.6924
-75.7524
-75.8093
-75.8634
-75.9149
-75.9639
-76.0105
-76.0549
-76.0972
-76.1375
-76.1759
-76.2127
-76.2477
-76.2812
-76.3132
-76.3437
-76.373
-76.401
-76.4277
-76.4534
-76.4779
-76.5015
-76.5241
-76.5457
-76.5665
-76.5865
-76.6056
-76.624
-76.6417
-76.6587
-76.675
-76.6908
-76.7059
-76.7205
-76.7345
-76.7481
-76.7611
-76.7737
-76.7858
-76.7975
-76.8088
-76.8197
-76.8303
-76.8405
-76.8503
-76.8598
-76.8691
-76.878
-76.8866
-76.895
-76.9031
-76.911
-76.9186
-76.926
-76.9331
-76.9401
-76.9468
-76.9534
-76.9598
-76.966
-76.972
-76.9779
-76.9836
-76.9891
-76.9945
-76.9998
-77.0049
-77.0099
-77.0147
-77.0195
-77.0241
-77.0286
-77.033
-77.0373
-77.0415
-77.0456
-77.0496
-77.0535
-77.0573
-77.061
-77.0647
-77.0683
-77.0717
-77.0751
-77.0785
-77.0817
-77.0849
-77.088
-77.0911
-77.0941
-77.097
-77.0998
-77.1026
-77.1054
-77.1081
-77.1107
-77.1133
-77.1158
-77.1182
-77.1207
-77.123
-77.1253
-77.1276
-77.1298
-77.132
-77.1341
-77.1362
-77.1382
-77.1402
-77.1422
-77.1441
-77.1459
-77.1477
-77.1495
-77.1513
-77.153
-77.1546
-77.1563
-77.1578
-77.1594
-77.1609
-77.1624
-77.1638
-77.1652
-77.1666
-77.1679
-77.1692
-77.1705
-77.1717
-77.1729
-77.1741
-77.1752
-77.1763
-77.1774
-77.1784
-77.1794
-77.1804
-77.1813
-77.1822
-77.1831
-77.1839
-77.1848
-77.1855
-77.1863
-77.187
-77.1877
-77.1884
-77.189
-77.1896
-77.1902
-77.1908
-77.1913
-77.1918
-77.1922
-77.1927
-77.1931
-77.1935
-77.1938
-77.1942
-77.1945
-77.1947
-77.195
-77.1952
-77.1954
-77.1956
-77.1957
-77.1958
-77.1959
-77.196
-77.196
-77.196
-77.196
-77.196
-77.1959
-77.1958
-77.1957
-77.1956
-77.1954
-77.1953
-77.195
-77.1948
-77.1946
-77.1943
-77.194
-77.1937
-77.1933
-77.1929
-77.1925
-77.1921
-77.1917
-77.1912
-77.1907
-77.1902
-77.1897
-77.1892
-77.1886
-77.188
-77.1874
-77.1867
-77.1861
-77.1854
-77.1847
-77.184
-77.1832
-77.1824
-77.1817
-77.1809
-77.18
-77.1792
-77.1783
-77.1774
-77.1765
-77.1756
-77.1746
-77.1737
-77.1727
-77.1717
-77.1706
-77.1696
-77.1685
-77.1675
-77.1664
-77.1652
-77.1641
-77.1629
-77.1618
-77.1606
-77.1593
-77.1581
-77.1569
-77.1556
-77.1543
-77.153
-77.1517
-77.1503
-77.149
-77.1476
-77.1462
-77.1448
-77.1434
-77.1419
-77.1405
-77.139
-77.1375
-77.136
-77.1345
-77.1329
-77.1314
-77.1298
-77.1282
-77.1266
-77.125
-77.1233
-77.1217
-77.12
-77.1183
-77.1166
-77.1149
-77.1131
-77.1114
-77.1096
-77.1078
-77.106
-77.1042
-77.1024
-77.1006
-77.0987
-77.0968
-77.095
-77.0931
-77.0912
-77.0892
-77.0873
-77.0853
-77.0834
-77.0814
-77.0794
-77.0774
-77.0753
-77.0733
-77.0712
-77.0692
-77.0671
-77.065
-77.0629
-77.0608
-77.0586
-77.0565
-77.0543
-77.0522
-77.05
-77.0478
-77.0456
-77.0433
-77.0411
-77.0389
-77.0366
-77.0343
-77.032
-77.03
-77.0286
-77.0278
-77.0278
-77.0285
-77.0296
-77.0312
-77.0331
-77.0351
-77.0408
-77.0508
-77.0647
-77.0812
-77.0995
-77.1187
-77.1506
-77.1928
-77.2411
-77.2922
-77.3444
-77.3962
-77.4466
-77.4948
-77.5404
-77.583
-77.6226
-77.6591
-77.6927
-77.7235
-77.7516
-77.7773
-77.8007
-77.822
-77.8415
-77.8592
-77.8753
-77.89
-77.9035
-77.9157
-77.9269
-77.9371
-77.9464
-77.9549
-77.9626
-77.9697
-77.9762
-77.9822
-77.9876
-77.9926
-77.9971
-78.0012
-78.005
-78.0084
-78.0116
-78.0144
-78.017
-78.0194
-78.0215
-78.0234
-78.0251
-78.0267
-78.0281
-78.0293
-78.0303
-78.0313
-78.0321
-78.0328
-78.0334
-78.0338
-78.0342
-78.0345
-78.0347
-78.0348
-78.0348
-78.0348
-78.0347
-78.0345
-78.0342
-78.034
-78.0336
-78.0332
-78.0327
-78.0322
-78.0317
-78.0311
-78.0305
-78.0298
-78.0291
-78.0283
-78.0275
-78.0267
-78.0259
-78.025
-78.0241
-78.0232
-78.0222
-78.0212
-78.0202
-78.0192
-78.0181
-78.017
-78.0159
-78.0148
-78.0136
-78.0125
-78.0113
-78.0101
-78.0089
-78.0076
-78.0064
-78.0051
-78.0038
-78.0026
-78.0012
-77.9999
-77.9986
-77.9972
-77.9959
-77.9945
-77.9931
-77.9917
-77.9903
-77.9888
-77.9874
-77.9859
-77.9845
-77.983
-77.9815
-77.98
-77.9785
-77.977
-77.9755
-77.974
-77.9724
-77.9709
-77.9693
-77.9677
-77.9662
-77.9646
-77.963
-77.9614
-77.9598
-77.9581
-77.9565
-77.9549
-77.9532
-77.9516
-77.9499
-77.9483
-77.9466
-77.9449
-77.9432
-77.9415
-77.9398
-77.9381
-77.9364
-77.9347
-77.9329
-77.9312
-77.9295
-77.9277
-77.9259
-77.9242
-77.9224
-77.9206
-77.9188
-77.917
-77.9153
-77.9134
-77.9116
-77.9098
-77.908
-77.9062
-77.9043
-77.9025
-77.9006
-77.8988
-77.8969
-77.8951
-77.8932
-77.8913
-77.8894
-77.8876
-77.8857
-77.8838
-77.8819
-77.8799
-77.878
-77.8761
-77.8742
-77.8723
-77.8703
-77.8684
-77.8664
-77.8645
-77.8625
-77.8605
-77.8586
-77.8566
-77.8546
-77.8526
-77.8506
-77.8486
-77.8466
-77.8446
-77.8426
-77.8406
-77.8386
-77.8366
-77.8345
-77.8325
-77.8304
-77.8284
-77.8263
-77.8243
-77.8222
-77.8201
-77.8181
-77.816
-77.8139
-77.8118
-77.8097
-77.8076
-77.8055
-77.8034
-77.8013
-77.7992
-77.7971
-77.795
-77.7928
-77.7907
-77.7885
-77.7864
-77.7843
-77.7821
-77.7799
-77.7778
-77.7756
-77.7734
-77.7713
-77.7691
-77.7669
-77.7647
-77.7625
-77.7603
-77.7581
-77.7559
-77.7537
-77.7515
-77.7492
-77.747
-77.7448
-77.7425
-77.7403
-77.738
-77.7358
-77.7335
-77.7313
-77.729
-77.7268
-77.7245
-77.7222
-77.7199
-77.7176
-77.7153
-77.7131
-77.7108
-77.7085
-77.7061
-77.7038
-77.7015
-77.6992
-77.6969
-77.6945
-77.6922
-77.6899
-77.6875
-77.6852
-77.6828
-77.6805
-77.6781
-77.6758
-77.6734
-77.671
-77.6687
-77.6663
-77.6639
-77.6615
-77.6591
-77.6567
-77.6543
-77.6519
-77.6495
-77.6471
-77.6447
-77.6423
-77.6398
-77.6374
-77.635
-77.6325
-77.6301
-77.6276
-77.6252
-77.6227
-77.6203
-77.6178
-77.6154
-77.6129
-77.6104
-77.6079
-77.6055
-77.603
-77.6005
-77.598
-77.5955
-77.593
-77.5905
-77.588
-77.5855
-77.5829
-77.5804
-77.5779
-77.5754
-77.5728
-77.5703
-77.5677
-77.5652
-77.5626
-77.5601
-77.5575
-77.555
-77.5524
-77.5498
-77.5472
-77.5447
-77.5421
-77.5395
-77.5369
-77.5343
-77.5317
-77.5291
-77.5265
-77.5239
-77.5213
-77.5187
-77.516
-77.5134
-77.5108
-77.5081
-77.5055
-77.5029
-77.5002
-77.4976
-77.4949
-77.4923
-77.4896
-77.4869
-77.4843
-77.4816
-77.4789
-77.4762
-77.4735
-77.4708
-77.4681
-77.4654
-77.4627
-77.46
-77.4573
-77.4546
-77.4519
-77.4492
-77.4464
-77.4437
-77.441
-77.4382
-77.4355
-77.4328
-77.43
-77.4273
-77.4245
-77.4217
-77.419
-77.4162
-77.4134
-77.4106
-77.4079
-77.4051
-77.4023
-77.3995
-77.3967
-77.3939
-77.3911
-77.3883
-77.3855
-77.3826
-77.3798
-77.377
-77.3742
-77.3713
-77.3685
-77.3657
-77.3628
-77.36
-77.3571
-77.3542
-77.3514
-77.3485
-77.3457
-77.3428
-77.3399
-77.337
-77.3341
-77.3312
-77.3283
-77.3255
-77.3225
-77.3196
-77.3167
-77.3138
-77.3109
-77.308
-77.3051
-77.3021
-77.2992
-77.2962
-77.2933
-77.2904
-77.2874
-77.2845
-77.2815
-77.2785
-77.2756
-77.2726
-77.2696
-77.2666
-77.2637
-77.2607
-77.2577
-77.2547
-77.2517
-77.2487
-77.2457
-77.2427
-77.2396
-77.2366
-77.2336
-77.2306
-77.2275
-77.2245
-77.2215
-77.2184
-77.2154
-77.2123
-77.2093
-77.2062
-77.2031
-77.2001
-77.197
-77.1939
-77.1908
-77.1877
-77.1847
-77.1816
-77.1785
-77.1754
-77.1722
-77.1691
-77.166
-77.1629
-77.1598
-77.1566
-77.1535
-77.1504
-77.1472
-77.1441
-77.1409
-77.1378
-77.1346
-77.1315
-77.1283
-77.1251
-77.122
-77.1188
-77.1156
-77.1124
-77.1092
-77.106
-77.1028
-77.0996
-77.0964
-77.0932
-77.09
-77.0867
-77.0835
-77.0803
-77.0771
-77.0738
-77.0706
-77.0673
-77.0641
-77.0608
-77.0576
-77.0543
-77.051
-77.0477
-77.0445
-77.0412
-77.0379
-77.0346
-77.0313
-77.028
-77.0247
-77.0214
-77.0181
-77.0148
-77.0114
-77.0081
-77.0048
-77.0014
-76.9984
-76.996
-76.9944
-76.9935
-76.9935
-76.994
-76.995
-76.9962
-76.9978
-77.0031
-77.013
-77.0269
-77.0437
-77.0624
-77.0821
-77.1149
-77.1582
-77.2078
-77.2604
-77.3141
-77.3674
-77.4193
-77.4691
-77.5161
-77.5602
-77.601
-77.6388
-77.6735
-77.7052
-77.7343
-77.7608
-77.785
-77.807
-77.8271
-77.8453
-77.862
-77.8771
-77.8909
-77.9035
-77.915
-77.9254
-77.935
-77.9436
-77.9516
-77.9588
-77.9654
-77.9714
-77.9769
-77.9819
-77.9864
-77.9906
-77.9943
-77.9978
-78.0009
-78.0037
-78.0062
-78.0085
-78.0105
-78.0123
-78.0139
-78.0154
-78.0166
-77.9896
-77.9169
-77.8031
-77.6648
-77.5203
-77.3841
-77.2657
-77.1694
-77.0963
-77.0452
-77.0136
-76.9986
-70.8887
-65.767
-62.2799
-60.1521
-58.9695
-58.427
-56.6357
-54.7738
-53.2841
-52.2507
-51.6662
-51.5161
-51.7878
-52.4398
-53.3731
-54.4674
-55.6308
-56.8078
-57.9681
-58.4529
-58.3654
-57.9842
-57.4905
-56.9656
-56.4387
-55.9181
-55.4063
-54.9053
-54.4174
-53.9454
-53.4917
-53.0579
-52.6449
-52.2532
-51.8827
-51.5337
-51.2065
-50.9025
-50.6242
-50.376
-50.1656
-50.0059
-49.9184
-49.9381
-50.1163
-50.4958
-51.0554
-51.7241
-52.4363
-53.1519
-53.8528
-54.5346
-55.1998
-55.8535
-56.5017
-57.1493
-57.8004
-58.4576
-59.1225
-59.7953
-60.4751
-61.1602
-61.8482
-62.5362
-63.2206
-63.8981
-64.5648
-65.2175
-65.8527
-66.4677
-67.0601
-67.6279
-68.1698
-68.6849
-69.1727
-69.6334
-70.0672
-70.4749
-70.8573
-71.2156
-71.5509
-71.8646
-72.1578
-72.4319
-72.6881
-72.9277
-73.1518
-73.3615
-73.5578
-73.7417
-73.9141
-74.0758
-74.2276
-74.3702
-74.5043
-74.6304
-74.7491
-74.861
-74.9665
-75.066
-75.16
-75.2488
-75.3327
-75.4121
-75.4873
-75.5586
-75.6261
-75.6901
-75.7509
-75.8086
-75.8635
-75.9156
-75.9652
-76.0124
-76.0573
-76.1001
-76.1409
-76.1798
-76.217
-76.2524
-76.2862
-76.3185
-76.3494
-76.379
-76.4072
-76.4342
-76.4601
-76.4849
-76.5087
-76.5314
-76.5533
-76.5742
-76.5943
-76.6136
-76.6321
-76.6499
-76.667
-76.6835
-76.6993
-76.7146
-76.7292
-76.7433
-76.7569
-76.77
-76.7827
-76.7948
-76.8066
-76.8179
-76.8289
-76.8395
-76.8497
-76.8596
-76.8691
-76.8783
-76.8873
-76.8959
-76.9043
-76.9124
-76.9203
-76.9279
-76.9353
-76.9424
-76.9494
-76.9561
-76.9627
-76.9691
-76.9752
-76.9812
-76.9871
-76.9928
-76.9983
-77.0037
-77.0089
-77.014
-77.019
-77.0238
-77.0285
-77.0331
-77.0376
-77.042
-77.0462
-77.0504
-77.0544
-77.0584
-77.0623
-77.066
-77.0697
-77.0733
-77.0769
-77.0803
-77.0837
-77.087
-77.0902
-77.0933
-77.0964
-77.0994
-77.1024
-77.1052
-77.1081
-77.1108
-77.1135
-77.1161
-77.1187
-77.1213
-77.1237
-77.1261
-77.1285
-77.1308
-77.1331
-77.1353
-77.1375
-77.1396
-77.1417
-77.1437
-77.1457
-77.1477
-77.1496
-77.1514
-77.1532
-77.155
-77.1568
-77.1585
-77.1601
-77.1617
-77.1633
-77.1649
-77.1664
-77.1678
-77.1693
-77.1707
-77.172
-77.1733
-77.1746
-77.1759
-77.1771
-77.1783
-77.1795
-77.1806
-77.1817
-77.1827
-77.1837
-77.1847
-77.1857
-77.1866
-77.1875
-77.1884
-77.1892
-77.19
-77.1908
-77.1915
-77.1923
-77.1929
-77.1936
-77.1942
-77.1948
-77.1954
-77.1959
-77.1964
-77.1969
-77.1974
-77.1978
-77.1982
-77.1986
-77.1989
-77.1993
-77.1995
-77.1998
-77.2001
-77.2003
-77.2005
-77.2006
-77.2007
-77.2009
-77.2009
-77.201
-77.201
-77.201
-77.201
-77.201
-77.2009
-77.2008
-77.2007
-77.2006
-77.2004
-77.2002
-77.2
-77.1997
-77.1995
-77.1992
-77.1989
-77.1986
-77.1982
-77.1978
-77.1974
-77.197
-77.1966
-77.1961
-77.1956
-77.1951
-77.1946
-77.194
-77.1934
-77.1928
-77.1922
-77.1916
-77.1909
-77.1902
-77.1895
-77.1888
-77.188
-77.1873
-77.1865
-77.1857
-77.1848
-77.184
-77.1831
-77.1822
-77.1813
-77.1804
-77.1794
-77.1785
-77.1775
-77.1765
-77.1754
-77.1744
-77.1733
-77.1722
-77.1711
-77.17
-77.1689
-77.1677
-77.1665
-77.1653
-77.1641
-77.1629
-77.1616
-77.1603
-77.1591
-77.1578
-77.1564
-77.1551
-77.1537
-77.1524
-77.151
-77.1496
-77.1481
-77.1467
-77.1452
-77.1438
-77.1423
-77.1407
-77.1392
-77.1377
-77.1361
-77.1345
-77.133
-77.1313
-77.1297
-77.1281
-77.1264
-77.1248
-77.1231
-77.1214
-77.1197
-77.1179
-77.1162
-77.1144
-77.1126
-77.1108
-77.109
-77.1072
-77.1054
-77.1035
-77.1016
-77.0998
-77.0979
-77.096
-77.094
-77.0921
-77.0901
-77.0882
-77.0862
-77.0842
-77.0822
-77.0802
-77.0781
-77.0761
-77.074
-77.0719
-77.0699
-77.0678
-77.0656
-77.0635
-77.0614
-77.0592
-77.057
-77.0549
-77.0527
-77.0505
-77.0482
-77.046
-77.0438
-77.0415
-77.0392
-77.0369
-77.0347
-77.0326
-77.0312
-77.0304
-77.0304
-77.031
-77.0322
-77.0338
-77.0357
-77.0377
-77.0433
-77.0534
-77.0672
-77.0837
-77.102
-77.1212
-77.1532
-77.1954
-77.2438
-77.2949
-77.3471
-77.3989
-77.4493
-77.4976
-77.5432
-77.5858
-77.6254
-77.6619
-77.6955
-77.7262
-77.7543
-77.78
-77.8034
-77.8247
-77.8441
-77.8618
-77.8779
-77.8926
-77.906
-77.9182
-77.9294
-77.9396
-77.9488
-77.9573
-77.9651
-77.9722
-77.9787
-77.9846
-77.99
-77.9949
-77.9994
-78.0036
-78.0073
-78.0108
-78.0139
-78.0167
-78.0193
-78.0217
-78.0238
-78.0257
-78.0274
-78.0289
-78.0303
-78.0315
-78.0326
-78.0335
-78.0343
-78.035
-78.0356
-78.036
-78.0364
-78.0367
-78.0368
-78.037
-78.037
-78.0369
-78.0368
-78.0366
-78.0364
-78.0361
-78.0357
-78.0353
-78.0349
-78.0344
-78.0338
-78.0332
-78.0326
-78.0319
-78.0312
-78.0304
-78.0297
-78.0288
-78.028
-78.0271
-78.0262
-78.0253
-78.0243
-78.0233
-78.0223
-78.0213
-78.0202
-78.0191
-78.018
-78.0169
-78.0158
-78.0146
-78.0134
-78.0122
-78.011
-78.0098
-78.0085
-78.0072
-78.006
-78.0047
-78.0034
-78.002
-78.0007
-77.9993
-77.998
-77.9966
-77.9952
-77.9938
-77.9924
-77.9909
-77.9895
-77.9881
-77.9866
-77.9851
-77.9836
-77.9822
-77.9807
-77.9791
-77.9776
-77.9761
-77.9745
-77.973
-77.9714
-77.9699
-77.9683
-77.9667
-77.9651
-77.9635
-77.9619
-77.9603
-77.9587
-77.957
-77.9554
-77.9537
-77.9521
-77.9504
-77.9487
-77.9471
-77.9454
-77.9437
-77.942
-77.9403
-77.9385
-77.9368
-77.9351
-77.9334
-77.9316
-77.9299
-77.9281
-77.9263
-77.9246
-77.9228
-77.921
-77.9192
-77.9174
-77.9156
-77.9138
-77.912
-77.9102
-77.9084
-77.9065
-77.9047
-77.9028
-77.901
-77.8991
-77.8973
-77.8954
-77.8935
-77.8916
-77.8898
-77.8879
-77.886
-77.8841
-77.8822
-77.8803
-77.8783
-77.8764
-77.8745
-77.8725
-77.8706
-77.8687
-77.8667
-77.8647
-77.8628
-77.8608
-77.8588
-77.8569
-77.8549
-77.8529
-77.8509
-77.8489
-77.8469
-77.8449
-77.8429
-77.8408
-77.8388
-77.8368
-77.8348
-77.8327
-77.8307
-77.8286
-77.8266
-77.8245
-77.8224
-77.8204
-77.8183
-77.8162
-77.8141
-77.812
-77.8099
-77.8078
-77.8057
-77.8036
-77.8015
-77.7994
-77.7973
-77.7951
-77.793
-77.7909
-77.7887
-77.7866
-77.7844
-77.7823
-77.7801
-77.778
-77.7758
-77.7736
-77.7714
-77.7692
-77.7671
-77.7649
-77.7627
-77.7605
-77.7583
-77.7561
-77.7538
-77.7516
-77.7494
-77.7472
-77.7449
-77.7427
-77.7404
-77.7382
-77.736
-77.7337
-77.7314
-77.7292
-77.7269
-77.7246
-77.7224
-77.7201
-77.7178
-77.7155
-77.7132
-77.7109
-77.7086
-77.7063
-77.704
-77.7017
-77.6993
-77.697
-77.6947
-77.6924
-77.69
-77.6877
-77.6853
-77.683
-77.6806
-77.6783
-77.6759
-77.6735
-77.6712
-77.6688
-77.6664
-77.664
-77.6616
-77.6592
-77.6568
-77.6544
-77.652
-77.6496
-77.6472
-77.6448
-77.6424
-77.64
-77.6375
-77.6351
-77.6327
-77.6302
-77.6278
-77.6253
-77.6229
-77.6204
-77.6179
-77.6155
-77.613
-77.6105
-77.6081
-77.6056
-77.6031
-77.6006
-77.5981
-77.5956
-77.5931
-77.5906
-77.5881
-77.5856
-77.583
-77.5805
-77.578
-77.5755
-77.5729
-77.5704
-77.5678
-77.5653
-77.5627
-77.5602
-77.5576
-77.5551
-77.5525
-77.5499
-77.5474
-77.5448
-77.5422
-77.5396
-77.537
-77.5344
-77.5318
-77.5292
-77.5266
-77.524
-77.5214
-77.5188
-77.5161
-77.5135
-77.5109
-77.5083
-77.5056
-77.503
-77.5003
-77.4977
-77.495
-77.4924
-77.4897
-77.487
-77.4844
-77.4817
-77.479
-77.4763
-77.4736
-77.4709
-77.4683
-77.4656
-77.4629
-77.4601
-77.4574
-77.4547
-77.452
-77.4493
-77.4466
-77.4438
-77.4411
-77.4384
-77.4356
-77.4329
-77.4301
-77.4274
-77.4246
-77.4218
-77.4191
-77.4163
-77.4135
-77.4108
-77.408
-77.4052
-77.4024
-77.3996
-77.3968
-77.394
-77.3912
-77.3884
-77.3856
-77.3828
-77.3799
-77.3771
-77.3743
-77.3714
-77.3686
-77.3658
-77.3629
-77.3601
-77.3572
-77.3544
-77.3515
-77.3486
-77.3458
-77.3429
-77.34
-77.3371
-77.3343
-77.3314
-77.3285
-77.3256
-77.3227
-77.3198
-77.3169
-77.3139
-77.311
-77.3081
-77.3052
-77.3022
-77.2993
-77.2964
-77.2934
-77.2905
-77.2875
-77.2846
-77.2816
-77.2787
-77.2757
-77.2727
-77.2697
-77.2668
-77.2638
-77.2608
-77.2578
-77.2548
-77.2518
-77.2488
-77.2458
-77.2428
-77.2398
-77.2368
-77.2337
-77.2307
-77.2277
-77.2246
-77.2216
-77.2186
-77.2155
-77.2125
-77.2094
-77.2063
-77.2033
-77.2002
-77.1971
-77.1941
-77.191
-77.1879
-77.1848
-77.1817
-77.1786
-77.1755
-77.1724
-77.1693
-77.1662
-77.163
-77.1599
-77.1568
-77.1537
-77.1505
-77.1474
-77.1442
-77.1411
-77.1379
-77.1348
-77.1316
-77.1285
-77.1253
-77.1221
-77.1189
-77.1157
-77.1126
-77.1094
-77.1062
-77.103
-77.0998
-77.0966
-77.0933
-77.0901
-77.0869
-77.0837
-77.0805
-77.0772
-77.074
-77.0707
-77.0675
-77.0642
-77.061
-77.0577
-77.0545
-77.0512
-77.0479
-77.0446
-77.0414
-77.0381
-77.0348
-77.0315
-77.0282
-77.0249
-77.0216
-77.0183
-77.0149
-77.0116
-77.0083
-77.005
-77.0019
-76.9995
-76.9979
-76.9971
-76.997
-76.9975
-76.9985
-76.9997
-77.0013
-77.0066
-77.0165
-77.0304
-77.0471
-77.0657
-77.0854
-77.1182
-77.1614
-77.2111
-77.2636
-77.3172
-77.3705
-77.4224
-77.4721
-77.5191
-77.563
-77.6038
-77.6415
-77.6761
-77.7079
-77.7369
-77.7633
-77.7874
-77.8094
-77.8295
-77.8477
-77.8643
-77.8794
-77.8932
-77.9057
-77.9172
-77.9276
-77.9371
-77.9458
-77.9537
-77.9609
-77.9674
-77.9734
-77.9789
-77.9839
-77.9884
-77.9925
-77.9963
-77.9997
-78.0028
-78.0055
-78.0081
-78.0103
-78.0124
-78.0142
-78.0158
-78.0172
-78.0185
-78.0195
-77.9923
-77.9195
-77.8055
-77.667
-77.5222
-77.3859
-77.2672
-77.1708
-77.0975
-77.0462
-77.0145
-76.9993
-70.89
-65.7686
-62.2815
-60.1536
-58.9706
-58.4278
-56.6362
-54.7738
-53.2835
-52.2491
-51.6636
-51.5122
-51.7827
-52.4336
-53.3662
-54.4601
-55.6232
-56.8
-57.9602
-58.445
-58.3573
-57.9759
-57.4816
-56.956
-56.4282
-55.9065
-55.3933
-54.8906
-54.4009
-53.9269
-53.4711
-53.0349
-52.6194
-52.2249
-51.8515
-51.4992
-51.1684
-50.8603
-50.5772
-50.3235
-50.1064
-49.9385
-49.8404
-49.846
-50.0055
-50.3642
-50.9059
-51.5612
-52.2631
-52.9698
-53.6623
-54.3354
-54.9913
-55.6356
-56.2739
-56.9116
-57.553
-58.2011
-58.8575
-59.5227
-60.1961
-60.8763
-61.561
-62.2472
-62.9317
-63.611
-64.2813
-64.939
-65.5808
-66.2037
-66.805
-67.3826
-67.9348
-68.4607
-68.9595
-69.4311
-69.8758
-70.2941
-70.6868
-71.055
-71.3997
-71.7222
-72.0238
-72.3058
-72.5694
-72.8158
-73.0463
-73.262
-73.4639
-73.6529
-73.8302
-73.9964
-74.1523
-74.2988
-74.4365
-74.566
-74.6879
-74.8027
-74.911
-75.0131
-75.1094
-75.2005
-75.2865
-75.368
-75.445
-75.518
-75.5872
-75.6527
-75.715
-75.7741
-75.8302
-75.8836
-75.9343
-75.9826
-76.0286
-76.0724
-76.1141
-76.1539
-76.1918
-76.228
-76.2626
-76.2956
-76.3272
-76.3574
-76.3863
-76.4139
-76.4403
-76.4656
-76.4899
-76.5131
-76.5354
-76.5568
-76.5773
-76.597
-76.6159
-76.6341
-76.6516
-76.6684
-76.6845
-76.7001
-76.715
-76.7294
-76.7433
-76.7567
-76.7695
-76.782
-76.794
-76.8055
-76.8167
-76.8275
-76.8379
-76.848
-76.8577
-76.8671
-76.8762
-76.885
-76.8936
-76.9018
-76.9098
-76.9176
-76.9251
-76.9324
-76.9395
-76.9464
-76.9531
-76.9596
-76.9659
-76.972
-76.9779
-76.9837
-76.9893
-76.9948
-77.0002
-77.0054
-77.0104
-77.0153
-77.0201
-77.0248
-77.0294
-77.0338
-77.0382
-77.0424
-77.0466
-77.0506
-77.0545
-77.0584
-77.0622
-77.0658
-77.0694
-77.0729
-77.0764
-77.0797
-77.083
-77.0862
-77.0894
-77.0924
-77.0954
-77.0984
-77.1013
-77.1041
-77.1068
-77.1095
-77.1122
-77.1147
-77.1173
-77.1197
-77.1222
-77.1245
-77.1269
-77.1291
-77.1313
-77.1335
-77.1357
-77.1377
-77.1398
-77.1418
-77.1437
-77.1456
-77.1475
-77.1493
-77.1511
-77.1528
-77.1545
-77.1562
-77.1578
-77.1594
-77.161
-77.1625
-77.164
-77.1654
-77.1668
-77.1682
-77.1695
-77.1708
-77.1721
-77.1733
-77.1745
-77.1756
-77.1768
-77.1779
-77.1789
-77.18
-77.181
-77.1819
-77.1829
-77.1838
-77.1846
-77.1855
-77.1863
-77.1871
-77.1878
-77.1885
-77.1892
-77.1899
-77.1905
-77.1911
-77.1917
-77.1923
-77.1928
-77.1933
-77.1937
-77.1942
-77.1946
-77.195
-77.1953
-77.1956
-77.1959
-77.1962
-77.1964
-77.1967
-77.1969
-77.197
-77.1972
-77.1973
-77.1974
-77.1974
-77.1975
-77.1975
-77.1975
-77.1974
-77.1974
-77.1973
-77.1972
-77.197
-77.1969
-77.1967
-77.1965
-77.1962
-77.196
-77.1957
-77.1954
-77.1951
-77.1947
-77.1943
-77.1939
-77.1935
-77.1931
-77.1926
-77.1921
-77.1916
-77.1911
-77.1905
-77.19
-77.1894
-77.1887
-77.1881
-77.1874
-77.1868
-77.1861
-77.1853
-77.1846
-77.1838
-77.183
-77.1822
-77.1814
-77.1805
-77.1797
-77.1788
-77.1779
-77.1769
-77.176
-77.175
-77.174
-77.173
-77.172
-77.1709
-77.1699
-77.1688
-77.1677
-77.1666
-77.1654
-77.1643
-77.1631
-77.1619
-77.1607
-77.1594
-77.1582
-77.1569
-77.1556
-77.1543
-77.153
-77.1517
-77.1503
-77.1489
-77.1475
-77.1461
-77.1447
-77.1433
-77.1418
-77.1403
-77.1388
-77.1373
-77.1358
-77.1342
-77.1327
-77.1311
-77.1295
-77.1279
-77.1263
-77.1246
-77.123
-77.1213
-77.1196
-77.1179
-77.1162
-77.1145
-77.1127
-77.111
-77.1092
-77.1074
-77.1056
-77.1038
-77.1019
-77.1001
-77.0982
-77.0963
-77.0944
-77.0925
-77.0906
-77.0886
-77.0867
-77.0847
-77.0827
-77.0807
-77.0787
-77.0767
-77.0747
-77.0726
-77.0705
-77.0685
-77.0664
-77.0643
-77.0621
-77.06
-77.0579
-77.0557
-77.0535
-77.0513
-77.0491
-77.0469
-77.0447
-77.0425
-77.0402
-77.038
-77.0357
-77.0334
-77.0314
-77.0299
-77.0292
-77.0292
-77.0299
-77.031
-77.0326
-77.0345
-77.0366
-77.0422
-77.0523
-77.0662
-77.0827
-77.101
-77.1203
-77.1523
-77.1946
-77.243
-77.2942
-77.3465
-77.3983
-77.4488
-77.4971
-77.5428
-77.5855
-77.6251
-77.6617
-77.6953
-77.726
-77.7542
-77.7799
-77.8033
-77.8246
-77.8441
-77.8618
-77.8779
-77.8926
-77.906
-77.9183
-77.9294
-77.9396
-77.9489
-77.9574
-77.9652
-77.9723
-77.9788
-77.9847
-77.9901
-77.9951
-77.9996
-78.0037
-78.0075
-78.0109
-78.0141
-78.0169
-78.0195
-78.0219
-78.024
-78.0259
-78.0276
-78.0291
-78.0305
-78.0317
-78.0328
-78.0337
-78.0345
-78.0352
-78.0358
-78.0363
-78.0367
-78.0369
-78.0371
-78.0372
-78.0373
-78.0372
-78.0371
-78.0369
-78.0367
-78.0364
-78.0361
-78.0356
-78.0352
-78.0347
-78.0341
-78.0335
-78.0329
-78.0322
-78.0315
-78.0308
-78.03
-78.0292
-78.0283
-78.0275
-78.0266
-78.0256
-78.0247
-78.0237
-78.0227
-78.0216
-78.0206
-78.0195
-78.0184
-78.0173
-78.0161
-78.015
-78.0138
-78.0126
-78.0114
-78.0101
-78.0089
-78.0076
-78.0064
-78.0051
-78.0037
-78.0024
-78.0011
-77.9997
-77.9984
-77.997
-77.9956
-77.9942
-77.9928
-77.9914
-77.9899
-77.9885
-77.987
-77.9856
-77.9841
-77.9826
-77.9811
-77.9796
-77.9781
-77.9765
-77.975
-77.9734
-77.9719
-77.9703
-77.9687
-77.9672
-77.9656
-77.964
-77.9624
-77.9607
-77.9591
-77.9575
-77.9558
-77.9542
-77.9525
-77.9509
-77.9492
-77.9475
-77.9458
-77.9441
-77.9424
-77.9407
-77.939
-77.9373
-77.9356
-77.9338
-77.9321
-77.9303
-77.9286
-77.9268
-77.9251
-77.9233
-77.9215
-77.9197
-77.9179
-77.9161
-77.9143
-77.9125
-77.9107
-77.9089
-77.907
-77.9052
-77.9033
-77.9015
-77.8996
-77.8978
-77.8959
-77.894
-77.8922
-77.8903
-77.8884
-77.8865
-77.8846
-77.8827
-77.8808
-77.8789
-77.8769
-77.875
-77.8731
-77.8711
-77.8692
-77.8672
-77.8653
-77.8633
-77.8613
-77.8594
-77.8574
-77.8554
-77.8534
-77.8514
-77.8494
-77.8474
-77.8454
-77.8434
-77.8414
-77.8394
-77.8373
-77.8353
-77.8333
-77.8312
-77.8292
-77.8271
-77.825
-77.823
-77.8209
-77.8188
-77.8168
-77.8147
-77.8126
-77.8105
-77.8084
-77.8063
-77.8042
-77.8021
-77.8
-77.7978
-77.7957
-77.7936
-77.7914
-77.7893
-77.7872
-77.785
-77.7828
-77.7807
-77.7785
-77.7764
-77.7742
-77.772
-77.7698
-77.7676
-77.7654
-77.7632
-77.761
-77.7588
-77.7566
-77.7544
-77.7522
-77.75
-77.7477
-77.7455
-77.7433
-77.741
-77.7388
-77.7365
-77.7343
-77.732
-77.7298
-77.7275
-77.7252
-77.7229
-77.7207
-77.7184
-77.7161
-77.7138
-77.7115
-77.7092
-77.7069
-77.7046
-77.7022
-77.6999
-77.6976
-77.6953
-77.6929
-77.6906
-77.6883
-77.6859
-77.6836
-77.6812
-77.6789
-77.6765
-77.6741
-77.6718
-77.6694
-77.667
-77.6646
-77.6622
-77.6598
-77.6574
-77.655
-77.6526
-77.6502
-77.6478
-77.6454
-77.643
-77.6406
-77.6381
-77.6357
-77.6333
-77.6308
-77.6284
-77.6259
-77.6235
-77.621
-77.6186
-77.6161
-77.6136
-77.6111
-77.6087
-77.6062
-77.6037
-77.6012
-77.5987
-77.5962
-77.5937
-77.5912
-77.5887
-77.5862
-77.5837
-77.5811
-77.5786
-77.5761
-77.5735
-77.571
-77.5685
-77.5659
-77.5634
-77.5608
-77.5583
-77.5557
-77.5531
-77.5506
-77.548
-77.5454
-77.5428
-77.5402
-77.5376
-77.5351
-77.5325
-77.5298
-77.5272
-77.5246
-77.522
-77.5194
-77.5168
-77.5142
-77.5115
-77.5089
-77.5062
-77.5036
-77.501
-77.4983
-77.4957
-77.493
-77.4903
-77.4877
-77.485
-77.4823
-77.4796
-77.477
-77.4743
-77.4716
-77.4689
-77.4662
-77.4635
-77.4608
-77.4581
-77.4554
-77.4527
-77.4499
-77.4472
-77.4445
-77.4417
-77.439
-77.4363
-77.4335
-77.4308
-77.428
-77.4253
-77.4225
-77.4197
-77.417
-77.4142
-77.4114
-77.4086
-77.4058
-77.4031
-77.4003
-77.3975
-77.3947
-77.3919
-77.3891
-77.3862
-77.3834
-77.3806
-77.3778
-77.3749
-77.3721
-77.3693
-77.3664
-77.3636
-77.3607
-77.3579
-77.355
-77.3522
-77.3493
-77.3464
-77.3436
-77.3407
-77.3378
-77.3349
-77.332
-77.3291
-77.3262
-77.3233
-77.3204
-77.3175
-77.3146
-77.3117
-77.3088
-77.3059
-77.3029
-77.3
-77.2971
-77.2941
-77.2912
-77.2882
-77.2853
-77.2823
-77.2793
-77.2764
-77.2734
-77.2704
-77.2675
-77.2645
-77.2615
-77.2585
-77.2555
-77.2525
-77.2495
-77.2465
-77.2435
-77.2405
-77.2375
-77.2344
-77.2314
-77.2284
-77.2253
-77.2223
-77.2193
-77.2162
-77.2132
-77.2101
-77.207
-77.204
-77.2009
-77.1978
-77.1948
-77.1917
-77.1886
-77.1855
-77.1824
-77.1793
-77.1762
-77.1731
-77.17
-77.1669
-77.1638
-77.1606
-77.1575
-77.1544
-77.1512
-77.1481
-77.145
-77.1418
-77.1387
-77.1355
-77.1323
-77.1292
-77.126
-77.1228
-77.1197
-77.1165
-77.1133
-77.1101
-77.1069
-77.1037
-77.1005
-77.0973
-77.0941
-77.0909
-77.0876
-77.0844
-77.0812
-77.0779
-77.0747
-77.0715
-77.0682
-77.065
-77.0617
-77.0585
-77.0552
-77.0519
-77.0486
-77.0454
-77.0421
-77.0388
-77.0355
-77.0322
-77.0289
-77.0256
-77.0223
-77.019
-77.0157
-77.0124
-77.009
-77.0057
-77.0027
-77.0003
-76.9986
-76.9978
-76.9977
-76.9982
-76.9992
-77.0005
-77.002
-77.0073
-77.0172
-77.0311
-77.0478
-77.0665
-77.0861
-77.1189
-77.1622
-77.2118
-77.2643
-77.3179
-77.3712
-77.4231
-77.4728
-77.5197
-77.5637
-77.6045
-77.6422
-77.6768
-77.7085
-77.7375
-77.7639
-77.7881
-77.81
-77.83
-77.8483
-77.8649
-77.88
-77.8937
-77.9063
-77.9177
-77.9281
-77.9376
-77.9463
-77.9542
-77.9614
-77.968
-77.974
-77.9794
-77.9844
-77.9889
-77.993
-77.9968
-78.0002
-78.0033
-78.006
-78.0086
-78.0108
-78.0128
-78.0147
-78.0163
-78.0177
-78.0189
-78.02
-77.9928
-77.92
-77.8061
-77.6676
-77.523
-77.3867
-77.2682
-77.1718
-77.0986
-77.0474
-77.0157
-77.0005
-70.8918
-65.771
-62.2844
-60.1569
-58.9744
-58.4319
-56.6407
-54.779
-53.2895
-52.2563
-51.672
-51.5224
-51.7946
-52.4469
-53.3804
-54.4746
-55.6377
-56.8144
-57.9745
-58.4593
-58.3718
-57.9906
-57.4969
-56.9722
-56.4455
-55.9253
-55.4138
-54.9131
-54.4257
-53.9541
-53.5008
-53.0673
-52.6547
-52.2633
-51.8932
-51.5446
-51.2179
-50.9144
-50.6367
-50.3891
-50.1796
-50.0208
-49.9345
-49.9557
-50.1357
-50.5173
-51.0788
-51.7493
-52.4631
-53.1804
-53.883
-54.5666
-55.2335
-55.889
-56.539
-57.1883
-57.8411
-58.4999
-59.1662
-59.8401
-60.5209
-61.2068
-61.8953
-62.5834
-63.2678
-63.9448
-64.6109
-65.2626
-65.8967
-66.5104
-67.1012
-67.6674
-68.2076
-68.7208
-69.2069
-69.6657
-70.0978
-70.5037
-70.8845
-71.2412
-71.575
-71.8873
-72.1792
-72.452
-72.7071
-72.9455
-73.1686
-73.3773
-73.5728
-73.7559
-73.9275
-74.0885
-74.2396
-74.3816
-74.5151
-74.6407
-74.7589
-74.8704
-74.9754
-75.0745
-75.1681
-75.2566
-75.3402
-75.4193
-75.4942
-75.5652
-75.6324
-75.6962
-75.7568
-75.8143
-75.8689
-75.9209
-75.9703
-76.0173
-76.0621
-76.1047
-76.1454
-76.1841
-76.2211
-76.2564
-76.2901
-76.3223
-76.3531
-76.3826
-76.4107
-76.4377
-76.4634
-76.4881
-76.5118
-76.5345
-76.5563
-76.5771
-76.5972
-76.6164
-76.6349
-76.6526
-76.6697
-76.6861
-76.7018
-76.717
-76.7316
-76.7457
-76.7593
-76.7723
-76.7849
-76.7971
-76.8088
-76.8201
-76.831
-76.8415
-76.8517
-76.8616
-76.8711
-76.8803
-76.8892
-76.8978
-76.9062
-76.9142
-76.9221
-76.9297
-76.937
-76.9442
-76.9511
-76.9578
-76.9644
-76.9707
-76.9769
-76.9828
-76.9887
-76.9943
-76.9998
-77.0052
-77.0104
-77.0155
-77.0204
-77.0253
-77.03
-77.0345
-77.039
-77.0434
-77.0476
-77.0517
-77.0558
-77.0597
-77.0636
-77.0674
-77.071
-77.0746
-77.0781
-77.0816
-77.0849
-77.0882
-77.0914
-77.0945
-77.0976
-77.1006
-77.1035
-77.1064
-77.1092
-77.1119
-77.1146
-77.1173
-77.1198
-77.1224
-77.1248
-77.1272
-77.1296
-77.1319
-77.1341
-77.1364
-77.1385
-77.1406
-77.1427
-77.1447
-77.1467
-77.1486
-77.1505
-77.1524
-77.1542
-77.156
-77.1577
-77.1594
-77.161
-77.1626
-77.1642
-77.1657
-77.1672
-77.1687
-77.1701
-77.1715
-77.1729
-77.1742
-77.1755
-77.1767
-77.1779
-77.1791
-77.1802
-77.1814
-77.1824
-77.1835
-77.1845
-77.1855
-77.1864
-77.1874
-77.1882
-77.1891
-77.1899
-77.1907
-77.1915
-77.1922
-77.1929
-77.1936
-77.1943
-77.1949
-77.1955
-77.196
-77.1966
-77.1971
-77.1976
-77.198
-77.1984
-77.1988
-77.1992
-77.1995
-77.1998
-77.2001
-77.2004
-77.2006
-77.2008
-77.201
-77.2012
-77.2013
-77.2014
-77.2015
-77.2015
-77.2015
-77.2015
-77.2015
-77.2015
-77.2014
-77.2013
-77.2012
-77.201
-77.2009
-77.2007
-77.2004
-77.2002
-77.1999
-77.1997
-77.1993
-77.199
-77.1986
-77.1983
-77.1979
-77.1974
-77.197
-77.1965
-77.196
-77.1955
-77.195
-77.1944
-77.1938
-77.1932
-77.1926
-77.1919
-77.1913
-77.1906
-77.1899
-77.1891
-77.1884
-77.1876
-77.1868
-77.186
-77.1852
-77.1843
-77.1834
-77.1825
-77.1816
-77.1807
-77.1797
-77.1788
-77.1778
-77.1767
-77.1757
-77.1747
-77.1736
-77.1725
-77.1714
-77.1703
-77.1691
-77.168
-77.1668
-77.1656
-77.1644
-77.1631
-77.1619
-77.1606
-77.1593
-77.158
-77.1567
-77.1553
-77.154
-77.1526
-77.1512
-77.1498
-77.1483
-77.1469
-77.1454
-77.144
-77.1425
-77.1409
-77.1394
-77.1379
-77.1363
-77.1347
-77.1331
-77.1315
-77.1299
-77.1283
-77.1266
-77.1249
-77.1232
-77.1215
-77.1198
-77.1181
-77.1163
-77.1146
-77.1128
-77.111
-77.1092
-77.1074
-77.1055
-77.1037
-77.1018
-77.0999
-77.098
-77.0961
-77.0942
-77.0922
-77.0903
-77.0883
-77.0863
-77.0843
-77.0823
-77.0803
-77.0783
-77.0762
-77.0741
-77.0721
-77.07
-77.0679
-77.0657
-77.0636
-77.0615
-77.0593
-77.0571
-77.055
-77.0528
-77.0506
-77.0483
-77.0461
-77.0439
-77.0416
-77.0393
-77.037
-77.0347
-77.0327
-77.0312
-77.0305
-77.0305
-77.0311
-77.0323
-77.0339
-77.0357
-77.0378
-77.0434
-77.0535
-77.0673
-77.0839
-77.1022
-77.1214
-77.1534
-77.1956
-77.244
-77.2952
-77.3474
-77.3993
-77.4497
-77.498
-77.5437
-77.5863
-77.6259
-77.6625
-77.696
-77.7268
-77.7549
-77.7806
-77.804
-77.8253
-77.8447
-77.8624
-77.8785
-77.8932
-77.9066
-77.9189
-77.93
-77.9402
-77.9495
-77.958
-77.9657
-77.9728
-77.9793
-77.9852
-77.9906
-77.9956
-78.0001
-78.0042
-78.008
-78.0114
-78.0145
-78.0174
-78.0199
-78.0223
-78.0244
-78.0263
-78.028
-78.0296
-78.0309
-78.0321
-78.0332
-78.0341
-78.0349
-78.0356
-78.0362
-78.0366
-78.037
-78.0373
-78.0375
-78.0376
-78.0376
-78.0376
-78.0375
-78.0373
-78.037
-78.0367
-78.0364
-78.036
-78.0355
-78.035
-78.0344
-78.0339
-78.0332
-78.0325
-78.0318
-78.0311
-78.0303
-78.0295
-78.0286
-78.0277
-78.0268
-78.0259
-78.0249
-78.024
-78.0229
-78.0219
-78.0208
-78.0198
-78.0187
-78.0175
-78.0164
-78.0152
-78.014
-78.0128
-78.0116
-78.0104
-78.0091
-78.0079
-78.0066
-78.0053
-78.004
-78.0027
-78.0013
-78
-77.9986
-77.9972
-77.9958
-77.9944
-77.993
-77.9916
-77.9902
-77.9887
-77.9872
-77.9858
-77.9843
-77.9828
-77.9813
-77.9798
-77.9783
-77.9767
-77.9752
-77.9736
-77.9721
-77.9705
-77.9689
-77.9674
-77.9658
-77.9642
-77.9626
-77.9609
-77.9593
-77.9577
-77.956
-77.9544
-77.9527
-77.9511
-77.9494
-77.9477
-77.946
-77.9443
-77.9426
-77.9409
-77.9392
-77.9375
-77.9358
-77.934
-77.9323
-77.9305
-77.9288
-77.927
-77.9252
-77.9235
-77.9217
-77.9199
-77.9181
-77.9163
-77.9145
-77.9127
-77.9109
-77.909
-77.9072
-77.9054
-77.9035
-77.9017
-77.8998
-77.898
-77.8961
-77.8942
-77.8923
-77.8905
-77.8886
-77.8867
-77.8848
-77.8829
-77.8809
-77.879
-77.8771
-77.8752
-77.8732
-77.8713
-77.8694
-77.8674
-77.8654
-77.8635
-77.8615
-77.8595
-77.8576
-77.8556
-77.8536
-77.8516
-77.8496
-77.8476
-77.8456
-77.8436
-77.8416
-77.8395
-77.8375
-77.8355
-77.8334
-77.8314
-77.8293
-77.8273
-77.8252
-77.8232
-77.8211
-77.819
-77.8169
-77.8149
-77.8128
-77.8107
-77.8086
-77.8065
-77.8044
-77.8023
-77.8001
-77.798
-77.7959
-77.7938
-77.7916
-77.7895
-77.7873
-77.7852
-77.783
-77.7809
-77.7787
-77.7765
-77.7744
-77.7722
-77.77
-77.7678
-77.7656
-77.7634
-77.7612
-77.759
-77.7568
-77.7546
-77.7524
-77.7501
-77.7479
-77.7457
-77.7435
-77.7412
-77.739
-77.7367
-77.7345
-77.7322
-77.7299
-77.7277
-77.7254
-77.7231
-77.7208
-77.7186
-77.7163
-77.714
-77.7117
-77.7094
-77.7071
-77.7048
-77.7024
-77.7001
-77.6978
-77.6955
-77.6931
-77.6908
-77.6885
-77.6861
-77.6838
-77.6814
-77.6791
-77.6767
-77.6743
-77.672
-77.6696
-77.6672
-77.6648
-77.6624
-77.66
-77.6576
-77.6552
-77.6528
-77.6504
-77.648
-77.6456
-77.6432
-77.6408
-77.6383
-77.6359
-77.6335
-77.631
-77.6286
-77.6261
-77.6237
-77.6212
-77.6188
-77.6163
-77.6138
-77.6114
-77.6089
-77.6064
-77.6039
-77.6014
-77.5989
-77.5964
-77.5939
-77.5914
-77.5889
-77.5864
-77.5839
-77.5814
-77.5788
-77.5763
-77.5738
-77.5712
-77.5687
-77.5661
-77.5636
-77.561
-77.5585
-77.5559
-77.5534
-77.5508
-77.5482
-77.5456
-77.543

