162 49 66 171 138 43 19 87 164 45 57 58 188 152 143 108 179 7 90 100 135 36 187 193 4 185 106 79 182 107 17 168 169 56 122 95 174 163 21 75 2 194 33 148 29 173 130 141 71 25 62 192 184 140 0 99 195 137 159 96 172 89 80 151 81 149 5 129 9 59 3 13 165 32 47 41 126 20 153 69 134 178 157 92 136 24 30 83 50 31 119 39 191 51 91 131 124 84 133 125
33 175 37 93 173 185 142 130 30 73 64 161 131 109 21 128 170 15 180 34 179 139 129 19 192 138 58 57 146 115 187 55 149 20 113 43 87 135 132 28 191 182 25 159 110 50 92 91 54 193 152 17 96 162 116 65 99 194 44 80 183 102 140 79 36 190 118 3 49 81 153 177 11 4 124 157 100 168 89 98 188 160 88 62 60 41 85 12 107 163 31 114 35 77 63 108 10 24 53 16
72 68 167 192 110 31 191 77 67 30 162 134 23 117 126 177 148 159 173 165 58 22 154 79 80 17 179 63 0 46 187 93 120 112 98 140 115 64 121 141 188 54 99 69 44 3 171 24 144 143 195 184 193 130 152 135 101 180 89 153 9 139 129 43 178 160 122 100 142 71 164 105 186 169 95 97 158 88 32 85 151 14 12 6 61 163 182 1 25 41 10 131 189 147 49 81 190 150 170 113
8 4 87 112 139 132 11 79 160 2 149 145 13 184 68 15 101 138 102 171 140 193 104 143 90 62 126 134 105 36 47 181 159 123 89 191 144 61 136 69 70 86 77 85 1 0 40 182 18 127 95 153 195 48 177 166 188 45 152 37 100 92 93 25 24 38 122 173 99 12 65 57 35 116 10 146 137 118 75 110 39 84 23 98 26 29 83 176 147 19 41 78 50 106 111 17 103 49 108 161
102 111 80 146 18 108 0 158 149 188 28 119 38 177 128 68 162 79 116 120 34 176 27 160 44 123 106 55 132 154 65 124 74 13 23 86 66 95 179 100 45 40 77 103 173 39 61 141 157 107 101 130 178 71 7 89 140 21 133 30 187 167 51 10 78 37 92 175 19 109 139 118 137 117 127 73 150 48 25 121 144 90 113 112 161 172 69 32 33 104 191 181 174 41 126 145 142 36 98 53
89 50 136 39 176 16 135 122 167 46 97 54 160 128 69 132 85 166 193 157 84 21 90 32 115 43 77 161 158 40 181 81 94 147 95 173 22 64 130 33 182 83 62 179 177 191 124 17 4 19 154 102 79 118 101 68 37 148 41 137 47 168 153 76 42 110 53 125 86 15 192 145 107 70 63 108 187 120 111 2 34 109 150 18 165 183 1 61 5 144 23 146 0 96 10 55 106 74 100 140
149 117 24 19 78 15 87 7 186 85 64 184 63 57 191 71 172 66 54 178 89 152 129 132 16 93 96 17 115 0 179 131 195 119 194 67 162 150 165 155 1 76 188 143 70 86 13 61 127 142 174 156 123 128 168 154 68 125 52 42 22 47 111 157 177 148 72 97 35 10 69 151 139 185 136 91 105 90 190 82 145 95 92 116 62 53 113 38 159 59 44 60 27 183 101 118 176 37 12 55
141 23 22 20 119 9 3 49 130 190 184 186 177 144 99 86 176 24 169 55 191 111 117 68 48 129 181 94 195 7 185 32 164 174 95 162 167 34 131 72 21 61 113 16 50 53 11 1 27 180 192 30 158 52 106 88 123 163 168 28 138 98 17 157 107 179 6 0 147 149 73 105 110 108 63 159 102 93 172 182 35 120 137 143 140 46 91 156 152 67 166 109 69 87 100 77 128 85 82 14
36 187 178 75 164 85 152 16 49 0 29 169 80 161 52 55 179 5 72 101 140 57 105 25 148 6 34 83 28 144 31 139 51 82 22 96 60 153 134 89 116 98 1 106 74 39 108 69 131 128 125 71 170 12 11 3 20 142 23 145 63 79 189 4 185 163 10 46 73 160 78 127 37 66 17 14 115 68 93 138 9 62 174 53 130 95 35 119 175 155 193 21 191 120 133 56 162 159 182 38
3 45 88 192 107 52 11 167 7 95 104 40 53 183 14 148 128 47 50 138 110 43 170 48 177 180 184 152 102 55 73 144 63 150 90 18 61 187 38 2 33 16 80 51 143 189 182 122 171 100 76 164 79 179 166 75 89 176 133 60 116 173 185 94 10 124 70 66 119 139 195 15 147 29 77 160 175 32 193 112 111 59 109 174 91 101 194 4 31 25 145 123 114 41 17 132 44 74 155 9
100 59 15 24 174 119 152 125 105 129 82 3 31 23 92 147 64 29 193 180 38 115 150 18 151 79 37 86 145 96 2 109 43 32 108 57 167 179 48 104 88 159 41 78 50 195 171 133 46 69 173 128 135 162 126 163 35 62 146 25 158 77 102 53 45 87 34 114 121 80 12 63 54 7 169 20 42 94 172 194 175 76 17 91 39 95 168 185 61 85 154 28 166 60 67 98 122 182 165 89
153 58 11 179 156 115 132 120 59 56 185 48 110 184 77 81 96 160 35 18 95 16 24 5 103 65 108 126 32 57 36 122 139 149 46 152 137 3 4 136 150 26 78 107 43 12 177 125 42 76 9 119 55 66 94 194 165 145 114 105 140 88 170 84 171 72 54 104 92 62 44 189 2 67 127 90 21 70 172 182 22 7 89 71 91 39 161 101 33 192 133 169 162 13 138 116 147 175 166 82
17 54 13 112 2 167 105 71 65 51 27 185 44 36 123 48 131 60 175 135 129 50 194 161 104 140 165 155 64 168 73 102 182 21 18 5 19 119 63 192 164 132 20 172 79 84 124 114 125 153 188 115 53 139 6 189 128 33 97 34 173 138 23 58 22 130 82 83 178 183 163 7 93 28 15 120 74 110 91 113 145 87 184 41 92 154 159 26 142 121 106 16 72 55 0 158 103 98 109 136
80 135 52 63 81 59 109 111 45 34 188 23 149 35 105 53 41 110 4 124 129 5 145 67 185 165 37 21 128 120 85 187 101 0 70 7 83 148 173 189 99 1 100 47 178 36 38 170 166 16 168 140 91 12 113 64 90 123 98 192 62 71 68 54 179 11 141 115 15 132 161 28 159 181 174 43 156 104 130 93 18 44 57 46 108 31 176 39 40 25 95 96 42 17 79 144 89 116 184 152
174 106 136 144 79 130 51 142 92 128 53 158 109 48 25 135 86 195 83 57 32 179 58 13 82 166 90 36 137 60 112 143 190 147 65 187 46 21 67 184 173 2 47 146 6 113 122 3 91 64 61 169 114 39 105 1 189 96 182 107 110 29 138 94 68 152 50 74 104 165 191 40 129 168 125 33 80 62 150 178 183 22 177 8 49 55 9 156 84 28 17 19 27 99 73 37 124 77 172 193
112 31 190 92 44 123 8 0 126 179 105 141 194 183 104 121 159 43 91 96 114 57 40 19 106 70 53 181 175 66 33 34 118 135 6 136 188 143 71 128 138 58 185 35 147 48 162 86 157 46 109 133 26 170 100 152 164 98 30 119 27 101 82 110 120 10 178 80 97 163 72 78 167 49 24 20 18 158 156 56 3 15 38 139 166 153 28 161 47 13 55 14 90 115 41 151 89 69 11 36
146 119 47 96 161 121 112 28 176 79 61 113 58 99 17 160 101 78 10 52 42 13 100 29 67 72 175 81 158 133 142 85 111 195 172 19 88 97 27 4 148 182 162 191 94 74 179 144 180 73 128 120 55 110 44 6 71 143 157 1 108 117 169 122 153 59 20 38 116 48 129 190 138 192 173 32 185 154 155 167 164 25 9 147 91 2 0 103 92 98 145 68 184 34 65 171 12 137 51 174
118 46 188 55 189 163 126 14 21 50 94 183 184 194 177 35 101 17 180 182 11 190 1 173 43 67 147 154 131 166 146 127 23 92 69 172 152 176 80 193 195 73 162 105 116 77 34 186 0 128 47 63 10 93 115 160 9 100 62 32 143 6 103 98 149 42 56 24 155 106 168 3 12 156 61 39 48 53 129 174 4 139 109 185 82 90 102 28 75 96 5 66 95 104 54 38 175 110 159 37
32 120 158 37 145 44 126 123 146 14 25 45 170 23 130 135 93 59 83 60 6 43 114 143 122 84 112 186 152 79 24 87 131 53 91 102 124 11 147 107 67 171 3 144 63 162 115 39 175 168 16 181 94 150 33 138 55 121 190 0 134 151 133 10 159 129 46 113 96 21 174 66 177 99 109 117 62 155 42 22 26 52 164 8 166 163 12 2 185 15 141 64 182 40 17 81 34 65 1 72
162 26 150 190 107 65 159 47 182 108 46 69 92 8 20 50 143 126 188 2 154 194 158 109 114 185 106 183 87 152 91 48 144 60 56 186 68 129 103 118 157 27 141 29 43 41 54 58 192 184 18 89 75 67 62 32 13 161 36 31 70 189 23 35 160 119 164 178 61 83 100 3 113 82 95 51 128 98 88 7 71 195 135 73 96 110 5 52 153 175 115 169 37 16 44 104 168 170 0 131
128 20 6 97 109 17 131 3 45 106 36 53 193 31 138 59 1 133 182 55 105 5 34 70 152 179 33 130 49 123 90 184 10 73 42 41 86 46 40 27 142 141 174 37 140 186 95 15 126 125 149 166 26 171 104 132 83 48 175 63 11 18 188 7 129 71 38 150 2 185 69 47 96 120 25 66 194 117 155 160 56 163 103 145 60 44 62 35 122 162 84 144 108 147 52 181 148 177 30 173
25 88 156 173 151 55 93 143 118 41 180 53 92 120 117 170 165 171 128 79 10 71 189 19 14 103 192 54 195 17 186 187 104 181 124 20 21 27 57 75 119 105 145 122 18 56 16 11 127 115 31 101 64 15 172 89 40 142 153 147 177 176 9 94 52 159 154 3 7 123 67 62 157 126 37 1 85 80 148 76 113 136 184 95 70 160 30 167 32 150 133 36 144 96 23 169 121 84 38 109
158 90 110 184 102 171 51 53 65 87 26 132 22 122 19 31 176 89 139 44 134 74 36 83 170 28 9 127 84 191 172 157 25 195 124 70 59 163 155 164 185 126 11 105 123 12 113 20 55 96 104 183 47 117 0 116 15 114 141 187 52 143 54 150 3 43 62 42 133 94 147 100 10 45 37 119 174 39 50 68 13 2 40 92 149 38 146 180 154 177 80 82 160 179 115 128 131 64 6 78
83 49 116 35 92 172 67 0 170 54 20 163 157 175 169 42 151 104 40 119 55 81 80 133 32 166 85 18 117 182 64 118 11 161 51 44 58 1 153 69 88 143 17 180 68 129 176 72 41 173 8 7 111 136 48 156 190 101 193 181 184 74 155 66 73 27 194 63 108 124 25 24 71 128 102 5 106 189 43 142 65 195 78 137 134 16 21 90 57 95 98 94 186 171 105 179 15 174 148 14
194 137 133 25 115 135 149 144 34 2 11 112 150 90 178 157 40 71 195 99 130 184 73 146 17 18 69 175 105 129 27 100 113 166 38 46 81 158 126 156 0 39 53 21 66 111 48 45 23 155 91 125 96 28 164 59 120 4 64 7 165 187 50 58 177 67 89 193 77 12 94 42 55 8 24 63 82 123 139 159 33 37 3 118 30 109 31 22 107 106 76 97 47 124 41 147 35 180 56 108
3 188 157 92 34 89 129 132 39 59 54 138 9 95 105 108 32 144 134 55 19 146 142 23 184 139 125 151 101 11 88 81 37 33 143 195 173 25 30 7 53 112 50 43 124 170 140 94 58 135 113 106 155 66 194 122 104 35 164 189 178 13 115 12 181 126 100 171 26 74 162 128 64 83 158 70 168 103 156 193 49 177 96 107 119 22 102 77 57 46 8 99 145 0 51 44 165 118 38 40
181 132 171 67 191 79 2 104 45 35 13 155 157 137 110 172 108 151 162 133 31 68 187 153 147 139 179 4 19 10 182 121 16 156 91 15 71 180 58 83 192 38 87 90 40 52 93 66 80 173 63 51 64 28 138 60 92 89 6 8 76 117 177 118 41 75 61 183 124 21 122 3 30 74 103 160 175 36 164 159 126 176 39 131 85 11 62 47 97 190 185 169 34 49 158 113 53 101 168 56
127 165 29 138 50 137 171 87 101 42 58 100 147 191 104 131 161 154 79 65 43 83 89 186 111 115 82 63 97 179 126 77 4 141 28 80 129 108 185 24 70 109 22 133 155 44 134 48 38 71 34 37 25 15 20 120 170 52 183 169 158 95 78 67 84 45 2 94 187 85 75 151 39 56 55 76 81 21 13 68 59 172 192 128 23 105 118 166 178 149 14 113 117 61 140 91 123 74 69 163
107 90 157 24 58 45 192 120 119 191 148 95 158 88 132 179 10 50 124 38 27 193 115 163 172 184 83 118 102 0 94 37 67 36 30 56 114 108 46 28 84 112 147 63 26 69 89 47 79 165 21 133 3 153 23 170 105 61 164 91 93 116 146 160 101 4 6 82 51 121 169 98 70 113 187 195 57 142 176 19 129 149 22 55 161 99 127 65 104 49 66 138 135 33 7 150 31 168 96 29
96 94 134 193 73 59 144 169 153 182 36 110 163 1 27 158 129 106 170 137 189 143 78 172 52 83 62 26 63 132 176 49 3 64 6 166 181 89 142 44 86 118 145 53 30 105 173 81 48 84 7 100 183 101 24 157 115 39 171 126 22 92 76 123 185 112 32 66 35 162 88 4 139 55 25 140 131 103 14 46 85 147 116 43 18 56 184 23 179 61 75 174 20 47 10 121 79 71 124 34
60 41 169 40 87 45 5 69 115 159 106 154 187 64 85 11 164 19 75 174 52 185 15 84 141 72 70 140 99 74 12 43 68 191 166 132 131 188 50 44 35 165 57 71 172 93 13 108 133 3 171 42 21 56 178 139 53 146 98 181 153 73 126 192 79 112 176 88 27 36 175 157 184 151 148 94 113 195 183 22 77 63 76 10 194 61 145 118 83 92 121 30 31 134 91 119 110 180 82 124
155 193 137 112 24 58 71 60 177 86 181 36 107 83 87 0 13 39 89 125 117 79 72 173 128 41 109 192 131 52 9 17 42 16 159 63 40 22 14 126 91 154 4 123 105 64 76 65 15 110 93 30 53 18 134 194 143 161 68 61 94 34 84 191 174 146 47 106 129 82 101 118 38 190 148 66 122 23 102 179 178 7 33 119 133 142 108 37 160 5 135 50 10 168 98 3 170 21 90 167
29 115 78 55 59 141 153 35 106 76 56 103 158 77 121 161 180 119 108 120 188 32 186 12 107 38 58 80 184 160 13 28 96 41 65 169 135 192 99 34 133 11 166 125 171 18 48 50 156 193 64 75 129 195 148 194 89 3 112 105 124 46 154 175 25 91 79 94 132 155 44 176 85 68 172 84 140 116 4 145 130 71 122 185 144 128 136 66 164 181 36 72 159 43 87 147 157 165 110 14
59 181 16 149 99 56 33 87 159 0 157 10 60 57 54 47 139 69 34 112 104 51 96 106 98 130 71 186 158 45 195 61 42 91 86 105 147 14 115 31 89 68 92 118 65 93 23 49 108 133 80 137 2 63 6 121 172 153 150 101 151 102 32 179 103 110 9 184 180 24 27 94 169 40 74 166 15 170 193 72 182 38 7 64 107 21 41 154 66 37 70 175 81 126 46 178 131 12 192 48
181 90 12 102 47 149 67 46 87 26 86 63 76 7 171 81 15 10 168 159 143 146 104 0 31 100 5 108 195 177 163 140 82 56 48 158 124 103 94 141 35 176 32 120 14 42 3 157 4 95 53 83 185 20 6 88 101 121 44 78 147 131 153 40 192 182 97 150 36 18 70 30 24 122 49 8 1 142 128 160 45 161 23 152 16 29 25 117 28 173 133 148 75 110 21 9 164 77 51 126
5 64 103 56 55 90 110 80 173 32 137 149 100 28 118 126 81 88 77 2 61 120 161 60 179 180 68 52 73 123 71 27 188 85 38 99 42 53 50 98 140 193 190 191 43 8 129 136 106 152 181 139 21 112 130 0 162 78 115 94 167 63 39 69 122 23 189 194 158 11 65 49 62 155 164 177 26 9 175 142 125 13 176 169 4 116 30 172 83 127 54 150 134 124 7 33 107 46 24 10
120 30 173 17 113 186 174 57 3 105 122 95 64 127 16 10 25 8 177 101 68 114 74 175 158 92 20 143 15 94 88 60 131 33 190 77 171 119 2 78 156 34 100 9 121 115 90 47 195 69 179 28 24 85 46 148 138 79 123 76 11 145 182 184 191 134 194 14 29 172 43 42 151 39 183 132 61 180 89 106 181 0 65 51 133 188 168 80 73 104 149 97 161 13 159 108 84 23 19 71
2 99 52 15 125 126 164 84 188 134 117 189 168 153 143 80 43 33 151 69 109 53 16 64 70 179 141 175 154 47 20 96 108 147 5 89 101 114 21 12 149 58 11 193 139 122 74 27 118 110 100 0 159 17 194 28 3 190 105 107 152 173 176 186 191 23 104 170 113 82 158 19 112 78 94 169 32 116 41 163 1 161 172 63 67 146 50 135 81 59 167 160 95 106 133 136 124 121 26 103
17 86 11 168 34 52 105 10 62 139 76 104 180 7 111 25 134 194 3 146 158 144 185 164 38 74 108 55 1 93 109 119 69 115 33 186 190 90 36 161 54 120 63 91 138 184 51 181 143 124 150 37 169 98 48 23 165 8 151 88 114 92 135 87 156 110 113 44 147 142 96 49 21 65 106 18 189 170 50 167 67 100 132 9 157 16 188 59 155 56 75 154 133 193 32 71 43 171 20 166
6 64 179 91 18 188 21 131 80 165 117 138 32 87 98 110 71 96 36 161 42 105 26 12 162 89 19 195 45 44 170 168 152 130 73 122 163 90 28 177 95 103 181 147 125 134 106 43 141 145 93 34 50 53 166 47 79 192 74 169 27 82 164 88 85 157 67 29 8 39 193 184 49 5 52 58 180 187 51 189 176 30 119 31 114 9 126 174 97 15 124 136 144 150 92 185 60 172 38 59
12 71 76 191 47 24 193 31 181 34 128 15 150 195 61 192 50 171 162 89 142 35 108 148 110 25 3 96 167 177 14 9 67 73 116 121 1 176 29 187 56 100 163 186 118 147 69 66 114 74 6 55 155 165 103 104 129 17 112 145 26 33 189 101 95 7 40 38 140 57 22 158 139 77 109 11 36 182 54 52 185 51 131 85 180 119 141 16 161 133 81 83 120 188 169 156 72 152 159 45
148 2 105 104 101 146 41 35 156 145 181 106 74 67 66 1 96 52 173 172 191 68 71 4 51 15 111 195 180 192 3 9 12 13 29 99 167 152 120 166 36 19 133 100 56 33 95 49 83 124 163 8 11 14 5 98 26 162 38 125 189 142 80 57 70 32 127 113 84 43 154 112 108 176 54 39 187 40 25 75 147 17 183 20 136 153 78 122 138 27 30 102 185 31 144 107 24 177 103 169
180 10 27 170 5 191 136 98 91 13 89 174 179 65 77 101 7 56 9 76 12 156 78 88 61 92 38 159 21 33 161 2 116 114 115 110 31 173 126 117 145 134 154 111 93 155 123 40 186 104 163 50 195 99 165 125 23 106 152 118 17 83 46 133 87 188 189 190 47 59 151 184 194 192 49 73 178 22 51 119 80 121 171 148 137 146 43 34 8 172 48 97 182 79 158 29 53 14 26 4
134 113 140 108 12 28 183 31 49 61 152 179 29 42 135 96 150 100 181 148 193 14 130 9 18 180 89 133 158 35 15 40 70 32 112 17 189 36 105 75 39 111 190 87 53 81 107 128 172 71 25 177 57 16 34 127 131 121 161 153 78 119 54 156 10 83 101 186 165 115 13 26 102 33 45 138 146 195 120 20 62 114 194 175 66 118 84 117 46 91 22 4 74 141 59 93 72 139 58 132
31 159 178 131 184 36 68 189 89 90 50 63 9 84 112 187 19 59 143 10 77 40 192 25 78 123 142 173 103 127 121 193 156 108 76 175 105 81 95 191 26 195 75 151 119 13 154 163 3 107 74 57 183 157 150 92 137 169 37 49 96 181 153 67 14 82 61 4 125 116 64 86 132 104 28 115 65 73 148 38 20 98 93 114 161 6 194 70 8 117 136 99 186 85 171 16 83 120 1 162
11 30 115 137 19 119 68 167 143 60 32 31 148 5 135 97 28 118 170 47 99 127 63 161 53 0 85 21 157 71 59 29 40 76 93 122 79 78 89 190 134 26 140 65 131 35 144 142 173 1 155 56 113 38 195 126 84 72 168 18 193 194 67 98 136 20 27 153 33 9 90 156 50 105 81 191 108 165 95 96 149 77 171 184 62 123 101 24 177 23 160 124 175 182 133 189 22 172 120 83
8 3 40 47 46 127 149 158 100 69 13 16 102 17 169 19 26 66 12 14 4 182 0 75 6 86 38 150 119 65 60 7 68 185 85 10 63 108 95 122 186 87 74 1 23 193 180 135 167 33 21 152 30 99 189 64 110 168 148 84 80 62 97 161 39 48 132 24 120 67 138 187 111 192 78 42 51 184 136 83 125 121 145 52 59 90 37 56 25 133 73 147 82 44 181 114 141 79 61 11
91 89 84 186 19 101 67 53 190 50 150 151 135 177 122 130 32 31 79 175 66 94 56 119 193 125 107 194 195 176 28 121 98 154 14 173 117 18 0 35 6 139 170 36 164 8 153 44 21 75 33 114 73 12 52 45 29 189 100 155 180 159 149 97 49 16 51 95 162 55 141 15 46 42 90 103 85 140 109 40 83 102 26 81 144 88 5 133 171 30 112 60 82 38 168 152 161 23 24 20
53 134 174 120 46 16 81 23 74 158 45 3 121 172 192 6 17 135 107 59 190 20 91 60 183 42 149 29 126 50 43 153 189 159 90 123 63 114 111 171 37 8 181 101 145 130 25 185 0 143 9 86 186 161 55 119 7 77 51 124 19 89 122 58 176 32 118 113 73 166 87 39 180 164 48 103 100 195 136 157 41 150 188 184 155 68 108 139 80 187 97 26 140 104 12 163 96 22 112 179
93 8 157 44 109 1 91 104 183 168 146 51 2 155 92 118 160 32 16 175 194 37 138 131 64 28 99 142 193 85 179 52 5 115 127 107 161 165 134 7 80 66 123 170 126 129 74 176 174 187 89 159 77 95 36 18 87 190 30 144 46 177 122 11 83 34 181 40 98 158 35 96 53 167 150 191 48 139 108 15 135 180 97 65 58 49 130 103 162 192 38 185 128 72 178 113 149 43 171 125
99 83 38 93 22 158 165 75 0 46 115 184 19 132 48 90 97 87 171 54 123 177 145 16 192 106 71 180 161 37 58 66 14 140 195 131 148 174 11 96 45 95 128 175 109 182 125 51 28 60 176 13 146 167 78 59 149 26 189 63 40 20 69 141 122 42 153 3 8 186 5 105 15 84 183 121 164 188 2 62 4 98 10 166 110 24 169 178 156 86 190 70 144 142 12 79 194 124 108 74
77 101 38 105 48 97 78 153 50 24 191 65 100 64 79 62 186 51 148 118 69 164 81 185 37 104 173 157 127 174 124 83 49 135 15 91 189 75 82 130 150 176 12 106 190 23 13 55 0 8 42 33 182 39 129 136 89 187 90 102 40 44 116 181 145 17 110 149 1 108 113 73 109 180 72 25 27 161 96 172 59 29 71 88 163 151 169 155 6 52 121 47 171 66 34 11 31 18 46 61
60 83 160 27 66 161 178 163 132 147 25 14 99 100 0 108 30 149 81 43 123 122 76 145 191 88 121 105 28 23 59 116 55 91 98 173 156 106 86 77 11 188 150 57 24 189 171 5 10 151 32 69 79 94 180 34 190 19 194 40 61 101 127 56 53 18 33 144 166 128 167 153 148 48 120 136 110 6 36 73 155 165 89 65 20 96 102 164 157 9 126 146 113 169 176 95 104 177 138 12
96 128 34 99 139 68 79 40 27 64 173 175 120 151 123 102 1 179 65 20 156 140 49 81 144 159 125 53 180 195 178 147 104 101 91 17 31 12 11 171 126 7 83 4 18 130 176 142 95 103 42 181 70 191 137 66 5 98 52 117 92 109 46 62 150 37 32 153 194 60 134 149 33 116 132 45 148 113 108 157 56 187 100 58 72 129 41 174 30 69 183 59 172 54 97 3 44 8 170 21
17 113 65 37 145 103 125 44 71 12 126 123 144 78 138 39 14 131 172 69 61 90 167 141 55 52 32 34 0 97 148 109 181 2 85 79 95 11 27 91 170 161 10 179 1 74 70 159 13 62 68 24 89 7 23 59 115 165 101 128 114 8 180 110 64 76 30 183 190 3 38 163 130 96 108 20 156 119 84 166 58 117 104 158 142 187 150 133 171 184 160 195 112 42 132 136 41 53 29 177
82 105 40 38 133 156 21 37 85 46 148 65 141 104 150 50 191 189 147 48 4 149 171 33 137 99 178 128 166 35 66 124 140 17 174 168 14 80 193 157 58 162 90 34 142 184 3 126 129 11 44 10 192 95 145 1 70 13 72 6 77 118 25 86 132 47 165 51 22 100 0 155 36 20 81 195 96 67 103 116 180 151 2 134 154 176 194 164 101 56 136 182 163 29 26 111 5 53 190 24
147 9 145 58 13 170 123 5 180 154 172 195 96 83 24 18 113 142 125 81 26 151 40 42 48 155 109 88 126 127 102 44 132 75 23 112 118 161 158 140 144 136 134 6 175 104 121 63 53 8 152 33 164 4 36 185 65 131 52 119 114 103 87 160 62 105 124 97 28 79 86 20 94 156 57 49 149 179 186 55 0 99 133 122 59 184 101 177 91 43 69 27 146 130 189 39 111 46 11 37
19 40 96 62 149 81 20 139 8 114 179 56 153 151 93 70 9 180 164 24 12 16 59 76 100 175 98 174 77 141 65 183 195 111 7 152 69 68 91 30 163 48 39 88 192 150 109 86 160 121 5 10 1 119 143 123 155 73 146 47 28 15 75 161 34 102 186 38 31 23 124 181 137 107 3 144 43 157 67 99 72 87 131 66 129 36 13 35 22 17 177 46 108 101 165 135 170 57 18 41
16 86 137 195 37 70 172 63 60 118 191 167 54 113 140 32 173 10 119 162 68 145 174 148 38 152 116 110 2 61 124 6 92 57 40 79 39 114 120 158 127 170 74 95 180 65 171 31 42 47 4 123 24 67 187 78 27 159 194 30 55 107 153 3 7 149 88 83 138 69 179 181 176 75 98 139 147 154 156 100 102 35 41 36 132 111 76 101 168 166 188 184 164 183 20 8 77 80 23 43
8 36 161 5 22 85 187 45 121 160 109 144 190 13 82 175 74 4 145 92 158 124 148 141 180 140 2 122 153 195 25 62 143 102 135 11 46 191 84 34 125 50 31 56 120 111 83 15 70 108 127 146 16 51 58 89 75 60 132 65 40 131 130 103 169 123 1 114 188 128 162 94 136 117 151 61 54 118 119 79 182 184 154 63 18 134 164 81 183 27 171 32 66 55 95 17 30 69 133 177
119 191 32 123 26 101 161 35 63 189 100 60 97 59 176 129 8 39 20 61 111 157 57 150 91 166 179 96 84 22 56 83 68 106 53 190 137 13 24 85 40 29 107 142 110 103 75 109 112 181 44 139 65 42 168 163 138 128 171 169 11 117 144 195 62 36 67 114 88 46 6 30 9 7 82 127 76 74 4 146 174 118 136 185 64 175 155 73 159 78 69 34 45 116 105 147 194 48 43 41
102 118 7 194 140 156 179 142 175 151 125 168 83 149 188 22 20 9 3 120 71 74 46 43 110 185 154 35 177 143 30 44 56 26 169 145 94 64 39 101 181 144 8 18 121 136 123 89 93 80 19 195 81 104 180 150 189 0 159 173 103 32 31 48 184 115 108 85 86 148 127 55 187 90 21 2 65 62 132 97 134 88 41 95 82 139 12 107 58 78 29 111 51 166 170 165 126 67 45 36
6 52 10 183 131 157 177 8 158 141 121 12 88 50 69 34 29 26 64 66 43 65 14 48 102 0 116 180 181 186 90 184 176 73 32 175 162 79 91 56 30 168 99 28 185 96 133 164 127 135 23 33 124 39 7 44 171 46 165 67 9 108 146 152 132 25 122 13 187 153 49 105 143 129 87 140 191 161 4 78 189 59 147 1 188 178 54 41 92 123 160 72 5 174 167 155 142 20 195 38
54 133 109 182 143 41 122 28 111 154 82 117 113 67 127 131 6 62 71 120 99 156 21 68 70 86 72 140 19 34 160 20 80 129 48 55 2 17 39 178 12 153 1 148 141 170 89 77 186 30 174 107 96 118 180 56 165 94 97 179 185 45 37 114 147 5 78 84 184 14 146 85 58 38 134 112 3 123 130 152 102 119 16 93 91 167 132 136 25 79 60 26 9 151 100 92 49 190 32 176
188 67 127 173 78 28 89 98 57 193 52 29 169 79 112 178 152 181 62 163 85 13 37 174 104 191 40 170 74 182 55 12 10 11 7 99 137 6 123 2 26 171 128 155 49 142 63 190 139 38 72 194 133 147 176 60 94 24 120 42 108 59 183 117 153 105 27 61 58 81 172 154 44 118 140 110 101 192 100 77 54 17 116 165 114 39 88 129 162 185 83 1 48 45 158 18 136 14 159 8
56 169 31 154 38 10 39 42 155 96 141 151 146 113 33 133 66 134 37 71 21 137 50 116 19 182 60 34 177 188 117 145 194 51 192 17 90 135 95 193 127 57 142 67 187 153 115 103 179 158 28 94 149 45 0 72 144 161 84 181 180 77 138 82 184 130 126 18 16 143 3 92 36 81 55 20 191 41 23 15 46 125 80 100 124 35 58 59 68 40 167 164 152 173 109 74 160 91 14 6
29 117 188 163 125 91 110 90 159 178 7 73 107 134 192 137 124 149 136 95 168 47 23 96 115 67 147 49 190 179 2 9 157 144 85 21 165 72 37 69 104 59 113 194 80 45 68 184 156 132 61 97 155 141 26 57 191 176 55 0 174 92 166 173 75 28 138 128 53 79 195 77 20 105 116 127 162 48 167 180 13 122 152 88 31 36 186 42 177 143 74 6 71 46 41 99 94 101 35 50
131 25 26 104 45 64 147 93 85 187 88 86 15 73 190 4 78 151 124 140 182 161 123 41 112 69 6 132 125 121 54 18 191 168 167 137 143 179 70 135 122 38 8 44 83 57 72 170 101 99 47 160 163 89 43 63 102 77 9 12 119 94 98 34 7 87 24 176 28 106 173 81 66 56 29 108 188 37 175 183 32 127 48 149 146 40 52 164 21 96 19 30 10 134 68 133 42 129 111 13
137 194 62 103 26 173 77 11 154 172 8 171 116 52 90 87 188 120 86 139 153 21 191 126 65 181 15 123 134 105 92 107 113 51 178 78 186 101 13 94 179 114 177 7 129 156 151 47 35 142 9 30 166 112 60 182 162 155 189 41 106 88 2 185 42 14 158 33 29 180 64 141 5 12 24 146 22 76 144 176 175 58 25 161 39 117 67 93 49 54 17 167 193 183 192 124 149 187 91 57
50 14 51 12 75 172 170 28 91 49 26 134 150 72 126 8 111 161 167 155 81 0 106 139 58 56 54 79 180 77 38 174 122 70 182 95 90 176 154 47 125 33 39 171 121 137 166 109 100 160 101 163 143 46 80 69 179 175 1 40 68 98 108 2 74 103 128 149 157 168 148 24 15 107 35 192 164 66 21 156 118 3 29 153 123 60 130 177 88 104 140 162 169 53 131 115 120 119 116 181
156 111 166 62 121 161 150 137 139 172 79 52 189 142 68 124 118 107 105 13 27 37 179 64 168 28 5 7 96 185 87 157 66 186 194 130 86 100 129 164 132 91 102 33 57 65 126 101 148 158 128 120 192 81 117 138 60 149 73 116 31 165 180 49 155 134 4 143 35 25 127 110 63 103 99 20 9 123 195 153 30 18 147 178 141 106 47 11 188 114 182 88 59 2 39 44 8 145 113 10
24 28 124 115 86 147 127 153 1 41 179 45 106 85 186 48 7 82 46 58 183 29 110 129 63 195 54 22 146 80 31 65 11 44 32 166 62 25 118 103 42 173 137 88 92 120 52 9 143 15 141 148 113 192 71 151 50 172 57 38 158 10 64 76 68 193 26 33 70 84 155 165 136 150 36 191 134 72 39 117 190 53 73 138 131 139 145 174 51 6 154 89 126 184 167 175 30 170 81 178
128 90 25 103 143 22 10 24 169 41 70 77 14 179 144 81 44 191 0 66 71 5 195 87 165 122 97 88 68 47 37 69 21 186 15 166 110 140 114 74 79 137 130 89 149 187 108 194 189 38 192 49 135 167 151 133 46 150 136 32 78 176 157 121 76 19 83 126 172 35 75 82 36 100 127 98 131 117 193 163 159 160 65 52 125 80 106 20 51 16 170 111 62 175 28 40 188 112 61 113
144 60 189 49 130 30 14 160 78 118 37 24 40 122 169 138 85 102 127 185 57 33 186 12 142 41 59 53 27 89 192 9 32 92 56 90 55 86 100 132 182 137 107 178 72 108 3 120 179 176 19 94 166 36 131 99 65 93 82 22 71 23 135 183 95 180 134 113 63 191 121 148 35 171 97 21 52 173 91 104 25 64 5 172 98 79 39 151 42 74 54 81 69 4 17 43 129 115 190 84
86 58 157 65 93 53 42 154 152 22 119 84 64 48 129 77 20 63 12 74 11 0 46 55 147 164 105 191 26 144 163 107 35 124 128 47 23 109 34 98 92 72 113 143 180 183 136 73 40 159 61 88 50 126 85 80 83 51 171 174 9 5 156 120 57 8 71 54 103 101 95 127 168 155 131 36 148 138 121 44 170 49 192 137 15 79 149 132 108 150 172 97 182 169 141 117 66 33 187 193
17 114 8 144 77 172 147 110 34 73 145 184 189 86 156 108 88 63 133 135 76 59 12 9 7 26 40 20 105 74 158 190 58 194 87 170 89 193 53 48 14 103 100 124 24 70 96 104 38 121 32 168 29 109 148 90 39 81 69 10 30 182 119 35 15 18 177 141 42 120 136 131 137 31 54 122 72 41 155 138 125 68 50 166 115 106 52 157 183 49 1 167 185 65 33 187 94 130 162 129
130 96 1 70 98 127 104 62 2 133 76 57 16 142 95 190 137 0 38 174 43 120 109 182 91 189 72 115 15 54 164 160 50 71 153 11 181 161 87 53 69 20 7 149 99 100 21 24 82 63 145 134 173 67 188 118 25 56 26 123 111 178 45 128 155 175 66 131 78 8 46 147 122 193 29 39 73 31 141 170 75 37 156 42 140 195 184 36 12 40 146 97 33 65 129 27 162 74 93 168
17 87 23 186 119 189 40 27 157 78 118 164 15 108 28 135 162 33 70 182 102 155 175 24 122 67 48 165 107 105 173 154 81 30 20 144 149 187 82 116 104 140 193 160 60 172 73 101 51 92 85 136 31 11 132 126 65 19 71 36 62 18 58 151 190 158 2 21 50 46 43 7 103 141 74 169 91 99 166 42 117 110 69 52 6 106 86 125 0 124 90 127 12 150 123 84 168 9 181 131
140 101 16 181 26 183 109 92 63 89 168 103 100 108 160 19 12 190 176 35 161 45 122 149 69 96 123 53 173 182 55 102 105 22 115 31 126 78 137 56 159 93 79 13 11 117 17 74 164 30 94 136 165 59 47 127 5 151 39 144 88 51 0 124 194 37 95 112 68 195 6 90 80 132 174 10 77 134 186 49 23 131 57 175 46 148 179 163 118 71 154 171 120 111 142 145 143 4 21 133
105 7 64 45 66 157 174 42 1 135 192 91 58 106 84 180 38 34 111 175 56 99 132 24 75 28 97 194 130 9 23 52 88 155 102 169 71 43 82 61 81 117 76 161 156 171 68 113 181 193 33 136 31 49 35 2 178 140 40 78 104 26 172 21 186 25 119 146 85 125 27 6 15 5 53 101 166 67 165 188 17 98 14 51 177 129 142 126 30 114 12 83 168 167 16 0 141 10 191 123
88 45 195 3 93 167 61 168 65 22 36 29 134 110 115 122 123 43 133 97 103 18 64 51 25 189 187 9 159 8 32 132 157 141 24 109 98 176 44 112 17 130 116 161 94 7 192 38 129 146 31 194 27 140 155 83 99 172 37 158 139 55 150 177 173 111 91 28 30 170 164 59 26 39 68 72 171 75 102 10 169 81 80 145 77 62 79 14 143 70 124 33 156 182 147 1 66 137 125 90
31 14 146 167 165 143 85 174 188 3 68 132 64 117 179 137 37 61 134 177 149 58 109 89 100 19 72 153 54 151 163 51 84 185 18 150 15 136 42 130 172 34 5 107 190 173 187 152 92 169 49 2 189 56 7 147 8 20 154 96 77 0 125 176 82 192 83 52 103 97 48 13 126 104 164 70 157 79 112 135 181 62 65 91 10 133 33 178 145 67 119 122 108 32 175 95 59 98 123 4
81 12 143 151 178 56 79 163 115 8 50 23 194 36 70 175 44 11 105 167 90 42 99 189 193 13 96 127 16 160 61 66 108 125 6 83 5 57 135 188 109 43 138 137 181 100 122 84 4 106 152 147 92 64 77 52 183 161 179 186 20 173 34 48 59 118 155 17 130 156 112 39 104 31 123 182 169 184 142 49 103 88 166 129 72 55 132 98 101 46 41 141 94 30 144 45 68 124 15 154
84 18 25 45 123 58 41 94 75 69 173 155 162 65 194 15 92 49 19 180 87 135 88 8 97 161 143 175 34 36 153 98 154 61 169 82 7 159 107 4 144 72 184 177 16 118 66 101 158 133 83 38 151 121 137 102 28 145 67 152 163 42 157 22 9 190 40 12 150 17 70 10 174 79 189 138 122 192 93 24 187 52 51 188 62 60 53 74 30 54 21 128 47 160 117 46 106 181 146 68
63 10 131 60 118 4 19 156 130 100 84 52 75 189 46 32 64 44 110 121 168 90 140 21 35 8 78 59 12 14 169 39 137 23 123 148 81 76 113 62 153 104 165 128 195 5 117 141 181 28 43 2 154 66 173 147 127 94 24 79 166 70 20 134 133 80 87 146 73 57 177 53 48 150 69 186 89 185 83 145 170 30 58 102 139 119 161 107 175 95 41 68 71 6 111 88 7 22 163 115
61 127 170 40 26 84 90 143 168 171 7 102 59 31 126 14 28 135 146 32 172 88 87 105 140 155 144 21 82 62 72 106 19 99 65 54 113 73 66 58 177 181 184 194 96 151 8 185 188 9 35 23 13 49 12 174 186 83 104 27 182 120 195 103 183 52 130 89 53 149 68 39 15 93 138 148 115 79 94 142 80 91 157 145 107 47 34 92 11 176 55 169 36 45 24 37 69 0 18 46
150 110 126 188 1 39 98 38 31 64 8 187 165 137 171 181 112 114 92 95 105 99 56 189 40 0 49 30 22 83 103 63 127 124 45 32 54 18 159 158 194 44 13 173 184 192 58 185 51 106 130 89 139 94 100 85 123 142 82 113 70 84 169 71 26 33 60 119 46 104 161 76 29 141 7 90 42 48 146 162 182 79 37 21 117 167 59 107 16 41 28 180 138 78 57 175 19 47 177 55
42 32 10 92 143 144 99 178 91 20 56 179 48 84 44 82 98 61 12 34 139 152 19 73 129 181 29 37 58 177 119 133 43 23 47 140 90 22 159 111 154 132 9 138 31 184 114 112 40 155 125 95 123 62 186 110 191 120 100 135 96 189 66 36 107 70 97 117 52 67 182 51 6 128 104 64 180 86 53 89 109 168 147 127 15 27 171 60 3 25 116 11 17 193 194 30 94 195 130 136
140 4 55 179 134 41 54 86 73 0 15 88 38 150 145 157 1 131 123 6 108 139 98 163 69 96 74 64 161 165 94 158 109 188 176 164 126 68 167 89 128 32 111 34 143 18 24 133 71 142 190 90 29 95 105 181 101 81 124 180 49 127 192 35 72 59 21 166 13 57 42 78 7 119 156 118 43 141 17 10 120 23 152 82 153 103 151 171 146 107 47 48 121 185 84 26 125 175 177 155
9 148 97 33 75 12 90 143 119 37 131 98 96 36 178 129 10 167 24 56 125 113 106 4 100 73 69 171 158 165 170 76 110 154 46 25 57 184 142 136 138 176 3 62 134 153 189 163 27 30 187 182 84 195 80 70 68 65 50 34 121 78 43 53 127 23 58 71 133 0 126 141 85 63 52 181 72 162 109 139 179 64 2 177 151 67 130 29 66 91 94 115 79 17 145 164 192 191 47 160
131 0 48 132 179 62 100 60 109 141 57 146 138 162 153 64 135 3 154 81 36 74 174 68 28 14 35 6 40 96 16 86 98 31 8 82 38 188 145 185 30 19 120 194 97 157 107 155 53 128 116 46 61 20 32 39 42 66 129 5 118 186 4 139 104 17 161 72 152 90 24 103 77 159 67 84 47 165 172 166 12 89 93 75 73 173 148 26 18 102 168 137 149 33 54 170 58 122 49 9
158 160 82 70 140 40 161 106 118 130 124 182 99 18 171 78 26 65 166 164 77 189 139 195 93 136 51 152 30 176 131 27 20 105 6 112 29 125 58 191 165 1 156 172 100 66 123 21 43 54 155 63 24 111 38 188 4 79 33 57 159 120 74 47 109 52 163 127 184 42 170 175 86 180 186 22 64 91 10 84 59 122 113 92 68 41 168 2 60 117 49 31 134 132 62 126 85 174 17 194
55 18 178 91 79 183 74 141 66 186 102 163 67 75 84 127 111 6 162 172 189 107 86 90 63 47 144 115 133 192 64 59 20 7 119 121 19 76 45 106 62 70 164 23 11 38 191 181 117 58 52 154 158 147 81 53 123 179 93 166 3 130 194 113 170 12 31 174 153 16 22 33 17 104 96 8 131 103 98 80 32 114 180 15 146 4 94 60 137 41 43 89 88 193 37 68 78 159 122 125
15 43 28 166 90 152 88 110 108 185 109 116 186 83 104 156 39 32 136 117 172 168 79 77 131 163 188 9 22 105 123 119 64 37 61 73 12 169 24 129 11 25 50 174 120 93 159 122 178 144 87 102 98 128 54 58 36 113 151 6 49 23 69 180 146 183 125 121 48 167 3 75 127 187 137 80 161 33 20 13 35 41 4 97 150 158 114 89 72 142 74 68 124 55 99 46 112 192 139 189
171 122 30 109 155 136 130 108 117 95 71 13 105 88 24 23 48 93 87 58 66 3 183 47 99 62 21 91 106 14 39 68 133 128 104 144 125 195 25 67 40 181 177 32 42 83 126 76 118 7 75 174 149 189 152 162 137 31 158 165 107 176 129 2 84 85 193 145 157 103 89 185 140 74 6 19 169 80 29 26 190 132 65 9 191 187 45 150 44 142 92 54 20 180 164 5 73 175 51 52
3 181 91 20 0 131 76 154 150 139 117 168 49 102 187 112 163 185 19 54 46 100 34 82 25 167 193 111 144 47 104 63 122 182 158 5 44 39 50 105 99 77 106 31 45 37 170 120 81 173 95 149 147 90 169 141 38 153 88 145 179 14 128 132 159 121 6 24 78 174 194 108 161 195 151 16 89 23 116 43 12 30 75 189 53 130 123 183 135 118 83 175 190 18 85 176 138 115 86 87
14 36 63 73 44 193 15 74 181 147 96 35 24 88 138 90 167 188 169 29 123 43 170 83 124 42 70 121 69 132 158 143 152 156 105 176 10 115 102 190 82 134 91 66 183 103 163 136 0 137 189 114 142 1 55 101 146 155 16 72 106 33 192 19 38 151 171 80 108 184 25 98 54 23 89 58 122 185 144 92 180 57 150 99 95 118 7 168 41 135 65 81 195 26 50 125 20 145 76 149
33 68 192 119 50 153 16 133 64 195 42 110 30 7 137 102 74 1 73 3 0 154 187 131 168 63 136 188 124 100 149 46 11 39 180 85 183 51 134 69 155 145 171 78 62 32 90 109 177 141 91 161 54 15 122 37 65 6 173 28 14 4 8 97 87 184 150 170 158 116 121 165 186 148 128 101 139 144 96 44 98 26 60 120 178 71 81 164 107 29 123 40 111 156 117 24 79 151 55 172
195 180 79 43 8 30 150 62 0 179 4 119 20 46 50 38 142 160 2 17 114 70 112 141 51 95 64 101 105 76 137 80 26 153 189 117 157 131 147 18 135 39 107 134 188 57 27 124 14 128 129 77 166 93 59 123 175 28 58 186 103 83 118 53 132 184 187 21 29 133 66 92 52 115 169 156 1 71 68 35 191 111 159 47 90 170 139 15 72 12 181 73 9 6 161 104 167 120 81 164
46 102 159 145 49 151 48 147 179 149 138 65 163 81 189 93 187 106 156 121 30 122 91 80 76 17 21 133 155 140 141 193 78 50 38 45 16 52 22 132 144 126 178 105 111 101 188 75 37 39 82 94 62 104 168 35 68 128 26 116 182 131 118 107 109 150 160 23 58 152 60 115 56 95 12 137 31 25 11 110 34 64 42 9 55 7 123 146 5 161 165 73 4 72 18 125 142 0 139 24
146 122 28 143 154 72 53 7 87 116 136 45 159 131 5 74 150 113 42 188 128 120 91 0 184 157 190 97 22 66 156 25 191 71 174 138 107 10 141 19 171 158 182 139 115 125 132 44 164 100 26 111 60 9 29 52 109 118 178 126 149 88 96 165 46 166 76 177 175 147 183 78 47 39 108 119 13 89 73 63 181 162 104 8 34 133 82 27 124 135 4 68 56 101 186 189 153 79 38 98
27 112 160 21 103 77 92 97 106 118 90 139 56 81 28 178 129 12 41 184 135 50 59 19 107 17 165 153 31 173 13 176 113 83 26 142 34 191 174 4 53 147 150 78 170 96 5 75 116 25 188 145 137 24 69 85 185 60 67 179 22 175 71 98 88 136 15 94 122 95 114 37 132 3 171 162 18 117 35 169 64 58 80 101 155 110 125 108 89 93 79 40 146 143 152 49 128 100 104 84
47 53 140 127 82 137 1 189 19 173 102 42 16 156 175 45 107 37 73 185 169 159 95 64 51 162 0 133 161 120 49 147 94 48 91 40 46 160 146 78 52 54 190 65 194 24 56 66 15 27 101 12 103 87 10 136 110 118 13 165 106 99 20 123 154 57 139 157 119 71 104 59 44 180 70 29 50 14 21 77 58 124 38 9 18 163 171 142 105 36 72 126 62 116 166 191 43 129 80 144
186 68 35 175 143 10 182 19 52 93 91 185 76 11 168 179 24 192 3 103 131 62 21 16 112 136 83 167 142 111 157 166 108 7 156 107 37 99 67 96 94 155 141 146 54 49 1 152 170 134 44 30 82 58 81 150 63 153 84 151 159 132 165 105 95 158 53 145 173 178 130 191 138 5 12 77 34 18 116 9 15 65 115 106 4 120 101 119 13 140 154 78 171 98 88 64 26 32 69 57
67 20 50 55 71 115 111 135 103 107 177 194 165 128 59 139 153 193 63 171 158 126 18 114 186 189 39 117 31 53 85 152 12 166 81 178 127 6 48 173 122 162 161 73 79 83 160 168 146 91 113 57 14 27 179 29 184 144 119 98 9 35 44 170 2 137 191 157 116 64 188 159 154 22 38 142 131 133 121 96 78 180 70 164 76 58 21 129 11 46 118 130 36 52 101 182 41 88 192 42
73 147 169 29 109 195 76 190 62 56 189 144 20 67 1 134 140 177 139 11 9 153 44 111 106 122 36 75 92 35 118 77 129 114 158 74 152 150 93 149 185 58 145 53 55 188 102 57 135 184 37 137 179 78 71 154 127 100 60 4 12 120 63 166 34 42 123 72 38 165 24 172 87 173 46 112 69 26 126 176 6 81 0 110 187 138 101 19 85 178 121 17 82 97 131 33 70 168 170 181
105 78 133 18 132 22 39 188 20 183 161 21 11 180 46 72 169 89 167 67 60 134 135 8 151 61 43 106 123 107 148 168 155 48 175 149 87 136 126 41 127 68 36 24 99 100 29 103 13 94 84 28 12 192 54 109 96 30 146 42 55 137 45 51 33 156 174 16 90 171 144 153 143 2 14 138 129 111 186 34 115 145 31 73 74 15 7 80 163 76 189 187 47 170 108 98 6 81 17 104
182 140 58 108 122 62 176 82 87 136 34 31 85 166 41 42 169 145 123 7 165 114 27 91 160 94 64 171 113 112 193 149 65 81 30 104 40 33 75 37 137 121 188 29 131 77 71 157 70 24 183 191 185 54 148 142 155 95 21 73 38 116 28 57 124 105 111 173 170 106 23 187 126 146 130 110 100 190 18 3 163 194 101 128 127 186 26 168 25 174 86 55 60 8 152 151 109 48 120 66
108 15 182 17 116 126 117 62 129 28 4 64 92 21 90 138 176 184 94 134 101 131 152 88 22 83 72 128 153 46 181 49 0 172 93 169 125 155 149 145 102 146 100 14 65 91 42 12 189 98 39 23 60 76 57 11 185 133 194 50 105 18 119 141 118 142 187 159 58 27 139 112 67 78 16 9 163 24 69 132 33 44 8 122 68 86 170 97 26 111 96 36 74 85 191 147 167 177 190 136
46 155 158 104 1 16 49 163 133 26 124 131 0 98 156 11 147 161 22 38 188 65 137 144 73 7 23 56 36 48 160 149 3 51 118 96 31 121 186 106 123 8 162 128 10 44 86 183 58 141 185 14 12 32 37 77 30 195 171 127 179 180 18 82 72 93 42 34 28 112 40 126 64 50 108 101 130 135 94 146 111 136 132 172 138 192 55 181 6 173 62 60 97 54 74 189 148 29 102 100
102 137 74 149 146 67 134 126 59 53 91 11 166 182 1 61 47 98 77 4 45 51 151 124 195 81 25 32 153 178 96 9 116 164 34 18 119 120 188 183 174 65 135 13 144 76 122 16 68 129 132 194 115 141 147 99 105 5 19 121 92 113 58 80 161 193 71 163 79 125 44 179 7 20 57 187 186 93 24 28 152 111 177 90 143 83 128 192 142 145 31 97 169 101 158 108 175 172 29 36
172 13 148 144 28 190 73 50 65 23 51 79 69 111 195 127 147 54 130 70 25 194 93 52 105 3 62 96 56 141 180 55 38 138 179 160 78 100 154 168 177 183 49 76 178 11 32 135 41 1 90 17 137 117 98 133 18 67 191 156 92 5 145 129 126 167 35 149 14 53 48 44 21 102 119 151 61 124 175 29 77 34 174 186 75 114 57 188 125 82 9 165 113 134 152 74 176 171 122 170
185 4 146 41 86 127 18 130 62 75 160 73 106 28 33 145 49 135 157 24 114 177 140 48 148 150 154 14 19 63 96 83 98 13 155 164 174 192 36 136 109 76 39 68 101 71 66 168 88 6 97 102 153 65 137 9 46 121 21 77 151 175 128 20 194 104 47 16 139 158 112 7 45 1 8 91 113 171 70 186 111 191 190 61 57 67 78 142 69 115 143 156 87 64 122 29 50 23 27 193
51 42 33 103 95 89 146 5 122 60 31 85 107 43 160 56 116 113 2 129 112 59 8 80 161 64 90 76 123 30 189 102 66 115 93 178 78 25 27 46 16 143 180 61 104 187 127 120 179 193 100 70 147 119 20 69 24 47 55 40 48 54 153 158 28 150 38 134 52 132 67 82 177 170 165 131 105 124 29 138 188 175 151 39 145 114 154 94 194 110 15 36 50 130 106 135 10 57 49 87
112 147 40 125 2 149 87 167 43 35 138 90 34 17 124 30 73 49 163 103 119 152 67 177 11 3 133 66 108 54 150 148 47 134 63 184 5 97 55 170 169 115 144 143 191 174 29 46 88 100 183 188 57 106 78 44 79 81 8 82 95 83 131 158 168 80 173 53 123 45 145 171 161 27 166 120 48 105 142 26 189 180 126 114 122 36 25 86 77 89 58 14 61 7 155 117 0 20 68 50
182 79 132 26 187 63 108 31 91 33 34 76 172 0 7 71 22 130 87 15 127 55 89 5 53 153 56 96 180 8 159 181 97 29 164 27 13 1 154 121 83 37 171 151 38 110 54 126 73 24 9 103 66 25 77 133 102 94 70 90 194 104 16 173 176 35 113 86 105 111 137 169 146 95 167 107 129 190 145 185 100 45 19 69 150 109 170 177 122 48 112 168 49 175 131 119 149 3 75 141
195 104 163 194 114 193 171 123 136 172 183 18 92 151 3 122 159 93 12 63 178 77 0 90 192 126 35 10 106 188 94 57 96 107 182 133 146 1 11 82 71 74 150 170 111 155 83 19 116 26 70 140 17 91 176 189 157 99 89 33 61 29 84 137 50 191 41 165 102 32 147 175 37 60 103 110 145 121 128 87 185 120 14 76 138 130 108 34 186 180 24 5 154 28 139 190 125 75 39 78
119 48 167 186 170 70 150 30 100 49 95 86 91 65 21 18 130 6 82 189 33 26 147 23 50 160 56 138 142 108 166 8 143 103 102 161 14 98 101 185 151 59 99 133 31 122 9 47 104 109 126 192 131 13 146 68 20 188 39 10 3 71 40 19 135 43 111 61 52 90 191 83 106 94 116 158 183 141 72 66 168 75 63 155 162 57 25 159 1 114 79 93 64 169 184 87 84 16 97 144
82 8 57 69 161 195 156 173 92 171 59 122 108 160 118 147 104 111 167 154 148 146 45 48 3 178 107 143 26 38 30 130 188 54 40 155 109 101 110 66 81 112 55 105 119 18 142 100 0 127 144 113 15 21 62 58 172 23 185 43 4 123 60 114 2 132 151 35 89 150 73 51 98 37 25 194 183 87 17 33 85 16 71 139 153 116 157 20 170 74 184 179 44 68 124 163 80 32 192 140
127 84 101 66 4 65 105 140 44 185 117 8 120 174 147 80 61 175 24 131 52 54 25 19 87 183 28 171 10 62 22 40 182 157 86 23 144 53 99 163 193 95 154 186 130 139 161 91 76 3 45 92 125 108 39 48 33 1 68 176 151 78 103 13 55 119 35 145 133 9 132 74 156 17 97 168 164 116 135 113 42 15 21 70 123 179 129 178 173 2 26 114 32 75 12 136 96 170 160 177
46 148 50 154 2 165 54 146 151 26 93 160 155 83 28 17 82 189 53 171 102 187 41 25 147 73 47 39 3 18 56 51 52 76 68 101 106 65 137 64 92 60 115 37 11 163 159 62 33 84 141 183 12 127 81 10 128 58 173 59 40 43 192 191 188 139 157 24 194 63 162 30 178 130 124 193 109 179 44 96 185 175 71 164 170 156 23 182 150 98 88 134 9 114 87 174 95 49 21 31
80 151 180 185 58 26 171 162 113 107 98 42 103 169 67 189 160 178 22 37 44 100 88 156 55 1 115 79 117 137 164 94 121 75 3 8 5 108 21 83 95 140 142 30 84 114 163 82 109 7 27 177 159 104 128 45 71 106 129 152 38 28 120 193 99 191 124 20 41 182 33 52 74 176 13 47 6 146 175 168 105 89 194 51 110 86 9 36 25 172 69 126 17 165 39 61 112 123 65 35
110 167 122 183 17 36 34 31 165 88 61 170 64 114 37 139 102 179 186 106 158 39 103 78 75 52 127 92 176 67 189 191 137 100 59 109 148 121 32 168 51 48 128 72 46 173 107 42 143 65 56 7 149 47 108 151 195 161 76 115 53 82 54 58 126 123 97 98 152 25 40 90 180 43 63 93 104 5 38 181 0 184 83 134 49 81 101 85 9 41 192 44 157 12 86 55 68 29 99 172
57 183 30 164 19 184 106 92 160 64 31 112 105 102 139 195 67 189 158 37 23 174 82 179 85 78 34 53 126 71 93 48 43 12 114 25 44 141 123 152 55 170 108 134 84 192 89 2 159 11 148 153 61 65 193 9 80 63 74 124 122 156 14 99 178 56 181 86 131 138 49 83 0 26 157 111 38 40 13 76 29 188 18 136 10 54 194 90 173 128 42 143 165 151 24 120 150 101 145 32
95 5 117 130 154 176 64 147 160 113 12 9 121 40 67 57 189 49 53 181 56 171 157 60 178 87 19 110 3 105 11 62 104 194 165 72 116 20 172 119 7 86 115 99 77 109 143 118 83 0 132 70 168 161 25 166 26 88 16 1 15 162 140 106 44 29 126 54 43 66 79 33 148 112 4 152 175 125 78 90 187 55 85 135 13 150 155 71 28 22 133 48 8 80 6 18 144 107 139 35
31 53 101 192 24 86 66 55 176 112 71 57 133 98 104 84 35 164 90 62 93 82 73 91 135 87 27 10 171 25 5 19 74 184 59 65 3 6 92 130 123 95 97 142 34 144 1 20 48 23 69 44 28 14 189 75 33 8 121 99 108 179 11 136 114 177 42 187 85 148 56 76 143 17 105 26 41 68 89 63 163 109 156 111 140 185 61 118 116 83 54 188 107 18 96 152 30 167 195 174
182 15 105 94 167 8 136 142 109 129 155 16 10 34 58 9 157 2 146 117 57 171 62 25 113 37 187 70 53 30 152 101 179 97 65 174 120 24 46 4 104 177 80 118 168 74 73 36 151 178 90 75 121 33 39 170 133 35 88 71 76 110 141 114 14 18 139 67 108 111 77 150 56 106 161 185 44 23 84 68 119 162 29 83 115 128 135 134 195 169 50 173 51 193 79 63 176 163 190 31
72 60 141 45 80 52 123 39 86 153 144 5 99 61 77 164 46 139 71 116 92 165 19 101 107 44 158 91 110 193 66 20 65 183 142 28 25 130 111 17 192 168 140 136 47 97 132 1 90 78 102 181 41 76 21 103 114 152 190 100 58 9 148 115 16 176 184 12 59 145 33 29 112 124 49 54 31 10 186 104 55 179 156 40 149 185 133 163 0 175 62 105 94 57 83 182 15 95 120 14
103 78 57 62 34 13 99 36 123 145 31 88 159 76 149 28 89 106 107 178 94 91 186 16 124 156 47 169 37 98 17 144 69 157 63 116 121 165 65 183 14 35 27 158 22 164 101 112 146 187 43 45 136 42 71 53 40 135 160 153 142 93 128 100 150 15 25 6 67 104 179 61 118 148 12 11 30 82 18 133 191 171 95 68 10 166 168 9 38 147 138 127 56 81 141 86 174 7 72 19
14 120 109 185 117 37 98 79 74 64 20 8 27 31 16 165 101 140 33 138 13 161 153 4 49 52 71 73 173 172 51 56 6 11 102 44 168 32 72 60 3 162 47 21 86 154 129 170 69 104 181 194 28 81 145 141 160 119 189 46 77 195 180 66 150 5 167 30 63 65 139 155 42 118 193 157 100 26 136 163 103 43 2 93 175 78 177 171 95 179 121 1 17 122 39 18 156 34 124 164
10 70 106 115 76 87 80 173 63 178 149 186 36 93 163 145 114 92 6 120 81 22 16 166 177 185 32 172 95 9 26 103 82 56 44 171 181 0 141 60 110 165 73 74 147 180 67 157 121 99 35 21 134 117 158 146 170 135 123 94 139 33 15 54 78 48 133 105 168 75 71 39 8 159 183 19 128 108 40 43 161 142 30 188 189 154 5 24 47 68 1 113 187 96 51 182 184 46 118 7
96 157 136 150 27 59 183 186 137 55 151 131 162 88 61 118 18 101 38 170 143 19 155 161 117 36 111 122 7 25 50 110 129 9 84 105 146 106 185 39 12 62 132 94 98 141 191 108 190 54 51 35 2 115 4 95 100 43 127 153 147 26 17 102 134 144 71 171 195 112 123 159 44 63 135 89 192 23 76 156 164 188 68 64 176 109 65 87 58 52 179 14 6 172 83 21 167 91 184 42
117 67 18 118 109 88 47 86 174 42 68 76 3 125 71 106 131 25 165 36 49 55 52 24 158 182 173 41 53 58 190 54 140 60 98 156 167 115 180 172 77 81 148 69 56 50 99 143 137 9 181 59 51 142 194 104 136 4 65 175 169 134 15 132 93 105 31 96 20 1 124 168 39 170 5 119 116 83 176 150 8 29 72 91 138 46 34 79 62 113 48 75 121 163 33 97 32 128 37 44
84 173 155 179 70 109 26 184 131 151 123 19 129 132 121 163 156 35 98 9 174 176 34 170 148 99 178 142 51 30 46 16 5 38 45 42 77 101 120 39 56 191 7 20 116 112 139 3 91 187 125 186 31 6 49 164 28 111 25 41 128 154 74 68 195 69 161 138 124 147 141 177 86 37 133 107 166 54 126 21 36 102 165 27 108 189 143 23 190 93 100 83 4 150 192 95 89 188 130 12
180 23 42 47 80 90 41 11 100 67 170 163 130 131 121 176 122 65 93 87 1 124 13 50 22 5 29 71 164 78 30 109 2 53 26 188 98 151 0 66 141 20 152 187 82 142 190 95 24 177 157 128 140 56 114 57 74 183 102 70 146 108 161 143 45 48 186 144 38 185 44 117 8 36 55 123 174 168 49 110 129 126 88 115 178 19 158 147 12 184 171 103 134 62 16 52 89 125 3 7
71 125 93 188 134 84 31 100 49 9 111 183 19 13 179 94 91 2 149 67 79 142 156 127 145 21 105 12 81 26 56 189 54 167 112 139 151 66 58 116 20 90 50 32 138 37 36 184 122 80 63 137 85 6 95 101 11 14 59 38 175 150 22 172 178 148 8 1 92 162 135 41 45 177 163 115 97 119 173 107 102 128 166 103 136 30 159 53 143 86 124 18 176 65 192 108 113 77 33 181
173 188 33 144 157 98 30 130 155 0 181 16 138 118 179 35 164 148 63 17 142 58 137 146 128 46 163 39 108 112 4 92 31 192 61 191 24 161 95 124 150 11 111 91 168 77 158 76 38 49 68 132 136 127 178 80 147 60 56 172 175 149 29 171 145 43 174 85 12 96 182 125 9 55 94 25 23 101 48 82 194 20 70 5 62 90 67 123 73 167 183 78 105 89 100 10 99 159 69 14
178 84 39 66 137 153 72 67 117 162 56 121 28 74 53 125 29 8 83 158 176 172 165 43 122 156 16 185 189 110 96 63 147 130 65 119 179 71 115 124 145 149 160 120 144 194 135 177 0 93 23 114 138 159 97 132 195 12 182 85 161 116 106 80 170 61 193 183 78 48 62 129 90 50 57 79 142 89 123 46 126 31 27 184 54 109 37 36 99 30 100 81 40 7 192 4 92 60 186 75
161 178 14 37 19 91 133 99 105 113 86 169 69 192 29 32 92 143 163 148 87 46 20 43 36 33 176 188 177 6 122 94 110 26 52 100 156 159 120 129 190 195 23 78 164 60 139 131 111 96 54 34 185 127 184 97 136 3 126 106 89 85 41 64 121 13 168 151 189 145 59 162 155 119 132 179 149 104 152 187 193 55 51 90 130 137 7 84 82 8 42 45 73 83 49 68 80 71 74 135
95 13 151 53 40 3 5 155 150 157 148 51 49 160 137 184 4 99 145 44 23 70 21 119 174 1 35 87 194 60 90 15 116 68 72 30 120 132 74 188 186 43 168 39 59 46 47 166 31 129 131 123 109 80 7 57 153 100 149 36 92 65 98 81 16 56 176 55 107 93 112 170 181 117 165 125 138 108 63 130 177 134 191 121 105 147 144 124 83 69 189 113 192 10 34 118 12 88 11 79
69 165 30 145 119 46 44 64 161 171 91 16 41 92 110 118 104 156 29 0 36 144 6 27 1 86 121 51 39 111 48 81 58 114 137 57 18 96 148 49 170 134 55 193 124 164 176 101 34 11 89 162 10 31 181 8 5 26 172 130 116 76 120 139 15 35 9 61 62 20 65 85 140 189 100 126 163 146 47 17 2 150 56 79 45 166 194 74 67 135 97 155 68 125 141 185 147 60 113 54
87 90 148 10 13 97 8 63 33 160 118 151 172 89 23 22 69 192 186 19 110 191 44 29 54 62 11 20 132 72 142 107 57 102 164 179 116 140 166 119 143 150 21 60 175 92 194 153 37 155 111 18 2 108 94 36 24 4 126 173 99 162 81 146 120 83 30 14 79 16 189 139 0 127 51 40 165 115 109 129 174 138 161 185 88 190 184 158 86 73 59 26 6 84 64 176 50 75 195 106
2 191 148 93 166 45 18 107 33 37 182 160 82 171 34 6 133 28 79 129 10 96 94 69 17 101 155 152 189 167 143 66 127 81 55 4 97 21 122 57 181 23 78 3 186 102 116 130 7 61 51 36 173 80 120 16 161 185 83 134 183 156 100 113 153 172 58 111 49 118 64 103 132 11 165 72 89 138 106 119 162 25 84 40 60 112 12 146 31 59 108 110 0 1 5 157 14 159 86 144
16 101 100 28 68 96 194 92 24 30 7 5 126 142 42 195 140 1 168 159 167 35 87 157 83 49 74 148 155 156 106 40 154 122 66 53 107 46 10 113 172 14 61 60 138 134 33 150 70 136 20 26 88 128 34 18 179 78 71 52 110 48 3 108 137 50 183 39 17 146 130 178 94 192 181 31 119 186 38 67 149 0 12 59 84 190 127 15 44 180 64 171 129 75 133 8 90 185 47 85
100 13 159 136 105 149 17 71 161 146 187 135 72 15 97 121 6 10 133 68 115 195 130 34 18 67 64 127 93 61 192 87 96 113 3 183 162 126 57 43 182 123 104 150 59 181 180 188 114 142 0 39 50 19 30 125 156 53 144 139 2 36 103 106 175 80 54 75 145 9 158 1 140 69 22 137 128 63 88 14 131 110 38 48 138 143 129 56 45 166 107 21 52 112 119 24 60 168 124 167
154 43 168 160 130 48 60 125 85 159 179 51 9 4 21 32 102 27 69 38 169 6 139 113 126 77 36 91 157 76 163 41 81 8 134 174 49 23 66 92 29 110 184 101 57 155 152 182 156 141 112 192 52 106 186 117 129 35 120 170 94 2 100 37 180 56 28 87 193 86 158 64 74 39 0 25 18 47 187 11 147 58 191 185 140 67 61 138 181 13 24 40 108 65 89 164 123 177 153 194
40 84 41 25 14 154 182 78 86 179 178 146 152 38 162 115 160 51 177 180 35 129 89 56 13 184 110 92 82 149 62 96 171 7 151 155 147 139 19 80 138 186 167 81 42 101 181 123 132 73 104 157 133 99 134 183 36 130 168 131 128 166 111 50 55 126 43 108 76 102 0 74 53 18 23 170 112 97 30 194 11 153 27 127 33 94 1 187 6 57 48 68 124 164 143 29 189 44 135 24
147 44 184 17 172 118 26 13 193 179 52 86 110 149 16 23 28 131 0 178 112 30 109 194 161 115 121 132 145 105 167 55 60 106 15 99 116 158 18 169 127 11 89 72 134 68 34 33 65 143 83 1 174 62 87 80 98 191 153 107 25 124 152 78 92 108 93 97 8 41 141 48 139 56 171 31 5 32 69 27 79 133 43 165 58 22 151 66 84 103 95 190 19 2 73 75 64 170 67 42
92 126 107 96 170 27 192 116 188 175 93 106 41 162 13 138 65 6 187 7 89 28 154 172 167 140 137 68 46 159 53 5 10 91 94 15 25 42 182 105 69 171 132 158 58 16 129 18 23 178 77 64 183 157 160 90 127 124 75 186 177 145 54 180 76 168 11 84 163 95 133 66 38 51 57 181 19 62 56 35 150 47 173 30 79 152 115 99 165 67 39 161 113 14 73 118 26 85 81 36
53 75 3 63 138 83 97 193 4 14 71 29 21 64 70 126 163 136 108 18 135 62 36 1 37 195 23 92 106 194 185 182 47 11 2 101 174 146 165 26 148 19 27 162 144 32 131 77 143 28 88 38 61 161 176 94 33 183 145 116 127 111 164 42 147 45 169 6 76 57 184 160 125 100 188 140 114 87 104 54 157 82 78 46 118 56 51 110 65 172 102 8 128 141 113 40 52 49 48 152
164 158 19 195 168 27 186 142 20 78 156 42 69 83 177 117 145 175 114 96 116 123 49 133 152 61 91 54 160 62 192 181 105 172 11 187 185 47 128 190 137 66 106 108 56 153 102 98 107 79 184 161 118 44 7 90 169 85 139 15 166 63 5 75 25 59 112 126 150 73 109 173 28 146 67 122 12 136 31 127 138 10 46 125 183 191 41 77 101 88 64 182 13 149 58 115 113 48 154 80
173 129 104 134 164 13 109 140 49 148 156 141 159 155 194 170 176 89 94 106 4 110 136 160 98 96 91 144 99 122 81 139 42 18 40 12 26 21 32 113 24 11 107 92 130 172 65 33 118 179 158 30 121 66 143 57 135 138 154 74 162 111 88 46 63 87 55 185 85 105 75 68 187 48 169 114 67 177 29 180 31 54 115 193 7 3 64 79 112 128 151 62 90 108 137 97 51 95 73 195
187 76 185 71 17 65 8 83 153 109 37 66 113 151 112 154 121 36 78 134 152 57 155 27 34 144 99 120 91 146 4 39 72 127 48 123 101 114 157 81 98 177 106 10 13 186 103 54 46 128 1 51 188 84 195 16 75 52 20 38 56 169 70 79 171 137 126 133 129 59 118 6 184 100 89 42 178 95 50 35 125 130 67 107 41 131 23 161 183 45 165 32 149 58 93 110 145 29 55 73
187 20 192 127 191 47 62 3 115 143 164 135 131 0 90 97 86 81 175 136 147 98 2 96 92 33 48 140 193 41 29 157 31 182 181 166 173 195 84 99 120 17 37 189 6 154 172 50 67 5 158 124 171 66 91 94 34 184 22 71 59 76 4 21 36 40 105 126 188 83 30 121 161 106 89 55 169 87 28 119 80 18 39 179 150 11 49 117 93 14 38 82 88 162 74 155 152 9 63 25
113 0 34 159 68 104 178 43 127 126 96 143 31 176 151 67 141 27 1 77 47 16 188 171 117 191 74 131 173 88 53 32 184 69 83 147 86 154 58 165 110 100 114 45 183 49 95 92 72 89 112 149 119 17 82 180 137 105 65 111 6 163 123 10 193 56 103 79 21 144 186 3 24 130 59 87 128 101 4 152 107 64 80 148 7 8 38 125 44 28 195 91 136 52 25 15 30 157 181 109
158 74 112 181 183 168 22 119 151 61 69 171 17 186 108 111 103 142 79 176 141 109 116 14 125 96 7 51 128 182 162 99 54 138 23 173 179 190 177 122 9 86 98 55 100 131 136 1 56 124 52 46 117 3 152 189 188 106 64 18 57 66 68 94 20 11 165 45 139 107 89 2 37 145 67 129 58 110 24 88 62 175 102 113 92 194 150 166 60 4 36 127 170 104 105 172 91 164 39 25
155 59 51 161 177 3 129 121 172 180 183 94 7 103 16 26 72 78 14 104 13 39 160 176 144 130 52 69 167 162 75 157 142 21 24 61 64 181 70 86 101 23 17 193 28 4 166 45 124 55 123 67 179 31 120 171 110 96 168 111 150 40 92 66 122 82 87 81 83 153 98 95 8 38 34 145 93 85 165 184 1 33 182 185 29 27 158 5 20 106 147 138 143 84 73 91 56 68 41 113
187 125 109 77 186 182 93 6 19 49 57 137 31 58 146 189 9 51 72 114 99 140 40 192 126 191 86 56 12 183 15 60 4 145 80 122 124 102 167 111 150 68 108 41 76 101 185 158 30 171 52 59 71 22 179 153 169 47 121 23 74 0 134 70 29 131 32 85 11 180 7 78 176 43 105 154 18 155 120 113 36 141 177 160 50 172 24 67 190 163 97 91 194 21 128 148 17 16 136 166
178 26 47 34 147 158 167 95 0 20 9 59 1 60 170 101 39 173 176 189 105 165 143 191 86 139 171 83 135 73 109 62 42 150 7 79 148 82 102 166 12 116 127 129 136 137 163 6 146 179 185 41 11 115 145 113 30 31 25 8 76 44 52 112 138 91 121 21 157 97 107 70 98 100 23 141 195 186 63 75 106 50 29 80 175 87 125 58 118 15 65 156 10 69 22 110 192 144 45 24
173 0 50 69 150 176 131 117 108 115 129 65 25 86 83 96 147 186 177 110 77 122 14 135 15 107 125 166 8 72 34 60 127 169 102 33 21 171 109 29 63 97 190 84 193 26 76 10 142 3 144 6 168 165 53 154 152 28 141 20 27 158 36 119 45 68 155 67 13 153 19 62 175 94 51 159 99 82 74 170 156 71 47 187 124 120 1 174 164 31 37 80 121 73 85 194 111 189 167 30
134 144 105 132 34 89 155 88 26 25 160 193 2 170 10 135 128 138 100 77 14 181 80 122 67 184 92 39 66 27 79 171 137 15 71 22 161 42 131 130 104 133 86 143 32 114 47 62 75 40 74 187 45 0 17 44 94 50 96 124 147 180 21 57 52 150 70 159 109 157 60 29 156 192 64 72 182 78 9 172 3 123 129 108 30 76 106 36 118 179 55 115 33 101 188 63 158 91 82 167
141 56 101 47 122 71 152 162 183 81 77 146 113 45 82 65 178 117 111 29 17 130 172 9 94 76 120 191 168 42 72 179 18 108 59 12 166 70 38 34 80 116 175 86 62 74 131 100 123 27 106 33 55 8 188 85 32 37 13 49 28 169 174 161 192 73 140 165 54 44 19 57 105 109 93 144 118 40 92 26 180 181 126 61 186 6 52 64 63 3 103 25 99 51 89 125 194 23 135 150
192 33 32 47 29 169 86 97 146 127 58 49 160 85 52 137 82 48 91 65 55 54 90 107 73 42 109 30 188 1 64 112 159 28 94 77 18 20 176 2 114 150 78 194 79 37 63 22 13 151 40 76 51 21 67 25 124 131 171 0 99 74 117 15 105 69 140 128 59 164 125 132 172 168 121 165 145 88 62 190 24 134 189 44 3 23 138 19 158 126 68 9 16 110 87 163 193 195 149 191
137 73 148 186 71 96 16 91 42 170 83 172 120 182 64 118 109 180 9 194 87 129 85 162 44 105 40 175 113 31 132 121 156 18 92 35 135 127 183 53 107 58 164 68 50 36 136 54 95 5 20 38 39 143 56 12 161 176 61 103 66 159 37 169 152 76 21 117 181 173 86 22 2 142 90 138 14 15 123 126 145 51 139 67 55 94 177 101 158 157 46 97 27 124 33 79 140 165 150 70
154 189 170 38 44 55 144 88 100 33 111 54 147 152 91 106 104 159 61 184 128 151 26 158 17 78 65 108 103 64 39 157 51 3 121 195 40 75 94 14 5 71 52 11 49 92 80 176 12 140 136 133 30 132 118 181 164 123 105 27 69 179 45 156 124 141 192 174 73 68 60 186 0 42 29 67 146 82 188 153 125 81 116 126 50 117 143 119 130 166 59 10 112 79 169 178 109 25 93 167
134 94 9 98 48 171 143 50 131 195 155 22 85 139 19 115 133 51 10 125 149 178 49 103 37 182 154 88 106 74 114 36 170 57 21 54 150 181 156 187 27 3 127 79 52 185 64 159 140 38 146 7 101 162 35 173 90 180 172 25 128 116 186 14 189 136 108 132 96 177 46 47 129 45 174 92 81 169 6 84 120 43 34 89 160 107 130 193 75 91 104 163 117 144 42 176 112 13 109 153
143 172 189 27 12 114 147 76 107 72 23 167 2 126 4 83 88 75 174 112 105 121 191 149 158 128 194 58 116 146 130 85 50 173 187 183 39 77 31 49 171 69 26 137 10 96 16 157 52 138 168 117 53 74 80 86 176 141 59 1 73 159 192 177 57 109 61 65 188 139 135 127 178 5 82 6 19 179 48 136 28 64 120 36 98 30 165 70 71 113 148 25 45 54 170 102 150 193 166 93
100 77 75 12 152 185 171 39 130 84 145 108 182 37 4 104 187 181 88 90 140 188 68 82 98 186 132 73 162 141 8 153 86 93 43 56 6 11 87 9 46 164 180 124 52 172 10 49 127 129 59 173 55 76 158 114 38 15 174 5 194 179 64 69 30 131 41 123 128 137 80 29 23 144 183 50 149 117 0 119 192 13 25 63 105 138 74 47 195 112 184 110 91 72 120 168 89 146 42 17
86 31 75 183 11 195 178 91 109 22 45 8 36 148 106 59 173 163 35 184 53 187 132 1 122 55 47 159 193 138 179 52 78 160 84 186 171 177 74 172 126 149 39 166 72 37 29 182 77 190 82 20 32 66 90 110 17 174 60 151 176 116 69 25 103 101 98 6 40 137 16 23 5 114 170 0 24 119 108 105 10 123 125 3 65 87 115 26 56 30 61 44 188 99 58 136 104 89 27 64
