9.425
 18.85
 35.475
 57.05
 66.05
 75.075
 91.2
 107.075
 116.925
 139.4
 155.25
 167.15
 176.55
 184.475
 207.6
 229.1
 255.825
 270.825
 279.975
 288.925
 301.2
 314.375
 332.2
 356.1
 371.725
 379.45
 395.45
 405.85
 415.7
 424.875
 448.55
 458.875
 485.925
 503.55
 517.125
 533.1
 542.5
 552.025
 563.15
 574.85
 597.675
 607.1
 616.925
 627.775
 639.125
 664.325
 677.025
 704.7
 715.15
 726.6
 766.875
 778.45
 803.8
 817.9
 826.9
 851.425
 874.325
 886.35
 926.975
 937.125
 949.675
 977.0
 1003.68
 1028.98
 1039.28
 1090.6
 1105.58
 1122.18
 1133.25
 1155.28
 1184.23
 1195.23
 1222.13
 1234.4
 1265.28
 1277.65
 1294.45
 1308.73
 1331.9
 1347.85
 1375.23
 1399.73
 1408.53
 1428.83
 1444.5
 1462.1
 1470.73
 1502.73
 1521.13
 1538.53
 1555.65
 1584.35
 1594.33
 1614.2
 1636.13
 1651.43
 1677.03
 1693.73
 1703.3
 1723.38
 1752.83
 1766.25
 1781.75
 1804.8
 1820.73
 1849.08
 1858.93
 1874.7
 1898.28
 1909.88
 1923.3
 1964.05
 1981.38
 1991.38
 2013.9
 2023.13
 2035.4
 2056.15
 2069.0
 2102.15
 2129.75
 2141.68
 2165.58
 2181.93
 2194.45
 2216.85
 2227.65
 2241.48
 2256.95
 2272.63
 2287.65
 2301.45
 2335.95
 2354.45
 2380.03
 2407.75
 2426.2
 2434.3
 2443.1
 2458.32
 2474.1
 2482.77
 2510.47
 2553.22
 2572.2
 2602.47
 2635.95
 2646.37
 2660.8
 2691.2
 2714.47
 2744.07
 2766.85
 2786.02
 2806.37
 2862.77
 2887.32
 2905.65
 2937.27
 2960.15
 2977.27
 2994.35
 3006.27
 3022.87
 3042.0
 3055.37
 3079.25
 3135.0
 3146.27
 3160.07
 3207.22
 3218.42
 3239.9
 3261.15
 3277.25
 3294.62
 3339.45
 3356.1
 3382.95
 3400.97
 3417.6
 3470.05
 3481.45
 3496.02
 3522.47
 3555.35
 3578.47
 3593.9
 3619.22
 3635.65
 3647.07
 3664.65
 3693.4
 3732.72
 3748.3
 3769.12
 3791.92
 3808.8
 3827.9
 3863.45
 3895.42
 3906.05
 3929.22
 3949.42
 3967.95
 3976.52
 4053.0
 4077.55
 4093.5
 4117.65
 4136.22
 4148.87
 4158.1
 4181.1
 4201.52
 4223.22
 4258.0
 4269.67
 4281.3
 4299.02
 4326.42
 4339.9
 4362.05
 4382.52
 4402.15
 4429.05
 4456.9
 4468.02
 4479.82
 4503.02
 4515.47
 4526.82
 4540.85
 4548.75
 4569.27
 4595.25
 4628.8
 4643.1
 4654.25
 4675.7
 4688.62
 4700.5
 4715.07
 4731.77
 4769.02
 4782.95
 4791.87
 4813.45
 4835.2
 4893.35
 4946.35
 4965.95
 4991.05
 5004.12
 5017.65
 5028.72
 5043.65
 5051.42
 5073.52
 5083.5
 5094.17
 5116.4
 5140.47
 5155.67
 5178.62
 5197.4
 5232.87
 5243.62
 5258.07
 5271.82
 5309.67
 5323.82
 5334.82
 5384.1
 5424.65
 5448.55
 5463.42
 5474.27
 5497.75
 5509.22
 5522.4
 5535.82
 5565.12
 5584.77
 5612.32
 5627.62
 5660.32
 5674.97
 5698.45
 5708.3
 5733.52
 5750.35
 5789.2
 5818.17
 5842.9
 5866.3
 5878.17
 5893.07
 5942.77
 5982.62
 5990.6
 6002.77
 6015.77
 6045.2
 6064.15
 6079.62
 6089.67
 6113.82
 6161.07
 6188.47
 6214.92
 6228.9
 6243.32
 6268.9
 6286.22
 6297.55
 6311.2
 6336.5
 6346.05
 6369.9
 6384.47
 6420.7
 6436.12
 6452.97
 6469.0
 6482.77
 6501.07
 6532.77
 6546.45
 6557.82
 6583.82
 6591.35
 6602.3
 6622.17
 6662.3
 6676.65
 6735.65
 6765.0
 6822.8
 6844.17
 6872.45
 6918.17
 6945.12
 6972.65
 6986.75
 6995.35
 7020.4
 7062.22
 7077.92
 7098.1
 7111.12
 7142.72
 7155.95
 7174.45
 7222.7
 7234.5
 7246.6
 7284.4
 7299.22
 7316.05
 7334.37
 7341.5
 7362.2
 7377.02
 7391.02
 7402.55
 7425.92
 7471.62
 7481.57
 7497.82
 7514.57
 7529.75
 7547.4
 7560.47
 7588.05
 7604.07
 7634.95
 7649.12
 7664.35
 7761.55
 7808.82
 7832.72
 7851.1
 7870.35
 7880.52
 7905.85
 7933.42
 7977.22
 7993.1
 8010.22
 8037.27
 8048.5
 8062.35
 8074.65
 8100.9
 8113.07
 8120.9
 8147.9
 8170.2
 8189.12
 8207.35
 8221.6
 8242.7
 8256.75
 8269.7
 8282.5
 8289.92
 8298.8
 8316.0
 8355.62
 8371.07
 8381.97
 8393.7
 8403.47
 8424.7
 8433.82
 8490.47
 8508.95
 8545.4
 8578.27
 8588.77
 8614.45
 8626.1
 8644.7
 8662.7
 8682.27
 8693.3
 8708.12
 8726.45
 8741.7
 8808.92
 8824.67
 8889.0
 8930.15
 8952.6
 8973.22
 8985.2
 9002.02
 9009.75
 9019.15
 9067.35
 9112.37
 9129.62
 9137.12
 9149.17
 9174.85
 9195.0
 9219.17
 9236.3
 9252.75
 9261.92
 9269.5
 9294.9
 9356.55
 9367.52
 9402.45
 9426.67
 9463.97
 9483.0
 9510.97
 9536.02
 9552.52
 9581.9
 9593.55
 9613.7
 9620.7
 9652.2
 9679.5
 9691.6