9.425
 20.625
 33.9
 42.55
 59.125
 66.625
 75.775
 89.75
 99.7
 107.95
 119.9
 128.875
 139.525
 176.775
 185.675
 202.175
 217.975
 228.725
 236.45
 248.1
 257.0
 266.875
 279.725
 289.225
 304.225
 329.15
 350.05
 361.4
 379.25
 393.75
 405.025
 419.575
 446.4
 458.775
 485.575
 493.15
 517.125
 533.175
 553.6
 563.325
 574.825
 606.875
 616.675
 638.875
 664.575
 679.55
 692.975
 704.75
 726.85
 764.15
 778.05
 792.3
 804.275
 815.475
 851.325
 874.575
 917.85
 927.55
 949.275
 964.375
 979.25
 1003.78
 1029.03
 1039.5
 1050.55
 1065.43
 1083.55
 1111.68
 1123.68
 1142.9
 1155.38
 1176.7
 1191.85
 1234.53
 1246.38
 1265.83
 1308.75
 1348.8
 1375.18
 1399.75
 1408.25
 1420.63
 1443.0
 1461.23
 1470.65
 1481.88
 1520.98
 1534.05
 1544.98
 1555.83
 1579.3
 1594.45
 1616.13
 1636.95
 1652.45
 1666.45
 1679.55
 1694.28
 1724.9
 1764.9
 1781.78
 1862.58
 1898.18
 1923.35
 1936.98
 1969.05
 1985.05
 2013.68
 2023.53
 2043.25
 2056.4
 2068.85
 2090.1
 2102.03
 2129.75
 2169.1
 2194.75
 2217.9
 2227.38
 2244.25
 2264.58
 2287.63
 2301.5
 2335.95
 2380.1
 2407.15
 2434.07
 2458.4
 2474.17
 2482.57
 2510.35
 2553.25
 2567.8
 2578.3
 2602.0
 2633.95
 2646.55
 2691.75
 2715.4
 2744.07
 2766.55
 2786.0
 2799.97
 2886.82
 2901.95
 2931.6
 2974.05
 3006.1
 3042.17
 3058.0
 3070.02
 3079.52
 3129.85
 3146.2
 3159.25
 3186.82
 3207.62
 3218.8
 3251.5
 3281.3
 3297.05
 3315.3
 3336.97
 3373.37
 3383.52
 3417.15
 3444.0
 3469.87
 3497.95
 3522.27
 3555.4
 3572.62
 3616.52
 3647.1
 3663.45
 3699.4
 3719.8
 3769.25
 3783.12
 3794.22
 3822.35
 3841.42
 3866.3
 3883.3
 3893.02
 3905.97
 3929.1
 3976.15
 3989.57
 4024.7
 4044.55
 4052.97
 4079.97
 4094.62
 4136.3
 4180.97
 4201.82
 4222.75
 4258.57
 4283.02
 4314.75
 4326.72
 4338.17
 4361.97
 4378.12
 4390.87
 4402.35
 4428.77
 4445.85
 4468.12
 4479.1
 4503.22
 4515.52
 4539.55
 4565.55
 4629.45
 4643.1
 4670.57
 4688.32
 4696.85
 4717.52
 4745.42
 4758.32
 4769.15
 4783.47
 4803.82
 4816.02
 4825.3
 4870.65
 4905.4
 4973.87
 4987.25
 5003.57
 5028.35
 5042.72
 5051.17
 5061.6
 5084.35
 5103.32
 5118.52
 5147.92
 5155.92
 5163.12
 5178.67
 5196.6
 5232.65
 5243.65
 5259.0
 5272.27
 5309.62
 5329.15
 5342.67
 5384.1
 5400.52
 5425.97
 5448.5
 5473.82
 5487.55
 5497.9
 5509.72
 5522.37
 5535.92
 5563.4
 5577.62
 5584.8
 5611.72
 5664.32
 5676.7
 5698.47
 5767.27
 5794.02
 5805.4
 5818.22
 5865.8
 5893.17
 5942.45
 5977.97
 5990.1
 6015.55
 6033.92
 6046.3
 6063.75
 6083.67
 6101.1
 6113.7
 6146.62
 6160.8
 6185.02
 6229.07
 6244.27
 6286.67
 6297.8
 6311.1
 6325.02
 6347.05
 6370.12
 6384.55
 6436.3
 6450.52
 6475.65
 6482.97
 6505.07
 6517.2
 6559.4
 6622.15
 6662.75
 6676.72
 6692.37
 6737.52
 6765.7
 6871.95
 6906.97
 6918.27
 6933.5
 6945.27
 6972.22
 6988.82
 7059.77
 7078.55
 7101.02
 7130.57
 7142.77
 7156.15
 7176.32
 7198.25
 7234.27
 7247.3
 7279.8
 7302.67
 7317.87
 7331.12
 7341.42
 7362.02
 7372.17
 7402.95
 7429.22
 7471.45
 7482.45
 7501.65
 7509.8
 7529.4
 7547.55
 7560.65
 7590.7
 7604.22
 7617.35
 7649.2
 7664.3
 7744.42
 7761.95
 7788.12
 7809.15
 7849.72
 7869.72
 7894.25
 7905.57
 7933.4
 7948.92
 7978.75
 8010.85
 8048.72
 8060.47
 8074.67
 8090.12
 8101.77
 8113.0
 8147.6
 8170.07
 8221.4
 8305.22
 8315.97
 8371.7
 8382.6
 8393.67
 8414.72
 8424.75
 8433.52
 8491.17
 8545.4
 8578.22
 8615.12
 8626.85
 8647.47
 8682.1
 8693.0
 8742.55
 8809.25
 8888.97
 8930.85
 8952.67
 8973.62
 8996.92
 9009.65
 9057.55
 9082.52
 9103.47
 9111.57
 9136.87
 9149.15
 9175.17
 9184.55
 9219.1
 9270.47
 9294.95
 9356.07
 9365.7
 9403.07
 9417.27
 9426.87
 9467.85
 9480.35
 9488.77
 9507.17
 9535.97
 9552.55
 9621.27
 9636.83
 9653.78
 9679.73