9.425
 22.625
 33.5
 42.475
 52.725
 66.0
 75.675
 92.475
 106.675
 117.7
 128.675
 138.65
 147.3
 170.2
 184.0
 216.525
 226.475
 249.625
 257.2
 267.5
 279.825
 288.975
 303.0
 314.075
 325.3
 345.725
 357.925
 378.0
 395.85
 405.1
 417.025
 425.875
 449.55
 458.55
 490.225
 517.1
 533.8
 554.025
 576.675
 593.9
 607.4
 616.8
 638.575
 664.425
 679.675
 697.025
 705.15
 717.125
 726.85
 738.25
 748.225
 777.55
 787.825
 804.275
 818.825
 851.675
 874.175
 885.525
 896.125
 916.65
 927.375
 936.55
 949.725
 978.6
 998.275
 1029.1
 1039.25
 1050.23
 1083.78
 1102.23
 1112.58
 1123.6
 1150.5
 1187.83
 1205.63
 1231.88
 1254.95
 1265.88
 1278.65
 1297.55
 1331.73
 1341.45
 1367.85
 1375.53
 1390.5
 1404.05
 1430.4
 1444.95
 1465.45
 1484.03
 1534.78
 1555.8
 1567.8
 1589.18
 1607.28
 1642.88
 1662.9
 1703.23
 1728.55
 1753.05
 1765.08
 1782.0
 1795.13
 1835.65
 1898.35
 1912.88
 1937.13
 1954.08
 1968.55
 1985.48
 2008.3
 2018.4
 2031.35
 2052.95
 2072.4
 2102.05
 2122.03
 2153.68
 2188.58
 2215.15
 2227.75
 2256.8
 2265.05
 2275.8
 2309.95
 2336.08
 2364.7
 2417.82
 2438.65
 2458.4
 2471.7
 2497.7
 2510.92
 2529.27
 2554.27
 2567.45
 2578.25
 2596.77
 2614.95
 2624.57
 2635.95
 2647.87
 2659.2
 2691.82
 2714.45
 2735.67
 2744.32
 2765.0
 2777.8
 2819.8
 2863.9
 2897.95
 2970.9
 2979.85
 2992.32
 3005.97
 3020.07
 3042.7
 3052.3
 3111.7
 3127.22
 3146.15
 3160.27
 3169.17
 3208.02
 3219.52
 3232.9
 3251.0
 3293.35
 3302.9
 3329.27
 3348.67
 3383.7
 3411.82
 3437.52
 3469.85
 3482.62
 3498.92
 3515.27
 3535.52
 3555.47
 3597.57
 3615.8
 3647.3
 3664.17
 3685.3
 3705.6
 3720.77
 3758.32
 3788.7
 3820.12
 3829.07
 3842.7
 3863.35
 3872.57
 3888.4
 3906.32
 3918.85
 3929.55
 3941.17
 3976.22
 4004.8
 4042.22
 4055.3
 4077.35
 4115.07
 4136.3
 4170.5
 4181.05
 4201.5
 4215.02
 4228.72
 4244.17
 4264.9
 4287.85
 4308.42
 4319.27
 4333.17
 4376.0
 4402.32
 4420.25
 4429.0
 4441.8
 4453.77
 4468.32
 4492.02
 4514.25
 4525.92
 4566.87
 4577.75
 4597.65
 4619.6
 4629.05
 4642.15
 4655.35
 4669.82
 4688.37
 4729.45
 4769.17
 4783.47
 4803.2
 4813.02
 4821.87
 4860.92
 4886.55
 4905.2
 4918.05
 4950.42
 4981.45
 4990.35
 5003.07
 5016.95
 5028.87
 5043.82
 5084.45
 5118.32
 5153.52
 5163.3
 5176.25
 5185.52
 5221.92
 5232.92
 5309.27
 5327.3
 5369.15
 5384.87
 5402.92
 5415.55
 5427.1
 5457.17
 5490.65
 5509.07
 5520.27
 5550.55
 5559.72
 5579.55
 5589.02
 5652.22
 5662.15
 5673.0
 5692.45
 5712.45
 5754.27
 5821.32
 5842.47
 5861.75
 5893.5
 5905.37
 5915.97
 5938.67
 5957.35
 5978.87
 5988.52
 6002.62
 6015.02
 6052.0
 6064.2
 6080.97
 6112.67
 6125.85
 6139.37
 6153.07
 6161.27
 6189.1
 6253.35
 6283.1
 6293.77
 6311.35
 6324.12
 6363.25
 6384.35
 6405.15
 6413.7
 6437.55
 6454.3
 6466.35
 6482.95
 6498.05
 6533.12
 6548.02
 6557.5
 6590.2
 6618.95
 6631.52
 6640.15
 6675.1
 6689.97
 6705.82
 6737.65
 6765.92
 6807.52
 6816.95
 6840.87
 6869.45
 6897.25
 6910.87
 6932.82
 6942.1
 6963.25
 6987.2
 7025.07
 7037.52
 7065.02
 7110.45
 7128.52
 7142.75
 7194.05
 7212.02
 7226.6
 7248.1
 7256.07
 7284.67
 7296.07
 7309.2
 7319.6
 7328.0
 7337.25
 7369.8
 7383.12
 7425.9
 7438.35
 7455.1
 7464.77
 7481.67
 7500.62
 7521.22
 7570.22
 7628.82
 7684.07
 7707.0
 7727.35
 7736.22
 7788.4
 7804.15
 7851.27
 7894.12
 7905.4
 7931.92
 7948.92
 7978.9
 7991.65
 8010.07
 8027.75
 8087.9
 8113.27
 8132.5
 8141.6
 8148.57
 8172.5
 8182.6
 8191.52
 8203.32
 8216.95
 8234.12
 8316.02
 8330.65
 8360.05
 8370.75
 8391.27
 8404.45
 8424.85
 8434.7
 8453.77
 8465.95
 8475.75
 8491.47
 8546.47
 8578.9
 8587.12
 8613.92
 8643.72
 8668.62
 8682.52
 8717.42
 8730.17
 8762.42
 8822.22
 8841.12
 8852.8
 8894.95
 8942.15
 8952.42
 8995.45
 9018.85
 9041.37
 9080.85
 9137.22
 9149.52
 9159.9
 9199.2
 9209.45
 9237.02
 9268.9
 9287.35
 9337.25
 9348.62
 9378.07
 9403.47
 9418.27
 9438.67
 9467.97
 9481.75
 9489.15
 9508.55
 9520.32
 9551.75
 9583.52
 9593.75
 9603.55
 9615.45
 9632.87
 9641.98
 9672.05