15.225
 26.75
 38.05
 52.25
 64.35
 75.575
 88.275
 99.8
 109.725
 127.6
 146.075
 156.975
 168.075
 178.625
 190.125
 201.025
 215.475
 225.2
 237.825
 248.7
 264.3
 284.35
 295.85
 309.625
 322.625
 333.6
 343.0
 353.75
 365.4
 379.975
 390.875
 409.1
 430.075
 441.2
 450.95
 463.4
 475.075
 484.675
 501.475
 510.65
 520.8
 530.45
 540.9
 550.85
 561.1
 572.1
 592.55
 611.55
 623.175
 656.625
 672.325
 684.35
 693.275
 704.775
 715.05
 725.85
 740.8
 758.5
 787.25
 815.4
 828.1
 839.225
 855.75
 876.025
 894.975
 914.425
 926.65
 938.4
 987.525
 998.075
 1017.18
 1035.95
 1051.63
 1062.03
 1072.03
 1083.08
 1115.55
 1127.75
 1136.03
 1149.25
 1160.93
 1200.25
 1213.65
 1226.5
 1236.78
 1248.9
 1269.03
 1282.18
 1295.4
 1311.43
 1321.6
 1333.43
 1344.8
 1357.33
 1369.05
 1389.55
 1400.65
 1410.13
 1439.2
 1470.65
 1482.93
 1496.9
 1507.45
 1518.08
 1533.53
 1561.1
 1570.63
 1580.45
 1590.8
 1602.4
 1613.1
 1647.78
 1663.05
 1676.7
 1687.5
 1709.88
 1721.63
 1735.0
 1760.33
 1784.53
 1795.9
 1834.15
 1846.98
 1862.75
 1873.33
 1896.05
 1911.15
 1922.3
 1945.73
 1963.1
 1983.8
 2010.3
 2020.2
 2036.73
 2046.73
 2057.18
 2082.28
 2092.45
 2105.28
 2151.68
 2165.58
 2197.38
 2208.98
 2241.65
 2252.68
 2262.35
 2272.7
 2284.85
 2295.6
 2310.63
 2339.5
 2350.3
 2365.68
 2377.85
 2392.13
 2402.9
 2426.12
 2447.52
 2460.4
 2470.1
 2481.47
 2503.4
 2514.27
 2545.47
 2556.92
 2591.4
 2604.25
 2623.7
 2635.9
 2676.52
 2708.4
 2719.45
 2751.02
 2766.32
 2790.57
 2802.12
 2811.72
 2821.02
 2831.75
 2843.7
 2854.6
 2864.25
 2881.97
 2893.32
 2912.15
 2922.2
 2942.87
 2973.2
 2993.9
 3004.12
 3025.05
 3053.55
 3070.07
 3080.45
 3091.55
 3101.9
 3113.22
 3125.65
 3135.85
 3146.05
 3157.4
 3171.15
 3185.47
 3195.17
 3215.77
 3227.4
 3251.7
 3261.55
 3290.32
 3308.75
 3321.95
 3331.77
 3342.37
 3353.87
 3384.52
 3399.35
 3409.35
 3421.55
 3460.57
 3472.27
 3486.92
 3499.0
 3529.1
 3542.75
 3575.22
 3587.9
 3640.92
 3651.45
 3660.9
 3672.7
 3713.8
 3744.8
 3756.35
 3777.12
 3787.52
 3860.17
 3874.8
 3894.97
 3920.72
 3931.15
 3943.85
 3958.05
 3990.6
 4004.07
 4026.75
 4039.57
 4082.7
 4092.5
 4123.02
 4133.47
 4144.6
 4155.0
 4167.65
 4190.35
 4200.02
 4212.85
 4226.1
 4246.45
 4286.95
 4297.27
 4343.82
 4357.7
 4367.95
 4378.37
 4387.7
 4402.6
 4414.62
 4428.35
 4461.07
 4472.7
 4483.77
 4493.62
 4537.15
 4551.7
 4566.25
 4576.57
 4588.85
 4620.65
 4634.35
 4645.1
 4656.3
 4686.77
 4719.2
 4730.72
 4741.3
 4753.65
 4764.82
 4808.02
 4817.6
 4827.25
 4847.75
 4859.15
 4870.42
 4880.52
 4896.52
 4908.92
 4920.12
 4930.85
 4941.62
 4957.22
 4967.0
 4987.37
 5002.32
 5016.1
 5056.05
 5078.0
 5090.4
 5100.02
 5113.5
 5163.52
 5173.67
 5185.72
 5196.4
 5252.77
 5271.8
 5291.12
 5327.37
 5349.8
 5359.3
 5370.12
 5435.5
 5445.12
 5455.8
 5476.72
 5487.07
 5521.57
 5533.0
 5546.37
 5566.87
 5578.47
 5611.32
 5638.3
 5675.85
 5695.3
 5705.4
 5736.75
 5746.52
 5759.02
 5771.2
 5827.57
 5838.95
 5851.22
 5862.27
 5874.42
 5885.7
 5910.87
 5933.1
 5943.42
 5980.92
 5991.15
 6011.5
 6022.67
 6036.65
 6051.25
 6063.62
 6092.75
 6151.45
 6163.9
 6194.1
 6204.9
 6216.35
 6229.67
 6250.62
 6261.07
 6270.65
 6280.3
 6290.85
 6303.37
 6326.15
 6335.92
 6347.22
 6358.2
 6368.4
 6378.05
 6391.52
 6432.57
 6442.7
 6455.82
 6470.85
 6497.65
 6507.4
 6517.0
 6565.32
 6576.97
 6588.22
 6597.95
 6608.0
 6620.45
 6631.05
 6641.9
 6656.12
 6668.02
 6701.57
 6712.75
 6723.17
 6736.15
 6749.1
 6758.62
 6779.97
 6792.7
 6816.75
 6841.57
 6852.72
 6883.0
 6893.17
 6904.9
 6914.67
 6926.35
 6936.92
 6945.42
 6957.37
 7010.22
 7020.55
 7033.62
 7044.3
 7094.85
 7105.15
 7118.65
 7130.97
 7143.3
 7153.07
 7183.15
 7194.25
 7225.8
 7270.8
 7280.95
 7316.57
 7329.17
 7338.97
 7352.42
 7368.0
 7379.47
 7392.47
 7427.47
 7438.05
 7451.7
 7477.9
 7505.25
 7545.42
 7554.92
 7564.72
 7578.3
 7595.45
 7608.62
 7617.7
 7639.95
 7650.92
 7672.4
 7684.1
 7694.3
 7705.85
 7718.67
 7730.22
 7742.42
 7779.7
 7794.3
 7806.07
 7819.67
 7829.52
 7842.3
 7857.67
 7881.67
 7915.12
 7927.05
 7948.27
 7996.6
 8007.95
 8036.25
 8057.02
 8069.5
 8099.37
 8109.4
 8124.25
 8159.02
 8231.82
 8242.85
 8282.47
 8302.55
 8312.05
 8325.05
 8344.12
 8367.8
 8378.77
 8403.7
 8434.2
 8457.77
 8490.5
 8501.0
 8525.8
 8536.67
 8546.07
 8555.77
 8566.05
 8579.97
 8591.97
 8612.82
 8624.3
 8637.72
 8647.37
 8707.65
 8717.42
 8729.82
 8739.65
 8753.5
 8792.12
 8802.2
 8815.45
 8856.5
 8868.4
 8885.07
 8895.07
 8930.32
 8952.1
 8963.75
 8976.2
 8987.87
 8998.45
 9013.47
 9028.05
 9038.22
 9049.55
 9059.02
 9070.17
 9080.65
 9092.55
 9125.62
 9135.95
 9154.15
 9164.77
 9184.95
 9197.95
 9222.15
 9258.95
 9271.57
 9292.85
 9306.1
 9316.95
 9325.97
 9346.17
 9356.97
 9367.25
 9391.4
 9401.22
 9432.75
 9464.6
 9477.5
 9488.42
 9503.25
 9514.27
 9526.72
 9551.42
 9612.5
 9641.08
 9655.88
 9666.18
 9675.68
 9687.23