15.3
 26.325
 45.575
 69.075
 103.275
 123.55
 142.525
 167.875
 188.525
 204.05
 218.025
 228.0
 246.8
 275.375
 300.475
 316.6
 339.25
 356.325
 373.275
 390.3
 408.15
 428.225
 446.975
 463.975
 482.625
 500.075
 524.4
 540.925
 563.425
 584.775
 602.95
 623.125
 640.55
 663.65
 683.725
 700.2
 722.775
 739.825
 767.1
 788.45
 805.6
 823.35
 847.35
 867.375
 887.675
 904.775
 928.875
 946.775
 971.675
 997.525
 1021.33
 1042.8
 1060.5
 1091.83
 1108.43
 1128.15
 1147.2
 1165.98
 1182.63
 1201.95
 1226.25
 1250.83
 1269.55
 1286.28
 1303.55
 1322.88
 1347.35
 1370.08
 1386.83
 1410.55
 1428.75
 1446.4
 1470.93
 1483.18
 1492.43
 1517.15
 1539.9
 1557.98
 1576.08
 1601.5
 1643.93
 1660.98
 1684.1
 1755.08
 1783.45
 1796.9
 1826.33
 1877.28
 1898.85
 1915.7
 1936.55
 1957.13
 1973.68
 1992.03
 2015.18
 2035.6
 2056.13
 2099.68
 2116.3
 2135.0
 2153.98
 2172.85
 2189.6
 2239.98
 2277.88
 2296.35
 2314.0
 2335.55
 2359.68
 2385.68
 2405.68
 2427.42
 2443.77
 2461.32
 2477.52
 2497.85
 2520.82
 2554.82
 2576.15
 2594.32
 2611.97
 2628.35
 2684.05
 2701.62
 2720.57
 2766.05
 2783.77
 2800.67
 2817.7
 2834.82
 2862.02
 2884.95
 2909.72
 2926.17
 2949.4
 2972.65
 2991.65
 3014.22
 3039.67
 3055.0
 3076.07
 3094.0
 3155.02
 3197.02
 3221.32
 3240.67
 3260.15
 3319.72
 3334.77
 3385.42
 3402.22
 3431.77
 3454.45
 3473.65
 3494.42
 3520.1
 3538.3
 3584.45
 3640.77
 3660.52
 3683.47
 3707.27
 3725.6
 3744.25
 3776.35
 3794.5
 3816.67
 3836.02
 3854.3
 3875.55
 3892.65
 3912.77
 3930.9
 3978.87
 3996.07
 4008.1
 4033.62
 4058.85
 4077.87
 4101.55
 4125.77
 4143.42
 4198.37
 4218.87
 4237.4
 4253.32
 4275.22
 4299.35
 4316.8
 4339.4
 4356.42
 4380.85
 4394.75
 4415.77
 4436.75
 4474.27
 4494.17
 4511.47
 4528.22
 4564.8
 4602.82
 4624.9
 4646.05
 4671.0
 4742.27
 4763.05
 4781.02
 4825.77
 4870.3
 4884.62
 4904.42
 4919.57
 4945.75
 4965.47
 4976.37
 4995.27
 5014.17
 5032.02
 5053.9
 5070.97
 5089.7
 5109.2
 5133.7
 5153.55
 5170.4
 5187.52
 5205.1
 5223.65
 5268.85
 5289.85
 5309.1
 5352.82
 5381.47
 5418.9
 5442.65
 5460.8
 5478.87
 5497.32
 5531.25
 5548.3
 5567.27
 5586.0
 5613.92
 5632.17
 5648.32
 5664.67
 5695.95
 5717.65
 5776.67
 5796.15
 5813.67
 5830.65
 5849.15
 5867.82
 5879.87
 5887.55
 5922.35
 5953.47
 5994.1
 6013.2
 6033.85
 6052.57
 6069.35
 6087.52
 6109.3
 6127.17
 6152.32
 6172.2
 6189.35
 6208.35
 6225.95
 6263.37
 6281.2
 6299.25
 6317.67
 6337.07
 6356.42
 6368.37
 6379.82
 6391.45
 6399.77
 6437.17
 6453.02
 6470.97
 6487.62
 6506.25
 6523.8
 6547.85
 6563.77
 6580.97
 6598.3
 6619.87
 6639.47
 6657.02
 6675.55
 6692.62
 6710.7
 6728.37
 6736.42
 6754.17
 6774.72
 6813.4
 6834.8
 6851.9
 6875.45
 6892.27
 6908.97
 6930.02
 6948.57
 6966.5
 6985.82
 7006.57
 7037.5
 7049.4
 7070.8
 7096.37
 7113.2
 7165.2
 7187.17
 7204.22
 7279.65
 7298.6
 7316.52
 7335.72
 7378.5
 7433.6
 7457.17
 7476.2
 7493.65
 7568.27
 7616.0
 7635.87
 7669.72
 7690.25
 7700.9
 7729.1
 7750.3
 7772.45
 7794.82
 7814.47
 7832.9
 7852.07
 7879.32
 7896.17
 7918.72
 7936.15
 7958.52
 7982.47
 7999.52
 8065.8
 8090.62
 8107.87
 8132.05
 8150.57
 8168.37
 8210.32
 8227.32
 8248.0
 8264.35
 8281.9
 8299.72
 8319.75
 8378.75
 8395.57
 8415.5
 8433.25
 8459.95
 8479.92
 8496.87
 8555.97
 8576.42
 8592.97
 8615.97
 8637.25
 8663.35
 8682.85
 8719.77
 8743.25
 8786.37
 8805.67
 8842.65
 8861.47
 8880.8
 8901.47
 8921.85
 8939.37
 8958.77
 8994.55
 9019.7
 9121.95
 9147.12
 9169.1
 9178.97
 9219.92
 9260.5
 9285.17
 9306.07
 9326.25
 9343.62
 9423.95
 9441.5
 9474.82
 9491.3
 9531.4
 9600.15
 9639.15
 9656.08
 9674.65