14.825
 27.775
 38.875
 50.7
 68.825
 82.45
 95.55
 113.8
 125.575
 141.1
 153.2
 174.1
 189.725
 201.125
 216.075
 230.45
 248.375
 260.175
 272.25
 302.625
 315.325
 334.075
 348.875
 364.3
 379.625
 396.575
 409.925
 423.425
 436.675
 451.325
 463.2
 478.575
 499.275
 516.8
 533.025
 553.225
 584.075
 600.1
 616.575
 642.175
 658.625
 669.2
 683.375
 694.825
 715.3
 727.475
 741.975
 756.075
 765.625
 799.075
 813.275
 834.175
 842.8
 873.075
 888.225
 903.275
 922.025
 939.3
 967.7
 986.275
 998.175
 1010.08
 1022.43
 1035.5
 1049.45
 1061.0
 1079.48
 1097.23
 1117.03
 1128.9
 1155.13
 1173.2
 1211.63
 1242.2
 1255.6
 1271.05
 1283.83
 1296.95
 1312.58
 1326.13
 1348.3
 1364.38
 1377.08
 1389.13
 1399.65
 1415.85
 1431.98
 1449.38
 1461.45
 1471.08
 1480.9
 1527.2
 1540.28
 1554.93
 1567.25
 1579.95
 1594.93
 1602.48
 1616.35
 1629.43
 1641.13
 1666.55
 1681.13
 1695.55
 1711.1
 1723.18
 1735.35
 1760.48
 1795.6
 1809.73
 1821.93
 1836.38
 1860.93
 1872.75
 1886.93
 1903.13
 1928.0
 1939.75
 1963.0
 1975.6
 1988.88
 2002.4
 2016.93
 2030.28
 2044.65
 2055.33
 2088.1
 2105.5
 2117.0
 2129.75
 2154.4
 2189.1
 2205.4
 2238.0
 2249.7
 2259.55
 2274.08
 2286.33
 2328.63
 2341.55
 2354.55
 2366.7
 2379.25
 2405.2
 2424.12
 2442.77
 2458.12
 2480.97
 2494.02
 2507.45
 2531.1
 2543.8
 2558.55
 2584.32
 2604.35
 2622.65
 2635.27
 2659.92
 2672.4
 2692.05
 2706.4
 2731.1
 2766.42
 2779.32
 2795.87
 2807.5
 2824.3
 2835.17
 2848.15
 2862.65
 2876.45
 2891.82
 2903.05
 2936.05
 2949.85
 2963.47
 2978.45
 2995.12
 3043.45
 3056.27
 3067.95
 3082.02
 3105.62
 3122.57
 3138.6
 3154.95
 3193.62
 3214.0
 3229.2
 3278.5
 3300.05
 3313.8
 3333.9
 3348.5
 3369.7
 3392.95
 3403.12
 3419.12
 3442.92
 3457.05
 3470.6
 3484.75
 3497.62
 3509.67
 3541.7
 3565.77
 3583.2
 3608.35
 3621.87
 3664.0
 3680.37
 3694.02
 3707.55
 3720.87
 3744.75
 3757.32
 3767.22
 3781.0
 3828.55
 3840.12
 3878.4
 3891.95
 3920.72
 3942.85
 3960.25
 3970.42
 3990.3
 4001.77
 4013.82
 4027.32
 4047.67
 4060.87
 4087.77
 4099.95
 4112.35
 4135.62
 4147.8
 4166.9
 4189.8
 4202.12
 4229.9
 4242.4
 4253.87
 4270.57
 4282.3
 4301.35
 4327.37
 4339.17
 4351.55
 4375.9
 4390.27
 4409.45
 4424.45
 4443.87
 4471.65
 4481.95
 4505.12
 4517.2
 4530.52
 4543.07
 4570.27
 4582.07
 4594.92
 4607.62
 4620.8
 4646.6
 4659.3
 4707.65
 4738.55
 4773.47
 4791.32
 4812.82
 4823.55
 4842.82
 4856.32
 4880.7
 4898.12
 4918.85
 4941.3
 4948.75
 4960.3
 4977.42
 4990.35
 5015.57
 5028.17
 5046.35
 5063.4
 5074.12
 5084.02
 5104.12
 5124.02
 5141.42
 5154.42
 5169.7
 5181.8
 5197.12
 5208.97
 5235.05
 5248.07
 5273.0
 5285.05
 5297.3
 5341.57
 5356.2
 5369.2
 5386.52
 5400.27
 5413.02
 5424.3
 5437.67
 5451.0
 5465.12
 5480.4
 5494.2
 5509.17
 5524.75
 5548.75
 5560.92
 5586.8
 5600.5
 5623.6
 5636.97
 5660.77
 5673.72
 5685.72
 5700.6
 5724.65
 5736.4
 5750.62
 5780.4
 5793.3
 5805.47
 5841.27
 5854.0
 5880.27
 5892.22
 5904.05
 5916.3
 5931.77
 5944.52
 5953.52
 6018.35
 6029.4
 6045.85
 6104.47
 6117.4
 6158.25
 6168.0
 6187.67
 6203.82
 6216.05
 6228.4
 6241.15
 6255.32
 6265.52
 6285.72
 6295.6
 6309.77
 6322.9
 6335.8
 6360.95
 6371.77
 6390.87
 6419.22
 6442.42
 6456.9
 6475.52
 6487.3
 6517.62
 6533.97
 6546.85
 6563.9
 6578.07
 6593.8
 6609.82
 6625.22
 6651.67
 6664.97
 6677.0
 6691.2
 6710.2
 6752.72
 6765.15
 6778.25
 6804.37
 6828.92
 6843.45
 6857.6
 6872.47
 6903.97
 6921.32
 6933.27
 6953.77
 6962.47
 6980.05
 6994.1
 7008.02
 7023.95
 7036.9
 7049.72
 7063.77
 7175.02
 7192.85
 7203.32
 7224.72
 7245.87
 7284.3
 7303.55
 7315.82
 7327.47
 7364.97
 7379.12
 7390.65
 7404.17
 7418.75
 7430.87
 7443.5
 7455.02
 7472.77
 7492.1
 7508.87
 7521.2
 7559.22
 7576.37
 7591.4
 7618.22
 7633.62
 7650.27
 7663.7
 7676.27
 7686.6
 7699.77
 7713.5
 7730.47
 7747.72
 7760.9
 7780.52
 7792.7
 7807.07
 7820.47
 7831.15
 7848.37
 7869.45
 7887.95
 7936.8
 7952.47
 7964.4
 7981.15
 7995.32
 8009.67
 8035.57
 8049.07
 8064.12
 8077.77
 8090.02
 8104.8
 8119.02
 8134.3
 8151.22
 8164.9
 8179.55
 8198.42
 8210.22
 8230.07
 8242.82
 8256.77
 8270.42
 8289.62
 8301.57
 8330.0
 8343.4
 8358.2
 8370.15
 8382.57
 8396.77
 8412.75
 8434.22
 8450.5
 8476.12
 8494.15
 8507.92
 8547.32
 8559.45
 8577.65
 8597.0
 8645.7
 8661.1
 8674.4
 8686.97
 8702.05
 8715.1
 8734.47
 8742.55
 8751.5
 8761.3
 8773.6
 8786.17
 8800.2
 8811.92
 8837.97
 8852.37
 8865.52
 8879.72
 8903.37
 8914.77
 8927.5
 8943.6
 8961.4
 8973.8
 8986.77
 9031.2
 9041.52
 9055.25
 9069.57
 9084.12
 9103.62
 9143.17
 9159.87
 9169.5
 9193.62
 9223.65
 9237.17
 9249.7
 9261.5
 9275.1
 9293.75
 9305.07
 9332.35
 9346.85
 9359.37
 9373.15
 9384.97
 9398.15
 9412.12
 9429.72
 9442.67
 9457.9
 9498.22
 9512.2
 9553.55
 9572.12
 9583.92
 9599.5
 9612.05
 9624.42
 9639.2
 9654.35
 9670.18
 9684.1