16.7
 25.775
 38.475
 51.45
 66.75
 78.35
 99.0
 126.6
 139.225
 158.7
 188.975
 203.1
 217.6
 231.225
 250.175
 291.2
 310.95
 341.2
 355.8
 370.025
 387.875
 403.35
 438.325
 452.875
 477.05
 499.8
 517.3
 538.65
 567.125
 587.8
 613.775
 640.35
 658.25
 670.5
 694.4
 713.85
 727.1
 744.6
 776.4
 805.45
 816.875
 845.15
 860.6
 872.175
 887.1
 903.6
 936.8
 948.8
 965.675
 980.25
 996.375
 1029.4
 1070.48
 1112.83
 1144.03
 1164.53
 1183.43
 1240.93
 1254.93
 1273.23
 1306.13
 1333.18
 1342.88
 1356.83
 1369.7
 1398.58
 1414.03
 1426.58
 1461.88
 1483.0
 1534.48
 1549.6
 1569.25
 1590.28
 1609.85
 1627.3
 1640.23
 1653.6
 1684.6
 1697.68
 1728.83
 1745.63
 1757.93
 1782.3
 1795.23
 1825.13
 1842.4
 1859.55
 1872.63
 1893.93
 1908.75
 1949.6
 1963.83
 1978.13
 2005.43
 2018.53
 2042.38
 2069.7
 2082.23
 2102.5
 2133.85
 2146.9
 2162.63
 2181.5
 2233.33
 2266.63
 2285.2
 2297.68
 2317.63
 2333.23
 2352.95
 2363.25
 2383.05
 2413.38
 2428.37
 2444.52
 2462.9
 2480.42
 2517.97
 2565.9
 2633.37
 2645.97
 2660.37
 2717.22
 2806.82
 2823.32
 2840.02
 2848.65
 2874.12
 2920.82
 2948.42
 2962.35
 2981.55
 2996.37
 3010.07
 3044.25
 3063.22
 3072.6
 3108.62
 3134.0
 3146.87
 3160.25
 3171.47
 3189.12
 3207.82
 3238.32
 3290.85
 3305.25
 3320.05
 3373.45
 3387.47
 3401.57
 3420.0
 3460.57
 3483.5
 3510.97
 3543.5
 3556.05
 3598.3
 3628.52
 3713.32
 3727.67
 3740.82
 3852.0
 3879.22
 3897.55
 3951.6
 3971.6
 4001.62
 4033.72
 4055.15
 4064.1
 4105.87
 4128.82
 4161.1
 4175.15
 4207.4
 4233.37
 4242.9
 4265.12
 4281.82
 4296.82
 4310.72
 4348.6
 4365.8
 4395.05
 4411.9
 4427.07
 4440.15
 4454.2
 4483.05
 4494.57
 4512.62
 4525.52
 4537.47
 4556.75
 4600.27
 4617.05
 4630.37
 4680.27
 4753.02
 4783.22
 4802.47
 4831.7
 4849.07
 4861.7
 4875.92
 4885.27
 4891.8
 4917.7
 4938.32
 4951.92
 4993.67
 5016.32
 5038.57
 5061.25
 5084.45
 5111.65
 5125.25
 5159.25
 5176.3
 5205.17
 5232.35
 5262.15
 5292.42
 5328.62
 5348.07
 5360.9
 5377.25
 5388.12
 5404.45
 5437.8
 5455.47
 5468.65
 5509.2
 5524.52
 5599.17
 5616.15
 5679.32
 5693.42
 5712.62
 5726.45
 5738.2
 5772.0
 5787.92
 5802.87
 5831.9
 5860.87
 5916.62
 5949.05
 5961.7
 5980.27
 6013.37
 6042.52
 6067.6
 6130.97
 6145.4
 6193.42
 6209.37
 6224.52
 6255.52
 6274.65
 6294.02
 6320.67
 6353.6
 6404.5
 6422.8
 6438.27
 6453.35
 6488.1
 6516.92
 6564.12
 6578.17
 6591.77
 6609.7
 6639.7
 6653.22
 6684.17
 6700.9
 6716.77
 6743.37
 6758.8
 6775.5
 6798.0
 6828.15
 6841.32
 6870.42
 6899.45
 6942.22
 6961.2
 6973.45
 6987.52
 7016.82
 7077.7
 7113.8
 7125.92
 7166.05
 7185.87
 7235.55
 7248.3
 7313.42
 7327.45
 7393.12
 7412.32
 7435.52
 7451.42
 7469.3
 7483.27
 7520.9
 7578.05
 7596.15
 7618.1
 7635.7
 7653.7
 7682.65
 7698.82
 7727.2
 7740.12
 7789.45
 7804.17
 7816.27
 7841.52
 7871.57
 7901.67
 7918.8
 7969.82
 7983.02
 8040.97
 8061.12
 8078.15
 8092.57
 8107.32
 8188.52
 8202.7
 8216.9
 8314.4
 8355.15
 8379.7
 8391.3
 8400.45
 8422.52
 8436.6
 8485.0
 8499.17
 8526.67
 8540.97
 8557.4
 8573.25
 8586.42
 8599.52
 8614.1
 8681.35
 8717.87
 8730.52
 8740.87
 8750.8
 8771.32
 8791.52
 8856.02
 8863.35
 8876.1
 8905.9
 8977.57
 8991.15
 9007.42
 9021.22
 9035.25
 9049.42
 9063.72
 9080.65
 9111.25
 9126.32
 9145.55
 9159.2
 9175.05
 9192.42
 9205.82
 9219.92
 9258.2
 9286.52
 9303.6
 9318.6
 9344.05
 9364.7
 9379.8
 9390.45
 9426.75
 9440.22
 9454.42
 9483.05
 9496.8
 9550.1
 9593.67
 9642.55
 9655.28
 9681.48