15.4
 26.575
 37.825
 48.425
 63.825
 76.025
 88.075
 99.475
 110.05
 120.975
 131.45
 145.625
 156.45
 168.9
 178.05
 190.275
 200.475
 214.925
 226.675
 236.975
 248.875
 263.675
 273.575
 284.45
 295.9
 309.9
 321.475
 333.375
 355.025
 365.675
 380.425
 409.3
 430.325
 440.95
 451.225
 463.275
 474.975
 485.05
 494.525
 510.625
 520.65
 530.675
 540.6
 550.1
 561.0
 571.875
 585.4
 598.625
 612.575
 623.025
 632.975
 656.7
 671.2
 682.25
 692.625
 704.05
 715.825
 725.75
 739.325
 749.05
 758.575
 787.5
 799.025
 815.5
 827.875
 839.075
 855.8
 875.875
 892.65
 905.2
 925.9
 937.425
 946.85
 959.9
 973.65
 987.2
 997.1
 1006.78
 1019.88
 1028.83
 1041.55
 1052.23
 1061.65
 1083.05
 1097.05
 1114.43
 1126.53
 1136.3
 1149.18
 1159.98
 1170.9
 1180.48
 1190.65
 1226.18
 1237.03
 1248.78
 1259.6
 1269.3
 1281.8
 1294.95
 1309.93
 1332.8
 1346.18
 1357.28
 1368.13
 1378.65
 1389.4
 1399.98
 1410.08
 1420.25
 1431.0
 1439.48
 1449.0
 1458.8
 1470.53
 1483.7
 1506.88
 1518.15
 1527.73
 1538.63
 1549.08
 1560.63
 1570.53
 1580.65
 1590.63
 1601.98
 1612.88
 1635.18
 1648.45
 1660.25
 1687.33
 1697.93
 1709.83
 1721.2
 1734.6
 1760.18
 1796.03
 1810.7
 1820.58
 1846.95
 1862.73
 1873.23
 1883.73
 1895.93
 1909.78
 1922.1
 1935.98
 1945.9
 1963.33
 1979.1
 1987.1
 1998.18
 2010.13
 2020.13
 2036.8
 2046.58
 2056.93
 2066.58
 2082.25
 2092.03
 2104.75
 2114.03
 2132.63
 2151.65
 2164.8
 2188.0
 2197.53
 2207.63
 2218.68
 2241.45
 2252.58
 2262.0
 2273.15
 2285.35
 2295.1
 2310.43
 2329.18
 2339.25
 2356.08
 2365.78
 2377.68
 2402.63
 2437.07
 2460.42
 2470.32
 2481.15
 2491.6
 2514.0
 2523.82
 2545.42
 2559.82
 2569.65
 2581.77
 2591.3
 2603.85
 2623.8
 2635.87
 2655.62
 2675.95
 2688.37
 2699.7
 2708.75
 2728.8
 2751.0
 2779.07
 2790.42
 2802.07
 2821.1
 2831.7
 2843.62
 2854.37
 2864.07
 2883.0
 2893.22
 2911.97
 2921.95
 2933.55
 2943.0
 2952.77
 2963.6
 2973.62
 2993.82
 3003.6
 3014.32
 3053.3
 3067.6
 3080.7
 3101.52
 3125.65
 3135.35
 3157.4
 3171.22
 3185.65
 3194.92
 3206.45
 3215.82
 3251.5
 3261.4
 3271.12
 3290.35
 3301.82
 3311.52
 3331.7
 3342.77
 3353.87
 3373.75
 3384.32
 3399.27
 3409.1
 3419.82
 3439.85
 3449.95
 3460.55
 3472.05
 3486.75
 3498.65
 3509.52
 3533.35
 3543.4
 3553.7
 3575.35
 3587.7
 3609.57
 3621.37
 3640.77
 3660.62
 3677.2
 3690.52
 3703.95
 3713.87
 3724.05
 3744.95
 3756.32
 3767.72
 3777.3
 3787.07
 3800.12
 3832.5
 3860.2
 3874.57
 3885.65
 3910.65
 3920.97
 3943.25
 3958.02
 3969.6
 3979.45
 3990.4
 4004.02
 4026.52
 4039.42
 4049.2
 4058.52
 4073.22
 4092.12
 4112.25
 4133.0
 4144.52
 4154.8
 4167.55
 4190.45
 4200.27
 4208.72
 4226.0
 4250.85
 4274.12
 4286.55
 4309.3
 4321.37
 4343.77
 4357.52
 4377.92
 4387.75
 4414.55
 4428.12
 4441.52
 4461.37
 4482.72
 4516.27
 4527.25
 4537.0
 4551.6
 4566.35
 4587.92
 4610.62
 4620.9
 4645.07
 4655.3
 4666.55
 4676.72
 4686.72
 4698.15
 4709.6
 4730.52
 4741.35
 4764.5
 4775.67
 4796.22
 4808.02
 4817.5
 4827.25
 4836.55
 4859.05
 4871.55
 4880.8
 4895.62
 4920.17
 4941.6
 4957.27
 4967.05
 4976.8
 4987.8
 5016.1
 5066.4
 5090.32
 5113.42
 5125.85
 5141.6
 5152.97
 5173.37
 5185.32
 5196.42
 5205.97
 5219.02
 5229.2
 5238.7
 5251.52
 5271.4
 5281.12
 5291.02
 5301.3
 5336.85
 5349.82
 5368.75
 5380.82
 5402.35
 5415.32
 5425.25
 5435.67
 5455.65
 5476.7
 5486.35
 5498.55
 5521.45
 5544.85
 5556.42
 5566.9
 5578.62
 5588.4
 5599.67
 5638.15
 5658.35
 5675.32
 5685.42
 5704.8
 5736.15
 5746.25
 5758.67
 5770.82
 5781.0
 5791.62
 5805.1
 5827.5
 5838.95
 5849.6
 5874.32
 5886.0
 5901.32
 5910.97
 5920.4
 5933.17
 5942.95
 5958.52
 5970.4
 5980.8
 6022.65
 6036.25
 6051.12
 6063.42
 6105.07
 6115.87
 6140.25
 6152.0
 6163.67
 6174.02
 6185.05
 6215.8
 6227.62
 6238.42
 6251.07
 6260.92
 6270.5
 6290.67
 6303.82
 6312.87
 6326.15
 6336.07
 6358.07
 6368.4
 6378.02
 6390.07
 6409.15
 6419.7
 6442.6
 6455.65
 6470.77
 6487.7
 6497.72
 6508.22
 6517.17
 6528.17
 6553.3
 6565.37
 6576.37
 6597.77
 6608.85
 6630.97
 6641.77
 6656.0
 6678.52
 6689.12
 6701.52
 6712.77
 6736.17
 6749.07
 6768.95
 6779.95
 6803.17
 6815.87
 6825.47
 6841.57
 6852.85
 6863.77
 6873.37
 6883.05
 6904.9
 6926.22
 6935.8
 6957.22
 6976.35
 6989.07
 7000.1
 7010.25
 7033.4
 7044.12
 7057.12
 7085.4
 7104.72
 7118.17
 7131.02
 7152.82
 7173.65
 7183.2
 7193.9
 7204.37
 7215.05
 7225.75
 7245.02
 7260.57
 7280.57
 7292.47
 7301.47
 7316.32
 7328.8
 7367.87
 7379.32
 7391.65
 7405.12
 7417.6
 7427.42
 7437.92
 7451.55
 7467.82
 7478.0
 7487.4
 7505.45
 7514.45
 7524.75
 7545.17
 7554.97
 7564.72
 7578.2
 7595.1
 7608.27
 7617.6
 7628.42
 7650.52
 7660.15
 7672.45
 7683.92
 7694.25
 7705.65
 7718.22
 7729.8
 7744.37
 7758.82
 7770.22
 7779.67
 7805.77
 7819.6
 7829.2
 7842.5
 7857.72
 7871.07
 7881.62
 7891.45
 7915.17
 7926.42
 7948.27
 7961.35
 7986.45
 7996.65
 8007.17
 8016.9
 8036.22
 8046.8
 8057.05
 8068.67
 8080.3
 8089.92
 8099.27
 8109.35
 8124.35
 8138.97
 8149.25
 8158.52
 8178.22
 8193.65
 8206.3
 8221.55
 8231.87
 8242.35
 8251.95
 8263.25
 8282.25
 8292.17
 8302.35
 8324.8
 8334.1
 8344.2
 8356.72
 8367.77
 8378.6
 8388.97
 8413.17
 8423.77
 8434.15
 8446.42
 8457.85
 8467.72
 8490.47
 8499.97
 8510.95
 8525.07
 8545.95
 8555.8
 8566.0
 8580.05
 8591.1
 8601.9
 8623.85
 8638.4
 8647.37
 8664.3
 8674.35
 8687.17
 8697.77
 8717.32
 8729.77
 8739.57
 8753.47
 8768.2
 8791.1
 8805.05
 8815.27
 8835.37
 8846.67
 8856.52
 8868.25
 8885.07
 8894.77
 8906.0
 8920.1
 8930.35
 8939.97
 8976.17
 8987.77
 9027.92
 9038.12
 9049.52
 9059.0
 9080.4
 9091.07
 9102.4
 9125.62
 9135.42
 9154.02
 9164.47
 9175.12
 9185.3
 9197.82
 9211.67
 9222.02
 9231.37
 9247.32
 9258.92
 9271.45
 9292.37
 9305.9
 9316.35
 9326.25
 9346.2
 9356.8
 9366.62
 9379.95
 9400.85
 9412.05
 9422.77
 9432.82
 9442.9
 9453.35
 9464.55
 9477.4
 9503.02
 9514.32
 9527.12
 9551.35
 9564.92
 9578.12
 9589.32
 9602.35
 9612.57
 9622.1
 9631.45
 9641.18
 9655.8
 9675.65
 9686.9