7.725
 33.65
 64.075
 96.65
 118.025
 144.725
 174.65
 205.725
 233.55
 254.725
 277.725
 302.525
 334.95
 359.25
 379.65
 402.95
 422.975
 447.975
 468.85
 492.65
 515.325
 540.05
 561.3
 591.925
 614.675
 636.9
 662.475
 682.825
 702.875
 718.05
 725.275
 750.35
 776.225
 783.725
 802.4
 824.9
 833.1
 849.525
 866.425
 872.85
 892.675
 901.025
 925.1
 935.725
 947.5
 979.625
 999.55
 1027.18
 1050.53
 1081.5
 1109.9
 1130.5
 1153.6
 1173.93
 1203.45
 1232.5
 1263.23
 1284.2
 1309.7
 1329.75
 1352.83
 1373.35
 1406.23
 1448.15
 1468.15
 1489.33
 1518.88
 1542.73
 1569.68
 1592.6
 1618.48
 1640.85
 1677.1
 1701.93
 1726.85
 1741.05
 1750.95
 1780.23
 1786.9
 1802.73
 1819.55
 1847.03
 1860.08
 1868.3
 1894.33
 1920.68
 1944.33
 1967.38
 1985.68
 2012.15
 2033.38
 2054.35
 2074.75
 2100.23
 2127.98
 2158.6
 2186.15
 2216.1
 2242.3
 2262.7
 2285.88
 2307.3
 2334.8
 2385.05
 2405.43
 2435.42
 2456.65
 2480.52
 2508.75
 2551.35
 2576.42
 2600.45
 2622.97
 2644.25
 2666.45
 2689.32
 2712.6
 2722.47
 2742.37
 2757.8
 2764.32
 2784.12
 2804.65
 2817.77
 2841.3
 2862.87
 2880.2
 2905.07
 2916.45
 2935.67
 2958.05
 2978.12
 2992.32
 3004.45
 3030.85
 3056.1
 3077.8
 3113.1
 3133.32
 3171.9
 3193.5
 3216.85
 3249.7
 3280.3
 3305.22
 3330.02
 3361.35
 3381.62
 3401.65
 3435.55
 3467.95
 3500.37
 3520.5
 3553.52
 3578.7
 3601.57
 3623.5
 3645.37
 3669.92
 3691.37
 3703.42
 3718.72
 3735.65
 3767.52
 3774.77
 3792.4
 3812.02
 3839.67
 3850.2
 3870.45
 3883.97
 3904.27
 3916.57
 3927.3
 3948.57
 3955.57
 3974.25
 3988.52
 4004.62
 4025.9
 4051.17
 4080.9
 4100.95
 4134.27
 4155.72
 4179.27
 4199.9
 4226.1
 4246.37
 4266.62
 4289.1
 4317.4
 4338.17
 4360.02
 4380.65
 4405.2
 4427.37
 4455.17
 4477.2
 4501.32
 4523.85
 4546.55
 4572.62
 4595.25
 4627.2
 4652.35
 4673.8
 4699.72
 4721.02
 4734.75
 4742.62
 4767.3
 4789.62
 4814.25
 4843.57
 4874.07
 4883.8
 4903.17
 4923.57
 4932.17
 4948.65
 4971.32
 5002.05
 5026.92
 5048.6
 5070.85
 5105.55
 5128.2
 5153.8
 5177.02
 5199.52
 5231.0
 5255.92
 5278.95
 5307.77
 5332.67
 5356.15
 5382.37
 5403.67
 5424.97
 5446.45
 5474.9
 5496.05
 5520.57
 5543.15
 5563.45
 5594.55
 5629.5
 5650.52
 5674.97
 5696.7
 5718.42
 5735.75
 5741.92
 5765.5
 5792.27
 5806.2
 5816.5
 5843.87
 5864.1
 5880.77
 5891.57
 5912.87
 5940.62
 5960.17
 5988.57
 6014.1
 6035.65
 6062.12
 6087.4
 6111.92
 6137.37
 6159.3
 6187.05
 6227.05
 6249.85
 6270.32
 6295.62
 6323.12
 6347.4
 6368.0
 6390.3
 6411.62
 6434.35
 6455.95
 6481.02
 6503.35
 6531.07
 6557.72
 6589.1
 6620.22
 6640.75
 6660.8
 6690.72
 6707.5
 6735.92
 6744.67
 6763.95
 6780.25
 6820.05
 6827.37
 6848.2
 6870.82
 6887.07
 6894.75
 6916.22
 6928.47
 6943.52
 6970.3
 6987.82
 6994.1
 7013.75
 7037.3
 7057.3
 7078.25
 7099.25
 7133.02
 7154.37
 7180.0
 7209.42
 7232.25
 7254.12
 7282.52
 7317.52
 7339.42
 7375.3
 7400.47
 7427.4
 7448.87
 7469.72
 7490.07
 7531.6
 7558.55
 7580.22
 7602.15
 7622.52
 7647.37
 7669.75
 7691.4
 7710.17
 7733.87
 7759.87
 7772.2
 7786.52
 7806.65
 7831.02
 7851.87
 7872.6
 7878.92
 7903.57
 7910.77
 7931.75
 7954.77
 7977.12
 7992.75
 8001.62
 8025.55
 8046.72
 8072.42
 8098.72
 8118.82
 8150.87
 8171.9
 8192.1
 8219.67
 8240.82
 8267.77
 8287.85
 8314.37
 8346.02
 8369.72
 8391.67
 8412.32
 8432.77
 8455.52
 8477.27
 8499.07
 8522.7
 8543.3
 8565.75
 8593.35
 8625.07
 8645.9
 8666.75
 8691.25
 8716.35
 8740.92
 8750.47
 8766.4
 8787.15
 8797.45
 8807.35
 8829.8
 8838.52
 8858.5
 8868.67
 8886.97
 8906.52
 8929.15
 8940.27
 8950.67
 8971.32
 8994.97
 9017.22
 9039.05
 9064.57
 9088.75
 9110.85
 9135.22
 9173.07
 9196.8
 9217.4
 9239.7
 9267.45
 9293.3
 9320.82
 9354.32
 9380.17
 9401.47
 9424.57
 9444.95
 9465.92
 9487.0
 9510.25
 9533.95
 9555.07
 9579.27
 9601.05
 9622.85
 9652.18
 9677.73
 9699.5