11.0
 51.75
 99.925
 148.0
 205.1
 256.0
 305.225
 339.075
 396.825
 439.4
 485.675
 518.75
 564.6
 628.125
 687.425
 753.95
 779.75
 810.225
 829.35
 876.425
 904.7
 950.575
 991.15
 1030.48
 1064.75
 1073.65
 1113.43
 1177.3
 1223.83
 1267.88
 1325.88
 1340.1
 1377.95
 1451.95
 1466.0
 1498.68
 1566.25
 1596.2
 1653.58
 1713.53
 1783.5
 1823.28
 1864.43
 1896.1
 1919.73
 1939.33
 1962.15
 2007.25
 2077.5
 2127.48
 2157.8
 2184.58
 2211.6
 2262.9
 2311.35
 2327.68
 2430.6
 2446.97
 2459.9
 2500.27
 2539.8
 2566.2
 2604.5
 2647.2
 2708.22
 2731.35
 2762.9
 2803.65
 2821.57
 2839.52
 2866.42
 2930.97
 2974.95
 3017.92
 3107.45
 3133.75
 3150.3
 3197.22
 3220.45
 3262.22
 3357.62
 3434.55
 3490.27
 3523.75
 3574.8
 3623.57
 3666.2
 3723.22
 3767.62
 3841.25
 3855.35
 3878.82
 3896.15
 3930.67
 3977.25
 3993.62
 4023.25
 4037.2
 4065.9
 4107.57
 4218.42
 4363.32
 4458.85
 4518.07
 4598.57
 4630.92
 4681.55
 4745.92
 4785.75
 4795.12
 4846.55
 4907.52
 4927.12
 4976.17
 4984.02
 5017.7
 5049.8
 5075.72
 5142.1
 5197.2
 5234.67
 5306.75
 5375.47
 5404.82
 5421.75
 5450.05
 5488.52
 5549.32
 5662.1
 5795.77
 5815.72
 5844.97
 5932.15
 5946.0
 5976.75
 6015.97
 6036.2
 6115.02
 6131.05
 6178.25
 6220.07
 6273.65
 6392.6
 6472.27
 6498.25
 6546.45
 6603.25
 6626.42
 6653.6
 6695.0
 6738.7
 6767.97
 6798.6
 6831.37
 6887.05
 6921.27
 6983.12
 7052.72
 7079.27
 7101.82
 7157.62
 7190.32
 7259.57
 7301.8
 7332.97
 7381.82
 7412.37
 7511.05
 7559.27
 7618.6
 7651.47
 7702.62
 7754.62
 7810.2
 7848.25
 7896.57
 7935.6
 7996.07
 8025.05
 8076.05
 8137.12
 8202.82
 8245.1
 8338.75
 8415.82
 8436.57
 8464.37
 8527.65
 8535.4
 8569.12
 8627.65
 8672.92
 8703.22
 8716.25
 8768.27
 8789.15
 8811.25
 8873.62
 8988.72
 9085.92
 9170.37
 9212.12
 9254.9
 9286.25
 9346.92
 9393.22
 9452.5
 9476.7
 9537.85
 9605.0
 9619.75
 9675.85