11.0
 29.025
 52.2
 100.55
 128.9
 149.0
 173.0
 203.1
 230.725
 254.525
 305.1
 330.275
 350.45
 391.25
 426.6
 440.15
 486.0
 518.65
 628.325
 706.325
 740.8
 754.55
 779.3
 829.875
 874.2
 907.75
 921.975
 951.375
 991.425
 1030.83
 1073.53
 1094.38
 1113.95
 1140.08
 1152.7
 1177.58
 1214.13
 1236.5
 1268.4
 1297.18
 1361.63
 1380.08
 1391.63
 1452.0
 1499.03
 1536.8
 1555.8
 1574.1
 1596.53
 1631.28
 1653.75
 1668.38
 1712.85
 1783.9
 1817.03
 1864.48
 1898.75
 1925.28
 1959.38
 1989.58
 2007.6
 2127.68
 2154.48
 2184.8
 2211.55
 2260.68
 2289.68
 2325.93
 2366.23
 2401.65
 2430.82
 2459.8
 2523.42
 2566.47
 2605.12
 2622.7
 2647.25
 2731.62
 2764.82
 2800.37
 2821.6
 2851.87
 2867.95
 2884.12
 2924.75
 2975.15
 3010.62
 3107.52
 3134.02
 3197.42
 3241.35
 3316.77
 3489.55
 3523.95
 3575.4
 3604.6
 3624.1
 3639.47
 3723.45
 3747.92
 3768.6
 3841.42
 3854.32
 3879.2
 3894.27
 3910.0
 3930.92
 3945.3
 3978.17
 3991.8
 4044.7
 4066.42
 4107.87
 4171.77
 4183.57
 4219.22
 4230.3
 4291.02
 4318.92
 4341.1
 4363.72
 4417.45
 4458.62
 4499.32
 4518.47
 4562.65
 4598.85
 4612.72
 4631.2
 4645.77
 4681.85
 4715.77
 4746.27
 4760.95
 4795.07
 4809.77
 4846.87
 4897.97
 4928.02
 4939.65
 4966.5
 4976.65
 5049.8
 5067.6
 5076.57
 5139.4
 5152.45
 5197.82
 5235.05
 5273.72
 5307.0
 5375.87
 5405.05
 5464.4
 5488.75
 5522.55
 5549.62
 5586.9
 5611.5
 5662.2
 5690.55
 5736.92
 5778.0
 5795.55
 5814.52
 5845.52
 5919.65
 5944.62
 5992.75
 6004.32
 6049.75
 6066.85
 6105.37
 6115.65
 6180.12
 6312.07
 6360.75
 6382.75
 6421.72
 6498.55
 6546.3
 6653.95
 6679.7
 6691.87
 6729.67
 6767.9
 6795.25
 6831.35
 6859.92
 6947.82
 6983.32
 7011.12
 7052.2
 7101.92
 7157.82
 7187.32
 7286.07
 7320.0
 7382.4
 7412.87
 7485.87
 7511.4
 7559.72
 7605.85
 7651.1
 7667.0
 7720.22
 7732.45
 7755.17
 7787.32
 7810.72
 7848.52
 7896.67
 7935.22
 7996.27
 8025.3
 8076.17
 8104.9
 8137.05
 8203.35
 8245.32
 8284.97
 8393.37
 8416.37
 8436.1
 8464.87
 8524.55
 8535.5
 8569.32
 8627.75
 8672.4
 8704.47
 8716.3
 8733.62
 8768.67
 8882.15
 8924.52
 8975.42
 8988.8
 9086.27
 9115.85
 9127.8
 9170.6
 9189.77
 9212.62
 9223.37
 9254.95
 9286.32
 9346.6
 9357.82
 9393.2
 9452.7
 9477.02
 9605.27
 9640.9
 9670.3