11.0
 29.375
 85.8
 129.5
 176.1
 203.45
 219.675
 230.775
 255.0
 275.35
 305.425
 319.675
 392.125
 407.675
 426.975
 439.85
 486.25
 507.725
 519.5
 548.65
 595.85
 615.3
 638.25
 657.525
 706.4
 718.1
 742.85
 757.825
 779.35
 828.75
 865.375
 876.9
 905.4
 951.125
 989.575
 1001.3
 1051.33
 1086.3
 1113.65
 1140.18
 1175.23
 1214.53
 1236.35
 1258.15
 1297.43
 1325.23
 1378.15
 1392.05
 1433.2
 1483.48
 1502.93
 1525.85
 1555.95
 1570.03
 1596.9
 1618.2
 1668.7
 1694.75
 1712.55
 1748.33
 1784.3
 1799.1
 1849.63
 1885.6
 1899.38
 1925.53
 1941.95
 1960.13
 1980.25
 2004.55
 2030.3
 2045.78
 2098.13
 2145.45
 2208.65
 2253.53
 2288.65
 2325.83
 2366.03
 2401.68
 2444.72
 2460.15
 2533.7
 2568.7
 2604.7
 2622.97
 2635.57
 2648.07
 2693.37
 2737.7
 2762.35
 2799.87
 2821.6
 2864.5
 2884.17
 2919.9
 2962.15
 3045.32
 3121.9
 3137.32
 3232.0
 3278.42
 3301.97
 3367.22
 3432.97
 3459.8
 3524.52
 3541.6
 3622.92
 3639.75
 3707.42
 3734.95
 3747.85
 3784.57
 3830.57
 3843.02
 3880.07
 3895.17
 3922.12
 3945.37
 3962.57
 3990.87
 4029.65
 4044.32
 4072.42
 4137.77
 4173.57
 4193.27
 4230.27
 4244.27
 4284.55
 4329.55
 4341.45
 4377.72
 4417.92
 4445.75
 4469.9
 4485.3
 4529.07
 4557.55
 4611.95
 4645.97
 4716.87
 4756.32
 4809.67
 4845.1
 4857.02
 4897.92
 4939.42
 4966.87
 5018.37
 5101.22
 5139.27
 5153.47
 5199.17
 5235.75
 5273.22
 5295.05
 5328.02
 5358.65
 5415.15
 5441.3
 5454.12
 5465.75
 5511.47
 5522.75
 5551.57
 5572.9
 5587.92
 5612.27
 5639.47
 5650.5
 5688.47
 5723.57
 5737.62
 5781.67
 5814.95
 5831.05
 5866.7
 5880.52
 5907.45
 5934.15
 5971.75
 6047.67
 6064.77
 6093.12
 6148.1
 6189.97
 6230.27
 6287.7
 6315.25
 6360.4
 6410.82
 6422.85
 6472.75
 6507.22
 6534.72
 6547.57
 6581.52
 6627.8
 6678.8
 6693.07
 6725.67
 6767.8
 6796.05
 6845.37
 6860.27
 6890.35
 6923.55
 6948.12
 6982.57
 7009.95
 7052.32
 7080.12
 7113.67
 7159.75
 7186.82
 7196.22
 7226.9
 7240.8
 7286.1
 7305.9
 7320.57
 7353.3
 7420.97
 7473.92
 7486.4
 7510.6
 7547.37
 7562.07
 7605.67
 7636.82
 7650.92
 7678.85
 7720.05
 7732.1
 7775.65
 7809.65
 7851.25
 7871.17
 7907.75
 7934.92
 7966.25
 7981.67
 7997.4
 8026.3
 8037.85
 8106.75
 8136.32
 8166.97
 8210.9
 8259.32
 8303.62
 8332.42
 8358.15
 8393.85
 8435.87
 8466.77
 8509.92
 8524.85
 8538.77
 8616.8
 8647.8
 8658.27
 8704.05
 8733.12
 8788.5
 8881.27
 8925.82
 8963.67
 9033.02
 9071.37
 9099.92
 9127.75
 9223.0
 9239.27
 9295.7
 9347.0
 9375.1
 9458.05
 9474.47
 9555.9
 9574.6
 9586.62
 9626.22
 9641.03
 9687.23