11.0
 41.3
 93.075
 112.875
 130.5
 158.55
 176.45
 218.525
 230.475
 275.3
 319.8
 330.3
 350.55
 381.625
 400.925
 427.0
 439.375
 486.4
 507.825
 519.4
 549.1
 596.025
 615.875
 640.925
 668.2
 706.55
 717.225
 743.675
 757.325
 779.7
 802.125
 838.575
 865.275
 877.05
 904.85
 951.575
 1024.88
 1051.35
 1114.03
 1140.83
 1179.25
 1207.73
 1236.9
 1258.0
 1297.83
 1333.98
 1378.58
 1394.55
 1425.45
 1473.48
 1484.25
 1524.15
 1569.83
 1597.45
 1618.2
 1638.3
 1712.68
 1725.1
 1783.93
 1799.13
 1817.7
 1864.75
 1889.43
 1940.43
 2001.78
 2089.55
 2104.03
 2156.2
 2217.48
 2259.13
 2289.68
 2339.23
 2367.1
 2432.37
 2445.05
 2460.42
 2533.5
 2568.67
 2604.67
 2648.2
 2693.12
 2713.67
 2737.57
 2747.7
 2765.0
 2799.9
 2822.47
 2838.32
 2884.07
 2925.4
 2966.07
 2981.62
 3045.17
 3122.4
 3136.62
 3186.27
 3231.7
 3301.95
 3318.17
 3366.85
 3433.05
 3459.85
 3556.87
 3589.47
 3622.95
 3640.32
 3690.97
 3734.87
 3784.82
 3830.4
 3854.05
 3880.07
 3894.72
 3920.52
 3962.47
 3991.5
 4069.67
 4103.55
 4138.0
 4171.45
 4220.12
 4231.02
 4244.3
 4282.67
 4331.25
 4342.57
 4361.77
 4377.82
 4418.42
 4445.8
 4484.9
 4518.7
 4557.75
 4584.77
 4611.85
 4646.47
 4777.1
 4809.5
 4852.32
 4888.37
 4900.3
 4939.55
 4974.12
 5018.35
 5060.65
 5091.85
 5106.3
 5142.7
 5199.02
 5216.6
 5235.67
 5274.87
 5358.6
 5385.85
 5405.12
 5453.87
 5481.55
 5512.55
 5524.95
 5551.47
 5587.02
 5611.65
 5639.62
 5658.4
 5688.2
 5726.9
 5770.17
 5782.47
 5814.1
 5831.35
 5866.35
 5880.55
 5906.9
 5934.1
 5951.47
 5992.92
 6038.37
 6047.77
 6093.1
 6129.2
 6146.97
 6181.85
 6230.32
 6271.42
 6287.42
 6312.6
 6325.3
 6363.0
 6401.57
 6411.3
 6453.15
 6507.15
 6549.2
 6678.67
 6692.27
 6711.6
 6755.82
 6770.07
 6796.67
 6845.52
 6860.3
 6890.72
 6947.92
 6983.55
 7010.25
 7052.3
 7145.15
 7186.57
 7196.45
 7226.77
 7273.3
 7286.47
 7305.9
 7329.65
 7343.4
 7371.65
 7420.92
 7449.75
 7486.65
 7510.82
 7546.67
 7562.05
 7593.8
 7637.2
 7679.0
 7731.67
 7809.9
 7843.82
 7871.02
 7897.72
 7966.3
 7996.97
 8031.6
 8105.22
 8136.22
 8208.95
 8232.27
 8259.47
 8284.72
 8303.75
 8332.45
 8348.95
 8369.95
 8393.75
 8420.17
 8436.17
 8466.85
 8509.9
 8525.87
 8539.85
 8569.52
 8607.72
 8703.82
 8724.07
 8788.4
 8881.32
 8923.77
 8963.67
 9033.32
 9105.67
 9128.07
 9214.97
 9239.05
 9294.15
 9357.2
 9375.57
 9406.0
 9438.97
 9457.65
 9474.47
 9510.17
 9554.9
 9587.02
 9622.62
 9641.05
 9657.05
 9674.78