11.0
 30.45
 49.15
 69.875
 92.825
 109.025
 148.575
 214.75
 230.275
 277.5
 305.85
 320.125
 339.3
 378.95
 392.1
 410.75
 440.55
 480.825
 518.825
 597.275
 620.95
 642.8
 687.725
 729.475
 754.5
 779.4
 807.3
 864.9
 879.875
 905.375
 949.775
 999.1
 1031.18
 1062.8
 1076.45
 1110.55
 1140.88
 1167.75
 1225.55
 1237.8
 1270.68
 1324.53
 1373.03
 1435.0
 1464.48
 1499.6
 1580.2
 1596.8
 1640.43
 1663.8
 1694.7
 1712.8
 1748.2
 1783.53
 1823.0
 1884.65
 1896.15
 1925.8
 1939.1
 1963.53
 1980.4
 1994.3
 2008.98
 2030.5
 2058.58
 2103.25
 2128.18
 2156.63
 2185.43
 2219.4
 2262.43
 2326.9
 2367.4
 2399.65
 2431.15
 2445.92
 2460.25
 2499.7
 2523.62
 2539.5
 2566.9
 2596.7
 2636.67
 2647.82
 2675.65
 2703.87
 2732.45
 2747.35
 2761.67
 2802.92
 2820.6
 2838.75
 2884.57
 2920.07
 2932.95
 2975.9
 3009.57
 3034.65
 3094.6
 3134.32
 3149.42
 3174.77
 3199.72
 3243.05
 3262.12
 3333.87
 3361.77
 3433.42
 3479.67
 3523.17
 3569.85
 3587.35
 3623.17
 3661.05
 3723.95
 3747.15
 3796.5
 3815.82
 3841.82
 3854.2
 3895.1
 3921.52
 3977.87
 3992.1
 4035.67
 4066.85
 4080.27
 4128.3
 4165.52
 4200.62
 4219.32
 4256.65
 4320.77
 4342.42
 4359.1
 4419.85
 4456.8
 4500.17
 4514.05
 4563.2
 4584.97
 4600.77
 4631.67
 4733.6
 4783.32
 4796.35
 4856.25
 4898.1
 4927.82
 4940.57
 4975.67
 5016.12
 5050.4
 5079.3
 5110.8
 5137.32
 5173.87
 5198.35
 5207.9
 5235.95
 5260.85
 5276.02
 5307.87
 5357.57
 5376.52
 5405.6
 5420.87
 5441.5
 5463.57
 5489.2
 5512.1
 5523.52
 5550.2
 5649.4
 5663.17
 5696.72
 5723.75
 5757.92
 5781.92
 5796.32
 5815.07
 5866.72
 5888.82
 5906.92
 5944.87
 5975.0
 6018.65
 6035.8
 6090.32
 6115.95
 6129.12
 6147.7
 6174.65
 6245.15
 6326.6
 6396.5
 6412.65
 6499.47
 6534.95
 6548.25
 6642.07
 6677.72
 6724.17
 6737.92
 6767.9
 6797.25
 6821.05
 6833.22
 6854.6
 6894.42
 6926.22
 6995.45
 7009.07
 7051.3
 7098.3
 7186.77
 7260.67
 7300.52
 7330.6
 7357.12
 7403.75
 7418.5
 7495.87
 7535.75
 7547.4
 7575.8
 7606.72
 7618.1
 7651.15
 7711.9
 7733.32
 7752.25
 7849.5
 7882.02
 7897.5
 7935.25
 7980.75
 7997.1
 8033.37
 8050.15
 8077.4
 8134.12
 8169.77
 8210.95
 8245.37
 8267.67
 8284.07
 8338.15
 8357.95
 8381.52
 8396.22
 8435.72
 8498.87
 8524.75
 8536.87
 8569.72
 8616.57
 8658.97
 8673.82
 8702.57
 8717.0
 8733.45
 8746.57
 8788.42
 8844.05
 8865.17
 8882.3
 8941.75
 8976.62
 9022.4
 9096.25
 9115.05
 9139.25
 9189.47
 9239.55
 9255.7
 9286.7
 9345.22
 9391.22
 9476.1
 9532.85
 9582.02
 9606.12
 9618.1
 9641.63
 9676.55
 9687.75