9.425
 18.85
 35.45
 56.9
 66.05
 75.0
 91.15
 99.625
 107.5
 116.6
 132.325
 139.9
 147.225
 155.425
 166.725
 176.325
 184.4
 192.55
 203.825
 220.85
 229.425
 255.3
 270.825
 279.7
 288.875
 301.2
 314.2
 332.4
 355.9
 371.65
 379.325
 388.75
 396.275
 405.075
 415.525
 424.875
 443.075
 458.2
 471.175
 484.725
 493.05
 502.8
 517.075
 533.15
 542.3
 551.6
 563.175
 570.975
 589.15
 605.1
 613.4
 623.8
 638.65
 646.225
 658.975
 675.875
 699.125
 715.0
 726.4
 746.025
 756.125
 767.05
 778.125
 787.875
 795.95
 804.15
 817.925
 826.825
 834.525
 843.575
 851.45
 869.775
 886.225
 894.7
 905.825
 921.275
 936.925
 946.9
 957.0
 975.25
 992.2
 1002.75
 1012.53
 1019.68
 1029.1
 1039.18
 1052.1
 1065.98
 1082.85
 1100.08
 1111.73
 1121.85
 1132.53
 1155.3
 1175.7
 1193.9
 1205.45
 1216.98
 1232.4
 1250.88
 1265.1
 1286.08
 1293.85
 1308.78
 1319.68
 1329.28
 1341.2
 1348.58
 1355.68
 1363.68
 1375.2
 1395.68
 1408.28
 1424.53
 1440.3
 1450.28
 1460.5
 1470.0
 1486.28
 1496.43
 1513.75
 1521.03
 1530.95
 1538.78
 1555.65
 1566.83
 1584.08
 1594.05
 1605.9
 1614.35
 1631.3
 1642.95
 1651.68
 1669.73
 1677.68
 1693.7
 1702.43
 1714.75
 1724.0
 1743.15
 1752.78
 1766.25
 1781.75
 1803.4
 1820.23
 1841.2
 1849.28
 1857.5
 1869.28
 1888.13
 1898.08
 1909.4
 1922.55
 1932.78
 1942.28
 1963.2
 1981.13
 1991.03
 2007.33
 2014.73
 2023.05
 2035.2
 2052.28
 2068.8
 2077.35
 2093.18
 2101.98
 2120.5
 2129.93
 2138.23
 2146.23
 2155.43
 2181.95
 2194.48
 2210.88
 2226.75
 2241.35
 2257.0
 2265.23
 2272.75
 2287.63
 2301.45
 2309.65
 2329.25
 2336.38
 2345.38
 2354.33
 2365.55
 2380.1
 2406.05
 2423.42
 2434.15
 2443.22
 2458.3
 2474.15
 2482.67
 2497.45
 2510.52
 2520.65
 2532.62
 2542.17
 2550.15
 2570.12
 2578.37
 2589.07
 2602.3
 2609.57
 2624.67
 2636.02
 2660.35
 2668.62
 2676.52
 2690.95
 2712.97
 2731.07
 2744.2
 2765.3
 2784.12
 2806.22
 2819.47
 2843.05
 2862.65
 2883.15
 2905.12
 2920.67
 2937.2
 2954.42
 2977.42
 2994.02
 3003.85
 3013.85
 3023.05
 3031.95
 3040.1
 3054.92
 3063.6
 3072.57
 3079.27
 3088.47
 3097.07
 3108.55
 3124.62
 3135.25
 3146.2
 3160.07
 3173.72
 3189.95
 3206.87
 3218.47
 3232.7
 3251.4
 3260.4
 3276.95
 3294.72
 3302.77
 3318.27
 3331.77
 3339.7
 3354.72
 3363.65
 3374.12
 3382.87
 3392.85
 3401.67
 3417.35
 3428.6
 3437.62
 3448.22
 3464.25
 3480.25
 3495.6
 3511.27
 3522.4
 3541.87
 3555.42
 3564.6
 3577.0
 3593.65
 3603.6
 3618.97
 3635.77
 3646.9
 3655.15
 3665.37
 3672.15
 3680.77
 3693.07
 3712.77
 3721.02
 3729.4
 3740.67
 3748.92
 3769.02
 3787.7
 3803.7
 3816.95
 3827.75
 3841.4
 3860.55
 3872.27
 3881.17
 3895.55
 3906.17
 3915.85
 3927.57
 3942.67
 3950.6
 3962.4
 3976.02
 3984.25
 4006.35
 4024.52
 4036.0
 4048.27
 4077.25
 4093.1
 4103.15
 4111.45
 4129.2
 4136.9
 4148.07
 4157.35
 4167.07
 4177.32
 4188.52
 4201.6
 4210.85
 4222.15
 4229.0
 4248.1
 4258.1
 4265.8
 4281.07
 4290.62
 4299.15
 4309.12
 4319.27
 4326.75
 4339.95
 4348.07
 4361.67
 4382.37
 4398.4
 4414.92
 4429.12
 4450.82
 4466.82
 4479.0
 4502.55
 4515.47
 4525.8
 4535.87
 4548.35
 4559.47
 4569.25
 4578.67
 4594.72
 4604.37
 4612.75
 4628.87
 4643.02
 4654.3
 4663.37
 4675.5
 4683.15
 4700.67
 4714.4
 4723.1
 4732.47
 4744.17
 4763.85
 4779.3
 4791.4
 4799.92
 4813.6
 4830.2
 4845.32
 4863.12
 4873.12
 4884.57
 4893.12
 4904.77
 4923.65
 4946.07
 4965.75
 4973.32
 4991.35
 5000.22
 5017.07
 5028.65
 5037.77
 5050.97
 5066.35
 5073.22
 5082.05
 5094.25
 5107.32
 5116.57
 5129.75
 5140.25
 5155.52
 5178.62
 5197.37
 5215.32
 5232.65
 5243.17
 5255.92
 5271.62
 5290.62
 5306.5
 5324.0
 5334.62
 5342.65
 5356.2
 5372.02
 5384.1
 5393.45
 5403.47
 5424.7
 5441.3
 5463.67
 5473.82
 5482.72
 5497.92
 5508.7
 5522.35
 5535.85
 5545.17
 5552.55
 5565.25
 5584.47
 5593.12
 5607.55
 5624.67
 5635.45
 5643.27
 5652.45
 5660.52
 5675.02
 5690.6
 5698.8
 5708.07
 5720.22
 5733.5
 5743.17
 5751.05
 5763.15
 5783.92
 5794.32
 5805.2
 5818.1
 5827.52
 5842.2
 5852.67
 5865.8
 5878.12
 5892.6
 5912.55
 5929.37
 5940.12
 5958.32
 5982.7
 5990.82
 6001.77
 6015.82
 6025.17
 6036.9
 6045.5
 6054.22
 6063.17
 6079.72
 6089.62
 6098.07
 6113.62
 6122.37
 6139.07
 6152.85
 6161.77
 6182.0
 6197.77
 6214.07
 6228.8
 6237.92
 6251.97
 6268.6
 6286.07
 6296.55
 6311.1
 6319.77
 6336.22
 6345.75
 6367.22
 6384.27
 6401.5
 6413.5
 6420.97
 6436.07
 6453.42
 6468.87
 6482.82
 6500.57
 6519.6
 6532.8
 6546.52
 6557.25
 6583.7
 6591.27
 6601.37
 6614.92
 6631.22
 6642.47
 6662.05
 6676.42
 6692.82
 6702.2
 6713.85
 6735.42
 6748.3
 6764.12
 6780.57
 6803.92
 6822.55
 6843.85
 6863.05
 6872.82
 6880.12
 6895.95
 6915.17
 6934.6
 6945.25
 6958.32
 6969.17
 6980.42
 6995.27
 7015.42
 7024.87
 7039.12
 7058.97
 7068.2
 7078.12
 7089.97
 7098.5
 7109.8
 7121.87
 7134.8
 7143.12
 7155.8
 7173.45
 7191.87
 7207.2
 7222.67
 7234.1
 7246.5
 7256.57
 7269.02
 7279.37
 7299.02
 7316.17
 7325.9
 7341.15
 7361.8
 7377.15
 7391.75
 7402.25
 7410.22
 7425.97
 7443.7
 7460.1
 7471.55
 7480.9
 7491.95
 7500.15
 7514.35
 7529.77
 7545.57
 7560.37
 7581.07
 7590.87
 7604.07
 7614.92
 7624.45
 7634.62
 7649.22
 7664.37
 7672.02
 7680.65
 7693.15
 7715.07
 7733.0
 7750.35
 7761.7
 7772.8
 7788.12
 7807.92
 7815.97
 7832.6
 7849.97
 7870.12
 7880.32
 7890.62
 7905.42
 7924.12
 7933.57
 7956.7
 7969.87
 7977.37
 7993.02
 8003.22
 8011.4
 8022.85
 8037.3
 8048.47
 8058.5
 8074.15
 8092.07
 8100.6
 8108.25
 8120.85
 8139.02
 8164.4
 8173.85
 8187.2
 8207.07
 8221.42
 8233.5
 8242.92
 8255.62
 8263.75
 8270.05
 8282.17
 8289.85
 8298.77
 8305.97
 8316.07
 8331.9
 8340.32
 8348.25
 8355.47
 8365.32
 8380.92
 8393.6
 8403.47
 8414.1
 8421.67
 8434.37
 8454.1
 8470.8
 8478.97
 8490.12
 8500.87
 8508.85
 8523.52
 8533.32
 8543.17
 8567.4
 8578.27
 8588.87
 8604.7
 8614.5
 8626.17
 8644.55
 8663.15
 8679.9
 8690.57
 8704.42
 8718.1
 8742.0
 8757.87
 8768.15
 8788.75
 8806.95
 8823.4
 8834.27
 8860.25
 8869.72
 8886.25
 8905.65
 8930.22
 8946.55
 8962.8
 8973.25
 8984.17
 8996.77
 9009.52
 9019.17
 9031.52
 9040.85
 9055.07
 9066.35
 9075.65
 9090.37
 9108.02
 9125.62
 9136.95
 9149.0
 9169.25
 9183.52
 9194.95
 9215.82
 9236.4
 9252.82
 9261.67
 9269.8
 9280.07
 9294.97
 9314.4
 9322.82
 9333.2
 9340.95
 9350.67
 9367.42
 9376.87
 9402.77
 9422.47
 9435.02
 9446.97
 9463.8
 9473.22
 9488.75
 9503.0
 9534.65
 9552.67
 9573.02
 9581.35
 9593.37
 9602.87
 9614.52
 9644.63
 9652.45
 9660.98
 9676.03
 9695.15