9.425
 19.2
 35.3
 55.95
 65.95
 75.275
 89.225
 98.8
 107.25
 116.575
 129.625
 139.35
 147.225
 155.825
 167.825
 176.425
 184.2
 203.125
 217.6
 229.25
 249.025
 257.05
 269.3
 279.7
 288.875
 301.375
 314.05
 325.375
 336.875
 356.025
 369.425
 378.875
 388.125
 396.35
 405.0
 415.725
 424.975
 442.125
 450.5
 458.175
 471.05
 485.075
 492.9
 503.1
 516.525
 531.025
 542.25
 551.775
 563.15
 573.825
 589.0
 605.275
 616.65
 627.375
 638.575
 646.275
 659.475
 676.075
 699.025
 715.25
 726.5
 740.3
 756.15
 767.3
 778.025
 787.575
 796.05
 804.35
 818.15
 826.95
 834.375
 843.8
 851.625
 862.125
 872.4
 885.975
 894.775
 906.15
 918.2
 927.325
 936.975
 946.875
 956.65
 970.8
 979.4
 991.725
 1002.85
 1019.68
 1029.05
 1038.95
 1052.18
 1066.45
 1082.98
 1091.33
 1100.33
 1111.58
 1122.05
 1132.43
 1151.7
 1162.28
 1175.7
 1193.9
 1205.3
 1215.58
 1232.1
 1251.23
 1265.05
 1277.53
 1286.25
 1294.38
 1307.63
 1318.38
 1327.38
 1341.23
 1348.65
 1363.98
 1375.2
 1391.95
 1399.95
 1408.45
 1424.48
 1440.43
 1450.2
 1460.95
 1470.05
 1487.28
 1503.15
 1513.18
 1520.95
 1531.4
 1544.28
 1555.68
 1571.45
 1585.78
 1594.23
 1614.45
 1631.28
 1643.08
 1651.88
 1664.43
 1677.55
 1692.05
 1702.45
 1714.85
 1724.43
 1737.38
 1752.75
 1766.13
 1781.8
 1796.38
 1804.6
 1820.4
 1841.25
 1849.23
 1857.6
 1869.68
 1883.63
 1894.25
 1909.6
 1922.4
 1932.5
 1946.23
 1963.5
 1981.93
 1991.15
 2007.55
 2014.45
 2023.05
 2035.23
 2052.33
 2067.85
 2077.65
 2088.65
 2101.78
 2112.65
 2124.35
 2141.35
 2155.78
 2172.35
 2182.05
 2194.58
 2210.68
 2227.25
 2242.08
 2257.03
 2264.75
 2273.23
 2287.0
 2301.4
 2309.68
 2329.78
 2346.08
 2364.88
 2380.25
 2405.9
 2419.5
 2434.07
 2443.52
 2456.37
 2472.15
 2482.52
 2493.5
 2510.4
 2521.72
 2532.27
 2542.17
 2552.97
 2570.52
 2578.52
 2589.1
 2602.32
 2622.9
 2635.87
 2657.57
 2668.6
 2680.52
 2691.12
 2709.35
 2731.12
 2744.65
 2765.42
 2779.45
 2804.37
 2819.5
 2843.02
 2862.92
 2878.17
 2905.47
 2920.85
 2937.1
 2954.77
 2970.2
 2979.87
 2994.22
 3006.15
 3023.17
 3032.85
 3041.9
 3055.37
 3078.77
 3094.22
 3104.85
 3125.02
 3135.17
 3146.02
 3159.8
 3170.4
 3187.7
 3206.97
 3218.67
 3232.7
 3250.42
 3261.1
 3277.07
 3302.62
 3318.02
 3331.8
 3340.07
 3354.72
 3373.57
 3382.77
 3403.47
 3418.12
 3437.42
 3450.92
 3465.42
 3480.42
 3493.4
 3511.32
 3522.4
 3544.57
 3555.72
 3564.97
 3578.17
 3590.57
 3599.85
 3609.9
 3626.8
 3636.22
 3647.2
 3664.95
 3672.07
 3692.82
 3712.42
 3720.77
 3733.37
 3741.02
 3755.47
 3769.32
 3788.15
 3804.8
 3816.92
 3828.37
 3841.42
 3860.52
 3872.25
 3896.22
 3906.12
 3927.8
 3942.52
 3950.7
 3975.95
 3984.55
 4006.32
 4024.5
 4036.2
 4052.87
 4077.32
 4093.57
 4103.07
 4111.52
 4129.2
 4137.02
 4148.05
 4157.4
 4167.5
 4181.5
 4188.85
 4201.67
 4222.12
 4246.0
 4258.07
 4265.9
 4281.27
 4291.12
 4300.5
 4314.2
 4326.45
 4339.97
 4349.3
 4361.72
 4377.35
 4398.92
 4415.27
 4429.02
 4450.42
 4466.6
 4479.52
 4502.67
 4515.4
 4525.67
 4536.2
 4548.22
 4559.27
 4569.3
 4587.57
 4596.12
 4604.27
 4613.35
 4628.85
 4642.9
 4654.65
 4663.9
 4675.75
 4688.47
 4699.82
 4714.72
 4723.35
 4731.3
 4744.12
 4763.95
 4779.6
 4791.85
 4799.92
 4813.27
 4834.42
 4845.35
 4863.75
 4875.9
 4892.47
 4904.82
 4923.9
 4945.52
 4966.4
 4973.47
 4991.72
 5003.87
 5017.05
 5028.55
 5038.2
 5051.22
 5063.6
 5073.32
 5082.1
 5100.12
 5114.7
 5129.9
 5140.62
 5155.72
 5163.25
 5178.62
 5197.55
 5215.32
 5232.65
 5243.27
 5256.17
 5271.8
 5290.85
 5307.07
 5320.07
 5334.4
 5343.22
 5356.6
 5371.32
 5383.97
 5393.32
 5403.92
 5424.65
 5442.35
 5457.8
 5473.72
 5497.72
 5508.87
 5522.37
 5544.82
 5552.82
 5562.22
 5571.6
 5584.47
 5594.05
 5608.27
 5623.7
 5645.22
 5652.6
 5664.1
 5674.87
 5690.65
 5699.67
 5708.0
 5720.17
 5734.07
 5743.5
 5763.55
 5785.02
 5795.1
 5805.52
 5818.15
 5828.07
 5841.5
 5859.4
 5877.65
 5892.95
 5912.85
 5929.47
 5940.3
 5957.97
 5980.8
 5990.42
 6001.65
 6015.55
 6025.3
 6036.92
 6046.25
 6063.6
 6080.12
 6098.02
 6113.32
 6122.37
 6139.07
 6152.87
 6161.25
 6182.12
 6198.15
 6214.45
 6226.77
 6237.6
 6251.82
 6268.85
 6286.35
 6296.17
 6309.8
 6324.9
 6336.82
 6346.02
 6367.82
 6383.52
 6401.7
 6413.45
 6425.65
 6436.3
 6454.12
 6466.6
 6482.75
 6505.07
 6532.72
 6546.42
 6560.35
 6583.32
 6591.05
 6600.6
 6616.72
 6632.02
 6642.02
 6662.12
 6676.4
 6692.47
 6702.42
 6714.25
 6733.0
 6748.92
 6764.42
 6780.47
 6803.82
 6823.22
 6842.47
 6850.32
 6864.5
 6873.8
 6887.05
 6896.35
 6915.75
 6929.97
 6946.27
 6958.6
 6969.45
 6986.37
 6995.47
 7015.9
 7025.1
 7037.35
 7058.97
 7078.0
 7090.1
 7099.37
 7110.75
 7134.82
 7155.8
 7175.62
 7191.92
 7207.27
 7231.25
 7246.55
 7263.35
 7279.2
 7299.35
 7315.37
 7328.85
 7341.3
 7361.8
 7377.02
 7391.27
 7402.25
 7412.4
 7426.15
 7442.92
 7471.5
 7480.92
 7491.97
 7501.85
 7516.2
 7530.15
 7545.85
 7560.37
 7569.07
 7581.82
 7591.07
 7603.9
 7614.42
 7624.47
 7635.07
 7645.2
 7664.17
 7681.1
 7693.2
 7715.2
 7733.47
 7750.7
 7761.67
 7773.2
 7787.9
 7808.15
 7816.2
 7832.67
 7849.97
 7870.37
 7890.77
 7905.4
 7924.07
 7933.55
 7949.7
 7969.32
 7978.62
 7993.15
 8003.3
 8022.0
 8037.27
 8048.6
 8058.75
 8074.15
 8092.05
 8100.57
 8120.92
 8133.2
 8145.37
 8164.45
 8173.95
 8187.22
 8207.72
 8221.45
 8233.47
 8243.37
 8255.97
 8269.5
 8289.62
 8299.65
 8316.5
 8330.52
 8342.85
 8365.37
 8381.17
 8393.5
 8403.62
 8414.42
 8424.62
 8434.65
 8451.65
 8470.85
 8479.07
 8490.35
 8501.15
 8509.4
 8523.7
 8543.27
 8567.42
 8578.4
 8589.05
 8604.65
 8625.37
 8644.65
 8662.82
 8680.15
 8693.12
 8709.2
 8718.52
 8742.05
 8758.4
 8768.17
 8782.4
 8789.2
 8808.27
 8823.55
 8840.1
 8860.67
 8886.7
 8905.77
 8930.2
 8946.65
 8964.05
 8973.2
 8984.1
 8996.75
 9009.52
 9019.17
 9032.02
 9040.82
 9055.3
 9066.3
 9089.1
 9111.67
 9126.0
 9137.0
 9149.02
 9169.6
 9184.0
 9195.32
 9215.95
 9236.72
 9253.05
 9261.75
 9294.92
 9314.57
 9333.37
 9351.05
 9367.77
 9385.32
 9402.5
 9422.6
 9435.02
 9447.02
 9468.37
 9481.95
 9505.15
 9534.47
 9552.67
 9574.37
 9592.37
 9602.87
 9613.62
 9645.08
 9652.93
 9660.45
 9679.03
 9692.85