9.425
 22.625
 33.475
 42.4
 52.55
 66.5
 75.65
 92.025
 106.575
 117.35
 128.525
 138.425
 147.075
 155.95
 170.15
 177.2
 184.425
 196.175
 207.725
 216.725
 226.125
 235.95
 247.775
 256.525
 267.425
 279.45
 288.925
 302.75
 313.225
 324.625
 334.025
 344.65
 356.925
 368.65
 377.975
 387.725
 396.15
 405.0
 415.35
 424.95
 440.325
 449.8
 458.2
 471.425
 488.975
 500.175
 517.025
 532.025
 542.2
 553.6
 563.2
 576.7
 588.2
 606.725
 616.7
 630.3
 638.675
 646.425
 659.85
 671.85
 680.0
 692.35
 704.45
 715.55
 726.675
 737.725
 747.375
 756.2
 768.475
 777.675
 786.7
 795.925
 804.425
 821.6
 834.1
 845.15
 861.55
 874.1
 885.475
 894.7
 907.0
 916.8
 926.975
 936.025
 946.025
 956.4
 968.7
 978.5
 996.575
 1003.88
 1019.43
 1029.15
 1038.88
 1050.8
 1062.98
 1074.5
 1083.55
 1090.85
 1102.2
 1111.63
 1123.7
 1132.8
 1140.45
 1150.5
 1161.65
 1171.63
 1186.6
 1194.23
 1205.45
 1221.28
 1231.6
 1242.33
 1253.35
 1263.7
 1271.63
 1285.58
 1297.15
 1308.63
 1317.98
 1326.73
 1338.2
 1347.35
 1355.53
 1368.03
 1375.38
 1390.08
 1399.9
 1408.43
 1417.48
 1429.93
 1440.35
 1450.28
 1465.85
 1475.85
 1484.43
 1492.85
 1506.13
 1515.78
 1534.6
 1544.5
 1555.73
 1567.8
 1577.48
 1588.98
 1604.28
 1614.95
 1628.68
 1636.0
 1643.2
 1652.1
 1662.8
 1679.58
 1691.03
 1701.68
 1710.25
 1720.03
 1728.73
 1737.85
 1747.58
 1765.05
 1776.13
 1782.78
 1794.6
 1804.58
 1815.23
 1825.43
 1835.3
 1847.05
 1857.43
 1870.0
 1885.13
 1897.88
 1912.7
 1922.73
 1937.2
 1946.25
 1955.2
 1968.15
 1985.55
 1997.3
 2007.9
 2018.9
 2031.35
 2041.0
 2053.35
 2062.78
 2069.35
 2077.78
 2101.88
 2112.28
 2122.28
 2130.1
 2141.1
 2153.53
 2160.78
 2171.58
 2181.45
 2188.6
 2202.65
 2214.85
 2224.75
 2234.55
 2244.35
 2256.43
 2264.9
 2274.05
 2284.3
 2297.43
 2307.35
 2317.58
 2330.1
 2350.68
 2364.13
 2373.3
 2381.25
 2405.33
 2417.92
 2434.17
 2447.5
 2458.45
 2470.82
 2480.25
 2489.57
 2497.87
 2508.32
 2518.05
 2528.85
 2537.92
 2546.95
 2554.1
 2566.77
 2578.25
 2589.3
 2597.42
 2624.3
 2635.95
 2646.15
 2659.27
 2668.25
 2678.47
 2691.57
 2713.9
 2725.75
 2735.07
 2744.3
 2756.62
 2765.12
 2777.97
 2786.07
 2797.55
 2810.77
 2819.62
 2829.92
 2839.47
 2852.5
 2863.3
 2873.85
 2884.95
 2898.12
 2907.07
 2919.87
 2933.9
 2948.25
 2959.87
 2971.2
 2979.82
 2993.65
 3005.72
 3019.75
 3029.6
 3040.82
 3051.6
 3058.7
 3065.85
 3078.77
 3089.92
 3102.07
 3111.7
 3124.95
 3135.6
 3146.07
 3159.02
 3168.65
 3188.02
 3198.67
 3207.97
 3218.67
 3229.32
 3241.82
 3250.92
 3261.67
 3276.52
 3293.22
 3303.0
 3318.97
 3329.25
 3339.5
 3348.87
 3381.1
 3400.35
 3411.17
 3422.4
 3431.97
 3449.57
 3460.55
 3469.87
 3482.05
 3492.25
 3515.2
 3522.82
 3535.37
 3545.0
 3555.75
 3565.97
 3578.22
 3588.4
 3597.67
 3607.1
 3615.65
 3628.52
 3640.6
 3664.25
 3672.42
 3685.1
 3693.72
 3705.27
 3716.92
 3731.17
 3740.0
 3749.3
 3758.15
 3769.32
 3779.07
 3788.45
 3803.77
 3817.02
 3828.95
 3841.57
 3854.02
 3862.9
 3872.75
 3896.2
 3906.4
 3918.72
 3929.27
 3940.72
 3950.35
 3961.4
 3971.3
 3994.57
 4004.65
 4014.1
 4024.15
 4033.57
 4042.72
 4053.02
 4068.2
 4077.37
 4088.0
 4103.07
 4115.0
 4127.87
 4136.57
 4148.25
 4157.65
 4170.05
 4180.6
 4189.85
 4201.6
 4214.42
 4222.55
 4243.95
 4254.4
 4265.6
 4275.4
 4287.95
 4298.75
 4308.55
 4319.27
 4327.4
 4340.27
 4355.9
 4376.0
 4395.0
 4402.65
 4411.25
 4420.25
 4428.87
 4441.55
 4453.45
 4463.77
 4474.35
 4492.3
 4503.0
 4514.15
 4524.72
 4534.07
 4547.15
 4556.97
 4566.85
 4577.17
 4587.3
 4596.9
 4616.62
 4629.02
 4641.42
 4651.12
 4660.97
 4669.95
 4679.9
 4688.42
 4697.82
 4707.5
 4718.07
 4729.42
 4741.5
 4752.6
 4763.22
 4773.3
 4783.42
 4792.75
 4802.8
 4812.92
 4821.82
 4830.9
 4840.72
 4849.6
 4860.87
 4871.6
 4885.67
 4897.55
 4905.35
 4917.32
 4925.95
 4938.45
 4950.47
 4960.97
 4971.4
 4981.6
 4990.17
 5002.7
 5016.27
 5026.17
 5036.97
 5061.2
 5073.05
 5084.12
 5093.97
 5105.82
 5117.25
 5130.35
 5145.32
 5153.82
 5162.92
 5176.02
 5185.45
 5194.07
 5203.92
 5212.45
 5221.72
 5232.7
 5243.12
 5253.47
 5262.52
 5272.0
 5281.85
 5298.55
 5309.1
 5317.97
 5329.75
 5339.32
 5357.9
 5368.52
 5380.62
 5391.7
 5403.1
 5415.25
 5426.42
 5436.65
 5445.97
 5456.15
 5469.5
 5480.72
 5490.3
 5498.6
 5509.05
 5519.97
 5530.95
 5541.2
 5550.5
 5559.45
 5579.4
 5588.8
 5596.85
 5612.62
 5626.2
 5643.27
 5652.17
 5661.95
 5672.77
 5682.75
 5692.4
 5711.35
 5720.65
 5743.42
 5754.27
 5765.5
 5776.17
 5792.12
 5801.3
 5810.67
 5818.5
 5831.75
 5842.3
 5851.62
 5861.77
 5872.85
 5886.55
 5893.77
 5904.87
 5915.62
 5928.47
 5938.57
 5948.6
 5957.45
 5968.5
 5979.47
 5988.7
 6001.32
 6013.1
 6021.9
 6031.62
 6043.07
 6051.77
 6063.9
 6082.02
 6090.3
 6103.7
 6112.52
 6125.32
 6135.4
 6144.7
 6153.22
 6161.32
 6170.37
 6181.82
 6193.22
 6204.1
 6213.5
 6228.9
 6244.57
 6252.15
 6263.67
 6272.47
 6282.65
 6293.35
 6302.77
 6311.42
 6322.37
 6331.5
 6342.12
 6353.12
 6363.12
 6371.2
 6384.27
 6405.05
 6413.8
 6425.95
 6436.47
 6445.75
 6455.7
 6466.15
 6478.8
 6489.32
 6497.87
 6505.82
 6525.3
 6533.52
 6546.77
 6557.22
 6566.92
 6580.97
 6589.92
 6600.17
 6610.07
 6618.62
 6629.92
 6640.0
 6654.35
 6662.9
 6675.12
 6689.85
 6705.32
 6718.3
 6727.02
 6737.82
 6755.55
 6765.62
 6775.52
 6786.87
 6796.5
 6807.47
 6816.87
 6829.12
 6840.6
 6849.95
 6859.57
 6869.42
 6878.17
 6890.1
 6897.07
 6910.4
 6933.0
 6941.87
 6951.77
 6963.0
 6972.3
 6986.95
 6995.75
 7006.25
 7015.82
 7028.22
 7036.82
 7046.2
 7055.37
 7065.3
 7076.25
 7085.3
 7095.3
 7104.9
 7116.6
 7128.42
 7147.15
 7156.77
 7163.65
 7176.3
 7185.57
 7193.92
 7205.57
 7216.02
 7226.55
 7234.47
 7246.65
 7255.85
 7266.12
 7275.55
 7284.6
 7295.15
 7307.37
 7319.42
 7327.55
 7336.85
 7345.7
 7359.37
 7372.75
 7382.52
 7392.15
 7401.55
 7415.87
 7425.87
 7437.77
 7446.97
 7455.22
 7464.2
 7473.7
 7481.2
 7491.35
 7500.47
 7510.85
 7520.65
 7529.62
 7539.4
 7548.4
 7560.3
 7570.0
 7579.02
 7590.7
 7601.87
 7612.42
 7624.65
 7637.12
 7646.57
 7657.32
 7669.35
 7682.5
 7693.45
 7706.85
 7716.52
 7726.9
 7735.97
 7748.72
 7758.25
 7768.15
 7779.87
 7788.52
 7803.82
 7814.5
 7826.02
 7833.35
 7842.15
 7851.07
 7861.55
 7874.85
 7884.87
 7894.12
 7904.95
 7918.87
 7930.57
 7939.67
 7948.92
 7959.85
 7972.75
 7991.3
 8000.65
 8010.0
 8019.25
 8027.62
 8042.7
 8053.82
 8065.85
 8074.6
 8087.7
 8098.15
 8109.37
 8118.65
 8132.22
 8141.32
 8151.92
 8163.12
 8172.42
 8181.77
 8202.75
 8216.3
 8227.5
 8241.22
 8257.95
 8268.32
 8277.95
 8291.4
 8303.45
 8315.87
 8330.47
 8340.8
 8351.27
 8360.0
 8370.6
 8379.95
 8391.35
 8405.85
 8414.72
 8424.7
 8434.92
 8444.95
 8453.77
 8465.62
 8475.45
 8488.5
 8497.7
 8507.17
 8516.42
 8524.05
 8539.82
 8552.6
 8561.77
 8578.57
 8586.97
 8598.67
 8613.6
 8624.2
 8635.05
 8643.85
 8658.42
 8667.97
 8677.25
 8686.57
 8696.7
 8717.02
 8729.8
 8739.92
 8750.17
 8762.22
 8772.5
 8782.77
 8803.22
 8813.55
 8822.1
 8831.37
 8840.97
 8852.47
 8864.97
 8874.62
 8884.5
 8895.02
 8905.97
 8915.37
 8931.3
 8941.97
 8952.95
 8968.05
 8978.5
 8995.3
 9007.85
 9018.87
 9027.77
 9040.87
 9051.92
 9061.25
 9070.97
 9080.82
 9091.72
 9100.95
 9110.15
 9119.35
 9128.75
 9137.25
 9149.22
 9159.02
 9174.27
 9183.7
 9192.97
 9209.2
 9219.55
 9236.5
 9246.07
 9260.12
 9269.22
 9277.92
 9287.17
 9298.22
 9308.67
 9322.9
 9337.12
 9346.82
 9355.67
 9366.12
 9376.82
 9395.67
 9404.3
 9417.9
 9427.8
 9435.55
 9447.52
 9461.25
 9481.57
 9508.07
 9519.9
 9529.1
 9536.25
 9551.52
 9561.0
 9573.5
 9583.4
 9593.55
 9605.75
 9614.6
 9623.92
 9632.8
 9641.68
 9651.28
 9660.85
 9671.98
 9680.3
 9695.53