9.425
 20.625
 33.825
 42.425
 54.275
 65.975
 75.8
 89.7
 98.875
 107.75
 119.075
 128.1
 139.4
 147.05
 162.9
 176.55
 184.5
 200.275
 208.15
 228.875
 236.725
 247.575
 256.75
 266.575
 279.475
 288.925
 303.725
 318.125
 335.35
 348.775
 360.725
 378.75
 391.0
 402.1
 415.6
 424.275
 446.05
 458.0
 470.825
 485.675
 504.1
 515.325
 528.15
 542.15
 552.9
 563.275
 574.575
 588.975
 600.675
 616.675
 638.525
 646.6
 662.725
 676.225
 693.35
 702.775
 716.675
 724.975
 738.425
 756.125
 764.8
 775.325
 787.65
 795.875
 804.55
 815.225
 826.75
 834.675
 851.275
 864.0
 874.275
 894.625
 912.275
 927.525
 936.45
 949.225
 964.5
 978.45
 993.175
 1003.13
 1029.03
 1038.78
 1050.88
 1064.98
 1083.28
 1091.05
 1102.03
 1111.6
 1123.55
 1132.68
 1151.85
 1161.95
 1175.7
 1191.78
 1205.48
 1212.93
 1232.53
 1254.08
 1265.08
 1286.08
 1308.65
 1326.28
 1341.08
 1354.93
 1375.03
 1389.25
 1399.83
 1408.35
 1420.53
 1431.9
 1442.2
 1450.6
 1461.23
 1469.95
 1481.65
 1499.4
 1519.58
 1533.73
 1544.43
 1555.75
 1571.48
 1590.6
 1615.48
 1635.28
 1653.68
 1669.88
 1679.03
 1693.98
 1702.98
 1712.85
 1728.75
 1752.68
 1765.58
 1781.78
 1795.53
 1804.55
 1823.95
 1848.73
 1862.65
 1870.25
 1892.98
 1920.3
 1937.73
 1946.35
 1968.9
 1984.98
 2013.98
 2023.05
 2035.38
 2049.35
 2056.95
 2068.75
 2086.95
 2101.18
 2115.63
 2129.73
 2144.1
 2160.43
 2169.83
 2184.25
 2194.9
 2213.88
 2227.05
 2244.03
 2254.53
 2264.73
 2274.88
 2287.5
 2299.38
 2309.4
 2320.33
 2336.05
 2348.6
 2361.85
 2372.88
 2387.58
 2405.23
 2417.2
 2434.07
 2449.67
 2458.45
 2472.67
 2482.0
 2493.32
 2509.42
 2536.75
 2553.02
 2567.9
 2576.5
 2589.05
 2602.3
 2624.6
 2633.95
 2646.0
 2668.32
 2685.17
 2713.92
 2733.6
 2744.37
 2756.7
 2765.82
 2777.52
 2786.32
 2799.0
 2813.62
 2843.2
 2863.07
 2882.5
 2902.07
 2918.92
 2937.35
 2959.75
 2974.37
 2988.1
 3005.97
 3031.87
 3041.95
 3057.82
 3078.75
 3106.95
 3130.15
 3145.95
 3158.95
 3173.57
 3186.65
 3206.17
 3218.82
 3230.0
 3250.02
 3265.2
 3280.82
 3291.1
 3302.9
 3315.27
 3331.82
 3354.72
 3363.7
 3373.47
 3383.4
 3403.35
 3416.42
 3437.32
 3450.92
 3467.62
 3483.72
 3496.2
 3512.72
 3522.25
 3533.55
 3544.9
 3555.57
 3578.15
 3601.92
 3619.75
 3646.1
 3671.57
 3693.05
 3720.22
 3740.75
 3763.55
 3782.42
 3794.2
 3803.2
 3816.9
 3841.42
 3862.97
 3872.55
 3884.3
 3901.8
 3924.8
 3940.85
 3950.72
 3975.92
 4006.47
 4024.47
 4034.97
 4051.5
 4069.77
 4083.47
 4092.12
 4103.1
 4129.25
 4136.67
 4147.22
 4157.52
 4167.2
 4181.87
 4201.57
 4222.07
 4228.95
 4244.32
 4258.3
 4282.87
 4291.15
 4312.0
 4320.4
 4339.87
 4348.2
 4361.7
 4372.72
 4382.55
 4401.8
 4428.3
 4443.67
 4457.17
 4468.07
 4479.12
 4502.92
 4515.4
 4525.87
 4539.17
 4548.62
 4569.15
 4580.95
 4595.65
 4604.75
 4617.32
 4628.9
 4642.95
 4654.52
 4665.3
 4675.27
 4688.92
 4701.55
 4717.45
 4734.35
 4744.27
 4758.27
 4769.37
 4783.3
 4792.42
 4803.9
 4815.97
 4845.5
 4871.1
 4888.0
 4898.17
 4905.15
 4925.45
 4946.65
 4972.9
 5002.92
 5015.82
 5028.45
 5042.05
 5050.77
 5061.35
 5072.85
 5083.85
 5101.42
 5116.15
 5125.97
 5151.22
 5162.9
 5178.7
 5193.5
 5215.65
 5232.62
 5243.05
 5257.72
 5271.9
 5309.4
 5334.35
 5342.92
 5354.4
 5372.7
 5384.12
 5400.12
 5413.25
 5425.72
 5445.67
 5459.77
 5473.6
 5487.35
 5497.82
 5508.9
 5522.25
 5536.22
 5545.25
 5553.05
 5565.5
 5584.37
 5596.32
 5609.05
 5626.52
 5652.27
 5664.15
 5676.85
 5698.62
 5709.97
 5720.32
 5742.82
 5762.05
 5779.65
 5794.17
 5804.72
 5818.07
 5841.75
 5865.72
 5893.1
 5919.4
 5939.55
 5953.47
 5964.9
 5979.6
 5990.5
 6015.25
 6037.35
 6046.22
 6063.82
 6083.27
 6099.95
 6113.52
 6125.12
 6139.1
 6152.9
 6161.95
 6184.87
 6201.4
 6228.65
 6244.35
 6251.95
 6271.77
 6286.65
 6297.35
 6311.25
 6323.62
 6336.27
 6345.72
 6369.65
 6384.35
 6401.92
 6413.4
 6425.75
 6436.3
 6450.7
 6482.65
 6504.87
 6516.95
 6532.82
 6546.07
 6555.77
 6574.9
 6590.95
 6616.3
 6642.02
 6650.7
 6662.47
 6676.35
 6689.15
 6704.0
 6714.6
 6737.55
 6759.5
 6778.35
 6787.4
 6829.12
 6841.2
 6850.55
 6872.57
 6882.2
 6896.3
 6913.4
 6945.15
 6953.45
 6970.75
 6988.52
 6996.17
 7008.0
 7015.8
 7025.32
 7037.5
 7046.45
 7058.97
 7068.15
 7080.22
 7089.2
 7100.82
 7109.8
 7126.05
 7134.9
 7143.72
 7156.05
 7175.5
 7211.25
 7233.87
 7246.67
 7256.12
 7279.25
 7301.7
 7319.47
 7341.15
 7361.75
 7377.0
 7402.2
 7423.22
 7445.65
 7471.5
 7480.85
 7491.9
 7503.12
 7515.17
 7529.5
 7544.85
 7560.2
 7581.92
 7590.95
 7603.87
 7617.2
 7624.82
 7647.45
 7659.47
 7671.8
 7693.25
 7715.2
 7735.57
 7761.55
 7785.82
 7808.25
 7832.62
 7850.92
 7875.05
 7905.25
 7933.47
 7956.67
 7965.65
 7978.72
 8003.22
 8027.32
 8048.45
 8059.4
 8072.52
 8090.12
 8100.42
 8112.95
 8121.1
 8147.52
 8173.52
 8187.12
 8216.0
 8233.6
 8242.85
 8257.55
 8269.4
 8281.22
 8289.9
 8305.35
 8316.1
 8345.5
 8371.37
 8381.47
 8393.45
 8412.82
 8424.45
 8434.62
 8453.6
 8479.12
 8488.52
 8501.02
 8523.52
 8544.62
 8567.37
 8578.22
 8587.52
 8595.7
 8605.57
 8614.45
 8627.07
 8646.67
 8656.87
 8668.7
 8681.6
 8693.07
 8718.17
 8738.15
 8758.47
 8767.97
 8780.95
 8789.15
 8808.5
 8834.1
 8851.72
 8860.42
 8877.17
 8888.62
 8910.27
 8931.0
 8952.4
 8973.1
 8985.52
 8996.62
 9009.6
 9019.0
 9037.45
 9057.2
 9066.42
 9074.77
 9083.02
 9091.17
 9103.37
 9111.45
 9124.15
 9136.87
 9147.35
 9166.65
 9174.85
 9183.42
 9198.8
 9218.9
 9232.7
 9241.9
 9261.7
 9269.85
 9293.85
 9322.7
 9334.27
 9355.07
 9374.32
 9395.92
 9403.67
 9426.32
 9435.1
 9446.72
 9456.52
 9467.45
 9480.82
 9489.27
 9498.35
 9510.15
 9535.5
 9552.75
 9574.97
 9602.85
 9620.55
 9644.98
 9653.9
 9661.03
 9679.33