9.425
 18.65
 33.9
 42.175
 51.95
 65.925
 75.4
 90.825
 99.6
 108.6
 116.875
 128.75
 139.45
 147.4
 158.25
 172.575
 184.175
 201.3
 222.875
 229.5
 236.4
 244.575
 256.1
 268.825
 279.625
 288.95
 300.3
 313.6
 326.425
 336.875
 354.0
 361.9
 372.15
 379.325
 395.75
 404.975
 416.7
 425.05
 441.825
 450.175
 458.275
 470.5
 486.4
 503.225
 517.05
 533.15
 542.325
 563.125
 574.525
 589.95
 600.575
 616.525
 630.8
 638.85
 646.55
 659.7
 676.125
 691.15
 704.7
 716.75
 726.475
 745.575
 756.075
 764.65
 777.125
 787.825
 804.025
 814.4
 826.6
 842.625
 851.575
 862.625
 874.225
 889.65
 903.025
 917.175
 927.075
 937.3
 949.225
 960.5
 972.55
 981.8
 991.675
 1002.98
 1021.73
 1029.3
 1037.78
 1050.7
 1063.33
 1076.28
 1083.88
 1090.9
 1104.93
 1112.15
 1121.6
 1132.5
 1155.3
 1174.23
 1186.83
 1194.25
 1205.63
 1213.95
 1226.75
 1234.35
 1251.35
 1264.93
 1286.1
 1301.25
 1309.15
 1317.33
 1331.43
 1341.23
 1349.28
 1363.2
 1375.13
 1388.4
 1399.7
 1408.38
 1424.85
 1440.85
 1450.35
 1461.05
 1470.1
 1479.95
 1488.13
 1504.68
 1520.1
 1532.55
 1544.33
 1555.73
 1571.53
 1590.73
 1603.5
 1615.25
 1635.28
 1643.35
 1652.7
 1663.28
 1676.03
 1691.63
 1702.38
 1723.58
 1739.2
 1752.2
 1766.93
 1781.83
 1795.58
 1804.68
 1820.23
 1835.03
 1847.1
 1858.85
 1869.78
 1881.48
 1893.53
 1911.6
 1922.55
 1931.0
 1946.1
 1965.35
 1982.25
 1991.25
 2010.0
 2022.98
 2032.1
 2046.43
 2056.25
 2068.8
 2077.6
 2086.48
 2098.55
 2110.95
 2126.93
 2139.55
 2155.9
 2168.68
 2182.83
 2194.7
 2210.28
 2218.1
 2227.18
 2241.08
 2259.25
 2272.68
 2284.98
 2297.83
 2309.38
 2322.6
 2336.05
 2350.68
 2365.83
 2379.78
 2387.5
 2406.18
 2421.9
 2434.07
 2447.3
 2458.3
 2474.17
 2482.65
 2490.52
 2502.55
 2510.92
 2532.75
 2549.32
 2567.22
 2578.2
 2589.32
 2602.4
 2624.72
 2636.05
 2646.27
 2667.37
 2681.1
 2691.22
 2709.35
 2722.85
 2736.62
 2744.8
 2764.25
 2776.7
 2785.82
 2806.75
 2819.5
 2836.1
 2843.7
 2853.8
 2864.67
 2882.55
 2897.4
 2906.9
 2921.6
 2937.4
 2950.3
 2959.82
 2968.87
 2979.55
 2993.3
 3005.42
 3021.4
 3032.67
 3042.1
 3055.62
 3063.67
 3075.65
 3088.17
 3104.8
 3125.5
 3136.1
 3145.9
 3159.85
 3173.62
 3189.2
 3202.1
 3216.55
 3232.65
 3246.9
 3260.95
 3275.27
 3292.72
 3303.27
 3314.0
 3330.12
 3342.07
 3354.85
 3364.1
 3371.45
 3382.62
 3399.07
 3410.5
 3422.75
 3434.82
 3446.97
 3459.47
 3469.77
 3493.77
 3505.97
 3518.52
 3532.07
 3544.87
 3555.45
 3564.07
 3576.97
 3591.7
 3603.4
 3620.17
 3641.6
 3660.92
 3671.75
 3689.4
 3713.3
 3728.82
 3740.75
 3757.7
 3769.3
 3777.57
 3790.92
 3803.87
 3816.85
 3832.5
 3841.65
 3860.95
 3872.3
 3894.35
 3906.15
 3919.35
 3928.82
 3949.22
 3962.5
 3974.92
 3985.55
 4003.67
 4015.92
 4024.62
 4037.82
 4052.92
 4069.77
 4078.27
 4093.35
 4103.25
 4121.92
 4129.62
 4157.05
 4172.15
 4181.8
 4188.47
 4201.27
 4211.92
 4222.2
 4245.1
 4258.02
 4268.55
 4282.2
 4290.87
 4305.42
 4318.75
 4327.05
 4340.2
 4358.5
 4370.7
 4382.57
 4396.77
 4411.7
 4424.17
 4437.7
 4452.9
 4467.1
 4478.97
 4502.87
 4515.5
 4525.62
 4538.62
 4548.47
 4567.1
 4578.7
 4595.32
 4604.4
 4622.02
 4629.27
 4643.1
 4654.3
 4672.7
 4688.45
 4701.32
 4714.55
 4723.1
 4737.47
 4744.9
 4755.02
 4769.02
 4780.0
 4791.45
 4808.3
 4816.22
 4830.82
 4845.37
 4863.52
 4875.87
 4886.12
 4902.35
 4917.25
 4926.4
 4944.12
 4960.05
 4972.72
 4989.3
 5002.37
 5016.22
 5028.65
 5043.37
 5051.1
 5058.27
 5072.6
 5080.62
 5095.27
 5107.47
 5118.32
 5129.97
 5137.9
 5150.67
 5162.62
 5175.0
 5187.67
 5201.2
 5214.1
 5226.65
 5233.32
 5243.12
 5257.65
 5273.27
 5291.82
 5306.35
 5330.17
 5342.72
 5356.77
 5372.5
 5384.15
 5397.52
 5410.45
 5422.65
 5438.85
 5448.32
 5464.25
 5473.82
 5491.65
 5506.85
 5522.32
 5536.3
 5545.4
 5552.37
 5565.22
 5580.65
 5596.1
 5611.45
 5626.45
 5642.35
 5652.45
 5664.22
 5676.72
 5693.32
 5708.32
 5720.25
 5734.6
 5743.2
 5761.17
 5785.42
 5794.3
 5807.0
 5816.02
 5827.65
 5841.62
 5859.1
 5873.22
 5886.67
 5893.85
 5912.3
 5931.7
 5942.3
 5951.65
 5965.15
 5980.77
 5990.62
 6001.82
 6015.8
 6024.1
 6036.6
 6046.2
 6054.22
 6064.2
 6079.75
 6089.67
 6098.92
 6111.95
 6123.97
 6136.52
 6152.75
 6161.6
 6180.65
 6202.85
 6219.8
 6229.3
 6242.77
 6251.95
 6260.45
 6272.12
 6280.02
 6294.42
 6308.5
 6323.0
 6340.8
 6357.95
 6369.75
 6384.85
 6403.62
 6413.6
 6424.65
 6436.12
 6443.67
 6457.22
 6469.45
 6482.77
 6499.27
 6524.1
 6532.97
 6546.47
 6559.52
 6585.3
 6604.75
 6616.52
 6630.82
 6642.17
 6657.2
 6671.62
 6685.52
 6697.85
 6712.37
 6726.1
 6737.65
 6754.77
 6765.6
 6782.8
 6795.32
 6806.1
 6823.25
 6842.52
 6855.72
 6868.35
 6881.4
 6896.1
 6914.3
 6926.65
 6943.47
 6957.77
 6971.07
 6983.7
 6995.35
 7009.85
 7022.85
 7035.1
 7054.62
 7067.1
 7079.77
 7094.72
 7101.55
 7109.02
 7123.1
 7154.3
 7167.75
 7176.7
 7192.65
 7211.35
 7226.5
 7234.2
 7243.07
 7256.37
 7268.77
 7279.35
 7299.62
 7315.6
 7328.32
 7340.65
 7356.35
 7370.4
 7377.27
 7400.02
 7416.92
 7427.27
 7446.85
 7468.47
 7480.87
 7491.95
 7507.62
 7528.62
 7543.75
 7560.27
 7578.02
 7591.1
 7599.57
 7615.22
 7624.47
 7639.75
 7649.17
 7664.45
 7672.05
 7690.17
 7708.05
 7716.15
 7734.25
 7750.47
 7761.6
 7773.35
 7788.25
 7795.67
 7807.12
 7819.32
 7832.6
 7848.3
 7869.12
 7880.25
 7900.52
 7917.15
 7933.82
 7947.35
 7957.95
 7972.12
 7979.2
 7999.47
 8011.32
 8024.37
 8037.77
 8048.52
 8059.9
 8073.32
 8088.1
 8100.47
 8112.87
 8121.2
 8134.25
 8147.05
 8161.47
 8173.67
 8187.17
 8201.82
 8216.27
 8233.32
 8242.75
 8255.97
 8269.47
 8288.77
 8301.37
 8313.57
 8326.5
 8342.67
 8354.75
 8371.0
 8381.2
 8393.6
 8406.07
 8414.65
 8434.57
 8457.52
 8477.35
 8490.95
 8501.2
 8523.77
 8544.82
 8558.42
 8568.05
 8578.35
 8585.92
 8596.0
 8609.07
 8626.82
 8644.95
 8657.52
 8668.57
 8679.95
 8693.1
 8708.12
 8718.37
 8734.82
 8743.37
 8760.77
 8788.5
 8805.7
 8820.3
 8832.65
 8841.07
 8847.8
 8859.25
 8873.05
 8888.57
 8903.97
 8911.1
 8921.92
 8931.6
 8951.02
 8965.72
 8973.27
 8983.97
 8996.75
 9009.77
 9019.25
 9030.35
 9040.77
 9056.45
 9066.35
 9075.57
 9083.07
 9091.75
 9109.97
 9125.9
 9136.92
 9149.02
 9169.37
 9183.85
 9198.07
 9210.82
 9219.07
 9228.22
 9241.62
 9261.55
 9275.87
 9290.92
 9306.8
 9318.12
 9332.62
 9341.07
 9355.87
 9372.92
 9391.25
 9403.22
 9416.95
 9427.25
 9435.17
 9447.02
 9463.97
 9478.37
 9488.95
 9507.27
 9528.65
 9536.0
 9552.65
 9572.52
 9581.37
 9603.07
 9614.85
 9626.82
 9642.03
 9653.68
 9676.25
 9690.98