14.475
 26.1
 37.775
 50.975
 64.25
 76.55
 88.75
 100.85
 109.6
 122.375
 141.975
 155.6
 167.8
 178.775
 190.025
 201.425
 215.825
 227.2
 238.275
 249.45
 271.15
 284.55
 296.7
 310.375
 322.475
 334.375
 343.375
 355.55
 366.2
 379.7
 391.25
 409.675
 423.325
 437.125
 450.75
 463.7
 475.375
 484.05
 494.95
 502.4
 511.25
 521.925
 528.9
 540.325
 550.725
 561.625
 572.9
 582.975
 598.8
 612.15
 623.75
 633.875
 641.3
 654.15
 669.625
 683.975
 693.825
 705.05
 713.825
 726.1
 739.8
 749.45
 759.55
 770.175
 778.3
 788.15
 799.55
 806.875
 816.125
 828.475
 840.325
 854.05
 861.175
 872.325
 886.675
 896.025
 906.3
 915.7
 922.975
 933.9
 947.05
 960.075
 967.675
 987.375
 997.625
 1016.08
 1028.73
 1042.05
 1053.15
 1071.78
 1083.75
 1097.25
 1111.68
 1127.2
 1137.05
 1149.95
 1161.08
 1169.15
 1181.15
 1193.73
 1211.98
 1226.85
 1238.28
 1245.85
 1260.05
 1271.65
 1282.85
 1295.73
 1304.5
 1321.73
 1333.83
 1346.58
 1357.83
 1368.95
 1378.1
 1390.28
 1400.45
 1410.9
 1420.1
 1432.18
 1445.0
 1457.4
 1470.35
 1481.9
 1497.25
 1507.9
 1518.75
 1527.13
 1539.08
 1549.78
 1561.3
 1571.15
 1579.83
 1590.6
 1602.45
 1613.9
 1621.15
 1632.35
 1647.65
 1659.38
 1674.95
 1687.4
 1698.5
 1710.1
 1721.78
 1735.08
 1742.6
 1754.4
 1768.2
 1783.4
 1795.13
 1807.08
 1820.38
 1828.75
 1840.65
 1862.15
 1873.73
 1883.88
 1890.98
 1903.73
 1912.68
 1922.5
 1936.53
 1946.93
 1962.95
 1976.83
 1987.55
 1994.75
 2008.58
 2020.53
 2036.6
 2047.05
 2057.38
 2072.78
 2081.43
 2092.93
 2102.58
 2114.5
 2121.85
 2135.53
 2148.15
 2160.43
 2174.53
 2188.48
 2198.38
 2209.43
 2219.55
 2227.55
 2239.5
 2252.93
 2273.2
 2285.58
 2295.55
 2310.73
 2324.05
 2336.15
 2349.48
 2362.83
 2374.43
 2389.7
 2403.18
 2413.68
 2425.97
 2438.45
 2449.67
 2457.85
 2469.37
 2481.6
 2489.0
 2501.47
 2514.42
 2524.95
 2531.62
 2544.75
 2559.22
 2570.12
 2581.87
 2591.9
 2604.25
 2611.72
 2624.3
 2636.17
 2646.15
 2654.92
 2666.15
 2676.47
 2688.75
 2699.67
 2709.72
 2719.4
 2729.6
 2738.67
 2751.05
 2765.25
 2778.42
 2790.92
 2802.62
 2813.02
 2821.67
 2832.27
 2844.22
 2852.25
 2864.5
 2872.52
 2883.55
 2901.4
 2912.5
 2922.62
 2929.9
 2943.25
 2953.75
 2963.95
 2974.12
 2982.72
 2993.0
 3004.02
 3014.9
 3025.5
 3036.85
 3051.67
 3064.27
 3073.42
 3082.15
 3092.35
 3099.65
 3113.47
 3126.1
 3133.25
 3146.2
 3157.82
 3171.12
 3183.25
 3195.22
 3206.62
 3216.45
 3226.92
 3236.6
 3251.47
 3261.62
 3271.35
 3278.2
 3290.85
 3302.55
 3310.25
 3321.87
 3332.4
 3342.87
 3354.52
 3362.15
 3373.97
 3384.82
 3399.22
 3409.82
 3420.42
 3431.4
 3440.5
 3450.55
 3457.57
 3471.8
 3484.05
 3499.1
 3510.32
 3528.05
 3543.2
 3554.15
 3564.0
 3572.32
 3584.85
 3596.8
 3609.25
 3621.47
 3631.7
 3641.5
 3650.25
 3661.05
 3677.67
 3690.27
 3704.42
 3714.6
 3733.05
 3745.37
 3756.25
 3767.25
 3777.72
 3787.82
 3807.72
 3819.7
 3832.7
 3844.42
 3860.07
 3871.05
 3885.22
 3900.32
 3911.3
 3921.32
 3928.92
 3942.72
 3955.02
 3968.85
 3980.07
 3990.87
 4004.45
 4017.6
 4027.2
 4039.6
 4050.0
 4058.97
 4073.62
 4083.62
 4101.62
 4112.82
 4122.47
 4133.5
 4144.3
 4155.45
 4167.82
 4175.02
 4188.72
 4200.45
 4213.35
 4226.42
 4236.02
 4249.25
 4261.7
 4274.62
 4287.37
 4296.05
 4309.77
 4321.77
 4329.12
 4342.65
 4354.42
 4366.7
 4378.35
 4388.32
 4402.97
 4415.1
 4428.7
 4436.9
 4456.25
 4471.45
 4484.25
 4493.9
 4501.67
 4515.97
 4527.62
 4537.5
 4552.02
 4566.65
 4574.0
 4586.95
 4598.92
 4611.17
 4620.3
 4633.67
 4645.55
 4655.82
 4667.07
 4677.05
 4687.25
 4698.47
 4706.82
 4719.45
 4728.0
 4740.57
 4753.95
 4765.02
 4776.15
 4786.0
 4796.6
 4808.2
 4818.2
 4827.92
 4836.85
 4848.1
 4859.55
 4879.75
 4892.95
 4905.57
 4918.57
 4930.97
 4940.42
 4952.55
 4965.0
 4977.07
 4987.75
 5004.97
 5016.37
 5023.6
 5038.0
 5055.02
 5066.92
 5081.55
 5091.15
 5100.57
 5113.8
 5127.9
 5139.75
 5153.27
 5163.85
 5173.82
 5185.85
 5196.47
 5206.37
 5222.12
 5230.0
 5239.02
 5251.8
 5270.1
 5281.65
 5291.82
 5302.07
 5312.87
 5327.3
 5334.95
 5346.32
 5359.52
 5369.42
 5380.87
 5390.42
 5402.37
 5415.2
 5425.7
 5435.85
 5445.65
 5452.7
 5464.57
 5477.07
 5486.9
 5494.12
 5507.12
 5521.72
 5533.4
 5545.07
 5556.25
 5567.45
 5578.62
 5588.57
 5610.3
 5622.05
 5638.57
 5653.1
 5666.02
 5675.82
 5685.9
 5695.95
 5703.2
 5714.6
 5726.75
 5736.82
 5746.97
 5754.17
 5768.02
 5780.25
 5792.35
 5799.55
 5806.75
 5827.9
 5835.95
 5849.62
 5862.52
 5874.82
 5882.17
 5894.95
 5910.2
 5920.82
 5933.55
 5940.72
 5952.15
 5960.15
 5968.32
 5981.3
 5991.45
 6002.42
 6012.05
 6023.12
 6036.92
 6051.47
 6063.7
 6070.8
 6083.17
 6093.27
 6105.55
 6113.85
 6125.67
 6140.57
 6151.87
 6164.15
 6174.45
 6185.7
 6192.67
 6204.92
 6216.22
 6228.12
 6238.55
 6251.1
 6261.45
 6271.12
 6277.9
 6291.12
 6303.82
 6321.7
 6336.02
 6347.45
 6358.57
 6378.37
 6390.65
 6405.45
 6417.55
 6429.8
 6441.82
 6453.87
 6470.47
 6486.67
 6498.05
 6507.92
 6517.6
 6528.22
 6537.0
 6550.97
 6564.85
 6576.85
 6587.92
 6598.37
 6606.32
 6617.9
 6630.5
 6642.02
 6655.92
 6667.85
 6678.9
 6689.6
 6709.92
 6723.52
 6736.67
 6749.52
 6759.12
 6766.7
 6778.47
 6790.27
 6801.95
 6815.92
 6825.95
 6841.95
 6852.67
 6864.52
 6871.35
 6883.37
 6893.4
 6905.35
 6926.47
 6936.35
 6946.02
 6953.5
 6965.32
 6976.7
 6988.82
 7000.55
 7010.9
 7020.77
 7033.72
 7044.65
 7057.55
 7073.17
 7085.07
 7095.5
 7105.35
 7113.5
 7128.37
 7142.05
 7153.27
 7163.2
 7171.57
 7183.52
 7194.37
 7202.92
 7214.32
 7226.15
 7238.07
 7246.35
 7260.85
 7269.05
 7280.97
 7291.85
 7301.92
 7310.9
 7326.07
 7338.65
 7352.65
 7368.27
 7379.52
 7392.02
 7399.45
 7410.67
 7418.77
 7425.52
 7437.65
 7449.27
 7466.12
 7478.42
 7488.07
 7505.27
 7515.02
 7525.6
 7532.87
 7544.1
 7555.1
 7565.37
 7578.67
 7595.72
 7608.55
 7618.15
 7629.07
 7636.12
 7648.1
 7660.52
 7668.0
 7684.2
 7694.8
 7706.2
 7713.52
 7726.7
 7739.2
 7751.1
 7765.17
 7776.95
 7791.72
 7803.82
 7818.37
 7829.67
 7842.62
 7852.35
 7868.8
 7880.8
 7891.9
 7906.15
 7915.75
 7926.82
 7935.57
 7948.6
 7957.75
 7970.22
 7982.1
 7996.95
 8007.7
 8014.65
 8027.22
 8036.77
 8044.47
 8057.47
 8069.17
 8080.7
 8090.4
 8099.82
 8107.0
 8123.62
 8139.32
 8149.7
 8168.85
 8178.87
 8191.35
 8205.67
 8216.82
 8232.55
 8242.92
 8250.27
 8263.75
 8271.32
 8282.7
 8292.65
 8300.92
 8312.27
 8326.55
 8334.07
 8344.67
 8357.27
 8368.4
 8375.22
 8387.22
 8400.1
 8413.02
 8424.25
 8432.3
 8443.95
 8456.15
 8468.0
 8480.62
 8490.95
 8498.1
 8510.1
 8522.65
 8534.55
 8546.05
 8556.27
 8566.65
 8580.4
 8587.67
 8601.07
 8613.17
 8624.3
 8634.32
 8647.7
 8656.62
 8665.12
 8674.17
 8687.55
 8698.32
 8705.12
 8717.8
 8730.05
 8740.22
 8749.17
 8761.92
 8770.67
 8779.0
 8791.37
 8803.85
 8815.67
 8826.32
 8836.0
 8847.4
 8856.52
 8868.5
 8880.72
 8894.75
 8903.35
 8920.47
 8930.85
 8940.65
 8952.47
 8962.85
 8975.75
 8988.2
 8996.72
 9012.22
 9026.3
 9038.55
 9050.02
 9058.57
 9070.52
 9080.92
 9089.7
 9098.12
 9113.1
 9124.85
 9135.65
 9154.5
 9164.97
 9175.67
 9185.6
 9198.3
 9211.92
 9222.57
 9232.07
 9247.82
 9259.57
 9277.77
 9291.75
 9304.32
 9316.77
 9323.95
 9336.3
 9346.75
 9357.3
 9365.22
 9377.12
 9390.7
 9401.35
 9412.1
 9429.5
 9441.32
 9453.8
 9465.12
 9477.9
 9503.37
 9514.85
 9521.52
 9536.17
 9551.77
 9565.3
 9578.65
 9585.7
 9602.7
 9613.07
 9620.45
 9631.82
 9641.7
 9649.78
 9661.65
 9673.35
 9687.13