14.975
 25.0
 38.375
 51.8
 63.85
 80.975
 95.525
 103.0
 118.575
 137.7
 155.95
 168.325
 176.125
 191.35
 204.25
 212.35
 228.225
 243.05
 256.025
 272.575
 285.2
 295.225
 311.325
 328.1
 343.575
 356.35
 364.325
 380.1
 387.525
 403.725
 423.825
 437.875
 452.075
 464.425
 476.525
 484.925
 496.525
 516.925
 529.075
 539.375
 553.15
 566.45
 583.25
 599.275
 611.2
 625.575
 641.575
 655.7
 670.15
 684.725
 698.575
 714.025
 727.65
 736.15
 753.825
 778.0
 789.675
 803.85
 815.975
 834.1
 842.025
 858.775
 873.0
 882.475
 896.025
 905.325
 921.95
 934.425
 948.025
 963.45
 983.025
 998.475
 1016.03
 1029.13
 1043.03
 1059.05
 1073.55
 1081.15
 1089.7
 1101.6
 1112.28
 1128.63
 1137.08
 1150.28
 1158.18
 1169.4
 1181.93
 1192.28
 1211.18
 1230.95
 1245.9
 1257.43
 1275.23
 1287.28
 1299.53
 1322.23
 1334.95
 1344.88
 1358.93
 1377.85
 1391.33
 1406.05
 1420.4
 1428.33
 1440.58
 1457.95
 1470.88
 1482.18
 1500.7
 1512.93
 1527.5
 1540.1
 1557.6
 1576.23
 1592.13
 1609.18
 1616.63
 1633.25
 1648.15
 1658.33
 1675.43
 1687.85
 1697.05
 1709.93
 1728.25
 1742.6
 1750.6
 1768.98
 1783.83
 1795.7
 1808.43
 1815.58
 1829.08
 1841.3
 1852.05
 1862.83
 1871.55
 1884.83
 1904.15
 1911.6
 1924.6
 1937.68
 1957.2
 1974.93
 1994.55
 2009.13
 2016.85
 2033.15
 2055.55
 2072.88
 2081.55
 2095.7
 2117.28
 2136.0
 2148.88
 2158.45
 2175.25
 2190.4
 2212.95
 2227.93
 2242.0
 2258.0
 2273.6
 2286.0
 2299.13
 2307.3
 2324.68
 2336.95
 2345.88
 2363.25
 2375.08
 2399.13
 2416.8
 2428.92
 2443.85
 2459.45
 2469.85
 2488.7
 2502.4
 2512.9
 2531.22
 2545.4
 2560.07
 2571.57
 2583.47
 2597.57
 2612.35
 2625.27
 2632.7
 2641.87
 2655.02
 2667.37
 2677.1
 2691.35
 2699.42
 2716.95
 2734.7
 2751.35
 2765.72
 2776.82
 2795.67
 2807.32
 2814.95
 2822.7
 2831.1
 2849.15
 2865.5
 2884.77
 2902.0
 2913.17
 2929.67
 2945.77
 2953.75
 2967.02
 2981.85
 2995.55
 3002.85
 3016.17
 3026.62
 3037.9
 3052.32
 3063.8
 3073.87
 3087.05
 3094.7
 3114.4
 3127.05
 3146.6
 3158.87
 3166.87
 3182.82
 3195.72
 3203.35
 3217.6
 3236.97
 3251.82
 3259.05
 3278.05
 3292.15
 3309.65
 3320.2
 3333.85
 3341.3
 3349.52
 3358.62
 3374.52
 3390.15
 3398.17
 3410.7
 3421.6
 3441.07
 3456.97
 3472.3
 3479.42
 3502.92
 3516.75
 3528.85
 3544.27
 3554.25
 3572.5
 3581.4
 3597.17
 3609.77
 3622.5
 3635.7
 3645.5
 3662.05
 3680.62
 3691.25
 3698.87
 3709.0
 3717.12
 3733.6
 3747.57
 3758.77
 3768.2
 3780.37
 3788.9
 3808.25
 3820.15
 3831.57
 3849.12
 3871.52
 3889.1
 3900.97
 3912.77
 3928.87
 3937.87
 3954.75
 3969.3
 3991.77
 4005.42
 4014.5
 4032.42
 4045.4
 4059.5
 4067.07
 4077.02
 4085.82
 4102.02
 4122.8
 4145.47
 4161.27
 4169.02
 4182.07
 4200.7
 4217.07
 4228.45
 4238.3
 4245.22
 4261.97
 4270.97
 4288.6
 4296.97
 4306.0
 4329.07
 4338.97
 4354.8
 4380.9
 4394.22
 4406.5
 4415.15
 4429.97
 4438.37
 4456.65
 4467.07
 4484.02
 4501.62
 4516.35
 4529.17
 4541.87
 4554.52
 4567.07
 4584.42
 4602.8
 4620.55
 4631.9
 4646.02
 4653.65
 4669.75
 4687.87
 4706.95
 4728.07
 4752.97
 4768.0
 4786.42
 4798.17
 4807.87
 4823.32
 4837.3
 4848.07
 4861.15
 4880.15
 4887.4
 4903.62
 4919.2
 4940.55
 4948.07
 4964.32
 4978.5
 4990.75
 5002.1
 5017.27
 5038.1
 5055.62
 5073.27
 5100.9
 5115.15
 5124.42
 5140.3
 5149.77
 5165.12
 5178.75
 5196.87
 5209.72
 5220.75
 5239.15
 5252.42
 5270.37
 5285.3
 5296.75
 5317.25
 5334.97
 5346.8
 5355.4
 5370.2
 5390.8
 5402.85
 5415.77
 5427.55
 5435.42
 5452.7
 5465.4
 5478.92
 5494.42
 5507.55
 5516.7
 5535.27
 5548.12
 5557.37
 5580.32
 5594.97
 5608.05
 5622.57
 5641.12
 5653.15
 5666.5
 5679.52
 5688.67
 5703.4
 5715.12
 5729.37
 5742.62
 5754.32
 5769.07
 5794.42
 5812.0
 5831.92
 5849.97
 5868.35
 5882.05
 5906.47
 5924.92
 5940.67
 5949.82
 5967.15
 5985.02
 6002.82
 6014.52
 6024.95
 6039.27
 6056.35
 6070.75
 6082.47
 6097.75
 6114.17
 6127.0
 6136.77
 6154.37
 6167.35
 6177.95
 6192.42
 6206.45
 6214.5
 6223.0
 6240.45
 6252.32
 6262.5
 6277.4
 6284.8
 6295.32
 6309.17
 6322.1
 6336.4
 6344.92
 6360.65
 6378.65
 6391.22
 6406.05
 6415.52
 6424.17
 6434.2
 6442.52
 6453.2
 6471.12
 6479.22
 6487.5
 6497.72
 6518.67
 6536.5
 6551.35
 6565.2
 6577.82
 6592.27
 6606.52
 6618.45
 6629.07
 6642.67
 6651.57
 6667.77
 6679.65
 6689.1
 6708.9
 6727.32
 6742.37
 6751.67
 6766.8
 6777.75
 6790.6
 6802.75
 6810.55
 6828.57
 6843.77
 6859.25
 6867.2
 6885.02
 6894.8
 6910.87
 6928.07
 6953.67
 6965.67
 6973.9
 6989.47
 7005.35
 7023.32
 7030.45
 7048.35
 7061.75
 7071.87
 7085.42
 7094.22
 7113.25
 7128.57
 7142.45
 7154.0
 7171.55
 7185.87
 7195.5
 7205.45
 7215.17
 7223.5
 7238.6
 7251.75
 7264.9
 7283.77
 7295.8
 7303.42
 7311.7
 7320.87
 7337.72
 7354.4
 7369.1
 7382.05
 7395.77
 7410.95
 7418.95
 7437.85
 7449.67
 7459.45
 7476.67
 7491.5
 7508.32
 7520.52
 7533.27
 7542.22
 7557.9
 7566.9
 7580.35
 7596.75
 7604.75
 7621.92
 7635.95
 7648.65
 7664.87
 7685.72
 7699.65
 7713.37
 7726.97
 7739.27
 7751.65
 7765.47
 7777.67
 7784.87
 7792.67
 7804.15
 7818.77
 7830.95
 7850.52
 7868.25
 7881.1
 7906.1
 7921.0
 7929.42
 7937.12
 7950.62
 7970.57
 7982.45
 7991.07
 8001.6
 8013.3
 8028.62
 8044.47
 8058.65
 8073.27
 8081.75
 8091.35
 8101.75
 8118.92
 8127.5
 8141.55
 8155.55
 8171.8
 8178.95
 8191.92
 8200.22
 8216.9
 8231.05
 8249.87
 8267.67
 8285.37
 8301.72
 8310.1
 8319.15
 8330.25
 8345.7
 8361.77
 8373.6
 8387.62
 8400.5
 8410.4
 8430.27
 8444.22
 8452.62
 8465.22
 8482.65
 8498.1
 8507.8
 8523.17
 8535.07
 8546.77
 8559.22
 8567.9
 8583.22
 8601.3
 8615.35
 8634.8
 8650.0
 8670.0
 8689.87
 8701.57
 8718.82
 8733.6
 8749.3
 8762.65
 8779.47
 8788.25
 8804.07
 8817.1
 8828.37
 8841.4
 8850.77
 8867.42
 8881.05
 8888.85
 8903.7
 8922.4
 8935.2
 8942.35
 8963.05
 8976.07
 8985.55
 8997.07
 9012.77
 9020.12
 9027.55
 9038.22
 9057.45
 9072.67
 9084.62
 9092.6
 9113.45
 9125.32
 9137.4
 9155.2
 9167.85
 9177.3
 9187.12
 9194.1
 9212.47
 9225.07
 9237.7
 9252.85
 9265.1
 9275.87
 9292.1
 9304.87
 9316.57
 9324.5
 9334.47
 9348.35
 9365.37
 9373.07
 9391.0
 9403.92
 9411.82
 9429.85
 9441.6
 9453.45
 9468.22
 9484.27
 9507.65
 9521.2
 9530.57
 9552.75
 9570.7
 9585.65
 9593.97
 9604.52
 9611.4
 9620.62
 9630.17
 9647.65
 9661.88
 9673.85
 9687.6