14.825
 27.2
 38.725
 50.725
 59.625
 69.225
 82.4
 94.925
 106.425
 125.175
 141.0
 153.1
 168.3
 180.75
 189.175
 201.075
 216.275
 230.125
 243.25
 255.5
 270.375
 285.425
 302.325
 315.075
 328.7
 338.1
 348.175
 360.95
 377.6
 394.45
 409.15
 423.5
 436.7
 450.475
 463.175
 477.75
 491.325
 502.3
 516.75
 529.025
 540.9
 553.325
 566.725
 577.1
 589.45
 599.975
 612.875
 628.35
 640.975
 654.85
 668.95
 683.575
 694.85
 714.1
 727.475
 742.4
 754.05
 765.45
 778.275
 799.075
 812.9
 825.8
 834.575
 842.925
 854.75
 865.425
 873.75
 887.25
 899.1
 921.925
 934.6
 949.275
 967.225
 986.075
 998.7
 1010.28
 1022.3
 1035.23
 1046.15
 1059.1
 1072.1
 1080.68
 1090.85
 1099.05
 1110.5
 1129.03
 1143.48
 1155.0
 1169.55
 1182.65
 1194.13
 1203.73
 1214.83
 1230.7
 1242.4
 1257.03
 1271.3
 1284.15
 1297.1
 1312.58
 1323.43
 1335.38
 1348.35
 1360.1
 1376.43
 1389.18
 1400.33
 1415.95
 1432.0
 1445.55
 1458.28
 1470.75
 1481.25
 1496.53
 1511.1
 1527.2
 1539.85
 1555.0
 1564.85
 1579.88
 1593.4
 1602.25
 1616.4
 1628.78
 1641.38
 1653.38
 1661.85
 1675.15
 1688.28
 1696.08
 1710.3
 1723.23
 1735.4
 1748.28
 1760.73
 1769.43
 1783.95
 1795.65
 1807.5
 1821.8
 1835.2
 1847.85
 1861.03
 1873.73
 1885.78
 1903.13
 1914.95
 1927.93
 1939.78
 1954.3
 1963.7
 1975.3
 1988.6
 2002.55
 2017.03
 2030.4
 2043.4
 2055.45
 2074.8
 2087.15
 2102.18
 2117.08
 2128.88
 2138.83
 2148.85
 2161.18
 2174.45
 2185.25
 2205.45
 2217.45
 2228.0
 2238.1
 2249.68
 2259.4
 2272.73
 2286.23
 2298.68
 2313.0
 2324.48
 2336.58
 2350.15
 2363.2
 2374.58
 2390.28
 2405.15
 2416.85
 2425.2
 2442.82
 2457.97
 2466.47
 2481.2
 2490.97
 2502.1
 2518.55
 2531.15
 2543.62
 2557.97
 2571.5
 2582.85
 2597.62
 2605.32
 2613.37
 2622.8
 2640.87
 2655.2
 2666.9
 2679.92
 2691.55
 2703.6
 2718.22
 2729.82
 2739.2
 2751.7
 2766.05
 2773.3
 2783.27
 2795.67
 2807.72
 2815.05
 2822.9
 2834.7
 2848.4
 2862.8
 2873.05
 2887.87
 2901.87
 2913.42
 2923.7
 2936.35
 2948.95
 2963.42
 2974.85
 2990.0
 3007.77
 3026.27
 3038.2
 3052.1
 3062.82
 3073.75
 3082.22
 3093.92
 3105.72
 3115.8
 3123.42
 3132.6
 3147.35
 3155.57
 3168.02
 3179.8
 3193.62
 3208.37
 3220.15
 3229.37
 3241.52
 3252.22
 3265.35
 3278.05
 3285.55
 3295.75
 3309.7
 3322.42
 3334.0
 3348.52
 3362.35
 3370.32
 3381.72
 3390.72
 3402.62
 3414.75
 3426.42
 3442.22
 3456.77
 3470.82
 3484.15
 3497.92
 3509.9
 3524.95
 3536.15
 3557.22
 3565.82
 3574.07
 3583.47
 3596.15
 3608.57
 3621.72
 3634.05
 3650.27
 3663.8
 3679.97
 3690.85
 3707.27
 3720.85
 3732.92
 3744.62
 3757.07
 3767.5
 3780.67
 3792.92
 3808.2
 3820.15
 3828.8
 3839.97
 3850.02
 3871.27
 3889.35
 3901.07
 3912.9
 3921.17
 3929.47
 3943.12
 3955.4
 3969.27
 3976.5
 3987.62
 4001.55
 4014.25
 4027.5
 4044.52
 4059.52
 4067.9
 4076.77
 4087.8
 4100.07
 4112.45
 4123.1
 4135.67
 4147.9
 4161.47
 4174.47
 4189.0
 4202.1
 4214.47
 4227.47
 4238.0
 4249.82
 4262.25
 4271.12
 4282.55
 4296.15
 4312.65
 4327.57
 4339.2
 4351.82
 4363.87
 4375.92
 4388.67
 4406.3
 4420.2
 4436.52
 4444.62
 4456.3
 4471.65
 4481.97
 4493.65
 4502.12
 4516.27
 4529.65
 4541.8
 4554.4
 4567.15
 4581.82
 4595.07
 4603.45
 4620.0
 4630.65
 4646.37
 4659.07
 4672.25
 4689.67
 4704.37
 4722.8
 4738.72
 4755.6
 4767.82
 4785.82
 4798.37
 4811.65
 4823.37
 4837.47
 4853.5
 4865.37
 4880.0
 4893.4
 4905.97
 4918.77
 4934.5
 4948.72
 4963.05
 4977.55
 4990.4
 5003.55
 5015.77
 5024.32
 5040.6
 5055.52
 5063.62
 5073.42
 5083.52
 5101.25
 5116.87
 5124.7
 5139.55
 5154.07
 5165.92
 5178.3
 5196.35
 5209.07
 5220.9
 5235.2
 5247.75
 5259.67
 5270.55
 5283.87
 5296.45
 5312.87
 5326.42
 5335.32
 5342.57
 5356.35
 5369.4
 5384.65
 5400.35
 5412.72
 5424.45
 5435.57
 5450.9
 5464.9
 5478.77
 5494.05
 5507.42
 5522.35
 5535.32
 5547.92
 5559.9
 5571.65
 5581.67
 5594.72
 5610.57
 5622.32
 5636.1
 5648.95
 5660.8
 5673.35
 5685.67
 5700.47
 5712.55
 5724.9
 5736.5
 5750.85
 5768.07
 5780.5
 5793.45
 5805.67
 5817.65
 5829.22
 5841.7
 5850.52
 5865.9
 5878.75
 5892.5
 5904.07
 5916.42
 5925.22
 5932.77
 5940.95
 5952.57
 5968.35
 5984.8
 6002.62
 6014.05
 6027.32
 6045.2
 6055.75
 6070.3
 6083.32
 6091.4
 6113.3
 6126.12
 6133.92
 6141.87
 6154.62
 6167.12
 6178.82
 6188.07
 6203.8
 6216.2
 6228.7
 6239.1
 6252.27
 6265.1
 6277.45
 6286.02
 6295.25
 6309.12
 6321.9
 6335.92
 6347.87
 6361.17
 6372.0
 6390.67
 6405.8
 6418.0
 6425.57
 6442.07
 6453.82
 6470.85
 6486.97
 6499.82
 6516.85
 6534.12
 6545.55
 6563.9
 6577.8
 6592.12
 6606.07
 6618.4
 6625.65
 6637.97
 6651.82
 6665.15
 6677.07
 6691.35
 6710.05
 6722.62
 6740.75
 6752.92
 6765.22
 6778.35
 6790.65
 6802.4
 6809.92
 6828.87
 6843.6
 6856.07
 6870.8
 6885.07
 6894.02
 6906.72
 6920.32
 6928.8
 6940.02
 6962.52
 6977.37
 6989.22
 7003.97
 7023.25
 7036.77
 7049.5
 7061.85
 7073.65
 7085.3
 7100.15
 7111.05
 7128.47
 7141.6
 7154.22
 7171.5
 7185.97
 7193.77
 7203.2
 7214.8
 7225.07
 7238.45
 7246.45
 7258.57
 7269.27
 7283.92
 7292.22
 7303.75
 7312.32
 7326.3
 7338.92
 7351.4
 7362.45
 7371.2
 7379.15
 7390.85
 7399.7
 7410.9
 7419.2
 7431.07
 7439.57
 7449.77
 7466.47
 7473.67
 7491.5
 7508.42
 7520.47
 7532.87
 7544.52
 7557.95
 7576.72
 7585.1
 7592.02
 7604.17
 7618.4
 7633.75
 7648.35
 7663.85
 7676.57
 7686.22
 7698.97
 7713.42
 7727.07
 7739.15
 7748.05
 7760.57
 7777.27
 7791.92
 7804.15
 7818.75
 7831.12
 7852.32
 7869.07
 7881.17
 7888.9
 7902.77
 7916.25
 7934.65
 7952.6
 7964.55
 7981.35
 7995.25
 8009.95
 8023.17
 8035.77
 8044.97
 8058.52
 8078.07
 8090.17
 8104.95
 8119.15
 8127.97
 8135.05
 8144.12
 8151.9
 8165.1
 8179.9
 8191.77
 8199.32
 8206.87
 8222.8
 8230.77
 8242.87
 8257.02
 8270.6
 8285.37
 8300.97
 8318.07
 8330.1
 8343.57
 8358.47
 8370.32
 8382.82
 8396.95
 8412.77
 8432.27
 8444.1
 8451.37
 8464.52
 8476.37
 8490.65
 8499.17
 8508.1
 8521.5
 8534.67
 8546.5
 8559.05
 8570.97
 8587.7
 8597.2
 8614.92
 8633.65
 8645.67
 8656.92
 8671.95
 8687.07
 8702.22
 8714.85
 8727.15
 8735.17
 8742.87
 8761.37
 8773.8
 8786.27
 8799.2
 8811.97
 8825.37
 8838.07
 8852.5
 8865.77
 8879.77
 8891.4
 8903.37
 8915.2
 8923.35
 8934.8
 8943.8
 8955.5
 8962.47
 8973.8
 8986.9
 8997.3
 9009.67
 9026.7
 9040.62
 9058.02
 9069.72
 9084.17
 9098.3
 9113.47
 9125.2
 9142.1
 9155.4
 9167.72
 9180.42
 9193.92
 9206.07
 9223.85
 9237.1
 9249.82
 9261.67
 9275.15
 9287.0
 9304.77
 9320.87
 9332.55
 9346.7
 9359.5
 9373.3
 9384.92
 9398.02
 9411.62
 9429.7
 9441.77
 9456.3
 9468.3
 9484.27
 9499.2
 9508.32
 9521.3
 9536.55
 9553.07
 9570.77
 9584.02
 9599.62
 9612.2
 9620.92
 9634.12
 9649.9
 9661.93
 9670.28
 9684.28
 9696.33