16.7
 25.725
 38.425
 51.325
 65.3
 78.225
 98.6
 112.425
 126.4
 139.55
 158.4
 169.775
 188.25
 202.425
 217.4
 230.7
 246.5
 269.65
 290.525
 310.15
 326.875
 340.975
 355.775
 369.6
 383.25
 403.1
 421.325
 438.5
 450.3
 468.4
 477.5
 499.8
 517.325
 538.575
 557.4
 567.4
 585.575
 604.025
 617.0
 640.1
 657.325
 670.475
 685.725
 695.175
 713.8
 727.175
 736.0
 745.025
 755.975
 773.85
 789.975
 802.25
 817.475
 831.85
 844.975
 860.1
 871.825
 887.025
 901.25
 922.3
 936.7
 947.3
 964.525
 979.9
 993.025
 1014.1
 1028.83
 1054.8
 1070.5
 1083.85
 1095.13
 1104.83
 1113.2
 1132.53
 1144.18
 1164.3
 1178.03
 1210.3
 1229.4
 1240.55
 1254.7
 1272.95
 1287.83
 1300.63
 1319.3
 1333.45
 1343.25
 1356.7
 1369.73
 1378.68
 1397.9
 1414.03
 1426.58
 1446.1
 1461.8
 1482.55
 1495.43
 1518.93
 1534.58
 1549.58
 1564.63
 1577.83
 1590.1
 1609.83
 1627.15
 1637.28
 1653.08
 1662.1
 1669.5
 1681.35
 1697.15
 1713.6
 1728.43
 1738.38
 1746.08
 1757.55
 1771.38
 1782.35
 1795.13
 1809.08
 1824.2
 1841.98
 1859.38
 1879.4
 1893.48
 1908.0
 1922.2
 1931.58
 1943.3
 1951.1
 1962.78
 1977.83
 1988.4
 2004.8
 2018.0
 2036.18
 2054.88
 2070.0
 2080.0
 2100.95
 2117.98
 2130.3
 2146.95
 2162.28
 2173.28
 2181.6
 2198.03
 2214.45
 2232.48
 2241.63
 2250.4
 2266.3
 2285.05
 2297.58
 2317.28
 2333.25
 2347.35
 2357.03
 2370.08
 2382.25
 2395.05
 2413.45
 2428.1
 2443.5
 2462.65
 2480.25
 2495.62
 2511.95
 2531.17
 2549.7
 2560.8
 2581.37
 2600.55
 2617.67
 2632.7
 2641.47
 2656.95
 2667.3
 2675.47
 2689.6
 2703.95
 2717.25
 2736.85
 2750.32
 2760.82
 2779.77
 2794.05
 2806.27
 2823.35
 2840.05
 2848.95
 2856.8
 2867.82
 2875.02
 2888.8
 2905.67
 2916.5
 2932.9
 2948.3
 2962.37
 2981.4
 2996.22
 3007.27
 3021.82
 3043.3
 3056.92
 3072.42
 3085.52
 3092.77
 3108.62
 3121.4
 3133.35
 3142.12
 3160.25
 3170.2
 3184.87
 3196.82
 3207.6
 3222.47
 3238.3
 3247.5
 3255.87
 3272.32
 3290.72
 3305.25
 3319.85
 3332.57
 3345.55
 3355.3
 3373.45
 3387.57
 3398.52
 3419.32
 3434.72
 3443.12
 3460.62
 3474.65
 3484.2
 3496.02
 3510.92
 3527.62
 3536.2
 3543.6
 3555.72
 3570.47
 3581.05
 3598.12
 3613.05
 3628.05
 3643.57
 3657.25
 3676.62
 3696.6
 3713.37
 3727.25
 3740.52
 3754.55
 3771.77
 3785.42
 3811.42
 3822.67
 3832.9
 3851.57
 3864.85
 3878.92
 3893.17
 3913.17
 3937.2
 3951.7
 3961.45
 3971.72
 3985.1
 4000.92
 4012.32
 4020.05
 4033.35
 4046.35
 4055.12
 4064.0
 4075.77
 4089.92
 4099.8
 4106.57
 4124.32
 4143.47
 4161.1
 4170.77
 4189.92
 4207.8
 4218.57
 4233.12
 4243.17
 4264.5
 4281.87
 4296.02
 4304.32
 4311.25
 4325.52
 4348.6
 4365.57
 4376.07
 4394.95
 4411.67
 4427.1
 4439.87
 4454.25
 4469.07
 4483.02
 4494.42
 4512.2
 4525.42
 4537.57
 4556.45
 4570.65
 4581.47
 4600.32
 4617.05
 4630.2
 4640.97
 4649.52
 4661.27
 4679.87
 4694.65
 4707.3
 4723.57
 4736.32
 4753.05
 4768.67
 4783.3
 4801.85
 4815.0
 4826.55
 4848.45
 4861.62
 4873.75
 4885.3
 4897.52
 4904.62
 4917.9
 4938.07
 4951.9
 4978.5
 4993.42
 5009.62
 5024.87
 5038.37
 5052.17
 5060.57
 5081.15
 5097.25
 5111.55
 5125.62
 5138.52
 5159.17
 5176.05
 5188.87
 5197.45
 5205.0
 5218.95
 5232.3
 5241.52
 5261.65
 5275.57
 5292.27
 5306.52
 5321.82
 5329.0
 5342.72
 5357.65
 5366.5
 5376.75
 5387.95
 5404.22
 5421.52
 5434.75
 5454.37
 5468.42
 5479.02
 5485.75
 5499.0
 5509.15
 5520.22
 5542.97
 5559.95
 5569.2
 5586.32
 5599.27
 5616.17
 5630.12
 5646.7
 5665.52
 5679.42
 5693.25
 5712.27
 5726.32
 5738.37
 5758.1
 5772.05
 5787.9
 5800.67
 5814.4
 5831.62
 5845.45
 5860.55
 5871.25
 5890.92
 5909.82
 5925.3
 5935.8
 5948.87
 5960.27
 5980.07
 5988.42
 5996.52
 6007.0
 6013.87
 6027.77
 6043.82
 6067.5
 6081.77
 6092.05
 6110.72
 6118.12
 6131.0
 6144.9
 6153.57
 6172.1
 6180.2
 6193.37
 6209.27
 6224.45
 6237.47
 6255.4
 6274.45
 6284.72
 6294.1
 6306.67
 6320.77
 6337.2
 6346.72
 6353.87
 6367.05
 6381.52
 6395.3
 6404.35
 6414.2
 6422.95
 6433.62
 6453.55
 6470.52
 6486.8
 6500.22
 6516.22
 6531.25
 6544.27
 6551.27
 6564.1
 6572.12
 6591.62
 6601.82
 6609.55
 6624.2
 6639.12
 6652.92
 6666.75
 6684.25
 6700.75
 6716.65
 6730.62
 6743.35
 6758.8
 6772.37
 6793.35
 6813.05
 6828.15
 6841.1
 6852.45
 6870.3
 6884.67
 6899.1
 6914.42
 6927.35
 6941.67
 6960.4
 6973.27
 6987.5
 7002.52
 7016.55
 7030.35
 7049.65
 7062.52
 7077.75
 7099.32
 7113.3
 7125.6
 7148.35
 7166.07
 7184.9
 7195.3
 7211.5
 7221.57
 7234.92
 7244.77
 7265.02
 7282.15
 7296.55
 7308.95
 7322.4
 7340.65
 7353.67
 7361.35
 7373.8
 7392.65
 7412.35
 7425.02
 7435.6
 7451.1
 7469.35
 7482.92
 7495.87
 7520.6
 7541.12
 7556.02
 7578.0
 7596.22
 7617.82
 7635.67
 7653.7
 7671.75
 7682.32
 7698.72
 7713.07
 7726.97
 7735.52
 7754.75
 7762.17
 7775.77
 7789.0
 7803.32
 7816.35
 7830.5
 7841.5
 7856.92
 7866.15
 7887.25
 7901.75
 7911.0
 7918.95
 7933.8
 7952.57
 7969.77
 7978.32
 7997.35
 8016.37
 8032.47
 8041.12
 8061.12
 8078.12
 8092.5
 8102.97
 8121.87
 8139.25
 8156.35
 8174.77
 8188.55
 8202.35
 8216.32
 8233.85
 8247.0
 8262.65
 8273.32
 8291.77
 8314.27
 8332.07
 8347.72
 8356.37
 8378.57
 8391.32
 8400.42
 8408.12
 8422.5
 8436.32
 8452.02
 8471.55
 8480.35
 8498.55
 8512.62
 8523.15
 8540.82
 8557.3
 8573.22
 8586.42
 8596.75
 8614.1
 8627.65
 8648.67
 8666.95
 8681.37
 8690.25
 8699.62
 8709.3
 8718.07
 8730.2
 8740.72
 8750.7
 8770.32
 8789.25
 8809.25
 8827.85
 8837.7
 8847.02
 8856.0
 8863.25
 8875.37
 8889.8
 8905.8
 8921.07
 8936.05
 8944.4
 8962.5
 8977.65
 8989.72
 9007.22
 9020.05
 9030.52
 9049.4
 9063.65
 9073.6
 9080.65
 9092.8
 9110.5
 9126.22
 9137.02
 9145.67
 9156.72
 9175.05
 9192.35
 9205.67
 9219.72
 9236.85
 9255.7
 9272.67
 9286.57
 9303.65
 9318.25
 9331.02
 9344.12
 9356.9
 9364.82
 9379.65
 9389.85
 9412.22
 9426.82
 9437.07
 9454.52
 9468.75
 9482.8
 9496.8
 9510.02
 9523.15
 9536.85
 9547.87
 9565.05
 9580.25
 9593.47
 9604.52
 9612.35
 9627.05
 9642.53
 9655.23
 9668.8
 9681.58
 9697.98