15.4
 26.55
 37.825
 48.275
 58.9
 69.0
 76.35
 88.075
 99.3
 109.45
 121.2
 131.175
 140.8
 156.125
 168.35
 177.85
 189.925
 200.275
 214.85
 226.375
 236.925
 248.5
 262.15
 273.15
 282.875
 292.4
 303.65
 321.575
 333.275
 342.875
 355.075
 365.15
 378.6
 389.075
 398.6
 408.725
 424.525
 436.15
 446.55
 456.2
 463.625
 474.875
 484.025
 493.95
 503.8
 511.0
 520.55
 530.525
 540.65
 549.2
 559.35
 569.55
 579.225
 589.2
 598.575
 612.525
 622.875
 632.575
 644.35
 655.675
 671.025
 682.1
 692.525
 704.0
 715.475
 725.675
 739.25
 748.75
 758.475
 769.25
 777.725
 787.4
 798.825
 811.8
 823.9
 838.85
 852.325
 862.375
 872.025
 882.75
 892.75
 904.975
 914.65
 925.85
 937.125
 946.75
 955.6
 966.475
 974.0
 986.1
 997.025
 1006.55
 1019.2
 1028.7
 1041.38
 1052.08
 1061.63
 1071.48
 1080.83
 1090.3
 1097.28
 1113.88
 1126.4
 1136.15
 1148.8
 1159.65
 1170.0
 1180.25
 1189.7
 1200.0
 1211.88
 1223.83
 1234.13
 1244.05
 1256.8
 1267.25
 1281.68
 1294.88
 1308.15
 1320.98
 1332.15
 1345.9
 1356.78
 1368.1
 1378.45
 1388.9
 1398.5
 1408.4
 1420.05
 1430.5
 1439.08
 1448.58
 1458.5
 1470.53
 1483.65
 1496.98
 1506.95
 1517.95
 1527.83
 1538.55
 1549.08
 1560.55
 1570.4
 1580.53
 1590.55
 1601.88
 1612.6
 1623.6
 1635.13
 1645.38
 1656.0
 1666.7
 1675.8
 1687.28
 1697.88
 1709.35
 1721.08
 1731.48
 1746.4
 1760.23
 1770.58
 1786.45
 1796.08
 1810.63
 1820.15
 1828.23
 1846.43
 1858.43
 1868.9
 1881.7
 1895.35
 1908.9
 1922.05
 1933.95
 1945.73
 1956.7
 1963.75
 1977.88
 1987.0
 1998.18
 2008.65
 2018.18
 2027.73
 2036.78
 2046.35
 2056.78
 2066.28
 2081.98
 2091.9
 2104.48
 2114.03
 2122.63
 2132.63
 2140.6
 2151.73
 2162.2
 2173.85
 2186.03
 2197.4
 2207.45
 2218.08
 2228.75
 2241.35
 2252.48
 2261.95
 2272.85
 2281.05
 2294.83
 2310.25
 2323.7
 2337.73
 2348.15
 2356.08
 2363.98
 2377.55
 2391.13
 2401.28
 2412.33
 2425.37
 2437.05
 2447.07
 2459.6
 2470.07
 2481.15
 2491.57
 2500.02
 2511.3
 2521.07
 2530.47
 2545.82
 2556.8
 2566.92
 2577.0
 2586.97
 2598.3
 2621.05
 2632.6
 2643.82
 2653.8
 2663.65
 2673.12
 2684.55
 2698.5
 2708.75
 2718.67
 2729.0
 2739.6
 2750.9
 2762.65
 2773.17
 2779.75
 2790.4
 2802.05
 2811.65
 2821.25
 2831.7
 2843.7
 2854.45
 2864.05
 2882.45
 2893.0
 2911.9
 2922.0
 2931.57
 2942.77
 2952.7
 2963.7
 2973.42
 2993.82
 3003.55
 3014.25
 3025.07
 3033.07
 3042.35
 3053.4
 3067.17
 3078.15
 3089.35
 3099.05
 3109.62
 3119.67
 3126.27
 3135.17
 3145.97
 3157.37
 3170.65
 3184.32
 3194.17
 3203.7
 3215.27
 3224.9
 3234.42
 3241.1
 3251.45
 3260.92
 3270.32
 3281.0
 3290.52
 3301.67
 3311.35
 3321.9
 3331.67
 3342.22
 3353.87
 3363.32
 3373.75
 3384.22
 3398.95
 3409.15
 3419.6
 3430.37
 3439.82
 3449.9
 3460.6
 3471.27
 3481.05
 3498.62
 3509.67
 3520.85
 3533.32
 3542.77
 3552.42
 3563.02
 3575.3
 3584.02
 3593.17
 3599.95
 3609.55
 3621.25
 3629.32
 3637.8
 3647.22
 3658.42
 3668.4
 3677.3
 3687.95
 3701.07
 3713.72
 3724.0
 3736.02
 3745.0
 3755.8
 3767.62
 3777.25
 3787.02
 3798.8
 3809.37
 3818.85
 3829.52
 3841.17
 3848.22
 3858.17
 3867.77
 3874.87
 3884.75
 3899.15
 3910.67
 3920.62
 3930.95
 3943.2
 3954.35
 3967.0
 3977.4
 3989.12
 3999.12
 4012.6
 4022.75
 4033.2
 4039.72
 4049.12
 4058.62
 4066.22
 4073.45
 4082.67
 4091.7
 4101.65
 4112.25
 4123.3
 4131.72
 4141.45
 4152.1
 4162.6
 4173.5
 4180.55
 4190.47
 4200.25
 4208.05
 4226.02
 4235.42
 4250.82
 4262.45
 4273.55
 4286.35
 4295.95
 4306.8
 4316.97
 4327.35
 4343.82
 4357.52
 4367.82
 4377.95
 4387.77
 4402.42
 4414.6
 4427.25
 4439.57
 4449.62
 4460.75
 4471.9
 4482.37
 4493.22
 4505.95
 4516.4
 4527.3
 4537.02
 4548.82
 4561.02
 4575.6
 4587.85
 4598.37
 4608.9
 4620.27
 4632.37
 4643.42
 4655.2
 4666.52
 4676.22
 4686.7
 4698.0
 4709.6
 4719.15
 4728.15
 4738.47
 4748.42
 4764.55
 4772.45
 4784.47
 4794.15
 4807.62
 4817.5
 4827.3
 4836.67
 4844.62
 4854.07
 4870.65
 4880.72
 4895.55
 4905.57
 4915.42
 4926.82
 4937.2
 4949.32
 4957.5
 4967.05
 4976.85
 4987.4
 5003.67
 5016.02
 5027.82
 5037.75
 5048.6
 5056.35
 5064.35
 5079.12
 5089.52
 5099.62
 5111.2
 5125.05
 5137.32
 5147.57
 5169.77
 5181.17
 5191.07
 5206.12
 5219.05
 5228.95
 5238.7
 5250.67
 5260.75
 5271.27
 5281.05
 5290.8
 5301.27
 5312.4
 5326.15
 5336.87
 5346.45
 5359.12
 5368.75
 5380.37
 5391.47
 5401.45
 5412.77
 5425.2
 5435.47
 5444.85
 5455.7
 5463.57
 5476.67
 5486.42
 5494.57
 5511.17
 5521.02
 5532.92
 5544.85
 5555.8
 5566.92
 5578.15
 5588.35
 5598.52
 5612.12
 5625.25
 5635.05
 5647.05
 5656.52
 5666.82
 5675.42
 5685.42
 5694.77
 5704.85
 5714.87
 5725.62
 5735.15
 5744.92
 5756.97
 5769.8
 5780.07
 5790.7
 5801.92
 5815.1
 5827.35
 5837.6
 5848.42
 5862.15
 5874.42
 5885.62
 5901.05
 5910.95
 5920.5
 5929.45
 5939.17
 5949.32
 5958.62
 5969.75
 5980.45
 5990.85
 6001.67
 6011.25
 6022.67
 6036.15
 6047.0
 6061.75
 6072.85
 6083.02
 6092.8
 6105.07
 6115.52
 6125.35
 6134.87
 6151.5
 6163.67
 6174.07
 6181.77
 6191.27
 6203.0
 6213.57
 6223.47
 6233.6
 6250.72
 6258.42
 6269.0
 6279.2
 6289.77
 6303.35
 6312.85
 6324.3
 6334.12
 6343.97
 6357.9
 6368.37
 6378.0
 6389.75
 6399.4
 6408.4
 6419.6
 6429.77
 6439.57
 6450.85
 6462.32
 6470.8
 6480.8
 6488.0
 6497.7
 6507.42
 6517.27
 6524.7
 6534.95
 6542.77
 6553.32
 6565.35
 6575.52
 6585.97
 6597.77
 6607.85
 6620.45
 6631.07
 6641.67
 6656.07
 6667.32
 6677.2
 6686.97
 6697.7
 6709.82
 6722.12
 6734.0
 6747.32
 6758.5
 6769.02
 6780.0
 6791.17
 6803.25
 6815.8
 6825.45
 6841.6
 6852.42
 6863.8
 6873.35
 6883.07
 6898.82
 6905.3
 6914.75
 6922.82
 6935.72
 6945.32
 6956.47
 6968.62
 6976.52
 6989.07
 7000.12
 7010.27
 7020.35
 7033.45
 7044.17
 7057.15
 7067.6
 7074.22
 7085.47
 7094.77
 7104.75
 7117.97
 7127.95
 7139.22
 7149.6
 7161.87
 7173.4
 7183.17
 7193.9
 7204.4
 7215.07
 7225.77
 7238.62
 7245.35
 7260.4
 7270.92
 7280.57
 7291.27
 7301.47
 7316.27
 7327.7
 7337.75
 7350.6
 7360.15
 7368.07
 7379.1
 7388.1
 7400.62
 7411.77
 7418.07
 7427.55
 7438.0
 7447.92
 7457.72
 7467.47
 7475.17
 7484.12
 7493.67
 7504.95
 7514.6
 7524.72
 7534.7
 7545.02
 7554.62
 7564.72
 7578.22
 7594.42
 7604.4
 7614.6
 7627.1
 7639.07
 7649.4
 7660.1
 7672.45
 7683.95
 7694.27
 7705.65
 7716.0
 7729.57
 7739.35
 7749.4
 7757.45
 7770.17
 7779.72
 7793.77
 7804.55
 7815.75
 7827.45
 7839.87
 7849.55
 7857.82
 7871.15
 7881.7
 7891.45
 7905.72
 7915.2
 7926.25
 7933.92
 7944.65
 7954.37
 7961.3
 7974.12
 7986.52
 7994.17
 8004.02
 8014.42
 8024.22
 8036.12
 8046.55
 8057.07
 8067.6
 8077.87
 8089.9
 8099.3
 8109.42
 8124.27
 8135.32
 8145.72
 8158.45
 8168.57
 8178.35
 8185.92
 8193.75
 8206.3
 8218.25
 8231.77
 8242.37
 8252.02
 8263.12
 8273.1
 8282.35
 8292.15
 8302.25
 8311.85
 8324.82
 8333.9
 8344.2
 8355.77
 8367.37
 8378.12
 8388.95
 8403.75
 8413.22
 8423.87
 8433.92
 8446.4
 8457.87
 8467.05
 8478.9
 8490.42
 8499.97
 8510.95
 8522.9
 8536.3
 8546.02
 8553.57
 8565.65
 8576.92
 8590.45
 8600.32
 8611.7
 8622.55
 8637.67
 8655.05
 8664.32
 8674.12
 8684.07
 8697.75
 8707.67
 8717.5
 8729.6
 8739.57
 8753.47
 8766.72
 8777.05
 8790.35
 8803.15
 8815.05
 8825.37
 8835.2
 8846.67
 8856.55
 8868.1
 8880.27
 8894.75
 8901.72
 8920.1
 8930.35
 8939.97
 8948.47
 8958.22
 8973.27
 8983.8
 8995.77
 9005.35
 9013.6
 9027.95
 9038.1
 9049.55
 9058.97
 9070.15
 9080.42
 9097.5
 9114.0
 9125.42
 9135.2
 9144.57
 9153.97
 9164.45
 9175.17
 9185.02
 9197.3
 9207.67
 9220.75
 9230.45
 9244.35
 9254.3
 9268.67
 9281.67
 9292.25
 9304.52
 9314.9
 9324.65
 9336.47
 9344.15
 9353.82
 9364.6
 9374.4
 9391.45
 9400.92
 9409.55
 9422.8
 9432.85
 9443.0
 9453.42
 9464.02
 9475.25
 9485.37
 9495.55
 9503.25
 9514.25
 9526.67
 9536.5
 9551.32
 9564.1
 9573.9
 9584.5
 9597.37
 9609.95
 9619.85
 9629.42
 9639.28
 9649.83
 9656.35
 9666.2
 9684.93
 9694.63