15.225
 26.725
 38.1
 51.525
 64.05
 75.6
 88.175
 99.3
 109.4
 120.4
 131.35
 145.625
 156.0
 168.125
 177.675
 189.7
 200.95
 211.325
 225.0
 237.325
 248.65
 263.125
 273.1
 284.475
 295.8
 309.25
 321.375
 333.275
 342.925
 353.65
 365.225
 379.875
 390.625
 408.125
 422.975
 431.3
 439.075
 450.5
 463.325
 473.35
 484.625
 494.625
 510.425
 520.6
 530.225
 540.55
 550.125
 560.85
 571.925
 582.65
 593.3
 607.825
 622.95
 633.1
 644.225
 655.725
 669.6
 683.2
 692.9
 704.325
 714.95
 723.85
 736.35
 748.925
 758.625
 769.325
 781.45
 799.05
 815.25
 828.15
 838.85
 854.075
 866.2
 876.075
 888.0
 895.55
 904.9
 914.55
 925.95
 937.35
 946.45
 959.5
 973.65
 986.95
 997.15
 1006.48
 1019.0
 1028.75
 1041.5
 1052.08
 1061.73
 1071.35
 1083.08
 1096.88
 1115.48
 1126.48
 1136.0
 1148.9
 1160.38
 1169.28
 1180.5
 1190.13
 1199.95
 1213.3
 1226.23
 1236.6
 1248.75
 1259.55
 1269.15
 1281.73
 1295.15
 1311.6
 1321.58
 1333.33
 1345.1
 1357.35
 1368.33
 1378.33
 1388.63
 1399.7
 1410.1
 1420.15
 1438.98
 1448.73
 1458.7
 1470.6
 1483.55
 1496.88
 1507.25
 1518.15
 1527.6
 1538.58
 1549.13
 1560.6
 1570.5
 1580.4
 1590.6
 1601.95
 1612.78
 1623.33
 1635.18
 1647.9
 1658.9
 1674.65
 1687.35
 1697.65
 1709.43
 1721.25
 1734.58
 1743.93
 1757.53
 1770.78
 1784.3
 1795.78
 1810.7
 1820.15
 1827.68
 1846.5
 1862.33
 1873.13
 1883.55
 1895.5
 1911.08
 1922.25
 1935.95
 1945.88
 1960.03
 1983.63
 1996.05
 2010.13
 2020.08
 2036.7
 2046.5
 2056.95
 2072.35
 2082.23
 2091.88
 2104.25
 2113.9
 2124.88
 2140.43
 2151.65
 2165.0
 2175.68
 2188.1
 2197.55
 2208.65
 2218.43
 2228.33
 2241.38
 2252.38
 2262.03
 2272.68
 2283.93
 2294.88
 2306.98
 2324.9
 2339.05
 2350.28
 2363.38
 2377.43
 2391.8
 2402.68
 2412.95
 2425.27
 2437.8
 2447.42
 2457.57
 2469.82
 2481.17
 2490.57
 2502.85
 2514.07
 2523.77
 2535.9
 2545.5
 2557.0
 2569.5
 2581.67
 2591.15
 2603.62
 2613.67
 2623.77
 2635.67
 2645.27
 2655.25
 2665.72
 2675.8
 2686.4
 2699.1
 2708.57
 2718.7
 2728.8
 2739.35
 2750.95
 2766.07
 2779.0
 2790.3
 2802.05
 2811.77
 2821.07
 2831.7
 2843.72
 2854.57
 2864.02
 2882.15
 2893.05
 2911.77
 2921.9
 2931.6
 2942.57
 2952.72
 2963.67
 2973.27
 2993.9
 3003.55
 3014.37
 3025.07
 3036.27
 3053.3
 3069.87
 3080.45
 3091.47
 3101.65
 3113.12
 3125.62
 3135.25
 3145.77
 3157.35
 3170.92
 3184.97
 3194.87
 3206.2
 3215.85
 3226.05
 3239.55
 3251.35
 3260.9
 3270.3
 3281.02
 3290.4
 3301.87
 3311.45
 3321.85
 3331.67
 3342.17
 3353.9
 3363.25
 3373.62
 3384.25
 3397.37
 3409.1
 3419.65
 3430.4
 3439.87
 3449.9
 3460.62
 3472.22
 3486.95
 3498.65
 3509.55
 3520.85
 3533.32
 3542.8
 3553.6
 3563.17
 3573.05
 3587.65
 3599.67
 3609.5
 3621.27
 3631.17
 3640.85
 3650.77
 3660.62
 3674.52
 3690.4
 3702.37
 3713.77
 3724.07
 3744.75
 3755.82
 3767.55
 3777.1
 3787.02
 3804.97
 3821.37
 3832.5
 3843.87
 3860.17
 3874.05
 3884.77
 3898.72
 3910.57
 3920.67
 3930.92
 3943.32
 3956.9
 3969.42
 3979.42
 3990.52
 4004.05
 4017.07
 4026.62
 4039.07
 4049.12
 4058.6
 4073.2
 4082.7
 4092.2
 4101.62
 4112.35
 4123.12
 4133.02
 4143.95
 4154.7
 4167.25
 4180.17
 4190.37
 4199.92
 4212.65
 4225.97
 4235.4
 4247.17
 4261.97
 4274.15
 4286.82
 4296.32
 4309.27
 4321.02
 4332.32
 4343.67
 4357.45
 4367.8
 4377.8
 4387.7
 4402.4
 4414.65
 4428.27
 4441.42
 4457.45
 4472.37
 4483.62
 4493.25
 4505.92
 4516.2
 4527.07
 4537.12
 4551.52
 4566.1
 4576.1
 4587.72
 4598.32
 4610.37
 4620.47
 4632.3
 4645.02
 4655.25
 4666.62
 4676.2
 4686.7
 4697.95
 4709.55
 4719.1
 4730.55
 4741.2
 4753.45
 4764.5
 4775.57
 4786.25
 4796.2
 4807.95
 4817.45
 4827.2
 4836.52
 4847.75
 4858.95
 4870.47
 4880.52
 4895.65
 4907.65
 4920.0
 4930.5
 4941.2
 4956.72
 4966.97
 4976.75
 4987.15
 5001.22
 5016.02
 5037.6
 5048.87
 5056.3
 5066.4
 5079.55
 5090.4
 5099.97
 5113.42
 5127.5
 5141.32
 5152.92
 5163.47
 5173.35
 5185.27
 5196.17
 5205.9
 5218.92
 5229.05
 5238.6
 5251.37
 5268.07
 5281.0
 5291.1
 5301.25
 5312.37
 5326.82
 5336.87
 5347.92
 5359.12
 5368.7
 5380.25
 5391.32
 5402.52
 5415.25
 5425.22
 5435.37
 5445.07
 5455.7
 5465.87
 5476.65
 5486.3
 5498.4
 5509.37
 5521.45
 5532.92
 5544.82
 5552.42
 5566.85
 5578.12
 5588.32
 5598.55
 5611.6
 5626.35
 5638.1
 5654.67
 5675.22
 5685.3
 5695.27
 5704.85
 5714.82
 5726.32
 5736.32
 5746.27
 5756.72
 5770.02
 5780.95
 5791.92
 5805.25
 5816.2
 5827.52
 5838.85
 5849.6
 5862.15
 5874.37
 5885.52
 5901.05
 5910.75
 5920.3
 5933.07
 5942.95
 5955.0
 5969.6
 5980.9
 5990.82
 6011.37
 6022.65
 6036.52
 6051.07
 6063.25
 6073.67
 6083.02
 6092.77
 6105.0
 6115.62
 6128.37
 6140.22
 6151.42
 6163.62
 6173.95
 6185.07
 6194.12
 6204.55
 6215.77
 6227.47
 6238.27
 6250.6
 6260.9
 6270.45
 6280.2
 6290.65
 6303.35
 6312.82
 6326.07
 6335.9
 6347.1
 6358.02
 6368.35
 6377.97
 6391.15
 6408.22
 6419.52
 6431.9
 6442.57
 6455.55
 6470.65
 6487.6
 6497.55
 6507.35
 6517.07
 6527.42
 6542.52
 6553.22
 6565.22
 6576.42
 6587.37
 6597.77
 6607.8
 6620.4
 6630.97
 6641.6
 6654.17
 6667.75
 6678.52
 6689.07
 6701.5
 6712.7
 6723.2
 6736.1
 6748.95
 6758.5
 6768.95
 6779.87
 6791.05
 6803.07
 6815.77
 6825.4
 6841.55
 6852.35
 6863.7
 6873.17
 6882.95
 6892.8
 6904.85
 6914.62
 6926.15
 6935.75
 6945.27
 6957.22
 6976.27
 6989.02
 7000.0
 7010.2
 7020.25
 7032.67
 7044.12
 7057.1
 7073.55
 7085.37
 7094.92
 7104.72
 7118.1
 7130.37
 7142.8
 7152.77
 7162.6
 7172.97
 7183.1
 7193.85
 7204.25
 7214.95
 7225.72
 7241.47
 7260.32
 7270.82
 7280.55
 7291.2
 7301.37
 7316.5
 7328.97
 7338.6
 7352.12
 7367.9
 7379.02
 7391.57
 7405.1
 7417.55
 7427.4
 7437.92
 7451.55
 7467.35
 7477.87
 7487.4
 7504.87
 7514.32
 7524.7
 7534.67
 7545.05
 7554.57
 7564.65
 7578.2
 7595.35
 7608.07
 7617.57
 7628.47
 7639.95
 7650.5
 7660.07
 7672.37
 7683.92
 7694.22
 7705.62
 7718.22
 7729.82
 7742.32
 7757.27
 7770.17
 7779.65
 7794.22
 7805.77
 7819.45
 7829.07
 7842.27
 7857.6
 7870.9
 7881.57
 7891.37
 7905.75
 7915.12
 7926.22
 7937.3
 7948.22
 7961.05
 7973.95
 7986.45
 7996.55
 8007.12
 8016.82
 8026.87
 8036.25
 8046.52
 8057.05
 8068.67
 8080.22
 8089.9
 8099.27
 8109.35
 8124.25
 8138.77
 8149.05
 8158.5
 8168.45
 8178.2
 8193.6
 8206.27
 8221.42
 8231.82
 8242.27
 8251.95
 8263.25
 8282.25
 8292.15
 8302.15
 8311.77
 8324.77
 8334.07
 8344.12
 8356.82
 8367.75
 8378.65
 8388.9
 8403.72
 8413.15
 8423.8
 8434.17
 8446.37
 8457.82
 8467.55
 8480.42
 8490.4
 8499.9
 8510.87
 8524.85
 8536.25
 8545.97
 8555.7
 8566.0
 8579.95
 8591.82
 8601.85
 8612.8
 8623.82
 8637.65
 8647.3
 8664.22
 8674.02
 8687.12
 8697.75
 8707.62
 8717.37
 8729.55
 8739.55
 8753.45
 8768.1
 8778.97
 8791.05
 8800.95
 8815.32
 8825.77
 8835.35
 8846.65
 8856.52
 8868.25
 8885.0
 8894.37
 8905.95
 8920.07
 8930.27
 8939.92
 8952.0
 8963.57
 8976.12
 8987.7
 8998.37
 9013.42
 9027.9
 9038.07
 9049.5
 9058.9
 9070.07
 9080.37
 9091.8
 9102.15
 9113.95
 9125.6
 9135.17
 9144.55
 9154.1
 9164.42
 9175.15
 9185.0
 9197.8
 9211.47
 9222.02
 9231.3
 9247.2
 9258.9
 9271.12
 9281.9
 9292.32
 9305.87
 9316.27
 9325.77
 9336.47
 9346.12
 9356.72
 9366.57
 9380.07
 9391.32
 9400.82
 9411.52
 9422.77
 9432.8
 9442.9
 9453.32
 9464.55
 9477.35
 9487.9
 9503.02
 9514.2
 9526.62
 9536.42
 9551.27
 9564.87
 9578.0
 9589.27
 9602.3
 9612.52
 9622.07
 9631.4
 9641.13
 9653.35
 9666.1
 9675.73
 9686.88