16.4
 30.675
 40.1
 55.475
 68.825
 84.875
 98.875
 112.5
 126.4
 136.95
 145.7
 158.2
 172.75
 189.15
 202.25
 211.575
 224.875
 240.65
 252.45
 272.4
 286.45
 294.725
 309.075
 325.125
 339.225
 353.925
 365.7
 384.45
 404.85
 421.275
 437.9
 451.05
 468.3
 483.35
 499.775
 515.325
 533.625
 548.175
 557.725
 574.175
 589.15
 604.0
 617.7
 628.775
 640.45
 656.8
 670.0
 683.85
 698.575
 713.925
 724.675
 736.15
 745.4
 760.65
 774.15
 784.1
 803.15
 818.5
 839.3
 853.95
 872.225
 885.375
 902.5
 918.65
 932.7
 946.5
 962.275
 976.025
 988.7
 1005.0
 1014.55
 1034.58
 1054.98
 1070.43
 1083.98
 1102.28
 1117.48
 1132.55
 1145.6
 1164.73
 1177.95
 1193.83
 1212.28
 1227.08
 1240.33
 1255.5
 1269.98
 1283.38
 1298.58
 1306.85
 1319.8
 1329.08
 1342.7
 1356.68
 1369.6
 1384.38
 1397.83
 1413.98
 1433.48
 1444.03
 1461.6
 1475.18
 1483.25
 1497.48
 1519.0
 1532.73
 1547.2
 1562.18
 1569.73
 1582.4
 1593.85
 1607.7
 1622.78
 1635.33
 1648.8
 1662.53
 1683.08
 1697.03
 1713.23
 1726.85
 1743.18
 1757.35
 1771.25
 1782.53
 1795.18
 1809.3
 1824.33
 1832.95
 1842.9
 1859.25
 1869.15
 1879.68
 1893.43
 1902.9
 1918.38
 1931.23
 1949.6
 1963.93
 1979.23
 1992.1
 2001.0
 2013.23
 2027.58
 2036.83
 2054.83
 2073.55
 2096.8
 2114.75
 2130.15
 2144.65
 2158.65
 2181.33
 2201.18
 2219.88
 2229.15
 2242.4
 2250.8
 2270.08
 2283.15
 2296.0
 2315.33
 2329.15
 2346.73
 2362.8
 2378.68
 2393.65
 2411.33
 2425.27
 2438.82
 2456.95
 2470.55
 2480.52
 2490.07
 2508.0
 2518.1
 2534.35
 2549.97
 2565.95
 2582.97
 2598.7
 2613.72
 2627.42
 2641.55
 2655.12
 2674.35
 2689.62
 2704.2
 2717.25
 2736.82
 2750.42
 2759.47
 2775.55
 2788.85
 2804.65
 2819.65
 2832.6
 2841.17
 2850.97
 2869.05
 2882.07
 2901.07
 2914.9
 2933.4
 2942.7
 2958.72
 2979.57
 2996.05
 3010.8
 3026.92
 3043.4
 3056.82
 3071.65
 3084.97
 3099.17
 3109.22
 3129.05
 3144.62
 3158.0
 3173.47
 3187.3
 3202.9
 3220.15
 3238.45
 3255.82
 3272.65
 3290.87
 3305.47
 3320.12
 3332.97
 3342.17
 3359.02
 3373.6
 3387.8
 3401.77
 3410.37
 3419.77
 3435.0
 3447.85
 3460.7
 3474.82
 3495.12
 3510.07
 3526.42
 3536.5
 3544.0
 3555.55
 3570.6
 3584.6
 3598.3
 3613.35
 3625.02
 3643.17
 3657.45
 3672.12
 3686.85
 3697.1
 3713.65
 3727.45
 3736.85
 3749.82
 3764.35
 3774.42
 3786.52
 3804.52
 3822.67
 3836.52
 3850.47
 3864.77
 3879.47
 3894.02
 3909.12
 3932.1
 3945.6
 3966.15
 3984.8
 3998.27
 4016.55
 4032.2
 4046.45
 4060.62
 4075.35
 4090.12
 4102.92
 4127.07
 4146.1
 4161.47
 4175.27
 4195.32
 4215.77
 4228.97
 4245.5
 4261.75
 4275.07
 4282.92
 4290.3
 4305.67
 4320.9
 4333.77
 4348.4
 4363.62
 4376.45
 4389.6
 4404.4
 4413.47
 4427.27
 4439.9
 4449.5
 4468.85
 4482.62
 4496.77
 4509.9
 4525.47
 4541.5
 4554.75
 4568.1
 4581.35
 4598.6
 4617.4
 4630.35
 4649.17
 4662.8
 4680.0
 4694.95
 4719.87
 4735.25
 4753.2
 4768.55
 4783.42
 4802.2
 4815.25
 4829.15
 4842.67
 4856.95
 4869.45
 4884.57
 4897.82
 4916.15
 4928.8
 4938.75
 4952.17
 4971.7
 4979.82
 4988.12
 4997.1
 5009.87
 5021.32
 5038.4
 5048.37
 5061.82
 5076.87
 5093.55
 5106.42
 5123.27
 5141.92
 5155.57
 5169.65
 5177.35
 5188.9
 5202.82
 5219.12
 5232.45
 5247.45
 5261.85
 5275.75
 5292.47
 5306.67
 5318.6
 5328.72
 5347.15
 5360.45
 5376.92
 5390.92
 5404.25
 5418.35
 5434.82
 5449.5
 5464.17
 5483.42
 5498.05
 5509.45
 5523.77
 5536.65
 5551.7
 5568.77
 5583.2
 5596.3
 5609.45
 5626.17
 5641.32
 5650.95
 5665.85
 5679.37
 5693.45
 5710.42
 5723.25
 5737.35
 5755.5
 5772.35
 5788.02
 5797.5
 5811.85
 5831.87
 5841.95
 5856.15
 5870.52
 5886.3
 5904.15
 5922.8
 5940.55
 5949.32
 5966.07
 5978.77
 5991.47
 6006.7
 6014.52
 6026.05
 6040.05
 6055.05
 6067.92
 6082.27
 6095.6
 6115.27
 6129.4
 6143.4
 6159.02
 6172.3
 6180.72
 6193.6
 6209.45
 6224.6
 6238.07
 6255.47
 6274.27
 6292.35
 6307.72
 6320.8
 6335.22
 6353.5
 6367.6
 6381.72
 6392.42
 6404.35
 6417.62
 6432.0
 6446.6
 6457.37
 6471.05
 6487.2
 6495.12
 6507.92
 6516.67
 6530.35
 6545.02
 6558.05
 6573.07
 6586.72
 6600.25
 6609.7
 6624.57
 6633.3
 6640.77
 6652.97
 6663.52
 6676.32
 6685.22
 6696.15
 6709.6
 6718.2
 6730.9
 6744.17
 6755.7
 6768.85
 6787.27
 6798.22
 6813.95
 6826.42
 6841.27
 6857.05
 6870.75
 6884.87
 6899.62
 6907.37
 6915.42
 6927.7
 6937.92
 6952.77
 6961.0
 6970.37
 6983.07
 6999.05
 7013.67
 7031.9
 7046.5
 7062.55
 7077.82
 7099.25
 7113.22
 7129.32
 7144.05
 7156.92
 7166.55
 7185.1
 7198.05
 7212.02
 7233.5
 7246.17
 7258.97
 7269.17
 7282.75
 7296.87
 7308.05
 7321.65
 7336.12
 7353.5
 7361.82
 7369.92
 7393.2
 7406.45
 7419.22
 7432.85
 7447.5
 7464.55
 7482.22
 7502.05
 7514.9
 7530.17
 7541.45
 7556.4
 7578.2
 7596.47
 7614.0
 7627.45
 7636.15
 7654.17
 7662.4
 7672.17
 7685.15
 7698.95
 7713.65
 7727.25
 7739.97
 7753.5
 7762.05
 7775.92
 7789.77
 7803.55
 7816.42
 7830.75
 7843.92
 7857.22
 7871.4
 7886.12
 7900.72
 7918.97
 7934.05
 7953.0
 7967.22
 7983.0
 8002.35
 8016.1
 8030.9
 8041.45
 8061.5
 8077.25
 8090.6
 8103.3
 8118.12
 8126.85
 8137.92
 8151.17
 8175.42
 8188.75
 8202.82
 8218.3
 8233.05
 8247.9
 8260.67
 8275.25
 8288.52
 8298.12
 8314.55
 8325.1
 8334.25
 8347.87
 8361.65
 8371.07
 8379.4
 8391.47
 8408.22
 8422.72
 8436.42
 8451.92
 8466.32
 8483.6
 8498.85
 8513.12
 8521.17
 8538.87
 8554.8
 8567.72
 8581.67
 8598.45
 8614.0
 8627.37
 8641.7
 8649.32
 8660.52
 8667.82
 8681.82
 8699.82
 8718.02
 8731.4
 8741.05
 8754.25
 8764.45
 8771.72
 8780.02
 8791.12
 8800.35
 8809.6
 8828.12
 8840.6
 8854.25
 8863.32
 8876.22
 8890.2
 8905.87
 8921.3
 8935.72
 8949.8
 8962.65
 8977.35
 8990.12
 9007.15
 9020.17
 9035.57
 9049.57
 9059.2
 9071.32
 9080.7
 9094.1
 9110.87
 9126.35
 9141.87
 9154.85
 9175.22
 9192.45
 9201.65
 9216.15
 9230.87
 9239.9
 9247.15
 9258.57
 9273.47
 9282.65
 9296.87
 9304.95
 9316.6
 9331.1
 9344.17
 9363.85
 9380.02
 9392.82
 9412.4
 9426.95
 9440.32
 9454.92
 9470.67
 9483.15
 9497.1
 9510.27
 9523.42
 9534.7
 9547.72
 9562.07
 9576.8
 9590.45
 9603.05
 9612.47
 9628.27
 9642.63
 9651.45
 9666.95
 9680.13
 9693.18