16.425
 29.975
 43.25
 55.825
 69.05
 85.425
 98.75
 113.375
 126.75
 136.75
 146.6
 158.95
 170.85
 189.175
 202.65
 211.45
 224.55
 235.5
 253.05
 272.375
 286.1
 308.8
 325.0
 334.85
 352.65
 369.85
 384.425
 401.5
 422.075
 437.8
 450.7
 469.125
 483.825
 499.0
 515.2
 533.225
 548.1
 558.425
 574.525
 589.6
 604.9
 618.15
 628.375
 640.975
 656.725
 668.775
 683.4
 699.125
 714.4
 723.3
 735.95
 745.45
 761.475
 783.575
 802.95
 814.1
 834.675
 845.675
 860.95
 872.15
 885.35
 899.8
 918.4
 932.625
 946.2
 962.1
 975.9
 988.425
 1004.73
 1023.0
 1035.38
 1050.25
 1070.63
 1084.8
 1104.83
 1117.93
 1130.1
 1146.08
 1162.25
 1178.48
 1198.53
 1212.75
 1222.73
 1240.48
 1255.83
 1269.9
 1283.1
 1297.55
 1307.3
 1318.73
 1327.7
 1338.08
 1356.83
 1370.05
 1385.13
 1398.33
 1414.33
 1424.08
 1434.78
 1444.25
 1461.75
 1475.15
 1489.55
 1504.63
 1515.9
 1532.53
 1546.85
 1561.43
 1582.9
 1593.9
 1607.05
 1622.58
 1635.4
 1648.48
 1662.08
 1674.85
 1683.38
 1696.6
 1713.1
 1726.58
 1742.95
 1757.18
 1770.73
 1783.58
 1795.85
 1813.03
 1825.33
 1843.48
 1859.9
 1872.23
 1885.13
 1901.1
 1917.88
 1932.28
 1950.33
 1960.1
 1969.68
 1983.28
 1994.05
 2005.35
 2014.15
 2027.38
 2038.18
 2054.48
 2073.48
 2097.2
 2114.4
 2129.83
 2144.35
 2158.55
 2181.68
 2200.93
 2220.65
 2234.35
 2242.58
 2252.58
 2269.95
 2282.98
 2295.8
 2315.03
 2331.33
 2349.5
 2362.85
 2378.53
 2393.38
 2410.98
 2424.92
 2438.25
 2456.6
 2470.27
 2481.22
 2490.12
 2507.8
 2519.0
 2543.62
 2556.35
 2567.25
 2584.15
 2598.55
 2613.05
 2626.8
 2641.05
 2654.9
 2674.15
 2687.95
 2705.37
 2718.07
 2737.47
 2751.62
 2759.87
 2774.95
 2788.52
 2804.05
 2819.32
 2833.15
 2850.55
 2868.42
 2881.65
 2900.6
 2915.02
 2932.17
 2941.72
 2956.65
 2979.3
 2995.87
 3014.0
 3030.8
 3041.85
 3056.7
 3071.37
 3083.77
 3097.87
 3115.57
 3128.62
 3144.25
 3157.75
 3170.87
 3186.97
 3202.62
 3219.25
 3238.87
 3257.42
 3274.9
 3286.42
 3294.7
 3305.32
 3323.07
 3340.45
 3356.7
 3373.45
 3390.67
 3409.62
 3420.15
 3436.37
 3448.77
 3460.9
 3481.0
 3494.92
 3509.67
 3526.1
 3536.27
 3545.77
 3556.92
 3571.25
 3585.35
 3598.95
 3615.35
 3624.65
 3642.97
 3658.07
 3671.75
 3686.37
 3701.07
 3715.8
 3728.2
 3736.4
 3749.45
 3763.22
 3776.75
 3791.42
 3804.32
 3823.07
 3836.17
 3850.22
 3864.85
 3878.9
 3893.85
 3908.67
 3931.77
 3945.05
 3957.37
 3966.17
 3984.62
 3997.92
 4017.45
 4031.75
 4046.75
 4060.25
 4074.65
 4094.25
 4106.4
 4126.55
 4146.17
 4164.95
 4179.05
 4196.32
 4215.22
 4228.75
 4245.52
 4261.35
 4274.67
 4289.02
 4305.1
 4320.35
 4333.37
 4347.52
 4363.4
 4376.12
 4389.07
 4403.8
 4416.7
 4428.47
 4448.75
 4468.82
 4482.35
 4496.27
 4509.32
 4526.12
 4540.77
 4554.17
 4567.17
 4580.8
 4597.95
 4617.67
 4629.7
 4649.15
 4660.15
 4679.82
 4698.87
 4719.62
 4735.05
 4755.35
 4768.5
 4784.02
 4794.42
 4803.17
 4815.72
 4829.22
 4842.37
 4856.6
 4869.37
 4884.07
 4896.9
 4909.67
 4928.15
 4939.57
 4953.37
 4971.45
 4987.42
 5000.62
 5018.57
 5039.22
 5047.97
 5061.77
 5076.22
 5093.25
 5106.05
 5122.85
 5142.0
 5155.1
 5169.12
 5188.9
 5202.55
 5219.32
 5233.25
 5250.7
 5265.42
 5279.1
 5294.2
 5306.65
 5318.57
 5328.7
 5347.0
 5360.12
 5378.27
 5391.22
 5404.07
 5417.85
 5435.02
 5448.32
 5463.62
 5482.92
 5497.6
 5510.07
 5523.32
 5536.27
 5551.22
 5568.35
 5582.72
 5595.65
 5611.0
 5625.57
 5636.52
 5651.37
 5678.27
 5695.17
 5709.9
 5722.82
 5741.27
 5754.95
 5773.7
 5789.95
 5797.27
 5811.37
 5824.47
 5841.42
 5855.57
 5869.97
 5885.75
 5903.75
 5922.47
 5940.25
 5953.65
 5978.32
 5991.32
 6006.12
 6014.82
 6025.95
 6039.57
 6054.67
 6068.1
 6087.72
 6100.47
 6114.77
 6129.0
 6142.72
 6158.92
 6179.0
 6194.62
 6211.6
 6226.17
 6241.02
 6255.52
 6273.92
 6291.8
 6307.5
 6320.72
 6334.65
 6352.57
 6359.97
 6374.4
 6391.8
 6404.55
 6417.7
 6431.4
 6446.2
 6462.95
 6476.6
 6493.97
 6507.5
 6517.27
 6530.0
 6544.45
 6557.67
 6572.75
 6586.0
 6599.97
 6611.4
 6632.15
 6646.0
 6663.02
 6675.9
 6694.45
 6709.25
 6722.4
 6737.05
 6755.2
 6768.3
 6786.87
 6802.05
 6825.75
 6842.75
 6857.3
 6872.5
 6889.75
 6906.35
 6920.32
 6937.35
 6952.42
 6969.62
 6982.67
 6998.35
 7013.3
 7031.8
 7046.17
 7062.45
 7078.25
 7099.07
 7112.87
 7128.97
 7143.75
 7156.57
 7170.52
 7186.9
 7202.87
 7217.47
 7232.85
 7245.52
 7258.57
 7274.97
 7290.8
 7307.25
 7321.12
 7335.75
 7353.0
 7368.12
 7381.35
 7405.57
 7418.52
 7432.47
 7446.9
 7464.2
 7482.3
 7501.62
 7514.8
 7529.62
 7543.9
 7558.12
 7582.55
 7599.67
 7613.67
 7627.15
 7643.57
 7661.05
 7673.92
 7689.1
 7700.6
 7718.95
 7732.45
 7752.92
 7765.92
 7779.57
 7794.57
 7809.47
 7831.32
 7857.32
 7871.72
 7885.8
 7900.17
 7915.6
 7936.2
 7953.42
 7966.85
 7983.92
 8002.25
 8015.77
 8030.17
 8045.42
 8062.72
 8076.87
 8090.27
 8103.0
 8117.75
 8137.37
 8150.67
 8176.72
 8189.62
 8203.57
 8219.5
 8232.57
 8247.57
 8260.35
 8274.8
 8288.0
 8301.55
 8315.37
 8325.15
 8336.7
 8351.7
 8369.15
 8394.2
 8411.17
 8427.32
 8451.8
 8465.97
 8482.87
 8503.37
 8519.27
 8538.42
 8554.07
 8567.3
 8581.05
 8598.1
 8613.72
 8626.45
 8640.95
 8660.1
 8673.52
 8687.7
 8701.27
 8716.75
 8730.87
 8746.75
 8763.95
 8777.62
 8791.57
 8799.97
 8812.42
 8840.05
 8853.6
 8877.7
 8891.65
 8906.25
 8922.02
 8933.97
 8949.6
 8962.92
 8976.6
 8989.55
 9006.85
 9023.95
 9039.62
 9057.05
 9070.77
 9085.35
 9100.5
 9126.9
 9141.05
 9154.47
 9180.35
 9200.32
 9215.75
 9230.17
 9246.05
 9260.85
 9281.67
 9296.4
 9315.82
 9331.57
 9344.27
 9363.45
 9381.22
 9397.1
 9416.17
 9429.42
 9444.25
 9457.27
 9470.27
 9484.07
 9499.9
 9517.3
 9534.27
 9547.15
 9561.55
 9576.75
 9589.65
 9602.52
 9617.45
 9631.4
 9650.68
 9666.4
 9679.73
 9693.08