11.0
 28.85
 41.425
 69.475
 92.825
 108.625
 119.525
 162.675
 202.225
 217.825
 258.9
 294.65
 306.05
 330.05
 341.65
 371.15
 390.45
 425.8
 467.85
 496.725
 519.5
 543.4
 590.35
 626.025
 642.125
 672.5
 689.325
 706.075
 725.625
 742.4
 779.35
 828.35
 863.825
 890.6
 912.125
 951.075
 975.15
 990.225
 1000.73
 1032.13
 1064.73
 1085.7
 1107.65
 1130.45
 1150.93
 1173.15
 1192.18
 1205.9
 1226.25
 1258.48
 1268.53
 1297.25
 1310.58
 1325.75
 1349.53
 1377.7
 1390.8
 1410.05
 1423.38
 1451.63
 1461.25
 1502.5
 1536.3
 1585.98
 1619.03
 1639.6
 1668.03
 1712.0
 1748.35
 1784.08
 1823.55
 1839.7
 1861.28
 1883.4
 1911.13
 1924.25
 1940.43
 1950.28
 1989.15
 2001.4
 2037.05
 2060.4
 2077.93
 2103.13
 2123.68
 2156.15
 2164.08
 2200.23
 2210.0
 2243.23
 2282.23
 2297.8
 2313.6
 2337.9
 2350.45
 2365.6
 2388.23
 2414.58
 2429.92
 2460.35
 2480.45
 2501.27
 2523.5
 2544.32
 2555.65
 2577.3
 2599.9
 2613.67
 2635.72
 2652.0
 2670.45
 2691.32
 2713.17
 2726.4
 2747.72
 2764.67
 2786.52
 2797.12
 2822.62
 2837.0
 2865.42
 2883.52
 2919.5
 2957.12
 2995.47
 3034.22
 3060.22
 3079.22
 3111.17
 3121.87
 3160.35
 3196.5
 3221.6
 3236.1
 3262.77
 3277.17
 3299.45
 3315.87
 3334.72
 3350.12
 3362.82
 3386.0
 3400.6
 3433.57
 3472.57
 3506.7
 3517.25
 3553.85
 3593.82
 3630.12
 3639.87
 3670.42
 3680.77
 3703.37
 3723.57
 3747.37
 3770.67
 3798.37
 3811.17
 3840.02
 3888.22
 3931.05
 3969.1
 3979.05
 4000.0
 4014.1
 4045.22
 4054.67
 4092.77
 4105.07
 4131.92
 4146.17
 4164.52
 4183.97
 4198.25
 4221.02
 4239.22
 4287.97
 4318.77
 4329.35
 4342.52
 4360.62
 4384.55
 4395.47
 4418.57
 4430.82
 4473.45
 4497.27
 4513.17
 4549.32
 4562.75
 4586.25
 4601.17
 4622.9
 4644.92
 4669.5
 4681.82
 4704.42
 4725.0
 4740.22
 4765.7
 4774.55
 4786.17
 4804.77
 4824.37
 4846.05
 4865.8
 4877.67
 4889.35
 4906.82
 4917.42
 4939.37
 4952.72
 4974.12
 4997.42
 5006.15
 5017.65
 5030.22
 5040.87
 5057.25
 5080.92
 5091.47
 5110.45
 5126.82
 5139.02
 5156.35
 5170.85
 5190.35
 5211.7
 5234.92
 5252.3
 5271.57
 5283.15
 5292.62
 5311.37
 5327.72
 5355.57
 5374.2
 5403.22
 5414.87
 5445.8
 5484.15
 5499.8
 5522.42
 5560.07
 5588.45
 5604.27
 5614.02
 5637.37
 5648.8
 5667.67
 5679.9
 5700.7
 5723.32
 5736.65
 5758.42
 5779.32
 5804.85
 5816.35
 5831.05
 5852.22
 5866.0
 5889.92
 5906.27
 5944.7
 5960.55
 5976.05
 5993.3
 6015.6
 6026.95
 6063.77
 6074.65
 6107.27
 6146.2
 6183.3
 6192.75
 6225.57
 6245.8
 6266.07
 6280.8
 6306.1
 6317.17
 6345.8
 6359.32
 6380.9
 6391.67
 6403.07
 6422.17
 6432.12
 6453.12
 6472.7
 6493.55
 6514.47
 6525.75
 6547.07
 6567.12
 6577.17
 6588.05
 6614.47
 6625.85
 6659.1
 6696.35
 6710.72
 6736.37
 6748.8
 6774.4
 6785.72
 6817.47
 6830.67
 6854.47
 6869.67
 6895.65
 6910.57
 6932.3
 6947.82
 6958.32
 6970.82
 6983.45
 6994.45
 7009.5
 7026.12
 7050.5
 7069.27
 7096.45
 7129.45
 7141.37
 7163.85
 7176.25
 7189.9
 7199.17
 7210.57
 7224.1
 7240.3
 7251.27
 7274.97
 7286.1
 7306.75
 7318.65
 7352.2
 7389.72
 7402.05
 7424.87
 7438.3
 7449.57
 7459.75
 7479.17
 7493.82
 7527.35
 7537.67
 7557.8
 7584.17
 7597.9
 7616.05
 7639.25
 7650.95
 7676.87
 7688.27
 7707.95
 7731.12
 7750.7
 7761.2
 7775.05
 7795.62
 7817.47
 7829.4
 7851.3
 7864.85
 7896.9
 7934.55
 7967.22
 7980.45
 7995.77
 8025.3
 8049.67
 8060.05
 8092.25
 8128.45
 8137.25
 8164.52
 8174.85
 8199.07
 8210.77
 8234.12
 8248.65
 8265.7
 8284.1
 8306.9
 8318.42
 8338.5
 8348.1
 8357.42
 8394.8
 8435.07
 8468.65
 8482.37
 8505.75
 8514.87
 8527.12
 8538.77
 8553.95
 8578.55
 8613.4
 8624.25
 8639.85
 8656.2
 8670.1
 8685.65
 8701.4
 8721.67
 8733.75
 8757.12
 8778.45
 8792.32
 8805.55
 8827.0
 8845.45
 8859.87
 8882.35
 8902.57
 8923.32
 8959.75
 8974.7
 8996.75
 9030.75
 9041.3
 9074.87
 9096.15
 9117.67
 9155.92
 9167.85
 9181.67
 9198.8
 9209.55
 9222.57
 9240.3
 9270.12
 9287.3
 9306.0
 9328.92
 9345.12
 9355.27
 9373.77
 9387.4
 9425.57
 9444.95
 9465.3
 9494.77
 9507.0
 9533.32
 9554.05
 9565.7
 9598.15
 9622.47
 9631.67
 9642.5
 9673.25
 9697.9