11.0
 41.225
 57.075
 85.95
 106.65
 129.225
 151.8
 172.95
 194.425
 217.35
 233.175
 258.6
 280.675
 305.7
 339.375
 367.7
 382.0
 414.4
 426.175
 468.75
 498.25
 518.625
 543.3
 565.0
 588.175
 603.6
 618.35
 642.225
 661.25
 673.45
 697.525
 729.075
 743.125
 768.3
 779.725
 807.325
 818.325
 829.85
 853.65
 864.95
 897.05
 913.175
 924.975
 940.475
 951.95
 970.35
 1000.4
 1013.1
 1032.05
 1047.1
 1066.6
 1086.05
 1099.58
 1119.68
 1136.33
 1157.75
 1174.48
 1187.85
 1207.65
 1235.85
 1253.55
 1279.4
 1298.05
 1315.15
 1325.98
 1364.18
 1377.55
 1409.85
 1424.23
 1451.23
 1472.83
 1484.18
 1503.43
 1522.43
 1569.38
 1586.7
 1605.28
 1619.43
 1644.2
 1661.28
 1678.15
 1712.95
 1726.0
 1762.95
 1784.93
 1806.6
 1824.68
 1845.75
 1861.8
 1905.28
 1942.13
 1967.43
 1979.4
 1990.83
 2012.18
 2036.83
 2058.0
 2097.03
 2124.73
 2140.18
 2165.18
 2176.88
 2209.3
 2219.7
 2234.93
 2262.3
 2291.08
 2330.73
 2338.8
 2365.8
 2388.75
 2403.68
 2446.12
 2460.32
 2483.67
 2503.87
 2521.15
 2539.52
 2556.35
 2600.47
 2636.15
 2648.27
 2670.35
 2693.1
 2713.7
 2741.52
 2768.55
 2787.4
 2799.55
 2828.42
 2855.1
 2866.05
 2883.8
 2908.75
 2924.15
 2940.1
 2956.85
 2981.55
 2996.02
 3028.65
 3045.82
 3060.02
 3093.3
 3134.0
 3160.9
 3176.77
 3211.95
 3253.35
 3278.22
 3302.5
 3316.9
 3334.87
 3350.8
 3364.05
 3385.0
 3401.42
 3433.27
 3445.17
 3471.67
 3487.72
 3521.05
 3556.82
 3595.72
 3639.25
 3649.55
 3682.3
 3710.32
 3723.05
 3752.77
 3772.25
 3785.57
 3797.9
 3822.72
 3832.47
 3843.7
 3874.05
 3920.2
 3952.22
 3979.05
 3992.27
 4015.42
 4029.27
 4054.65
 4068.6
 4092.37
 4104.65
 4132.55
 4148.67
 4180.7
 4198.72
 4216.7
 4231.22
 4270.47
 4291.02
 4304.32
 4341.05
 4361.27
 4378.15
 4417.75
 4431.45
 4458.8
 4495.55
 4514.15
 4544.02
 4576.42
 4601.87
 4622.1
 4645.3
 4665.45
 4682.12
 4703.57
 4726.1
 4739.22
 4758.9
 4775.0
 4795.85
 4818.22
 4847.37
 4858.47
 4878.25
 4899.95
 4917.75
 4935.95
 4966.95
 5005.12
 5030.95
 5049.3
 5081.22
 5126.7
 5142.92
 5157.25
 5181.02
 5199.0
 5212.5
 5237.2
 5275.4
 5293.02
 5314.87
 5336.95
 5358.0
 5374.85
 5386.57
 5415.17
 5426.67
 5447.45
 5469.22
 5485.27
 5499.47
 5523.47
 5539.65
 5560.4
 5588.72
 5611.15
 5627.17
 5648.92
 5664.35
 5691.47
 5702.6
 5724.0
 5738.65
 5759.17
 5770.82
 5783.97
 5796.0
 5816.3
 5843.6
 5868.6
 5906.15
 5946.87
 5982.75
 6027.15
 6036.2
 6064.5
 6075.42
 6107.02
 6122.62
 6148.0
 6161.7
 6182.5
 6200.8
 6225.17
 6254.97
 6271.07
 6287.9
 6306.57
 6329.15
 6349.97
 6381.5
 6394.15
 6417.95
 6427.45
 6453.77
 6478.32
 6494.35
 6507.0
 6525.57
 6548.7
 6577.17
 6595.75
 6614.85
 6627.15
 6659.75
 6681.6
 6694.52
 6710.95
 6725.92
 6749.17
 6766.95
 6794.65
 6810.85
 6831.12
 6845.57
 6891.55
 6911.62
 6923.7
 6943.82
 6958.85
 6994.37
 7025.95
 7066.12
 7097.57
 7112.72
 7131.22
 7143.82
 7173.97
 7194.77
 7211.3
 7235.72
 7253.25
 7272.8
 7286.07
 7305.95
 7319.35
 7352.77
 7381.12
 7402.75
 7420.77
 7440.57
 7450.77
 7480.85
 7493.5
 7511.77
 7527.77
 7547.12
 7558.95
 7578.37
 7598.22
 7620.3
 7640.7
 7651.47
 7677.17
 7691.07
 7732.37
 7751.45
 7763.07
 7776.0
 7807.4
 7851.57
 7883.15
 7897.85
 7922.82
 7940.82
 7961.17
 7981.3
 7996.17
 8011.67
 8025.82
 8049.97
 8075.4
 8091.97
 8120.92
 8138.3
 8154.3
 8200.4
 8211.42
 8232.22
 8249.17
 8273.15
 8286.67
 8303.3
 8318.9
 8334.75
 8345.45
 8357.95
 8372.85
 8395.57
 8414.62
 8435.55
 8455.05
 8469.45
 8479.1
 8523.17
 8554.45
 8564.32
 8580.15
 8597.25
 8624.4
 8636.3
 8652.75
 8671.25
 8702.1
 8716.9
 8755.55
 8764.02
 8778.97
 8788.9
 8805.82
 8821.17
 8850.42
 8868.3
 8883.22
 8905.2
 8923.82
 8944.4
 8961.8
 8975.37
 8997.47
 9013.77
 9031.12
 9059.77
 9075.12
 9086.82
 9129.42
 9162.15
 9179.85
 9200.6
 9240.87
 9255.67
 9271.3
 9295.22
 9323.02
 9337.72
 9355.42
 9375.27
 9387.9
 9400.02
 9416.0
 9447.72
 9465.87
 9489.3
 9507.4
 9527.2
 9540.42
 9554.67
 9573.65
 9598.57
 9613.92
 9631.95
 9641.28
 9652.43
 9671.98
 9692.95