11.0
 29.2
 41.525
 92.45
 119.25
 141.025
 163.15
 180.525
 202.5
 217.5
 258.9
 294.975
 306.25
 320.275
 340.3
 371.45
 390.625
 425.875
 467.975
 496.875
 519.05
 543.45
 561.875
 590.4
 619.525
 641.4
 662.75
 672.65
 699.325
 707.325
 730.675
 742.4
 779.4
 817.625
 828.475
 855.575
 864.3
 897.975
 912.225
 951.025
 971.3
 989.575
 1000.6
 1015.98
 1032.45
 1046.5
 1067.4
 1085.48
 1101.35
 1130.03
 1151.85
 1172.78
 1189.05
 1204.93
 1226.58
 1247.08
 1259.23
 1280.83
 1297.65
 1311.18
 1326.1
 1350.03
 1367.75
 1378.25
 1391.25
 1409.9
 1423.8
 1450.93
 1484.63
 1502.48
 1523.4
 1536.03
 1569.98
 1586.03
 1605.95
 1619.7
 1628.9
 1645.18
 1668.1
 1678.53
 1711.9
 1728.63
 1748.08
 1764.03
 1784.5
 1807.23
 1823.83
 1839.35
 1850.95
 1861.8
 1883.6
 1905.75
 1924.35
 1942.8
 1959.5
 1978.18
 1989.73
 2001.95
 2019.7
 2039.8
 2058.25
 2077.8
 2096.8
 2123.75
 2154.93
 2164.03
 2177.9
 2192.65
 2209.23
 2243.25
 2264.68
 2282.08
 2297.83
 2313.88
 2327.4
 2338.28
 2350.88
 2365.25
 2389.43
 2409.98
 2430.05
 2446.72
 2460.55
 2484.27
 2501.02
 2521.55
 2544.05
 2555.7
 2579.32
 2599.9
 2613.85
 2627.92
 2648.8
 2667.05
 2691.5
 2712.97
 2726.72
 2746.85
 2755.15
 2765.65
 2787.95
 2797.12
 2828.72
 2837.3
 2865.57
 2883.55
 2909.15
 2919.65
 2940.57
 2960.0
 2982.1
 2995.57
 3029.45
 3060.07
 3079.95
 3097.17
 3111.2
 3122.47
 3138.02
 3160.42
 3177.4
 3196.2
 3217.02
 3236.07
 3254.27
 3277.15
 3302.75
 3315.9
 3350.17
 3362.52
 3377.37
 3400.6
 3413.7
 3433.42
 3454.87
 3472.27
 3506.4
 3517.02
 3553.82
 3585.05
 3594.35
 3630.0
 3639.87
 3670.37
 3680.65
 3703.35
 3723.3
 3747.4
 3760.75
 3770.87
 3790.7
 3811.12
 3831.27
 3843.22
 3869.9
 3888.4
 3913.8
 3931.3
 3952.85
 3969.17
 3979.17
 3991.75
 4014.07
 4030.05
 4044.65
 4054.77
 4069.57
 4092.7
 4106.05
 4131.92
 4164.62
 4181.32
 4198.12
 4217.12
 4239.22
 4270.9
 4288.02
 4304.82
 4318.92
 4329.75
 4342.67
 4360.62
 4378.67
 4395.47
 4407.92
 4426.75
 4451.5
 4473.45
 4486.0
 4513.2
 4528.12
 4546.1
 4562.6
 4577.75
 4601.22
 4622.25
 4644.95
 4659.65
 4670.35
 4681.9
 4703.65
 4724.95
 4739.65
 4773.8
 4786.1
 4809.85
 4824.37
 4846.0
 4859.65
 4877.42
 4900.47
 4917.3
 4936.45
 4952.67
 4968.25
 4985.42
 4997.57
 5006.35
 5018.92
 5030.35
 5041.32
 5066.15
 5081.05
 5092.7
 5103.6
 5126.8
 5139.1
 5157.95
 5170.87
 5184.0
 5199.87
 5211.85
 5223.4
 5238.6
 5252.37
 5264.95
 5277.32
 5292.37
 5304.77
 5318.67
 5327.95
 5345.2
 5374.25
 5387.8
 5403.7
 5414.9
 5427.92
 5446.67
 5464.72
 5484.27
 5500.25
 5513.57
 5522.72
 5540.4
 5560.17
 5589.27
 5604.27
 5615.45
 5627.6
 5638.2
 5648.9
 5665.3
 5679.95
 5703.05
 5723.05
 5736.85
 5758.35
 5772.4
 5794.35
 5805.5
 5816.67
 5830.47
 5844.67
 5865.95
 5906.17
 5947.65
 5960.6
 5982.5
 5993.32
 6026.9
 6063.82
 6074.62
 6107.15
 6146.15
 6183.32
 6193.0
 6225.62
 6245.72
 6270.47
 6280.95
 6306.15
 6317.07
 6345.8
 6360.47
 6380.9
 6391.7
 6422.22
 6431.82
 6453.15
 6472.72
 6493.52
 6507.75
 6525.87
 6547.05
 6576.9
 6587.9
 6614.52
 6625.65
 6659.17
 6694.92
 6710.72
 6726.72
 6737.02
 6748.7
 6767.75
 6785.57
 6811.47
 6830.62
 6846.42
 6869.6
 6892.2
 6910.55
 6924.62
 6947.65
 6958.22
 6983.35
 6994.45
 7025.92
 7050.57
 7066.85
 7096.55
 7113.75
 7129.7
 7141.12
 7163.87
 7176.25
 7187.52
 7198.57
 7210.55
 7221.47
 7236.62
 7251.1
 7273.62
 7286.0
 7306.22
 7318.8
 7352.12
 7381.72
 7390.25
 7402.1
 7421.42
 7449.42
 7459.52
 7493.62
 7527.37
 7537.57
 7558.0
 7579.0
 7597.85
 7615.95
 7640.37
 7651.02
 7676.87
 7688.1
 7707.92
 7731.25
 7750.7
 7761.12
 7775.5
 7795.75
 7807.2
 7817.85
 7829.67
 7842.55
 7851.62
 7865.05
 7878.5
 7891.9
 7934.52
 7956.07
 7967.52
 7980.52
 7995.52
 8013.25
 8025.37
 8049.65
 8060.07
 8092.12
 8121.87
 8136.75
 8154.92
 8164.9
 8174.77
 8199.2
 8210.52
 8232.9
 8248.47
 8265.67
 8284.2
 8304.15
 8318.2
 8345.92
 8357.32
 8373.77
 8394.8
 8415.55
 8435.1
 8468.65
 8481.27
 8505.6
 8514.7
 8538.72
 8553.97
 8578.55
 8598.35
 8613.42
 8624.27
 8638.25
 8656.22
 8670.05
 8686.02
 8701.42
 8717.67
 8733.67
 8757.07
 8778.45
 8790.75
 8805.52
 8827.02
 8850.07
 8860.07
 8882.37
 8902.6
 8923.35
 8945.82
 8959.85
 8974.62
 8996.92
 9014.6
 9030.77
 9041.8
 9053.4
 9074.9
 9088.85
 9117.7
 9128.5
 9155.87
 9167.77
 9198.75
 9209.42
 9222.55
 9241.57
 9270.17
 9284.15
 9297.75
 9306.2
 9323.87
 9345.2
 9355.27
 9367.1
 9376.72
 9387.47
 9401.02
 9425.5
 9448.52
 9465.32
 9490.27
 9506.95
 9527.82
 9554.05
 9598.15
 9622.55
 9631.6
 9641.38
 9672.65
 9697.88