11.0
 51.75
 99.825
 147.825
 191.425
 237.15
 281.5
 317.525
 355.45
 402.625
 440.175
 480.3
 518.5
 564.325
 609.2
 650.875
 686.625
 727.275
 746.125
 771.1
 780.125
 808.6
 828.5
 870.7
 890.325
 904.35
 933.05
 950.875
 974.55
 990.95
 1030.4
 1064.38
 1073.4
 1111.78
 1150.23
 1157.98
 1206.9
 1228.43
 1246.28
 1269.1
 1287.88
 1306.93
 1337.58
 1351.53
 1377.18
 1422.58
 1451.53
 1493.4
 1540.7
 1573.23
 1609.23
 1652.75
 1687.8
 1697.33
 1729.2
 1770.78
 1785.08
 1807.4
 1824.53
 1850.65
 1873.93
 1892.1
 1920.48
 1940.85
 1984.98
 2032.0
 2059.8
 2076.45
 2103.25
 2126.98
 2162.25
 2176.58
 2210.98
 2252.63
 2289.28
 2325.83
 2374.28
 2389.03
 2408.9
 2459.52
 2483.62
 2502.17
 2526.07
 2566.4
 2580.4
 2613.5
 2647.1
 2688.92
 2726.05
 2741.5
 2764.07
 2783.05
 2805.6
 2821.0
 2845.32
 2866.1
 2883.67
 2909.3
 2931.07
 2952.35
 2975.07
 2996.62
 3042.17
 3079.05
 3116.97
 3171.65
 3197.05
 3243.82
 3263.55
 3285.0
 3325.75
 3358.0
 3399.17
 3439.3
 3473.42
 3489.07
 3522.7
 3557.15
 3588.42
 3603.57
 3648.8
 3680.75
 3709.57
 3722.67
 3748.35
 3767.3
 3810.9
 3842.07
 3873.95
 3918.97
 3957.22
 3992.65
 4029.32
 4066.42
 4080.72
 4103.95
 4137.6
 4179.75
 4203.75
 4221.2
 4248.72
 4292.75
 4321.62
 4342.25
 4363.67
 4383.7
 4408.15
 4431.45
 4455.62
 4498.27
 4506.87
 4530.72
 4543.07
 4568.15
 4590.52
 4630.2
 4649.62
 4677.15
 4704.0
 4729.0
 4745.87
 4765.82
 4793.12
 4824.92
 4848.25
 4866.1
 4888.8
 4906.5
 4940.45
 4975.52
 4984.02
 5026.3
 5054.12
 5074.1
 5094.8
 5118.75
 5141.05
 5157.15
 5197.22
 5226.22
 5238.5
 5271.7
 5282.7
 5311.6
 5328.85
 5355.4
 5385.2
 5405.2
 5445.47
 5488.47
 5517.9
 5529.12
 5551.3
 5567.15
 5588.65
 5597.72
 5637.02
 5667.45
 5678.57
 5703.4
 5721.9
 5756.02
 5779.45
 5795.35
 5816.5
 5844.42
 5863.95
 5883.8
 5906.7
 5931.12
 5946.2
 5963.0
 5992.42
 6016.05
 6034.32
 6055.42
 6105.42
 6130.02
 6146.22
 6175.15
 6211.5
 6220.05
 6245.17
 6259.92
 6283.92
 6298.67
 6321.4
 6350.67
 6372.67
 6395.55
 6411.57
 6438.65
 6454.6
 6473.02
 6497.72
 6534.92
 6550.37
 6566.82
 6583.9
 6606.95
 6623.4
 6644.02
 6659.95
 6676.27
 6695.37
 6711.25
 6738.55
 6748.45
 6777.5
 6795.55
 6816.67
 6830.12
 6854.5
 6874.0
 6894.95
 6919.55
 6933.52
 6959.22
 6971.42
 6991.07
 7009.1
 7031.62
 7052.8
 7079.07
 7098.92
 7117.95
 7146.57
 7167.8
 7183.45
 7207.1
 7219.45
 7240.1
 7258.27
 7286.0
 7300.9
 7320.5
 7333.07
 7362.72
 7379.2
 7401.87
 7435.82
 7454.87
 7473.3
 7494.22
 7517.02
 7536.5
 7558.97
 7576.42
 7598.95
 7618.67
 7638.57
 7671.7
 7692.9
 7713.42
 7730.57
 7761.45
 7775.35
 7802.15
 7817.65
 7848.1
 7872.1
 7915.25
 7935.95
 7954.52
 7981.77
 7995.9
 8024.75
 8050.67
 8066.95
 8092.57
 8134.7
 8175.12
 8192.25
 8221.92
 8243.8
 8267.15
 8286.57
 8302.97
 8331.27
 8350.32
 8372.97
 8395.5
 8415.4
 8444.3
 8462.55
 8480.95
 8499.47
 8525.62
 8558.37
 8579.52
 8596.75
 8627.47
 8666.32
 8672.92
 8694.95
 8720.2
 8737.32
 8755.1
 8769.32
 8788.97
 8810.67
 8825.15
 8842.37
 8864.0
 8890.2
 8904.3
 8925.12
 8933.87
 8955.3
 8975.65
 8998.17
 9031.12
 9042.95
 9085.62
 9097.45
 9114.27
 9126.82
 9149.17
 9178.4
 9191.6
 9222.25
 9232.2
 9255.6
 9271.75
 9306.22
 9345.97
 9374.35
 9385.92
 9405.47
 9444.17
 9453.22
 9477.97
 9497.65
 9526.45
 9537.9
 9564.1
 9580.35
 9606.75
 9641.55
 9653.48
 9676.05