11.0
 29.025
 52.175
 100.375
 119.25
 141.6
 163.075
 179.025
 192.35
 203.325
 232.35
 254.975
 280.55
 295.1
 316.8
 330.525
 355.7
 371.55
 403.15
 426.2
 440.7
 468.2
 481.1
 497.05
 518.85
 542.95
 564.7
 587.45
 609.7
 626.8
 651.225
 672.875
 687.325
 703.6
 743.1
 779.6
 828.475
 863.425
 904.425
 939.825
 951.25
 990.325
 1030.65
 1066.25
 1104.35
 1115.08
 1151.68
 1192.28
 1207.48
 1226.48
 1246.68
 1268.08
 1280.53
 1310.3
 1325.1
 1338.05
 1350.2
 1364.3
 1377.73
 1390.98
 1422.75
 1450.5
 1461.38
 1484.65
 1503.3
 1522.65
 1541.05
 1573.18
 1586.85
 1609.5
 1619.25
 1653.18
 1668.43
 1697.55
 1712.65
 1729.75
 1749.88
 1770.93
 1791.45
 1807.73
 1839.33
 1851.2
 1864.6
 1883.63
 1893.65
 1911.3
 1924.48
 1941.15
 1958.9
 1985.23
 2001.08
 2032.15
 2076.73
 2098.08
 2123.93
 2140.28
 2162.5
 2178.7
 2200.33
 2211.63
 2234.18
 2244.45
 2254.68
 2282.15
 2291.18
 2313.65
 2326.3
 2350.35
 2366.1
 2375.9
 2394.58
 2409.35
 2430.25
 2452.72
 2462.52
 2483.87
 2502.3
 2526.3
 2544.45
 2566.67
 2579.57
 2613.32
 2627.92
 2647.35
 2657.47
 2671.05
 2689.22
 2702.57
 2726.02
 2753.65
 2764.37
 2797.62
 2807.37
 2833.95
 2845.8
 2883.6
 2916.8
 2931.35
 2956.22
 2975.3
 2995.8
 3034.35
 3044.1
 3080.12
 3096.47
 3117.27
 3133.97
 3160.85
 3172.2
 3185.5
 3196.9
 3236.35
 3277.55
 3316.2
 3326.82
 3350.07
 3360.45
 3399.6
 3434.72
 3473.02
 3489.45
 3506.87
 3524.77
 3537.6
 3554.2
 3594.25
 3604.5
 3630.22
 3648.32
 3670.57
 3681.62
 3703.95
 3720.12
 3747.62
 3761.32
 3772.12
 3791.47
 3811.12
 3842.3
 3874.05
 3889.12
 3918.67
 3931.47
 3957.12
 3970.02
 3992.9
 4014.5
 4029.65
 4045.75
 4066.65
 4093.15
 4104.47
 4132.37
 4148.15
 4165.1
 4180.15
 4198.7
 4230.45
 4240.57
 4249.65
 4273.7
 4288.5
 4308.67
 4321.97
 4341.42
 4361.17
 4383.6
 4396.25
 4408.62
 4431.1
 4455.82
 4469.45
 4504.45
 4514.7
 4543.45
 4586.65
 4601.52
 4623.07
 4656.75
 4669.85
 4704.1
 4715.17
 4740.3
 4786.1
 4793.82
 4824.42
 4847.42
 4865.9
 4888.42
 4906.57
 4939.5
 4966.42
 4984.17
 5004.62
 5026.55
 5040.45
 5074.52
 5119.0
 5139.22
 5157.37
 5171.75
 5197.47
 5212.42
 5238.95
 5254.62
 5279.07
 5319.75
 5329.12
 5357.37
 5374.67
 5385.7
 5397.42
 5437.57
 5450.2
 5473.05
 5484.85
 5519.72
 5529.72
 5559.65
 5569.2
 5597.77
 5610.6
 5637.15
 5654.97
 5678.7
 5691.17
 5719.92
 5736.75
 5756.27
 5795.62
 5805.72
 5834.42
 5845.0
 5874.57
 5906.87
 5931.45
 5951.5
 5961.52
 5991.52
 6027.07
 6059.3
 6074.77
 6085.55
 6105.95
 6121.8
 6146.4
 6158.92
 6179.12
 6193.02
 6220.02
 6246.4
 6260.52
 6281.27
 6298.95
 6328.72
 6348.02
 6364.82
 6391.57
 6411.87
 6431.62
 6454.67
 6472.92
 6497.95
 6514.72
 6535.15
 6548.02
 6567.07
 6583.87
 6607.3
 6625.97
 6644.3
 6659.9
 6676.62
 6710.87
 6736.42
 6748.72
 6774.35
 6795.5
 6830.47
 6869.77
 6911.47
 6920.52
 6948.22
 6959.57
 6983.82
 6992.6
 7026.97
 7050.22
 7079.35
 7096.15
 7129.6
 7147.02
 7164.22
 7183.85
 7198.05
 7219.62
 7241.22
 7258.65
 7275.8
 7286.47
 7306.92
 7323.45
 7333.6
 7352.35
 7363.2
 7389.72
 7404.27
 7425.1
 7436.32
 7459.75
 7473.67
 7495.05
 7516.37
 7537.62
 7559.2
 7569.97
 7584.52
 7599.22
 7616.3
 7638.97
 7651.22
 7671.97
 7688.15
 7713.67
 7731.62
 7744.15
 7761.15
 7786.47
 7802.45
 7829.52
 7848.32
 7865.05
 7873.52
 7888.65
 7898.27
 7915.45
 7931.22
 7954.75
 7967.65
 7994.57
 8024.9
 8059.95
 8092.6
 8121.3
 8136.87
 8162.5
 8175.42
 8199.3
 8222.07
 8233.7
 8244.45
 8265.95
 8286.85
 8307.1
 8331.45
 8347.8
 8373.27
 8395.32
 8412.55
 8435.45
 8444.87
 8455.15
 8469.1
 8481.27
 8506.02
 8525.82
 8538.97
 8560.3
 8570.75
 8580.27
 8597.07
 8607.6
 8627.65
 8652.05
 8672.42
 8687.12
 8695.62
 8721.1
 8737.55
 8757.35
 8769.6
 8790.6
 8811.0
 8827.55
 8842.62
 8860.02
 8870.5
 8890.35
 8902.97
 8924.92
 8934.22
 8944.72
 8955.65
 8974.77
 8987.6
 8998.15
 9021.45
 9031.55
 9041.92
 9059.62
 9076.17
 9086.07
 9114.6
 9138.95
 9149.57
 9167.92
 9179.82
 9191.87
 9209.55
 9232.27
 9246.52
 9255.85
 9271.45
 9296.15
 9306.32
 9336.4
 9346.05
 9374.5
 9386.17
 9405.67
 9425.82
 9453.25
 9466.0
 9491.5
 9507.52
 9532.4
 9554.45
 9577.6
 9598.77
 9607.37
 9622.7
 9649.85
 9673.68
 9692.78