11.0
 29.6
 52.1
 68.375
 100.8
 119.825
 148.6
 163.9
 191.975
 210.825
 237.775
 258.875
 281.85
 297.4
 317.975
 342.85
 355.925
 372.675
 392.25
 426.275
 440.6
 468.525
 480.875
 518.575
 543.925
 564.675
 591.5
 605.05
 640.9
 651.7
 685.825
 725.1
 743.875
 757.4
 779.85
 806.25
 828.75
 849.9
 865.15
 890.075
 904.7
 930.2
 951.125
 974.725
 990.975
 1023.4
 1063.6
 1074.05
 1110.6
 1150.35
 1193.38
 1207.6
 1226.73
 1246.7
 1268.83
 1288.33
 1310.63
 1325.03
 1339.15
 1372.7
 1391.83
 1413.33
 1423.28
 1450.3
 1493.28
 1537.15
 1573.53
 1588.2
 1609.63
 1638.93
 1653.35
 1682.4
 1697.55
 1712.8
 1729.6
 1783.75
 1808.03
 1823.33
 1851.28
 1864.2
 1884.4
 1902.18
 1939.28
 1985.28
 2002.03
 2032.63
 2058.73
 2077.78
 2102.55
 2124.43
 2155.65
 2201.55
 2211.88
 2243.35
 2253.55
 2289.73
 2300.5
 2314.8
 2326.73
 2338.1
 2351.93
 2374.6
 2387.88
 2409.2
 2429.77
 2459.8
 2479.97
 2523.02
 2566.77
 2577.4
 2613.67
 2647.42
 2689.87
 2726.35
 2746.72
 2764.5
 2786.07
 2806.27
 2822.27
 2838.1
 2864.52
 2883.9
 2911.97
 2932.02
 2956.75
 2975.5
 2996.42
 3041.9
 3078.6
 3118.6
 3136.97
 3161.57
 3172.37
 3197.47
 3220.82
 3244.32
 3262.17
 3278.3
 3298.92
 3316.77
 3334.22
 3355.5
 3385.6
 3399.77
 3433.67
 3479.95
 3489.9
 3522.3
 3557.5
 3594.52
 3604.12
 3631.9
 3644.05
 3671.1
 3686.05
 3722.42
 3748.12
 3771.32
 3796.67
 3811.55
 3838.5
 3874.42
 3888.45
 3915.87
 3932.72
 3958.07
 3969.37
 3993.35
 4029.7
 4054.92
 4067.05
 4093.62
 4103.67
 4132.75
 4145.55
 4165.47
 4181.05
 4200.35
 4220.45
 4240.62
 4250.65
 4270.47
 4289.17
 4319.15
 4341.57
 4361.8
 4383.9
 4408.6
 4418.45
 4432.27
 4456.2
 4495.97
 4515.22
 4543.42
 4585.2
 4602.05
 4625.32
 4672.45
 4704.4
 4740.57
 4765.27
 4786.72
 4803.8
 4825.37
 4847.22
 4866.12
 4887.72
 4906.97
 4927.62
 4940.55
 4974.35
 4984.97
 5006.1
 5016.6
 5027.32
 5041.6
 5056.72
 5074.7
 5092.02
 5109.57
 5119.62
 5139.45
 5155.82
 5189.65
 5199.35
 5212.9
 5234.5
 5271.0
 5283.1
 5310.85
 5329.07
 5355.1
 5375.25
 5386.07
 5403.92
 5420.82
 5445.17
 5485.47
 5499.27
 5523.05
 5534.42
 5560.62
 5588.07
 5598.37
 5615.1
 5633.52
 5667.12
 5679.1
 5698.37
 5722.37
 5738.25
 5756.9
 5778.8
 5796.0
 5815.5
 5844.77
 5884.85
 5907.35
 5931.6
 5944.57
 5963.5
 5975.55
 5992.92
 6015.1
 6028.6
 6059.65
 6075.92
 6106.45
 6146.75
 6155.25
 6179.12
 6191.72
 6220.52
 6229.1
 6246.5
 6260.57
 6281.9
 6299.07
 6319.65
 6347.2
 6358.67
 6373.17
 6401.57
 6412.52
 6438.25
 6455.05
 6472.55
 6498.2
 6515.25
 6525.77
 6535.77
 6566.15
 6589.45
 6607.4
 6622.07
 6644.5
 6659.35
 6676.87
 6694.55
 6711.37
 6737.4
 6748.92
 6776.62
 6795.9
 6815.42
 6830.57
 6853.82
 6874.42
 6894.45
 6911.55
 6921.47
 6931.97
 6948.45
 6959.97
 6970.12
 6984.3
 7008.8
 7032.02
 7051.5
 7079.45
 7097.62
 7129.9
 7147.3
 7165.22
 7184.2
 7219.67
 7258.65
 7276.37
 7286.8
 7307.3
 7318.72
 7333.65
 7353.6
 7363.55
 7400.4
 7425.45
 7435.87
 7460.15
 7474.12
 7495.52
 7517.85
 7536.3
 7557.67
 7584.65
 7599.37
 7616.85
 7638.62
 7651.95
 7672.12
 7692.47
 7713.8
 7731.0
 7761.62
 7774.47
 7796.37
 7816.67
 7830.25
 7848.47
 7866.15
 7897.82
 7915.72
 7935.2
 7954.9
 7968.67
 7980.77
 7996.0
 8025.07
 8033.47
 8060.22
 8068.0
 8092.6
 8134.75
 8164.97
 8199.82
 8211.47
 8224.45
 8235.95
 8247.05
 8267.72
 8284.07
 8307.55
 8331.65
 8357.65
 8373.37
 8396.1
 8415.85
 8435.12
 8445.35
 8469.25
 8480.95
 8506.27
 8525.87
 8539.77
 8558.1
 8579.12
 8595.4
 8613.82
 8628.25
 8639.45
 8657.15
 8672.65
 8684.95
 8695.72
 8721.1
 8737.82
 8757.7
 8770.42
 8793.05
 8807.57
 8827.55
 8842.9
 8860.87
 8883.05
 8903.17
 8923.7
 8934.47
 8955.72
 8976.02
 8996.62
 9031.5
 9041.15
 9075.55
 9086.27
 9095.87
 9114.87
 9124.5
 9149.52
 9169.25
 9180.32
 9192.1
 9200.65
 9213.6
 9232.47
 9247.25
 9256.42
 9272.1
 9286.8
 9306.5
 9328.4
 9345.95
 9373.22
 9386.35
 9405.9
 9427.25
 9443.75
 9453.92
 9466.55
 9493.27
 9508.0
 9532.75
 9554.8
 9563.92
 9580.8
 9599.37
 9623.1
 9641.15
 9653.9
 9674.08
 9682.33
 9698.78