11.0
 53.425
 100.7
 111.85
 148.725
 178.95
 193.8
 232.2
 274.475
 313.225
 330.725
 357.9
 406.9
 440.35
 453.125
 485.525
 518.575
 564.775
 601.65
 641.15
 686.1
 728.675
 763.3
 805.8
 837.25
 848.375
 875.075
 924.125
 951.6
 990.875
 1003.48
 1030.68
 1054.15
 1078.05
 1118.68
 1134.23
 1157.08
 1177.8
 1207.2
 1247.58
 1258.48
 1287.95
 1307.75
 1324.53
 1358.48
 1376.8
 1400.0
 1422.05
 1449.6
 1471.75
 1484.9
 1514.18
 1563.98
 1596.25
 1612.4
 1646.58
 1656.93
 1687.08
 1729.55
 1770.85
 1783.95
 1806.73
 1823.58
 1844.18
 1861.75
 1880.98
 1910.05
 1924.55
 1952.2
 1965.58
 1994.1
 2010.88
 2038.13
 2058.05
 2078.73
 2103.8
 2119.95
 2137.58
 2162.1
 2177.48
 2219.5
 2261.08
 2299.1
 2337.93
 2376.78
 2419.55
 2430.6
 2459.42
 2482.0
 2503.8
 2520.15
 2546.57
 2567.72
 2585.97
 2604.6
 2626.72
 2647.57
 2668.92
 2691.72
 2738.85
 2767.77
 2781.95
 2809.32
 2853.8
 2883.87
 2907.92
 2931.47
 2950.4
 2969.25
 2984.45
 2998.6
 3028.77
 3053.65
 3088.95
 3110.75
 3134.65
 3175.8
 3191.0
 3211.22
 3225.25
 3253.2
 3274.32
 3297.25
 3309.15
 3333.9
 3348.02
 3366.25
 3376.87
 3404.32
 3421.52
 3444.6
 3462.67
 3486.52
 3498.47
 3519.22
 3545.4
 3557.82
 3583.37
 3599.25
 3627.17
 3637.92
 3659.85
 3674.75
 3699.52
 3709.77
 3739.35
 3749.95
 3783.72
 3821.87
 3852.07
 3888.3
 3899.6
 3930.47
 3940.22
 3970.95
 3986.92
 4008.4
 4029.92
 4047.1
 4066.02
 4091.42
 4104.72
 4124.62
 4160.47
 4177.45
 4203.4
 4220.42
 4239.22
 4250.27
 4277.67
 4298.2
 4314.72
 4341.37
 4356.57
 4380.82
 4428.97
 4456.95
 4500.57
 4527.32
 4543.22
 4572.92
 4619.12
 4648.2
 4691.5
 4725.15
 4757.7
 4770.8
 4799.7
 4838.85
 4848.15
 4877.57
 4906.65
 4944.0
 4954.17
 4980.95
 4998.45
 5025.12
 5040.25
 5056.9
 5085.85
 5106.32
 5115.32
 5141.9
 5157.9
 5180.02
 5191.17
 5212.62
 5234.07
 5253.97
 5277.55
 5298.27
 5309.25
 5335.92
 5349.45
 5375.6
 5393.22
 5405.52
 5423.8
 5450.82
 5470.4
 5481.05
 5511.02
 5524.1
 5545.35
 5561.75
 5588.1
 5598.17
 5632.02
 5667.37
 5705.65
 5714.75
 5739.52
 5759.92
 5782.15
 5813.97
 5851.7
 5862.8
 5883.97
 5893.75
 5925.82
 5944.85
 5964.2
 5981.75
 6004.37
 6015.47
 6039.3
 6048.92
 6072.05
 6084.3
 6115.1
 6156.27
 6181.5
 6195.75
 6223.47
 6239.75
 6253.6
 6276.27
 6296.6
 6310.1
 6337.85
 6355.62
 6372.62
 6384.1
 6407.65
 6424.9
 6444.0
 6459.67
 6472.85
 6502.8
 6524.82
 6533.8
 6561.62
 6594.07
 6611.6
 6632.72
 6642.1
 6679.7
 6711.25
 6732.47
 6755.2
 6792.52
 6815.55
 6830.6
 6843.37
 6872.4
 6886.75
 6912.25
 6929.4
 6942.8
 6962.45
 6979.67
 7004.5
 7024.77
 7051.2
 7079.87
 7100.25
 7115.47
 7130.5
 7167.92
 7199.8
 7216.32
 7236.27
 7252.75
 7270.77
 7285.67
 7315.42
 7328.1
 7342.77
 7357.45
 7378.37
 7400.75
 7414.65
 7439.5
 7454.62
 7481.37
 7495.17
 7510.35
 7543.15
 7579.92
 7620.27
 7650.6
 7672.97
 7688.0
 7701.07
 7728.62
 7742.15
 7763.97
 7805.25
 7832.7
 7854.15
 7873.47
 7882.87
 7920.62
 7954.72
 7996.77
 8023.15
 8046.0
 8063.2
 8074.9
 8095.07
 8122.37
 8141.32
 8155.77
 8177.1
 8193.32
 8220.1
 8235.95
 8264.47
 8273.47
 8299.65
 8335.05
 8376.47
 8409.87
 8446.05
 8454.37
 8484.55
 8500.42
 8524.6
 8559.52
 8597.32
 8629.55
 8668.9
 8677.02
 8719.32
 8750.97
 8781.02
 8790.9
 8818.15
 8829.85
 8858.42
 8866.62
 8883.27
 8892.62
 8923.55
 8964.37
 8998.12
 9009.1
 9029.1
 9051.22
 9074.3
 9083.45
 9112.75
 9144.0
 9177.05
 9189.0
 9221.15
 9254.8
 9288.72
 9320.65
 9366.35
 9395.0
 9405.47
 9428.5
 9443.25
 9470.05
 9484.55
 9509.37
 9538.4
 9551.6
 9572.85
 9583.0
 9606.4
 9629.9
 9651.38
 9670.55
 9689.13