11.0
 29.4
 49.425
 85.875
 119.625
 131.0
 141.4
 163.375
 177.0
 202.625
 219.0
 231.25
 258.65
 295.35
 307.85
 320.4
 339.15
 371.85
 382.825
 425.825
 468.325
 485.8
 506.575
 518.9
 544.65
 562.125
 587.575
 618.025
 641.425
 661.1
 673.15
 697.275
 729.325
 742.9
 779.525
 816.575
 828.875
 853.925
 864.175
 896.975
 913.625
 927.4
 942.175
 951.975
 970.4
 989.25
 1012.88
 1032.58
 1052.35
 1067.05
 1084.45
 1099.55
 1131.53
 1152.23
 1173.48
 1187.78
 1206.33
 1236.1
 1268.35
 1279.88
 1310.48
 1324.45
 1349.93
 1365.45
 1390.88
 1402.0
 1423.7
 1450.78
 1483.9
 1504.43
 1522.4
 1540.5
 1569.43
 1586.58
 1605.38
 1619.08
 1644.4
 1661.5
 1683.0
 1712.33
 1726.08
 1762.98
 1785.38
 1806.58
 1824.2
 1841.6
 1850.75
 1883.98
 1905.13
 1925.53
 1942.13
 1959.43
 1977.88
 2001.33
 2019.15
 2036.63
 2057.9
 2095.9
 2124.45
 2141.15
 2155.25
 2176.58
 2194.1
 2219.33
 2235.13
 2264.0
 2282.33
 2302.6
 2315.95
 2330.85
 2350.8
 2365.58
 2388.65
 2403.93
 2446.02
 2462.0
 2483.67
 2501.75
 2521.07
 2544.3
 2560.92
 2579.57
 2604.17
 2626.95
 2647.95
 2691.72
 2713.55
 2727.77
 2745.7
 2765.4
 2787.32
 2797.72
 2828.07
 2837.8
 2864.85
 2883.85
 2908.55
 2920.15
 2939.92
 2957.15
 2981.45
 2995.87
 3028.62
 3046.02
 3060.12
 3080.02
 3096.2
 3112.02
 3134.47
 3160.92
 3176.6
 3196.47
 3216.25
 3236.4
 3253.47
 3277.45
 3302.07
 3316.15
 3350.22
 3377.02
 3386.15
 3401.22
 3413.72
 3433.25
 3455.17
 3471.65
 3506.57
 3524.3
 3554.15
 3585.02
 3598.5
 3630.02
 3648.3
 3670.35
 3682.62
 3704.3
 3722.52
 3747.42
 3759.37
 3772.77
 3790.62
 3812.52
 3831.2
 3843.9
 3870.17
 3889.12
 3913.65
 3932.05
 3952.17
 3970.27
 3991.37
 4015.15
 4029.22
 4044.9
 4068.47
 4092.87
 4104.57
 4132.15
 4149.02
 4165.25
 4180.17
 4198.5
 4216.35
 4231.55
 4240.3
 4270.25
 4288.3
 4303.95
 4319.75
 4340.92
 4361.0
 4377.92
 4396.15
 4407.95
 4426.05
 4451.4
 4469.87
 4485.47
 4495.9
 4513.95
 4528.05
 4545.12
 4577.77
 4601.65
 4621.85
 4657.45
 4666.15
 4703.27
 4739.05
 4756.95
 4776.65
 4786.45
 4818.12
 4847.87
 4858.45
 4867.67
 4888.9
 4900.07
 4935.8
 4966.67
 4985.3
 5004.95
 5018.72
 5040.57
 5065.97
 5082.7
 5102.12
 5126.72
 5139.27
 5157.07
 5172.2
 5198.92
 5212.95
 5223.77
 5237.22
 5253.05
 5275.35
 5304.22
 5315.02
 5328.52
 5344.47
 5359.02
 5375.05
 5386.52
 5404.57
 5426.42
 5464.45
 5486.22
 5499.42
 5513.42
 5539.62
 5560.02
 5588.65
 5610.82
 5626.97
 5639.07
 5656.17
 5664.9
 5680.65
 5702.35
 5720.7
 5737.1
 5758.9
 5770.5
 5794.22
 5806.1
 5830.27
 5843.67
 5866.47
 5906.17
 5946.8
 5961.4
 5988.72
 6027.32
 6036.15
 6074.52
 6107.0
 6122.77
 6147.35
 6189.7
 6230.2
 6246.12
 6272.15
 6283.57
 6311.65
 6330.3
 6347.27
 6360.47
 6391.72
 6418.02
 6427.37
 6456.12
 6472.85
 6506.75
 6515.35
 6539.2
 6548.87
 6580.42
 6626.77
 6659.72
 6668.17
 6694.1
 6711.12
 6725.87
 6737.52
 6749.62
 6766.9
 6795.2
 6810.82
 6831.17
 6845.55
 6870.47
 6891.37
 6910.85
 6923.57
 6947.45
 6983.37
 6996.17
 7025.87
 7050.52
 7066.22
 7096.25
 7112.87
 7129.95
 7143.87
 7160.45
 7186.92
 7195.37
 7219.9
 7235.7
 7273.07
 7289.8
 7305.85
 7352.17
 7381.05
 7390.2
 7420.65
 7444.27
 7453.25
 7479.47
 7493.47
 7516.95
 7535.05
 7558.95
 7578.32
 7607.02
 7616.45
 7644.37
 7651.75
 7687.92
 7731.3
 7745.55
 7761.05
 7787.35
 7806.52
 7829.6
 7842.67
 7854.32
 7865.95
 7878.45
 7889.85
 7931.72
 7941.05
 7956.22
 7967.37
 7994.92
 8011.82
 8026.1
 8050.35
 8060.25
 8091.85
 8120.95
 8137.22
 8154.07
 8164.92
 8199.8
 8211.05
 8232.17
 8249.07
 8267.35
 8285.4
 8303.17
 8319.05
 8333.6
 8345.35
 8358.05
 8372.97
 8395.2
 8414.55
 8435.37
 8455.02
 8468.92
 8478.9
 8505.62
 8523.12
 8538.8
 8563.9
 8578.77
 8597.27
 8614.1
 8636.27
 8656.52
 8676.3
 8703.85
 8716.9
 8757.12
 8788.6
 8827.0
 8859.92
 8868.47
 8902.7
 8924.42
 8944.65
 8974.65
 8998.45
 9013.75
 9041.7
 9053.17
 9060.27
 9086.47
 9118.62
 9128.97
 9162.22
 9180.37
 9207.65
 9240.65
 9257.25
 9271.97
 9284.15
 9295.42
 9307.45
 9323.02
 9345.65
 9361.65
 9375.95
 9399.77
 9415.82
 9425.9
 9447.62
 9465.65
 9489.45
 9507.27
 9527.05
 9554.32
 9578.15
 9598.75
 9614.1
 9640.7
 9671.93
 9693.5